-92.632291
30.317085
0 -92.632161
30.314289
0 -92.63076
30.315366
0 -92.62825
30.315915
0 -92.627882
30.31321
0 -92.625545
30.312635
0 -92.625493
30.310847
0 -92.62131
30.307985
0 -92.625481
30.30828
0 -92.624453
30.306585
0 -92.62271
30.307113
0 -92.622683
30.306173
0 -92.624504
30.304614
0 -92.624187
30.303399
0 -92.626039
30.302802
0 -92.625139
30.301335
0 -92.627573
30.299938
0 -92.625431
30.298194
0 -92.627257
30.297783
0 -92.628182
30.296706
0 -92.626202
30.295628
0 -92.625702
30.292097
0 -92.623705
30.292992
0 -92.623492
30.291251
0 -92.627077
30.290448
0 -92.624751
30.287766
0 -92.625838
30.286229
0 -92.627766
30.285749
0 -92.628084
30.284947
0 -92.624803
30.28435
0 -92.626448
30.282952
0 -92.623856
30.281486
0 -92.623803
30.280683
0 -92.625477
30.278712
0 -92.622481
30.278851
0 -92.623959
30.277383
0 -92.622506
30.276353
0 -92.62298
30.274427
0 -92.625872
30.274174
0 -92.625493
30.270941
0 -92.624798
30.270369
0 -92.624006
30.267275
0 -92.625719
30.265326
0 -92.627726
30.264845
0 -92.626645
30.263263
0 -92.624399
30.262828
0 -92.624663
30.260146
0 -92.624026
30.258129
0 -92.626093
30.257945
0 -92.627862
30.25861
0 -92.62686
30.255997
0 -92.62591
30.255309
0 -92.626703
30.253819
0 -92.623047
30.253797
0 -92.622069
30.252812
0 -92.621883
30.250818
0 -92.624363
30.249753
0 -92.622593
30.24758
0 -92.625527
30.247168
0 -92.62587
30.24526
0 -92.623751
30.242658
0 -92.622484
30.241758
0 -92.622532
30.241091
0 -92.622483
30.239442
0 -92.625502
30.239647
0 -92.624145
30.237608
0 -92.625139
30.232943
0 -92.623244
30.231717
0 -92.62574
30.231877
0 -92.626648
30.230387
0 -92.624166
30.229425
0 -92.621977
30.23181
0 -92.621053
30.231604
0 -92.621184
30.229953
0 -92.622952
30.228944
0 -92.622898
30.227637
0 -92.614872
30.224271
0 -92.614713
30.22246
0 -92.612969
30.218358
0 -92.613866
30.217487
0 -92.615766
30.217509
0 -92.614736
30.215034
0 -92.611754
30.215997
0 -92.611437
30.215356
0 -92.61228
30.213247
0 -92.60995
30.212528
0 -92.608562
30.211454
0 -92.606459
30.210649
0 -92.606668
30.208747
0 -92.604406
30.208014
0 -92.603591
30.206944
0 -92.60191
30.206586
0 -92.6009
30.205636
0 -92.600079
30.206517
0 -92.596723
30.206398
0 -92.596582
30.207873
0 -92.594599
30.20719
0 -92.593293
30.207423
0 -92.592285
30.206118
0 -92.593128
30.204825
0 -92.591061
30.205424
0 -92.589582
30.205261
0 -92.585492
30.203394
0 -92.58351
30.201619
0 -92.583209
30.200428
0 -92.585187
30.200092
0 -92.587889
30.202316
0 -92.589658
30.202688
0 -92.591055
30.201623
0 -92.59054
30.198828
0 -92.59454
30.197101
0 -92.595217
30.195162
0 -92.594163
30.193085
0 -92.590644
30.192394
0 -92.590655
30.190054
0 -92.591814
30.188242
0 -92.592395
30.186068
0 -92.591129
30.182365
0 -92.592535
30.179866
0 -92.594382
30.17904
0 -92.595722
30.179073
0 -92.602076
30.180116
0 -92.603876
30.179507
0 -92.603686
30.177989
0 -92.604037
30.176556
0 -92.60806
30.175212
0 -92.609875
30.176063
0 -92.61119
30.175878
0 -92.61327
30.174698
0 -92.614981
30.174645
0 -92.617104
30.176369
0 -92.618308
30.17611
0 -92.618706
30.174766
0 -92.617506
30.173282
0 -92.616014
30.172538
0 -92.611704
30.171461
0 -92.611204
30.170401
0 -92.611597
30.168565
0 -92.613484
30.168392
0 -92.615201
30.167468
0 -92.614892
30.165594
0 -92.610234
30.164095
0 -92.608369
30.161389
0 -92.607727
30.159425
0 -92.609649
30.157147
0 -92.612377
30.15581
0 -92.613234
30.152492
0 -92.614373
30.149854
0 -92.616354
30.148222
0 -92.619085
30.147683
0 -92.621773
30.147967
0 -92.622849
30.146256
0 -92.622379
30.143511
0 -92.625139
30.142901
0 -92.626467
30.141366
0 -92.627043
30.138898
0 -92.628578
30.134815
0 -92.62864
30.133743
0 -92.627219
30.132032
0 -92.624129
30.133223
0 -92.622058
30.133234
0 -92.621664
30.132747
0 -92.622408
30.128437
0 -92.62514
30.126876
0 -92.628004
30.127057
0 -92.628449
30.126243
0 -92.628004
30.123909
0 -92.626431
30.122853
0 -92.624382
30.12269
0 -92.622944
30.121944
0 -92.622427
30.1203
0 -92.623518
30.119275
0 -92.62514
30.118997
0 -92.62595
30.117771
0 -92.624647
30.116098
0 -92.624828
30.112086
0 -92.623885
30.109984
0 -92.621131
30.109889
0 -92.619974
30.108914
0 -92.620845
30.106701
0 -92.618338
30.10415
0 -92.618556
30.102782
0 -92.620413
30.101268
0 -92.620755
30.099185
0 -92.618932
30.097216
0 -92.618453
30.094468
0 -92.619018
30.093896
0 -92.622305
30.093619
0 -92.625484
30.09233
0 -92.624476
30.089711
0 -92.622948
30.090056
0 -92.61939
30.092899
0 -92.61865
30.088865
0 -92.615328
30.088821
0 -92.613617
30.092306
0 -92.611481
30.09116
0 -92.610032
30.091367
0 -92.610877
30.094484
0 -92.606158
30.095059
0 -92.604815
30.098338
0 -92.603813
30.097306
0 -92.601467
30.097467
0 -92.600493
30.099095
0 -92.599491
30.09882
0 -92.599016
30.09717
0 -92.59725
30.097537
0 -92.595985
30.099463
0 -92.59493
30.098088
0 -92.594509
30.099509
0 -92.59319
30.099808
0 -92.593585
30.098043
0 -92.591265
30.099395
0 -92.591318
30.098387
0 -92.589288
30.098914
0 -92.589525
30.097677
0 -92.587311
30.096118
0 -92.586336
30.09754
0 -92.581775
30.097426
0 -92.580589
30.099443
0 -92.57877
30.099489
0 -92.578876
30.101506
0 -92.577136
30.102217
0 -92.575713
30.100888
0 -92.573578
30.103019
0 -92.570994
30.102377
0 -92.567752
30.104669
0 -92.569545
30.105495
0 -92.569861
30.107993
0 -92.568332
30.109529
0 -92.568121
30.111111
0 -92.566301
30.109667
0 -92.565062
30.110331
0 -92.565405
30.111707
0 -92.563981
30.11244
0 -92.562215
30.110881
0 -92.559684
30.1115
0 -92.560026
30.112899
0 -92.558998
30.112784
0 -92.558207
30.115305
0 -92.557126
30.115993
0 -92.555913
30.114503
0 -92.55391
30.115603
0 -92.552776
30.113563
0 -92.554121
30.111821
0 -92.553884
30.111019
0 -92.549428
30.109987
0 -92.547926
30.108909
0 -92.545553
30.110261
0 -92.544156
30.108748
0 -92.542126
30.108542
0 -92.543392
30.106983
0 -92.53912
30.10524
0 -92.538356
30.105423
0 -92.53883
30.107189
0 -92.536193
30.108334
0 -92.534638
30.107852
0 -92.534375
30.105766
0 -92.535008
30.103841
0 -92.532793
30.10572
0 -92.53137
30.10384
0 -92.52992
30.104161
0 -92.530764
30.105376
0 -92.529366
30.106636
0 -92.529419
30.104848
0 -92.527179
30.10455
0 -92.527812
30.102877
0 -92.528787
30.10345
0 -92.531529
30.101456
0 -92.529684
30.100447
0 -92.529316
30.09804
0 -92.528025
30.098155
0 -92.525258
30.094647
0 -92.522463
30.096296
0 -92.520487
30.095493
0 -92.521805
30.094393
0 -92.520804
30.093178
0 -92.519459
30.093659
0 -92.519276
30.092032
0 -92.521148
30.091001
0 -92.521122
30.09013
0 -92.51925
30.090037
0 -92.519356
30.088914
0 -92.52186
30.088571
0 -92.520859
30.087127
0 -92.51883
30.087401
0 -92.518144
30.088249
0 -92.516563
30.087675
0 -92.515851
30.088752
0 -92.514296
30.088156
0 -92.51485
30.086414
0 -92.516326
30.086415
0 -92.516854
30.085452
0 -92.513691
30.084809
0 -92.512821
30.085473
0 -92.511186
30.084671
0 -92.511899
30.08341
0 -92.511188
30.082401
0 -92.507392
30.082445
0 -92.506462
30.081424
0 -92.506192
30.081222
0 -92.508185
30.07848
0 -92.507105
30.07754
0 -92.505971
30.079282
0 -92.504759
30.078823
0 -92.501306
30.078981
0 -92.499094
30.077653
0 -92.499567
30.076094
0 -92.495482
30.074812
0 -92.494613
30.07605
0 -92.493585
30.07534
0 -92.491977
30.075799
0 -92.491212
30.073966
0 -92.488338
30.072015
0 -92.486581
30.069897
0 -92.48378
30.067823
0 -92.484671
30.064787
0 -92.481285
30.063784
0 -92.478245
30.066473
0 -92.475601
30.065043
0 -92.472623
30.06477
0 -92.469755
30.06203
0 -92.464621
30.060624
0 -92.456748
30.059825
0 -92.454311
30.058602
0 -92.452423
30.056977
0 -92.44675
30.056273
0 -92.444413
30.054952
0 -92.442377
30.055286
0 -92.440766
30.054875
0 -92.439785
30.052219
0 -92.43896
30.051986
0 -92.435876
30.0534
0 -92.433823
30.053237
0 -92.430396
30.051895
0 -92.426039
30.049369
0 -92.424669
30.049126
0 -92.421768
30.049779
0 -92.417343
30.052506
0 -92.413758
30.052432
0 -92.411929
30.053186
0 -92.408349
30.053721
0 -92.407155
30.053988
0 -92.402904
30.056672
0 -92.399133
30.060592
0 -92.397764
30.06088
0 -92.395242
30.059892
0 -92.393486
30.0605
0 -92.390065
30.060262
0 -92.387737
30.060981
0 -92.382936
30.063316
0 -92.378113
30.066231
0 -92.37615
30.066566
0 -92.373628
30.068423
0 -92.371902
30.070685
0 -92.367941
30.071927
0 -92.366503
30.072781
0 -92.365352
30.07597
0 -92.361497
30.078546
0 -92.358319
30.081238
0 -92.35546
30.0814
0 -92.352815
30.08413
0 -92.349163
30.085644
0 -92.345814
30.086394
0 -92.34554
30.09009
0 -92.345851
30.093342
0 -92.344723
30.095613
0 -92.341679
30.096259
0 -92.339402
30.099174
0 -92.337585
30.100712
0 -92.33551
30.101405
0 -92.332364
30.101525
0 -92.33134
30.102282
0 -92.331511
30.104342
0 -92.330634
30.106132
0 -92.332229
30.107975
0 -92.329659
30.109089
0 -92.329159
30.110785
0 -92.326997
30.113605
0 -92.325812
30.114431
0 -92.323255
30.114684
0 -92.325048
30.116265
0 -92.322939
30.117274
0 -92.322753
30.118923
0 -92.32452
30.119863
0 -92.323228
30.121788
0 -92.324098
30.123462
0 -92.321435
30.123347
0 -92.320697
30.124585
0 -92.319247
30.12266
0 -92.317401
30.12337
0 -92.317587
30.125515
0 -92.316267
30.124816
0 -92.315557
30.125538
0 -92.314025
30.123714
0 -92.313186
30.125343
0 -92.310626
30.126266
0 -92.30849
30.128398
0 -92.306723
30.129086
0 -92.303955
30.128994
0 -92.300184
30.130598
0 -92.301054
30.1314
0 -92.299656
30.133005
0 -92.296888
30.133537
0 -92.298842
30.134038
0 -92.297912
30.136638
0 -92.295516
30.136465
0 -92.294697
30.14105
0 -92.292772
30.141531
0 -92.291453
30.143662
0 -92.29198
30.145129
0 -92.293218
30.145337
0 -92.293647
30.146806
0 -92.292479
30.147111
0 -92.291611
30.145771
0 -92.289923
30.145679
0 -92.288947
30.146642
0 -92.290374
30.148752
0 -92.288856
30.149422
0 -92.28713
30.14724
0 -92.287593
30.144538
0 -92.285343
30.145494
0 -92.284675
30.147443
0 -92.280823
30.147878
0 -92.280244
30.145723
0 -92.278978
30.145218
0 -92.277289
30.146983
0 -92.275312
30.146134
0 -92.274072
30.147119
0 -92.276601
30.149008
0 -92.274862
30.149756
0 -92.273516
30.152001
0 -92.271537
30.15349
0 -92.270218
30.155185
0 -92.269231
30.154542
0 -92.268551
30.155644
0 -92.266599
30.155338
0 -92.267316
30.157179
0 -92.2651
30.158989
0 -92.264334
30.160364
0 -92.262698
30.161417
0 -92.261668
30.163801
0 -92.260692
30.164305
0 -92.259345
30.167192
0 -92.255151
30.167718
0 -92.254201
30.168955
0 -92.25098
30.170673
0 -92.251385
30.172146
0 -92.252886
30.172796
0 -92.251829
30.174015
0 -92.251953
30.175601
0 -92.250591
30.177411
0 -92.24875
30.177413
0 -92.248118
30.178651
0 -92.248884
30.180118
0 -92.247803
30.181631
0 -92.247804
30.182892
0 -92.246328
30.185459
0 -92.247781
30.18837
0 -92.24918
30.189699
0 -92.2486
30.191647
0 -92.247467
30.192817
0 -92.247204
30.194467
0 -92.249502
30.198386
0 -92.248975
30.200013
0 -92.247577
30.200862
0 -92.247762
30.201802
0 -92.25049
30.203198
0 -92.25049
30.203954
0 -92.248292
30.205446
0 -92.24737
30.20728
0 -92.2479
30.211039
0 -92.245789
30.211772
0 -92.24157
30.214652
0 -92.239484
30.216153
0 -92.238192
30.218147
0 -92.233996
30.219685
0 -92.232835
30.219249
0 -92.23075
30.220144
0 -92.227979
30.219893
0 -92.225657
30.221039
0 -92.22212
30.221292
0 -92.218768
30.220651
0 -92.216234
30.221936
0 -92.214572
30.222211
0 -92.212435
30.224733
0 -92.209894
30.226357
0 -92.210094
30.235438
0 -92.210202
30.241344
0 -92.207676
30.241316
0 -92.206572
30.241323
0 -92.19515
30.241374
0 -92.190346
30.241367
0 -92.188682
30.241335
0 -92.186957
30.241304
0 -92.184796
30.241257
0 -92.18429
30.241263
0 -92.177961
30.241076
0 -92.176097
30.241076
0 -92.17616
30.247344
0 -92.176164
30.247866
0 -92.17624
30.262776
0 -92.176279
30.269923
0 -92.159137
30.269839
0 -92.159509
30.284542
0 -92.142014
30.284523
0 -92.142066
30.291786
0 -92.142184
30.298817
0 -92.141789
30.309839
0 -92.141509
30.320764
0 -92.15846
30.320791
0 -92.158554
30.342445
0 -92.158606
30.349736
0 -92.175775
30.349572
0 -92.175947
30.371472
0 -92.175817
30.378678
0 -92.176124
30.385983
0 -92.175981
30.386154
0 -92.176059
30.400471
0 -92.176468
30.420994
0 -92.1765
30.422691
0 -92.176444
30.436852
0 -92.180976
30.436633
0 -92.216473
30.436857
0 -92.217674
30.436813
0 -92.218471
30.436781
0 -92.24425
30.436678
0 -92.244795
30.480193
0 -92.264419
30.480194
0 -92.357015
30.480087
0 -92.389177
30.480004
0 -92.39765
30.480039
0 -92.401933
30.480038
0 -92.412875
30.480068
0 -92.413567
30.480061
0 -92.414759
30.480043
0 -92.415804
30.479972
0 -92.42009
30.480008
0 -92.423667
30.480021
0 -92.427483
30.480047
0 -92.431544
30.480074
0 -92.431753
30.480198
0 -92.436112
30.48026
0 -92.485908
30.480384
0 -92.48632
30.480601
0 -92.493259
30.480499
0 -92.564294
30.480536
0 -92.587304
30.480581
0 -92.591137
30.480647
0 -92.592066
30.480663
0 -92.600277
30.480807
0 -92.600715
30.480815
0 -92.600845
30.480824
0 -92.605775
30.480902
0 -92.606297
30.480912
0 -92.615842
30.481084
0 -92.620642
30.481097
0 -92.629063
30.480614
0 -92.631987
30.481147
0 -92.631744
30.478297
0 -92.629734
30.477333
0 -92.631058
30.47589
0 -92.630662
30.47495
0 -92.628201
30.474582
0 -92.626721
30.473229
0 -92.627886
30.472496
0 -92.628549
30.470892
0 -92.627014
30.470799
0 -92.626222
30.468759
0 -92.626013
30.466031
0 -92.625135
30.465447
0 -92.621374
30.464613
0 -92.622801
30.461793
0 -92.62439
30.461976
0 -92.622298
30.458974
0 -92.620685
30.4587
0 -92.622933
30.45769
0 -92.623144
30.456613
0 -92.620948
30.456591
0 -92.619943
30.455468
0 -92.619942
30.45407
0 -92.61846
30.453796
0 -92.617692
30.452375
0 -92.616555
30.452627
0 -92.615416
30.449281
0 -92.612533
30.450681
0 -92.612505
30.449076
0 -92.610811
30.446739
0 -92.609594
30.446602
0 -92.609541
30.444905
0 -92.608403
30.444172
0 -92.608983
30.441284
0 -92.605808
30.439612
0 -92.602713
30.439131
0 -92.600597
30.437483
0 -92.60295
30.436588
0 -92.60377
30.435556
0 -92.603267
30.434388
0 -92.600251
30.432486
0 -92.601943
30.431844
0 -92.600832
30.43095
0 -92.599482
30.431248
0 -92.599693
30.428842
0 -92.598106
30.429598
0 -92.597524
30.428865
0 -92.597893
30.425771
0 -92.597311
30.425129
0 -92.597496
30.422768
0 -92.595432
30.421714
0 -92.594586
30.420339
0 -92.595961
30.419399
0 -92.598473
30.420453
0 -92.60088
30.41887
0 -92.601118
30.417931
0 -92.59953
30.41667
0 -92.599873
30.416006
0 -92.60273
30.41589
0 -92.601328
30.414332
0 -92.603337
30.41126
0 -92.604897
30.411878
0 -92.604156
30.410113
0 -92.604816
30.408234
0 -92.606059
30.408715
0 -92.605398
30.407202
0 -92.601934
30.406836
0 -92.602489
30.406103
0 -92.605133
30.405437
0 -92.603968
30.403879
0 -92.604391
30.402664
0 -92.60328
30.401472
0 -92.60406
30.400042
0 -92.601957
30.399295
0 -92.602961
30.398584
0 -92.605658
30.398308
0 -92.605842
30.396177
0 -92.605234
30.395214
0 -92.606238
30.394136
0 -92.603488
30.393243
0 -92.604306
30.39008
0 -92.605284
30.389254
0 -92.606659
30.390056
0 -92.607182
30.38667
0 -92.608402
30.385884
0 -92.611073
30.386135
0 -92.612343
30.388243
0 -92.614062
30.388839
0 -92.614934
30.388403
0 -92.616095
30.385126
0 -92.61792
30.386339
0 -92.618448
30.384827
0 -92.620828
30.386155
0 -92.62162
30.384573
0 -92.620773
30.382831
0 -92.626016
30.382485
0 -92.628265
30.379527
0 -92.629695
30.378926
0 -92.629487
30.377454
0 -92.628273
30.376669
0 -92.629993
30.376023
0 -92.629414
30.374803
0 -92.630975
30.374585
0 -92.629236
30.372419
0 -92.629925
30.371362
0 -92.626918
30.368182
0 -92.625617
30.369025
0 -92.624777
30.366242
0 -92.626399
30.366145
0 -92.626878
30.364191
0 -92.628068
30.363683
0 -92.628998
30.361889
0 -92.628104
30.359404
0 -92.626466
30.36004
0 -92.627158
30.357808
0 -92.626387
30.356197
0 -92.624172
30.356168
0 -92.624322
30.353965
0 -92.625868
30.353633
0 -92.628045
30.350613
0 -92.626168
30.34853
0 -92.627808
30.347064
0 -92.625958
30.347247
0 -92.626857
30.346101
0 -92.624703
30.344244
0 -92.625749
30.343166
0 -92.622018
30.342847
0 -92.622572
30.341495
0 -92.620748
30.341404
0 -92.619505
30.340052
0 -92.620985
30.338928
0 -92.620296
30.336522
0 -92.618526
30.33611
0 -92.618604
30.334161
0 -92.621352
30.33455
0 -92.62077
30.333129
0 -92.61892
30.332534
0 -92.619157
30.330541
0 -92.620372
30.330242
0 -92.620477
30.3285
0 -92.62267
30.329943
0 -92.62296
30.327995
0 -92.625527
30.327649
0 -92.626104
30.325426
0 -92.625894
30.323569
0 -92.627083
30.322447
0 -92.624278
30.322378
0 -92.623882
30.323593
0 -92.622614
30.323181
0 -92.622797
30.321508
0 -92.624302
30.319352
0 -92.626662
30.319925
0 -92.628432
30.321118
0 -92.629226
30.318001
0 -92.632291
30.317085
0 