-116.513473
43.415549
0 -116.513683
43.372002
0 -116.512334
43.371764
0 -116.511722
43.290253
0 -116.50855
43.286911
0 -116.506806
43.2865
0 -116.501838
43.283488
0 -116.501505
43.282168
0 -116.499856
43.281985
0 -116.497596
43.28253
0 -116.494304
43.285505
0 -116.491323
43.28733
0 -116.489679
43.287875
0 -116.480736
43.28986
0 -116.477528
43.290056
0 -116.472477
43.291353
0 -116.468277
43.291354
0 -116.465447
43.290769
0 -116.462031
43.290682
0 -116.456838
43.291342
0 -116.455547
43.291774
0 -116.450587
43.291983
0 -116.447366
43.292677
0 -116.442476
43.294674
0 -116.440564
43.296056
0 -116.433111
43.296436
0 -116.429283
43.294591
0 -116.42796
43.294701
0 -116.423427
43.292807
0 -116.42187
43.290854
0 -116.417075
43.288427
0 -116.414529
43.28578
0 -116.412331
43.285025
0 -116.409962
43.28428
0 -116.406199
43.280647
0 -116.405819
43.279277
0 -116.406606
43.278312
0 -116.406171
43.276845
0 -116.40313
43.27422
0 -116.402494
43.271028
0 -116.402716
43.268073
0 -116.402352
43.265623
0 -116.40342
43.263418
0 -116.402809
43.261999
0 -116.40011
43.259641
0 -116.396661
43.257554
0 -116.389757
43.254364
0 -116.388408
43.253257
0 -116.386523
43.250625
0 -116.385042
43.249887
0 -116.381452
43.244236
0 -116.378132
43.241445
0 -116.377268
43.239835
0 -116.376173
43.232271
0 -116.376391
43.230443
0 -116.381258
43.222656
0 -116.383192
43.218759
0 -116.384456
43.215312
0 -116.383884
43.208901
0 -116.382621
43.205382
0 -116.385615
43.197251
0 -116.386188
43.194557
0 -116.385964
43.193445
0 -116.380121
43.187335
0 -116.375776
43.185248
0 -116.370592
43.183551
0 -116.366738
43.180329
0 -116.365266
43.17667
0 -116.363889
43.175408
0 -116.360545
43.173441
0 -116.356941
43.169728
0 -116.355519
43.167726
0 -116.35367
43.166191
0 -116.351251
43.165051
0 -116.343585
43.16474
0 -116.340993
43.164437
0 -116.338399
43.163531
0 -116.335119
43.16104
0 -116.333994
43.159102
0 -116.332551
43.15285
0 -116.332751
43.149583
0 -116.329914
43.147566
0 -116.322291
43.145457
0 -116.319356
43.144261
0 -116.316739
43.142228
0 -116.315087
43.140153
0 -116.312279
43.135834
0 -116.310064
43.126855
0 -116.308225
43.123649
0 -116.306244
43.121365
0 -116.30316
43.119929
0 -116.299488
43.119115
0 -116.284253
43.119986
0 -116.279223
43.119733
0 -116.271757
43.117877
0 -116.269401
43.117486
0 -116.268018
43.116562
0 -116.266147
43.113729
0 -116.266168
43.112553
0 -116.155876
43.112258
0 -116.155878
43.112983
0 -116.150834
43.112977
0 -115.978695
43.113421
0 -115.978889
43.124892
0 -115.978635
43.200298
0 -115.977265
43.200288
0 -115.976571
43.285753
0 -115.974736
43.285881
0 -115.97477
43.292535
0 -115.974946
43.365081
0 -115.974239
43.482235
0 -115.975206
43.499892
0 -115.974925
43.545932
0 -115.976117
43.545899
0 -115.975767
43.591338
0 -115.977827
43.590658
0 -115.978795
43.587357
0 -115.980349
43.585806
0 -115.982021
43.58716
0 -116.000941
43.60107
0 -116.002552
43.602541
0 -116.023165
43.617735
0 -116.024877
43.619
0 -116.038706
43.629228
0 -116.048691
43.636614
0 -116.054327
43.640784
0 -116.060164
43.645098
0 -116.07861
43.658741
0 -116.094122
43.670272
0 -116.10487
43.678223
0 -116.134222
43.70003
0 -116.141357
43.704986
0 -116.153434
43.713902
0 -116.179101
43.732764
0 -116.180432
43.734089
0 -116.201509
43.749872
0 -116.202632
43.74989
0 -116.241979
43.778258
0 -116.248755
43.783174
0 -116.263368
43.793735
0 -116.269011
43.798261
0 -116.276106
43.80265
0 -116.281687
43.806937
0 -116.314781
43.807297
0 -116.483848
43.807469
0 -116.512559
43.807216
0 -116.5126
43.723599
0 -116.512862
43.720736
0 -116.512722
43.719775
0 -116.512643
43.717636
0 -116.512552
43.709224
0 -116.512599
43.70686
0 -116.512605
43.705582
0 -116.512654
43.70318
0 -116.512675
43.699614
0 -116.512665
43.695981
0 -116.512667
43.695442
0 -116.51267
43.693904
0 -116.512548
43.691663
0 -116.512524
43.687857
0 -116.512783
43.686561
0 -116.512484
43.681748
0 -116.512484
43.681594
0 -116.512721
43.670682
0 -116.513123
43.634183
0 -116.493501
43.634136
0 -116.473492
43.634103
0 -116.473613
43.619461
0 -116.473537
43.60489
0 -116.473532
43.597618
0 -116.47353
43.597204
0 -116.473493
43.58303
0 -116.473535
43.575774
0 -116.473582
43.568476
0 -116.473664
43.56124
0 -116.473616
43.546699
0 -116.473541
43.529661
0 -116.473546
43.517554
0 -116.473554
43.460671
0 -116.473618
43.459859
0 -116.473713
43.459216
0 -116.513358
43.459256
0 -116.513424
43.451326
0 -116.513492
43.44453
0 -116.513454
43.437057
0 -116.513647
43.416314
0 -116.513473
43.415549
0 