-91.655009
31.251815
0 -91.654907
31.250175
0 -91.652019
31.242691
0 -91.644356
31.234414
0 -91.625119
31.226071
0 -91.601616
31.208573
0 -91.595029
31.201969
0 -91.590051
31.193693
0 -91.5894512930811
31.1911399311563
0 -91.586151
31.192783
0 -91.585055
31.195863
0 -91.583915
31.197491
0 -91.583578
31.200543
0 -91.586835
31.203838
0 -91.586948
31.204682
0 -91.584736
31.210842
0 -91.582832
31.214184
0 -91.580347
31.216798
0 -91.578377
31.21805
0 -91.578118
31.219877
0 -91.576805
31.221937
0 -91.57685
31.222929
0 -91.57567
31.224475
0 -91.572538
31.227076
0 -91.570047
31.228552
0 -91.563859
31.232997
0 -91.560538
31.235604
0 -91.552557
31.238617
0 -91.547295
31.23925
0 -91.543941
31.239061
0 -91.540907
31.238346
0 -91.537668
31.236937
0 -91.534008
31.234598
0 -91.531795
31.23239
0 -91.53037
31.230353
0 -91.52939
31.226814
0 -91.529188
31.224236
0 -91.530126
31.214842
0 -91.529657
31.214543
0 -91.526828
31.215161
0 -91.525025
31.214933
0 -91.523098
31.215666
0 -91.519943
31.215313
0 -91.514813
31.217473
0 -91.510604
31.219879
0 -91.509161
31.220976
0 -91.509228
31.223715
0 -91.50729
31.225977
0 -91.505949
31.226352
0 -91.503692
31.225824
0 -91.500401
31.225881
0 -91.497386
31.224669
0 -91.494317
31.225233
0 -91.491556
31.22722
0 -91.488954
31.22592
0 -91.487057
31.227471
0 -91.486642
31.228585
0 -91.488344
31.229703
0 -91.487983
31.231428
0 -91.488602
31.233747
0 -91.487027
31.235161
0 -91.484964
31.233453
0 -91.483601
31.23336
0 -91.48287
31.234951
0 -91.483457
31.237355
0 -91.481869
31.238396
0 -91.480119
31.238243
0 -91.478799
31.238999
0 -91.479824
31.242397
0 -91.480926
31.24343
0 -91.480626
31.244384
0 -91.479035
31.244373
0 -91.477617
31.245795
0 -91.479569
31.246215
0 -91.479851
31.246926
0 -91.478236
31.247708
0 -91.478382
31.2492
0 -91.479966
31.250378
0 -91.480252
31.251768
0 -91.479149
31.252529
0 -91.477796
31.256799
0 -91.478283
31.258342
0 -91.477186
31.259547
0 -91.480153
31.261366
0 -91.481599
31.26407
0 -91.48297
31.265307
0 -91.485433
31.265462
0 -91.486183
31.264806
0 -91.489013
31.265181
0 -91.490395
31.267555
0 -91.490391
31.269296
0 -91.491631
31.2712
0 -91.494069
31.273231
0 -91.495537
31.273543
0 -91.497289
31.27581
0 -91.497192
31.276851
0 -91.495556
31.279611
0 -91.496182
31.28256
0 -91.495836
31.283798
0 -91.49487
31.284334
0 -91.491548
31.284685
0 -91.487404
31.283116
0 -91.484219
31.283008
0 -91.481677
31.281649
0 -91.480157
31.281593
0 -91.478092
31.283051
0 -91.476532
31.28544
0 -91.475329
31.286001
0 -91.472343
31.285254
0 -91.47106
31.285607
0 -91.471972
31.28736
0 -91.471301
31.288662
0 -91.471983
31.29223
0 -91.4694
31.296019
0 -91.468724
31.298339
0 -91.468435
31.31957
0 -91.443325
31.319332
0 -91.441576
31.318459
0 -91.436448
31.317257
0 -91.434275
31.314177
0 -91.423795
31.315346
0 -91.421179
31.316963
0 -91.420659
31.318935
0 -91.414918
31.320552
0 -91.413048
31.323868
0 -91.410196
31.324807
0 -91.407461
31.324751
0 -91.406801
31.323509
0 -91.404757
31.325102
0 -91.400588
31.325885
0 -91.398674
31.324606
0 -91.397453
31.325587
0 -91.393323
31.331362
0 -91.392702
31.331164
0 -91.392876
31.328602
0 -91.392236
31.327815
0 -91.391738
31.324801
0 -91.387609
31.327071
0 -91.387458
31.329726
0 -91.388845
31.330207
0 -91.386767
31.331291
0 -91.384223
31.33124
0 -91.384792
31.333586
0 -91.38404
31.335406
0 -91.381565
31.333597
0 -91.379917
31.334272
0 -91.378657
31.336563
0 -91.377551
31.337005
0 -91.373494
31.335227
0 -91.370359
31.334751
0 -91.36665
31.335922
0 -91.365979
31.335752
0 -91.36552
31.340791
0 -91.364791
31.341958
0 -91.362229
31.340936
0 -91.357828
31.342908
0 -91.356072
31.343917
0 -91.355474
31.34589
0 -91.353139
31.34511
0 -91.355341
31.343587
0 -91.353172
31.342085
0 -91.353738
31.339809
0 -91.352332
31.339549
0 -91.349925
31.340145
0 -91.350851
31.337506
0 -91.347395
31.339328
0 -91.346743
31.340358
0 -91.344238
31.34176
0 -91.343746
31.341011
0 -91.345951
31.339067
0 -91.341691
31.340034
0 -91.338981
31.342144
0 -91.338599
31.343005
0 -91.33983
31.344001
0 -91.338409
31.344379
0 -91.337092
31.343717
0 -91.334386
31.34693
0 -91.332149
31.348605
0 -91.330855
31.351776
0 -91.328833
31.351067
0 -91.323664
31.352286
0 -91.3238
31.354674
0 -91.322552
31.354383
0 -91.322209
31.353098
0 -91.320709
31.352178
0 -91.318646
31.353434
0 -91.316117
31.356156
0 -91.314286
31.357232
0 -91.313159
31.356807
0 -91.312004
31.354297
0 -91.310051
31.353925
0 -91.309486
31.354651
0 -91.307953
31.359535
0 -91.306294
31.360862
0 -91.30358
31.360975
0 -91.301339
31.360359
0 -91.299382
31.361137
0 -91.299696
31.362064
0 -91.298659
31.364699
0 -91.298288
31.361681
0 -91.299196
31.359883
0 -91.295687
31.360524
0 -91.293772
31.360256
0 -91.28975
31.356316
0 -91.287285
31.35607
0 -91.28488
31.356704
0 -91.283005
31.357778
0 -91.27913
31.362209
0 -91.274532
31.365485
0 -91.275516
31.366672
0 -91.275902
31.369185
0 -91.274307
31.369987
0 -91.272869
31.368243
0 -91.271016
31.368115
0 -91.26896
31.368814
0 -91.266506
31.368131
0 -91.264793
31.369175
0 -91.262785
31.369391
0 -91.261583
31.364175
0 -91.264821
31.363327
0 -91.263959
31.361731
0 -91.261486
31.360696
0 -91.258977
31.361741
0 -91.257134
31.360127
0 -91.255577
31.362788
0 -91.254802
31.36553
0 -91.253237
31.365333
0 -91.251049
31.363411
0 -91.249478
31.363864
0 -91.24781
31.366191
0 -91.245338
31.367664
0 -91.241569
31.367598
0 -91.239432
31.366719
0 -91.239136
31.369071
0 -91.237079
31.371191
0 -91.233736
31.371137
0 -91.231134
31.37317
0 -91.23012
31.370647
0 -91.228274
31.372205
0 -91.227673
31.370735
0 -91.225389
31.37194
0 -91.224726
31.370416
0 -91.222895
31.370084
0 -91.218019
31.372293
0 -91.218172
31.369997
0 -91.219687
31.369981
0 -91.219254
31.36826
0 -91.215447
31.366746
0 -91.213645
31.365099
0 -91.210404
31.362922
0 -91.209922
31.361841
0 -91.213055
31.3571
0 -91.209974
31.355912
0 -91.208771
31.354814
0 -91.201632
31.35321
0 -91.198208
31.353452
0 -91.197048
31.354239
0 -91.194109
31.354721
0 -91.192075
31.356258
0 -91.189639
31.356896
0 -91.188493
31.356203
0 -91.187256
31.35407
0 -91.186857
31.349281
0 -91.184575
31.347996
0 -91.182743
31.350488
0 -91.178763
31.351092
0 -91.177551
31.349353
0 -91.172231
31.345689
0 -91.169929
31.346659
0 -91.167238
31.349071
0 -91.162679
31.350741
0 -91.160722
31.349408
0 -91.15815
31.346695
0 -91.156795
31.368666
0 -91.15691
31.37922
0 -91.156563
31.383345
0 -91.156815
31.387033
0 -91.156553
31.39293
0 -91.156314
31.425119
0 -91.156141
31.436188
0 -91.155886
31.45147
0 -91.155993
31.452112
0 -91.155152
31.546255
0 -91.154749
31.573082
0 -91.154238
31.579652
0 -91.153864
31.610068
0 -91.153841
31.630488
0 -91.183097
31.629994
0 -91.23329
31.62941
0 -91.237162
31.63313
0 -91.239167
31.633767
0 -91.240865
31.635641
0 -91.241123
31.636949
0 -91.24471
31.639026
0 -91.244948
31.63995
0 -91.247912
31.640955
0 -91.248961
31.643758
0 -91.249585
31.643895
0 -91.249667
31.642752
0 -91.251274
31.643486
0 -91.253376
31.642794
0 -91.258214
31.644704
0 -91.260894
31.644298
0 -91.262604
31.64453
0 -91.263869
31.646048
0 -91.265611
31.646115
0 -91.266806
31.647215
0 -91.269409
31.647375
0 -91.269498
31.648607
0 -91.27052
31.64919
0 -91.270854
31.650873
0 -91.266815
31.6545
0 -91.267586
31.655539
0 -91.265973
31.655401
0 -91.265586
31.657766
0 -91.266015
31.659773
0 -91.26759
31.660719
0 -91.267782
31.662445
0 -91.267023
31.663897
0 -91.269677
31.665294
0 -91.269824
31.665993
0 -91.271252
31.665146
0 -91.273984
31.664768
0 -91.274228
31.66578
0 -91.275533
31.665269
0 -91.277809
31.666253
0 -91.278515
31.667799
0 -91.278972
31.66599
0 -91.281036
31.666667
0 -91.28074
31.667843
0 -91.283389
31.666816
0 -91.284802
31.668647
0 -91.287245
31.668824
0 -91.286808
31.669632
0 -91.287868
31.670715
0 -91.292407
31.670161
0 -91.293687
31.670683
0 -91.29557
31.66987
0 -91.295975
31.671783
0 -91.298186
31.672757
0 -91.300115
31.672235
0 -91.299498
31.674049
0 -91.298662
31.674285
0 -91.299272
31.675671
0 -91.297337
31.676792
0 -91.297195
31.678409
0 -91.298533
31.678442
0 -91.300397
31.681087
0 -91.299252
31.682758
0 -91.297715
31.682456
0 -91.297445
31.683775
0 -91.296352
31.684067
0 -91.296995
31.68581
0 -91.295168
31.685545
0 -91.292648
31.687112
0 -91.294422
31.687327
0 -91.293869
31.689658
0 -91.292505
31.689713
0 -91.291833
31.691609
0 -91.293765
31.692308
0 -91.294581
31.693947
0 -91.293893
31.696525
0 -91.294002
31.697894
0 -91.298162
31.698912
0 -91.299095
31.700089
0 -91.298399
31.704163
0 -91.297467
31.705598
0 -91.297923
31.706962
0 -91.296926
31.707374
0 -91.297678
31.70871
0 -91.298585
31.708793
0 -91.30265
31.707512
0 -91.301621
31.708727
0 -91.301247
31.711685
0 -91.299967
31.712306
0 -91.30171
31.714242
0 -91.303459
31.71427
0 -91.30436
31.711856
0 -91.306939
31.711026
0 -91.307325
31.713665
0 -91.30783
31.714056
0 -91.3178614291731
31.749791433823
0 -91.319816
31.749989
0 -91.338663
31.750005
0 -91.356394
31.749106
0 -91.365034
31.748184
0 -91.371804
31.742948
0 -91.3802389538171
31.7332419242873
0 -91.380915
31.732464
0 -91.397115
31.711364
0 -91.397915
31.709364
0 -91.400015
31.697864
0 -91.400115
31.688164
0 -91.398015
31.662665
0 -91.395715
31.644165
0 -91.396115
31.639265
0 -91.3963998609333
31.6375817308483
0 -91.398315
31.626265
0 -91.401015
31.620365
0 -91.416498
31.613133
0 -91.421116
31.611565
0 -91.429616
31.611365
0 -91.436716
31.612665
0 -91.463817
31.620365
0 -91.474318
31.625365
0 -91.479818
31.628965
0 -91.482618
31.631565
0 -91.487518
31.637065
0 -91.490027
31.641
0 -91.492748
31.644279
0 -91.494478
31.645013
0 -91.497665
31.645371
0 -91.499278
31.644658
0 -91.50731
31.639068
0 -91.512336
31.634722
0 -91.515462
31.630372
0 -91.516659
31.627332
0 -91.517921
31.618642
0 -91.517233
31.61346
0 -91.516567
31.611818
0 -91.5148155315998
31.6093889885807
0 -91.51301
31.606885
0 -91.502783
31.595727
0 -91.494118
31.590165
0 -91.488618
31.587466
0 -91.485218
31.586166
0 -91.479418
31.585466
0 -91.4671464203883
31.5860280141796
0 -91.466317
31.586066
0 -91.457517
31.587566
0 -91.4516770489488
31.5896041018738
0 -91.436316
31.594965
0 -91.430716
31.596465
0 -91.422716
31.597065
0 -91.417115
31.596265
0 -91.413015
31.595365
0 -91.403915
31.589766
0 -91.4044605925533
31.584928412694
0 -91.405415
31.576466
0 -91.406615
31.571966
0 -91.4077734
31.5696492
0 -91.407915
31.569366
0 -91.414915
31.562166
0 -91.4198546253413
31.5589018357887
0 -91.4198689883791
31.5588923445195
0 -91.4262141004807
31.554699417646
0 -91.426416
31.554566
0 -91.437616
31.546166
0 -91.443916
31.542466
0 -91.450017
31.539666
0 -91.4504327116009
31.5395358320633
0 -91.4552374776405
31.5380313600196
0 -91.479718
31.530366
0 -91.481318
31.530666
0 -91.483918
31.532566
0 -91.489618
31.534266
0 -91.500118
31.532616
0 -91.506719
31.532966
0 -91.511217
31.532612
0 -91.513963
31.532084
0 -91.51581
31.530894
0 -91.5180421394486
31.5281282861348
0 -91.521445
31.523912
0 -91.522536
31.522078
0 -91.52292
31.519841
0 -91.522862
31.517493
0 -91.520579
31.513207
0 -91.516759
31.511772
0 -91.514917
31.510113
0 -91.515157
31.50338
0 -91.51714
31.498394
0 -91.518148
31.483483
0 -91.516999
31.460574
0 -91.51513
31.449206
0 -91.513366
31.444396
0 -91.510356
31.438928
0 -91.506423
31.43146
0 -91.500046
31.42052
0 -91.49004
31.412716
0 -91.48023
31.404391
0 -91.476926
31.397796
0 -91.472065
31.395925
0 -91.472149
31.391434
0 -91.4720183779129
31.3837040012043
0 -91.471992
31.382143
0 -91.471098
31.376917
0 -91.472465
31.371326
0 -91.47887
31.364955
0 -91.504163
31.36495
0 -91.508075
31.366276
0 -91.515978
31.370286
0 -91.521836
31.37517
0 -91.52695
31.380855
0 -91.532336
31.390275
0 -91.539458
31.414021
0 -91.539504
31.41791
0 -91.537002
31.423184
0 -91.537137
31.424161
0 -91.540647
31.430758
0 -91.541626
31.431706
0 -91.545013
31.433026
0 -91.548465
31.432668
0 -91.55275
31.430692
0 -91.554805
31.42857
0 -91.565179
31.423447
0 -91.570092
31.419487
0 -91.576265
31.410498
0 -91.578246
31.403859
0 -91.578334
31.399067
0 -91.573931
31.390886
0 -91.571234
31.384664
0 -91.568953
31.377629
0 -91.562555
31.383219
0 -91.560524
31.384559
0 -91.55568
31.386413
0 -91.552432
31.385658
0 -91.546207
31.38248
0 -91.546607
31.381198
0 -91.549915
31.376315
0 -91.551002
31.363645
0 -91.550869
31.360574
0 -91.548894
31.353998
0 -91.548967
31.347255
0 -91.545617
31.343762
0 -91.536061
31.338355
0 -91.533206
31.333225
0 -91.531657
31.331801
0 -91.518509
31.323332
0 -91.510049
31.316822
0 -91.50866
31.315131
0 -91.507977
31.312943
0 -91.508296
31.295829
0 -91.508858
31.291644
0 -91.512085
31.284177
0 -91.515614
31.27821
0 -91.518578
31.275283
0 -91.537734
31.267369
0 -91.553905
31.26305
0 -91.564192
31.261633
0 -91.574493
31.261289
0 -91.587749
31.262563
0 -91.606672
31.2659
0 -91.621358
31.267811
0 -91.637672
31.26768
0 -91.641253
31.266917
0 -91.648669
31.262238
0 -91.651369
31.259528
0 -91.654027
31.255753
0 -91.655009
31.251815
0 