-73.43774
44.045006
0 -73.43688
44.042578
0 -73.430772
44.038746
0 -73.427987
44.037708
0 -73.4274431933012
44.0371550311584
0 -73.42312
44.032759
0 -73.42016
44.032004
0 -73.414364
44.029526
0 -73.410776
44.026944
0 -73.407739
44.021312
0 -73.4073840359466
44.0202750561591
0 -73.405999
44.016229
0 -73.405977
44.011485
0 -73.411224
43.986202
0 -73.412581
43.98272
0 -73.412613
43.97998
0 -73.411248
43.975596
0 -73.406823
43.967317
0 -73.405525
43.948813
0 -73.408589
43.932933
0 -73.4077427838004
43.9298898187203
0 -73.407742
43.929887
0 -73.404537867979
43.9238515171629
0 -73.400926
43.917048
0 -73.397256
43.905668
0 -73.395878
43.903044
0 -73.383491
43.890951
0 -73.376312
43.880292
0 -73.374051
43.875563
0 -73.37415
43.874163
0 -73.379334
43.864648
0 -73.381501
43.859235
0 -73.382046
43.855008
0 -73.3818552426673
43.8545801920065
0 -73.380987
43.852633
0 -73.373742
43.847693
0 -73.372462
43.846266
0 -73.372247
43.845337
0 -73.3735534635918
43.8428646015164
0 -73.373688
43.84261
0 -73.376598
43.839357
0 -73.381865
43.837315
0 -73.388389
43.832404
0 -73.390194
43.829364
0 -73.392751
43.822196
0 -73.392492
43.820779
0 -73.390302
43.817371
0 -73.383259
43.81331
0 -73.380804
43.810951
0 -73.3793298267232
43.808476322237
0 -73.379279
43.808391
0 -73.37827
43.805995
0 -73.377232
43.800565
0 -73.376361
43.798766
0 -73.368184
43.793346
0 -73.362498
43.790211
0 -73.357547
43.785933
0 -73.355545
43.778468
0 -73.354758
43.776721
0 -73.350593
43.771939
0 -73.350707
43.770463
0 -73.354597
43.764167
0 -73.362951157432
43.7531814596909
0 -73.231377
43.764469
0 -73.206322
43.766775
0 -73.21892
43.837292
0 -73.155743
43.83966
0 -73.156173
43.842314
0 -73.106114
43.844181
0 -73.084564
43.844948
0 -73.029938
43.846716
0 -73.030091
43.844927
0 -73.032082
43.844718
0 -73.030809
43.841369
0 -73.027019
43.842108
0 -73.017051
43.804874
0 -73.016831
43.804953
0 -72.989434
43.814611
0 -72.958853
43.826542
0 -72.964083
43.83988
0 -72.972896
43.866692
0 -72.980165
43.863928
0 -72.980158
43.882587
0 -72.953083
43.87487
0 -72.94542
43.87755
0 -72.876556
43.902765
0 -72.874022
43.867155
0 -72.874176
43.86406
0 -72.865283
43.861656
0 -72.81633
43.937805
0 -72.809996
43.936089
0 -72.803505
43.945662
0 -72.791336
43.961855
0 -72.754109
44.012016
0 -72.742303
44.029655
0 -72.821553
44.052634
0 -72.847154
44.060044
0 -72.851439
44.061034
0 -72.854622
44.062055
0 -72.896904
44.07366
0 -72.909019
44.072587
0 -72.916778
44.071886
0 -72.921762
44.094721
0 -72.923016
44.103401
0 -72.925957
44.113773
0 -72.928077
44.127181
0 -72.933281
44.153997
0 -72.934285
44.163619
0 -72.952167
44.161271
0 -72.96525
44.230326
0 -72.96783
44.2456
0 -72.968146
44.249817
0 -72.973318
44.29342
0 -72.984222
44.296473
0 -72.999936
44.300263
0 -73.010355
44.301835
0 -73.020378
44.303744
0 -73.016523
44.285332
0 -73.068463
44.280085
0 -73.06902
44.284064
0 -73.080607
44.282278
0 -73.133083
44.275055
0 -73.145082
44.273403
0 -73.151207
44.272576
0 -73.16182
44.271532
0 -73.1968
44.266634
0 -73.23089
44.263455
0 -73.249225
44.261804
0 -73.270378
44.260106
0 -73.3134220405831
44.2641991074088
0 -73.316618
44.257769
0 -73.3166377049938
44.2577181160619
0 -73.319802
44.249547
0 -73.323596
44.243897
0 -73.324681
44.243614
0 -73.329322
44.244504
0 -73.3305
44.244254
0 -73.334042
44.240971
0 -73.336778
44.239557
0 -73.34323
44.238049
0 -73.342312
44.234531
0 -73.3455355109189
44.232754814427
0 -73.349889
44.230356
0 -73.350806
44.225943
0 -73.354747
44.223599
0 -73.355252
44.22287
0 -73.355276
44.219554
0 -73.357908
44.216193
0 -73.361476
44.210374
0 -73.362013
44.208545
0 -73.370678
44.204546
0 -73.372405
44.202165
0 -73.375289
44.199868
0 -73.377693
44.199453
0 -73.382252
44.197178
0 -73.383987
44.193158
0 -73.385326
44.192597
0 -73.388502
44.192318
0 -73.390583
44.190886
0 -73.390805
44.189072
0 -73.3903779438358
44.1861593056909
0 -73.389658
44.181249
0 -73.390383
44.179486
0 -73.395862
44.175785
0 -73.396892
44.173846
0 -73.397385
44.171596
0 -73.396664
44.168831
0 -73.395399
44.166903
0 -73.395532
44.166122
0 -73.398728
44.162248
0 -73.399634
44.155326
0 -73.4004773874806
44.1524185083939
0 -73.402381
44.145856
0 -73.403268
44.144295
0 -73.408118
44.139373
0 -73.41172
44.137825
0 -73.415761
44.132826
0 -73.41578
44.131523
0 -73.413751
44.126068
0 -73.411722
44.11754
0 -73.411316
44.112686
0 -73.4117592677759
44.1115108043614
0 -73.4131113305903
44.1079262028884
0 -73.416319
44.099422
0 -73.4205590906893
44.0928557666786
0 -73.429239
44.079414
0 -73.430207
44.071716
0 -73.431991
44.06345
0 -73.43774
44.045006
0 