-66.837235
18.192707
0 -66.835888
18.19043
0 -66.835556
18.187197
0 -66.836209
18.1856
0 -66.834486
18.184521
0 -66.834107
18.184247
0 -66.834894
18.1826
0 -66.833012
18.18215
0 -66.831926
18.179902
0 -66.828447
18.179104
0 -66.827299
18.178071
0 -66.826848
18.17653
0 -66.827467
18.174538
0 -66.824803
18.173754
0 -66.825456
18.172363
0 -66.826834
18.172138
0 -66.827327
18.171242
0 -66.826359
18.169207
0 -66.823959
18.167529
0 -66.824314
18.165589
0 -66.825856
18.162495
0 -66.826278
18.160216
0 -66.824821
18.159348
0 -66.82434
18.157996
0 -66.822143
18.156353
0 -66.821028
18.152818
0 -66.81809
18.150509
0 -66.817006
18.150581
0 -66.813219
18.149667
0 -66.812042
18.149827
0 -66.808436
18.149049
0 -66.806732
18.148314
0 -66.804058
18.148056
0 -66.803408
18.145368
0 -66.803365
18.140384
0 -66.802332
18.140068
0 -66.800927
18.138282
0 -66.79987
18.138041
0 -66.797557
18.133445
0 -66.796604
18.133046
0 -66.79467
18.13417
0 -66.793637
18.13338
0 -66.792046
18.134685
0 -66.789359
18.134369
0 -66.788544
18.134404
0 -66.786711
18.136803
0 -66.7844
18.138652
0 -66.783992
18.138622
0 -66.782321
18.136463
0 -66.780771
18.135948
0 -66.775875
18.133789
0 -66.774912
18.132884
0 -66.773769
18.133899
0 -66.771375
18.133961
0 -66.769049
18.134983
0 -66.768938
18.134984
0 -66.76653
18.134873
0 -66.765825
18.134027
0 -66.762818
18.131874
0 -66.761027
18.129709
0 -66.759058
18.128962
0 -66.758779
18.12743
0 -66.756755
18.125215
0 -66.757148
18.123931
0 -66.755039
18.120176
0 -66.752928
18.117087
0 -66.749618
18.113664
0 -66.747747
18.114394
0 -66.747489
18.115392
0 -66.746489
18.115787
0 -66.744215
18.115868
0 -66.743382
18.11674
0 -66.739502
18.117591
0 -66.738166
18.115805
0 -66.736273
18.11519
0 -66.731774
18.112008
0 -66.727526
18.113034
0 -66.726703
18.115127
0 -66.725182
18.116794
0 -66.725804
18.119187
0 -66.724866
18.121746
0 -66.722238
18.123865
0 -66.72138
18.125493
0 -66.719939
18.126169
0 -66.717671
18.128343
0 -66.717118
18.129817
0 -66.717164
18.131519
0 -66.713595
18.132105
0 -66.712442
18.129653
0 -66.711243
18.129249
0 -66.710204
18.127734
0 -66.709333
18.129071
0 -66.704887
18.129695
0 -66.702752
18.128741
0 -66.700298
18.130928
0 -66.698249
18.130601
0 -66.697643
18.130713
0 -66.69407
18.130534
0 -66.690693
18.129625
0 -66.689785
18.130745
0 -66.686326
18.131822
0 -66.684521
18.131627
0 -66.681047
18.129585
0 -66.67949
18.130049
0 -66.676951
18.129977
0 -66.676581
18.132887
0 -66.674653
18.135721
0 -66.674153
18.138981
0 -66.67334
18.140087
0 -66.671848
18.144823
0 -66.672231
18.145782
0 -66.672745
18.14763
0 -66.670466
18.150784
0 -66.670494
18.152831
0 -66.671945
18.15323
0 -66.675622
18.150743
0 -66.67699
18.150955
0 -66.676689
18.153258
0 -66.675698
18.153903
0 -66.676235
18.155841
0 -66.677066
18.157106
0 -66.676923
18.16008
0 -66.673155
18.162604
0 -66.67055
18.163784
0 -66.670241
18.165638
0 -66.671773
18.166734
0 -66.670807
18.167638
0 -66.669568
18.167344
0 -66.667818
18.168123
0 -66.667072
18.170882
0 -66.664811
18.172616
0 -66.664697
18.175465
0 -66.666782
18.176332
0 -66.667662
18.176016
0 -66.670441
18.179637
0 -66.671864
18.1803
0 -66.672963
18.181949
0 -66.676062
18.182921
0 -66.67851
18.185337
0 -66.680358
18.185956
0 -66.681795
18.188217
0 -66.681943
18.189982
0 -66.684721
18.194102
0 -66.68507
18.197073
0 -66.682663
18.198486
0 -66.681303
18.20045
0 -66.681099
18.202391
0 -66.681163
18.203515
0 -66.68132
18.204165
0 -66.686605
18.209209
0 -66.687383
18.210019
0 -66.688543
18.210337
0 -66.691841
18.211802
0 -66.692572
18.215883
0 -66.69373
18.216891
0 -66.696302
18.215342
0 -66.700079
18.215995
0 -66.701102
18.217122
0 -66.707725
18.216701
0 -66.709892
18.218406
0 -66.71111
18.218201
0 -66.713559
18.219899
0 -66.715475
18.220193
0 -66.715734
18.220673
0 -66.716077
18.221296
0 -66.718468
18.220531
0 -66.720096
18.221935
0 -66.722795
18.221209
0 -66.72326
18.221357
0 -66.724771
18.220887
0 -66.72675
18.223402
0 -66.729926
18.22526
0 -66.732181
18.225759
0 -66.735977
18.224199
0 -66.739358
18.220517
0 -66.741207
18.221623
0 -66.743206
18.22249
0 -66.74575
18.221937
0 -66.748107
18.222169
0 -66.751371
18.223839
0 -66.753639
18.223878
0 -66.755807
18.223289
0 -66.756518
18.225178
0 -66.758606
18.225107
0 -66.760626
18.225895
0 -66.760261
18.227762
0 -66.760827
18.229525
0 -66.762729
18.230947
0 -66.761591
18.231392
0 -66.76174
18.232504
0 -66.762993
18.232994
0 -66.76408
18.234512
0 -66.764751
18.237695
0 -66.766915
18.238687
0 -66.769554
18.24159
0 -66.773759
18.241278
0 -66.774341
18.242289
0 -66.77596
18.242949
0 -66.777732
18.246282
0 -66.777346
18.247212
0 -66.781701
18.250248
0 -66.782514
18.250325
0 -66.785038
18.248567
0 -66.786697
18.248449
0 -66.78899
18.24977
0 -66.794425
18.24988
0 -66.794972
18.249155
0 -66.794319
18.246838
0 -66.795294
18.245847
0 -66.794819
18.243341
0 -66.795957
18.242516
0 -66.7966
18.243631
0 -66.798839
18.243714
0 -66.800355
18.242347
0 -66.800591
18.240144
0 -66.799223
18.240176
0 -66.800323
18.237776
0 -66.799531
18.237171
0 -66.800169
18.235588
0 -66.799972
18.234023
0 -66.798759
18.230026
0 -66.800469
18.227842
0 -66.803512
18.227425
0 -66.806867
18.228414
0 -66.808108
18.228211
0 -66.809741
18.229475
0 -66.811088
18.228817
0 -66.813167
18.229279
0 -66.814672
18.230319
0 -66.817271
18.230336
0 -66.817598
18.230437
0 -66.820313
18.231032
0 -66.823104
18.232325
0 -66.825683
18.232624
0 -66.829142
18.231802
0 -66.831432
18.229467
0 -66.832696
18.229099
0 -66.833263
18.228021
0 -66.832175
18.226201
0 -66.83058
18.2251
0 -66.829385
18.223154
0 -66.829792
18.219989
0 -66.830634
18.221005
0 -66.83295
18.221165
0 -66.834092
18.220317
0 -66.834978
18.218186
0 -66.83376
18.216524
0 -66.834057
18.214814
0 -66.832873
18.214831
0 -66.835256
18.209981
0 -66.836192
18.209139
0 -66.834953
18.20747
0 -66.834093
18.202797
0 -66.834519
18.201748
0 -66.834795
18.198514
0 -66.832735
18.195672
0 -66.833579
18.194256
0 -66.837235
18.192707
0 