-66.189196
18.2598
0 -66.190676
18.25884
0 -66.187298
18.25379
0 -66.184841
18.252305
0 -66.183896
18.250507
0 -66.182007
18.249863
0 -66.181049
18.247303
0 -66.178251
18.246309
0 -66.17799
18.243962
0 -66.178442
18.24346
0 -66.179257
18.242443
0 -66.178574
18.237922
0 -66.177977
18.237019
0 -66.17667
18.234608
0 -66.174947
18.233095
0 -66.176105
18.229503
0 -66.171991
18.228002
0 -66.169141
18.226013
0 -66.169126
18.22429
0 -66.166348
18.223899
0 -66.163917
18.222434
0 -66.16217
18.220495
0 -66.160821
18.220328
0 -66.158894
18.220997
0 -66.155998
18.221367
0 -66.154272
18.222018
0 -66.152418
18.222045
0 -66.151765
18.223352
0 -66.150488
18.223425
0 -66.149058
18.226681
0 -66.146119
18.230373
0 -66.143941
18.228111
0 -66.144907
18.226345
0 -66.143822
18.225276
0 -66.144679
18.224106
0 -66.145306
18.223383
0 -66.143784
18.223024
0 -66.144341
18.221429
0 -66.145579
18.221901
0 -66.146493
18.218164
0 -66.145504
18.217154
0 -66.145855
18.214921
0 -66.14684
18.213637
0 -66.144253
18.213361
0 -66.143303
18.212237
0 -66.142478
18.210058
0 -66.14003
18.210851
0 -66.138908
18.210231
0 -66.138626
18.207039
0 -66.139371
18.20544
0 -66.13903
18.204664
0 -66.138487
18.201439
0 -66.140086
18.199527
0 -66.140505
18.198335
0 -66.141317
18.197704
0 -66.137629
18.197722
0 -66.135067
18.198695
0 -66.13408
18.200301
0 -66.132228
18.20062
0 -66.130348
18.201863
0 -66.129013
18.204102
0 -66.125502
18.206663
0 -66.124612
18.207908
0 -66.123513
18.207715
0 -66.121461
18.209011
0 -66.118964
18.20996
0 -66.117774
18.209949
0 -66.117641
18.210911
0 -66.117041
18.211455
0 -66.109409
18.213612
0 -66.102673
18.21684
0 -66.100775
18.218477
0 -66.099878
18.219401
0 -66.098157
18.220854
0 -66.096788
18.221752
0 -66.095887
18.22416
0 -66.093719
18.224875
0 -66.092703
18.226705
0 -66.090421
18.227413
0 -66.08901
18.230144
0 -66.088159
18.232763
0 -66.087052
18.233049
0 -66.085122
18.235517
0 -66.084768
18.242512
0 -66.080834
18.245809
0 -66.079028
18.247823
0 -66.078976
18.247869
0 -66.078468
18.248321
0 -66.077341
18.249802
0 -66.074732
18.253317
0 -66.074629
18.254261
0 -66.077313
18.25651
0 -66.076297
18.260781
0 -66.074757
18.267599
0 -66.073466
18.273267
0 -66.070942
18.282759
0 -66.069812
18.287655
0 -66.069717
18.288182
0 -66.066103
18.303321
0 -66.069557
18.301232
0 -66.072768
18.298495
0 -66.072971
18.29776
0 -66.07722
18.296608
0 -66.080475
18.297295
0 -66.084163
18.294916
0 -66.080428
18.294525
0 -66.080974
18.292337
0 -66.082063
18.291911
0 -66.082016
18.290254
0 -66.086224
18.288718
0 -66.08675
18.288053
0 -66.085732
18.286278
0 -66.086465
18.285094
0 -66.090158
18.2841
0 -66.09151
18.282709
0 -66.092312
18.283272
0 -66.09527
18.282727
0 -66.09598
18.283816
0 -66.099751
18.281541
0 -66.108191
18.277768
0 -66.108564
18.277867
0 -66.111712
18.279513
0 -66.116119
18.279863
0 -66.120712
18.281404
0 -66.13585
18.278937
0 -66.139138
18.278892
0 -66.140739
18.279571
0 -66.141456
18.277714
0 -66.143861
18.27959
0 -66.147155
18.280827
0 -66.15097
18.280784
0 -66.153621
18.282059
0 -66.154532
18.281829
0 -66.156909
18.282918
0 -66.161331
18.282701
0 -66.162324
18.280759
0 -66.164045
18.280721
0 -66.166694
18.279397
0 -66.16782
18.277708
0 -66.171043
18.27928
0 -66.17269
18.278316
0 -66.175338
18.27721
0 -66.175771
18.276299
0 -66.177099
18.276194
0 -66.177069
18.274538
0 -66.178056
18.273709
0 -66.178563
18.272085
0 -66.179868
18.270789
0 -66.181732
18.270109
0 -66.184315
18.268339
0 -66.185795
18.266695
0 -66.18709
18.263241
0 -66.188604
18.261997
0 -66.188689
18.260735
0 -66.189196
18.2598
0 