-82.0124261353723
33.5320881140637
0 -82.011538
33.531735
0 -82.0115365135135
33.5317337117117
0 -82.0112520044248
33.5314871371681
0 -82.010038
33.530435
0 -82.007638
33.523335
0 -82.007138
33.522835
0 -82.004338
33.521935
0 -82.0036698653262
33.5215341191957
0 -82.001338
33.520135
0 -81.9952654624459
33.5099925702553
0 -81.991938
33.504435
0 -81.990382
33.500759
0 -81.9906090848967
33.4980944282989
0 -81.990938
33.494235
0 -81.989338
33.490036
0 -81.985938
33.486536
0 -81.9817263359971
33.4845497408023
0 -81.980637
33.484036
0 -81.9736407832317
33.4826564642992
0 -81.973537
33.482636
0 -81.967037
33.480636
0 -81.9554095205317
33.4756130417579
0 -81.9554034562685
33.475610422055
0 -81.9553409312747
33.4755834118647
0 -81.946437
33.471737
0 -81.941737
33.470037
0 -81.934136
33.468337
0 -81.929436
33.465837
0 -81.926336
33.462937
0 -81.9259452812842
33.4621627375848
0 -81.924852317605
33.459996881014
0 -81.920836
33.452038
0 -81.913532
33.441274
0 -81.913457
33.439641
0 -81.9134569651431
33.4396402328028
0 -81.913356
33.437418
0 -81.9145045213969
33.435701598579
0 -81.916236
33.433114
0 -81.920716
33.430986
0 -81.924981
33.429288
0 -81.930798
33.429034
0 -81.931134
33.423978
0 -81.924893
33.419307
0 -81.921068
33.417419
0 -81.91358
33.415994
0 -81.909629
33.412603
0 -81.913069
33.407964
0 -81.925822
33.411663
0 -81.930519
33.406797
0 -81.937358
33.407468
0 -81.944893
33.407962
0 -81.942056
33.401808
0 -81.935453
33.397851
0 -81.930861
33.380076
0 -81.924837
33.37414
0 -81.925737
33.37114
0 -81.930634
33.368165
0 -81.934637
33.36894
0 -81.939637
33.37254
0 -81.9434031602374
33.3723562848665
0 -81.943737
33.37234
0 -81.946337
33.37064
0 -81.946364284505
33.3704149028335
0 -81.946737
33.36734
0 -81.944737
33.364041
0 -81.934837
33.356041
0 -81.935637
33.352041
0 -81.9379453725436
33.3496776662054
0 -81.939837
33.347741
0 -81.939737
33.344941
0 -81.937237
33.343641
0 -81.932737
33.343541
0 -81.924737
33.345341
0 -81.919537
33.340842
0 -81.915594
33.343699
0 -81.913989
33.347109
0 -81.911783
33.34771
0 -81.908774
33.347309
0 -81.907771
33.345303
0 -81.908774
33.343498
0 -81.910494
33.342281
0 -81.912585
33.342094
0 -81.917082
33.337573
0 -81.917593
33.335647
0 -81.9179930918813
33.3341385890765
0 -81.918337
33.332842
0 -81.913314
33.329532
0 -81.910337
33.328842
0 -81.908774
33.32705
0 -81.910178
33.324844
0 -81.912384
33.322437
0 -81.913737
33.320042
0 -81.910937
33.319342
0 -81.908774
33.319829
0 -81.90613
33.32162
0 -81.906444
33.324181
0 -81.904132
33.327286
0 -81.902613
33.330258
0 -81.903637
33.334842
0 -81.901954
33.335876
0 -81.900635
33.33503
0 -81.898837
33.332142
0 -81.896937
33.330542
0 -81.896937
33.327642
0 -81.899271
33.325417
0 -81.898588
33.322905
0 -81.895537
33.321642
0 -81.891023
33.322491
0 -81.889161
33.321092
0 -81.890037
33.318943
0 -81.892737
33.316743
0 -81.892537
33.315343
0 -81.890537
33.314843
0 -81.885237
33.317443
0 -81.883136
33.317443
0 -81.881536
33.314043
0 -81.884137
33.310443
0 -81.882637
33.306543
0 -81.881754
33.303677
0 -81.878363
33.303216
0 -81.875836
33.307443
0 -81.870436
33.312943
0 -81.866536
33.313743
0 -81.8662545081496
33.3135015922278
0 -81.864043
33.311605
0 -81.864036
33.307843
0 -81.864463
33.302801
0 -81.861236
33.303343
0 -81.859136
33.306043
0 -81.856275
33.30964
0 -81.85261
33.310401
0 -81.847296
33.306783
0 -81.846136
33.303843
0 -81.846994
33.300773
0 -81.849601
33.297965
0 -81.85241
33.298768
0 -81.857336
33.299544
0 -81.861536
33.297944
0 -81.863236
33.288844
0 -81.861336
33.286244
0 -81.851836
33.283544
0 -81.848236
33.283844
0 -81.846191
33.284325
0 -81.844587
33.283523
0 -81.844316
33.281805
0 -81.844036
33.278644
0 -81.840374
33.273694
0 -81.838257
33.272975
0 -81.836162
33.273494
0 -81.83556
33.275098
0 -81.833755
33.276503
0 -81.831549
33.275901
0 -81.831749
33.273293
0 -81.834357
33.270284
0 -81.836363
33.266473
0 -81.834959
33.263465
0 -81.831749
33.263665
0 -81.829944
33.264467
0 -81.827938
33.263665
0 -81.82854
33.26186
0 -81.831348
33.259453
0 -81.834959
33.259252
0 -81.838168
33.261659
0 -81.841578
33.263665
0 -81.842522
33.266584
0 -81.844988
33.266874
0 -81.847836
33.265645
0 -81.848197
33.261659
0 -81.846336
33.258445
0 -81.842539
33.257213
0 -81.839636
33.255245
0 -81.845636
33.252545
0 -81.851837
33.252045
0 -81.853011
33.249825
0 -81.852136
33.247544
0 -81.851979119203
33.2473815723462
0 -81.846536
33.241746
0 -81.837016
33.237652
0 -81.831736
33.233546
0 -81.8315651013874
33.2333301280683
0 -81.827936
33.228746
0 -81.819636
33.226646
0 -81.811736
33.223847
0 -81.809636
33.222647
0 -81.808136
33.219447
0 -81.807936
33.213747
0 -81.807336
33.212647
0 -81.805236
33.211447
0 -81.790236
33.208447
0 -81.784535
33.208147
0 -81.778935
33.209847
0 -81.777535
33.211347
0 -81.777335
33.214947
0 -81.781035
33.219847
0 -81.780135
33.221147
0 -81.778435
33.221847
0 -81.774035
33.221147
0 -81.768935
33.217447
0 -81.767635
33.215747
0 -81.763535
33.203648
0 -81.761635
33.201748
0 -81.758235
33.200248
0 -81.7570833221477
33.1981218255034
0 -81.751869
33.201583
0 -81.516319
33.382311
0 -81.463042
33.422083
0 -81.374827
33.489652
0 -81.372931
33.490417
0 -81.373494
33.49051
0 -81.34131
33.517029
0 -81.34126
33.517071
0 -81.323405
33.532582
0 -81.285921
33.56558
0 -81.25249
33.595195
0 -81.222384
33.621867
0 -81.215659
33.627794
0 -81.187271
33.652937
0 -81.189682
33.655408
0 -81.191293
33.655617
0 -81.195199
33.657542
0 -81.196034
33.657113
0 -81.198552
33.658036
0 -81.199565
33.659174
0 -81.201675
33.658723
0 -81.203418
33.659487
0 -81.205515
33.658805
0 -81.207395
33.658876
0 -81.209382
33.661196
0 -81.212071
33.663147
0 -81.212689
33.661789
0 -81.214978
33.663361
0 -81.217602
33.664114
0 -81.218319
33.665334
0 -81.221575
33.668099
0 -81.223903
33.668588
0 -81.224909
33.668109
0 -81.226921
33.669719
0 -81.230144
33.67046
0 -81.230874
33.670059
0 -81.233381
33.673577
0 -81.23461
33.672856
0 -81.236025
33.675154
0 -81.237919
33.675054
0 -81.243992
33.67945
0 -81.245807
33.679669
0 -81.251728
33.681615
0 -81.253562
33.683139
0 -81.256902
33.684801
0 -81.259717
33.684917
0 -81.259782
33.685572
0 -81.265549
33.687119
0 -81.265391
33.688065
0 -81.269224
33.690172
0 -81.268954
33.690507
0 -81.269901
33.691607
0 -81.269666
33.693142
0 -81.272497
33.694923
0 -81.274878
33.69615
0 -81.277226
33.696024
0 -81.278792
33.694232
0 -81.282836
33.694333
0 -81.284251
33.694278
0 -81.287133
33.693113
0 -81.288718
33.694042
0 -81.290428
33.694081
0 -81.292578
33.69666
0 -81.294071
33.696776
0 -81.300622
33.700301
0 -81.302858
33.704672
0 -81.306759
33.704315
0 -81.308884
33.705728
0 -81.309574
33.707267
0 -81.311594
33.70845
0 -81.313028
33.70829
0 -81.316199
33.710209
0 -81.320857
33.711231
0 -81.322942
33.711286
0 -81.327048
33.713161
0 -81.327963
33.715156
0 -81.330515
33.715205
0 -81.333535
33.716145
0 -81.33601
33.717871
0 -81.33774
33.717832
0 -81.33901
33.719163
0 -81.340155
33.718964
0 -81.344274
33.721053
0 -81.346557
33.720123
0 -81.349617
33.72054
0 -81.354388
33.722946
0 -81.35571
33.722226
0 -81.357386
33.722866
0 -81.359521
33.725177
0 -81.362075
33.725555
0 -81.365517
33.728182
0 -81.366722
33.728506
0 -81.370886
33.726667
0 -81.372985
33.726501
0 -81.374129
33.725263
0 -81.375969
33.724835
0 -81.377672
33.725535
0 -81.379094
33.725073
0 -81.384864
33.726219
0 -81.385462
33.726929
0 -81.388529
33.726551
0 -81.389853
33.727166
0 -81.393167
33.726871
0 -81.399687
33.729765
0 -81.403601
33.732268
0 -81.409004
33.731973
0 -81.41084
33.731044
0 -81.412761
33.73122
0 -81.415308
33.732161
0 -81.415584
33.733392
0 -81.418025
33.734459
0 -81.420169
33.737412
0 -81.421347
33.737605
0 -81.421551
33.738935
0 -81.423696
33.741333
0 -81.425414
33.741619
0 -81.426743
33.743197
0 -81.427026
33.744841
0 -81.425591
33.746732
0 -81.426288
33.749449
0 -81.427972
33.751299
0 -81.428504
33.753482
0 -81.430222
33.754906
0 -81.431624
33.757589
0 -81.431183
33.758958
0 -81.432262
33.762065
0 -81.432229
33.763252
0 -81.431169
33.765666
0 -81.432367
33.768014
0 -81.431748
33.769014
0 -81.433835
33.772825
0 -81.43477
33.773253
0 -81.435744
33.775233
0 -81.439721
33.778207
0 -81.442315
33.779043
0 -81.445884
33.783727
0 -81.447761
33.784914
0 -81.450573
33.787817
0 -81.451343
33.78945
0 -81.453115
33.791044
0 -81.456276
33.792869
0 -81.456869
33.794447
0 -81.459227
33.795216
0 -81.460577
33.797175
0 -81.464113
33.797216
0 -81.468651
33.798144
0 -81.47118
33.799507
0 -81.475276
33.798527
0 -81.477035
33.799566
0 -81.478867
33.802308
0 -81.480639
33.802484
0 -81.483433
33.801933
0 -81.48598
33.803048
0 -81.486672
33.804637
0 -81.490064
33.804739
0 -81.491304
33.807686
0 -81.493775
33.809779
0 -81.495514
33.809669
0 -81.502676
33.808008
0 -81.504566
33.808449
0 -81.505525
33.811457
0 -81.506691
33.81193
0 -81.508397
33.811584
0 -81.512012
33.812801
0 -81.514211
33.815155
0 -81.513887
33.816117
0 -81.518208
33.817773
0 -81.518279
33.819769
0 -81.519418
33.821089
0 -81.520286
33.823992
0 -81.522124
33.825522
0 -81.52286
33.826967
0 -81.527148
33.829799
0 -81.530527
33.831378
0 -81.533524
33.832082
0 -81.534438
33.837454
0 -81.536849
33.838274
0 -81.536249
33.839489
0 -81.538291
33.841496
0 -81.537612
33.842166
0 -81.538778
33.842969
0 -81.538679
33.844531
0 -81.540866
33.845608
0 -81.542019
33.846945
0 -81.542263
33.848407
0 -81.541439
33.849347
0 -81.540865
33.851915
0 -81.542479
33.853619
0 -81.546946
33.858683
0 -81.549055
33.858986
0 -81.551552
33.860657
0 -81.554531
33.860547
0 -81.556561
33.861812
0 -81.561503
33.863033
0 -81.563671
33.865324
0 -81.565293
33.867655
0 -81.56672
33.868738
0 -81.56823
33.87135
0 -81.569149
33.871845
0 -81.571485
33.87723
0 -81.579111
33.871522
0 -81.584337
33.867424
0 -81.586943
33.865388
0 -81.602413
33.853032
0 -81.613897
33.843889
0 -81.651759
33.81451
0 -81.676257
33.795713
0 -81.704046
33.774135
0 -81.716017
33.764537
0 -81.778881
33.715476
0 -81.779093
33.715309
0 -81.81206
33.689515
0 -81.815925
33.686116
0 -81.860576
33.651618
0 -81.877896
33.637775
0 -81.892017
33.626865
0 -81.922858
33.6017
0 -81.9332
33.593584
0 -81.940509
33.587744
0 -81.942742
33.586051
0 -81.948456
33.581637
0 -81.955419
33.576313
0 -81.958342
33.574085
0 -81.980937
33.556544
0 -81.996617
33.54411
0 -82.002846
33.539478
0 -82.011
33.533319
0 -82.0124261353723
33.5320881140637
0 