-93.812168
46.504353
0 -93.811668
46.482442
0 -93.810811
46.442351
0 -93.810164
46.417475
0 -93.810176
46.412365
0 -93.81043
46.410916
0 -93.810113
46.406973
0 -93.810286
46.40465
0 -93.810446
46.374959
0 -93.810533
46.374332
0 -93.810572
46.357258
0 -93.810608
46.341824
0 -93.810632
46.330547
0 -93.810725
46.286291
0 -93.810796
46.253265
0 -93.810407
46.250948
0 -93.808453
46.248825
0 -93.804291
46.247214
0 -93.801416
46.248295
0 -93.79897
46.248715
0 -93.798154
46.248289
0 -93.797259
46.247311
0 -93.796281
46.243199
0 -93.685322
46.244762
0 -93.659881
46.245143
0 -93.634499
46.245582
0 -93.553305
46.246816
0 -93.545326
46.246973
0 -93.533936
46.24715
0 -93.493177
46.246784
0 -93.430648
46.246412
0 -93.430427
46.218174
0 -93.43017
46.21546
0 -93.43034
46.161778
0 -93.430313
46.161526
0 -93.430267
46.161076
0 -93.431831
46.153991
0 -93.419687
46.154285
0 -93.409283
46.154472
0 -93.377062
46.155896
0 -93.375232
46.156108
0 -93.304891
46.158913
0 -93.284475
46.159443
0 -93.277667
46.159383
0 -93.267218
46.159302
0 -93.263896
46.159465
0 -93.262364
46.159271
0 -93.178985
46.15855
0 -93.155624
46.158344
0 -93.136381
46.158207
0 -93.054858
46.158273
0 -93.053871
46.15812
0 -93.05389
46.1694
0 -93.05418
46.192912
0 -93.054082
46.204912
0 -93.05405
46.21623
0 -93.054157
46.245243
0 -93.054248
46.252827
0 -93.054024
46.288437
0 -93.053712
46.332076
0 -93.054847
46.419269
0 -93.055168
46.506888
0 -93.05533
46.52746
0 -93.055455
46.534905
0 -93.0556
46.547718
0 -93.055844
46.579055
0 -93.054765
46.593239
0 -93.062678
46.59331
0 -93.064008
46.629113
0 -93.06384
46.630121
0 -93.06385
46.63295
0 -93.064075
46.633816
0 -93.064783
46.672871
0 -93.064696
46.680088
0 -93.064445
46.687405
0 -93.063909
46.6944
0 -93.0635
46.70887
0 -93.061529
46.76655
0 -93.059495
46.853022
0 -93.058266
46.910601
0 -93.057776
46.939585
0 -93.057775
46.939668
0 -93.055943
47.026415
0 -93.190237
47.025205
0 -93.191277
47.025194
0 -93.252886
47.026412
0 -93.28548
47.026999
0 -93.314994
47.028224
0 -93.316728
47.028284
0 -93.32009
47.028271
0 -93.38009
47.02824
0 -93.44392
47.02843
0 -93.571416
47.029457
0 -93.653395
47.028978
0 -93.675907
47.02905
0 -93.699201
47.02955
0 -93.750232
47.030003
0 -93.775257
47.030418
0 -93.775466
47.021773
0 -93.774866
46.975726
0 -93.775077
46.889377
0 -93.775516
46.856367
0 -93.776024
46.802891
0 -93.777542
46.749958
0 -93.77702
46.749007
0 -93.77728
46.724894
0 -93.777415
46.716384
0 -93.778278
46.629756
0 -93.777988
46.594932
0 -93.777971
46.593254
0 -93.777905
46.589671
0 -93.783958
46.58936
0 -93.785622
46.589708
0 -93.791237
46.587642
0 -93.796758
46.585904
0 -93.799577
46.585368
0 -93.811464
46.584238
0 -93.811461
46.58373
0 -93.811387
46.515974
0 -93.812168
46.504353
0 