-82.658554
29.830144
0 -82.658128
29.828068
0 -82.658097
29.821778
0 -82.657199
29.745016
0 -82.657084
29.74368
0 -82.657057
29.741588
0 -82.657043
29.726635
0 -82.657019
29.68196
0 -82.65657
29.679848
0 -82.656551
29.647602
0 -82.656434
29.643146
0 -82.656353
29.638752
0 -82.65632
29.631195
0 -82.656308
29.603778
0 -82.656298
29.601389
0 -82.656291
29.596142
0 -82.656307
29.579269
0 -82.656428
29.573385
0 -82.656301
29.564811
0 -82.656335
29.550895
0 -82.656133
29.55083
0 -82.656382
29.550325
0 -82.656331
29.53562
0 -82.639496
29.536144
0 -82.636209
29.536053
0 -82.589171
29.537849
0 -82.573579
29.537483
0 -82.568411
29.537685
0 -82.557106
29.537466
0 -82.557007
29.537311
0 -82.556669
29.534556
0 -82.556511
29.511982
0 -82.556635
29.506178
0 -82.556921
29.500245
0 -82.556766
29.480055
0 -82.523096
29.479266
0 -82.499828
29.478678
0 -82.496331
29.478371
0 -82.496247
29.485499
0 -82.490817
29.485419
0 -82.466603
29.48507
0 -82.451522
29.485215
0 -82.447696
29.485386
0 -82.412932
29.485092
0 -82.40662
29.485048
0 -82.287496
29.484326
0 -82.287204
29.484331
0 -82.244236
29.484253
0 -82.24389
29.484271
0 -82.224418
29.484207
0 -82.215143
29.484213
0 -82.214002
29.483412
0 -82.211449
29.484067
0 -82.211644
29.482741
0 -82.210336
29.481317
0 -82.21097
29.479672
0 -82.213328
29.478923
0 -82.214811
29.477311
0 -82.211686
29.474088
0 -82.210623
29.474088
0 -82.212012
29.472102
0 -82.210993
29.470837
0 -82.208303
29.470777
0 -82.20817
29.466762
0 -82.20634
29.466058
0 -82.205335
29.467054
0 -82.206643
29.470673
0 -82.205832
29.472318
0 -82.204556
29.471278
0 -82.2035
29.472137
0 -82.201639
29.469117
0 -82.20018
29.468276
0 -82.201161
29.467461
0 -82.199199
29.466526
0 -82.196703
29.464123
0 -82.192837
29.462258
0 -82.191844
29.463034
0 -82.189367
29.461125
0 -82.190813
29.45975
0 -82.189172
29.458969
0 -82.188116
29.456911
0 -82.188795
29.454425
0 -82.192271
29.452538
0 -82.196331
29.454892
0 -82.199013
29.455772
0 -82.198623
29.45795
0 -82.195581
29.457583
0 -82.193347
29.459797
0 -82.193455
29.46144
0 -82.194486
29.461319
0 -82.196083
29.462715
0 -82.198964
29.460662
0 -82.204183
29.460568
0 -82.205272
29.46233
0 -82.206624
29.46169
0 -82.208857
29.463269
0 -82.209548
29.46451
0 -82.211661
29.466056
0 -82.212727
29.465623
0 -82.211782
29.464008
0 -82.213703
29.462905
0 -82.213398
29.461676
0 -82.214929
29.461392
0 -82.216446
29.460197
0 -82.217722
29.457095
0 -82.216878
29.45504
0 -82.214087
29.452997
0 -82.214596
29.451985
0 -82.211572
29.449504
0 -82.211704
29.447898
0 -82.211314
29.447772
0 -82.212886
29.444356
0 -82.212846
29.441989
0 -82.213644
29.441022
0 -82.212475
29.440207
0 -82.213731
29.437017
0 -82.213245
29.431764
0 -82.210165
29.428496
0 -82.207237
29.42727
0 -82.203624
29.426946
0 -82.202122
29.426402
0 -82.200142
29.424097
0 -82.200079
29.422761
0 -82.197735
29.422095
0 -82.198043
29.42308
0 -82.193626
29.420935
0 -82.183233
29.421287
0 -82.180387
29.422288
0 -82.178131
29.422492
0 -82.175825
29.42066
0 -82.175492
29.421969
0 -82.173682
29.421831
0 -82.172281
29.423272
0 -82.173399
29.424048
0 -82.170502
29.425258
0 -82.167267
29.424559
0 -82.168423
29.425703
0 -82.167888
29.427167
0 -82.165155
29.425004
0 -82.162862
29.424448
0 -82.159085
29.424877
0 -82.157289
29.422461
0 -82.155762
29.422367
0 -82.154875
29.423666
0 -82.156301
29.425641
0 -82.153079
29.422405
0 -82.15365
29.42427
0 -82.150658
29.426498
0 -82.150019
29.422905
0 -82.151552
29.421723
0 -82.151018
29.420512
0 -82.149467
29.420072
0 -82.148827
29.417057
0 -82.147532
29.417552
0 -82.146175
29.418052
0 -82.14502
29.418077
0 -82.143479
29.418469
0 -82.141758
29.419789
0 -82.140338
29.420075
0 -82.140563
29.421527
0 -82.14251
29.421753
0 -82.145298
29.423459
0 -82.144174
29.424928
0 -82.14406
29.426606
0 -82.142483
29.426429
0 -82.140849
29.427908
0 -82.141024
29.428634
0 -82.137586
29.431032
0 -82.137824
29.432523
0 -82.136705
29.43283
0 -82.135466
29.434667
0 -82.133581
29.434931
0 -82.131973
29.433351
0 -82.128637
29.432244
0 -82.128096
29.433058
0 -82.126613
29.432348
0 -82.127193
29.430048
0 -82.125239
29.42887
0 -82.121148
29.42898
0 -82.118333
29.428475
0 -82.117782
29.431903
0 -82.116004
29.432558
0 -82.113886
29.432306
0 -82.111933
29.435013
0 -82.109795
29.435379
0 -82.105914
29.435709
0 -82.105688
29.435966
0 -82.105231
29.437636
0 -82.104124
29.438273
0 -82.101143
29.438313
0 -82.100499
29.436584
0 -82.098767
29.436062
0 -82.099438
29.434658
0 -82.098787
29.43327
0 -82.09751
29.433141
0 -82.097859
29.431672
0 -82.095897
29.430316
0 -82.096999
29.428244
0 -82.098716
29.427258
0 -82.098515
29.424337
0 -82.096817
29.421835
0 -82.097787
29.421062
0 -82.099425
29.422489
0 -82.099674
29.421109
0 -82.098839
29.419761
0 -82.099886
29.418664
0 -82.095629
29.420499
0 -82.095524
29.421776
0 -82.096683
29.423731
0 -82.096874
29.425242
0 -82.095455
29.427811
0 -82.095729
29.428781
0 -82.094537
29.430352
0 -82.093048
29.430632
0 -82.092671
29.429232
0 -82.091986
29.430754
0 -82.090951
29.430936
0 -82.090473
29.429669
0 -82.08893
29.428942
0 -82.089427
29.428046
0 -82.088123
29.426198
0 -82.086517
29.42677
0 -82.088277
29.428971
0 -82.086053
29.431106
0 -82.086692
29.432123
0 -82.088744
29.433221
0 -82.087613
29.435704
0 -82.085674
29.43723
0 -82.083806
29.437892
0 -82.080943
29.440386
0 -82.078387
29.440149
0 -82.075901
29.43875
0 -82.076102
29.43682
0 -82.074024
29.434647
0 -82.070412
29.434445
0 -82.070326
29.439195
0 -82.071726
29.442609
0 -82.071291
29.443271
0 -82.067155
29.443798
0 -82.065089
29.4419
0 -82.064016
29.439576
0 -82.059614
29.439331
0 -82.056747
29.439951
0 -82.055643
29.441847
0 -82.055899
29.471232
0 -82.055957
29.506908
0 -82.056104
29.50802
0 -82.055527
29.563922
0 -82.055363
29.565814
0 -82.055413
29.594097
0 -82.055337
29.59482
0 -82.055961
29.631151
0 -82.056014
29.643532
0 -82.056151
29.645355
0 -82.056071
29.656846
0 -82.055027
29.669608
0 -82.052741
29.688442
0 -82.052302
29.690543
0 -82.050291
29.709735
0 -82.049981
29.713467
0 -82.049436
29.713456
0 -82.050324
29.715498
0 -82.052027
29.71678
0 -82.055474
29.717209
0 -82.055625
29.718232
0 -82.055694
29.719745
0 -82.05413
29.725202
0 -82.053998
29.72787
0 -82.05454
29.728948
0 -82.054389
29.732705
0 -82.055025
29.734416
0 -82.054528
29.737562
0 -82.055101
29.738139
0 -82.056368
29.744207
0 -82.057931
29.747822
0 -82.060331
29.750443
0 -82.066856
29.756511
0 -82.070708
29.75925
0 -82.073142
29.760361
0 -82.076723
29.761208
0 -82.082655
29.761251
0 -82.085246
29.760386
0 -82.088153
29.760931
0 -82.087504
29.761938
0 -82.08362
29.763638
0 -82.082095
29.763572
0 -82.08004
29.767038
0 -82.080035
29.772231
0 -82.079348
29.776005
0 -82.081606
29.778051
0 -82.084494
29.778765
0 -82.089759
29.77916
0 -82.093543
29.779165
0 -82.094319
29.780089
0 -82.093411
29.781789
0 -82.094697
29.780606
0 -82.098039
29.780941
0 -82.101244
29.78336
0 -82.104355
29.783284
0 -82.109123
29.783085
0 -82.108889
29.790713
0 -82.117552
29.790595
0 -82.117597
29.798188
0 -82.119545
29.798225
0 -82.119645
29.801846
0 -82.121695
29.801852
0 -82.12167
29.805333
0 -82.124054
29.805289
0 -82.123923
29.823686
0 -82.129933
29.823675
0 -82.130243
29.825353
0 -82.130178
29.830823
0 -82.133127
29.83081
0 -82.133126
29.835949
0 -82.13853
29.835959
0 -82.146561
29.835895
0 -82.1471
29.838728
0 -82.16192
29.838744
0 -82.164932
29.839561
0 -82.173204
29.836976
0 -82.17798
29.838198
0 -82.182131
29.840683
0 -82.18509
29.84405
0 -82.188258
29.845947
0 -82.190271
29.848087
0 -82.191943
29.848422
0 -82.198076
29.848207
0 -82.205851
29.84549
0 -82.208209
29.843977
0 -82.210283
29.844276
0 -82.210258
29.845315
0 -82.219701
29.845304
0 -82.233514
29.845297
0 -82.233656
29.84898
0 -82.238187
29.84904
0 -82.238154
29.850754
0 -82.241061
29.852185
0 -82.244135
29.852392
0 -82.246198
29.851962
0 -82.247175
29.850906
0 -82.249553
29.85009
0 -82.252488
29.850088
0 -82.257392
29.848478
0 -82.260377
29.846565
0 -82.263655
29.846622
0 -82.264005
29.847076
0 -82.265019
29.847513
0 -82.267826
29.846416
0 -82.267061
29.845818
0 -82.269606
29.844922
0 -82.269507
29.844037
0 -82.271774
29.843235
0 -82.272563
29.843011
0 -82.275075
29.844245
0 -82.278175
29.844073
0 -82.279689
29.844742
0 -82.281837
29.844448
0 -82.283874
29.845257
0 -82.286278
29.847958
0 -82.289704
29.849037
0 -82.289622
29.849801
0 -82.293243
29.851199
0 -82.294878
29.850913
0 -82.295906
29.852459
0 -82.299509
29.853158
0 -82.305027
29.853171
0 -82.305203
29.859924
0 -82.313914
29.859959
0 -82.314176
29.867604
0 -82.323079
29.867233
0 -82.325837
29.869031
0 -82.326692
29.871903
0 -82.329297
29.874256
0 -82.332831
29.875037
0 -82.334962
29.878714
0 -82.336211
29.878798
0 -82.343266
29.876613
0 -82.348117
29.876789
0 -82.350122
29.878221
0 -82.351359
29.877599
0 -82.354086
29.878528
0 -82.356421
29.877493
0 -82.35839
29.877371
0 -82.361548
29.881154
0 -82.362734
29.881462
0 -82.366117
29.880454
0 -82.367846
29.880415
0 -82.369524
29.879144
0 -82.372245
29.879852
0 -82.373893
29.879292
0 -82.375003
29.879433
0 -82.377198
29.881387
0 -82.37897
29.880942
0 -82.378646
29.882526
0 -82.382684
29.880922
0 -82.387415
29.881903
0 -82.388614
29.881798
0 -82.388771
29.884131
0 -82.389584
29.884594
0 -82.391695
29.8841
0 -82.39439
29.88659
0 -82.397647
29.886156
0 -82.397197
29.88753
0 -82.398771
29.887319
0 -82.39867
29.889391
0 -82.400926
29.890026
0 -82.401284
29.892825
0 -82.402359
29.893711
0 -82.402856
29.895787
0 -82.404456
29.89575
0 -82.403573
29.897652
0 -82.404655
29.898409
0 -82.403957
29.899601
0 -82.405781
29.902515
0 -82.406003
29.904071
0 -82.404468
29.90478
0 -82.406485
29.907379
0 -82.405862
29.908893
0 -82.407022
29.910178
0 -82.405503
29.911204
0 -82.406629
29.914054
0 -82.409658
29.915031
0 -82.408996
29.916912
0 -82.41114
29.917238
0 -82.410304
29.918052
0 -82.411043
29.920582
0 -82.413257
29.92122
0 -82.412983
29.922238
0 -82.415732
29.922486
0 -82.416386
29.921653
0 -82.416413
29.922325
0 -82.418728
29.923093
0 -82.420455
29.920846
0 -82.421013
29.920717
0 -82.422399
29.919923
0 -82.426292
29.921807
0 -82.42927
29.925535
0 -82.433362
29.929265
0 -82.433743
29.929548
0 -82.434186
29.929276
0 -82.433807
29.928327
0 -82.435115
29.928364
0 -82.435531
29.928616
0 -82.436108
29.930312
0 -82.436587
29.93085
0 -82.437621
29.930317
0 -82.439438
29.930983
0 -82.439774
29.929339
0 -82.441713
29.929112
0 -82.444165
29.930962
0 -82.446597
29.931818
0 -82.448948
29.931515
0 -82.450371
29.928976
0 -82.451215
29.92667
0 -82.453061
29.925675
0 -82.456679
29.927568
0 -82.458325
29.929169
0 -82.458786
29.930518
0 -82.460127
29.930372
0 -82.461284
29.931621
0 -82.463373
29.928636
0 -82.464932
29.929588
0 -82.468379
29.928265
0 -82.469141
29.928426
0 -82.46913
29.927134
0 -82.469989
29.925794
0 -82.472129
29.926547
0 -82.47544
29.930432
0 -82.475676
29.932384
0 -82.477253
29.93212
0 -82.47671
29.933003
0 -82.477572
29.934893
0 -82.479661
29.935815
0 -82.481167
29.937014
0 -82.482042
29.935904
0 -82.484318
29.936878
0 -82.483847
29.938461
0 -82.484532
29.93973
0 -82.485636
29.939094
0 -82.486221
29.939872
0 -82.490726
29.939021
0 -82.491412
29.938267
0 -82.492045
29.939245
0 -82.495445
29.940114
0 -82.496081
29.939514
0 -82.49899
29.938881
0 -82.499248
29.940194
0 -82.501105
29.941138
0 -82.50156
29.942015
0 -82.503157
29.941825
0 -82.504798
29.942835
0 -82.510972
29.945207
0 -82.516432
29.943363
0 -82.52014
29.943937
0 -82.522148
29.943538
0 -82.52218
29.944621
0 -82.524103
29.945254
0 -82.525368
29.94496
0 -82.526572
29.943308
0 -82.526516
29.942417
0 -82.527949
29.941216
0 -82.529705
29.940881
0 -82.530262
29.939138
0 -82.529269
29.936761
0 -82.529439
29.934277
0 -82.530453
29.932378
0 -82.531777
29.931058
0 -82.535067
29.929283
0 -82.539572
29.928868
0 -82.541554
29.925495
0 -82.545235
29.925099
0 -82.548134
29.925571
0 -82.551334
29.928712
0 -82.554735
29.928541
0 -82.558649
29.926637
0 -82.560837
29.924916
0 -82.562052
29.922665
0 -82.560934
29.922154
0 -82.56325
29.921427
0 -82.564739
29.920227
0 -82.566583
29.920566
0 -82.566286
29.919335
0 -82.567856
29.917196
0 -82.570621
29.917533
0 -82.571552
29.918276
0 -82.578266
29.915845
0 -82.578786
29.915362
0 -82.579526
29.914444
0 -82.575966
29.913095
0 -82.575876
29.894865
0 -82.580029
29.894851
0 -82.579997
29.88764
0 -82.592553
29.887515
0 -82.59234
29.873221
0 -82.590225
29.873204
0 -82.589558
29.870452
0 -82.586792
29.867668
0 -82.586485
29.866702
0 -82.588376
29.86686
0 -82.591231
29.866042
0 -82.592897
29.861933
0 -82.594379
29.86122
0 -82.595449
29.859708
0 -82.597171
29.858897
0 -82.599863
29.858978
0 -82.600807
29.858179
0 -82.602422
29.857656
0 -82.603676
29.854736
0 -82.606276
29.852864
0 -82.608466
29.852927
0 -82.610622
29.852053
0 -82.612413
29.853166
0 -82.615882
29.856584
0 -82.616452
29.857786
0 -82.619739
29.859111
0 -82.622927
29.854005
0 -82.622394
29.852094
0 -82.61847
29.850891
0 -82.617466
29.84886
0 -82.618497
29.847002
0 -82.622037
29.848512
0 -82.629262
29.849373
0 -82.631251
29.849112
0 -82.632104
29.846807
0 -82.630571
29.842908
0 -82.630646
29.842782
0 -82.63083
29.84247
0 -82.631659
29.841463
0 -82.634513
29.839656
0 -82.635011
29.838132
0 -82.634587
29.835252
0 -82.634734
29.833596
0 -82.635797
29.832351
0 -82.640627
29.828849
0 -82.641377
29.827423
0 -82.644367
29.826795
0 -82.649151
29.826482
0 -82.652107
29.82563
0 -82.653674
29.826943
0 -82.65456
29.829052
0 -82.655512
29.829693
0 -82.658554
29.830144
0 