-79.542134
35.883267
0 -79.54249
35.843399
0 -79.486684
35.843642
0 -79.432778
35.843749
0 -79.426573
35.843786
0 -79.392412
35.843955
0 -79.349993
35.843992
0 -79.237316
35.844247
0 -79.237532
35.845706
0 -79.236689
35.849202
0 -79.237153
35.850712
0 -79.240892
35.852678
0 -79.245564
35.854139
0 -79.248319
35.854628
0 -79.250233
35.8564
0 -79.250817
35.857853
0 -79.250848
35.860405
0 -79.249438
35.863436
0 -79.249139
35.866233
0 -79.250689
35.869402
0 -79.25079
35.872349
0 -79.249741
35.874583
0 -79.249475
35.876788
0 -79.250021
35.878107
0 -79.254474
35.88342
0 -79.256307
35.88641
0 -79.258145
35.891783
0 -79.258321
35.895347
0 -79.257833
35.897791
0 -79.256865
35.899776
0 -79.257609
35.902571
0 -79.260007
35.905008
0 -79.264594
35.907482
0 -79.268339
35.909103
0 -79.268331
35.910399
0 -79.267151
35.913602
0 -79.265213
35.914294
0 -79.264524
35.914111
0 -79.263864
35.92973
0 -79.264152
35.930242
0 -79.26404
35.931189
0 -79.26409
35.933419
0 -79.263822
35.933404
0 -79.263889
35.94581
0 -79.264152
35.949159
0 -79.263639
35.949885
0 -79.263453
35.96939
0 -79.264546
35.973764
0 -79.263406
35.973742
0 -79.263253
35.986032
0 -79.263022
36.005924
0 -79.262516
36.022906
0 -79.262384
36.023776
0 -79.261976
36.035052
0 -79.261965
36.035357
0 -79.261807
36.039873
0 -79.26086
36.040086
0 -79.261745
36.041468
0 -79.261641
36.045345
0 -79.261216
36.061552
0 -79.261746
36.061609
0 -79.262143
36.061681
0 -79.261675
36.062651
0 -79.261351
36.064842
0 -79.261458
36.065671
0 -79.260687
36.066094
0 -79.26056
36.068405
0 -79.261041
36.068332
0 -79.261133
36.070702
0 -79.260937
36.073673
0 -79.260878
36.074903
0 -79.260871
36.075105
0 -79.260362
36.075594
0 -79.260164
36.081547
0 -79.260546
36.087486
0 -79.260511
36.088699
0 -79.260418
36.092289
0 -79.26039
36.093438
0 -79.260375
36.094073
0 -79.260357
36.094294
0 -79.260347
36.095198
0 -79.259613
36.095428
0 -79.260108
36.103219
0 -79.258695
36.103763
0 -79.259576
36.104648
0 -79.260117
36.107769
0 -79.260114
36.10786
0 -79.260083
36.109556
0 -79.260081
36.109637
0 -79.25952
36.109633
0 -79.259516
36.110456
0 -79.260065
36.110464
0 -79.259888
36.118657
0 -79.259859
36.120068
0 -79.259856
36.120259
0 -79.259732
36.127706
0 -79.259642
36.131172
0 -79.259597
36.132965
0 -79.259155
36.133718
0 -79.259574
36.133859
0 -79.259536
36.136417
0 -79.259518
36.137279
0 -79.25912
36.157402
0 -79.259022
36.162252
0 -79.258384
36.194368
0 -79.258031
36.239153
0 -79.257955
36.242997
0 -79.257002
36.242987
0 -79.256964
36.243866
0 -79.27505
36.24432
0 -79.297917
36.244878
0 -79.31552
36.245363
0 -79.325083
36.245453
0 -79.338163
36.245818
0 -79.342656
36.245926
0 -79.343749
36.246125
0 -79.344025
36.24612
0 -79.344703
36.245994
0 -79.351826
36.246146
0 -79.353461
36.246121
0 -79.365366
36.246411
0 -79.376158
36.246713
0 -79.394174
36.247097
0 -79.431686
36.247966
0 -79.442714
36.248185
0 -79.458767
36.248536
0 -79.531954
36.250044
0 -79.532365
36.241342
0 -79.533767
36.21544
0 -79.534022
36.215143
0 -79.535558
36.182346
0 -79.536805
36.1517
0 -79.537631
36.126127
0 -79.5375
36.120766
0 -79.537953
36.115932
0 -79.53834
36.105927
0 -79.538349
36.103793
0 -79.538447
36.102971
0 -79.538545
36.098284
0 -79.538665
36.094133
0 -79.538861
36.088312
0 -79.539001
36.084097
0 -79.539015
36.082654
0 -79.538946
36.081176
0 -79.539136
36.069618
0 -79.539182
36.066811
0 -79.539192
36.066211
0 -79.539245
36.063043
0 -79.539273
36.057881
0 -79.539345
36.045735
0 -79.539368
36.043703
0 -79.53938
36.042735
0 -79.539419
36.039277
0 -79.539632
36.012834
0 -79.539641
36.011597
0 -79.539644
36.01099
0 -79.539909
35.993948
0 -79.540405
35.966482
0 -79.540796
35.951919
0 -79.540716
35.944636
0 -79.541452
35.912635
0 -79.541748
35.909629
0 -79.541463
35.907604
0 -79.541622
35.902097
0 -79.541978
35.899627
0 -79.542134
35.883267
0 