-106.322885
41.395141
0 -106.322742
41.382647
0 -106.322656
41.374969
0 -106.322693
41.334826
0 -106.321165
40.999123
0 -106.217573
40.997734
0 -106.190553863626
40.9976070173843
0 -106.061181
40.996999
0 -105.77056285729
40.9968997139614
0 -105.730421
40.996886
0 -105.724804
40.99691
0 -105.412718025682
40.9977904880995
0 -105.277138
40.998173
0 -105.276859991921
40.99817324279
0 -105.276837
41.045683
0 -105.278738
41.045582
0 -105.278875
41.116397
0 -105.279781
41.185366
0 -105.279868
41.185602
0 -105.279861
41.190717
0 -105.280084
41.280435
0 -105.280636
41.331
0 -105.280201
41.395378
0 -105.277599
41.395473
0 -105.27745
41.398902
0 -105.278236
41.656655
0 -105.278973
41.741995
0 -105.271809
41.742029
0 -105.271678
41.816565
0 -105.271433
41.87279
0 -105.271602
41.874971
0 -105.271746
41.986095
0 -105.272627
41.997789
0 -105.273344
42.00716
0 -105.27375
42.088824
0 -105.281139
42.088888
0 -105.281329
42.221756
0 -105.281919
42.360612
0 -105.283757
42.380567
0 -105.28391
42.431402
0 -105.332638
42.431106
0 -105.332486
42.419104
0 -105.342101
42.419065
0 -105.34206
42.404929
0 -105.351999
42.404618
0 -105.352229
42.376393
0 -105.361737
42.376319
0 -105.361801
42.374927
0 -105.360831
42.333529
0 -105.359712
42.32751
0 -105.358592
42.319265
0 -105.372808
42.319105
0 -105.375545
42.318952
0 -105.378682
42.319018
0 -105.375538
42.293837
0 -105.375541
42.290139
0 -105.517372
42.28969
0 -105.526399
42.288859
0 -105.5267
42.296137
0 -105.535878
42.29455
0 -105.563802
42.297293
0 -105.599416
42.297536
0 -105.599427
42.304809
0 -105.613865
42.304455
0 -105.614656
42.377436
0 -105.577998
42.377417
0 -105.575642
42.377314
0 -105.575546
42.406228
0 -105.556184
42.406253
0 -105.556042
42.430583
0 -105.590706
42.430846
0 -105.593618
42.431103
0 -105.698475
42.431056
0 -105.76722
42.431614
0 -105.873886
42.431767
0 -105.875561
42.431996
0 -105.946988
42.432178
0 -105.956423
42.43287
0 -106.073403
42.433236
0 -106.074919
42.086649
0 -106.073483
41.99558
0 -106.073157
41.989272
0 -106.073463
41.988174
0 -106.073253
41.983221
0 -106.073062
41.977194
0 -106.073369
41.976462
0 -106.0733
41.940086
0 -106.072962
41.935012
0 -106.073388
41.922773
0 -106.073016
41.898183
0 -106.073186
41.833168
0 -106.07328
41.831196
0 -106.073244
41.814795
0 -106.073062
41.8131
0 -106.072923
41.771563
0 -106.07147
41.545631
0 -106.071399
41.53072
0 -106.068406
41.395028
0 -106.208075
41.393767
0 -106.208141
41.39504
0 -106.322885
41.395141
0 