-88.823354
34.93425
0 -88.823539
34.913522
0 -88.823293
34.875091
0 -88.823441
34.873526
0 -88.823473
34.858629
0 -88.821428
34.85854
0 -88.810266
34.85854
0 -88.752956
34.858775
0 -88.752968
34.847293
0 -88.753011
34.805824
0 -88.75305
34.786201
0 -88.753065
34.75696
0 -88.718508
34.756781
0 -88.700983
34.756744
0 -88.684404
34.756796
0 -88.680347
34.756609
0 -88.656409
34.756494
0 -88.653814
34.756594
0 -88.625007
34.756343
0 -88.617462
34.756057
0 -88.605334
34.756129
0 -88.604305
34.756265
0 -88.586954
34.756074
0 -88.559728
34.756117
0 -88.542754
34.756083
0 -88.526078
34.755867
0 -88.525522
34.755903
0 -88.516248
34.755973
0 -88.492973
34.75596
0 -88.490631
34.75564
0 -88.488139
34.755942
0 -88.481442
34.755897
0 -88.471559
34.755856
0 -88.411654
34.755731
0 -88.404223
34.755714
0 -88.365472
34.755604
0 -88.36567
34.799421
0 -88.365544
34.854345
0 -88.364662
34.92963
0 -88.364181
34.950786
0 -88.363852
34.980672
0 -88.3635308623519
34.9955896102908
0 -88.380508
34.99561
0 -88.4628193195682
34.9960174407092
0 -88.469801
34.996052
0 -88.469877
34.996033
0 -88.474158525998
34.996022442683
0 -88.478834
34.9960109139754
0 -88.5046331476009
34.9959472988578
0 -88.5048331795229
34.9959468056223
0 -88.5142131311916
34.9959236766904
0 -88.5142141767328
34.9959236741123
0 -88.5284971515357
34.9958884553859
0 -88.5310461459007
34.9958821701171
0 -88.5316851494129
34.9958805944727
0 -88.5642805092082
34.9958002213658
0 -88.5849897119446
34.9957491569513
0 -88.6058652359321
34.9956976824245
0 -88.6844382883445
34.9955039382727
0 -88.7196885252583
34.9954170188131
0 -88.786612
34.995252
0 -88.8230487339323
34.9951575501037
0 -88.823305
34.950334
0 -88.823354
34.93425
0 