179.482464
51.982834
0 179.475569
51.937456
0 179.484634
51.921268
0 179.521868
51.896765
0 179.614364
51.871772
0 179.639077
51.871931
0 179.649484
51.87367
0 179.734772
51.907606
0 179.743012
51.911749
0 179.751525
51.923933
0 179.758993
51.946595
0 179.767251
51.947572
0 179.777158
51.9587
0 179.77847
51.962217
0 179.773922
51.970693
0 179.704433
52.004877
0 179.663327
52.022941
0 179.647641
52.026259
0 179.622283
52.024975
0 179.582857
52.016841
0 179.571049
52.011111
0 179.539223
51.985178
0 179.526743
51.981164
0 179.515025
51.983751
0 179.486565
51.983959
0 179.482464
51.982834
0 