-81.343629
35.825765
0 -81.343783
35.823962
0 -81.342358
35.82236
0 -81.339899
35.824155
0 -81.339308
35.823357
0 -81.337397
35.817911
0 -81.33973
35.816891
0 -81.339974
35.816057
0 -81.335743
35.814514
0 -81.337917
35.812631
0 -81.335643
35.807401
0 -81.334331
35.803449
0 -81.332912
35.80383
0 -81.331905
35.802671
0 -81.331874
35.800504
0 -81.334087
35.798238
0 -81.334255
35.79646
0 -81.327082
35.796392
0 -81.318888
35.796628
0 -81.315913
35.796857
0 -81.313517
35.79807
0 -81.309086
35.802386
0 -81.304399
35.802548
0 -81.302349
35.801293
0 -81.301957
35.80096
0 -81.299539
35.798338
0 -81.298074
35.798193
0 -81.29014
35.799933
0 -81.287851
35.800978
0 -81.283685
35.804755
0 -81.282342
35.805472
0 -81.279047
35.806265
0 -81.276056
35.806036
0 -81.271935
35.804831
0 -81.270028
35.804457
0 -81.26876
35.804455
0 -81.262429
35.805769
0 -81.255043
35.808272
0 -81.253457
35.809332
0 -81.252266
35.810637
0 -81.251983
35.813782
0 -81.251279
35.814722
0 -81.250614
35.8153
0 -81.248998
35.815716
0 -81.244077
35.814375
0 -81.240954
35.812841
0 -81.232186
35.812419
0 -81.2281
35.810388
0 -81.225814
35.809519
0 -81.223227
35.810509
0 -81.220646
35.812587
0 -81.216186
35.817277
0 -81.207664
35.821649
0 -81.205137
35.8228
0 -81.201893
35.823289
0 -81.196081
35.821161
0 -81.193916
35.821405
0 -81.192364
35.822194
0 -81.190407
35.822385
0 -81.187261
35.822228
0 -81.175941
35.823054
0 -81.170728
35.825033
0 -81.167153
35.825719
0 -81.161779
35.824768
0 -81.160303
35.825087
0 -81.156996
35.826317
0 -81.156466
35.827326
0 -81.154857
35.828311
0 -81.149609
35.828958
0 -81.145946
35.827945
0 -81.142729
35.82773
0 -81.142327
35.827167
0 -81.142311
35.819807
0 -81.141534
35.813555
0 -81.140341
35.810749
0 -81.138642
35.808442
0 -81.132858
35.80529
0 -81.131652
35.804316
0 -81.129655
35.800573
0 -81.129515
35.796752
0 -81.128613
35.789803
0 -81.12645
35.788271
0 -81.124802
35.786354
0 -81.122879
35.784939
0 -81.120082
35.784599
0 -81.115753
35.782308
0 -81.111882
35.779176
0 -81.109416
35.776638
0 -81.106453
35.778512
0 -81.106069
35.781484
0 -81.105215
35.782252
0 -81.103059
35.782562
0 -81.10166
35.783914
0 -81.101036
35.787477
0 -81.093699
35.794033
0 -81.091354
35.795443
0 -81.086955
35.796723
0 -81.078943
35.802775
0 -81.078652
35.804416
0 -81.079231
35.809203
0 -81.077505
35.812734
0 -81.075682
35.814955
0 -81.070919
35.817443
0 -81.069682
35.81854
0 -81.06727
35.82167
0 -81.064742
35.824393
0 -81.063265
35.826557
0 -81.060451
35.835109
0 -81.052138
35.844995
0 -81.048116
35.84986
0 -81.041339
35.857855
0 -81.038644
35.865427
0 -81.033691
35.879292
0 -81.033461
35.879957
0 -81.029948
35.889708
0 -81.029892
35.889869
0 -81.029849
35.889988
0 -81.029789
35.890155
0 -81.005541
35.958287
0 -81.005327
35.962342
0 -81.004796
35.971541
0 -81.0034
35.996737
0 -81.028884
36.045762
0 -81.048351
36.041184
0 -81.057461
36.031429
0 -81.098014
36.028317
0 -81.099178
36.030997
0 -81.102775
36.033052
0 -81.104985
36.035768
0 -81.106417
36.036784
0 -81.112356
36.037717
0 -81.115735
36.034485
0 -81.119718
36.035473
0 -81.121913
36.035438
0 -81.123267
36.037508
0 -81.130535
36.037429
0 -81.13283
36.036917
0 -81.137058
36.036342
0 -81.139347
36.037543
0 -81.140011
36.0376
0 -81.142847
36.036375
0 -81.145228
36.034135
0 -81.167286
36.025493
0 -81.169843
36.025525
0 -81.172727
36.02633
0 -81.174165
36.027974
0 -81.173639
36.028998
0 -81.1758
36.031182
0 -81.177009
36.031311
0 -81.180597
36.03335
0 -81.182123
36.032704
0 -81.185177
36.034808
0 -81.188242
36.034549
0 -81.190167
36.035652
0 -81.191288
36.036909
0 -81.192995
36.036675
0 -81.195921
36.035047
0 -81.200149
36.035384
0 -81.202629
36.036712
0 -81.20383
36.035808
0 -81.205625
36.033158
0 -81.208164
36.032207
0 -81.210496
36.03368
0 -81.211915
36.03376
0 -81.214312
36.032576
0 -81.219404
36.029753
0 -81.22114
36.029824
0 -81.224107
36.031071
0 -81.227705
36.030799
0 -81.229802
36.031382
0 -81.232172
36.030181
0 -81.23567
36.030306
0 -81.237599
36.030524
0 -81.240663
36.028306
0 -81.241039
36.026155
0 -81.245204
36.025057
0 -81.249521
36.027187
0 -81.252683
36.025403
0 -81.256682
36.02643
0 -81.257847
36.025455
0 -81.260274
36.025893
0 -81.261485
36.02538
0 -81.263806
36.025939
0 -81.266132
36.02503
0 -81.267889
36.025064
0 -81.26979
36.024051
0 -81.27207
36.021649
0 -81.275357
36.020818
0 -81.27952
36.018637
0 -81.282759
36.017716
0 -81.283243
36.015642
0 -81.284559
36.015444
0 -81.283768
36.013077
0 -81.288478
36.011693
0 -81.289512
36.009877
0 -81.2928
36.009409
0 -81.295734
36.00704
0 -81.300583
36.006038
0 -81.301192
36.00411
0 -81.302975
36.004774
0 -81.307274
36.005263
0 -81.310612
36.005207
0 -81.314329
36.00422
0 -81.314017
36.001755
0 -81.315663
36.000948
0 -81.317349
35.998509
0 -81.317539
35.997146
0 -81.322972
35.996622
0 -81.325453
35.99492
0 -81.326722
35.994783
0 -81.328385
35.99655
0 -81.331397
35.981358
0 -81.342953
35.923128
0 -81.342908
35.922801
0 -81.339917
35.909191
0 -81.339299
35.906349
0 -81.339015
35.905047
0 -81.338162
35.901125
0 -81.337878
35.899819
0 -81.33752
35.898174
0 -81.336446
35.893239
0 -81.336089
35.891595
0 -81.336052
35.891428
0 -81.33547
35.888705
0 -81.335461
35.888663
0 -81.335395
35.88835
0 -81.334769
35.885494
0 -81.333583
35.880071
0 -81.33352
35.879783
0 -81.333592
35.878605
0 -81.333596
35.878545
0 -81.333642
35.87781
0 -81.334233
35.875218
0 -81.337748
35.85685
0 -81.337776
35.856745
0 -81.343629
35.825765
0 