-87.116634
46.494808
0 -87.116473
46.464566
0 -87.116574
46.463909
0 -87.116438
46.420326
0 -87.116355
46.410493
0 -87.116513
46.391179
0 -87.116436
46.347554
0 -87.116288
46.290175
0 -87.116245
46.245857
0 -87.116466
46.228481
0 -87.11608
46.158945
0 -86.990797
46.158879
0 -86.980147
46.158994
0 -86.949936
46.158881
0 -86.947432
46.158814
0 -86.943923
46.158911
0 -86.837152
46.158592
0 -86.782267
46.158802
0 -86.740594
46.158723
0 -86.678179
46.158562
0 -86.635407
46.158618
0 -86.615601
46.158691
0 -86.61527
46.245785
0 -86.615397
46.333263
0 -86.465847
46.332522
0 -86.45001
46.332412
0 -86.442209
46.332403
0 -86.365261
46.331929
0 -86.365332
46.346581
0 -86.364953
46.505852
0 -86.240148
46.505262
0 -85.864932
46.504758
0 -85.864656
46.633457
0 -85.864319
46.635321
0 -85.864549264065
46.6901824613954
0 -85.877908
46.690914
0 -85.90917
46.686885
0 -85.922159
46.683951
0 -85.932617
46.681179
0 -85.949136
46.675879
0 -85.962921
46.673678
0 -85.969576
46.672292
0 -85.972547
46.670579
0 -85.976297
46.670891
0 -85.978965
46.670335
0 -85.982055
46.671232
0 -85.983599
46.673515
0 -85.979084
46.675472
0 -85.974872
46.675233
0 -85.973855
46.676695
0 -85.971478
46.676776
0 -85.971668
46.679934
0 -85.981953
46.67699
0 -85.995044
46.673676
0 -86.026148
46.668882
0 -86.036969
46.667627
0 -86.058157
46.661412
0 -86.074219
46.657799
0 -86.087939
46.65532
0 -86.099843
46.654615
0 -86.105767
46.65436
0 -86.112126
46.655044
0 -86.119862
46.657256
0 -86.12031
46.658774
0 -86.123991
46.661818
0 -86.125451
46.664311
0 -86.12663
46.665303
0 -86.131369
46.667044
0 -86.138295
46.672935
0 -86.144172
46.672373
0 -86.148757
46.670976
0 -86.155036
46.670838
0 -86.161681
46.669475
0 -86.172885
46.663313
0 -86.188024
46.654008
0 -86.319981
46.591481
0 -86.34989
46.578035
0 -86.3651213221337
46.5724561838449
0 -86.390409
46.563194
0 -86.40084
46.561052
0 -86.406905
46.559453
0 -86.418253
46.555076
0 -86.431669
46.551164
0 -86.437167
46.54896
0 -86.443866
46.547303
0 -86.44439
46.548137
0 -86.450075
46.550149
0 -86.453257
46.552017
0 -86.455216
46.550591
0 -86.456926
46.551588
0 -86.45993
46.551928
0 -86.461598
46.553474
0 -86.467745
46.552456
0 -86.469306
46.551422
0 -86.468677
46.550161
0 -86.470901
46.547746
0 -86.472999
46.54719
0 -86.477401
46.545847
0 -86.481956
46.542709
0 -86.482756
46.538712
0 -86.484003
46.535965
0 -86.489551
46.532823
0 -86.491798
46.52895
0 -86.493829
46.527122
0 -86.495054
46.524874
0 -86.501101
46.522247
0 -86.505529
46.518852
0 -86.509221
46.517697
0 -86.514151
46.516154
0 -86.516387
46.516441
0 -86.517517
46.514987
0 -86.518508
46.512331
0 -86.520159
46.511904
0 -86.521228
46.509478
0 -86.523259
46.5092
0 -86.524358
46.507718
0 -86.524179
46.506164
0 -86.524959
46.505381
0 -86.529755
46.502907
0 -86.531326
46.502541
0 -86.531927
46.500122
0 -86.534364
46.499296
0 -86.542978
46.496871
0 -86.548158
46.495152
0 -86.551352
46.495564
0 -86.551392
46.494438
0 -86.553052
46.493526
0 -86.557005
46.489874
0 -86.559199
46.486475
0 -86.564788
46.481631
0 -86.568363
46.477236
0 -86.577958
46.470937
0 -86.582436
46.467935
0 -86.586168
46.463324
0 -86.590871
46.457241
0 -86.595744
46.452901
0 -86.600378
46.452738
0 -86.6045810945975
46.454023476493
0 -86.605155
46.454199
0 -86.608364
46.452656
0 -86.607651
46.449872
0 -86.606582
46.445778
0 -86.607533
46.443321
0 -86.616089
46.435214
0 -86.625477
46.426367
0 -86.629399
46.424074
0 -86.630112
46.42006
0 -86.6319953700845
46.4177335228585
0 -86.632964
46.416537
0 -86.634747
46.415636
0 -86.634985
46.413915
0 -86.638122
46.411686
0 -86.644706
46.410801
0 -86.651242
46.412112
0 -86.65861
46.415636
0 -86.662175
46.418667
0 -86.662532
46.421944
0 -86.658729
46.425548
0 -86.654094
46.429316
0 -86.652787
46.431528
0 -86.6531206340347
46.4330225681724
0 -86.6535
46.434722
0 -86.653737
46.438326
0 -86.655306
46.442502
0 -86.659703
46.444386
0 -86.6644616078657
46.4450691375709
0 -86.665408
46.445205
0 -86.66921
46.445614
0 -86.683352
46.439145
0 -86.687274
46.43849
0 -86.689294
46.439308
0 -86.698139
46.438624
0 -86.6987097722434
46.4387085339367
0 -86.70323
46.439378
0 -86.704987
46.441513
0 -86.706863
46.442963
0 -86.709015
46.443735
0 -86.710573
46.444908
0 -86.712978
46.448963
0 -86.714336
46.450088
0 -86.718327
46.455581
0 -86.721698
46.458727
0 -86.724565
46.460099
0 -86.727589
46.461074
0 -86.730282
46.463632
0 -86.732352
46.465598
0 -86.732402
46.466807
0 -86.730829
46.468057
0 -86.731096
46.47176
0 -86.735929
46.475231
0 -86.737379
46.475853
0 -86.738997
46.475081
0 -86.741746
46.475565
0 -86.744984
46.477155
0 -86.750157
46.479109
0 -86.754508
46.479593
0 -86.758517
46.479329
0 -86.766082
46.478272
0 -86.766739
46.479437
0 -86.768516
46.479072
0 -86.776263
46.478195
0 -86.778017
46.477859
0 -86.781866
46.477556
0 -86.78437
46.477974
0 -86.787905
46.477729
0 -86.7882
46.478355
0 -86.789224
46.478442
0 -86.789557
46.477603
0 -86.78993
46.476298
0 -86.803557
46.466669
0 -86.80427
46.465445
0 -86.805434
46.462047
0 -86.807203
46.461289
0 -86.808817
46.460611
0 -86.80972
46.454493
0 -86.812233
46.452752
0 -86.810967
46.449663
0 -86.811561
46.44621
0 -86.813707
46.442828
0 -86.816026
46.437892
0 -86.82202
46.436111
0 -86.837448
46.434186
0 -86.8376610484426
46.4341847886371
0 -86.850111
46.434114
0 -86.8662934670176
46.4361600739049
0 -86.875151
46.43728
0 -86.880032
46.438981
0 -86.883919
46.441514
0 -86.886212
46.444222
0 -86.885855
46.446679
0 -86.883958
46.448071
0 -86.883976
46.450976
0 -86.889355
46.4549
0 -86.889398
46.458907
0 -86.897695
46.462454
0 -86.90051
46.463497
0 -86.903742
46.466138
0 -86.909099
46.466529
0 -86.916039
46.465332
0 -86.918207
46.464557
0 -86.927725
46.464566
0 -86.931527
46.465367
0 -86.93291
46.467052
0 -86.936716
46.46805
0 -86.942661
46.469274
0 -86.947077
46.472064
0 -86.949526
46.476315
0 -86.949316
46.478277
0 -86.946218
46.479059
0 -86.944087
46.479995
0 -86.943202
46.481557
0 -86.944142
46.483098
0 -86.94698
46.484567
0 -86.952718
46.494391
0 -86.954245
46.496065
0 -86.953738
46.497973
0 -86.955351
46.501524
0 -86.958802
46.504354
0 -86.962842
46.509646
0 -86.964534
46.516549
0 -86.970701
46.519784
0 -86.972613
46.522533
0 -86.975212
46.524186
0 -86.976958
46.526581
0 -86.98249
46.528396
0 -86.985679
46.528003
0 -86.989246
46.527111
0 -86.994237
46.526948
0 -86.999585
46.528665
0 -87.002319
46.531036
0 -87.001605
46.532344
0 -87.001856
46.533056
0 -87.005308
46.533953
0 -87.008724
46.532723
0 -87.015465
46.533698
0 -87.017579
46.53368
0 -87.019719
46.535451
0 -87.02163
46.534214
0 -87.021333
46.532344
0 -87.020382
46.530709
0 -87.019907
46.528092
0 -87.025136
46.526048
0 -87.029764
46.525763
0 -87.031791
46.525721
0 -87.033455
46.525067
0 -87.035594
46.525312
0 -87.037848
46.526403
0 -87.0392
46.525648
0 -87.040349
46.523893
0 -87.04264
46.523029
0 -87.043966
46.520506
0 -87.046022
46.519956
0 -87.059695
46.517983
0 -87.062335
46.516869
0 -87.066226
46.516459
0 -87.072832
46.51579
0 -87.07493
46.517135
0 -87.077279
46.515339
0 -87.080316
46.517999
0 -87.082416
46.516641
0 -87.083774
46.514591
0 -87.084931
46.511026
0 -87.087825
46.50979
0 -87.090985
46.509246
0 -87.092375
46.506933
0 -87.093873
46.506278
0 -87.09876
46.503609
0 -87.100467
46.503246
0 -87.102407
46.502218
0 -87.104689
46.497891
0 -87.10789
46.496495
0 -87.116634
46.494808
0 