-78.309316
42.231684
0 -78.309159
42.22458
0 -78.309104
42.218014
0 -78.308809
42.17962
0 -78.309011
42.174275
0 -78.309002
42.173388
0 -78.308865
42.159134
0 -78.308836
42.140475
0 -78.308785
42.130229
0 -78.308677
42.120413
0 -78.308611
42.086675
0 -78.308444
42.08236
0 -78.3087
42.080847
0 -78.308292
42.057
0 -78.308243
42.000413
0 -78.308128
41.999415
0 -78.3070729653392
41.9994022278059
0 -78.2840231793095
41.9991231883098
0 -78.271204
41.998968
0 -78.2688108707826
41.9989922459669
0 -78.2657029214294
41.9990237341275
0 -78.2066042785298
41.9996224914911
0 -78.191259
41.999777962041
0 -78.12473
42.000452
0 -78.1214645605313
42.0004158038253
0 -78.0889777151329
42.0000556992998
0 -78.0743512180681
41.9998935700527
0 -78.0725742930209
41.9998738735034
0 -78.0552317245159
41.9996816376206
0 -78.031177
41.999415
0 -78.030963
41.999392
0 -77.997508
41.998758
0 -77.9627561781712
41.9987088579611
0 -77.9571540665524
41.9987009360977
0 -77.8809154246862
41.9985931281583
0 -77.8632385981808
41.9985681316185
0 -77.8454909264182
41.9985430348976
0 -77.8402108247012
41.9985355683836
0 -77.83203
41.998524
0 -77.822799
41.998547
0 -77.749931
41.998782
0 -77.74851
42.031893
0 -77.747287
42.059863
0 -77.746871
42.069535
0 -77.745466
42.102266
0 -77.745085
42.11446
0 -77.743888
42.144515
0 -77.743135
42.160093
0 -77.743019
42.162453
0 -77.741531
42.19221
0 -77.740922
42.204702
0 -77.739298
42.236353
0 -77.737493
42.266876
0 -77.736813
42.28153
0 -77.735092
42.315422
0 -77.734507
42.327215
0 -77.734206
42.333262
0 -77.733682
42.344034
0 -77.732125
42.379952
0 -77.731058
42.404122
0 -77.729473
42.404039
0 -77.726111
42.404043
0 -77.72478
42.428469
0 -77.723956
42.454123
0 -77.723677
42.458263
0 -77.723134
42.4644
0 -77.722964
42.471216
0 -77.730276
42.471355
0 -77.749719
42.471728
0 -77.751218
42.471867
0 -77.756078
42.471899
0 -77.779769
42.472676
0 -77.840231
42.474576
0 -77.84067
42.499893
0 -77.840694
42.517771
0 -77.896193
42.51808
0 -77.901607
42.518313
0 -77.905205
42.518098
0 -77.936486
42.518311
0 -77.954956
42.518369
0 -78.02191
42.518486
0 -78.043418
42.518464
0 -78.04284
42.518632
0 -78.038261
42.521522
0 -78.040241
42.520968
0 -78.088914
42.521135
0 -78.106992
42.52125
0 -78.117993
42.521321
0 -78.13345
42.521374
0 -78.145346
42.521388
0 -78.163035
42.521409
0 -78.190337
42.52144
0 -78.208041
42.521779
0 -78.221683
42.521758
0 -78.224693
42.52161
0 -78.235131
42.521535
0 -78.238481
42.521723
0 -78.248759
42.521711
0 -78.25189
42.521601
0 -78.276152
42.521495
0 -78.278737
42.521472
0 -78.308839
42.521217
0 -78.308736
42.507182
0 -78.308683
42.500019
0 -78.309175
42.495977
0 -78.308618
42.491157
0 -78.308518
42.469451
0 -78.308474
42.458777
0 -78.308253
42.4366
0 -78.308351
42.436479
0 -78.308561
42.388157
0 -78.309043
42.361506
0 -78.308869
42.359016
0 -78.309025
42.348935
0 -78.309028
42.348817
0 -78.309042
42.34827
0 -78.309242
42.34733
0 -78.309193
42.261126
0 -78.309084
42.243112
0 -78.309145
42.238851
0 -78.309316
42.231684
0 