-81.613558
33.095667
0 -81.6142984780503
33.0946609670663
0 -81.612725
33.093953
0 -81.6108
33.09263
0 -81.609476
33.089862
0 -81.609533
33.086877
0 -81.609837
33.084929
0 -81.610078
33.082883
0 -81.609837
33.082161
0 -81.608995
33.0818
0 -81.606836
33.081717
0 -81.603587
33.084578
0 -81.601655
33.084688
0 -81.600211
33.083966
0 -81.598165
33.081078
0 -81.598286
33.079153
0 -81.599369
33.076867
0 -81.600211
33.075182
0 -81.600091
33.073497
0 -81.599248
33.071813
0 -81.594555
33.069887
0 -81.592645
33.06991
0 -81.590705
33.071211
0 -81.588539
33.07085
0 -81.583804
33.067021
0 -81.580994
33.062697
0 -81.578332
33.058936
0 -81.57288
33.05418
0 -81.568925
33.053523
0 -81.566759
33.053763
0 -81.564714
33.054726
0 -81.56327
33.055568
0 -81.562548
33.055568
0 -81.562066
33.055568
0 -81.561344
33.055568
0 -81.560502
33.055207
0 -81.559179
33.054124
0 -81.558938
33.052921
0 -81.559173
33.051765
0 -81.560344
33.050036
0 -81.565043
33.049694
0 -81.566108
33.048792
0 -81.561948
33.045844
0 -81.553146
33.043196
0 -81.551786
33.04339
0 -81.546982
33.048511
0 -81.543778
33.048575
0 -81.541831
33.045654
0 -81.540081
33.040613
0 -81.538789
33.039185
0 -81.535498
33.038489
0 -81.53072
33.040864
0 -81.529142
33.040812
0 -81.528438
33.039882
0 -81.528786
33.036872
0 -81.528451
33.035646
0 -81.522653
33.030789
0 -81.519632
33.029181
0 -81.513231
33.028546
0 -81.511245
33.027786
0 -81.510586
33.025805
0 -81.51169
33.024506
0 -81.514024
33.023663
0 -81.517594
33.023991
0 -81.519075
33.023196
0 -81.518385
33.021586
0 -81.516073
33.020833
0 -81.513715
33.020574
0 -81.511334
33.021465
0 -81.510282
33.021233
0 -81.50822
33.01751
0 -81.508397
33.015546
0 -81.511562
33.012366
0 -81.51069
33.010315
0 -81.508218
33.010527
0 -81.507405
33.011538
0 -81.506668
33.015082
0 -81.50568
33.015974
0 -81.504053
33.016253
0 -81.50203
33.015113
0 -81.49983
33.012307
0 -81.496637
33.010224
0 -81.492253
33.009342
0 -81.491419
33.008078
0 -81.491899
33.006694
0 -81.496125
33.005482
0 -81.497268
33.005598
0 -81.498753
33.005065
0 -81.50023
33.003455
0 -81.50063
33.001955
0 -81.49983
33.000655
0 -81.495707
32.999465
0 -81.492737
32.999108
0 -81.491197
32.997824
0 -81.4912127515191
32.997679388938
0 -81.491457
32.995437
0 -81.492252
32.99351
0 -81.493442
32.992427
0 -81.495034
32.991723
0 -81.496138
32.990913
0 -81.49642
32.989615
0 -81.495996
32.988295
0 -81.495346
32.987733
0 -81.494329
32.98626
0 -81.494165
32.985705
0 -81.494345
32.985084
0 -81.495504
32.983534
0 -81.495499
32.981785
0 -81.494798
32.980586
0 -81.494736
32.978998
0 -81.499471
32.96478
0 -81.49983
32.963816
0 -81.501369
32.962914
0 -81.503346
32.96295
0 -81.50706
32.964821
0 -81.507847
32.968854
0 -81.508839
32.969368
0 -81.510802
32.968525
0 -81.511347
32.966721
0 -81.510046
32.96097
0 -81.510152
32.958542
0 -81.510009
32.957326
0 -81.508609
32.952551
0 -81.507221
32.951065
0 -81.504016
32.948091
0 -81.499446
32.944988
0 -81.499566
32.943722
0 -81.502716
32.938688
0 -81.502427
32.935353
0 -81.499829
32.932614
0 -81.495092
32.931596
0 -81.483198
32.921802
0 -81.484439
32.918825
0 -81.487258
32.917851
0 -81.487049
32.914772
0 -81.481298
32.914585
0 -81.480008
32.913444
0 -81.481444
32.908895
0 -81.479184
32.905638
0 -81.479374
32.902333
0 -81.480865
32.900218
0 -81.480812
32.898614
0 -81.475535
32.896724
0 -81.472544
32.896345
0 -81.471616
32.900005
0 -81.468978
32.901083
0 -81.465924
32.899889
0 -81.464069
32.897814
0 -81.464655
32.895999
0 -81.470836
32.890521
0 -81.471703
32.890439
0 -81.4771
32.887469
0 -81.479445
32.881082
0 -81.475918
32.877641
0 -81.470376
32.876267
0 -81.468042
32.876675
0 -81.467138
32.880602
0 -81.463398
32.879441
0 -81.460556
32.875161
0 -81.45392
32.874074
0 -81.452883
32.872964
0 -81.4524560750247
32.87174313948
0 -81.451351
32.868583
0 -81.453017
32.859636
0 -81.455978
32.854107
0 -81.456801
32.848819
0 -81.4555
32.846972
0 -81.453641
32.845821
0 -81.450999
32.846479
0 -81.448259
32.849603
0 -81.444866
32.850967
0 -81.443595
32.850628
0 -81.442671
32.850107
0 -81.442882
32.845847
0 -81.438652
32.840076
0 -81.435737
32.842713
0 -81.431914
32.842878
0 -81.426475
32.840773
0 -81.421614
32.835178
0 -81.42062
32.831223
0 -81.421828
32.829265
0 -81.423674
32.828307
0 -81.428101
32.828684
0 -81.429943
32.828246
0 -81.429525
32.827146
0 -81.426684
32.825729
0 -81.422488
32.822892
0 -81.421952
32.821466
0 -81.422409
32.820245
0 -81.423041
32.819747
0 -81.426937
32.819705
0 -81.427953
32.81938
0 -81.428235
32.818584
0 -81.427094
32.81687
0 -81.424354
32.816179
0 -81.420585
32.818651
0 -81.418584
32.818679
0 -81.417984
32.818196
0 -81.418497
32.815664
0 -81.419752
32.813731
0 -81.423772
32.810514
0 -81.425981
32.811076
0 -81.426326
32.809928
0 -81.425276
32.808487
0 -81.423987
32.805543
0 -81.422242
32.803127
0 -81.422739
32.80199
0 -81.424874
32.801882
0 -81.426895
32.802239
0 -81.428292
32.800832
0 -81.426347
32.798879
0 -81.425234
32.79419
0 -81.42298
32.793998
0 -81.419879
32.794857
0 -81.4197
32.793227
0 -81.424999
32.790334
0 -81.428031
32.787618
0 -81.425132
32.786185
0 -81.42203
32.784571
0 -81.424506
32.782685
0 -81.429977
32.785235
0 -81.430946
32.783354
0 -81.426855
32.779456
0 -81.421567
32.778604
0 -81.41701
32.77972
0 -81.414394
32.77893
0 -81.416323
32.775515
0 -81.417353
32.773336
0 -81.418601
32.772734
0 -81.422585
32.772998
0 -81.426432
32.772374
0 -81.429854
32.772129
0 -81.431513
32.771484
0 -81.432082
32.770549
0 -81.43194
32.768911
0 -81.429113
32.767905
0 -81.425017
32.768058
0 -81.422019
32.768367
0 -81.417994
32.766955
0 -81.416837
32.764657
0 -81.416195
32.762855
0 -81.415222
32.761628
0 -81.412628
32.76081
0 -81.41279
32.75822
0 -81.412952
32.754811
0 -81.41506
32.753175
0 -81.418485
32.752189
0 -81.419698
32.749167
0 -81.416575
32.747948
0 -81.410045
32.749343
0 -81.405259
32.748769
0 -81.40494
32.746231
0 -81.4052119366932
32.7449916544032
0 -81.39399
32.744867
0 -81.367973
32.760601
0 -81.338543
32.768456
0 -81.337843
32.771109
0 -81.330864
32.785632
0 -81.329101
32.7888
0 -81.326814
32.790914
0 -81.272145
32.831556
0 -81.261662
32.839139
0 -81.269745
32.867004
0 -81.276729
32.892086
0 -81.272713
32.892898
0 -81.269587
32.894841
0 -81.263679
32.899631
0 -81.260116
32.902979
0 -81.254468
32.90428
0 -81.25024
32.90644
0 -81.244589
32.907913
0 -81.242272
32.90806
0 -81.237681
32.906731
0 -81.236956
32.940244
0 -81.23535
32.939805
0 -81.221193
32.947851
0 -81.223213
32.949241
0 -81.22019
32.951855
0 -81.219563
32.95335
0 -81.207266
32.960372
0 -81.170236
32.979702
0 -81.082291
33.02663
0 -81.086204
33.031632
0 -81.086562
33.035201
0 -81.088303
33.036414
0 -81.089908
33.039187
0 -81.093744
33.040836
0 -81.09486
33.040973
0 -81.095378
33.043791
0 -81.09701
33.043743
0 -81.098508
33.047207
0 -81.101174
33.049104
0 -81.106942
33.048758
0 -81.110642
33.049719
0 -81.115675
33.049809
0 -81.118097
33.051549
0 -81.121825
33.052028
0 -81.124449
33.053218
0 -81.128096
33.057091
0 -81.128639
33.059544
0 -81.131548
33.062157
0 -81.132935
33.064129
0 -81.134295
33.064679
0 -81.136144
33.066603
0 -81.139517
33.068576
0 -81.141475
33.070386
0 -81.144903
33.072792
0 -81.146506
33.077995
0 -81.148709
33.080905
0 -81.152382
33.082853
0 -81.155783
33.085558
0 -81.161878
33.091425
0 -81.168681
33.094955
0 -81.170777
33.095688
0 -81.172137
33.098988
0 -81.174151
33.101967
0 -81.176928
33.104487
0 -81.179623
33.105539
0 -81.181148
33.108725
0 -81.183434
33.111223
0 -81.185993
33.113399
0 -81.189233
33.114476
0 -81.18975
33.116492
0 -81.193099
33.118668
0 -81.195849
33.117958
0 -81.20045
33.118485
0 -81.207284
33.120179
0 -81.210497
33.120637
0 -81.213437
33.120086
0 -81.215669
33.118437
0 -81.217167
33.118253
0 -81.217765
33.117106
0 -81.219698
33.116464
0 -81.225552
33.116898
0 -81.226287
33.117517
0 -81.232604
33.116919
0 -81.234973
33.117055
0 -81.236798
33.118131
0 -81.240228
33.118747
0 -81.245782
33.117325
0 -81.248884
33.115124
0 -81.258942
33.112608
0 -81.260767
33.111691
0 -81.264333
33.110823
0 -81.268254
33.110458
0 -81.273643
33.112063
0 -81.276284
33.112454
0 -81.277373
33.112316
0 -81.280014
33.110118
0 -81.283665
33.108555
0 -81.323793
33.10831
0 -81.337806
33.108221
0 -81.364857
33.108061
0 -81.37384
33.110529
0 -81.374829
33.110975
0 -81.421242
33.125152
0 -81.44943
33.133856
0 -81.452888
33.134923
0 -81.454024
33.135253
0 -81.460007
33.13681
0 -81.523392
33.153408
0 -81.541881
33.158279
0 -81.566857
33.13655
0 -81.613558
33.095667
0 