-79.436926
37.617004
0 -79.434674
37.611424
0 -79.435499
37.607104
0 -79.436127
37.605388
0 -79.434735
37.603416
0 -79.429211
37.601519
0 -79.426021
37.601232
0 -79.422777
37.601516
0 -79.418456
37.604738
0 -79.415584
37.60659
0 -79.412785
37.60733
0 -79.40492
37.607614
0 -79.399439
37.603993
0 -79.398213
37.602035
0 -79.396864
37.598729
0 -79.395612
37.597688
0 -79.392046
37.595837
0 -79.389633
37.595277
0 -79.385977
37.594958
0 -79.383255
37.593553
0 -79.381362
37.591879
0 -79.380462
37.59053
0 -79.380735
37.584026
0 -79.38045
37.582279
0 -79.378734
37.579846
0 -79.377178
37.5785
0 -79.376104
37.576765
0 -79.374755
37.575789
0 -79.372729
37.573215
0 -79.372164
37.571155
0 -79.369496
37.567709
0 -79.369665
37.564506
0 -79.367108
37.557701
0 -79.36725
37.551438
0 -79.366083
37.548395
0 -79.364092
37.545068
0 -79.361919
37.542148
0 -79.35874
37.538806
0 -79.352761
37.531727
0 -79.349319
37.52484
0 -79.345248
37.52109
0 -79.342404
37.518481
0 -79.338516
37.516172
0 -79.334111
37.514297
0 -79.328213
37.512485
0 -79.325077
37.511828
0 -79.313812
37.510251
0 -79.311669
37.508447
0 -79.309118
37.508083
0 -79.30269
37.504885
0 -79.298112
37.500954
0 -79.294919
37.499611
0 -79.293127
37.499403
0 -79.290162
37.500139
0 -79.287081
37.502034
0 -79.284794
37.503901
0 -79.280489
37.505643
0 -79.272799
37.506074
0 -79.266943
37.509716
0 -79.265501
37.510147
0 -79.262907
37.509653
0 -79.261606
37.507023
0 -79.262374
37.499531
0 -79.262086
37.497963
0 -79.259622
37.494507
0 -79.25887
37.494155
0 -79.25751
37.494347
0 -79.256454
37.495483
0 -79.25239
37.497707
0 -79.249412
37.500139
0 -79.240448
37.506194
0 -79.23697
37.506172
0 -79.227239
37.506826
0 -79.223724
37.506374
0 -79.21945
37.505288
0 -79.218875
37.502922
0 -79.220025
37.501375
0 -79.222667
37.50014
0 -79.224421
37.498108
0 -79.225317
37.495788
0 -79.224581
37.493532
0 -79.218805
37.489644
0 -79.217621
37.488476
0 -79.217509
37.486668
0 -79.215845
37.484396
0 -79.212837
37.48102
0 -79.209477
37.477548
0 -79.207573
37.476924
0 -79.199156
37.476364
0 -79.196036
37.475884
0 -79.189492
37.475309
0 -79.187332
37.473469
0 -79.185653
37.469443
0 -79.185194
37.466079
0 -79.183302
37.465908
0 -79.184822
37.463339
0 -79.185443
37.459141
0 -79.183843
37.457319
0 -79.179477
37.454325
0 -79.17612
37.449645
0 -79.173375
37.448152
0 -79.167914
37.444549
0 -79.165976
37.442451
0 -79.164025
37.441116
0 -79.16087
37.439699
0 -79.153947
37.435813
0 -79.153047
37.434907
0 -79.150354
37.433247
0 -79.146647
37.428752
0 -79.147142
37.434492
0 -79.143982
37.432065
0 -79.143206
37.4311
0 -79.141505
37.427254
0 -79.13907
37.419288
0 -79.13972
37.419081
0 -79.139245
37.416726
0 -79.138786
37.416302
0 -79.134289
37.410138
0 -79.126023
37.402113
0 -79.123282
37.399792
0 -79.122118
37.39909
0 -79.117462
37.397461
0 -79.115954
37.397401
0 -79.113672
37.397877
0 -79.111945
37.400442
0 -79.112225
37.40299
0 -79.111361
37.405806
0 -79.110177
37.40659
0 -79.105857
37.406494
0 -79.102348
37.405004
0 -79.096745
37.401442
0 -79.088512
37.396521
0 -79.085244
37.394743
0 -79.081343
37.39149
0 -79.073976
37.387937
0 -79.068104
37.385697
0 -79.066204
37.385966
0 -79.061359
37.390033
0 -79.061195
37.390803
0 -79.062064
37.394095
0 -79.062368
37.396783
0 -79.063872
37.400255
0 -79.063904
37.403103
0 -79.064736
37.409615
0 -79.066302
37.41131
0 -79.068384
37.412399
0 -79.071568
37.417535
0 -79.071136
37.420686
0 -79.069344
37.422126
0 -79.06752
37.422766
0 -79.064224
37.422575
0 -79.061216
37.421151
0 -79.056672
37.418367
0 -79.050784
37.416399
0 -79.046608
37.415999
0 -79.044352
37.416575
0 -79.042208
37.418159
0 -79.040544
37.421807
0 -79.040592
37.424287
0 -79.041792
37.427359
0 -79.043376
37.428735
0 -79.04464
37.430767
0 -79.044448
37.432239
0 -79.043424
37.433231
0 -79.04072
37.433503
0 -79.038096
37.432367
0 -79.034352
37.432335
0 -79.029567
37.429615
0 -79.027871
37.429023
0 -79.024767
37.428783
0 -79.018526
37.429917
0 -79.014895
37.432751
0 -79.013935
37.435087
0 -79.013983
37.437615
0 -79.013151
37.441599
0 -79.011919
37.444015
0 -79.009811
37.445899
0 -79.007551
37.446847
0 -79.002207
37.447903
0 -78.998462
37.449312
0 -78.997016
37.450389
0 -78.98918
37.458299
0 -78.985737
37.459504
0 -78.983184
37.461334
0 -78.980687
37.4643
0 -78.97623
37.468301
0 -78.97564
37.468729
0 -78.973872
37.469971
0 -78.967288
37.474089
0 -78.963181
37.47619
0 -78.955634
37.478438
0 -78.947559
37.480237
0 -78.943609
37.481579
0 -78.940258
37.484292
0 -78.939156
37.487363
0 -78.938706
37.490346
0 -78.940689
37.495295
0 -78.942153
37.497378
0 -78.946497
37.499214
0 -78.950242
37.501642
0 -78.949942
37.503142
0 -78.946742
37.504142
0 -78.943142
37.503342
0 -78.936641
37.500242
0 -78.934216
37.498876
0 -78.92904
37.497533
0 -78.926556
37.497268
0 -78.923725
37.497553
0 -78.919863
37.499027
0 -78.918843
37.500337
0 -78.91374
37.503744
0 -78.910538
37.504343
0 -78.907844
37.505243
0 -78.90414
37.50814
0 -78.90354
37.509243
0 -78.900739
37.510543
0 -78.898519
37.512015
0 -78.89554
37.513242
0 -78.892942
37.516143
0 -78.89214
37.518044
0 -78.892239
37.520141
0 -78.89354
37.521642
0 -78.89514
37.525942
0 -78.898241
37.529142
0 -78.898441
37.531442
0 -78.894741
37.533642
0 -78.89174
37.534142
0 -78.88964
37.533842
0 -78.88654
37.532442
0 -78.88154
37.532042
0 -78.879139
37.533742
0 -78.877139
37.536042
0 -78.871683
37.540297
0 -78.87123
37.541245
0 -78.869245
37.542095
0 -78.867643
37.544945
0 -78.868341
37.54604
0 -78.871734
37.547747
0 -78.872335
37.54884
0 -78.873942
37.548947
0 -78.875732
37.548263
0 -78.874939
37.547378
0 -78.876002
37.546357
0 -78.877995
37.546759
0 -78.881891
37.548475
0 -78.883566
37.550683
0 -78.885183
37.546828
0 -78.886844
37.548334
0 -78.890149
37.547605
0 -78.890109
37.546193
0 -78.891068
37.544892
0 -78.89536
37.543147
0 -78.89807
37.543956
0 -78.89829
37.545235
0 -78.900121
37.547076
0 -78.937508
37.616075
0 -78.956218
37.649833
0 -78.958766
37.651903
0 -78.96023
37.655972
0 -78.960308
37.656258
0 -78.963071
37.663897
0 -78.964729
37.666643
0 -78.969862
37.668648
0 -78.971669
37.670523
0 -78.96959
37.674715
0 -78.96696
37.676479
0 -78.967178
37.677338
0 -78.969199
37.678816
0 -78.971689
37.679661
0 -78.974558
37.678249
0 -78.978909
37.67991
0 -78.983322
37.682554
0 -78.982247
37.686507
0 -78.985516
37.688663
0 -78.988026
37.689606
0 -78.988183
37.690699
0 -78.986017
37.695546
0 -78.986372
37.697732
0 -78.987085
37.698107
0 -78.991543
37.698603
0 -78.995756
37.701665
0 -78.997321
37.70122
0 -78.998212
37.699633
0 -79.000523
37.699269
0 -79.005982
37.697475
0 -79.008901
37.698749
0 -79.008441
37.700034
0 -79.01305
37.702411
0 -79.014477
37.705285
0 -79.019872
37.70443
0 -79.022167
37.704672
0 -79.025843
37.70241
0 -79.027333
37.702478
0 -79.030946
37.702646
0 -79.03305
37.705431
0 -79.036526
37.708223
0 -79.040823
37.710036
0 -79.043003
37.709906
0 -79.046121
37.710751
0 -79.048323
37.710637
0 -79.051443
37.711199
0 -79.055151
37.712841
0 -79.057044
37.7122
0 -79.060513
37.714373
0 -79.061197
37.716366
0 -79.063095
37.716705
0 -79.065486
37.718858
0 -79.066929
37.719069
0 -79.067355
37.720255
0 -79.064363
37.725021
0 -79.065355
37.72674
0 -79.067837
37.728425
0 -79.069648
37.730608
0 -79.069341
37.732677
0 -79.068232
37.734227
0 -79.06882
37.736642
0 -79.067183
37.738761
0 -79.067553
37.740509
0 -79.066675
37.742514
0 -79.066742
37.74511
0 -79.065879
37.74635
0 -79.06631
37.74932
0 -79.067602
37.751546
0 -79.068166
37.75585
0 -79.069706
37.756953
0 -79.070937
37.760773
0 -79.07222
37.762249
0 -79.070538
37.766769
0 -79.068729
37.767759
0 -79.067297
37.768759
0 -79.066989
37.770148
0 -79.067776
37.771482
0 -79.069123
37.77223
0 -79.068669
37.774702
0 -79.069833
37.776837
0 -79.071417
37.778303
0 -79.073468
37.778546
0 -79.075532
37.778032
0 -79.076603
37.779206
0 -79.07518
37.779875
0 -79.074378
37.781152
0 -79.075441
37.781761
0 -79.078757
37.781856
0 -79.081495
37.78348
0 -79.081842
37.785504
0 -79.083743
37.784941
0 -79.085074
37.785373
0 -79.086352
37.787306
0 -79.089887
37.787891
0 -79.09215
37.785612
0 -79.094154
37.786047
0 -79.100316
37.784768
0 -79.102963
37.785699
0 -79.104248
37.787237
0 -79.107639
37.787428
0 -79.107542
37.786319
0 -79.110181
37.784574
0 -79.112265
37.786491
0 -79.114281
37.786408
0 -79.117807
37.790116
0 -79.118993
37.793126
0 -79.120101
37.794801
0 -79.118462
37.796856
0 -79.118658
37.798904
0 -79.119787
37.799876
0 -79.120099
37.801364
0 -79.121505
37.802418
0 -79.123672
37.802153
0 -79.128322
37.802141
0 -79.128661
37.802822
0 -79.132396
37.806751
0 -79.135338
37.807604
0 -79.135876
37.810658
0 -79.136933
37.813416
0 -79.137964
37.814141
0 -79.142382
37.813198
0 -79.145519
37.811601
0 -79.148455
37.81108
0 -79.151592
37.809505
0 -79.15871
37.806925
0 -79.159838
37.807129
0 -79.164712
37.805916
0 -79.168098
37.803969
0 -79.171926
37.803135
0 -79.170797
37.80031
0 -79.174438
37.798677
0 -79.178507
37.797285
0 -79.180042
37.795273
0 -79.184202
37.795285
0 -79.187579
37.794257
0 -79.189085
37.794296
0 -79.191607
37.793348
0 -79.195735
37.79039
0 -79.195968
37.78913
0 -79.199497
37.788085
0 -79.201512
37.789382
0 -79.203546
37.788637
0 -79.205857
37.789918
0 -79.209243
37.789041
0 -79.211404
37.79149
0 -79.212424
37.793804
0 -79.217379
37.795873
0 -79.218257
37.798045
0 -79.216217
37.801379
0 -79.221033
37.802825
0 -79.22142
37.805434
0 -79.223563
37.807354
0 -79.22536
37.807476
0 -79.228907
37.809428
0 -79.227901
37.812268
0 -79.231171
37.813213
0 -79.233194
37.812675
0 -79.236166
37.810504
0 -79.237689
37.808848
0 -79.239976
37.80786
0 -79.241949
37.807712
0 -79.242862
37.806315
0 -79.245932
37.805294
0 -79.248611
37.802536
0 -79.249716
37.800547
0 -79.25226
37.797963
0 -79.252401
37.797184
0 -79.254622
37.795897
0 -79.25548
37.793711
0 -79.258937
37.793281
0 -79.260713
37.791343
0 -79.264976
37.794237
0 -79.26851
37.79028
0 -79.270136
37.787668
0 -79.272346
37.785496
0 -79.273276
37.781138
0 -79.274467
37.779866
0 -79.279438
37.772711
0 -79.282388
37.769485
0 -79.285353
37.76691
0 -79.288419
37.763544
0 -79.291705
37.758119
0 -79.292788
37.757838
0 -79.29277
37.755978
0 -79.295824
37.752033
0 -79.298097
37.750178
0 -79.299336
37.746664
0 -79.301648
37.742231
0 -79.303545
37.740751
0 -79.30335
37.739125
0 -79.305365
37.736424
0 -79.308504
37.734213
0 -79.30717
37.733656
0 -79.306576
37.7318
0 -79.305164
37.730473
0 -79.305188
37.728333
0 -79.310074
37.726272
0 -79.310087
37.72536
0 -79.312147
37.72348
0 -79.311756
37.722002
0 -79.313111
37.721027
0 -79.311687
37.718486
0 -79.312322
37.717518
0 -79.315641
37.717104
0 -79.318081
37.712983
0 -79.316653
37.710747
0 -79.316454
37.707912
0 -79.315392
37.706604
0 -79.316702
37.703254
0 -79.320001
37.700047
0 -79.320137
37.696841
0 -79.322385
37.692751
0 -79.32485
37.690867
0 -79.327973
37.68971
0 -79.332528
37.685594
0 -79.33473
37.684195
0 -79.337306
37.681612
0 -79.336958
37.679265
0 -79.340551
37.678604
0 -79.342157
37.675767
0 -79.341657
37.671663
0 -79.343363
37.670607
0 -79.343129
37.669163
0 -79.344954
37.666826
0 -79.3455
37.665209
0 -79.345316
37.660663
0 -79.350843
37.657939
0 -79.358489
37.655874
0 -79.358686
37.653218
0 -79.360596
37.651655
0 -79.360868
37.650101
0 -79.364738
37.647151
0 -79.365646
37.645632
0 -79.370292
37.644507
0 -79.374756
37.644684
0 -79.379004
37.64336
0 -79.381404
37.641911
0 -79.385934
37.637546
0 -79.387381
37.635697
0 -79.391779
37.633549
0 -79.392519
37.63175
0 -79.395259
37.629663
0 -79.399518
37.627991
0 -79.401248
37.626238
0 -79.403784
37.626046
0 -79.407316
37.626875
0 -79.411168
37.626872
0 -79.41453
37.62592
0 -79.417313
37.626436
0 -79.419482
37.625664
0 -79.420317
37.623749
0 -79.42598
37.615424
0 -79.432487
37.616361
0 -79.436926
37.617004
0 