-103.064696
32.522193
0 -103.064695803864
32.5219230001425
0 -103.06455976537
32.3346531047764
0 -103.06451343005
32.2708681398886
0 -103.064422
32.145006
0 -103.064348
32.123041
0 -103.064344
32.087051
0 -102.866486
32.087145
0 -102.801559
32.087153
0 -102.799086
32.085795
0 -102.70692
32.086732
0 -102.504557
32.086987
0 -102.287048
32.086991
0 -102.211249
32.0868
0 -102.211033
32.177037
0 -102.211111
32.323679
0 -102.21107
32.359406
0 -102.21121
32.375107
0 -102.210843
32.500102
0 -102.211037
32.523244
0 -102.371534
32.523371
0 -102.37544
32.523109
0 -102.473262
32.522923
0 -102.476311
32.523329
0 -102.498863
32.522985
0 -102.613521
32.523153
0 -102.99628
32.523154
0 -103.00047
32.522875
0 -103.064696
32.522193
0 