-76.840362
39.103142
0 -76.837799
39.100948
0 -76.837519
39.100397
0 -76.837433
39.099571
0 -76.837719
39.099055
0 -76.83783
39.098493
0 -76.837695
39.097649
0 -76.837684
39.097082
0 -76.837422
39.096932
0 -76.837142
39.096804
0 -76.836635
39.096863
0 -76.835967
39.096759
0 -76.835393
39.096695
0 -76.83245
39.096037
0 -76.832148
39.095237
0 -76.828523
39.095003
0 -76.827415
39.092979
0 -76.827117
39.089831
0 -76.832237
39.085913
0 -76.832375
39.085766
0 -76.834421
39.083463
0 -76.834908
39.082871
0 -76.832719
39.075943
0 -76.836723
39.0736
0 -76.838083
39.073586
0 -76.837724
39.071802
0 -76.83739
39.07015
0 -76.835616
39.067919
0 -76.833304
39.069378
0 -76.831532
39.069162
0 -76.831424
39.069034
0 -76.830339
39.067852
0 -76.828971
39.064441
0 -76.827501
39.06572
0 -76.826494
39.065695
0 -76.822326
39.063338
0 -76.821203
39.063539
0 -76.819591
39.062466
0 -76.817263
39.061774
0 -76.816205
39.062623
0 -76.814993
39.061767
0 -76.813168
39.062281
0 -76.810537
39.060922
0 -76.808127
39.061198
0 -76.803941
39.062446
0 -76.802031
39.059354
0 -76.801692
39.056399
0 -76.800749
39.05539
0 -76.795709
39.054574
0 -76.793854
39.052072
0 -76.792621
39.04618
0 -76.790741
39.045722
0 -76.787593
39.044631
0 -76.785084
39.044916
0 -76.783721
39.046252
0 -76.776528
39.04531
0 -76.776618
39.04454
0 -76.774616
39.044756
0 -76.773787
39.043696
0 -76.775036
39.042344
0 -76.773187
39.040707
0 -76.77029
39.040869
0 -76.769153
39.038961
0 -76.767112
39.039075
0 -76.765391
39.040435
0 -76.764182
39.039079
0 -76.764454
39.037618
0 -76.761312
39.035379
0 -76.757
39.037761
0 -76.754021
39.037113
0 -76.751258
39.034714
0 -76.747649
39.033418
0 -76.750005
39.031362
0 -76.749921
39.030003
0 -76.74589
39.028192
0 -76.74313
39.023699
0 -76.742784
39.02047
0 -76.744517
39.01712
0 -76.740853
39.014601
0 -76.740379
39.012868
0 -76.738111
39.012542
0 -76.736439
39.010856
0 -76.735694
39.009873
0 -76.734933
39.008562
0 -76.733601
39.007278
0 -76.730401
39.006465
0 -76.728974
39.007079
0 -76.724261
39.004574
0 -76.725962
39.000108
0 -76.725535
38.998941
0 -76.721271
38.999711
0 -76.716346
38.997425
0 -76.712799
38.99481
0 -76.712073
38.995324
0 -76.7089
38.993413
0 -76.708695
38.99199
0 -76.706119
38.99039
0 -76.705774
38.988981
0 -76.705594
38.988841
0 -76.702394
38.986971
0 -76.700938
38.985191
0 -76.698459
38.983783
0 -76.698073
38.982367
0 -76.698867
38.981211
0 -76.702176
38.979835
0 -76.702445
38.97696
0 -76.701032
38.976262
0 -76.701627
38.973846
0 -76.704027
38.972801
0 -76.703745
38.971525
0 -76.702286
38.970131
0 -76.699423
38.969058
0 -76.699214
38.96737
0 -76.698979
38.962676
0 -76.696018
38.959971
0 -76.694178
38.956804
0 -76.693912
38.955845
0 -76.693928
38.955589
0 -76.693841
38.954507
0 -76.693321
38.95282
0 -76.693286
38.951416
0 -76.693841
38.949999
0 -76.695339
38.948417
0 -76.69348
38.944225
0 -76.691022
38.940841
0 -76.692414
38.937588
0 -76.692179
38.936325
0 -76.691156
38.934858
0 -76.688895
38.933545
0 -76.68528
38.932817
0 -76.681425
38.931265
0 -76.681376
38.92935
0 -76.683125
38.926296
0 -76.685628
38.925561
0 -76.690533
38.924763
0 -76.690592
38.923456
0 -76.687183
38.919464
0 -76.686508
38.918163
0 -76.685117
38.917997
0 -76.684002
38.919096
0 -76.682806
38.918951
0 -76.680898
38.91691
0 -76.679371
38.916513
0 -76.678056
38.914194
0 -76.678518
38.910539
0 -76.676816
38.909312
0 -76.674933
38.909026
0 -76.672871
38.907363
0 -76.670606
38.907376
0 -76.669515
38.904426
0 -76.671236
38.90172
0 -76.671505
38.899419
0 -76.673024
38.898797
0 -76.676259
38.895949
0 -76.676276
38.895163
0 -76.676301
38.89191
0 -76.673218
38.888497
0 -76.671786
38.887568
0 -76.672145
38.886627
0 -76.675237
38.885665
0 -76.675898
38.88367
0 -76.67541
38.881734
0 -76.676145
38.880011
0 -76.676575
38.875964
0 -76.67826
38.873509
0 -76.680656
38.872279
0 -76.680654
38.870571
0 -76.683162
38.866721
0 -76.688101
38.864557
0 -76.691869
38.859212
0 -76.692124
38.857131
0 -76.691033
38.855508
0 -76.691169
38.854401
0 -76.693647
38.849716
0 -76.696549
38.847164
0 -76.697503
38.844786
0 -76.698273
38.84303
0 -76.699569
38.838274
0 -76.699717
38.836778
0 -76.698986
38.834333
0 -76.69936
38.832779
0 -76.697807
38.828779
0 -76.697522
38.825694
0 -76.696371
38.822724
0 -76.696965
38.818784
0 -76.701775
38.815538
0 -76.703839
38.815133
0 -76.709424
38.816264
0 -76.711647
38.814777
0 -76.712273
38.811379
0 -76.712165
38.810935
0 -76.711457
38.809022
0 -76.708907
38.806474
0 -76.708065
38.804867
0 -76.708403
38.803114
0 -76.710676
38.79843
0 -76.710116
38.796003
0 -76.706588
38.792707
0 -76.70254
38.790397
0 -76.702085
38.788478
0 -76.703708
38.786839
0 -76.706145
38.785665
0 -76.712251
38.784356
0 -76.713214
38.783383
0 -76.71439
38.780761
0 -76.714317
38.778226
0 -76.714017
38.776896
0 -76.712548
38.77491
0 -76.708192
38.773157
0 -76.700947
38.768747
0 -76.700078
38.766189
0 -76.699271
38.75341
0 -76.697273
38.750115
0 -76.696374
38.749426
0 -76.694377
38.748883
0 -76.686358
38.748475
0 -76.684257
38.751614
0 -76.685548
38.753038
0 -76.685215
38.756087
0 -76.682665
38.755934
0 -76.681219
38.757626
0 -76.678976
38.755514
0 -76.67327
38.755404
0 -76.671459
38.756737
0 -76.669606
38.756697
0 -76.669801
38.758357
0 -76.666635
38.760057
0 -76.667517
38.761404
0 -76.666092
38.762232
0 -76.663483
38.761828
0 -76.660407
38.764083
0 -76.657603
38.76479
0 -76.654924
38.764407
0 -76.653043
38.765115
0 -76.651288
38.767378
0 -76.646727
38.768947
0 -76.643072
38.769275
0 -76.639936
38.768796
0 -76.638534
38.767846
0 -76.635384
38.767696
0 -76.634494
38.766663
0 -76.630972
38.767238
0 -76.626426
38.767088
0 -76.624133
38.766557
0 -76.623079
38.767278
0 -76.623041
38.749088
0 -76.62101
38.746264
0 -76.623072
38.743932
0 -76.62291
38.735041
0 -76.622937
38.726662
0 -76.61538
38.72063
0 -76.604569
38.721122
0 -76.604473
38.721126
0 -76.603513
38.721205
0 -76.589591
38.721223
0 -76.583286
38.721285
0 -76.535584
38.72148
0 -76.52959
38.714019
0 -76.5283115718299
38.7127443256283
0 -76.527502
38.715688
0 -76.526198
38.724287
0 -76.52718
38.727062
0 -76.529868
38.728435
0 -76.53552
38.728153
0 -76.537135
38.726937
0 -76.541342
38.728503
0 -76.544475
38.727705
0 -76.549426
38.731393
0 -76.552743
38.73535
0 -76.557535
38.744687
0 -76.556828
38.7476
0 -76.555856
38.748365
0 -76.554321
38.750441
0 -76.55393
38.752767
0 -76.554227
38.753955
0 -76.5571
38.756853
0 -76.55917
38.758677
0 -76.560011
38.762626
0 -76.559884
38.767361
0 -76.5597173013095
38.7674588564568
0 -76.5572530219656
38.7689054523751
0 -76.5552823240817
38.7700623031688
0 -76.554874
38.770302
0 -76.549578
38.772852
0 -76.543902
38.774416
0 -76.539365
38.774694
0 -76.5392308515708
38.7748091670659
0 -76.5381368773025
38.7757483491898
0 -76.5375493773668
38.776252720685
0 -76.537318571874
38.7764508683008
0 -76.535379
38.778116
0 -76.5324866172776
38.7811805483606
0 -76.5304711890899
38.7833159425119
0 -76.5281358831952
38.7857902547099
0 -76.5273154350603
38.7866595390432
0 -76.526979
38.787016
0 -76.5270445247225
38.787645037336
0 -76.527479
38.791816
0 -76.5274546044776
38.791843880597
0 -76.5263499030837
38.7931063964758
0 -76.5255305652174
38.7940427826087
0 -76.524679
38.795016
0 -76.5234049403409
38.7955570019784
0 -76.5158296551855
38.798773683573
0 -76.5142960126689
38.7994249118179
0 -76.5111297234933
38.8007694082831
0 -76.510078
38.801216
0 -76.5086229332445
38.8043738201792
0 -76.50811
38.805487
0 -76.506271
38.805547
0 -76.505806
38.808046
0 -76.506661
38.809793
0 -76.504407
38.811159
0 -76.501458
38.811592
0 -76.500382
38.813942
0 -76.497944
38.814802
0 -76.4987850817981
38.817246
0 -76.498878
38.817516
0 -76.4976652239808
38.8201123307023
0 -76.496918
38.821712
0 -76.4968598068118
38.8219998277384
0 -76.4962008758686
38.8252589480778
0 -76.496065
38.825931
0 -76.495723
38.827776
0 -76.49576
38.830067
0 -76.495486150363
38.8304649072495
0 -76.4948109745932
38.831445946832
0 -76.4942635213454
38.832241403852
0 -76.494217
38.832309
0 -76.491389
38.83471
0 -76.489878
38.838715
0 -76.491045
38.842943
0 -76.493077
38.844295
0 -76.493464
38.848247
0 -76.494444
38.850724
0 -76.496579
38.853115
0 -76.498161
38.852859
0 -76.49977
38.852212
0 -76.4999876542252
38.8505990389076
0 -76.500089
38.849848
0 -76.5017400102203
38.8487334291274
0 -76.501871
38.848645
0 -76.5023516400977
38.8475842886482
0 -76.503297
38.845498
0 -76.506506
38.846053
0 -76.5070929623246
38.8472528472755
0 -76.507457
38.847997
0 -76.5085063996154
38.8485736502837
0 -76.509477
38.849107
0 -76.514944
38.852162
0 -76.5156634865907
38.8518004579882
0 -76.516944
38.851157
0 -76.5169627994735
38.8511505135216
0 -76.519935
38.850125
0 -76.521955
38.850496
0 -76.523143
38.851421
0 -76.525401
38.851514
0 -76.528016
38.850958
0 -76.5313370268201
38.8501279157979
0 -76.5370358547284
38.8487035048331
0 -76.537642
38.848552
0 -76.536454
38.851791
0 -76.5375006195235
38.8584055570636
0 -76.537523
38.858547
0 -76.5384535508877
38.8613543086192
0 -76.538474
38.861416
0 -76.534433
38.862804
0 -76.5334767655088
38.862825083209
0 -76.530986
38.86288
0 -76.5305649182493
38.862889241004
0 -76.528252
38.86294
0 -76.5270386116076
38.862840619209
0 -76.522423072032
38.8624625902312
0 -76.522074
38.862434
0 -76.519564
38.8631025068389
0 -76.519442
38.863135
0 -76.5149296135805
38.8665364471774
0 -76.5111351116326
38.8693967514024
0 -76.511026
38.869479
0 -76.5080345355647
38.8716846074111
0 -76.49701
38.879813
0 -76.49068
38.884814
0 -76.4902784814815
38.885617037037
0 -76.48938
38.887414
0 -76.4904025879189
38.8922542494828
0 -76.49088
38.894514
0 -76.49278
38.895614
0 -76.49388
38.899614
0 -76.4932212499163
38.9035627145823
0 -76.493184
38.903786
0 -76.4932191530651
38.9038115863107
0 -76.4950496790573
38.9051439425816
0 -76.495216
38.905265
0 -76.494503
38.909334
0 -76.4953967021133
38.9092075246579
0 -76.499732
38.908594
0 -76.50100170211
38.9093194963674
0 -76.5062676797235
38.9123284286193
0 -76.507338
38.91294
0 -76.508883
38.915807
0 -76.50912
38.919875
0 -76.5087621286644
38.9200428179358
0 -76.5062195201894
38.9212351327803
0 -76.500445
38.923943
0 -76.497236
38.925515
0 -76.4932964726323
38.9264580587911
0 -76.489512
38.927364
0 -76.4872299951303
38.9256456825438
0 -76.485828
38.92459
0 -76.4841385080566
38.9238671504811
0 -76.4836439320326
38.9236555460148
0 -76.483451
38.923573
0 -76.4810538644501
38.9205222668795
0 -76.480836
38.920245
0 -76.478341
38.91895
0 -76.477865
38.917563
0 -76.478222
38.916454
0 -76.476470678802
38.9150414146371
0 -76.475761
38.914469
0 -76.46948
38.911513
0 -76.46938
38.907613
0 -76.4652756005202
38.9074024718373
0 -76.4623374220583
38.9072517629903
0 -76.4606970427179
38.9071676225331
0 -76.460256
38.907145
0 -76.460214747326
38.9073709795158
0 -76.458926358256
38.9144286926218
0 -76.458783
38.915214
0 -76.46188
38.924013
0 -76.463166
38.924808
0 -76.463617
38.927477
0 -76.4634945334384
38.9277957283402
0 -76.4632332435276
38.9284757547774
0 -76.4625299794868
38.9303060517781
0 -76.462374
38.930712
0 -76.459659
38.933927
0 -76.45028
38.941113
0 -76.453933
38.944071
0 -76.457781
38.948412
0 -76.4602342559104
38.9485045756947
0 -76.462085522696
38.9485744348187
0 -76.463081
38.948612
0 -76.4632393136447
38.9487645216821
0 -76.4635691292711
38.9490822708831
0 -76.471281
38.956512
0 -76.4727860094284
38.961025774459
0 -76.472852403814
38.9612249023024
0 -76.4732432962838
38.9623972540588
0 -76.4748177449477
38.9671192883741
0 -76.474882
38.967312
0 -76.4748631126724
38.9674593156329
0 -76.474198
38.972647
0 -76.476321
38.974867
0 -76.478579
38.975607
0 -76.4797517381307
38.9771048327058
0 -76.4800580176081
38.9774960158747
0 -76.4801491092849
38.9776123590626
0 -76.480242
38.977731
0 -76.476202
38.981519
0 -76.4761681443665
38.9815243545205
0 -76.4746021270019
38.9817720318247
0 -76.46919
38.982628
0 -76.4689223008657
38.9825586128791
0 -76.463129
38.981057
0 -76.460871
38.98309
0 -76.458495
38.98466
0 -76.4582164118765
38.984544533582
0 -76.4570238542485
38.9840502542286
0 -76.456712
38.983921
0 -76.4546252953485
38.9824701026117
0 -76.454454
38.982351
0 -76.4544886323215
38.9823075726032
0 -76.455718
38.980766
0 -76.455286
38.979394
0 -76.4551976262083
38.9787820271617
0 -76.454581
38.974512
0 -76.450481
38.977612
0 -76.448981
38.982811
0 -76.44875
38.986969
0 -76.4497
38.989463
0 -76.450413
38.991034
0 -76.4497234173223
38.9934460886369
0 -76.4497
38.993528
0 -76.4492975628638
38.9937084387937
0 -76.446611
38.994913
0 -76.4461893127684
38.9949921007675
0 -76.439718
38.996206
0 -76.437698
38.996021
0 -76.436034
38.996114
0 -76.434489
38.996668
0 -76.4331383657983
38.9982148290725
0 -76.432231
38.999254
0 -76.4321374518119
38.9994719840009
0 -76.43128
39.00147
0 -76.428428
39.000916
0 -76.425814
39.000455
0 -76.423912
38.999531
0 -76.423437
38.997037
0 -76.42415
38.994174
0 -76.4243937424487
38.993826675557
0 -76.425576
38.992142
0 -76.4266367595404
38.9905521356408
0 -76.42724
38.989648
0 -76.426867
38.987048
0 -76.424734
38.986511
0 -76.422665
38.986572
0 -76.421004
38.989186
0 -76.421773
38.991588
0 -76.422502
38.993195
0 -76.421911
38.994601
0 -76.419244
38.994672
0 -76.415133
38.995556
0 -76.413248
38.996967
0 -76.4138308621605
38.9988588258098
0 -76.414013
38.99945
0 -76.413967
39.001442
0 -76.4134203050566
39.0017132980061
0 -76.4115959075784
39.002618657392
0 -76.409699
39.00356
0 -76.406116
39.006701
0 -76.4035941716675
39.0074814046496
0 -76.402765
39.007738
0 -76.400382
39.009874
0 -76.395226
39.011499
0 -76.394498
39.012684
0 -76.3964040660357
39.0184492399561
0 -76.397737384369
39.02248210135
0 -76.39778
39.022611
0 -76.4026000591418
39.0296090313523
0 -76.4044782710632
39.0323359244309
0 -76.4050213656644
39.0331244195375
0 -76.405081
39.033211
0 -76.41373
39.038872
0 -76.424228
39.043989
0 -76.429046
39.046184
0 -76.4297136579133
39.0464213758497
0 -76.431223
39.046958
0 -76.435632
39.050089
0 -76.438928
39.052788
0 -76.4388254866147
39.052902189555
0 -76.4356064455877
39.0564878760604
0 -76.43287
39.059536
0 -76.42994
39.062853
0 -76.4246010097593
39.0709292588444
0 -76.424465
39.071135
0 -76.423081
39.07421
0 -76.421936
39.076991
0 -76.4220882459448
39.0816941652689
0 -76.422103771858
39.0821737900999
0 -76.422158
39.083849
0 -76.4234998487627
39.0872334594752
0 -76.429331
39.101941
0 -76.431932
39.107159
0 -76.433144
39.111234
0 -76.432981
39.113209
0 -76.431981
39.119555
0 -76.433278
39.121774
0 -76.432481
39.126709
0 -76.431043
39.132123
0 -76.4320560164171
39.1327169179456
0 -76.4373021020536
39.1357926276293
0 -76.440129
39.13745
0 -76.452782
39.143509
0 -76.4686685906222
39.153023454573
0 -76.471483
39.154709
0 -76.4715778815553
39.1548439426564
0 -76.475983
39.161109
0 -76.476893
39.164184
0 -76.476916
39.166304
0 -76.478299
39.167067
0 -76.48026
39.166637
0 -76.484023
39.164407
0 -76.486184
39.162445
0 -76.4861951663352
39.1624233518045
0 -76.487848
39.159219
0 -76.4885330152385
39.1574483364872
0 -76.488561
39.157376
0 -76.488932980816
39.1571237101721
0 -76.490463
39.156086
0 -76.493909
39.155165
0 -76.498306
39.155073
0 -76.5005276850557
39.1553857697401
0 -76.50092
39.155441
0 -76.5017452099126
39.1562230213564
0 -76.50306
39.157469
0 -76.501752
39.158114
0 -76.5009418191784
39.1590916737698
0 -76.500683
39.159404
0 -76.500564
39.162076
0 -76.503675
39.165966
0 -76.508384
39.169408
0 -76.512387
39.172502
0 -76.5125793859114
39.1725282939535
0 -76.514643859755
39.1728104517208
0 -76.5147814952765
39.172829262776
0 -76.5172690919198
39.1731692499921
0 -76.517677
39.173225
0 -76.5188658121423
39.1742813629634
0 -76.519149
39.174533
0 -76.5230293899302
39.17650652562
0 -76.525785
39.177908
0 -76.52612
39.181003
0 -76.528024
39.184359
0 -76.529956
39.186979
0 -76.533406
39.190413
0 -76.5337577746449
39.1927941120731
0 -76.533817
39.193195
0 -76.528238
39.194333
0 -76.527859
39.19552
0 -76.530875
39.200979
0 -76.532131
39.202226
0 -76.533797
39.202792
0 -76.535385
39.203808
0 -76.533085
39.207608
0 -76.5330735988679
39.2076476380469
0 -76.550086
39.197207
0 -76.555173
39.198872
0 -76.563786
39.201407
0 -76.567396
39.202117
0 -76.571114
39.20382
0 -76.577295
39.205586
0 -76.580287
39.206607
0 -76.582386
39.207151
0 -76.58328
39.207404
0 -76.584077
39.207921
0 -76.588615
39.212608
0 -76.589162
39.213105
0 -76.597437
39.220806
0 -76.597923
39.221268
0 -76.600665
39.223734
0 -76.604725
39.227916
0 -76.606916
39.229769
0 -76.608192
39.231121
0 -76.608874
39.231797
0 -76.609638
39.232628
0 -76.611726
39.234414
0 -76.618612
39.237398
0 -76.624687
39.230552
0 -76.626921
39.228524
0 -76.630117
39.22459
0 -76.631527
39.223861
0 -76.637142
39.223497
0 -76.639943
39.224362
0 -76.641409
39.22558
0 -76.643683
39.22771
0 -76.645548
39.228572
0 -76.647219
39.229036
0 -76.650522
39.229466
0 -76.65866
39.23101
0 -76.66173
39.231135
0 -76.664535
39.230645
0 -76.665417
39.23027
0 -76.665561
39.230184
0 -76.669915
39.22843
0 -76.674444
39.225161
0 -76.677487
39.221808
0 -76.680953
39.220002
0 -76.684686
39.220161
0 -76.687745
39.221292
0 -76.689184
39.221199
0 -76.692833
39.21977
0 -76.69394
39.218977
0 -76.696997
39.217058
0 -76.697085
39.214092
0 -76.696774
39.213596
0 -76.697564
39.212032
0 -76.700808
39.212423
0 -76.703335
39.210695
0 -76.705049
39.206916
0 -76.707591
39.205833
0 -76.707993
39.203422
0 -76.712164
39.201933
0 -76.711936
39.197726
0 -76.713911
39.194371
0 -76.713452
39.193245
0 -76.716083
39.191844
0 -76.719217
39.19148
0 -76.719923
39.189937
0 -76.720239
39.189712
0 -76.7211
39.189162
0 -76.720097
39.18735
0 -76.721436
39.185708
0 -76.72195
39.183031
0 -76.727956
39.18408
0 -76.729501
39.183789
0 -76.734473
39.180343
0 -76.738196
39.179093
0 -76.740631
39.179221
0 -76.74639
39.179508
0 -76.747471
39.178316
0 -76.750137
39.175015
0 -76.754142
39.172056
0 -76.760416
39.168907
0 -76.763738
39.166229
0 -76.767098
39.162384
0 -76.776962
39.150883
0 -76.778461
39.149099
0 -76.781511
39.145498
0 -76.782621
39.143812
0 -76.784263
39.139208
0 -76.78518
39.132081
0 -76.786208
39.129895
0 -76.788692
39.126929
0 -76.790498
39.1255
0 -76.794999
39.123249
0 -76.797403
39.122578
0 -76.801179
39.122192
0 -76.807049
39.122925
0 -76.812035
39.122733
0 -76.816148
39.121428
0 -76.822718
39.118672
0 -76.824608
39.117217
0 -76.825721
39.11555
0 -76.826665
39.109948
0 -76.828707
39.107583
0 -76.83391
39.10571
0 -76.836782
39.104947
0 -76.840362
39.103142
0 