-85.43806
44.865138
0 -85.44311
44.859818
0 -85.421807
44.859721
0 -85.381983
44.859568
0 -85.376751
44.834447
0 -85.37506
44.829325
0 -85.373979
44.828262
0 -85.37195
44.826723
0 -85.369304
44.825762
0 -85.363639
44.825199
0 -85.358395
44.825565
0 -85.35466
44.826627
0 -85.348542
44.827811
0 -85.345283
44.827543
0 -85.344094
44.826939
0 -85.342767
44.825061
0 -85.341125
44.820689
0 -85.339748
44.818043
0 -85.332836
44.812372
0 -85.330306
44.815192
0 -85.325362
44.818199
0 -85.323124
44.819279
0 -85.318091
44.819475
0 -85.316631
44.821284
0 -85.316548
44.823514
0 -85.32015
44.826003
0 -85.321147
44.828028
0 -85.320962
44.830572
0 -85.319913
44.832997
0 -85.320375
44.835704
0 -85.323135
44.846014
0 -85.324393
44.847161
0 -85.326975
44.848029
0 -85.327588
44.850413
0 -85.327595
44.85076
0 -85.323492
44.85194
0 -85.32087
44.852163
0 -85.316256
44.85321
0 -85.312914
44.853564
0 -85.306993
44.855059
0 -85.304087
44.856176
0 -85.291716
44.859608
0 -85.282532
44.859545
0 -85.251929
44.859386
0 -85.246316
44.85937
0 -85.211092
44.859225
0 -85.175742
44.859151
0 -85.173464
44.85901
0 -85.1527
44.858914
0 -85.113169
44.858674
0 -85.105113
44.858756
0 -85.091354
44.858695
0 -85.051289
44.858907
0 -85.011092
44.858844
0 -84.972559
44.858959
0 -84.968874
44.858945
0 -84.847309
44.858037
0 -84.848476
44.897625
0 -84.848612
44.898486
0 -84.848228
44.901365
0 -84.848063
44.915892
0 -84.849323
44.945039
0 -84.849715
44.98866
0 -84.849767
45.026651
0 -84.849524
45.029633
0 -84.857319
45.029757
0 -84.857452
45.116707
0 -84.887888
45.116759
0 -84.897044
45.116863
0 -84.918116
45.117216
0 -84.948402
45.11776
0 -84.978695
45.118437
0 -85.014634
45.117935
0 -85.019562
45.117945
0 -85.020869
45.117942
0 -85.088994
45.118076
0 -85.090625
45.118074
0 -85.099224
45.118071
0 -85.12946
45.118131
0 -85.190179
45.117938
0 -85.199139
45.117795
0 -85.202507
45.117845
0 -85.206285
45.117836
0 -85.223679
45.117751
0 -85.223078
45.160662
0 -85.223028
45.165099
0 -85.222705
45.205551
0 -85.26312
45.206102
0 -85.283112
45.206219
0 -85.298849
45.206472
0 -85.303719
45.206497
0 -85.313284
45.206724
0 -85.324059
45.206899
0 -85.34484
45.207299
0 -85.37413
45.207577
0 -85.388661
45.207572
0 -85.386806
45.205464
0 -85.387044
45.202365
0 -85.3872347604499
45.2007530975185
0 -85.387453
45.198909
0 -85.386396
45.19732
0 -85.3863992864587
45.1973014331536
0 -85.387095
45.193371
0 -85.38814
45.191531
0 -85.386726
45.189497
0 -85.385566
45.189453
0 -85.384087
45.188384
0 -85.383786
45.187227
0 -85.384065
45.185793
0 -85.383222
45.18345
0 -85.382332
45.181915
0 -85.380464
45.180876
0 -85.37981
45.17643
0 -85.379733
45.172238
0 -85.378752
45.169846
0 -85.378793
45.166429
0 -85.378522
45.164081
0 -85.379577
45.161086
0 -85.378852
45.159987
0 -85.378691
45.157902
0 -85.379109
45.156048
0 -85.378994
45.153947
0 -85.378866
45.151602
0 -85.379926
45.149395
0 -85.380965
45.145559
0 -85.380279
45.144661
0 -85.377937
45.143767
0 -85.376902
45.142006
0 -85.3754054835763
45.1365586249322
0 -85.3736036116832
45.1299997446749
0 -85.3734650141166
45.1294952444122
0 -85.3731226328656
45.1282489640098
0 -85.372571
45.126241
0 -85.3697134128614
45.1215466448614
0 -85.366908
45.116938
0 -85.365326
45.115513
0 -85.36349
45.111624
0 -85.364026
45.106916
0 -85.36536
45.104343
0 -85.364699
45.103322
0 -85.364515
45.10219
0 -85.365524
45.09642
0 -85.367032
45.094337
0 -85.367039
45.093148
0 -85.366272
45.09224
0 -85.366772
45.089555
0 -85.366756
45.086412
0 -85.368813
45.080117
0 -85.370358
45.076132
0 -85.370508
45.074363
0 -85.368586
45.073815
0 -85.366867
45.072859
0 -85.36648
45.071496
0 -85.366412
45.069023
0 -85.368949
45.065214
0 -85.3712042112654
45.0627331892749
0 -85.3734598590213
45.0602518983951
0 -85.377586
45.055713
0 -85.380659
45.046319
0 -85.3805673052934
45.0458946609928
0 -85.379289
45.039979
0 -85.379607
45.036396
0 -85.381358
45.032978
0 -85.381476
45.030721
0 -85.381293
45.028956
0 -85.380772
45.02567
0 -85.380785
45.023376
0 -85.381557
45.021134
0 -85.3816007498122
45.019904043938
0 -85.381654
45.018407
0 -85.380365
45.015645
0 -85.3787302103263
45.012571445776
0 -85.375995
45.007429
0 -85.37588
45.00329
0 -85.378286
44.998587
0 -85.380369
44.996279
0 -85.3808
44.994349
0 -85.382364
44.991713
0 -85.3831274811341
44.9907982179216
0 -85.384115
44.989615
0 -85.384519
44.988811
0 -85.383419
44.987242
0 -85.383081
44.985071
0 -85.383538
44.980526
0 -85.381982
44.977746
0 -85.383102
44.971426
0 -85.3844779057599
44.9667288595566
0 -85.38482
44.965561
0 -85.387618
44.962549
0 -85.390392
44.956823
0 -85.390922
44.953439
0 -85.389263
44.950202
0 -85.389256
44.948057
0 -85.39017
44.946372
0 -85.39168
44.943282
0 -85.394418
44.938995
0 -85.3949091347708
44.9366864697296
0 -85.3954150642689
44.9343083983114
0 -85.395416
44.934304
0 -85.3958
44.931018
0 -85.399874
44.92414
0 -85.402273
44.921684
0 -85.403952
44.919263
0 -85.404128
44.916607
0 -85.406312
44.913801
0 -85.406173
44.911773
0 -85.40597
44.910538
0 -85.406916
44.909522
0 -85.408633
44.907961
0 -85.408439
44.906613
0 -85.409596
44.905136
0 -85.414023
44.902368
0 -85.41742
44.90166
0 -85.417918
44.898653
0 -85.420985
44.897436
0 -85.4231308533998
44.8953584960048
0 -85.423685
44.894822
0 -85.4238615835095
44.8935757548745
0 -85.424189
44.891265
0 -85.423961
44.890255
0 -85.423969
44.886857
0 -85.4243384162537
44.8858079383661
0 -85.4257207906391
44.8818822964466
0 -85.425804
44.881646
0 -85.428103
44.879284
0 -85.429363
44.87656
0 -85.4352
44.868216
0 -85.43806
44.865138
0 