-79.018526
37.429917
0 -79.018107
37.429345
0 -78.976854
37.357995
0 -78.972224
37.349782
0 -78.967117
37.340722
0 -78.952035
37.314029
0 -78.948315
37.29046
0 -78.944815
37.290513
0 -78.93971
37.291702
0 -78.939972
37.285119
0 -78.940679
37.283981
0 -78.937943
37.28368
0 -78.932251
37.281094
0 -78.930068
37.278947
0 -78.928306
37.273803
0 -78.925657
37.269971
0 -78.92518
37.267526
0 -78.923507
37.265445
0 -78.921878
37.26463
0 -78.922235
37.262005
0 -78.921326
37.260118
0 -78.922166
37.257266
0 -78.922573
37.24991
0 -78.921724
37.247166
0 -78.920594
37.245791
0 -78.919972
37.245527
0 -78.917848
37.242938
0 -78.914576
37.242399
0 -78.913274
37.244056
0 -78.911849
37.244613
0 -78.909608
37.24461
0 -78.90721
37.243369
0 -78.900898
37.245515
0 -78.899063
37.24679
0 -78.896721
37.24717
0 -78.892712
37.248638
0 -78.891182
37.24866
0 -78.887678
37.247816
0 -78.884655
37.246641
0 -78.880551
37.246263
0 -78.877697
37.245285
0 -78.876045
37.243581
0 -78.870238
37.242728
0 -78.863198
37.24049
0 -78.860593
37.238363
0 -78.85792
37.232441
0 -78.856768
37.229306
0 -78.854545
37.225944
0 -78.855642
37.220589
0 -78.856419
37.218886
0 -78.857891
37.21735
0 -78.857992
37.214545
0 -78.857131
37.212766
0 -78.824209
37.205361
0 -78.808198
37.201852
0 -78.806167
37.202607
0 -78.803539
37.204407
0 -78.795903
37.21287
0 -78.791707
37.217864
0 -78.786328
37.221907
0 -78.781649
37.226457
0 -78.777293
37.229107
0 -78.775945
37.229323
0 -78.772909
37.228676
0 -78.768378
37.229595
0 -78.764099
37.228724
0 -78.762144
37.227669
0 -78.758371
37.224727
0 -78.757077
37.223009
0 -78.755162
37.222364
0 -78.753944
37.220993
0 -78.752115
37.220803
0 -78.746418
37.223473
0 -78.741112
37.224559
0 -78.739323
37.221694
0 -78.735739
37.221255
0 -78.73492
37.22026
0 -78.730856
37.222388
0 -78.727025
37.225437
0 -78.726256
37.226851
0 -78.72408
37.233527
0 -78.720357
37.237063
0 -78.717947
37.23662
0 -78.71357
37.238142
0 -78.709755
37.236862
0 -78.704607
37.238746
0 -78.702336
37.240389
0 -78.693559
37.243592
0 -78.690923
37.246301
0 -78.685305
37.247506
0 -78.681573
37.248759
0 -78.679533
37.251891
0 -78.679883
37.255013
0 -78.67949
37.258145
0 -78.679629
37.258474
0 -78.67981
37.258826
0 -78.677282
37.262666
0 -78.673332
37.268511
0 -78.671843
37.269017
0 -78.668887
37.272477
0 -78.664906
37.277793
0 -78.660953
37.280818
0 -78.656943
37.286858
0 -78.655224
37.288116
0 -78.653766
37.29023
0 -78.650802
37.293513
0 -78.647089
37.294989
0 -78.646792
37.296758
0 -78.64413
37.299316
0 -78.642102
37.300232
0 -78.641633
37.302561
0 -78.640148
37.303032
0 -78.636866
37.306348
0 -78.632979
37.314325
0 -78.632734
37.314634
0 -78.631709
37.31566
0 -78.630765
37.318236
0 -78.627028
37.322045
0 -78.621529
37.324608
0 -78.613265
37.328143
0 -78.609836
37.331769
0 -78.609577
37.335504
0 -78.608078
37.336262
0 -78.606571
37.335714
0 -78.605004
37.337483
0 -78.601358
37.338016
0 -78.600631
37.340735
0 -78.595439
37.344054
0 -78.594483
37.344949
0 -78.595818
37.346838
0 -78.600373
37.348973
0 -78.601434
37.351367
0 -78.594436
37.397974
0 -78.595809
37.399168
0 -78.599882
37.396855
0 -78.601359
37.395417
0 -78.60448
37.394871
0 -78.607558
37.393429
0 -78.611718
37.394866
0 -78.615621
37.394052
0 -78.616392
37.389808
0 -78.616234
37.388515
0 -78.618601
37.387551
0 -78.621485
37.388776
0 -78.627983
37.385315
0 -78.629012
37.384387
0 -78.63065
37.384437
0 -78.631571
37.385909
0 -78.630089
37.389001
0 -78.634933
37.390914
0 -78.637534
37.39269
0 -78.635068
37.398487
0 -78.635586
37.400391
0 -78.638118
37.401555
0 -78.640149
37.404031
0 -78.639012
37.405755
0 -78.637181
37.406171
0 -78.637874
37.408742
0 -78.635374
37.410701
0 -78.63436
37.412546
0 -78.637375
37.413855
0 -78.635487
37.415957
0 -78.636325
37.416467
0 -78.640333
37.417936
0 -78.644836
37.418526
0 -78.649787
37.417775
0 -78.652535
37.417792
0 -78.656775
37.420655
0 -78.65979
37.4235
0 -78.662572
37.423649
0 -78.664941
37.422304
0 -78.668873
37.422772
0 -78.672454
37.425029
0 -78.676048
37.426485
0 -78.678341
37.426831
0 -78.680924
37.428578
0 -78.683279
37.429006
0 -78.685331
37.432137
0 -78.686762
37.433302
0 -78.687865
37.433636
0 -78.690028
37.436695
0 -78.691812
37.438085
0 -78.692232
37.439348
0 -78.696296
37.443873
0 -78.695429
37.447591
0 -78.696538
37.449288
0 -78.70163
37.453503
0 -78.702989
37.455255
0 -78.705011
37.456593
0 -78.825238
37.552542
0 -78.823683
37.548748
0 -78.822538
37.544442
0 -78.823282
37.539754
0 -78.824938
37.537342
0 -78.827464
37.536625
0 -78.830938
37.535642
0 -78.832328
37.53594
0 -78.838132
37.53614
0 -78.841529
37.536839
0 -78.846731
37.538338
0 -78.850443
37.539843
0 -78.853538
37.541743
0 -78.856233
37.544441
0 -78.858554
37.54535
0 -78.86014
37.54544
0 -78.861443
37.545143
0 -78.866432
37.542745
0 -78.869245
37.542095
0 -78.87123
37.541245
0 -78.871683
37.540297
0 -78.877139
37.536042
0 -78.879139
37.533742
0 -78.88154
37.532042
0 -78.88654
37.532442
0 -78.88964
37.533842
0 -78.89174
37.534142
0 -78.894741
37.533642
0 -78.898441
37.531442
0 -78.898241
37.529142
0 -78.89514
37.525942
0 -78.89354
37.521642
0 -78.892239
37.520141
0 -78.89214
37.518044
0 -78.892942
37.516143
0 -78.89554
37.513242
0 -78.898519
37.512015
0 -78.900739
37.510543
0 -78.90354
37.509243
0 -78.90414
37.50814
0 -78.907844
37.505243
0 -78.910538
37.504343
0 -78.91374
37.503744
0 -78.918843
37.500337
0 -78.919863
37.499027
0 -78.923725
37.497553
0 -78.926556
37.497268
0 -78.92904
37.497533
0 -78.934216
37.498876
0 -78.936641
37.500242
0 -78.943142
37.503342
0 -78.946742
37.504142
0 -78.949942
37.503142
0 -78.950242
37.501642
0 -78.946497
37.499214
0 -78.942153
37.497378
0 -78.940689
37.495295
0 -78.938706
37.490346
0 -78.939156
37.487363
0 -78.940258
37.484292
0 -78.943609
37.481579
0 -78.947559
37.480237
0 -78.955634
37.478438
0 -78.963181
37.47619
0 -78.967288
37.474089
0 -78.973872
37.469971
0 -78.97564
37.468729
0 -78.97623
37.468301
0 -78.980687
37.4643
0 -78.983184
37.461334
0 -78.985737
37.459504
0 -78.98918
37.458299
0 -78.997016
37.450389
0 -78.998462
37.449312
0 -79.002207
37.447903
0 -79.007551
37.446847
0 -79.009811
37.445899
0 -79.011919
37.444015
0 -79.013151
37.441599
0 -79.013983
37.437615
0 -79.013935
37.435087
0 -79.014895
37.432751
0 -79.018526
37.429917
0 