-107.482304
37.328714
0 -107.482409
37.324435
0 -107.482133
37.321753
0 -107.482258
37.250374
0 -107.482062
37.214989
0 -107.48206
37.214701
0 -107.482078
37.183799
0 -107.481462
37.082556
0 -107.481736999997
37.0000045803143
0 -107.478601984894
37.0000046019459
0 -107.442429999999
37.0000048515327
0 -107.420915000035
37.0000049999862
0 -107.420913
37.000005
0 -107.41106900956
37.000007426497
0 -107.333768125514
37.0000264807985
0 -107.254954475732
37.0000459079897
0 -107.197245013344
37.0000601330986
0 -106.985513289771
37.000112323965
0 -106.956018364576
37.0001195943243
0 -106.895767000603
37.0001344459999
0 -106.877292
37.000139
0 -106.869796
36.992426
0 -106.781877981448
36.9924518137716
0 -106.750591
36.992461
0 -106.675626
36.993123
0 -106.661344
36.993243
0 -106.628733
36.993161
0 -106.628652
36.993175
0 -106.617125
36.993004
0 -106.617159
36.992967
0 -106.500589
36.993768
0 -106.499764174355
36.9937704202569
0 -106.476280054708
36.9938393288836
0 -106.479744
36.999361
0 -106.481033
37.001783
0 -106.489062
37.01508
0 -106.589178
37.140188
0 -106.597384
37.194974
0 -106.670662
37.225377
0 -106.678354
37.228566
0 -106.678373
37.403596
0 -106.710775
37.404228
0 -106.710767
37.396238
0 -106.871183
37.393665
0 -106.875595
37.394023
0 -107.049368
37.392304
0 -107.128737
37.392409
0 -107.12868
37.422942
0 -107.192145
37.422953
0 -107.211573
37.422961
0 -107.482131
37.422673
0 -107.482225
37.374989
0 -107.482025
37.371271
0 -107.482049
37.358342
0 -107.482304
37.328714
0 