-66.770658
18.435952
0 -66.770142
18.433862
0 -66.768977
18.43244
0 -66.767942
18.427246
0 -66.768004
18.424151
0 -66.767973
18.420905
0 -66.767838
18.415844
0 -66.769518
18.409576
0 -66.770094
18.407875
0 -66.769983
18.405538
0 -66.767767
18.39484
0 -66.76772
18.39463
0 -66.767172
18.392097
0 -66.767269
18.389895
0 -66.768981
18.374116
0 -66.76911
18.373004
0 -66.769488
18.358264
0 -66.769261
18.355365
0 -66.770072
18.325013
0 -66.76864
18.325993
0 -66.767461
18.328282
0 -66.765973
18.327506
0 -66.766208
18.329695
0 -66.765203
18.332131
0 -66.762378
18.332144
0 -66.76203
18.334089
0 -66.761133
18.333873
0 -66.758883
18.334744
0 -66.757298
18.33673
0 -66.756248
18.337194
0 -66.754409
18.337303
0 -66.752559
18.339128
0 -66.7462
18.341978
0 -66.743798
18.343566
0 -66.741193
18.34425
0 -66.739416
18.345769
0 -66.738046
18.34822
0 -66.735947
18.349675
0 -66.734333
18.347693
0 -66.73154
18.348406
0 -66.730441
18.349484
0 -66.723462
18.33985
0 -66.720301
18.337629
0 -66.719792
18.336641
0 -66.720374
18.335108
0 -66.722528
18.333369
0 -66.72268
18.331751
0 -66.721664
18.330031
0 -66.720854
18.327387
0 -66.721474
18.325247
0 -66.721266
18.323819
0 -66.720032
18.323085
0 -66.719342
18.319517
0 -66.717866
18.317484
0 -66.717302
18.315681
0 -66.715886
18.315205
0 -66.711439
18.315606
0 -66.710474
18.315439
0 -66.708697
18.316602
0 -66.70661
18.316945
0 -66.704747
18.319105
0 -66.702916
18.320592
0 -66.698336
18.320801
0 -66.695763
18.322093
0 -66.691567
18.321296
0 -66.690192
18.321653
0 -66.688732
18.320199
0 -66.687815
18.320116
0 -66.685389
18.321171
0 -66.683192
18.320909
0 -66.683006
18.32085
0 -66.682103
18.321914
0 -66.679835
18.321653
0 -66.677404
18.322171
0 -66.67494
18.323813
0 -66.671617
18.324522
0 -66.669375
18.323468
0 -66.666888
18.322414
0 -66.664148
18.322053
0 -66.662588
18.319933
0 -66.661789
18.320686
0 -66.656593
18.322375
0 -66.656172
18.322769
0 -66.654487
18.324417
0 -66.65344
18.327262
0 -66.652284
18.328306
0 -66.650031
18.328393
0 -66.648635
18.326608
0 -66.645529
18.325581
0 -66.642949
18.32598
0 -66.642193
18.326793
0 -66.639155
18.324559
0 -66.636506
18.325335
0 -66.634755
18.325331
0 -66.63231
18.326801
0 -66.632008
18.32813
0 -66.628731
18.327872
0 -66.624323
18.328323
0 -66.621418
18.330708
0 -66.619029
18.331805
0 -66.616758
18.331792
0 -66.615342
18.33291
0 -66.614617
18.331591
0 -66.612414
18.331349
0 -66.611779
18.329721
0 -66.609641
18.32859
0 -66.606989
18.328186
0 -66.606708
18.331486
0 -66.604488
18.331647
0 -66.601496
18.334619
0 -66.600183
18.337108
0 -66.600935
18.338467
0 -66.600229
18.339603
0 -66.598454
18.338747
0 -66.597353
18.339216
0 -66.595271
18.338019
0 -66.590785
18.33806
0 -66.590487
18.339747
0 -66.591656
18.340689
0 -66.590329
18.341478
0 -66.589625
18.344239
0 -66.590188
18.345482
0 -66.588909
18.346899
0 -66.589766
18.348659
0 -66.588916
18.351229
0 -66.587078
18.353144
0 -66.588291
18.355893
0 -66.585172
18.359211
0 -66.584452
18.36125
0 -66.583014
18.363218
0 -66.582939
18.364515
0 -66.582408
18.370808
0 -66.582374
18.374238
0 -66.585611
18.373963
0 -66.586544
18.374529
0 -66.588305
18.37414
0 -66.589145
18.375678
0 -66.589194
18.377711
0 -66.588189
18.380671
0 -66.588008
18.383914
0 -66.588778
18.386358
0 -66.588273
18.386988
0 -66.588272
18.388828
0 -66.588181
18.389408
0 -66.588807
18.389514
0 -66.590075
18.389736
0 -66.591325
18.391991
0 -66.589836
18.393348
0 -66.59093
18.39671
0 -66.592617
18.397895
0 -66.593456
18.399407
0 -66.591024
18.410148
0 -66.590917
18.41062
0 -66.587619
18.410307
0 -66.587328
18.411077
0 -66.586445
18.413821
0 -66.586209
18.415138
0 -66.585273
18.419687
0 -66.583822
18.431849
0 -66.583222
18.437781
0 -66.584138
18.438677
0 -66.584273
18.43859
0 -66.586608
18.437409
0 -66.58777
18.437599
0 -66.587782
18.441193
0 -66.585599
18.44142
0 -66.582745
18.441656
0 -66.580815
18.459466
0 -66.580507
18.463406
0 -66.579868
18.467957
0 -66.582038
18.466195
0 -66.584675
18.467122
0 -66.586567
18.468864
0 -66.588873
18.473419
0 -66.588854
18.473525
0 -66.586966
18.48391
0 -66.5867511075527
18.4851010587685
0 -66.590903
18.48548
0 -66.5987801590786
18.4885554160244
0 -66.598984
18.488635
0 -66.604784357125
18.4900102271034
0 -66.610393
18.49134
0 -66.6125839193034
18.4916782848005
0 -66.6192118491773
18.4927016579258
0 -66.620613
18.492918
0 -66.626555
18.493369
0 -66.6282005676674
18.4933244931211
0 -66.6334106122505
18.493183579546
0 -66.634874
18.493144
0 -66.641291
18.492467
0 -66.645332
18.488861
0 -66.6484921875
18.488861
0 -66.654126
18.488861
0 -66.661180795209
18.4883214537052
0 -66.668862
18.487734
0 -66.674328
18.489762
0 -66.6757518843557
18.4885155251837
0 -66.6761108773934
18.488201261052
0 -66.6794999863507
18.4852344197156
0 -66.680508
18.484352
0 -66.6820349834207
18.48347077946
0 -66.6859282142631
18.481224
0 -66.685975
18.481197
0 -66.6862365714286
18.481197
0 -66.691917
18.481197
0 -66.6972734429265
18.4826251969833
0 -66.6975693802894
18.4827041032378
0 -66.699523
18.483225
0 -66.7021817569656
18.4804935280823
0 -66.702375
18.480295
0 -66.702284127749
18.4783152831037
0 -66.7021463924418
18.4753146210534
0 -66.702137
18.47511
0 -66.706178
18.47263
0 -66.7104967530238
18.4729452221417
0 -66.7105256851309
18.4729473338718
0 -66.7110572293131
18.4729861308335
0 -66.712357
18.473081
0 -66.7156421390547
18.4741681174445
0 -66.7191333806479
18.4753234382927
0 -66.7202912577504
18.4757066027115
0 -66.722577
18.476463
0 -66.7266638665292
18.4753727748898
0 -66.730183
18.474434
0 -66.7309189565217
18.474434
0 -66.736601
18.474434
0 -66.7369205861832
18.4744998874286
0 -66.7374296753514
18.4746048437064
0 -66.7436554108793
18.4758883713639
0 -66.747534
18.476688
0 -66.7525254998897
18.4785667293561
0 -66.7551179162967
18.4795424779116
0 -66.7625079315643
18.4823239742418
0 -66.7625084620945
18.4823242739195
0 -66.7649977855564
18.4837998649952
0 -66.76799
18.478246
0 -66.767807
18.476512
0 -66.768636
18.473241
0 -66.768348
18.471098
0 -66.768632
18.470703
0 -66.769169
18.469062
0 -66.768148
18.465663
0 -66.768189
18.461465
0 -66.767281
18.461651
0 -66.767628
18.451719
0 -66.768101
18.446658
0 -66.768317
18.443957
0 -66.770658
18.435952
0 