-101.629396
34.750056
0 -101.629257
34.747649
0 -101.471562
34.747462
0 -101.434904
34.74742
0 -101.385871
34.748377
0 -101.279481
34.748267
0 -101.199931
34.747704
0 -101.090749
34.748246
0 -101.090753
34.749809
0 -101.089237
34.874243
0 -101.089331
34.875052
0 -101.088474
34.957916
0 -101.087278
35.027079
0 -101.086875
35.080059
0 -101.086739
35.136099
0 -101.086281
35.18214
0 -101.182259
35.181708
0 -101.311473
35.182072
0 -101.328954
35.182009
0 -101.375445
35.182167
0 -101.61403
35.183157
0 -101.615379
35.183239
0 -101.622941
35.183117
0 -101.625011
35.015087
0 -101.62516
34.993724
0 -101.625853
34.985783
0 -101.625989
34.971753
0 -101.626376
34.929653
0 -101.627861
34.875055
0 -101.627507
34.865974
0 -101.627886
34.84239
0 -101.628055
34.831755
0 -101.629396
34.750056
0 