-82.436916
41.065379
0 -82.436911
41.065342
0 -82.436766
41.062394
0 -82.435931
41.04714
0 -82.432852
40.992944
0 -82.4179
40.992938
0 -82.417266
40.953331
0 -82.41648
40.902252
0 -82.416
40.901898
0 -82.416043
40.89873
0 -82.41599
40.877455
0 -82.416291
40.852604
0 -82.416431
40.829607
0 -82.415488
40.828424
0 -82.417093
40.825959
0 -82.418509
40.825625
0 -82.419404
40.827852
0 -82.420434
40.827839
0 -82.420545
40.826335
0 -82.419578
40.824979
0 -82.420752
40.82333
0 -82.419757
40.82299
0 -82.417196
40.820763
0 -82.417893
40.819286
0 -82.417061
40.817019
0 -82.418394
40.81623
0 -82.416847
40.814567
0 -82.409935
40.814603
0 -82.407999
40.814567
0 -82.407759
40.808247
0 -82.388559
40.808169
0 -82.388459
40.801419
0 -82.387084
40.800406
0 -82.387289
40.799557
0 -82.390117
40.797608
0 -82.38969
40.796026
0 -82.386591
40.794487
0 -82.385766
40.792386
0 -82.384438
40.792298
0 -82.38256
40.788586
0 -82.381891
40.788499
0 -82.38102
40.788923
0 -82.380065
40.788227
0 -82.378953
40.787227
0 -82.378635
40.781075
0 -82.378385
40.769879
0 -82.378305
40.768317
0 -82.378402
40.734219
0 -82.378397
40.727145
0 -82.367522
40.726707
0 -82.355654
40.726657
0 -82.354276
40.726813
0 -82.339211
40.726683
0 -82.338984
40.698538
0 -82.338959
40.685523
0 -82.33885
40.683512
0 -82.338739
40.669914
0 -82.338636
40.651888
0 -82.338483
40.638502
0 -82.338364
40.623556
0 -82.337732
40.59488
0 -82.336962
40.555001
0 -82.33476
40.555246
0 -82.274904
40.561891
0 -82.272623
40.562145
0 -82.234622
40.566472
0 -82.22011
40.568206
0 -82.220332
40.594707
0 -82.220335
40.594905
0 -82.220468
40.615432
0 -82.220662
40.627288
0 -82.220662
40.628762
0 -82.220662
40.638442
0 -82.220663
40.638615
0 -82.220659
40.640515
0 -82.220662
40.645652
0 -82.220693
40.654997
0 -82.220665
40.66758
0 -82.193271
40.667507
0 -82.161549
40.667988
0 -82.156375
40.667936
0 -82.154762
40.668042
0 -82.14784
40.668089
0 -82.126199
40.668229
0 -82.126229
40.675769
0 -82.126307
40.695065
0 -82.126345
40.704544
0 -82.126366
40.712015
0 -82.126404
40.719331
0 -82.126428
40.726534
0 -82.126234
40.726537
0 -82.126536
40.749272
0 -82.126628
40.750056
0 -82.126696
40.762975
0 -82.127327
40.804252
0 -82.126887
40.813787
0 -82.126557
40.82131
0 -82.125493
40.850301
0 -82.125495
40.85817
0 -82.12501
40.886263
0 -82.125852
40.893269
0 -82.127423
40.90089
0 -82.1279
40.900902
0 -82.128078
40.915319
0 -82.128313
40.92172
0 -82.128544
40.929977
0 -82.127917
40.937169
0 -82.128835
40.964201
0 -82.129101
40.975448
0 -82.129334
40.991807
0 -82.173359
40.992082
0 -82.171492
41.063537
0 -82.258275
41.06473
0 -82.270367
41.065089
0 -82.2797
41.065343
0 -82.28994
41.065531
0 -82.336496
41.065761
0 -82.358162
41.065718
0 -82.375958
41.065679
0 -82.396686
41.065612
0 -82.398276
41.065604
0 -82.41404
41.065511
0 -82.417082
41.065486
0 -82.424905
41.065426
0 -82.436916
41.065379
0 