-91.259878
29.987981
0 -91.259801
29.985254
0 -91.258906
29.984864
0 -91.257908
29.981151
0 -91.257119
29.980257
0 -91.256069
29.974986
0 -91.254518
29.972098
0 -91.255229
29.971457
0 -91.254468
29.968455
0 -91.252679
29.966368
0 -91.251103
29.962312
0 -91.251395
29.957591
0 -91.249573
29.956081
0 -91.246442
29.95677
0 -91.245336
29.955556
0 -91.245466
29.953173
0 -91.247574
29.952393
0 -91.247675
29.951146
0 -91.245085
29.948292
0 -91.242727
29.943785
0 -91.238385
29.938695
0 -91.236258
29.937449
0 -91.234081
29.936905
0 -91.231576
29.935649
0 -91.229652
29.932718
0 -91.229601
29.930401
0 -91.230461
29.926871
0 -91.232123
29.923772
0 -91.232616
29.921386
0 -91.231814
29.917863
0 -91.229985
29.91632
0 -91.2269
29.91469
0 -91.225518
29.912584
0 -91.22399
29.911608
0 -91.21988
29.909988
0 -91.215865
29.908915
0 -91.214076
29.907569
0 -91.209673
29.902364
0 -91.207086
29.897888
0 -91.206778
29.896805
0 -91.207328
29.892869
0 -91.207207
29.886598
0 -91.205764
29.880812
0 -91.205643
29.879358
0 -91.203829
29.876992
0 -91.202187
29.872116
0 -91.201566
29.867745
0 -91.200643
29.865124
0 -91.200263
29.861793
0 -91.199801
29.860979
0 -91.198621
29.859717
0 -91.193875
29.856352
0 -91.190044
29.851434
0 -91.188343
29.849719
0 -91.184496
29.846722
0 -91.182817
29.846172
0 -91.163738
29.842373
0 -91.155721
29.840054
0 -91.152706
29.837902
0 -91.150227
29.836831
0 -91.147481
29.836751
0 -91.145307
29.837204
0 -91.14139
29.837391
0 -91.139087
29.837142
0 -91.13482
29.837378
0 -91.131844
29.836991
0 -91.128103
29.834855
0 -91.125101
29.83242
0 -91.122538
29.829303
0 -91.120658
29.827916
0 -91.114711
29.826521
0 -91.111055
29.82655
0 -91.109462
29.823945
0 -91.108744
29.822412
0 -91.107403
29.821405
0 -91.106691
29.820288
0 -91.106082
29.816939
0 -91.102892
29.817189
0 -91.101478
29.815271
0 -91.099415
29.81465
0 -91.098096
29.811036
0 -91.096183
29.808727
0 -91.095808
29.805815
0 -91.092682
29.801
0 -91.094807
29.79877
0 -91.096539
29.79434
0 -91.098061
29.792033
0 -91.099017
29.789584
0 -91.100052
29.785059
0 -91.098543
29.783585
0 -91.096125
29.778517
0 -91.097562
29.77709
0 -91.100288
29.772991
0 -91.100245
29.771981
0 -91.099068
29.770186
0 -91.095771
29.767187
0 -91.094378
29.764575
0 -91.092986
29.763086
0 -91.092985
29.760771
0 -91.09133
29.759076
0 -91.090857
29.757243
0 -91.089465
29.755547
0 -91.091171
29.752064
0 -91.091533
29.749153
0 -91.093449
29.74567
0 -91.093212
29.743401
0 -91.094499
29.742003
0 -91.095364
29.737032
0 -91.099328
29.735839
0 -91.102899
29.73664
0 -91.104054
29.736434
0 -91.106551
29.733487
0 -91.100297
29.700333
0 -91.10001
29.699402
0 -91.098586
29.697545
0 -91.096248
29.696944
0 -91.095303
29.696318
0 -91.095151
29.694261
0 -91.098089
29.690675
0 -91.098947
29.688186
0 -91.099071
29.68662
0 -91.098601
29.681602
0 -91.098584
29.676953
0 -91.098911
29.670579
0 -91.099475
29.661578
0 -91.100235
29.65641
0 -91.103936
29.648131
0 -91.105347
29.645497
0 -91.105249
29.643012
0 -91.102568
29.641443
0 -91.095188
29.640009
0 -91.091612
29.638716
0 -91.089628
29.637624
0 -91.086163
29.634838
0 -91.083393
29.631224
0 -91.082616
29.628662
0 -91.082602
29.626368
0 -91.079744
29.629586
0 -91.044829
29.669596
0 -91.044605
29.669864
0 -91.012432
29.708039
0 -91.006743
29.714771
0 -90.981696
29.744706
0 -90.947496
29.792306
0 -90.927997
29.824244
0 -90.924866
29.829372
0 -90.92447
29.830307
0 -90.925046
29.830377
0 -90.924712
29.83127
0 -90.916692
29.855711
0 -90.909695
29.877104
0 -90.885442
29.877502
0 -90.885589
29.905353
0 -90.885925
29.92373
0 -90.886199
29.935644
0 -90.886581
29.935573
0 -90.925849
29.934955
0 -90.926078
29.978225
0 -90.959869
29.977924
0 -90.959724
30.006507
0 -90.959571
30.035594
0 -90.963172
30.035531
0 -90.963693
30.06645
0 -90.965602
30.065096
0 -90.971521
30.065055
0 -90.984318
30.064987
0 -90.99586
30.071331
0 -91.000708
30.074109
0 -91.005748
30.079106
0 -91.026141
30.0746
0 -91.02636
30.075943
0 -91.045867
30.072557
0 -91.05101
30.071622
0 -91.052558
30.072363
0 -91.056106
30.070328
0 -91.060836
30.073071
0 -91.065418
30.07612
0 -91.074581
30.081631
0 -91.078268
30.076957
0 -91.089329
30.076593
0 -91.089103
30.062514
0 -91.105951
30.062478
0 -91.132302
30.054235
0 -91.224356
30.025336
0 -91.22479
30.024182
0 -91.226908
30.01919
0 -91.228858
30.015163
0 -91.230402
30.011006
0 -91.231923
30.00764
0 -91.23455
30.002978
0 -91.235889
30.001128
0 -91.236346
30.000894
0 -91.237703
30.0002
0 -91.244797
30.0002
0 -91.249088
30.001031
0 -91.255744
30.001331
0 -91.258944
30.000674
0 -91.259388
30.0002
0 -91.259878
29.987981
0 