-95.773549
40.578205
0 -95.774704
40.573574
0 -95.771776
40.566133
0 -95.76503
40.556921
0 -95.763833
40.553873
0 -95.763366
40.550797
0 -95.763624
40.548298
0 -95.764696
40.545721
0 -95.768412
40.540347
0 -95.769281
40.536656
0 -95.768693
40.534106
0 -95.76692
40.531563
0 -95.762857
40.528371
0 -95.75711
40.52599
0 -95.74868
40.524275
0 -95.73725
40.52393
0 -95.731179
40.525436
0 -95.725214
40.527773
0 -95.722444
40.528118
0 -95.714291
40.527208
0 -95.709974
40.523798
0 -95.708591
40.521551
0 -95.69721
40.528477
0 -95.69505
40.533124
0 -95.697281
40.536985
0 -95.696673
40.545137
0 -95.694881
40.55072
0 -95.694147
40.556942
0 -95.687109
40.560664
0 -95.678718
40.56256
0 -95.671754
40.562626
0 -95.665486
40.556686
0 -95.662097
40.549959
0 -95.655848
40.546609
0 -95.65341
40.541893
0 -95.652262
40.538114
0 -95.6547942225646
40.5273104935895
0 -95.655674
40.523557
0 -95.661687
40.517309
0 -95.667981
40.51496
0 -95.692083
40.508133
0 -95.695604
40.506473
0 -95.699969
40.505275
0 -95.695945
40.499051
0 -95.694726
40.493602
0 -95.695247
40.486587
0 -95.696206
40.482113
0 -95.696756
40.478849
0 -95.696365
40.475897
0 -95.694651
40.471452
0 -95.693133
40.469396
0 -95.6871340381182
40.4652712861862
0 -95.684363
40.463366
0 -95.677174
40.460158
0 -95.671742
40.456695
0 -95.665413
40.451182
0 -95.65819
40.44188
0 -95.6577763416195
40.440725634582
0 -95.6576951729082
40.4404991231471
0 -95.65563
40.434736
0 -95.656288
40.428765
0 -95.65831
40.424538
0 -95.660721
40.418841
0 -95.661463
40.415947
0 -95.659134
40.40869
0 -95.6517441595512
40.399151507918
0 -95.649418
40.396149
0 -95.643934
40.386849
0 -95.642147
40.378243
0 -95.642679
40.375001
0 -95.642414
40.369829
0 -95.641027
40.366399
0 -95.638984299496
40.3638486610903
0 -95.636991
40.36136
0 -95.631481
40.35731
0 -95.6274207773275
40.3531071989321
0 -95.627124
40.3528
0 -95.6248787889204
40.3493130675914
0 -95.624815
40.349214
0 -95.623728
40.346567
0 -95.622704
40.340856
0 -95.623182
40.338367
0 -95.625204
40.334288
0 -95.629936
40.330994
0 -95.633807
40.329297
0 -95.647931
40.325556
0 -95.653729
40.322582
0 -95.656612
40.319465
0 -95.657764
40.315788
0 -95.658025
40.3127
0 -95.657328
40.310856
0 -95.654294
40.307906
0 -95.651507
40.306684
0 -95.645329
40.305693
0 -95.642262
40.306025
0 -95.63631
40.307675
0 -95.623213
40.312469
0 -95.617931
40.313728
0 -95.613479
40.314233
0 -95.610439
40.31397
0 -95.60511
40.312559
0 -95.598657
40.309809
0 -95.5978477243842
40.3091790763282
0 -95.5935732800788
40.3058519358597
0 -95.590165
40.303199
0 -95.587371
40.301649
0 -95.581787
40.29958
0 -95.56814
40.299129
0 -95.562157
40.297359
0 -95.558732
40.295774
0 -95.553292
40.291158
0 -95.55162
40.288666
0 -95.550966
40.285947
0 -95.551488
40.281061
0 -95.556275
40.270761
0 -95.556325
40.267714
0 -95.554817342733
40.2644598412112
0 -95.465228
40.263911
0 -95.45511
40.263827
0 -95.370081
40.263004
0 -95.351045
40.262875
0 -95.313712
40.262732
0 -95.209018
40.262289
0 -95.180614
40.261706
0 -95.179519
40.303922
0 -95.179339
40.305442
0 -95.179043
40.319641
0 -95.17871
40.33415
0 -95.177614
40.39219
0 -95.177606
40.435579
0 -95.177708
40.478903
0 -95.202017
40.479135
0 -95.202043
40.565305
0 -95.202395
40.567427
0 -95.2022644684083
40.5785277644034
0 -95.211408
40.57865
0 -95.21159
40.578654
0 -95.212715
40.578679
0 -95.213327
40.578689
0 -95.217455
40.578759
0 -95.218783
40.578781
0 -95.221525
40.578827
0 -95.2247354840633
40.578856385036
0 -95.2306744874456
40.5789107437635
0 -95.2590104111472
40.5791700978427
0 -95.335588
40.579871
0 -95.357802
40.5801
0 -95.373893
40.580501
0 -95.3739230201308
40.580501370976
0 -95.415406
40.581014
0 -95.4310750039469
40.5811668740021
0 -95.460811996961
40.5814570017695
0 -95.469319
40.58154
0 -95.4881440819169
40.5817246484949
0 -95.4991554406477
40.581832654974
0 -95.525392
40.58209
0 -95.526682
40.582136
0 -95.533182
40.582249
0 -95.5453059434979
40.5824605579983
0 -95.554959
40.582629
0 -95.574046
40.582963
0 -95.6108810329186
40.5834922990172
0 -95.611069
40.583495
0 -95.6380673764452
40.5841433962235
0 -95.64184
40.584234
0 -95.6521983900732
40.5842671635663
0 -95.687442
40.58438
0 -95.6875
40.584381
0 -95.746443
40.584935
0 -95.765645
40.585208
0 -95.768527
40.583296
0 -95.773549
40.578205
0 