-74.985223
39.514802
0 -74.982833
39.513111
0 -74.97436
39.507065
0 -74.972075
39.505469
0 -74.944075
39.485978
0 -74.921597
39.470378
0 -74.896626
39.452953
0 -74.855959
39.424469
0 -74.857509
39.423111
0 -74.857055
39.420691
0 -74.856061
39.418251
0 -74.853095
39.41497
0 -74.852665
39.411704
0 -74.852933
39.40938
0 -74.854538
39.405732
0 -74.857058
39.403408
0 -74.858054
39.401122
0 -74.857436
39.397931
0 -74.858277
39.395547
0 -74.856044
39.390219
0 -74.853471
39.38616
0 -74.851856
39.381759
0 -74.852062
39.380829
0 -74.851931
39.377647
0 -74.852687
39.374764
0 -74.853683
39.373198
0 -74.853499
39.372126
0 -74.855401
39.369972
0 -74.855839
39.368517
0 -74.857267
39.366637
0 -74.859812
39.361847
0 -74.859553
39.355496
0 -74.862194
39.349068
0 -74.862103
39.348028
0 -74.863599
39.345557
0 -74.863959
39.343124
0 -74.863244
39.341936
0 -74.864925
39.338559
0 -74.864039
39.335961
0 -74.864511
39.332617
0 -74.863969
39.328175
0 -74.862575
39.326975
0 -74.861073
39.323768
0 -74.861228
39.320132
0 -74.860477
39.319138
0 -74.855098
39.318273
0 -74.850922
39.316258
0 -74.843715
39.315951
0 -74.840376
39.314774
0 -74.839743
39.315298
0 -74.837272
39.314734
0 -74.835876
39.313292
0 -74.832646
39.31119
0 -74.831303
39.31094
0 -74.830062
39.309063
0 -74.824976
39.305283
0 -74.823456
39.305378
0 -74.822675
39.306719
0 -74.82038
39.306989
0 -74.818703
39.306113
0 -74.814146
39.306312
0 -74.809449
39.306092
0 -74.807529
39.304735
0 -74.803709
39.307298
0 -74.802033
39.307316
0 -74.80014
39.30841
0 -74.798276
39.306602
0 -74.794472
39.306797
0 -74.792938
39.30481
0 -74.790421
39.307401
0 -74.786522
39.306602
0 -74.784669
39.307167
0 -74.779202
39.304674
0 -74.777517
39.303007
0 -74.777475
39.301691
0 -74.778973
39.299213
0 -74.7781
39.299007
0 -74.773108
39.300994
0 -74.77067
39.299485
0 -74.766151
39.298838
0 -74.765486
39.297386
0 -74.764139
39.296425
0 -74.761413
39.297164
0 -74.758986
39.299038
0 -74.756743
39.299458
0 -74.754177
39.298851
0 -74.752983
39.297748
0 -74.752611
39.295149
0 -74.746385
39.294708
0 -74.744288
39.295427
0 -74.741827
39.295402
0 -74.739891
39.296176
0 -74.736956
39.298498
0 -74.731917
39.298572
0 -74.730367
39.298215
0 -74.728221
39.296381
0 -74.726555
39.296083
0 -74.721947
39.298208
0 -74.719268
39.298683
0 -74.718675
39.297936
0 -74.720069
39.294938
0 -74.719179
39.293735
0 -74.716667
39.292121
0 -74.713963
39.291944
0 -74.711778
39.294956
0 -74.709647
39.294831
0 -74.709393
39.291925
0 -74.707823
39.29076
0 -74.705869
39.293743
0 -74.703876
39.294809
0 -74.702658
39.294702
0 -74.701415
39.293792
0 -74.700461
39.290778
0 -74.700093
39.289942
0 -74.698224
39.289232
0 -74.696523
39.290508
0 -74.694649
39.291087
0 -74.692136
39.290416
0 -74.690694
39.290769
0 -74.688143
39.293236
0 -74.685371
39.294295
0 -74.682643
39.293626
0 -74.680349
39.294148
0 -74.679144
39.295999
0 -74.677355
39.297288
0 -74.676116
39.297221
0 -74.674285
39.295344
0 -74.673806
39.293163
0 -74.67512
39.290323
0 -74.674029
39.289114
0 -74.672325
39.289607
0 -74.670779
39.292225
0 -74.670329
39.296505
0 -74.667914
39.297613
0 -74.664909
39.297321
0 -74.658228
39.297292
0 -74.657557
39.295736
0 -74.659247
39.292242
0 -74.658911
39.290647
0 -74.657039
39.289507
0 -74.653148
39.288607
0 -74.65104
39.288796
0 -74.649178
39.28991
0 -74.647581
39.292569
0 -74.645439
39.294522
0 -74.643408
39.295492
0 -74.640088
39.29599
0 -74.632779
39.295125
0 -74.626025
39.292847
0 -74.624599
39.292434
0 -74.620612
39.292598
0 -74.618004
39.293522
0 -74.598797
39.305196
0 -74.596897
39.306414
0 -74.591766
39.309343
0 -74.590221
39.309816
0 -74.588701
39.310074
0 -74.586396
39.309895
0 -74.58369
39.308859
0 -74.573325
39.301618
0 -74.571317
39.300402
0 -74.568107
39.299079
0 -74.562372
39.298422
0 -74.556625
39.298413
0 -74.5525490896497
39.2995767938194
0 -74.548156
39.302166
0 -74.545977
39.302403
0 -74.5438656000249
39.3020561887738
0 -74.5415763538191
39.3027098367584
0 -74.538816
39.303498
0 -74.534148
39.303006
0 -74.521076
39.312753
0 -74.5199411587473
39.3134197236455
0 -74.5152998565918
39.3161465066962
0 -74.5151171186056
39.3162538659731
0 -74.5124707571438
39.3178086136146
0 -74.5097056749187
39.3194331101659
0 -74.5072930323162
39.3208505470694
0 -74.5072031149908
39.3209033738475
0 -74.501688823103
39.3241430417579
0 -74.5016162392722
39.3241856850406
0 -74.492123
39.329763
0 -74.490535331856
39.3305143947749
0 -74.4821681602217
39.3344743212057
0 -74.477084601285
39.3368802141736
0 -74.4752011547395
39.3377715918198
0 -74.469583635217
39.3404301920021
0 -74.4685468959515
39.3409208489885
0 -74.4641976864136
39.3429791968455
0 -74.4641595427969
39.3429972490527
0 -74.461067384887
39.3444606728201
0 -74.459894
39.345016
0 -74.4590819407326
39.3453102774738
0 -74.4566143144729
39.3462045063202
0 -74.4530752848612
39.3474869948472
0 -74.4529490703361
39.347532733001
0 -74.4474800708153
39.3495146121909
0 -74.4405318486402
39.352032538346
0 -74.438839
39.352646
0 -74.4321320868754
39.353861550847
0 -74.423627
39.355403
0 -74.4139501204346
39.3601932102503
0 -74.412692
39.360816
0 -74.408237
39.365071
0 -74.4069514839475
39.3688021319572
0 -74.4063690413094
39.3704926361994
0 -74.4063576344026
39.3705257440511
0 -74.4061778868412
39.3710474503876
0 -74.405572
39.372806
0 -74.3993358258826
39.3777611607824
0 -74.3948843288768
39.3812982466576
0 -74.388587
39.386302
0 -74.3874891548228
39.3871008441431
0 -74.3823721634775
39.3908242093787
0 -74.3797536726675
39.3927295472996
0 -74.3733093598449
39.3974187345019
0 -74.3677424476262
39.4014694834724
0 -74.36699
39.402017
0 -74.3623140776076
39.4063730199159
0 -74.3540806799845
39.4140431309683
0 -74.3490822942391
39.4186995529589
0 -74.334804
39.432001
0 -74.328556
39.437504
0 -74.3278907402989
39.4394169001319
0 -74.327063
39.441797
0 -74.3268924601388
39.4429363942695
0 -74.326047
39.448585
0 -74.316196
39.467235
0 -74.313106
39.473657
0 -74.311918
39.479895
0 -74.312156
39.483564
0 -74.316909
39.493836
0 -74.323327
39.499888
0 -74.3237466822058
39.5064569388727
0 -74.326382
39.506332
0 -74.333213
39.506766
0 -74.338588
39.506855
0 -74.347908
39.505789
0 -74.354214
39.505572
0 -74.356396
39.504634
0 -74.360968
39.502027
0 -74.380796
39.498537
0 -74.397682
39.530397
0 -74.401683
39.537922
0 -74.4033
39.540325
0 -74.405781
39.542391
0 -74.408198
39.544634
0 -74.409531
39.547108
0 -74.416225
39.549803
0 -74.416678
39.552715
0 -74.416119
39.556023
0 -74.417393
39.557255
0 -74.420686
39.557242
0 -74.425909
39.553314
0 -74.427712
39.553122
0 -74.432806
39.555562
0 -74.436089
39.555109
0 -74.438633
39.553202
0 -74.438197
39.550919
0 -74.435518
39.548277
0 -74.433784
39.545776
0 -74.433742
39.54274
0 -74.435183
39.541281
0 -74.437009
39.540841
0 -74.439378
39.54121
0 -74.442293
39.543418
0 -74.444246
39.54498
0 -74.446284
39.547872
0 -74.446269
39.549616
0 -74.443862
39.554069
0 -74.443286
39.555805
0 -74.444357
39.55754
0 -74.445829
39.558617
0 -74.44807
39.559305
0 -74.451833
39.557962
0 -74.453121
39.55592
0 -74.453132
39.55025
0 -74.454249
39.548124
0 -74.455944
39.547188
0 -74.458192
39.547568
0 -74.460142
39.54985
0 -74.460993
39.554879
0 -74.463592
39.556568
0 -74.466234
39.556316
0 -74.468675
39.5552
0 -74.471946
39.552377
0 -74.473988
39.551403
0 -74.475975
39.551677
0 -74.478544
39.553861
0 -74.479558
39.55597
0 -74.48158
39.557976
0 -74.483332
39.558569
0 -74.485867
39.558646
0 -74.490299
39.556451
0 -74.492218
39.556241
0 -74.494848
39.557331
0 -74.49557
39.561517
0 -74.496275
39.562883
0 -74.499871
39.564187
0 -74.500894
39.564982
0 -74.503903
39.569354
0 -74.505025
39.569492
0 -74.509439
39.5689
0 -74.511858
39.56976
0 -74.513828
39.573029
0 -74.515094
39.573949
0 -74.518148
39.573173
0 -74.521043
39.570572
0 -74.523485
39.569301
0 -74.5246
39.569658
0 -74.528009
39.569502
0 -74.52931
39.570051
0 -74.533787
39.573656
0 -74.538483
39.574591
0 -74.540997
39.576407
0 -74.542391
39.578816
0 -74.542773
39.58063
0 -74.541231
39.585343
0 -74.543497
39.586757
0 -74.547776
39.588625
0 -74.549342
39.589991
0 -74.54992
39.59203
0 -74.552192
39.594992
0 -74.553219
39.597339
0 -74.555913
39.598019
0 -74.559492
39.597109
0 -74.564552
39.59667
0 -74.566435
39.596966
0 -74.569976
39.598609
0 -74.572488
39.598922
0 -74.575553
39.5983
0 -74.578101
39.600134
0 -74.579483
39.602436
0 -74.581043
39.603721
0 -74.583382
39.604269
0 -74.585801
39.605608
0 -74.587275
39.610565
0 -74.588785
39.611878
0 -74.596081
39.614069
0 -74.600543
39.616399
0 -74.603766
39.618626
0 -74.608473
39.621362
0 -74.613232
39.623451
0 -74.615
39.623299
0 -74.618254
39.624577
0 -74.621959
39.626633
0 -74.6235
39.626582
0 -74.624989
39.625118
0 -74.625789
39.622061
0 -74.628775
39.620093
0 -74.631642
39.620967
0 -74.632086
39.622157
0 -74.631482
39.624357
0 -74.631956
39.626141
0 -74.63335
39.627562
0 -74.635492
39.627229
0 -74.637496
39.623358
0 -74.639583
39.622504
0 -74.640724
39.623106
0 -74.641026
39.624452
0 -74.640093
39.625002
0 -74.641133
39.625731
0 -74.643688
39.625912
0 -74.646925
39.624831
0 -74.648013
39.625044
0 -74.648298
39.626555
0 -74.647719
39.62801
0 -74.649261
39.628846
0 -74.650656
39.628629
0 -74.652939
39.626527
0 -74.654925
39.627002
0 -74.654547
39.630043
0 -74.656153
39.631327
0 -74.659377
39.631412
0 -74.658438
39.636274
0 -74.659365
39.63857
0 -74.65947
39.64034
0 -74.657572
39.642992
0 -74.657129
39.644743
0 -74.659287
39.646733
0 -74.658099
39.648884
0 -74.658806
39.649976
0 -74.658472
39.651695
0 -74.659888
39.651677
0 -74.660417
39.65281
0 -74.658688
39.653557
0 -74.659312
39.655304
0 -74.658275
39.65723
0 -74.659428
39.664291
0 -74.660117
39.665794
0 -74.660434
39.668806
0 -74.661249
39.670333
0 -74.662784
39.671062
0 -74.661952
39.67176
0 -74.663788
39.67293
0 -74.665154
39.676196
0 -74.664418
39.67662
0 -74.665203
39.679684
0 -74.665982
39.680018
0 -74.669796
39.685078
0 -74.671363
39.68494
0 -74.671819
39.686211
0 -74.673102
39.686378
0 -74.673506
39.688594
0 -74.674789
39.688997
0 -74.6758
39.69131
0 -74.724215
39.72229
0 -74.73267
39.727639
0 -74.736309
39.729909
0 -74.801051
39.674102
0 -74.820659
39.657227
0 -74.827697
39.651164
0 -74.82952
39.64959
0 -74.859134
39.624094
0 -74.877189
39.608288
0 -74.882318
39.603833
0 -74.884346
39.602076
0 -74.896367
39.591774
0 -74.911566
39.57862
0 -74.937303
39.556558
0 -74.956022
39.540431
0 -74.956381
39.540116
0 -74.985223
39.514802
0 