-95.093304
41.776945
0 -95.093161
41.688352
0 -95.092789
41.667253
0 -95.092654
41.659731
0 -95.09284
41.645406
0 -95.09252
41.602055
0 -95.064804
41.602147
0 -95.055082
41.602164
0 -95.040748
41.602152
0 -95.040743
41.519292
0 -95.04077
41.50469
0 -94.945629
41.504603
0 -94.92638
41.504524
0 -94.897768
41.504492
0 -94.868743
41.504586
0 -94.863946
41.504585
0 -94.835067
41.5044
0 -94.815826
41.50442
0 -94.777283
41.504294
0 -94.700629
41.504148
0 -94.70067
41.518533
0 -94.700678
41.53302
0 -94.700681
41.540182
0 -94.700664
41.543766
0 -94.70069
41.547372
0 -94.700782
41.569008
0 -94.700748
41.576218
0 -94.700745
41.602184
0 -94.710488
41.602251
0 -94.714594
41.602156
0 -94.715825
41.602127
0 -94.744204
41.602185
0 -94.7442
41.609466
0 -94.744213
41.631099
0 -94.744275
41.63823
0 -94.744084
41.667281
0 -94.744219
41.688528
0 -94.744291
41.697002
0 -94.744342
41.703184
0 -94.744042
41.746591
0 -94.744104
41.776805
0 -94.744226
41.805457
0 -94.744876
41.862394
0 -94.783478
41.862913
0 -94.802792
41.862895
0 -94.859761
41.862823
0 -94.90807
41.863009
0 -94.937028
41.863001
0 -94.976252
41.86293
0 -95.014912
41.863024
0 -95.092861
41.863374
0 -95.093038
41.798444
0 -95.093304
41.776945
0 