-79.533282
38.156145
0 -79.533311
38.154795
0 -79.53166
38.152391
0 -79.527044
38.151831
0 -79.522898
38.152607
0 -79.521189
38.153636
0 -79.519014
38.153818
0 -79.516875
38.155064
0 -79.513919
38.155117
0 -79.510624
38.15469
0 -79.509181
38.154939
0 -79.505213
38.157181
0 -79.502508
38.159773
0 -79.497511
38.163516
0 -79.497085
38.164555
0 -79.492055
38.167075
0 -79.490534
38.16735
0 -79.489477
38.16844
0 -79.486866
38.169544
0 -79.483923
38.170272
0 -79.481603
38.170301
0 -79.479115
38.169311
0 -79.474938
38.168175
0 -79.47107
38.166106
0 -79.470154
38.165205
0 -79.467028
38.165825
0 -79.465727
38.166705
0 -79.463516
38.166224
0 -79.458591
38.163073
0 -79.455298
38.165356
0 -79.452007
38.164655
0 -79.450733
38.165926
0 -79.448301
38.166497
0 -79.446257
38.168259
0 -79.445426
38.168235
0 -79.444148
38.167003
0 -79.441685
38.166335
0 -79.436678
38.1628
0 -79.43677
38.161762
0 -79.438717
38.158904
0 -79.440074
38.155361
0 -79.442408
38.151384
0 -79.445118
38.147568
0 -79.448927
38.14388
0 -79.45017
38.14223
0 -79.453225
38.139339
0 -79.454019
38.138172
0 -79.457634
38.134838
0 -79.459619
38.132519
0 -79.462134
38.130675
0 -79.465718
38.127341
0 -79.46918
38.124534
0 -79.47159
38.121855
0 -79.475242
38.116802
0 -79.483982
38.106815
0 -79.486607
38.103256
0 -79.488948
38.100851
0 -79.490581
38.098198
0 -79.493253
38.095384
0 -79.482405
38.086105
0 -79.452312
38.068237
0 -79.421869
38.050191
0 -79.367781
38.018098
0 -79.290254
37.973668
0 -79.223729
37.936716
0 -79.222985
37.936274
0 -79.215586
37.932095
0 -79.213373
37.930621
0 -79.203026
37.925101
0 -79.188868
37.916992
0 -79.183978
37.914194
0 -79.157423
37.890995
0 -79.150635
37.892622
0 -79.148877
37.89024
0 -79.147473
37.890201
0 -79.146639
37.888826
0 -79.14224
37.890799
0 -79.137467
37.891391
0 -79.135656
37.892563
0 -79.134002
37.892841
0 -79.130494
37.894459
0 -79.129352
37.895587
0 -79.125877
37.895883
0 -79.122698
37.895798
0 -79.118283
37.901083
0 -79.116086
37.90206
0 -79.114026
37.902294
0 -79.107916
37.903701
0 -79.105948
37.902426
0 -79.101301
37.903739
0 -79.099674
37.904903
0 -79.099745
37.906336
0 -79.098904
37.907626
0 -79.096279
37.908942
0 -79.091223
37.910931
0 -79.087708
37.911908
0 -79.086578
37.91163
0 -79.083525
37.912051
0 -79.081912
37.912992
0 -79.078307
37.913872
0 -79.077263
37.914889
0 -79.076401
37.915127
0 -79.075039
37.914088
0 -79.069408
37.913353
0 -79.066915
37.9145
0 -79.063807
37.917144
0 -79.062283
37.91752
0 -79.060002
37.915154
0 -79.056808
37.912626
0 -79.052255
37.912794
0 -79.052233
37.910119
0 -79.050342
37.907037
0 -79.049511
37.903161
0 -79.050182
37.899972
0 -79.045688
37.897754
0 -79.04468
37.895263
0 -79.044329
37.890903
0 -79.042986
37.891472
0 -79.037824
37.891879
0 -79.035871
37.892584
0 -79.033404
37.892054
0 -79.02748
37.892395
0 -79.02555
37.892029
0 -79.022374
37.8921
0 -79.019519
37.893377
0 -79.017276
37.893209
0 -79.017624
37.892289
0 -79.016334
37.889887
0 -79.016472
37.888051
0 -79.012299
37.884673
0 -79.008952
37.883335
0 -79.00579
37.881587
0 -79.005129
37.88169
0 -79.002997
37.884149
0 -79.000789
37.885126
0 -78.998447
37.888238
0 -78.996078
37.888872
0 -78.992864
37.891049
0 -78.990046
37.894438
0 -78.987469
37.895869
0 -78.987246
37.898338
0 -78.985157
37.901996
0 -78.983333
37.903293
0 -78.981119
37.90596
0 -78.977207
37.908496
0 -78.972784
37.91055
0 -78.970807
37.912383
0 -78.969046
37.913038
0 -78.965528
37.913444
0 -78.963482
37.914796
0 -78.95691
37.916575
0 -78.955283
37.916412
0 -78.958141
37.918932
0 -78.959032
37.920621
0 -78.957077
37.923883
0 -78.956949
37.925879
0 -78.953375
37.928841
0 -78.951866
37.931921
0 -78.947107
37.935475
0 -78.945642
37.937368
0 -78.943362
37.93825
0 -78.942068
37.940237
0 -78.9403
37.940562
0 -78.937278
37.939973
0 -78.933232
37.939895
0 -78.932338
37.940132
0 -78.929348
37.93986
0 -78.925501
37.940424
0 -78.9213
37.94275
0 -78.921159
37.944571
0 -78.919831
37.946268
0 -78.916731
37.945894
0 -78.915502
37.945289
0 -78.91235
37.945852
0 -78.909429
37.945346
0 -78.901741
37.948091
0 -78.899698
37.948711
0 -78.899053
37.948862
0 -78.900428
37.949245
0 -78.902282
37.951402
0 -78.901123
37.954636
0 -78.902336
37.958233
0 -78.900548
37.960048
0 -78.900601
37.961607
0 -78.899435
37.962393
0 -78.900006
37.964272
0 -78.896603
37.968426
0 -78.894688
37.970548
0 -78.892776
37.973825
0 -78.89261
37.974964
0 -78.893611
37.977148
0 -78.899412
37.975975
0 -78.903542
37.974788
0 -78.907566
37.976066
0 -78.907978
37.976783
0 -78.90795
37.978818
0 -78.907128
37.982243
0 -78.905938
37.984768
0 -78.906945
37.987538
0 -78.904744
37.988818
0 -78.90152
37.990774
0 -78.899074
37.993951
0 -78.896198
37.995387
0 -78.892144
37.994488
0 -78.889342
37.995354
0 -78.887931
37.996621
0 -78.88808
37.999644
0 -78.88627
38.001473
0 -78.885242
38.003879
0 -78.882117
38.008
0 -78.881721
38.009372
0 -78.882379
38.014323
0 -78.881951
38.018176
0 -78.879185
38.020062
0 -78.878036
38.021632
0 -78.877527
38.024124
0 -78.873692
38.028624
0 -78.872186
38.029086
0 -78.869625
38.02796
0 -78.866397
38.028631
0 -78.863559
38.027827
0 -78.861884
38.028731
0 -78.859832
38.028471
0 -78.858104
38.029432
0 -78.857456
38.03263
0 -78.85519
38.03579
0 -78.85279
38.037235
0 -78.85033
38.037788
0 -78.847065
38.04109
0 -78.84216
38.044359
0 -78.839211
38.047565
0 -78.836702
38.048653
0 -78.83555
38.049895
0 -78.833148
38.050972
0 -78.829981
38.054054
0 -78.826632
38.05439
0 -78.825266
38.055986
0 -78.822212
38.057932
0 -78.821678
38.059208
0 -78.819628
38.059803
0 -78.817277
38.059636
0 -78.811998
38.061707
0 -78.810638
38.061456
0 -78.80833
38.062234
0 -78.807637
38.063275
0 -78.806343
38.063227
0 -78.804831
38.064766
0 -78.801695
38.065977
0 -78.796665
38.06727
0 -78.79286
38.069504
0 -78.79219
38.070431
0 -78.793157
38.072624
0 -78.792869
38.076036
0 -78.793845
38.077801
0 -78.79171
38.078205
0 -78.788478
38.080021
0 -78.788155
38.080914
0 -78.785311
38.081635
0 -78.781078
38.080757
0 -78.780859
38.081997
0 -78.778752
38.084381
0 -78.779303
38.089001
0 -78.77738
38.091807
0 -78.777199
38.093184
0 -78.777898
38.094427
0 -78.780989
38.096883
0 -78.780709
38.098963
0 -78.783764
38.099852
0 -78.783785
38.10096
0 -78.782588
38.10261
0 -78.780408
38.103964
0 -78.779199
38.105784
0 -78.779209
38.106841
0 -78.781018
38.107622
0 -78.780032
38.109521
0 -78.78042
38.112027
0 -78.78069
38.112788
0 -78.78275
38.113275
0 -78.783511
38.114059
0 -78.785746
38.114402
0 -78.785914
38.116202
0 -78.787544
38.117288
0 -78.786908
38.118506
0 -78.785707
38.118893
0 -78.785375
38.120728
0 -78.787187
38.121921
0 -78.787288
38.125134
0 -78.788094
38.126402
0 -78.78562
38.129176
0 -78.782105
38.129983
0 -78.779976
38.131547
0 -78.779376
38.132732
0 -78.77946
38.137125
0 -78.779075
38.139889
0 -78.775498
38.140978
0 -78.774115
38.145548
0 -78.774158
38.149828
0 -78.773527
38.151529
0 -78.772125
38.153356
0 -78.7715
38.154963
0 -78.77196
38.156454
0 -78.770486
38.162781
0 -78.771843
38.165908
0 -78.769235
38.168842
0 -78.768257
38.170937
0 -78.768431
38.173323
0 -78.767331
38.175257
0 -78.765374
38.176636
0 -78.764987
38.177797
0 -78.76358
38.178111
0 -78.762021
38.180183
0 -78.76195
38.18248
0 -78.760197
38.183794
0 -78.759045
38.18543
0 -78.756975
38.18705
0 -78.756487
38.19054
0 -78.754968
38.19262
0 -78.752541
38.194442
0 -78.752695
38.197205
0 -78.751002
38.198462
0 -78.752328
38.201082
0 -78.751992
38.202428
0 -78.749354
38.206621
0 -78.810865
38.247807
0 -78.820518
38.254435
0 -78.821041
38.254748
0 -78.823573
38.256604
0 -78.823914
38.256846
0 -78.825963
38.258301
0 -78.830663
38.261638
0 -78.830755
38.261716
0 -78.833934
38.263945
0 -78.836652
38.265897
0 -78.854076
38.278239
0 -78.854182
38.27838
0 -78.85648
38.279458
0 -78.859106
38.281404
0 -78.862212
38.284383
0 -78.865379
38.286784
0 -78.868235
38.287923
0 -78.871264
38.288513
0 -78.873292
38.29118
0 -78.87679
38.294844
0 -78.878962
38.298163
0 -78.884144
38.299744
0 -78.888025
38.303597
0 -78.893198
38.30652
0 -78.894141
38.306692
0 -78.895591
38.306062
0 -78.903013
38.305679
0 -78.905991
38.304179
0 -78.911538
38.30334
0 -78.914308
38.304328
0 -78.915559
38.304876
0 -78.923431
38.309544
0 -78.930178
38.313348
0 -78.930714
38.313649
0 -78.980268
38.341476
0 -78.996338
38.350631
0 -78.999751
38.352709
0 -79.024508
38.36625
0 -79.067694
38.390552
0 -79.07315
38.393588
0 -79.2241919763743
38.4777632388093
0 -79.225669
38.476471
0 -79.23162
38.474041
0 -79.234408
38.473011
0 -79.240059
38.469841
0 -79.242024
38.464332
0 -79.241854
38.457055
0 -79.242641
38.454168
0 -79.247342
38.453294
0 -79.253067
38.455818
0 -79.254435
38.455949
0 -79.255884
38.45424
0 -79.255991
38.453024
0 -79.257366
38.450156
0 -79.261107
38.448082
0 -79.26291
38.444586
0 -79.263376
38.443762
0 -79.265327
38.441772
0 -79.267414
38.438322
0 -79.272064
38.437376
0 -79.274529
38.436337
0 -79.282225
38.432078
0 -79.282762
38.431647
0 -79.282663
38.431021
0 -79.28247
38.429168
0 -79.280581
38.426833
0 -79.280263
38.425475
0 -79.279678
38.424173
0 -79.280149
38.42076
0 -79.282971
38.418095
0 -79.285613
38.419249
0 -79.286874
38.420555
0 -79.288432
38.42096
0 -79.290529
38.420757
0 -79.291813
38.419627
0 -79.295712
38.418129
0 -79.297758
38.416438
0 -79.300081
38.414888
0 -79.301065
38.414871
0 -79.302512
38.41536
0 -79.304581
38.415511
0 -79.306392
38.414934
0 -79.307211
38.413865
0 -79.30914
38.412651
0 -79.310538
38.412676
0 -79.312276
38.411876
0 -79.312348
38.411853
0 -79.317148
38.410154
0 -79.319569
38.407287
0 -79.321072
38.406385
0 -79.32279
38.402762
0 -79.322644
38.401287
0 -79.31928
38.401644
0 -79.31671
38.399622
0 -79.313344
38.3984
0 -79.311148
38.39588
0 -79.308539
38.393752
0 -79.309109
38.389622
0 -79.308993
38.386527
0 -79.308161
38.385281
0 -79.308495
38.382963
0 -79.309321
38.382227
0 -79.31334
38.380771
0 -79.316367
38.378663
0 -79.320896
38.380737
0 -79.324983
38.381359
0 -79.326606
38.380547
0 -79.327618
38.377887
0 -79.329761
38.377046
0 -79.333007
38.377171
0 -79.335262
38.373608
0 -79.335649
38.371829
0 -79.337995
38.37054
0 -79.338396
38.368197
0 -79.340275
38.366592
0 -79.33906
38.364372
0 -79.337695
38.363828
0 -79.337018
38.360643
0 -79.339388
38.358605
0 -79.340932
38.358247
0 -79.343537
38.356338
0 -79.347271
38.355102
0 -79.350835
38.355194
0 -79.354557
38.352217
0 -79.355232
38.350084
0 -79.356534
38.349178
0 -79.356029
38.346074
0 -79.356465
38.344658
0 -79.358354
38.344696
0 -79.361864
38.343241
0 -79.36187
38.341968
0 -79.363592
38.340628
0 -79.365128
38.337845
0 -79.367661
38.335452
0 -79.366597
38.334014
0 -79.3643
38.333983
0 -79.363468
38.330805
0 -79.366039
38.329226
0 -79.369004
38.330339
0 -79.370894
38.329991
0 -79.373064
38.326783
0 -79.374983
38.325279
0 -79.37576
38.323592
0 -79.378937
38.320322
0 -79.38108
38.318924
0 -79.382296
38.315894
0 -79.382342
38.313721
0 -79.384256
38.311279
0 -79.387487
38.309051
0 -79.387672
38.30596
0 -79.38877
38.305056
0 -79.388304
38.303105
0 -79.389385
38.300285
0 -79.388963
38.297876
0 -79.390758
38.295139
0 -79.391411
38.292132
0 -79.394167
38.292088
0 -79.397939
38.292596
0 -79.400607
38.293331
0 -79.402347
38.288969
0 -79.401638
38.287155
0 -79.404115
38.286182
0 -79.406066
38.283802
0 -79.406472
38.281306
0 -79.408307
38.280002
0 -79.408647
38.278007
0 -79.405993
38.275154
0 -79.406417
38.272797
0 -79.406083
38.270952
0 -79.407014
38.268887
0 -79.405584
38.267681
0 -79.404759
38.265963
0 -79.4015
38.263622
0 -79.399665
38.260546
0 -79.400667
38.260172
0 -79.402857
38.257525
0 -79.402388
38.255929
0 -79.403501
38.254332
0 -79.403931
38.251041
0 -79.40559
38.250033
0 -79.405836
38.248737
0 -79.407705
38.246564
0 -79.409082
38.245856
0 -79.409738
38.243094
0 -79.413265
38.242363
0 -79.414918
38.240809
0 -79.416447
38.24081
0 -79.41868
38.239949
0 -79.419233
38.236898
0 -79.421905
38.234974
0 -79.422774
38.23243
0 -79.425902
38.232705
0 -79.427351
38.230628
0 -79.430124
38.230008
0 -79.431876
38.230274
0 -79.43367
38.229493
0 -79.434732
38.226692
0 -79.434387
38.225838
0 -79.435163
38.223922
0 -79.436897
38.22195
0 -79.437621
38.220034
0 -79.436268
38.218288
0 -79.438653
38.216243
0 -79.441792
38.216089
0 -79.445684
38.216685
0 -79.447273
38.217659
0 -79.454242
38.218681
0 -79.457959
38.220823
0 -79.460191
38.221474
0 -79.464806
38.222231
0 -79.468576
38.222133
0 -79.472021
38.221126
0 -79.474702
38.218533
0 -79.477963
38.218009
0 -79.48107
38.216744
0 -79.481132
38.216478
0 -79.477251
38.211963
0 -79.477251
38.211013
0 -79.479829
38.20854
0 -79.481592
38.207944
0 -79.483456
38.205399
0 -79.487114
38.205366
0 -79.488835
38.20415
0 -79.493348
38.2029
0 -79.495946
38.200918
0 -79.494296
38.198946
0 -79.492218
38.195365
0 -79.495039
38.192183
0 -79.497321
38.192778
0 -79.499765
38.192613
0 -79.502979
38.191164
0 -79.504483
38.185624
0 -79.507977
38.184005
0 -79.50914
38.18382
0 -79.511868
38.182338
0 -79.512158
38.180419
0 -79.511678
38.176829
0 -79.515692
38.174984
0 -79.518396
38.174841
0 -79.519663
38.173906
0 -79.522295
38.173626
0 -79.52732
38.170797
0 -79.527324
38.169386
0 -79.525092
38.168771
0 -79.524281
38.166649
0 -79.521982
38.164252
0 -79.521526
38.16284
0 -79.525072
38.160027
0 -79.530503
38.157481
0 -79.532731
38.157036
0 -79.533282
38.156145
0 