-82.0803029169878
36.1057282715683
0 -82.080543
36.10102
0 -82.078943
36.09872
0 -82.075743
36.09602
0 -82.076743
36.09242
0 -82.076143
36.08842
0 -82.076343
36.08532
0 -82.075342
36.083821
0 -82.072642
36.082021
0 -82.071042
36.080021
0 -82.069042
36.076521
0 -82.069542
36.073821
0 -82.071242
36.070221
0 -82.070342
36.067921
0 -82.067505
36.064234
0 -82.062965
36.05537
0 -82.061292
36.051254
0 -82.05927
36.046747
0 -82.058288
36.045154
0 -82.056066
36.041545
0 -82.052039
36.034423
0 -82.046537
36.023822
0 -82.04504
36.019823
0 -82.03994
36.009924
0 -82.03884
36.008024
0 -82.04254
36.005924
0 -82.04514
36.006623
0 -82.04894
36.008323
0 -82.04954
36.005023
0 -82.04854
36.003423
0 -82.04874
36.001723
0 -82.05174
36.000523
0 -82.05374
36.000323
0 -82.055357
35.999096
0 -82.056666
35.996589
0 -82.057907
35.995566
0 -82.057903
35.993524
0 -82.058967
35.991316
0 -82.059125
35.98854
0 -82.059126
35.988378
0 -82.048268
35.963691
0 -82.037212
35.946738
0 -82.034192
35.942107
0 -81.999503
35.922312
0 -81.981723
35.91152
0 -81.979769
35.912254
0 -81.978268
35.914463
0 -81.975759
35.915382
0 -81.972272
35.914849
0 -81.969901
35.916477
0 -81.966951
35.919323
0 -81.965812
35.919185
0 -81.965006
35.920709
0 -81.960396
35.921224
0 -81.955918
35.926092
0 -81.954501
35.926742
0 -81.954741
35.932399
0 -81.957661
35.934061
0 -81.957837
35.934795
0 -81.960332
35.935997
0 -81.960805
35.937297
0 -81.963141
35.938837
0 -81.963325
35.94045
0 -81.962957
35.941669
0 -81.95752
35.946677
0 -81.943674
35.959448
0 -81.94269
35.960326
0 -81.900962
35.998856
0 -81.899583
36.000127
0 -81.881009
35.992895
0 -81.880477
35.990963
0 -81.877617
35.989611
0 -81.877841
35.986624
0 -81.877234
35.984087
0 -81.877454
35.981682
0 -81.875684
35.980177
0 -81.873476
35.979192
0 -81.87387
35.978295
0 -81.869961
35.976426
0 -81.866938
35.976264
0 -81.865023
35.975609
0 -81.861306
35.975357
0 -81.85738
35.975499
0 -81.851789
35.974833
0 -81.849557
35.97362
0 -81.844524
35.974982
0 -81.842608
35.973171
0 -81.840337
35.97195
0 -81.836888
35.972084
0 -81.834516
35.970782
0 -81.834414
35.969053
0 -81.832964
35.967235
0 -81.828743
35.96749
0 -81.827137
35.967173
0 -81.821331
35.968557
0 -81.817406
35.968505
0 -81.814143
35.966111
0 -81.812127
35.963662
0 -81.80712
35.962057
0 -81.745617
36.052904
0 -81.735876
36.066976
0 -81.736686
36.068245
0 -81.738734
36.069323
0 -81.740495
36.071167
0 -81.744983
36.072582
0 -81.747327
36.07193
0 -81.750486
36.07272
0 -81.753259
36.07216
0 -81.753892
36.072556
0 -81.754864
36.075669
0 -81.757171
36.077384
0 -81.758409
36.07955
0 -81.758253
36.082404
0 -81.759479
36.084142
0 -81.761001
36.088185
0 -81.760879
36.089668
0 -81.762883
36.090436
0 -81.764384
36.091931
0 -81.765583
36.092153
0 -81.77153
36.095601
0 -81.772745
36.097231
0 -81.774209
36.098777
0 -81.778903
36.100166
0 -81.781074
36.101238
0 -81.785616
36.100522
0 -81.788227
36.101844
0 -81.79149
36.102873
0 -81.79673
36.107201
0 -81.800095
36.108609
0 -81.802773
36.10914
0 -81.806661
36.110938
0 -81.81152
36.111544
0 -81.814876
36.122671
0 -81.818048
36.133101
0 -81.818764
36.135497
0 -81.823611
36.151403
0 -81.824544
36.154355
0 -81.824329
36.156481
0 -81.826951
36.16407
0 -81.828229
36.164508
0 -81.829157
36.168438
0 -81.829856
36.169228
0 -81.832879
36.167902
0 -81.835142
36.16846
0 -81.835398
36.170323
0 -81.837275
36.172869
0 -81.84349
36.179349
0 -81.843798
36.179532
0 -81.845719
36.181867
0 -81.856822
36.193737
0 -81.872458
36.191377
0 -81.873947
36.191149
0 -81.885451
36.189506
0 -81.887058
36.192996
0 -81.888154
36.196447
0 -81.89252
36.199131
0 -81.895228
36.202064
0 -81.899677
36.204981
0 -81.901494
36.2058
0 -81.90367
36.207905
0 -81.903919
36.208409
0 -81.90432
36.210593
0 -81.907824
36.214396
0 -81.908993
36.216137
0 -81.908628
36.217238
0 -81.906999
36.217757
0 -81.907898
36.219914
0 -81.90753
36.223892
0 -81.91029
36.226685
0 -81.911161
36.229119
0 -81.909576
36.231444
0 -81.908429
36.233521
0 -81.907995
36.233922
0 -81.90762
36.236543
0 -81.90838
36.238708
0 -81.907803
36.239409
0 -81.905747
36.238897
0 -81.902072
36.239244
0 -81.898759
36.241998
0 -81.897252
36.242498
0 -81.898685
36.245387
0 -81.899976
36.248521
0 -81.903681
36.249434
0 -81.903942
36.250734
0 -81.90213
36.25429
0 -81.900665
36.252284
0 -81.90019
36.25391
0 -81.897692
36.254151
0 -81.895995
36.256167
0 -81.897854
36.257344
0 -81.895879
36.258157
0 -81.895484
36.260278
0 -81.897002
36.261763
0 -81.893705
36.263646
0 -81.893509
36.264424
0 -81.89429
36.265347
0 -81.894293
36.267261
0 -81.895407
36.269307
0 -81.895095
36.27169
0 -81.896307
36.273459
0 -81.897954
36.277988
0 -81.900256
36.280969
0 -81.90221
36.280949
0 -81.906976
36.278337
0 -81.90906
36.280065
0 -81.912558
36.281274
0 -81.914467
36.283451
0 -81.917375
36.285384
0 -81.9181132796817
36.2871101872253
0 -81.932994
36.264881
0 -81.938897
36.256067
0 -81.960101
36.228131
0 -81.9708112812296
36.2123713263514
0 -81.9757256375092
36.2051400828854
0 -81.9760435281421
36.2046723218132
0 -81.9897007174947
36.1845764118609
0 -81.9994353853793
36.1702523072318
0 -81.9994369781358
36.1702499635658
0 -82.0165126234408
36.1451239569205
0 -82.0193061555746
36.1410134061504
0 -82.02664
36.130222
0 -82.02634
36.129222
0 -82.02874
36.124322
0 -82.033141
36.120422
0 -82.0337950280493
36.1205173790905
0 -82.037941
36.121122
0 -82.043941
36.125421
0 -82.0511161260125
36.1264057246758
0 -82.054142
36.126821
0 -82.0542325699482
36.126682761658
0 -82.056042
36.123921
0 -82.056042
36.120721
0 -82.061342
36.113121
0 -82.067142
36.11202
0 -82.079743
36.10652
0 -82.080143
36.10572
0 -82.0803029169878
36.1057282715683
0 