-92.280738
30.965071
0 -92.280715
30.935954
0 -92.238219
30.892208
0 -92.237698
30.84821
0 -92.212711
30.848607
0 -92.210337
30.848645
0 -92.125122
30.84983
0 -92.124878
30.849942
0 -92.100538
30.849989
0 -92.057208
30.84968
0 -92.029981
30.849486
0 -92.028871
30.849497
0 -91.949247
30.84885
0 -91.865504
30.848077
0 -91.864487
30.84826
0 -91.855696
30.848034
0 -91.849055
30.848209
0 -91.838193
30.847968
0 -91.815258
30.848107
0 -91.817227
30.849404
0 -91.822372
30.854525
0 -91.823072
30.856354
0 -91.822643
30.859356
0 -91.821669
30.86108
0 -91.817637
30.861779
0 -91.809907
30.861855
0 -91.806714
30.862694
0 -91.804324
30.863713
0 -91.802732
30.867697
0 -91.80165
30.875184
0 -91.802375
30.87945
0 -91.802705
30.883272
0 -91.801164
30.89861
0 -91.801637
30.900994
0 -91.801837
30.913098
0 -91.801676
30.914685
0 -91.80018
30.924621
0 -91.800771
30.927644
0 -91.802191
30.936891
0 -91.803114
30.940238
0 -91.802451
30.950206
0 -91.802872
30.957115
0 -91.804661
30.964853
0 -91.80559
30.968394
0 -91.805963
30.972558
0 -91.805623
30.9744
0 -91.803726
30.977912
0 -91.800023
30.980802
0 -91.796521
30.982842
0 -91.794531
30.983143
0 -91.78216
30.985827
0 -91.780473
30.986694
0 -91.778319
30.988763
0 -91.776969
30.990916
0 -91.776007
30.993377
0 -91.775861
30.995348
0 -91.774174
31.002637
0 -91.772572
31.00474
0 -91.767525
31.009064
0 -91.764376
31.010843
0 -91.759658
31.012452
0 -91.755854
31.014209
0 -91.750119
31.018814
0 -91.747552
31.023223
0 -91.745708
31.025233
0 -91.740751
31.028829
0 -91.733389
31.033489
0 -91.726631
31.039887
0 -91.723804
31.044254
0 -91.715639
31.058992
0 -91.710106
31.073408
0 -91.709817
31.076639
0 -91.710309
31.078327
0 -91.718195
31.081403
0 -91.719217
31.082724
0 -91.719699
31.085769
0 -91.718846
31.089197
0 -91.716257
31.093342
0 -91.714723
31.094442
0 -91.708474
31.096881
0 -91.706088
31.09924
0 -91.703787
31.103566
0 -91.703447
31.105746
0 -91.70362
31.108764
0 -91.704431
31.111093
0 -91.706046
31.113585
0 -91.707976
31.115086
0 -91.71027
31.115927
0 -91.715938
31.116982
0 -91.717587
31.119094
0 -91.718661
31.122785
0 -91.719171
31.129602
0 -91.719004
31.134616
0 -91.717233
31.139472
0 -91.712627
31.147464
0 -91.710922
31.151457
0 -91.709336
31.153846
0 -91.704843
31.159791
0 -91.702705
31.161812
0 -91.699914
31.162941
0 -91.696209
31.163288
0 -91.691206
31.162737
0 -91.687263
31.161928
0 -91.685258
31.162201
0 -91.683742
31.163011
0 -91.682468
31.16537
0 -91.682095
31.167487
0 -91.683091
31.171439
0 -91.683457
31.177046
0 -91.682405
31.179601
0 -91.677806
31.185286
0 -91.677302
31.188047
0 -91.682022
31.191733
0 -91.684767
31.197038
0 -91.686225
31.198518
0 -91.690959
31.201906
0 -91.693125
31.2029
0 -91.698335
31.204267
0 -91.700844
31.20545
0 -91.704205
31.208083
0 -91.706223
31.208939
0 -91.70815
31.208923
0 -91.711181
31.208038
0 -91.713824
31.206835
0 -91.71625
31.205105
0 -91.719276
31.201665
0 -91.721856
31.19955
0 -91.722753
31.199622
0 -91.726814
31.201599
0 -91.729542
31.202517
0 -91.735643
31.203769
0 -91.73837
31.204001
0 -91.740796
31.205167
0 -91.74227
31.206977
0 -91.744642
31.213253
0 -91.747405
31.215219
0 -91.750121
31.216366
0 -91.75846
31.222245
0 -91.761626
31.222835
0 -91.768568
31.22282
0 -91.773742
31.222168
0 -91.777566
31.222047
0 -91.783239
31.223386
0 -91.787725
31.22509
0 -91.791317
31.225975
0 -91.793823
31.227346
0 -91.797014
31.230561
0 -91.798427
31.232142
0 -91.801899
31.23401
0 -91.806312
31.235672
0 -91.811001
31.237087
0 -91.813189
31.239011
0 -91.814535
31.241457
0 -91.814312
31.244101
0 -91.813168
31.246912
0 -91.813652
31.25018
0 -91.81554
31.25173
0 -91.821601
31.254009
0 -91.825967
31.256334
0 -91.829294
31.25942
0 -91.830933
31.261923
0 -91.83428
31.266344
0 -91.8353
31.267335
0 -91.838488
31.267688
0 -91.841119
31.266616
0 -91.841949
31.265388
0 -91.847759
31.262306
0 -91.849332
31.261873
0 -91.850777
31.262102
0 -91.854853
31.264282
0 -91.857561
31.266547
0 -91.860233
31.269505
0 -91.867126
31.278222
0 -91.869676
31.280713
0 -91.875123
31.284214
0 -91.885307
31.290084
0 -91.888778
31.291623
0 -91.894263
31.29232
0 -91.903572
31.295433
0 -91.908924
31.296789
0 -91.922727
31.295901
0 -91.926854
31.29483
0 -91.930583
31.292729
0 -91.934305
31.289855
0 -91.938726
31.285073
0 -91.940758
31.281309
0 -91.94222
31.277696
0 -91.945093
31.274151
0 -91.946522
31.271981
0 -91.946538
31.270017
0 -91.946303
31.267746
0 -91.945581
31.265699
0 -91.940332
31.256591
0 -91.93752
31.249349
0 -91.93701
31.247401
0 -91.937396
31.242277
0 -91.936605
31.240191
0 -91.935391
31.238433
0 -91.932985
31.236976
0 -91.930415
31.236148
0 -91.928392
31.236
0 -91.924385
31.238103
0 -91.922625
31.237892
0 -91.920997
31.236382
0 -91.920056
31.234537
0 -91.920454
31.231672
0 -91.921482
31.230597
0 -91.923594
31.230148
0 -91.929907
31.230293
0 -91.93187
31.229633
0 -91.935412
31.2271
0 -91.937492
31.224583
0 -91.940962
31.221518
0 -91.944366
31.221083
0 -91.945074
31.22153
0 -91.946442
31.224015
0 -91.946652
31.226107
0 -91.946355
31.229407
0 -91.946339
31.235308
0 -91.946569
31.239667
0 -91.94777
31.242022
0 -91.950825
31.244484
0 -91.953516
31.24553
0 -91.955791
31.245743
0 -91.959938
31.244931
0 -91.961841
31.243528
0 -91.962675
31.242321
0 -91.964519
31.234782
0 -91.965979
31.232472
0 -91.970425
31.227852
0 -91.973862
31.225333
0 -91.976089
31.224465
0 -91.979944
31.223716
0 -91.983523
31.223652
0 -91.986668
31.224094
0 -91.990596
31.22521
0 -91.992041
31.226153
0 -91.994828
31.229561
0 -91.992852
31.233545
0 -91.990666
31.235632
0 -91.990938
31.237592
0 -91.992195
31.239005
0 -91.995765
31.240264
0 -92.001243
31.240582
0 -92.004065
31.242014
0 -92.004242
31.243457
0 -92.002632
31.24461
0 -92.000124
31.245287
0 -91.995831
31.245665
0 -91.992407
31.247513
0 -91.988022
31.248897
0 -91.987367
31.251174
0 -91.987906
31.252069
0 -91.992566
31.252809
0 -91.997789
31.252878
0 -92.000124
31.257028
0 -92.002352
31.257895
0 -92.003192
31.258911
0 -92.00427
31.261989
0 -92.004388
31.263578
0 -92.003134
31.265788
0 -92.003364
31.266765
0 -92.002373
31.266997
0 -91.998173
31.265829
0 -91.996299
31.266209
0 -91.994667
31.267935
0 -91.99405
31.269486
0 -91.991332
31.272865
0 -91.991726
31.273536
0 -91.992902
31.274034
0 -91.996257
31.272972
0 -92.000124
31.27046
0 -92.002096
31.270296
0 -92.003817
31.272822
0 -92.003053
31.27414
0 -92.003548
31.275154
0 -92.005645
31.275947
0 -92.007844
31.276087
0 -92.010508
31.275722
0 -92.012143
31.276826
0 -92.012471
31.278387
0 -92.010274
31.281413
0 -92.009849
31.282507
0 -92.010608
31.283313
0 -92.011997
31.282954
0 -92.013973
31.281283
0 -92.01666
31.280458
0 -92.019825
31.28046
0 -92.022191
31.281651
0 -92.023133
31.282805
0 -92.023515
31.284634
0 -92.023136
31.285808
0 -92.021425
31.287272
0 -92.018163
31.288383
0 -92.01484
31.28905
0 -92.01454
31.290711
0 -92.0164
31.292608
0 -92.01954
31.294895
0 -92.020015
31.295885
0 -92.019933
31.298961
0 -92.016531
31.302445
0 -92.014952
31.302965
0 -92.012033
31.302698
0 -92.01077
31.300902
0 -92.010794
31.299635
0 -92.012064
31.295906
0 -92.012072
31.294396
0 -92.010887
31.292424
0 -92.009549
31.292308
0 -92.008216
31.293338
0 -92.006669
31.296789
0 -92.005179
31.297657
0 -92.003026
31.297525
0 -92.000799
31.29661
0 -91.998288
31.296545
0 -91.996276
31.297186
0 -91.996456
31.29965
0 -92.000766
31.302296
0 -92.004799
31.304463
0 -92.007155
31.306639
0 -92.008254
31.308869
0 -92.008213
31.310807
0 -92.006762
31.312502
0 -92.002688
31.315843
0 -92.001702
31.317652
0 -92.0026
31.32264
0 -92.003384
31.324488
0 -92.004882
31.325388
0 -92.008121
31.325797
0 -92.009014
31.325584
0 -92.011666
31.326422
0 -92.013251
31.327945
0 -92.020433
31.329353
0 -92.022066
31.330044
0 -92.022287
31.332008
0 -92.021217
31.333735
0 -92.023983
31.336148
0 -92.023998
31.337302
0 -92.022988
31.340305
0 -92.024002
31.341838
0 -92.025948
31.343009
0 -92.028143
31.343721
0 -92.030241
31.343811
0 -92.037217
31.342859
0 -92.039662
31.341353
0 -92.040166
31.33737
0 -92.041012
31.336319
0 -92.043793
31.335728
0 -92.050182
31.3362
0 -92.052539
31.335742
0 -92.061563
31.331713
0 -92.062879
31.330553
0 -92.064582
31.329929
0 -92.068668
31.32745
0 -92.071724
31.327361
0 -92.072677
31.326844
0 -92.075562
31.326931
0 -92.077624
31.3261
0 -92.077635
31.323363
0 -92.080075
31.323091
0 -92.081357
31.324143
0 -92.080096
31.326272
0 -92.08028
31.329237
0 -92.081481
31.330836
0 -92.083691
31.331015
0 -92.08477
31.331774
0 -92.084865
31.335134
0 -92.086718
31.335374
0 -92.087613
31.334961
0 -92.090683
31.336293
0 -92.092005
31.335358
0 -92.094168
31.332929
0 -92.093314
31.331332
0 -92.094408
31.328902
0 -92.096435
31.327828
0 -92.095835
31.324279
0 -92.096445
31.323355
0 -92.099048
31.321817
0 -92.100184
31.321616
0 -92.102939
31.322533
0 -92.105864
31.321643
0 -92.106756
31.320624
0 -92.109709
31.319622
0 -92.109025
31.31806
0 -92.109772
31.316336
0 -92.113232
31.316128
0 -92.11434
31.315087
0 -92.114423
31.312496
0 -92.115117
31.311557
0 -92.11794
31.31136
0 -92.119152
31.311902
0 -92.119029
31.313806
0 -92.120124
31.314856
0 -92.121262
31.314493
0 -92.121901
31.311632
0 -92.123626
31.311532
0 -92.12414
31.310752
0 -92.123688
31.30916
0 -92.125545
31.30765
0 -92.126063
31.306045
0 -92.128253
31.306568
0 -92.129555
31.305558
0 -92.131539
31.305839
0 -92.131816
31.308588
0 -92.135081
31.307222
0 -92.138317
31.307256
0 -92.139754
31.304913
0 -92.141044
31.304549
0 -92.147066
31.301862
0 -92.148116
31.302905
0 -92.151795
31.302845
0 -92.152993
31.304039
0 -92.154335
31.301707
0 -92.156861
31.301202
0 -92.15867
31.301903
0 -92.160605
31.300198
0 -92.16236
31.300341
0 -92.162698
31.303482
0 -92.165171
31.304313
0 -92.166176
31.306002
0 -92.169084
31.306338
0 -92.170711
31.307432
0 -92.170576
31.308246
0 -92.172824
31.309462
0 -92.174733
31.308945
0 -92.175393
31.310898
0 -92.176738
31.311206
0 -92.176187
31.31367
0 -92.175188
31.314291
0 -92.176244
31.315237
0 -92.177372
31.314929
0 -92.177826
31.319714
0 -92.179063
31.320083
0 -92.179043
31.32214
0 -92.178268
31.323295
0 -92.180741
31.32506
0 -92.18001
31.32726
0 -92.180356
31.328399
0 -92.181765
31.328872
0 -92.182957
31.327706
0 -92.185584
31.327871
0 -92.186545
31.327239
0 -92.188307
31.328317
0 -92.188064
31.331133
0 -92.19037
31.331974
0 -92.191504
31.333135
0 -92.193856
31.333904
0 -92.194702
31.332986
0 -92.197322
31.332551
0 -92.19572
31.331341
0 -92.196925
31.329565
0 -92.198982
31.330203
0 -92.199533
31.331187
0 -92.201462
31.331003
0 -92.202615
31.331808
0 -92.205261
31.331616
0 -92.204197
31.330114
0 -92.206279
31.32815
0 -92.207881
31.327732
0 -92.209425
31.32881
0 -92.209047
31.327072
0 -92.211065
31.327402
0 -92.214487
31.330927
0 -92.215846
31.33025
0 -92.217429
31.331619
0 -92.219985
31.332636
0 -92.221017
31.33219
0 -92.221837
31.331667
0 -92.221125
31.329512
0 -92.223034
31.329401
0 -92.22516
31.326975
0 -92.225025
31.32554
0 -92.226698
31.325325
0 -92.226588
31.324269
0 -92.228344
31.324906
0 -92.229112
31.323487
0 -92.229297
31.321342
0 -92.231911
31.322034
0 -92.23323
31.321545
0 -92.233231
31.318816
0 -92.23273
31.255678
0 -92.232805
31.244186
0 -92.233385
31.187287
0 -92.233764
31.151495
0 -92.231012
31.15007
0 -92.227035
31.147236
0 -92.22458
31.144144
0 -92.224987
31.141627
0 -92.230452
31.136791
0 -92.233304
31.133205
0 -92.234258
31.131466
0 -92.234464
31.127933
0 -92.2333
31.125187
0 -92.232955
31.122306
0 -92.233063
31.117838
0 -92.232265
31.116243
0 -92.227124
31.074759
0 -92.216372
30.99123
0 -92.214995
30.990664
0 -92.214551
30.990285
0 -92.211803
30.985737
0 -92.211472
30.983409
0 -92.21175
30.97953
0 -92.212687
30.975949
0 -92.211404
30.97475
0 -92.207108
30.975009
0 -92.205046
30.973607
0 -92.207175
30.968926
0 -92.208785
30.964734
0 -92.208605
30.962171
0 -92.212141
30.962633
0 -92.213769
30.963556
0 -92.214963
30.965668
0 -92.216187
30.96509
0 -92.216911
30.965017
0 -92.280738
30.965071
0 