-103.08632
37.143426
0 -103.086969
37.135087
0 -103.086106075051
37.0001738666147
0 -103.002199
37.000104
0 -102.986976
36.998524
0 -102.985807
36.998571
0 -102.979613
36.998549
0 -102.886686995862
36.9995115946768
0 -102.877863
36.999603
0 -102.841933096288
36.9996791058814
0 -102.832541
36.999699
0 -102.812469
36.999725
0 -102.74206
36.997689
0 -102.698142
36.995149
0 -102.355367
36.994575
0 -102.355288
36.994506
0 -102.353329983074
36.9945035550429
0 -102.325156624789
36.9944683752392
0 -102.27025005042
36.9943998139234
0 -102.260789
36.994388
0 -102.252197617289
36.9942802659306
0 -102.208316
36.99373
0 -102.184271
36.993593
0 -102.136450934193
36.9934146439195
0 -102.054503
36.993109
0 -102.042089
36.993016
0 -102.041952
37.024742
0 -102.04195
37.030805
0 -102.041921
37.032178
0 -102.041749
37.034397
0 -102.04192
37.035083
0 -102.041983
37.106551
0 -102.041809
37.111973
0 -102.042092
37.125021
0 -102.042135
37.125021
0 -102.042121525407
37.1267152528182
0 -102.042002
37.141744
0 -102.041963
37.258164
0 -102.041664
37.29765
0 -102.041817
37.30949
0 -102.041974
37.352613
0 -102.042089
37.352819
0 -102.041524
37.375018
0 -102.041585760593
37.3891904308032
0 -102.041676
37.409898
0 -102.041669
37.43474
0 -102.041755
37.434855
0 -102.041801
37.469488
0 -102.041786
37.506066
0 -102.042016
37.535261
0 -102.041899
37.541186
0 -102.041894
37.557977
0 -102.041618
37.607868
0 -102.041585
37.644282
0 -102.156345
37.644424
0 -102.196162
37.644153
0 -102.199793
37.644387
0 -102.201281
37.644181
0 -102.219431
37.644161
0 -102.25572
37.644151
0 -102.355031
37.644166
0 -102.355923
37.644303
0 -102.383137
37.644103
0 -102.419402
37.643912
0 -102.539999
37.643734
0 -102.620517
37.643486
0 -102.625472
37.643621
0 -102.712666
37.64359
0 -102.747615
37.643642
0 -102.784175
37.643564
0 -102.820557
37.643584
0 -102.852406
37.644224
0 -102.965806
37.643821
0 -103.000481
37.643754
0 -103.003243
37.643665
0 -103.021621
37.643685
0 -103.023948
37.644358
0 -103.026068
37.643833
0 -103.075938
37.64342
0 -103.075742
37.625011
0 -103.074663
37.381754
0 -103.082537
37.381613
0 -103.086336
37.193263
0 -103.086699
37.176386
0 -103.08632
37.143426
0 