-82.628185
31.56593
0 -82.628273
31.558329
0 -82.596283
31.557899
0 -82.596522
31.532002
0 -82.597509
31.469293
0 -82.494718
31.46869
0 -82.49365
31.442892
0 -82.481438
31.443075
0 -82.48146
31.417534
0 -82.437374
31.416907
0 -82.417246
31.417119
0 -82.401794
31.417278
0 -82.401512
31.430292
0 -82.35683
31.430229
0 -82.344843
31.43013
0 -82.344989
31.441755
0 -82.330493
31.442058
0 -82.330021
31.457095
0 -82.315111
31.457138
0 -82.315272
31.461626
0 -82.315025
31.467936
0 -82.300621
31.467812
0 -82.300422
31.493175
0 -82.296731
31.493096
0 -82.269661
31.492643
0 -82.269584
31.505699
0 -82.255829
31.505424
0 -82.255946
31.517409
0 -82.23883
31.517639
0 -82.239381
31.527527
0 -82.239254
31.530569
0 -82.226585
31.530699
0 -82.23024
31.538139
0 -82.231323
31.543049
0 -82.231994
31.544741
0 -82.236604
31.551307
0 -82.240772
31.555677
0 -82.244255
31.557953
0 -82.247484
31.559532
0 -82.249401
31.559856
0 -82.251627
31.559373
0 -82.257327
31.560667
0 -82.2628
31.563363
0 -82.266227
31.566832
0 -82.269732
31.571882
0 -82.274078
31.574191
0 -82.280136
31.576214
0 -82.2835
31.577534
0 -82.28701
31.579334
0 -82.293174
31.582848
0 -82.296225
31.584245
0 -82.299904
31.585463
0 -82.30416
31.586525
0 -82.307186
31.587705
0 -82.310237
31.589528
0 -82.311523
31.590997
0 -82.312438
31.591842
0 -82.315736
31.592757
0 -82.318077
31.594286
0 -82.323302
31.599538
0 -82.326103
31.601891
0 -82.327446
31.602228
0 -82.334882
31.606913
0 -82.339264
31.610743
0 -82.343666
31.615719
0 -82.349571
31.621344
0 -82.352242
31.622572
0 -82.355185
31.62282
0 -82.359787
31.625238
0 -82.364243
31.628664
0 -82.367041
31.630212
0 -82.368835
31.631031
0 -82.371406
31.631247
0 -82.374512
31.630468
0 -82.37706
31.631269
0 -82.380279
31.633789
0 -82.385063
31.634325
0 -82.386543
31.634914
0 -82.389152
31.637814
0 -82.391289
31.638184
0 -82.397249
31.637947
0 -82.402222
31.639761
0 -82.405373
31.638998
0 -82.407509
31.6392
0 -82.408432
31.641005
0 -82.409945
31.641984
0 -82.412837
31.642212
0 -82.414078
31.643061
0 -82.413633
31.644518
0 -82.416448
31.645639
0 -82.418602
31.648174
0 -82.42319
31.651362
0 -82.429245
31.656731
0 -82.431855
31.658139
0 -82.43573
31.660656
0 -82.43782
31.661352
0 -82.439522
31.660812
0 -82.439888
31.659809
0 -82.442413
31.658842
0 -82.443909
31.659376
0 -82.446671
31.659273
0 -82.448021
31.660301
0 -82.45089
31.661381
0 -82.451584
31.662766
0 -82.451187
31.664581
0 -82.451851
31.666393
0 -82.453484
31.668243
0 -82.460335
31.670374
0 -82.461639
31.671827
0 -82.462707
31.6747
0 -82.464195
31.676493
0 -82.466591
31.676914
0 -82.467171
31.6779
0 -82.469826
31.67857
0 -82.471031
31.679762
0 -82.472725
31.680157
0 -82.473839
31.683493
0 -82.476639
31.684902
0 -82.4776
31.687771
0 -82.476753
31.68894
0 -82.477364
31.690025
0 -82.478607
31.691519
0 -82.480202
31.691942
0 -82.482445
31.694094
0 -82.482819
31.695879
0 -82.486778
31.697725
0 -82.487831
31.699923
0 -82.487946
31.701645
0 -82.489555
31.702145
0 -82.492889
31.7062
0 -82.493515
31.708311
0 -82.495866
31.710588
0 -82.52142
31.710796
0 -82.521393
31.672512
0 -82.535152
31.672582
0 -82.559535
31.672642
0 -82.627342
31.672672
0 -82.628185
31.56593
0 