-76.711519
39.365763
0 -76.711403
39.364615
0 -76.711191
39.362798
0 -76.71135
39.356771
0 -76.711228
39.356161
0 -76.711186
39.354383
0 -76.711388
39.349496
0 -76.711011
39.336391
0 -76.711025
39.336333
0 -76.711462
39.334573
0 -76.711391
39.327216
0 -76.711393
39.326955
0 -76.711393
39.322005
0 -76.711493
39.320805
0 -76.711028
39.318916
0 -76.711119
39.312475
0 -76.711228
39.311709
0 -76.711208
39.304828
0 -76.711185
39.303409
0 -76.711191
39.302955
0 -76.711255
39.299212
0 -76.711255
39.297362
0 -76.711393
39.296805
0 -76.711195
39.291749
0 -76.711015
39.289603
0 -76.711186
39.287394
0 -76.711232
39.278797
0 -76.711054
39.277889
0 -76.698892
39.272705
0 -76.697379
39.272196
0 -76.688634
39.268178
0 -76.686048
39.266885
0 -76.684649
39.266458
0 -76.683541
39.265862
0 -76.680025
39.264413
0 -76.673432
39.261281
0 -76.664322
39.257442
0 -76.66261
39.256796
0 -76.65986
39.255509
0 -76.655569
39.253701
0 -76.647256
39.25006
0 -76.644212
39.248924
0 -76.640328
39.24703
0 -76.632589
39.243406
0 -76.629853
39.242338
0 -76.619039
39.237727
0 -76.618612
39.237398
0 -76.611726
39.234414
0 -76.609638
39.232628
0 -76.608874
39.231797
0 -76.608192
39.231121
0 -76.606916
39.229769
0 -76.604725
39.227916
0 -76.600665
39.223734
0 -76.597923
39.221268
0 -76.597437
39.220806
0 -76.589162
39.213105
0 -76.588615
39.212608
0 -76.584077
39.207921
0 -76.58328
39.207404
0 -76.582386
39.207151
0 -76.580287
39.206607
0 -76.577295
39.205586
0 -76.571114
39.20382
0 -76.567396
39.202117
0 -76.563786
39.201407
0 -76.555173
39.198872
0 -76.550086
39.197207
0 -76.5330735988679
39.2076476380469
0 -76.532399
39.209993
0 -76.532845
39.21111
0 -76.534107800034
39.212949829494
0 -76.534285
39.213208
0 -76.5413313993025
39.212335169006
0 -76.541801
39.212277
0 -76.542103336904
39.2123384265186
0 -76.5490326615279
39.2137462741283
0 -76.549051
39.21375
0 -76.550239
39.217341
0 -76.5517563742984
39.217231428353
0 -76.555349
39.216972
0 -76.55946110415
39.2204060181307
0 -76.5644445464556
39.2245676907457
0 -76.5645
39.224614
0 -76.562004
39.22756
0 -76.562836
39.229677
0 -76.562479
39.230414
0 -76.559992
39.231166
0 -76.558914
39.232255
0 -76.558439
39.233727
0 -76.560103
39.235476
0 -76.562242
39.235292
0 -76.56343
39.23787
0 -76.565569
39.241183
0 -76.5676866787881
39.242696900467
0 -76.5709347488766
39.2450189026759
0 -76.571749
39.245601
0 -76.578523
39.248822
0 -76.578523
39.2490106322972
0 -76.578523
39.2507626556196
0 -76.578523
39.251061501906
0 -76.578523
39.251215
0 -76.580187
39.251951
0 -76.584465
39.253792
0 -76.5848877881227
39.2553711764285
0 -76.5864652760091
39.2612633279649
0 -76.586485
39.261337
0 -76.58619
39.261329124202
0 -76.583039
39.261245
0 -76.5805274005719
39.2614394464073
0 -76.579474
39.261521
0 -76.5775790892698
39.2643675853423
0 -76.577453
39.264557
0 -76.5750309389132
39.2646422283878
0 -76.572224
39.264741
0 -76.5721627680034
39.2642979280244
0 -76.571868
39.262165
0 -76.571511
39.260693
0 -76.569016
39.259221
0 -76.5688667301173
39.2592410919228
0 -76.566282
39.259589
0 -76.563311
39.25692
0 -76.5629709057749
39.2569377507576
0 -76.5598736153201
39.2570994096391
0 -76.5588640885588
39.2571521005215
0 -76.552735
39.257472
0 -76.5455929668454
39.253417083348
0 -76.5439321062706
39.2524741234015
0 -76.5404339599199
39.2504880374255
0 -76.540256
39.250387
0 -76.538949
39.245509
0 -76.538827693461
39.2453758903177
0 -76.5358828979451
39.2421445657851
0 -76.533245
39.23925
0 -76.5295838667757
39.2402981429609
0 -76.529487
39.247045
0 -76.529785
39.255781
0 -76.529758
39.257584
0 -76.529784
39.264989
0 -76.529788
39.269722
0 -76.529685
39.270207
0 -76.529623
39.272307
0 -76.529781
39.273101
0 -76.529787
39.281872
0 -76.529934
39.283082
0 -76.529592
39.284852
0 -76.529681
39.288152
0 -76.529525
39.29689
0 -76.529517
39.297056
0 -76.529786
39.29911
0 -76.529786
39.310391
0 -76.529971
39.319565
0 -76.529686
39.323264
0 -76.529685
39.33115
0 -76.52968
39.335246
0 -76.529693
39.336142
0 -76.529783
39.342151
0 -76.529706
39.348811
0 -76.529594
39.349741
0 -76.529453
39.350723
0 -76.529774
39.353707
0 -76.529773
39.355575
0 -76.529785
39.356552
0 -76.52979
39.363815
0 -76.529787
39.371606
0 -76.529793
39.372058
0 -76.5405
39.37211
0 -76.544243
39.372181
0 -76.545145
39.372104
0 -76.549357
39.372067
0 -76.553749
39.37207
0 -76.561788
39.372205
0 -76.569997
39.372121
0 -76.579029
39.372091
0 -76.581956
39.372105
0 -76.582208
39.372106
0 -76.583457
39.37211
0 -76.585745
39.372084
0 -76.587701
39.371782
0 -76.588305
39.371941
0 -76.594904
39.371931
0 -76.597045
39.371868
0 -76.597879
39.371808
0 -76.605891
39.372037
0 -76.609805
39.3722
0 -76.613875
39.371762
0 -76.618344
39.372034
0 -76.619643
39.371951
0 -76.626193
39.372017
0 -76.631691
39.371705
0 -76.633944
39.372009
0 -76.646926
39.372006
0 -76.649041
39.372181
0 -76.649803
39.372104
0 -76.652738
39.372105
0 -76.657792
39.371993
0 -76.659997
39.372096
0 -76.666192
39.372005
0 -76.678191
39.371994
0 -76.678773
39.37215
0 -76.682343
39.372201
0 -76.683656
39.372028
0 -76.692444
39.372033
0 -76.693693
39.372105
0 -76.700106
39.372005
0 -76.702892
39.372092
0 -76.705204
39.372007
0 -76.711313
39.371933
0 -76.711519
39.365763
0 