-83.668625
34.367241
0 -83.66967
34.3661
0 -83.668457
34.36433
0 -83.666512
34.362728
0 -83.665344
34.359623
0 -83.663589
34.357201
0 -83.660828
34.355915
0 -83.658791
34.355877
0 -83.656799
34.354733
0 -83.656013
34.353123
0 -83.652595
34.350346
0 -83.651436
34.349056
0 -83.651131
34.347565
0 -83.651674
34.346311
0 -83.651441
34.343715
0 -83.649475
34.340328
0 -83.649002
34.338005
0 -83.647774
34.335167
0 -83.647789
34.333309
0 -83.649292
34.327477
0 -83.649628
34.323154
0 -83.649292
34.321487
0 -83.648079
34.319744
0 -83.644272
34.315872
0 -83.643915
34.314789
0 -83.641833
34.312761
0 -83.633397
34.307492
0 -83.6324
34.306977
0 -83.625634
34.306411
0 -83.625084
34.306175
0 -83.624358
34.305212
0 -83.624133
34.303992
0 -83.624725
34.302838
0 -83.624835
34.301938
0 -83.625099
34.30131
0 -83.624253
34.300548
0 -83.621221
34.296971
0 -83.620115
34.295276
0 -83.616914
34.291363
0 -83.611175
34.28839
0 -83.605717
34.286156
0 -83.601658
34.283413
0 -83.598256
34.282119
0 -83.596536
34.280201
0 -83.596252
34.277311
0 -83.59563
34.275717
0 -83.593628
34.273186
0 -83.592051
34.271805
0 -83.586784
34.269356
0 -83.583475
34.266111
0 -83.574195
34.259299
0 -83.572826
34.258407
0 -83.565506
34.256302
0 -83.56313
34.254729
0 -83.561521
34.252712
0 -83.547432
34.254536
0 -83.540608
34.255374
0 -83.531611
34.256432
0 -83.531313
34.256429
0 -83.518272
34.256473
0 -83.502499
34.256457
0 -83.494827
34.261236
0 -83.489696
34.257008
0 -83.480361
34.262038
0 -83.468226
34.251861
0 -83.457688
34.242692
0 -83.457525
34.242555
0 -83.443614
34.231052
0 -83.425401
34.217934
0 -83.423325
34.216342
0 -83.423407
34.213651
0 -83.422797
34.212466
0 -83.412541
34.20635
0 -83.408991
34.202385
0 -83.407103
34.201856
0 -83.40574
34.200037
0 -83.402428
34.197499
0 -83.400125
34.200525
0 -83.39816
34.200676
0 -83.394341
34.202751
0 -83.39235
34.203026
0 -83.390495
34.203995
0 -83.38607
34.204918
0 -83.384216
34.204681
0 -83.381424
34.205681
0 -83.379021
34.205612
0 -83.377785
34.20612
0 -83.376099
34.205761
0 -83.372429
34.205933
0 -83.370514
34.209225
0 -83.366211
34.210255
0 -83.36438
34.212109
0 -83.363426
34.215691
0 -83.359634
34.217957
0 -83.358727
34.219744
0 -83.358978
34.222618
0 -83.357872
34.223442
0 -83.355269
34.22373
0 -83.354057
34.227924
0 -83.350662
34.234793
0 -83.34697
34.238111
0 -83.34469
34.238238
0 -83.343169
34.23909
0 -83.343118
34.240157
0 -83.344082
34.245527
0 -83.340911
34.249172
0 -83.341264
34.252008
0 -83.339208
34.255971
0 -83.337858
34.261341
0 -83.339544
34.264089
0 -83.376939
34.305785
0 -83.393915
34.324801
0 -83.393689
34.32634
0 -83.387558
34.370697
0 -83.387102
34.37573
0 -83.387116
34.379482
0 -83.385774
34.384152
0 -83.385043
34.388495
0 -83.383939
34.391225
0 -83.382795
34.392728
0 -83.382537
34.419434
0 -83.382565
34.428928
0 -83.384613
34.431313
0 -83.385884
34.434003
0 -83.387097
34.435457
0 -83.388477
34.440731
0 -83.390316
34.445055
0 -83.398396
34.460883
0 -83.404501
34.463877
0 -83.407287
34.464017
0 -83.411052
34.465515
0 -83.413586
34.468014
0 -83.45977
34.481142
0 -83.469925
34.484055
0 -83.518385
34.489406
0 -83.524513
34.490131
0 -83.537538
34.491725
0 -83.543773
34.486814
0 -83.545216
34.486216
0 -83.55238
34.485841
0 -83.556371
34.481583
0 -83.559065
34.480182
0 -83.561855
34.477774
0 -83.567002
34.47211
0 -83.568037
34.471106
0 -83.576419
34.465183
0 -83.579017
34.461628
0 -83.583994
34.453996
0 -83.585293
34.452851
0 -83.585787
34.452545
0 -83.594243
34.449403
0 -83.598442
34.447623
0 -83.604072
34.44598
0 -83.60725
34.444439
0 -83.608423
34.443029
0 -83.609065
34.441345
0 -83.609124
34.438059
0 -83.608842
34.436021
0 -83.615251
34.431748
0 -83.616883
34.430598
0 -83.619499
34.426523
0 -83.619669
34.425419
0 -83.621347
34.421988
0 -83.623275
34.419333
0 -83.625493
34.419717
0 -83.626891
34.418998
0 -83.630946
34.418112
0 -83.634349
34.416229
0 -83.636392
34.415867
0 -83.640513
34.415004
0 -83.64306
34.413204
0 -83.644649
34.408196
0 -83.646057
34.40575
0 -83.652075
34.402839
0 -83.655228
34.400261
0 -83.658882
34.391792
0 -83.659981
34.390739
0 -83.660252
34.386856
0 -83.659829
34.38287
0 -83.660072
34.379101
0 -83.660966
34.37791
0 -83.662613
34.37624
0 -83.663628
34.372646
0 -83.665405
34.370777
0 -83.665466
34.369331
0 -83.666756
34.36795
0 -83.668625
34.367241
0 