-104.052945
41.638167
0 -104.052975
41.622931
0 -104.052735
41.613676
0 -104.052859
41.592254
0 -104.05254
41.564274
0 -104.052531
41.552723
0 -104.052584
41.55265
0 -104.052692
41.541154
0 -104.052686
41.539111
0 -104.052476
41.522343
0 -104.052478
41.515754
0 -104.05234
41.417865
0 -104.05216
41.407662
0 -104.052287
41.393307
0 -104.052287592918
41.3932140037803
0 -104.044566
41.393033
0 -103.98405
41.393425
0 -103.98341
41.393258
0 -103.847528
41.393189
0 -103.834841
41.393414
0 -103.832079
41.393248
0 -103.797085
41.393118
0 -103.568156
41.393886
0 -103.51226
41.394487
0 -103.500493
41.394596
0 -103.492019
41.393851
0 -103.45276
41.393528
0 -103.447875
41.393728
0 -103.37762
41.394633
0 -103.370437
41.394514
0 -103.369024
41.437655
0 -103.367149
41.499975
0 -103.367431
41.545863
0 -103.36972
41.641404
0 -103.369865
41.655993
0 -103.370261
41.6946
0 -103.370391
41.69921
0 -103.388959
41.699765
0 -103.485159
41.699592
0 -103.494158
41.69949
0 -103.541253
41.698987
0 -103.599226
41.698622
0 -103.754846
41.698036
0 -103.829006
41.697895
0 -103.851611
41.69802
0 -103.943686
41.697972
0 -103.944341
41.697882
0 -103.986657
41.697996
0 -104.005717
41.698002
0 -104.052829855868
41.6979542235318
0 -104.052913
41.64519
0 -104.052945
41.638167
0 