-80.226306
39.123561
0 -80.227173
39.112792
0 -80.223208
39.111299
0 -80.221034
39.108804
0 -80.218289
39.108268
0 -80.216139
39.106724
0 -80.21543
39.104469
0 -80.212927
39.102031
0 -80.209469
39.097357
0 -80.199636
39.098558
0 -80.179728
39.091428
0 -80.167831
39.087583
0 -80.15177
39.071621
0 -80.144305
39.056837
0 -80.128021
39.037791
0 -80.067139
39.038037
0 -80.06324
39.034972
0 -80.061634
39.034236
0 -80.058833
39.034773
0 -80.056939
39.036975
0 -80.055196
39.036539
0 -80.054294
39.034602
0 -80.053766
39.030113
0 -80.05401
39.02802
0 -80.05482
39.026204
0 -80.057804
39.023871
0 -80.059128
39.022028
0 -80.056285
39.020154
0 -80.053
39.015287
0 -80.051076
39.014573
0 -80.046687
39.013779
0 -80.045463
39.013078
0 -80.044432
39.010644
0 -80.046101
39.009314
0 -80.04815
39.008771
0 -80.051624
39.006604
0 -80.054939
39.005345
0 -80.055121
39.002468
0 -80.054089
39.001358
0 -80.05283
39.001465
0 -80.051013
39.000544
0 -80.049199
38.998203
0 -80.047049
38.997047
0 -80.047369
38.995789
0 -80.05165
38.994145
0 -80.051256
38.992053
0 -80.051562
38.989726
0 -80.052501
38.986971
0 -80.053677
38.985363
0 -80.053816
38.98413
0 -80.052837
38.982102
0 -80.052212
38.979013
0 -80.052651
38.975163
0 -80.054071
38.974721
0 -80.061066
38.975147
0 -80.06199
38.974813
0 -80.062382
38.971755
0 -80.064268
38.968663
0 -80.067482
38.966858
0 -80.068705
38.966749
0 -80.072283
38.968564
0 -80.07336
38.966129
0 -80.073346
38.964957
0 -80.072079
38.963503
0 -80.069626
38.962412
0 -80.06596
38.962361
0 -80.063824
38.961711
0 -80.063245
38.959608
0 -80.063889
38.9582
0 -80.067336
38.955861
0 -80.07092
38.95472
0 -80.07206
38.953945
0 -80.072968
38.951648
0 -80.075263
38.950601
0 -80.076292
38.951201
0 -80.081165
38.951414
0 -80.084958
38.948622
0 -80.085062
38.947236
0 -79.990495
38.959772
0 -79.969832
38.962702
0 -79.931415
38.968258
0 -79.896094
38.973404
0 -79.894694
38.978004
0 -79.892293
38.980004
0 -79.891693
38.982104
0 -79.892294
38.985304
0 -79.892094
38.987104
0 -79.889894
38.990504
0 -79.889394
38.992304
0 -79.887394
38.994904
0 -79.887394
38.999004
0 -79.887869
39.000154
0 -79.887294
39.003204
0 -79.884594
39.008004
0 -79.884694
39.009604
0 -79.882394
39.012404
0 -79.880693
39.017903
0 -79.879193
39.019503
0 -79.878893
39.022603
0 -79.877893
39.024703
0 -79.876993
39.028303
0 -79.875693
39.030803
0 -79.872793
39.034403
0 -79.872993
39.036303
0 -79.872093
39.037503
0 -79.870193
39.043003
0 -79.870493
39.046803
0 -79.869193
39.048503
0 -79.869893
39.049503
0 -79.869093
39.052403
0 -79.866593
39.055203
0 -79.866293
39.057503
0 -79.865493
39.058103
0 -79.865993
39.062603
0 -79.864993
39.064903
0 -79.862693
39.066303
0 -79.860593
39.068503
0 -79.863193
39.072703
0 -79.861465
39.074402
0 -79.860093
39.076103
0 -79.858993
39.076303
0 -79.858293
39.078603
0 -79.856493
39.080903
0 -79.854393
39.084803
0 -79.854193
39.086903
0 -79.854793
39.088403
0 -79.852593
39.091703
0 -79.850093
39.093703
0 -79.849593
39.094903
0 -79.845493
39.094203
0 -79.842092
39.094903
0 -79.841092
39.095703
0 -79.839792
39.094803
0 -79.836192
39.096203
0 -79.834592
39.098003
0 -79.834092
39.099803
0 -79.832892
39.100603
0 -79.828992
39.101403
0 -79.827092
39.102803
0 -79.82669
39.105008
0 -79.825092
39.105503
0 -79.824092
39.106803
0 -79.824292
39.110403
0 -79.826092
39.112203
0 -79.826092
39.114903
0 -79.825092
39.115803
0 -79.825692
39.116803
0 -79.827892
39.117503
0 -79.828192
39.118903
0 -79.830892
39.119403
0 -79.830192
39.121003
0 -79.828292
39.121903
0 -79.829692
39.123503
0 -79.828592
39.125003
0 -79.829292
39.125903
0 -79.829892
39.126502
0 -79.836693
39.127502
0 -79.838093
39.131002
0 -79.835893
39.133602
0 -79.835993
39.136302
0 -79.835193
39.137702
0 -79.834793
39.140702
0 -79.832993
39.143602
0 -79.834393
39.147702
0 -79.833093
39.150102
0 -79.833293
39.153302
0 -79.832292
39.156002
0 -79.827491
39.160402
0 -79.828192
39.163002
0 -79.827992
39.166202
0 -79.826992
39.168602
0 -79.826992
39.174602
0 -79.828392
39.176202
0 -79.828612
39.177926
0 -79.827093
39.179802
0 -79.823993
39.182502
0 -79.822193
39.186502
0 -79.822593
39.190602
0 -79.826693
39.194101
0 -79.825487
39.196199
0 -79.822187
39.1975
0 -79.820087
39.1992
0 -79.818488
39.202201
0 -79.817788
39.205201
0 -79.814088
39.209701
0 -79.813989
39.2122
0 -79.814789
39.2131
0 -79.81519
39.216199
0 -79.81649
39.2174
0 -79.816491
39.219
0 -79.811191
39.2218
0 -79.808891
39.2238
0 -79.808791
39.2255
0 -79.81029
39.2298
0 -79.809729
39.230526
0 -79.809287
39.235788
0 -79.813436
39.238063
0 -79.818882
39.240479
0 -79.822682
39.240603
0 -79.825415
39.241297
0 -79.82757
39.241012
0 -79.830395
39.241464
0 -79.832472
39.241341
0 -79.833496
39.240603
0 -79.836286
39.240869
0 -79.839119
39.243353
0 -79.840977
39.243462
0 -79.844735
39.244445
0 -79.846629
39.245757
0 -79.849306
39.245986
0 -79.850281
39.246532
0 -79.851759
39.249263
0 -79.853358
39.250282
0 -79.852349
39.25281
0 -79.851361
39.253841
0 -79.850952
39.25572
0 -79.851181
39.260687
0 -79.851832
39.262869
0 -79.854065
39.263896
0 -79.852668
39.267094
0 -79.853403
39.268426
0 -79.852386
39.269736
0 -79.852868
39.271317
0 -79.853511
39.272243
0 -79.856636
39.273165
0 -79.858671
39.273257
0 -79.860156
39.275439
0 -79.858251
39.278736
0 -79.858739
39.28057
0 -79.860591
39.280502
0 -79.861645
39.282224
0 -79.861731
39.285099
0 -79.865168
39.287025
0 -79.865154
39.287813
0 -79.867163
39.290252
0 -79.87097
39.290782
0 -79.87219
39.292062
0 -79.871752
39.293981
0 -79.874106
39.295084
0 -79.877291
39.294499
0 -79.880468
39.294933
0 -79.882467
39.296735
0 -79.885125
39.297746
0 -79.886354
39.297719
0 -79.887582
39.298725
0 -79.887998
39.301488
0 -79.888662
39.302852
0 -79.889778
39.302173
0 -79.890107
39.299281
0 -79.892884
39.298908
0 -79.895536
39.299584
0 -79.89901
39.300619
0 -79.902252
39.303215
0 -79.904994
39.303038
0 -79.906187
39.301021
0 -79.908597
39.299295
0 -79.908602
39.296214
0 -79.9081
39.294543
0 -79.90653
39.292425
0 -79.90751
39.289528
0 -79.911628
39.289415
0 -79.912704
39.289908
0 -79.912629
39.29207
0 -79.913496
39.292212
0 -79.915397
39.294581
0 -79.917961
39.29374
0 -79.918237
39.292117
0 -79.926061
39.288738
0 -79.928887
39.288918
0 -79.932753
39.289956
0 -79.932526
39.292985
0 -79.933004
39.293934
0 -79.935608
39.295821
0 -79.937032
39.297327
0 -79.940583
39.297147
0 -79.942575
39.296455
0 -79.943226
39.29582
0 -79.941854
39.294483
0 -79.94145
39.292715
0 -79.942332
39.290174
0 -79.946461
39.287531
0 -79.94737
39.285591
0 -79.949101
39.284212
0 -79.949643
39.282385
0 -79.950641
39.281737
0 -79.953638
39.281858
0 -79.955624
39.282463
0 -79.956303
39.281548
0 -79.956529
39.278478
0 -79.959516
39.275259
0 -79.959834
39.271121
0 -79.961025
39.268944
0 -79.964199
39.268995
0 -79.967199
39.267695
0 -79.970899
39.264495
0 -79.9726
39.263695
0 -79.977238
39.262929
0 -80.022881
39.248028
0 -80.050934
39.245793
0 -80.081355
39.243477
0 -80.129153
39.239876
0 -80.13332
39.239622
0 -80.143659
39.238856
0 -80.150041
39.23825
0 -80.164378
39.241643
0 -80.166387
39.242283
0 -80.20385
39.196349
0 -80.224379
39.17135
0 -80.224687
39.170977
0 -80.226712
39.151435
0 -80.224684
39.141964
0 -80.224994
39.137238
0 -80.225792
39.125094
0 -80.226306
39.123561
0 