-81.77079
33.181406
0 -81.7735
33.180503
0 -81.767108
33.170016
0 -81.765574
33.165949
0 -81.763135
33.159449
0 -81.755135
33.15155
0 -81.743835
33.14145
0 -81.724334
33.129451
0 -81.72067688
33.12670816
0 -81.717134
33.124051
0 -81.704634
33.116451
0 -81.703134
33.116151
0 -81.699834
33.116751
0 -81.696934
33.116551
0 -81.683533
33.112651
0 -81.658433
33.103152
0 -81.646433
33.094552
0 -81.642333
33.093152
0 -81.637232
33.092952
0 -81.632232
33.093952
0 -81.617779
33.095277
0 -81.615132
33.095036
0 -81.6142984780503
33.0946609670663
0 -81.613558
33.095667
0 -81.566857
33.13655
0 -81.541881
33.158279
0 -81.523392
33.153408
0 -81.460007
33.13681
0 -81.454024
33.135253
0 -81.452888
33.134923
0 -81.44943
33.133856
0 -81.421242
33.125152
0 -81.374829
33.110975
0 -81.37384
33.110529
0 -81.364857
33.108061
0 -81.337806
33.108221
0 -81.323793
33.10831
0 -81.283665
33.108555
0 -81.280014
33.110118
0 -81.277373
33.112316
0 -81.276284
33.112454
0 -81.273643
33.112063
0 -81.268254
33.110458
0 -81.264333
33.110823
0 -81.260767
33.111691
0 -81.258942
33.112608
0 -81.248884
33.115124
0 -81.245782
33.117325
0 -81.240228
33.118747
0 -81.236798
33.118131
0 -81.234973
33.117055
0 -81.232604
33.116919
0 -81.226287
33.117517
0 -81.225552
33.116898
0 -81.219698
33.116464
0 -81.217765
33.117106
0 -81.217167
33.118253
0 -81.215669
33.118437
0 -81.213437
33.120086
0 -81.210497
33.120637
0 -81.207284
33.120179
0 -81.20045
33.118485
0 -81.195849
33.117958
0 -81.193099
33.118668
0 -81.192881
33.11954
0 -81.195931
33.121257
0 -81.197755
33.123548
0 -81.198327
33.126588
0 -81.203882
33.129223
0 -81.206442
33.129635
0 -81.206524
33.130688
0 -81.207994
33.131467
0 -81.208458
33.133071
0 -81.210092
33.133712
0 -81.208921
33.135866
0 -81.210202
33.137034
0 -81.210801
33.138821
0 -81.210393
33.140403
0 -81.211456
33.143541
0 -81.213499
33.14464
0 -81.213309
33.145854
0 -81.215924
33.14748
0 -81.215924
33.150115
0 -81.218185
33.15055
0 -81.220419
33.152016
0 -81.220692
33.154466
0 -81.221619
33.155727
0 -81.223308
33.156506
0 -81.225787
33.156528
0 -81.225815
33.160353
0 -81.227804
33.160697
0 -81.227778
33.162622
0 -81.22579
33.165349
0 -81.225982
33.167296
0 -81.223913
33.169634
0 -81.223778
33.174422
0 -81.223263
33.17873
0 -81.221848
33.184275
0 -81.221523
33.191396
0 -81.221224
33.201206
0 -81.220711
33.202467
0 -81.220603
33.206018
0 -81.217933
33.208379
0 -81.218397
33.210189
0 -81.221724
33.214311
0 -81.220361
33.215663
0 -81.220416
33.216717
0 -81.218835
33.217955
0 -81.217719
33.221804
0 -81.219382
33.224462
0 -81.220419
33.225195
0 -81.220665
33.228516
0 -81.21994
33.250154
0 -81.220824
33.259149
0 -81.21972
33.281976
0 -81.219081
33.295402
0 -81.217727
33.318573
0 -81.215167
33.366255
0 -81.213182
33.397866
0 -81.222673
33.44
0 -81.222219
33.440664
0 -81.226866
33.440776
0 -81.228533
33.440134
0 -81.231265
33.440477
0 -81.232552
33.442676
0 -81.235585
33.442285
0 -81.236814
33.441048
0 -81.238181
33.442467
0 -81.239847
33.441573
0 -81.242608
33.44203
0 -81.242908
33.441136
0 -81.243646
33.442328
0 -81.246325
33.442831
0 -81.246271
33.443885
0 -81.247774
33.443815
0 -81.248868
33.445211
0 -81.252069
33.445487
0 -81.253735
33.446198
0 -81.254308
33.447893
0 -81.256494
33.448949
0 -81.255974
33.449773
0 -81.257805
33.449956
0 -81.258542
33.451172
0 -81.259444
33.450073
0 -81.26092
33.450898
0 -81.259935
33.452089
0 -81.26327
33.451563
0 -81.263269
33.453395
0 -81.264717
33.452801
0 -81.265482
33.454863
0 -81.267886
33.455551
0 -81.268979
33.456467
0 -81.268268
33.457819
0 -81.269197
33.458874
0 -81.270919
33.458623
0 -81.271191
33.459791
0 -81.273515
33.458829
0 -81.275072
33.460043
0 -81.273241
33.460111
0 -81.276001
33.462105
0 -81.276875
33.464191
0 -81.278104
33.465017
0 -81.278541
33.466575
0 -81.2807
33.468316
0 -81.281909
33.467532
0 -81.283898
33.468728
0 -81.286714
33.46779
0 -81.286166
33.469577
0 -81.291195
33.472831
0 -81.291468
33.474663
0 -81.294421
33.47542
0 -81.294557
33.476909
0 -81.296416
33.478147
0 -81.29688
33.479864
0 -81.298466
33.479407
0 -81.302047
33.480003
0 -81.301445
33.481218
0 -81.30284
33.480003
0 -81.305082
33.47966
0 -81.30571
33.480966
0 -81.306202
33.479705
0 -81.308771
33.478948
0 -81.310493
33.479247
0 -81.311175
33.478215
0 -81.313228
33.478347
0 -81.315088
33.480462
0 -81.319189
33.480966
0 -81.32165
33.482339
0 -81.322525
33.482957
0 -81.325833
33.481537
0 -81.326762
33.481972
0 -81.330234
33.48023
0 -81.332448
33.480161
0 -81.33428
33.481375
0 -81.33428
33.480321
0 -81.336604
33.48048
0 -81.337889
33.481214
0 -81.33972
33.480274
0 -81.340869
33.482152
0 -81.344231
33.480891
0 -81.345735
33.481945
0 -81.345517
33.482931
0 -81.349017
33.484969
0 -81.350958
33.484166
0 -81.353911
33.484234
0 -81.354896
33.485265
0 -81.35618
33.484164
0 -81.356591
33.485356
0 -81.358504
33.484828
0 -81.361375
33.485148
0 -81.361267
33.48698
0 -81.362115
33.488171
0 -81.363838
33.488537
0 -81.366216
33.487962
0 -81.368076
33.489749
0 -81.36947
33.489129
0 -81.372931
33.490417
0 -81.374827
33.489652
0 -81.463042
33.422083
0 -81.516319
33.382311
0 -81.751869
33.201583
0 -81.7570833221477
33.1981218255034
0 -81.756935
33.197848
0 -81.760635
33.189248
0 -81.762835
33.188248
0 -81.766158
33.187388
0 -81.767349
33.183954
0 -81.764437
33.180077
0 -81.764966
33.178415
0 -81.767349
33.178083
0 -81.77079
33.181406
0 