-86.176212
36.915153
0 -86.176317
36.914088
0 -86.175232
36.912783
0 -86.172606
36.911284
0 -86.168816
36.908467
0 -86.164417
36.906886
0 -86.161785
36.906439
0 -86.157767
36.906485
0 -86.15432
36.908135
0 -86.152449
36.908636
0 -86.150022
36.910293
0 -86.14897
36.911562
0 -86.149526
36.915079
0 -86.152434
36.917105
0 -86.152438
36.919755
0 -86.151936
36.922582
0 -86.150469
36.926811
0 -86.149125
36.928685
0 -86.147058
36.92984
0 -86.145447
36.929272
0 -86.143284
36.930532
0 -86.138932
36.931303
0 -86.136597
36.932057
0 -86.135265
36.931168
0 -86.135103
36.929779
0 -86.13985
36.920413
0 -86.140003
36.918242
0 -86.141554
36.915671
0 -86.141926
36.91353
0 -86.137569
36.90818
0 -86.134755
36.905298
0 -86.134549
36.90299
0 -86.135411
36.902296
0 -86.138847
36.902058
0 -86.143024
36.900814
0 -86.145179
36.899258
0 -86.147114
36.896958
0 -86.144188
36.893491
0 -86.141296
36.892292
0 -86.136902
36.894692
0 -86.129072
36.89639
0 -86.125019
36.895588
0 -86.124448
36.89358
0 -86.122559
36.892124
0 -86.120782
36.889922
0 -86.118238
36.884671
0 -86.115316
36.88105
0 -86.11375
36.875571
0 -86.113174
36.874711
0 -86.110273
36.873161
0 -86.109454
36.87204
0 -86.109879
36.868293
0 -86.106421
36.865064
0 -86.103684
36.864192
0 -86.100488
36.86422
0 -86.099625
36.864648
0 -86.098979
36.866478
0 -86.097526
36.867704
0 -86.098805
36.870936
0 -86.101845
36.874044
0 -86.104939
36.876533
0 -86.107366
36.879515
0 -86.108695
36.882892
0 -86.107923
36.887592
0 -86.106971
36.889558
0 -86.104921
36.891993
0 -86.102536
36.895907
0 -86.099194
36.898575
0 -86.097399
36.900813
0 -86.095486
36.900782
0 -86.093834
36.900642
0 -86.091456
36.900669
0 -86.088452
36.899866
0 -86.086105
36.899956
0 -86.084701
36.900649
0 -86.078464
36.902388
0 -86.076056
36.902615
0 -86.070425
36.901915
0 -86.066624
36.900308
0 -86.06531
36.899128
0 -86.064526
36.897042
0 -86.064881
36.893247
0 -86.066606
36.891084
0 -86.068134
36.891738
0 -86.066733
36.893629
0 -86.068098
36.894329
0 -86.073145
36.893472
0 -86.077837
36.892328
0 -86.078244
36.891253
0 -86.077311
36.886737
0 -86.076381
36.883888
0 -86.077418
36.882965
0 -86.076816
36.881254
0 -86.071283
36.879052
0 -86.070215
36.877294
0 -86.070781
36.874746
0 -86.072468
36.871501
0 -86.073342
36.871762
0 -86.074509
36.87368
0 -86.076044
36.873272
0 -86.076587
36.872395
0 -86.07781
36.866717
0 -86.075462
36.86426
0 -86.075814
36.86242
0 -86.078044
36.856805
0 -86.078016
36.8547
0 -86.07542
36.849461
0 -86.072088
36.844353
0 -86.069796
36.8426
0 -86.068407
36.842273
0 -86.067165
36.840661
0 -86.062213
36.838022
0 -86.058886
36.835217
0 -86.056321
36.83171
0 -86.055692
36.830065
0 -86.056835
36.828465
0 -86.062077
36.826536
0 -86.063566
36.825676
0 -86.066045
36.822847
0 -86.066803
36.818307
0 -86.068254
36.816524
0 -86.068409
36.812496
0 -86.068875
36.81172
0 -86.070964
36.811203
0 -86.071782
36.808168
0 -86.071472
36.807012
0 -86.069957
36.805783
0 -86.068031
36.806434
0 -86.063506
36.807725
0 -86.056181
36.809155
0 -86.050719
36.809414
0 -86.04933
36.808089
0 -86.047426
36.807902
0 -86.046461
36.806374
0 -86.048259
36.803577
0 -86.049993
36.803846
0 -86.051111
36.801595
0 -86.050405
36.799268
0 -86.051996
36.796513
0 -86.052121
36.794451
0 -86.050516
36.793389
0 -86.047122
36.795124
0 -86.045954
36.795157
0 -86.043831
36.793691
0 -86.043005
36.79231
0 -86.039224
36.790835
0 -86.040078
36.787797
0 -86.037737
36.785838
0 -86.036309
36.785786
0 -86.034719
36.782501
0 -86.034703
36.780382
0 -86.035311
36.779731
0 -86.038706
36.778075
0 -86.040117
36.777963
0 -86.047203
36.778901
0 -86.049786
36.77811
0 -86.052163
36.776143
0 -86.052866
36.774806
0 -86.051293
36.772409
0 -86.047662
36.771102
0 -86.042062
36.768419
0 -86.040744
36.767437
0 -86.038884
36.763732
0 -86.03837
36.761407
0 -86.037306
36.760179
0 -86.034646
36.759928
0 -86.033612
36.761853
0 -86.030735
36.764383
0 -86.007069
36.760344
0 -86.002309
36.758711
0 -85.993861
36.749237
0 -85.982876
36.741563
0 -85.97691
36.722722
0 -85.973022
36.724966
0 -85.96076
36.732033
0 -85.900239
36.767094
0 -85.825387
36.810906
0 -85.807011
36.821638
0 -85.791003
36.827412
0 -85.772286
36.83634
0 -85.767082
36.835796
0 -85.766761
36.835763
0 -85.749935
36.841879
0 -85.748826
36.8421
0 -85.739255
36.841476
0 -85.742696
36.89223
0 -85.746182
36.943715
0 -85.749716
36.995816
0 -85.750396
37.005902
0 -85.755426
37.026786
0 -85.756636
37.039861
0 -85.759278
37.068573
0 -85.759127
37.074389
0 -85.758479
37.099438
0 -85.756533
37.108848
0 -85.75609
37.109835
0 -85.759777
37.111361
0 -85.762466
37.111772
0 -85.771771
37.109733
0 -85.776962
37.138328
0 -85.759315
37.150242
0 -85.744221
37.169813
0 -85.774924
37.167529
0 -85.802215
37.163092
0 -85.857058
37.151137
0 -85.874983
37.149641
0 -85.879748
37.149382
0 -85.906494
37.148392
0 -85.921468
37.149785
0 -85.934211
37.150958
0 -85.935713
37.1511
0 -85.940352
37.151601
0 -85.947682
37.152754
0 -85.969053
37.156104
0 -85.970893
37.156183
0 -85.977652
37.156468
0 -85.986205
37.156831
0 -85.992192
37.157084
0 -86.00788
37.160299
0 -86.056443
37.167208
0 -86.061995
37.13209
0 -86.064074
37.118835
0 -86.069841
37.081749
0 -86.074267
37.053285
0 -86.113512
37.061072
0 -86.114367
37.059031
0 -86.115227
37.056977
0 -86.141655
36.993894
0 -86.149648
36.974815
0 -86.16674
36.934015
0 -86.161861
36.931095
0 -86.160862
36.929999
0 -86.16093
36.928338
0 -86.16032
36.924952
0 -86.160555
36.92423
0 -86.163232
36.9236
0 -86.164617
36.920725
0 -86.169001
36.918633
0 -86.172513
36.918305
0 -86.176212
36.915153
0 