-92.594891
36.355946
0 -92.594751
36.353691
0 -92.593734
36.351298
0 -92.592008
36.349337
0 -92.588158
36.347051
0 -92.58486
36.344154
0 -92.581026
36.342504
0 -92.578057
36.342185
0 -92.572976
36.34359
0 -92.560135
36.345941
0 -92.549464
36.348805
0 -92.544855
36.34881
0 -92.535765
36.350467
0 -92.53477
36.350916
0 -92.533642
36.350734
0 -92.532252
36.350242
0 -92.53058
36.349718
0 -92.52937
36.348549
0 -92.52837
36.346154
0 -92.528057
36.344143
0 -92.528585
36.343077
0 -92.530072
36.336947
0 -92.531728
36.331917
0 -92.532568
36.330602
0 -92.534812
36.329314
0 -92.538885
36.328959
0 -92.54192
36.330024
0 -92.549302
36.335219
0 -92.552962
36.336228
0 -92.55508
36.336162
0 -92.560208
36.335029
0 -92.562433
36.333771
0 -92.565696
36.328902
0 -92.56924
36.325022
0 -92.570707
36.322664
0 -92.571625
36.317481
0 -92.573973
36.312692
0 -92.575141
36.309333
0 -92.574732
36.307768
0 -92.573696
36.306283
0 -92.570257
36.305607
0 -92.568549
36.30602
0 -92.563266
36.30872
0 -92.551566
36.313488
0 -92.549574
36.313758
0 -92.547487
36.313552
0 -92.541795
36.31172
0 -92.538447
36.310206
0 -92.536576
36.308997
0 -92.535797
36.308277
0 -92.525661
36.301829
0 -92.523404
36.298544
0 -92.523173
36.296179
0 -92.524246
36.289925
0 -92.525314
36.286915
0 -92.527476
36.283614
0 -92.529902
36.280985
0 -92.531624
36.279733
0 -92.536298
36.275339
0 -92.538601
36.27353
0 -92.543225
36.269214
0 -92.544357
36.266503
0 -92.543577
36.263623
0 -92.542513
36.262776
0 -92.538451
36.262269
0 -92.53588
36.262924
0 -92.527451
36.266019
0 -92.525169
36.268095
0 -92.522855
36.268878
0 -92.520581
36.268824
0 -92.51176
36.266347
0 -92.505742
36.263368
0 -92.502173
36.260383
0 -92.498976
36.258214
0 -92.493961
36.256316
0 -92.48824
36.255861
0 -92.481426
36.256861
0 -92.478002
36.257101
0 -92.475951
36.256964
0 -92.474487
36.256876
0 -92.471298
36.255938
0 -92.46931
36.253405
0 -92.469262
36.250904
0 -92.472633
36.246641
0 -92.472813
36.245494
0 -92.474672
36.243075
0 -92.475834
36.242452
0 -92.476428
36.238282
0 -92.476487
36.227916
0 -92.476215
36.227274
0 -92.474345
36.226775
0 -92.47145
36.223331
0 -92.469425
36.221962
0 -92.461696
36.221425
0 -92.459909
36.220209
0 -92.458787
36.21719
0 -92.458975
36.2157
0 -92.459386
36.214952
0 -92.463168
36.212548
0 -92.468735
36.209829
0 -92.470959
36.209313
0 -92.473525
36.207808
0 -92.474975
36.20575
0 -92.479323
36.201429
0 -92.480306
36.19937
0 -92.480247
36.197669
0 -92.479112
36.193522
0 -92.477652
36.192324
0 -92.474273
36.188661
0 -92.470148
36.182624
0 -92.468096
36.181021
0 -92.463731
36.179252
0 -92.458195
36.176526
0 -92.456046
36.174866
0 -92.454235
36.174399
0 -92.448633
36.170445
0 -92.447139
36.168529
0 -92.444745
36.166303
0 -92.441124
36.164048
0 -92.438892
36.164547
0 -92.434463
36.16752
0 -92.432455
36.168543
0 -92.432189
36.171443
0 -92.42891
36.174396
0 -92.425948
36.17833
0 -92.425308
36.176613
0 -92.427616
36.170779
0 -92.429428
36.169433
0 -92.429287
36.16589
0 -92.428384
36.163812
0 -92.427548
36.162882
0 -92.425759
36.162318
0 -92.419924
36.162785
0 -92.418224
36.163262
0 -92.414075
36.162931
0 -92.411852
36.162123
0 -92.407954
36.158399
0 -92.407022
36.155647
0 -92.407192
36.153987
0 -92.408559
36.152397
0 -92.40864
36.149359
0 -92.426399
36.149401
0 -92.426831
36.13483
0 -92.409175
36.134684
0 -92.410528
36.092035
0 -92.411502
36.062756
0 -92.412303
36.033883
0 -92.413158
36.01576
0 -92.413873
35.99772
0 -92.4139
35.99035
0 -92.413915
35.98954
0 -92.414324
35.975865
0 -92.375216
35.975122
0 -92.374683
35.975035
0 -92.354284
35.974773
0 -92.325356
35.974315
0 -92.30722
35.974022
0 -92.306548
35.999588
0 -92.306448
36.000072
0 -92.30591
36.032134
0 -92.305909
36.032192
0 -92.305753
36.046255
0 -92.304951
36.06108
0 -92.294734
36.060987
0 -92.286795
36.06126
0 -92.197649
36.059287
0 -92.195676
36.132368
0 -92.19543
36.132798
0 -92.196095
36.133343
0 -92.197314
36.133855
0 -92.199348
36.134191
0 -92.215203
36.133452
0 -92.214423
36.157578
0 -92.2139
36.1751
0 -92.163703
36.173794
0 -92.159859
36.173849
0 -92.159952
36.176498
0 -92.159392
36.195334
0 -92.15699
36.261248
0 -92.159215
36.261311
0 -92.159101
36.275677
0 -92.158422
36.287496
0 -92.158296
36.290452
0 -92.157273
36.302978
0 -92.15524
36.348942
0 -92.154573
36.34904
0 -92.153768
36.366921
0 -92.153184
36.377645
0 -92.153192
36.383641
0 -92.152981
36.388736
0 -92.152935
36.38962
0 -92.152802
36.389944
0 -92.150683
36.435763
0 -92.151541
36.451119
0 -92.150789
36.466509
0 -92.151121
36.478272
0 -92.1502951365485
36.4986337152141
0 -92.199396
36.498351
0 -92.211449
36.498395
0 -92.214143
36.498372
0 -92.2157858108851
36.4984045810885
0 -92.216412
36.498417
0 -92.2594407917074
36.4981750521001
0 -92.2594577138701
36.498174956948
0 -92.309424
36.497894
0 -92.318415
36.497711
0 -92.350277
36.497787
0 -92.3702460011007
36.4973151017343
0 -92.375159
36.497199
0 -92.384927
36.497845
0 -92.420383
36.497914
0 -92.4231249827717
36.4979846684686
0 -92.4346490914383
36.4982816765754
0 -92.4346529799799
36.4982817767939
0 -92.444129
36.498526
0 -92.4821599482852
36.4986368911251
0 -92.516836
36.498738
0 -92.5291281035939
36.4986088605631
0 -92.529623
36.457655
0 -92.53234
36.415555
0 -92.533328
36.395299
0 -92.533246
36.389938
0 -92.533175
36.386563
0 -92.549599
36.386921
0 -92.550832
36.382345
0 -92.551958
36.380046
0 -92.554937
36.377712
0 -92.560882
36.374033
0 -92.563572
36.372666
0 -92.568534
36.3706
0 -92.573324
36.366888
0 -92.57501
36.366063
0 -92.58846
36.360899
0 -92.593128
36.358337
0 -92.594891
36.355946
0 