-66.213072
18.307003
0 -66.213537
18.306283
0 -66.212954
18.30488
0 -66.211208
18.303552
0 -66.210312
18.30302
0 -66.210108
18.298162
0 -66.208651
18.295979
0 -66.209248
18.29424
0 -66.211375
18.292644
0 -66.211389
18.291415
0 -66.208699
18.287177
0 -66.209318
18.285136
0 -66.2082
18.281971
0 -66.206509
18.27966
0 -66.206135
18.27666
0 -66.205588
18.275674
0 -66.201669
18.276413
0 -66.199778
18.274559
0 -66.200802
18.271477
0 -66.199001
18.27
0 -66.195319
18.269703
0 -66.193248
18.268138
0 -66.193026
18.266365
0 -66.193753
18.265414
0 -66.193399
18.262216
0 -66.192742
18.26023
0 -66.191329
18.259939
0 -66.190676
18.25884
0 -66.189196
18.2598
0 -66.188689
18.260735
0 -66.188604
18.261997
0 -66.18709
18.263241
0 -66.185795
18.266695
0 -66.184315
18.268339
0 -66.181732
18.270109
0 -66.179868
18.270789
0 -66.178563
18.272085
0 -66.178056
18.273709
0 -66.177069
18.274538
0 -66.177099
18.276194
0 -66.175771
18.276299
0 -66.175338
18.27721
0 -66.17269
18.278316
0 -66.171043
18.27928
0 -66.16782
18.277708
0 -66.166694
18.279397
0 -66.164045
18.280721
0 -66.162324
18.280759
0 -66.161331
18.282701
0 -66.156909
18.282918
0 -66.154532
18.281829
0 -66.153621
18.282059
0 -66.15097
18.280784
0 -66.147155
18.280827
0 -66.143861
18.27959
0 -66.141705
18.282231
0 -66.143529
18.282562
0 -66.144114
18.283369
0 -66.140339
18.285176
0 -66.140546
18.287469
0 -66.141471
18.289992
0 -66.140842
18.292601
0 -66.14084
18.294706
0 -66.139031
18.295127
0 -66.138171
18.297732
0 -66.137987
18.298411
0 -66.138377
18.299608
0 -66.140209
18.300577
0 -66.141184
18.301347
0 -66.140814
18.305539
0 -66.139967
18.3078
0 -66.14136
18.308635
0 -66.140961
18.311364
0 -66.137326
18.311693
0 -66.132696
18.312732
0 -66.132352
18.313568
0 -66.134468
18.314173
0 -66.139201
18.317642
0 -66.140478
18.31933
0 -66.141361
18.320445
0 -66.141572
18.32441
0 -66.140591
18.326636
0 -66.141474
18.32915
0 -66.139382
18.331687
0 -66.138755
18.332497
0 -66.136469
18.333524
0 -66.133711
18.334857
0 -66.133538
18.33555
0 -66.135958
18.336211
0 -66.136121
18.337234
0 -66.134722
18.34131
0 -66.135053
18.341833
0 -66.13766
18.341834
0 -66.137833
18.34321
0 -66.136208
18.34493
0 -66.135766
18.347567
0 -66.136241
18.350048
0 -66.137456
18.35142
0 -66.139399
18.355585
0 -66.14193
18.357594
0 -66.141915
18.358397
0 -66.14178
18.361204
0 -66.140761
18.363153
0 -66.139238
18.361831
0 -66.138493
18.362239
0 -66.137854
18.364569
0 -66.137727
18.367587
0 -66.137995
18.372306
0 -66.137192
18.373705
0 -66.134949
18.37308
0 -66.134518
18.374579
0 -66.137444
18.377397
0 -66.137428
18.379534
0 -66.136908
18.380546
0 -66.135185
18.382701
0 -66.134685
18.382683
0 -66.131178
18.380506
0 -66.12461
18.376914
0 -66.124056
18.376735
0 -66.122165
18.376288
0 -66.121319
18.37809
0 -66.11836
18.379254
0 -66.1195
18.381976
0 -66.121235
18.384748
0 -66.123738
18.38954
0 -66.12461
18.39203
0 -66.125811
18.394609
0 -66.126412
18.39593
0 -66.124314
18.397902
0 -66.124067
18.3991
0 -66.125226
18.401589
0 -66.126613
18.401093
0 -66.127864
18.403117
0 -66.126993
18.404262
0 -66.124917
18.405932
0 -66.124789
18.406388
0 -66.123895
18.408163
0 -66.124181
18.409641
0 -66.121725
18.41446
0 -66.121849
18.415327
0 -66.125089
18.418567
0 -66.127613
18.419477
0 -66.129442
18.420625
0 -66.132273
18.420475
0 -66.13158
18.424656
0 -66.135671
18.422009
0 -66.135487
18.423104
0 -66.141886
18.422635
0 -66.143521
18.422252
0 -66.146626
18.422533
0 -66.14878
18.421385
0 -66.149427
18.422483
0 -66.150155
18.421005
0 -66.151618
18.422474
0 -66.157241
18.421031
0 -66.158634
18.421328
0 -66.158545
18.421561
0 -66.158452
18.422649
0 -66.160066
18.425514
0 -66.161867
18.42632
0 -66.161949
18.427555
0 -66.165047
18.429094
0 -66.16561
18.430079
0 -66.165612
18.430097
0 -66.168274
18.430532
0 -66.169516
18.430998
0 -66.169542
18.430709
0 -66.170573
18.429916
0 -66.16936
18.428114
0 -66.169725
18.425704
0 -66.171195
18.423733
0 -66.17272
18.422217
0 -66.172686
18.421555
0 -66.172653
18.42105
0 -66.177561
18.419301
0 -66.18024
18.421359
0 -66.185319
18.421542
0 -66.187556
18.41974
0 -66.187581
18.419555
0 -66.190888
18.418511
0 -66.191283
18.418329
0 -66.193929
18.418735
0 -66.194773
18.417495
0 -66.196383
18.415919
0 -66.197114
18.415656
0 -66.198263
18.413828
0 -66.196777
18.411076
0 -66.196538
18.408682
0 -66.197657
18.407975
0 -66.196878
18.405367
0 -66.19756
18.404072
0 -66.196642
18.400059
0 -66.195364
18.396959
0 -66.196993
18.393665
0 -66.195516
18.391265
0 -66.197087
18.390772
0 -66.19698
18.389289
0 -66.197129
18.387501
0 -66.197317
18.385333
0 -66.197767
18.376732
0 -66.199232
18.373007
0 -66.199453
18.368937
0 -66.198122
18.366354
0 -66.197621
18.365337
0 -66.197582
18.362194
0 -66.197293
18.360199
0 -66.199501
18.355285
0 -66.199699
18.354709
0 -66.199676
18.35455
0 -66.198916
18.353628
0 -66.198402
18.353201
0 -66.198595
18.351191
0 -66.200517
18.346738
0 -66.199554
18.339888
0 -66.200852
18.338363
0 -66.202811
18.337459
0 -66.203615
18.336673
0 -66.201862
18.330217
0 -66.201531
18.328983
0 -66.202454
18.325032
0 -66.20441
18.316512
0 -66.204014
18.315908
0 -66.204734
18.316035
0 -66.205908
18.306921
0 -66.209114
18.306794
0 -66.210358
18.307448
0 -66.213072
18.307003
0 