-111.634483
42.56235
0 -111.633322
42.559011
0 -111.631884
42.55795
0 -111.629547
42.553655
0 -111.630586
42.551947
0 -111.630224
42.550604
0 -111.631694
42.547664
0 -111.631297
42.545717
0 -111.63025
42.544213
0 -111.629882
42.540471
0 -111.626535
42.536417
0 -111.626083
42.53377
0 -111.624735
42.523057
0 -111.622894
42.521288
0 -111.620795
42.516399
0 -111.619505
42.514929
0 -111.615116
42.513442
0 -111.612508
42.512214
0 -111.610807
42.510612
0 -111.609598
42.508168
0 -111.608329
42.504214
0 -111.606486
42.502042
0 -111.605944
42.4994
0 -111.606024
42.495976
0 -111.606814
42.494302
0 -111.603026
42.491757
0 -111.603452
42.486303
0 -111.601655
42.484108
0 -111.598265
42.482837
0 -111.597383
42.480402
0 -111.597984
42.477494
0 -111.597249
42.476325
0 -111.597023
42.47319
0 -111.595166
42.469907
0 -111.593506
42.463765
0 -111.59148
42.461779
0 -111.5888
42.45789
0 -111.588958
42.456601
0 -111.587005
42.453214
0 -111.583656
42.448115
0 -111.582346
42.44692
0 -111.583284
42.446164
0 -111.583762
42.443933
0 -111.581655
42.440924
0 -111.583681
42.435289
0 -111.583412
42.43466
0 -111.582364
42.433304
0 -111.580215
42.432309
0 -111.579444
42.429834
0 -111.580673
42.429804
0 -111.585811
42.42581
0 -111.588029
42.425791
0 -111.59259
42.424817
0 -111.594817
42.425094
0 -111.594499
42.423282
0 -111.596194
42.420876
0 -111.597163
42.420611
0 -111.598597
42.415821
0 -111.598868
42.413388
0 -111.603329
42.412188
0 -111.603257
42.408707
0 -111.600341
42.407002
0 -111.599507
42.403794
0 -111.598332
42.401519
0 -111.599317
42.400047
0 -111.598861
42.394696
0 -111.59907
42.391506
0 -111.592044
42.392717
0 -111.589422
42.393638
0 -111.584835
42.394007
0 -111.58392
42.394618
0 -111.583915
42.390976
0 -111.582595
42.387219
0 -111.579622
42.383958
0 -111.579458
42.38183
0 -111.581605
42.380288
0 -111.581516
42.376162
0 -111.577835
42.375704
0 -111.578733
42.374368
0 -111.57846
42.372418
0 -111.576047
42.370344
0 -111.574518
42.36757
0 -111.572077
42.366729
0 -111.571082
42.367928
0 -111.565533
42.367761
0 -111.562405
42.365331
0 -111.56054
42.36471
0 -111.558894
42.363844
0 -111.55915
42.360266
0 -111.558095
42.358242
0 -111.558135
42.356606
0 -111.555358
42.353902
0 -111.55212
42.352029
0 -111.555362
42.350897
0 -111.555944
42.349649
0 -111.558836
42.348781
0 -111.56221
42.345054
0 -111.564585
42.343614
0 -111.566303
42.340932
0 -111.567644
42.33979
0 -111.569959
42.339244
0 -111.572544
42.3367
0 -111.56869
42.334368
0 -111.567036
42.33277
0 -111.567842
42.332102
0 -111.572432
42.3328
0 -111.574421
42.3307
0 -111.577867
42.32832
0 -111.581416
42.326668
0 -111.586586
42.326166
0 -111.588205
42.325604
0 -111.590067
42.322277
0 -111.588962
42.321478
0 -111.588743
42.319431
0 -111.585827
42.316204
0 -111.581959
42.309979
0 -111.582518
42.308723
0 -111.585382
42.306525
0 -111.586195
42.304399
0 -111.584897
42.301004
0 -111.585205
42.300231
0 -111.583321
42.294539
0 -111.586775
42.293664
0 -111.587525
42.290981
0 -111.586432
42.287853
0 -111.584096
42.286021
0 -111.580368
42.285203
0 -111.579997
42.283389
0 -111.577983
42.280292
0 -111.574133
42.280111
0 -111.568335
42.278798
0 -111.564986
42.278343
0 -111.562195
42.276792
0 -111.563425
42.273635
0 -111.566441
42.273525
0 -111.572188
42.271324
0 -111.573227
42.269794
0 -111.578222
42.268502
0 -111.580106
42.266803
0 -111.584472
42.265261
0 -111.588846
42.264596
0 -111.5921
42.261859
0 -111.596473
42.256383
0 -111.596515
42.254183
0 -111.597669
42.250767
0 -111.596899
42.249319
0 -111.599519
42.248542
0 -111.604308
42.25031
0 -111.608868
42.250454
0 -111.611987
42.248637
0 -111.61419
42.246174
0 -111.614026
42.242273
0 -111.614598
42.240733
0 -111.613
42.237416
0 -111.613494
42.235438
0 -111.612936
42.234317
0 -111.614206
42.233073
0 -111.614239
42.2294
0 -111.613692
42.228278
0 -111.61426
42.225606
0 -111.615442
42.224063
0 -111.615883
42.222118
0 -111.618681
42.219734
0 -111.621105
42.215461
0 -111.624096
42.212165
0 -111.626162
42.208613
0 -111.625469
42.205981
0 -111.625535
42.202608
0 -111.624855
42.20059
0 -111.625926
42.19943
0 -111.626089
42.196955
0 -111.62534
42.195601
0 -111.626133
42.192665
0 -111.625597
42.190855
0 -111.623176
42.188056
0 -111.622027
42.187736
0 -111.617267
42.186164
0 -111.615937
42.184487
0 -111.615648
42.182582
0 -111.613937
42.176973
0 -111.613472
42.173922
0 -111.612369
42.172078
0 -111.61322
42.169338
0 -111.612823
42.163575
0 -111.611977
42.160048
0 -111.610511
42.156393
0 -111.608793
42.155999
0 -111.607441
42.153926
0 -111.606113
42.1532
0 -111.602329
42.152251
0 -111.599881
42.150436
0 -111.597729
42.149986
0 -111.596105
42.148139
0 -111.593417
42.14609
0 -111.590168
42.142641
0 -111.587216
42.14209
0 -111.588147
42.140677
0 -111.588294
42.138522
0 -111.589517
42.137068
0 -111.589022
42.134171
0 -111.591893
42.131577
0 -111.590494
42.127946
0 -111.591067
42.126904
0 -111.590424
42.124078
0 -111.590822
42.121282
0 -111.593558
42.119717
0 -111.594387
42.115673
0 -111.593525
42.113651
0 -111.595485
42.11241
0 -111.596852
42.109887
0 -111.598155
42.109411
0 -111.600524
42.107323
0 -111.600653
42.105196
0 -111.598788
42.101773
0 -111.59897
42.098509
0 -111.596977
42.095779
0 -111.594446
42.093548
0 -111.58987
42.09342
0 -111.586531
42.092503
0 -111.581685
42.094003
0 -111.581168
42.094672
0 -111.577959
42.091538
0 -111.577066
42.089105
0 -111.574277
42.086181
0 -111.572565
42.085005
0 -111.566363
42.083113
0 -111.557157
42.084411
0 -111.551796
42.081301
0 -111.551786
42.079488
0 -111.549408
42.077724
0 -111.546728
42.076757
0 -111.544994
42.076837
0 -111.541604
42.076063
0 -111.539979
42.075056
0 -111.537512
42.076957
0 -111.531547
42.076924
0 -111.526597
42.074595
0 -111.521387
42.074432
0 -111.520776
42.071974
0 -111.517796
42.06954
0 -111.515032
42.067992
0 -111.515684
42.064168
0 -111.516974
42.063006
0 -111.516051
42.06071
0 -111.513113
42.059113
0 -111.511746
42.059024
0 -111.511094
42.055503
0 -111.511977
42.054375
0 -111.512283
42.049935
0 -111.514201
42.048816
0 -111.513352
42.045665
0 -111.510998
42.04232
0 -111.508224
42.040385
0 -111.507752
42.037757
0 -111.508089
42.035597
0 -111.511599
42.033996
0 -111.50951
42.027647
0 -111.510396
42.024465
0 -111.508483
42.02249
0 -111.509648
42.02013
0 -111.509455
42.01901
0 -111.511146
42.016779
0 -111.509569
42.013024
0 -111.509466
42.009551
0 -111.50793
42.007834
0 -111.508428
42.004313
0 -111.508335
42.001009
0 -111.507805973428
41.9995175815805
0 -111.507789674782
41.9995175941635
0 -111.507264
41.999518
0 -111.471381
41.999739
0 -111.425535
42.00084
0 -111.420898
42.000793
0 -111.415873
42.000748
0 -111.299958467905
42.0010051454933
0 -111.046689
42.001567
0 -111.047109
42.142497
0 -111.047107
42.148971
0 -111.047058
42.182672
0 -111.047097
42.194773
0 -111.047074
42.280787
0 -111.04708
42.34942
0 -111.047079922047
42.3494634543272
0 -111.046987731513
42.4008542246723
0 -111.046801
42.504946
0 -111.0467186272
42.5131178230763
0 -111.047879
42.511915
0 -111.050107
42.51123
0 -111.05235
42.5114
0 -111.056602
42.5102
0 -111.057778
42.510822
0 -111.061879
42.510228
0 -111.066734
42.508935
0 -111.063143
42.505705
0 -111.062858
42.500817
0 -111.064446
42.499159
0 -111.067225
42.49761
0 -111.072487
42.496818
0 -111.071292
42.492192
0 -111.075237
42.492183
0 -111.081757
42.493134
0 -111.086508
42.492522
0 -111.094898
42.489119
0 -111.095369
42.491264
0 -111.100846
42.491048
0 -111.10165
42.490188
0 -111.103829
42.49021
0 -111.104463
42.491669
0 -111.106901
42.491512
0 -111.110221
42.491322
0 -111.113526
42.490183
0 -111.115732
42.487854
0 -111.120787
42.486449
0 -111.121663
42.484075
0 -111.126234
42.481959
0 -111.130458
42.481404
0 -111.131916
42.482605
0 -111.131515
42.483898
0 -111.132906
42.485019
0 -111.13678
42.486473
0 -111.138229
42.487901
0 -111.140577
42.486654
0 -111.144205
42.48624
0 -111.145736
42.488392
0 -111.148598
42.490714
0 -111.152707
42.488288
0 -111.155071
42.48871
0 -111.156176
42.490542
0 -111.158919
42.490777
0 -111.160309
42.486181
0 -111.160712
42.481848
0 -111.161912
42.48006
0 -111.162158
42.477478
0 -111.163449
42.476116
0 -111.167614
42.477172
0 -111.168738
42.476464
0 -111.169478
42.474388
0 -111.170956
42.473299
0 -111.171261
42.476563
0 -111.173949
42.477894
0 -111.176442
42.47821
0 -111.180136
42.475801
0 -111.182508
42.475973
0 -111.186173
42.478241
0 -111.18921
42.479505
0 -111.19103
42.478873
0 -111.19466
42.478795
0 -111.19696
42.480426
0 -111.198444
42.47982
0 -111.200923
42.480918
0 -111.20931
42.479198
0 -111.221305
42.479382
0 -111.229658
42.477661
0 -111.231512
42.479165
0 -111.234734
42.478378
0 -111.236611
42.480995
0 -111.23732
42.483127
0 -111.240556
42.484776
0 -111.243429
42.487846
0 -111.244909
42.49186
0 -111.2463
42.492714
0 -111.248879
42.495657
0 -111.249161
42.498541
0 -111.248667
42.503217
0 -111.245756
42.503953
0 -111.241701
42.506867
0 -111.236558
42.507872
0 -111.237045
42.510216
0 -111.236009
42.516326
0 -111.236525
42.518622
0 -111.234398
42.520967
0 -111.231657
42.525722
0 -111.232329
42.527799
0 -111.229517
42.535769
0 -111.228169
42.53808
0 -111.228483
42.539051
0 -111.227456
42.541395
0 -111.227101
42.545849
0 -111.227854
42.549332
0 -111.227236
42.552212
0 -111.225734
42.556599
0 -111.226643
42.557671
0 -111.224874
42.56112
0 -111.225963
42.562828
0 -111.224526
42.565707
0 -111.223453
42.569121
0 -111.221713
42.572406
0 -111.230146
42.574244
0 -111.231593
42.575531
0 -111.231885
42.576902
0 -111.230876
42.580478
0 -111.234735
42.579808
0 -111.235396
42.580188
0 -111.237116
42.580612
0 -111.24103
42.585267
0 -111.239077
42.589522
0 -111.242818
42.591897
0 -111.241249
42.599198
0 -111.241365
42.602078
0 -111.24521
42.603047
0 -111.246912
42.603081
0 -111.248625
42.601206
0 -111.248312
42.600168
0 -111.249474
42.598158
0 -111.249531
42.596584
0 -111.251981
42.594041
0 -111.253509
42.58859
0 -111.256417
42.586713
0 -111.258919
42.584535
0 -111.262509
42.582055
0 -111.262926
42.580517
0 -111.264701
42.578709
0 -111.264261
42.576704
0 -111.262104
42.574536
0 -111.265145
42.572825
0 -111.266014
42.571219
0 -111.268514
42.569309
0 -111.271111
42.566262
0 -111.274126
42.561343
0 -111.278255
42.559162
0 -111.278896
42.557891
0 -111.278773
42.555585
0 -111.280054
42.553042
0 -111.28123
42.553006
0 -111.286916
42.555166
0 -111.290936
42.556026
0 -111.296078
42.558388
0 -111.296888
42.55961
0 -111.300048
42.560016
0 -111.301363
42.559579
0 -111.305386
42.55997
0 -111.308772
42.561099
0 -111.310673
42.560693
0 -111.31352
42.56122
0 -111.318139
42.560039
0 -111.319625
42.561172
0 -111.321524
42.561401
0 -111.323508
42.562666
0 -111.327844
42.563825
0 -111.331264
42.567058
0 -111.336377
42.566644
0 -111.338623
42.56988
0 -111.342416
42.571374
0 -111.341349
42.576624
0 -111.339518
42.580907
0 -111.338608
42.581979
0 -111.339955
42.583914
0 -111.340441
42.586252
0 -111.349498
42.585666
0 -111.354604
42.58618
0 -111.35663
42.588213
0 -111.35935
42.587035
0 -111.363372
42.588462
0 -111.367808
42.593862
0 -111.36749
42.596707
0 -111.368101
42.598713
0 -111.368066
42.590405
0 -111.46634
42.590327
0 -111.574723
42.590465
0 -111.603164
42.590747
0 -111.604078
42.590602
0 -111.605516
42.587427
0 -111.608462
42.585666
0 -111.610735
42.58495
0 -111.615969
42.583916
0 -111.617216
42.581024
0 -111.616642
42.578375
0 -111.617495
42.577095
0 -111.619129
42.576382
0 -111.623924
42.577196
0 -111.627845
42.575565
0 -111.628666
42.573456
0 -111.632139
42.571802
0 -111.634422
42.57027
0 -111.633853
42.566432
0 -111.632621
42.565169
0 -111.634483
42.56235
0 