-93.738273
30.403963
0 -93.741679
30.402975
0 -93.675644
30.402779
0 -93.67031
30.402567
0 -93.526051
30.402402
0 -93.525013
30.402234
0 -93.51714
30.402349
0 -93.515352
30.402644
0 -93.486116
30.4025
0 -93.486118
30.415543
0 -93.486179
30.421357
0 -93.486334
30.475455
0 -93.486384
30.490523
0 -93.436157
30.490314
0 -93.399466
30.490258
0 -93.384673
30.490109
0 -93.384422
30.460728
0 -93.384284
30.460114
0 -93.385189
30.406553
0 -93.38515
30.40263
0 -93.283072
30.403058
0 -93.232872
30.403152
0 -93.139642
30.402839
0 -93.139448
30.403043
0 -93.131109
30.403057
0 -93.131155
30.423612
0 -93.131163
30.485524
0 -93.130809
30.56429
0 -93.130788
30.570849
0 -93.130985
30.588602
0 -93.130837
30.59406
0 -93.130294
30.597886
0 -93.104776
30.597658
0 -93.046881
30.598335
0 -93.041458
30.59801
0 -93.029678
30.597821
0 -93.02976
30.598767
0 -93.000115
30.598727
0 -92.97917
30.59834
0 -92.978717
30.626973
0 -92.977146
30.751571
0 -92.976749
30.832548
0 -92.977832
30.832544
0 -92.97851
30.875171
0 -92.978453
30.878175
0 -93.069231
30.878246
0 -93.133715
30.878121
0 -93.133698
30.882537
0 -93.155348
30.882727
0 -93.204954
30.883164
0 -93.210766
30.883263
0 -93.217575
30.883186
0 -93.218437
30.883209
0 -93.23547
30.883035
0 -93.247055
30.883089
0 -93.276031
30.883068
0 -93.280164
30.882841
0 -93.282663
30.882853
0 -93.283038
30.88284
0 -93.284569
30.882857
0 -93.292628
30.882814
0 -93.295587
30.882851
0 -93.296769
30.882838
0 -93.300812
30.882883
0 -93.301979
30.882991
0 -93.305234
30.882961
0 -93.318716
30.882885
0 -93.353589
30.882961
0 -93.386798
30.88307
0 -93.421176
30.883066
0 -93.422023
30.882672
0 -93.424474
30.883474
0 -93.424095
30.881803
0 -93.426486
30.882698
0 -93.426795
30.881647
0 -93.429295
30.881932
0 -93.429485
30.880405
0 -93.431911
30.880566
0 -93.432715
30.879735
0 -93.435652
30.881816
0 -93.43763
30.879548
0 -93.440224
30.878409
0 -93.440175
30.877143
0 -93.443397
30.875145
0 -93.441636
30.87408
0 -93.442038
30.873264
0 -93.445146
30.873137
0 -93.444497
30.872014
0 -93.445987
30.871616
0 -93.446684
30.872752
0 -93.448817
30.872203
0 -93.450452
30.872522
0 -93.451451
30.87115
0 -93.454875
30.869242
0 -93.4568
30.87027
0 -93.457939
30.868685
0 -93.458531
30.866441
0 -93.460761
30.866583
0 -93.461997
30.866505
0 -93.462557
30.86899
0 -93.463964
30.867311
0 -93.466423
30.86577
0 -93.466642
30.863914
0 -93.470953
30.862682
0 -93.471341
30.863973
0 -93.473042
30.863562
0 -93.474733
30.860997
0 -93.478425
30.859362
0 -93.481958
30.861198
0 -93.482348
30.862691
0 -93.484438
30.863747
0 -93.486198
30.86331
0 -93.488258
30.864138
0 -93.490411
30.866056
0 -93.493231
30.86602
0 -93.494105
30.864648
0 -93.495633
30.865847
0 -93.498525
30.865794
0 -93.500344
30.865026
0 -93.50097
30.868623
0 -93.501971
30.867752
0 -93.503255
30.869545
0 -93.506247
30.867524
0 -93.507294
30.868609
0 -93.509635
30.868526
0 -93.510049
30.870269
0 -93.512157
30.87008
0 -93.512463
30.871677
0 -93.514285
30.873486
0 -93.516402
30.873592
0 -93.517136
30.875629
0 -93.519596
30.875845
0 -93.520273
30.874216
0 -93.52125
30.874699
0 -93.5208
30.876748
0 -93.523157
30.875768
0 -93.522812
30.879563
0 -93.523993
30.879838
0 -93.52596
30.877935
0 -93.528324
30.879634
0 -93.530308
30.880222
0 -93.530821
30.878286
0 -93.531688
30.879588
0 -93.534057
30.880121
0 -93.535949
30.879619
0 -93.536235
30.880714
0 -93.537639
30.881127
0 -93.540392
30.880439
0 -93.541337
30.878919
0 -93.543939
30.879827
0 -93.544589
30.879067
0 -93.544166
30.876925
0 -93.545135
30.876437
0 -93.546561
30.877414
0 -93.54809
30.876924
0 -93.549573
30.878079
0 -93.551553
30.877941
0 -93.550891
30.876526
0 -93.551598
30.87591
0 -93.552915
30.877436
0 -93.554597
30.877461
0 -93.554454
30.875414
0 -93.556049
30.874367
0 -93.554791
30.872194
0 -93.556556
30.869763
0 -93.5587701152988
30.8687666728907
0 -93.558455
30.867775
0 -93.561545
30.861379
0 -93.561911
30.858332
0 -93.559653
30.855608
0 -93.55792
30.854299
0 -93.557314
30.852081
0 -93.564101
30.846744
0 -93.568482
30.845125
0 -93.56797
30.843026
0 -93.563494
30.842049
0 -93.558172
30.839974
0 -93.553626
30.83514
0 -93.553104
30.833111
0 -93.55716
30.828761
0 -93.556179
30.826387
0 -93.554057
30.824941
0 -93.554645
30.823249
0 -93.557842
30.821015
0 -93.561912
30.819459
0 -93.564164
30.817541
0 -93.563763
30.813606
0 -93.560707
30.809639
0 -93.561349
30.807577
0 -93.563243
30.806218
0 -93.569303
30.802969
0 -93.574677
30.801373
0 -93.578395
30.802047
0 -93.582229
30.803117
0 -93.583775
30.801779
0 -93.584265
30.796663
0 -93.5837729089926
30.7955760134573
0 -93.583188
30.794284
0 -93.581388
30.791627
0 -93.581921
30.788979
0 -93.583693
30.787762
0 -93.58716
30.787859
0 -93.588939
30.78755
0 -93.589381
30.786676
0 -93.586956
30.782895
0 -93.58445
30.781164
0 -93.583354
30.779408
0 -93.583165
30.778596
0 -93.58387
30.777048
0 -93.587143
30.776815
0 -93.589896
30.77776
0 -93.591731
30.776664
0 -93.592714
30.775095
0 -93.593505
30.772275
0 -93.59156
30.767228
0 -93.592101
30.763675
0 -93.600811
30.762193
0 -93.604969
30.761984
0 -93.606316
30.761042
0 -93.606241
30.759397
0 -93.606785
30.758157
0 -93.609178
30.75726
0 -93.610065
30.757529
0 -93.611015
30.75898
0 -93.61162
30.760031
0 -93.613474
30.76085
0 -93.614448
30.75987
0 -93.614575
30.758159
0 -93.614777
30.756064
0 -93.612368
30.753896
0 -93.610354
30.750591
0 -93.608344
30.747835
0 -93.6085402813144
30.7471363105506
0 -93.6086540237156
30.7467314293428
0 -93.608998
30.745507
0 -93.609946
30.744649
0 -93.614888
30.744321
0 -93.617753
30.743252
0 -93.61913
30.741997
0 -93.618981
30.740265
0 -93.617688
30.738479
0 -93.61282
30.736707
0 -93.610645
30.734279
0 -93.609719
30.729182
0 -93.609544
30.723139
0 -93.611192
30.718053
0 -93.612809
30.71657
0 -93.614771
30.719864
0 -93.616178
30.718775
0 -93.617229
30.71858
0 -93.616184
30.71398
0 -93.616437
30.712388
0 -93.619655
30.708939
0 -93.620774
30.704122
0 -93.621809
30.702762
0 -93.624466
30.701083
0 -93.624587
30.699543
0 -93.623804
30.69797
0 -93.62282
30.69711
0 -93.621224
30.696243
0 -93.620379
30.695046
0 -93.620434
30.694238
0 -93.625377
30.689711
0 -93.626647
30.688357
0 -93.627228
30.687412
0 -93.627709
30.683731
0 -93.629904
30.67994
0 -93.63616
30.676115
0 -93.638213
30.673058
0 -93.645364
30.673394
0 -93.646623
30.671435
0 -93.646847
30.668727
0 -93.648252
30.667781
0 -93.65319
30.670386
0 -93.654971
30.670184
0 -93.659745
30.662052
0 -93.661251
30.661203
0 -93.66456
30.661725
0 -93.667657
30.660506
0 -93.670354
30.658034
0 -93.6705045501743
30.6567140600995
0 -93.670569
30.656149
0 -93.670111
30.653839
0 -93.670536
30.652626
0 -93.673838
30.651297
0 -93.674134
30.648686
0 -93.6786
30.64419
0 -93.681086
30.643108
0 -93.6831
30.640763
0 -93.682868
30.639346
0 -93.680661
30.636499
0 -93.6804709882619
30.635246158377
0 -93.680415
30.634877
0 -93.681763
30.633033
0 -93.683819
30.632578
0 -93.684715
30.63081
0 -93.683887
30.6286
0 -93.685121
30.625201
0 -93.6821792174281
30.6208534509935
0 -93.681959
30.620528
0 -93.681983
30.618584
0 -93.685702
30.616418
0 -93.686905
30.613757
0 -93.689134
30.611406
0 -93.688658
30.610526
0 -93.68742
30.609742
0 -93.684396
30.609181
0 -93.683397
30.608041
0 -93.682524
30.604264
0 -93.679235
30.599765
0 -93.678662
30.594097
0 -93.679609
30.593402
0 -93.682829
30.593681
0 -93.685066
30.592086
0 -93.685117
30.586614
0 -93.68811
30.585658
0 -93.692222
30.585706
0 -93.691751
30.587959
0 -93.68937
30.589119
0 -93.687804
30.590138
0 -93.689534
30.592759
0 -93.692869
30.594382
0 -93.700828
30.591983
0 -93.703297
30.588773
0 -93.706034
30.588035
0 -93.709985
30.588875
0 -93.712454
30.588479
0 -93.7136
30.587406
0 -93.714032
30.580284
0 -93.716821
30.57786
0 -93.717911
30.577767
0 -93.720477
30.58036
0 -93.721936
30.580324
0 -93.727844
30.57407
0 -93.728184
30.57287
0 -93.726194
30.569866
0 -93.726423
30.568105
0 -93.727746
30.566487
0 -93.724799
30.562771
0 -93.723945
30.559224
0 -93.725958
30.556652
0 -93.731068
30.553336
0 -93.731379
30.551375
0 -93.728763
30.546438
0 -93.729179
30.544851
0 -93.734801
30.541731
0 -93.739101
30.540827
0 -93.740253
30.539569
0 -93.739494
30.538038
0 -93.736592
30.537196
0 -93.73285
30.536633
0 -93.732209
30.535805
0 -93.733778
30.531396
0 -93.731834
30.529144
0 -93.727721
30.525671
0 -93.725879
30.525054
0 -93.720484
30.524328
0 -93.719034
30.521062
0 -93.716473
30.519231
0 -93.714322
30.518562
0 -93.71082
30.517725
0 -93.710604
30.515922
0 -93.710346
30.513166
0 -93.711551
30.511962
0 -93.711705
30.510754
0 -93.709521
30.510697
0 -93.707254
30.511389
0 -93.706507
30.50991
0 -93.706809
30.507069
0 -93.709726
30.506511
0 -93.715145
30.501268
0 -93.714124
30.499997
0 -93.708536
30.500397
0 -93.708669
30.499124
0 -93.710395
30.497411
0 -93.714495
30.497701
0 -93.716678
30.494006
0 -93.7148871408408
30.4915696208193
0 -93.711995
30.487635
0 -93.710247
30.486253
0 -93.709478
30.484015
0 -93.709763
30.482649
0 -93.711727
30.482299
0 -93.713178
30.483398
0 -93.71483
30.485235
0 -93.716096
30.485093
0 -93.717421
30.483822
0 -93.716765
30.481941
0 -93.713327
30.479009
0 -93.710519
30.475498
0 -93.71124
30.472734
0 -93.712226
30.470627
0 -93.711854
30.469437
0 -93.706377
30.466904
0 -93.702396
30.461735
0 -93.699036
30.458805
0 -93.699447
30.457913
0 -93.706339
30.458141
0 -93.706936
30.455341
0 -93.702103
30.449759
0 -93.703802
30.447756
0 -93.70744
30.445933
0 -93.706945
30.443994
0 -93.704633
30.443118
0 -93.700836
30.444915
0 -93.698306
30.444928
0 -93.697828
30.443838
0 -93.6978
30.440583
0 -93.699277
30.437376
0 -93.702023
30.436307
0 -93.704154
30.434353
0 -93.702368
30.430922
0 -93.702665
30.429947
0 -93.704678
30.429477
0 -93.708255
30.430252
0 -93.711254
30.433149
0 -93.712747
30.433175
0 -93.714039
30.429729
0 -93.716472
30.428442
0 -93.716369
30.424755
0 -93.717062
30.423114
0 -93.719178
30.422722
0 -93.719799
30.426803
0 -93.722953
30.432097
0 -93.726824
30.429675
0 -93.726834
30.423642
0 -93.722314
30.420729
0 -93.722749
30.419557
0 -93.72671
30.419392
0 -93.727548
30.41872
0 -93.727871
30.4177
0 -93.727551
30.416526
0 -93.728023
30.414675
0 -93.728721
30.413547
0 -93.730608
30.41333
0 -93.731988
30.413878
0 -93.732988
30.415128
0 -93.733917
30.414935
0 -93.734882
30.41283
0 -93.734806
30.409201
0 -93.734892
30.408339
0 -93.735626
30.406856
0 -93.738273
30.403963
0 