-80.519086
40.592271
0 -80.519086
40.590161
0 -80.519055
40.590173
0 -80.5190558459397
40.5596130052828
0 -80.5190569826715
40.5185479989199
0 -80.519057
40.517922
0 -80.519054
40.517922
0 -80.5189953454551
40.4773632987013
0 -80.466802
40.477341
0 -80.448114
40.477717
0 -80.437119
40.477772
0 -80.396022
40.477368
0 -80.393513
40.477286
0 -80.361865
40.477571
0 -80.360873
40.477539
0 -80.360782
40.477604
0 -80.342272
40.49089
0 -80.278026
40.536736
0 -80.275125
40.538767
0 -80.274218
40.539521
0 -80.272578
40.541045
0 -80.263694
40.547257
0 -80.251491
40.556059
0 -80.233369
40.569578
0 -80.228579
40.573072
0 -80.22436
40.575234
0 -80.224142
40.577117
0 -80.220229
40.579885
0 -80.219175
40.579453
0 -80.218756
40.582027
0 -80.218002
40.581804
0 -80.214231
40.580883
0 -80.211832
40.582484
0 -80.21082
40.585417
0 -80.208529
40.586722
0 -80.207978
40.588038
0 -80.206793
40.588225
0 -80.204181
40.58866
0 -80.201826
40.591194
0 -80.199098
40.59239
0 -80.195357
40.595975
0 -80.194897
40.596772
0 -80.193143
40.596865
0 -80.190158
40.596275
0 -80.186331
40.596293
0 -80.184753
40.596856
0 -80.184734
40.597715
0 -80.188547
40.599473
0 -80.188384
40.600105
0 -80.183973
40.601328
0 -80.184725
40.602849
0 -80.184151
40.604439
0 -80.182423
40.605545
0 -80.180441
40.607639
0 -80.180333
40.609233
0 -80.177753
40.609254
0 -80.176221
40.6083
0 -80.173344
40.607792
0 -80.171834
40.6082
0 -80.169972
40.607723
0 -80.169081
40.606363
0 -80.165121
40.606542
0 -80.160343
40.609581
0 -80.158602
40.609172
0 -80.155061
40.608069
0 -80.152061
40.60948
0 -80.150696
40.611884
0 -80.148203
40.611626
0 -80.145383
40.613408
0 -80.144907
40.614771
0 -80.146317
40.638786
0 -80.146708
40.642093
0 -80.146629
40.64314
0 -80.148677
40.673848
0 -80.148451
40.67429
0 -80.148699
40.67491
0 -80.14905
40.681023
0 -80.149806
40.692933
0 -80.149949
40.696093
0 -80.151062
40.713138
0 -80.151505
40.722816
0 -80.152562
40.744099
0 -80.154278
40.771521
0 -80.154487
40.772674
0 -80.154411
40.776173
0 -80.154784
40.782039
0 -80.155014
40.787281
0 -80.155128
40.788161
0 -80.155115
40.788314
0 -80.156003
40.800371
0 -80.156563
40.810781
0 -80.15687
40.815616
0 -80.156589
40.817528
0 -80.156749
40.818236
0 -80.156679
40.819593
0 -80.158534
40.855157
0 -80.21184
40.854379
0 -80.239399
40.854112
0 -80.251882
40.853973
0 -80.263707
40.85403
0 -80.271436
40.853843
0 -80.271826
40.853835
0 -80.276568
40.853725
0 -80.282273
40.853792
0 -80.288809
40.853675
0 -80.29823
40.853442
0 -80.298655
40.853494
0 -80.322405
40.853231
0 -80.322579
40.853151
0 -80.365504
40.852656
0 -80.395974
40.852494
0 -80.407434
40.852362
0 -80.408512
40.852361
0 -80.416635
40.852174
0 -80.422539
40.85227
0 -80.445654
40.852065
0 -80.466137
40.851873
0 -80.5190191701796
40.8513393981028
0 -80.5190199803735
40.8501029521531
0 -80.51902
40.850073
0 -80.5190205031659
40.850065444263
0 -80.519081
40.849157
0 -80.5190556105642
40.835482078702
0 -80.5190136264935
40.8128691752178
0 -80.518992
40.801221
0 -80.519058
40.792298
0 -80.5190579734581
40.7922371925325
0 -80.5190567542539
40.7894439957424
0 -80.5190542954886
40.7838109643685
0 -80.5190503631613
40.7748020024604
0 -80.5190324404058
40.7337409696899
0 -80.5190289838498
40.725822
0 -80.5190252437282
40.717253381264
0 -80.5190127188907
40.6885589787347
0 -80.5190063759395
40.674027277351
0 -80.5190040805793
40.6687686072408
0 -80.5189976728611
40.6540885247747
0 -80.5189956034644
40.6493475369242
0 -80.5189928518136
40.6430435050571
0 -80.518991
40.638801
0 -80.5189939001297
40.637447001928
0 -80.519039
40.616391
0 -80.519086
40.616385
0 -80.519086
40.592271
0 