-113.937522
45.696949
0 -113.938062750973
45.6954747636418
0 -113.935505
45.694647
0 -113.934255
45.691608
0 -113.93422
45.682232
0 -113.930403
45.671878
0 -113.919752
45.658536
0 -113.903582
45.651165
0 -113.900588
45.648259
0 -113.895311
45.644209
0 -113.895557
45.642486
0 -113.898671
45.640928
0 -113.901033
45.63886
0 -113.901958
45.635565
0 -113.901266
45.631412
0 -113.900055
45.629855
0 -113.899363
45.628125
0 -113.901785
45.627086
0 -113.904035
45.625529
0 -113.90503
45.623144
0 -113.90317
45.621377
0 -113.899536
45.621896
0 -113.896422
45.621031
0 -113.893134
45.619992
0 -113.889501
45.617916
0 -113.886006
45.61702
0 -113.88033
45.617916
0 -113.874621
45.620339
0 -113.868219
45.622242
0 -113.861404
45.62366
0 -113.857664
45.621377
0 -113.85455
45.621377
0 -113.850397
45.620512
0 -113.847975
45.6193
0 -113.847802
45.617224
0 -113.845899
45.615148
0 -113.843822
45.613764
0 -113.842784
45.612552
0 -113.840362
45.611341
0 -113.837594
45.609957
0 -113.835171
45.61013
0 -113.831884
45.610649
0 -113.8286
45.612387
0 -113.825136
45.613418
0 -113.823068
45.612486
0 -113.806729
45.602146
0 -113.802955
45.592631
0 -113.801605
45.589367
0 -113.79849
45.586945
0 -113.797971
45.585388
0 -113.797279
45.583138
0 -113.796933
45.581408
0 -113.799009
45.580716
0 -113.802124
45.579851
0 -113.804892
45.578813
0 -113.80766
45.578121
0 -113.811794
45.574127
0 -113.815793
45.570162
0 -113.819868
45.566326
0 -113.82081
45.565663
0 -113.819253
45.564106
0 -113.817177
45.560818
0 -113.817177
45.557012
0 -113.818388
45.553724
0 -113.819426
45.55061
0 -113.821156
45.546976
0 -113.823579
45.545592
0 -113.825655
45.542824
0 -113.82825
45.539709
0 -113.829288
45.535557
0 -113.827385
45.533308
0 -113.828769
45.530885
0 -113.831711
45.526733
0 -113.834306
45.523272
0 -113.834555
45.520729
0 -113.832922
45.519812
0 -113.828077
45.519985
0 -113.82081
45.522061
0 -113.814581
45.521196
0 -113.809144
45.519908
0 -113.802849
45.523159
0 -113.796579
45.523462
0 -113.786818
45.523318
0 -113.774766
45.522666
0 -113.768903
45.521689
0 -113.766297
45.520386
0 -113.766623
45.517129
0 -113.770206
45.514523
0 -113.771835
45.510614
0 -113.770206
45.505728
0 -113.7676
45.500191
0 -113.764669
45.497911
0 -113.763366
45.489116
0 -113.759986
45.480735
0 -113.76397394528
45.4767680850173
0 -113.766623
45.474133
0 -113.772812
45.473156
0 -113.775743
45.47055
0 -113.775743
45.46599
0 -113.774766
45.462407
0 -113.780304
45.458824
0 -113.78416
45.454946
0 -113.783272
45.451839
0 -113.777698
45.448075
0 -113.774115
45.445143
0 -113.773789
45.43928
0 -113.775418
45.436023
0 -113.775743
45.433417
0 -113.771183
45.431788
0 -113.764591
45.431403
0 -113.760434
45.426902
0 -113.76076
45.424622
0 -113.765646
45.422017
0 -113.771835
45.420388
0 -113.775743
45.417131
0 -113.776721
45.413873
0 -113.775092
45.409313
0 -113.772812
45.406707
0 -113.766625
45.4066
0 -113.760924
45.406501
0 -113.750546
45.40272
0 -113.734402
45.392353
0 -113.733092
45.390173
0 -113.73239
45.385058
0 -113.734702
45.372506
0 -113.737959
45.368272
0 -113.736746
45.36517
0 -113.732157
45.363242
0 -113.729803
45.357862
0 -113.730475
45.3545
0 -113.733502
45.352146
0 -113.735855
45.34912
0 -113.7402
45.34559
0 -113.740563
45.341722
0 -113.738729
45.329741
0 -113.735601
45.325265
0 -113.729453
45.321985
0 -113.721736
45.317208
0 -113.717693
45.312063
0 -113.713651
45.303611
0 -113.705934
45.298466
0 -113.700054
45.291851
0 -113.693439
45.287809
0 -113.688662
45.286706
0 -113.684252
45.281929
0 -113.679842
45.277519
0 -113.680577
45.273844
0 -113.68609
45.273477
0 -113.689765
45.273109
0 -113.691272388056
45.2717898431168
0 -113.692704
45.270537
0 -113.692039
45.265191
0 -113.684946
45.253706
0 -113.678749
45.24927
0 -113.665633
45.246265
0 -113.650064
45.23471
0 -113.647399
45.228282
0 -113.640522
45.216149
0 -113.636889
45.212983
0 -113.61737
45.200348
0 -113.599506
45.191114
0 -113.594219
45.186016
0 -113.590911
45.181606
0 -113.589891
45.176986
0 -113.592381
45.170949
0 -113.593484
45.166539
0 -113.592381
45.160659
0 -113.58968
45.15536
0 -113.585527142254
45.151681595088
0 -113.585216
45.151406
0 -113.578827
45.147707
0 -113.573447
45.149389
0 -113.569413
45.149389
0 -113.566607
45.149293
0 -113.565123
45.146112
0 -113.566051
45.143655
0 -113.566085325461
45.1436225762107
0 -113.57217
45.137875
0 -113.575938
45.13445
0 -113.576786
45.132117
0 -113.57467
45.128411
0 -113.558653
45.114419
0 -113.554744
45.112901
0 -113.546488
45.112285
0 -113.538037
45.11503
0 -113.527381
45.114419
0 -113.518975
45.115091
0 -113.512923
45.115091
0 -113.510478470118
45.1133986761784
0 -113.508552
45.112065
0 -113.506638
45.107288
0 -113.510819
45.099902
0 -113.516312
45.095982
0 -113.519674825693
45.0932007635698
0 -113.520001
45.092931
0 -113.513372
45.088265
0 -113.505287
45.082753
0 -113.49757
45.08018
0 -113.491323
45.077608
0 -113.487281
45.073565
0 -113.487281
45.067686
0 -113.484708
45.064011
0 -113.479196
45.062541
0 -113.47377
45.0617
0 -113.465073
45.062755
0 -113.459523
45.063838
0 -113.455494
45.061929
0 -113.45197
45.059247
0 -113.450193
45.052811
0 -113.450405
45.046238
0 -113.452101
45.042845
0 -113.454222
45.040512
0 -113.453162
45.03712
0 -113.449909
45.035167
0 -113.4468
45.033303
0 -113.446588
45.029486
0 -113.447012
45.025881
0 -113.448072
45.02164
0 -113.445952
45.018459
0 -113.443195
45.014006
0 -113.437894
45.009977
0 -113.437726
45.006967
0 -113.439166
45.004464
0 -113.445104
45.000859
0 -113.446588
44.998315
0 -113.446164
44.994074
0 -113.447013
44.984637
0 -113.444862
44.976141
0 -113.444745757119
44.974391867535
0 -113.443782
44.95989
0 -113.448958
44.953544
0 -113.452737
44.951452
0 -113.467467
44.948061
0 -113.474781
44.948795
0 -113.480836
44.95031
0 -113.491754
44.949968
0 -113.494446
44.948597
0 -113.497904
44.946151
0 -113.497904
44.942122
0 -113.495783
44.935336
0 -113.491121
44.927548
0 -113.488998
44.922825
0 -113.483484
44.919009
0 -113.475851
44.911587
0 -113.473094
44.910527
0 -113.47161
44.90883
0 -113.472246
44.907134
0 -113.473942
44.904377
0 -113.475215
44.901409
0 -113.477108
44.898112
0 -113.477396
44.895521
0 -113.475003
44.893563
0 -113.472588
44.891993
0 -113.468005
44.890594
0 -113.46546
44.888898
0 -113.462492
44.886777
0 -113.46228
44.883384
0 -113.461643
44.879992
0 -113.460239
44.877442
0 -113.457615
44.87469
0 -113.456342
44.868541
0 -113.454858
44.865572
0 -113.452525
44.863876
0 -113.449473
44.862992
0 -113.445443
44.861553
0 -113.44314
44.860977
0 -113.441701
44.857811
0 -113.439398
44.855508
0 -113.43508
44.854644
0 -113.431338
44.855508
0 -113.428171
44.853205
0 -113.425868
44.848023
0 -113.423568
44.844059
0 -113.422513
44.842377
0 -113.422611
44.841025
0 -113.422183
44.839904
0 -113.422216
44.838354
0 -113.422249
44.837662
0 -113.421589
44.837464
0 -113.420798
44.837695
0 -113.419479
44.838025
0 -113.418424
44.838618
0 -113.416081
44.839388
0 -113.411475
44.840251
0 -113.406869
44.839675
0 -113.399385
44.837948
0 -113.393628
44.837085
0 -113.390461
44.83766
0 -113.383984
44.8374
0 -113.377153
44.834858
0 -113.356062
44.819798
0 -113.3461
44.800611
0 -113.346692
44.798898
0 -113.354763
44.795468
0 -113.354932
44.793339
0 -113.354034
44.791745
0 -113.352391
44.789781
0 -113.343749
44.785079
0 -113.341704
44.784853
0 -113.336505
44.785841
0 -113.304224
44.797279
0 -113.301508
44.798985
0 -113.29683
44.803358
0 -113.278382
44.812706
0 -113.247166
44.82295
0 -113.238729
44.814144
0 -113.209624
44.80907
0 -113.19436
44.802151
0 -113.183395
44.793565
0 -113.179366
44.787142
0 -113.163806
44.778921
0 -113.158206
44.780847
0 -113.140618
44.776698
0 -113.131453
44.772837
0 -113.131387
44.764738
0 -113.137704
44.760109
0 -113.134824
44.752763
0 -113.130416
44.749922
0 -113.124624
44.749225
0 -113.121018
44.746617
0 -113.116873
44.738112
0 -113.117765
44.733292
0 -113.116625
44.731971
0 -113.112133
44.732966
0 -113.102138
44.729027
0 -113.101154
44.708578
0 -113.098064
44.697477
0 -113.080086
44.688426
0 -113.082616
44.683166
0 -113.06776
44.679474
0 -113.071086
44.671832
0 -113.07042
44.667844
0 -113.068306
44.656374
0 -113.066281647829
44.6511562825715
0 -113.065589
44.649371
0 -113.058942692694
44.6435098865421
0 -113.051504
44.63695
0 -113.049349
44.62938
0 -113.053529
44.621187
0 -113.055702
44.618681
0 -113.060023
44.618118
0 -113.065593
44.617391
0 -113.071114
44.615397
0 -113.074398
44.613376
0 -113.07844
44.607312
0 -113.083819
44.60222
0 -113.08703
44.599985
0 -113.085767
44.597206
0 -113.082483
44.59569
0 -113.076672
44.593417
0 -113.070356
44.590132
0 -113.065303
44.586595
0 -113.064545
44.583058
0 -113.064039
44.579268
0 -113.061071
44.577329
0 -113.053934
44.572952
0 -113.043575
44.568657
0 -113.037512
44.564362
0 -113.036754
44.560825
0 -113.038522
44.558551
0 -113.042312
44.55653
0 -113.044838
44.555014
0 -113.046102
44.550972
0 -113.047112
44.546677
0 -113.044586
44.542635
0 -113.037006
44.538845
0 -113.032722
44.537137
0 -113.026143
44.535561
0 -113.022858
44.53455
0 -113.020079
44.531771
0 -113.014016
44.528487
0 -113.007194
44.52596
0 -113.005931
44.52217
0 -113.005453
44.519312
0 -113.008457
44.516865
0 -113.011237
44.515854
0 -113.014268
44.513075
0 -113.015532
44.508528
0 -113.017047
44.50398
0 -113.023364
44.500443
0 -113.026148
44.497016
0 -113.025637
44.493874
0 -113.018847
44.482415
0 -113.014647
44.480215
0 -113.006846
44.471715
0 -113.008846
44.464315
0 -113.003544
44.450814
0 -112.993767
44.446537
0 -112.986168
44.440324
0 -112.981682
44.434279
0 -112.9642
44.423787
0 -112.959555
44.424208
0 -112.953028
44.424159
0 -112.953457
44.420774
0 -112.951146
44.416699
0 -112.946703
44.415716
0 -112.941336
44.413165
0 -112.937068
44.412616
0 -112.932849
44.412957
0 -112.93057
44.413312
0 -112.927542
44.411329
0 -112.919625
44.409581
0 -112.918373
44.406038
0 -112.915602
44.402699
0 -112.910869
44.401914
0 -112.901228
44.398683
0 -112.896556
44.401084
0 -112.89329
44.404557
0 -112.890373
44.405142
0 -112.888299
44.403763
0 -112.884667
44.402106
0 -112.884325
44.400484
0 -112.886041
44.395874
0 -112.884221
44.393726
0 -112.88423
44.391487
0 -112.881769
44.380315
0 -112.855395
44.359975
0 -112.844859
44.358221
0 -112.820489
44.370946
0 -112.814156133807
44.3771984932188
0 -112.81324
44.378103
0 -112.812608
44.392275
0 -112.821896
44.407436
0 -112.836034
44.422653
0 -112.828191
44.442472
0 -112.797863
44.466112
0 -112.781294
44.484888
0 -112.770282
44.484271
0 -112.764203
44.488164
0 -112.755464
44.488781
0 -112.749011
44.491233
0 -112.745402
44.487954
0 -112.741987
44.488296
0 -112.735084
44.499159
0 -112.71911
44.504344
0 -112.707815
44.503023
0 -112.696936
44.499533
0 -112.692978
44.500354
0 -112.687389
44.498373
0 -112.686748
44.495348
0 -112.686
44.493127
0 -112.680983
44.492191
0 -112.671169
44.491265
0 -112.664485
44.48645
0 -112.660696
44.485756
0 -112.659075
44.485901
0 -112.657385
44.487042
0 -112.649229
44.488122
0 -112.643471
44.490072
0 -112.640546
44.490753
0 -112.632699
44.491227
0 -112.629359
44.489067
0 -112.628695
44.485054
0 -112.62854
44.483039
0 -112.624313
44.483304
0 -112.621176
44.485275
0 -112.619361
44.487071
0 -112.601863
44.491015
0 -112.584197
44.481368
0 -112.573513
44.480983
0 -112.550557
44.484928
0 -112.541989
44.483971
0 -112.518871
44.475784
0 -112.512036
44.47042
0 -112.511713
44.466445
0 -112.50031
44.463051
0 -112.493796
44.466538
0 -112.48392
44.473649
0 -112.478389
44.477994
0 -112.473207
44.480027
0 -112.466538
44.477994
0 -112.460347
44.47571
0 -112.454291
44.471674
0 -112.451526
44.467723
0 -112.447029
44.465839
0 -112.436909
44.461402
0 -112.433354
44.457452
0 -112.429008
44.455477
0 -112.417552
44.453896
0 -112.409256
44.457057
0 -112.402145
44.455872
0 -112.397405
44.452316
0 -112.392269
44.449551
0 -112.387389
44.448058
0 -112.382788
44.450736
0 -112.375663
44.459077
0 -112.368764
44.467153
0 -112.363431
44.47997
0 -112.358926
44.48628
0 -112.3566
44.493127
0 -112.358917
44.528847
0 -112.35421
44.535638
0 -112.348794
44.538691
0 -112.319198
44.53911
0 -112.315008
44.5419
0 -112.315047
44.550049
0 -112.312899
44.553536
0 -112.309643321899
44.5560844335904
0 -112.307642
44.557651
0 -112.304368
44.559109
0 -112.298204
44.558936
0 -112.297272
44.560663
0 -112.292825
44.561681
0 -112.290934
44.565811
0 -112.286187
44.568472
0 -112.277541
44.566474
0 -112.272432
44.56617
0 -112.266285
44.565859
0 -112.259697
44.568281
0 -112.258665
44.569516
0 -112.256946
44.571301
0 -112.254245
44.569798
0 -112.251463
44.567699
0 -112.247259
44.568561
0 -112.242785
44.568091
0 -112.24057
44.566698
0 -112.234062
44.564819
0 -112.230399
44.56446
0 -112.228894
44.564002
0 -112.230117
44.562759
0 -112.230992
44.560016
0 -112.230395
44.558355
0 -112.22718
44.557311
0 -112.226841
44.555239
0 -112.228873
44.55318
0 -112.229477
44.549494
0 -112.221698
44.543519
0 -112.183937
44.533067
0 -112.179703
44.533021
0 -112.164597
44.541666
0 -112.136454
44.539911
0 -112.129078
44.5363
0 -112.125101
44.528527
0 -112.106755
44.520829
0 -112.101564
44.520847
0 -112.096299
44.523212
0 -112.093304
44.530002
0 -112.069011
44.537104
0 -112.053434
44.535089
0 -112.045532
44.533217
0 -112.039115
44.531612
0 -112.035907
44.529779
0 -112.031782
44.528633
0 -112.030178
44.530696
0 -112.032011
44.534592
0 -112.034133
44.537716
0 -112.035025
44.542691
0 -112.032707
44.546642
0 -112.027199
44.54582
0 -112.020095
44.543529
0 -112.016429
44.541925
0 -112.012304
44.541925
0 -112.010012
44.542612
0 -112.00772
44.541008
0 -112.004971
44.538029
0 -111.999242
44.536425
0 -111.995231
44.535444
0 -111.989617
44.536883
0 -111.981367
44.536654
0 -111.977471
44.536425
0 -111.972888
44.538029
0 -111.970017
44.539646
0 -111.968305
44.54307
0 -111.965326
44.54605
0 -111.962118
44.547883
0 -111.958909
44.548799
0 -111.953639
44.54857
0 -111.951522
44.550062
0 -111.949743
44.554987
0 -111.947941
44.556776
0 -111.942868
44.557737
0 -111.903566
44.55723
0 -111.899182
44.558662
0 -111.89537
44.55963
0 -111.894564
44.562778
0 -111.89173
44.564561
0 -111.889789
44.565112
0 -111.887852
44.563413
0 -111.883236
44.562156
0 -111.881057
44.560891
0 -111.870504
44.564033
0 -111.869216
44.565295
0 -111.866126
44.562811
0 -111.86736
44.559535
0 -111.865189
44.557968
0 -111.864584
44.552927
0 -111.863585
44.551339
0 -111.857213
44.549054
0 -111.856303
44.547735
0 -111.856246
44.545855
0 -111.851812
44.542751
0 -111.849293
44.539837
0 -111.846425
44.532231
0 -111.842542
44.526069
0 -111.837054
44.52234
0 -111.831588
44.519476
0 -111.829766
44.514791
0 -111.826122
44.510626
0 -111.821488
44.509286
0 -111.814929
44.509845
0 -111.807914
44.511716
0 -111.806512
44.516264
0 -111.806859
44.519737
0 -111.805818
44.523641
0 -111.800612
44.524943
0 -111.795927
44.525463
0 -111.78994
44.523641
0 -111.783432
44.523641
0 -111.779069
44.524898
0 -111.774842
44.529108
0 -111.769116
44.528847
0 -111.76417
44.528066
0 -111.761904
44.529841
0 -111.758966
44.533766
0 -111.746401
44.540766
0 -111.737191
44.54306
0 -111.720179
44.543945
0 -111.715474
44.543543
0 -111.71211
44.546287
0 -111.711068
44.549671
0 -111.708169
44.553666
0 -111.706643
44.55748
0 -111.704218
44.560205
0 -111.700917
44.561125
0 -111.696231
44.558261
0 -111.690504
44.557741
0 -111.685064
44.560864
0 -111.682435
44.560864
0 -111.679077
44.558522
0 -111.673611
44.556699
0 -111.667112
44.555853
0 -111.661116
44.554096
0 -111.655401
44.553472
0 -111.650965
44.554617
0 -111.64706
44.555138
0 -111.641796
44.554147
0 -111.636673
44.553183
0 -111.628942
44.551727
0 -111.622592
44.551754
0 -111.61734348861
44.5507041632999
0 -111.614783
44.550192
0 -111.606974
44.551754
0 -111.601249
44.55421
0 -111.591768
44.561502
0 -111.585763
44.562843
0 -111.562814
44.555209
0 -111.546637
44.557099
0 -111.54403
44.554176
0 -111.536366
44.550594
0 -111.524006
44.548385
0 -111.518095
44.544177
0 -111.51527
44.537016
0 -111.507962
44.536017
0 -111.500792
44.540062
0 -111.499586
44.542041
0 -111.495348
44.540899
0 -111.490176
44.540884
0 -111.48559
44.541651
0 -111.479665
44.542135
0 -111.471682
44.540824
0 -111.467804
44.53902
0 -111.467422
44.540518
0 -111.463487
44.541396
0 -111.467736
44.54452
0 -111.4676
44.547718
0 -111.469185
44.552043
0 -111.468259
44.55552
0 -111.469318
44.557552
0 -111.475076
44.556835
0 -111.476212
44.554435
0 -111.478653
44.553395
0 -111.480587
44.555715
0 -111.492024
44.56081
0 -111.499346
44.56092
0 -111.500793
44.561578
0 -111.507468
44.562501
0 -111.509143
44.563194
0 -111.510009
44.566096
0 -111.508309
44.568159
0 -111.505701
44.569
0 -111.502969
44.569134
0 -111.501082
44.571161
0 -111.502842
44.574074
0 -111.508835
44.577369
0 -111.518531
44.583284
0 -111.519891
44.589783
0 -111.523048
44.593284
0 -111.524213
44.595585
0 -111.524625
44.597875
0 -111.522495
44.600071
0 -111.519098
44.60238
0 -111.522228
44.603293
0 -111.525764
44.604883
0 -111.521277
44.612862
0 -111.514291
44.621179
0 -111.506727
44.625666
0 -111.504486
44.627539
0 -111.504751
44.630984
0 -111.510051
44.634429
0 -111.516146
44.637874
0 -111.517206
44.641054
0 -111.516588
44.643707
0 -111.513231
44.645823
0 -111.505811
44.647148
0 -111.499408
44.64795
0 -111.494151
44.647413
0 -111.489892
44.650043
0 -111.484611
44.656423
0 -111.475601
44.661988
0 -111.473178
44.665479
0 -111.472652
44.666862
0 -111.473373
44.668071
0 -111.475962
44.668891
0 -111.476539
44.669944
0 -111.476801
44.673832
0 -111.476081
44.67403
0 -111.474961
44.673787
0 -111.474302
44.674364
0 -111.471737
44.67501
0 -111.470412
44.67735
0 -111.468668
44.67874
0 -111.468833
44.679335
0 -111.470545
44.679946
0 -111.47198
44.679994
0 -111.473894
44.681483
0 -111.476133
44.68131
0 -111.477484
44.681557
0 -111.47798
44.682393
0 -111.478728
44.683853
0 -111.480607
44.684789
0 -111.484898
44.687578
0 -111.490228
44.700221
0 -111.489339
44.704946
0 -111.486019
44.707654
0 -111.477049522689
44.7092006007904
0 -111.496756
44.709136
0 -111.500794
44.708711
0 -111.750801
44.708747
0 -111.781713
44.708848
0 -111.781812
44.781129
0 -111.869399
44.780772
0 -111.875808
44.781034
0 -111.893638
44.78101
0 -111.902787
44.780999
0 -111.902965
44.782343
0 -111.911745
44.782356
0 -112.025131
44.782595
0 -112.025169
44.783435
0 -112.06587
44.783752
0 -112.065678
44.825985
0 -112.067459
44.826128
0 -112.146719
44.826143
0 -112.146755
44.826641
0 -112.167103
44.826722
0 -112.166986
44.9126
0 -112.190575
44.912782
0 -112.191954
44.985019
0 -112.191197
45.000439
0 -112.334258
45.000616
0 -112.333813
45.088463
0 -112.456847
45.088574
0 -112.456693
45.115143
0 -112.457392
45.124922
0 -112.457262
45.173924
0 -112.457064
45.248761
0 -112.457242
45.261891
0 -112.457012
45.263341
0 -112.45717
45.334476
0 -112.457744
45.349963
0 -112.464227
45.349951
0 -112.4642
45.372594
0 -112.464334
45.374931
0 -112.46408
45.393531
0 -112.466735
45.39661
0 -112.467463
45.397415
0 -112.500836
45.437387
0 -112.503782
45.441394
0 -112.505346
45.443048
0 -112.510685
45.442932
0 -112.513676
45.442469
0 -112.517643
45.443273
0 -112.5236
45.443821
0 -112.534131
45.444439
0 -112.53891
45.446394
0 -112.54193
45.446102
0 -112.543586
45.445365
0 -112.545914
45.443177
0 -112.548808
45.441915
0 -112.552024
45.441003
0 -112.554154
45.440883
0 -112.563422
45.437332
0 -112.566367
45.43557
0 -112.568895
45.434825
0 -112.577233
45.429838
0 -112.58312
45.430329
0 -112.587406
45.432529
0 -112.589105
45.432092
0 -112.590518
45.430274
0 -112.595666
45.429336
0 -112.59855
45.42943
0 -112.600477
45.430013
0 -112.60195
45.431698
0 -112.603732
45.432176
0 -112.609231
45.437049
0 -112.615469
45.436787
0 -112.616952
45.437516
0 -112.619355
45.439766
0 -112.621279
45.439874
0 -112.623319
45.439047
0 -112.624639
45.440464
0 -112.628141
45.44046
0 -112.628873
45.44117
0 -112.628593
45.4429
0 -112.630692
45.445329
0 -112.634124
45.445745
0 -112.635166
45.446643
0 -112.63461
45.451221
0 -112.637559
45.453371
0 -112.638841
45.4551
0 -112.640516
45.455262
0 -112.64322
45.453938
0 -112.6455
45.454415
0 -112.646806
45.457519
0 -112.64786
45.457757
0 -112.652653
45.456622
0 -112.653972
45.458028
0 -112.656203
45.458087
0 -112.657595
45.457508
0 -112.658422
45.460444
0 -112.66007
45.463642
0 -112.661345
45.464906
0 -112.664598
45.466218
0 -112.665911
45.467638
0 -112.669117
45.468366
0 -112.671748
45.46984
0 -112.672078
45.471486
0 -112.673148
45.472477
0 -112.676126
45.472714
0 -112.677985
45.474764
0 -112.68442
45.477577
0 -112.687839
45.47724
0 -112.688437
45.479041
0 -112.687392
45.479865
0 -112.688375
45.481187
0 -112.690393
45.481654
0 -112.691417
45.483518
0 -112.691291
45.485796
0 -112.69285
45.488795
0 -112.692424
45.490575
0 -112.688875
45.494346
0 -112.690318
45.495544
0 -112.690773
45.497495
0 -112.690306
45.500034
0 -112.688688
45.501619
0 -112.689572
45.503327
0 -112.68969
45.505682
0 -112.688931
45.50724
0 -112.690706
45.509752
0 -112.691914
45.512696
0 -112.693722
45.513185
0 -112.697178
45.512879
0 -112.699133
45.513612
0 -112.700969
45.516759
0 -112.701149
45.518026
0 -112.700234
45.522664
0 -112.700419
45.523962
0 -112.702411
45.527415
0 -112.703487
45.53022
0 -112.704848
45.533232
0 -112.702668
45.534564
0 -112.699577
45.537519
0 -112.697426
45.540441
0 -112.694053
45.542756
0 -112.693203
45.544288
0 -112.693148
45.546698
0 -112.694792
45.548841
0 -112.695106
45.550428
0 -112.692599
45.554495
0 -112.690578
45.55537
0 -112.689587
45.556947
0 -112.689399
45.560747
0 -112.687569
45.562449
0 -112.687839
45.565609
0 -112.686825
45.569294
0 -112.68804
45.573561
0 -112.688203
45.575915
0 -112.686762
45.577128
0 -112.687177
45.5789
0 -112.687304
45.585785
0 -112.688378
45.591737
0 -112.687647
45.594536
0 -112.68719
45.600795
0 -112.683591
45.602825
0 -112.683113
45.605304
0 -112.681399
45.607364
0 -112.683054
45.609073
0 -112.681945
45.610763
0 -112.679881
45.611164
0 -112.679269
45.612104
0 -112.682075
45.613795
0 -112.681795
45.616547
0 -112.683072
45.619713
0 -112.684504
45.620634
0 -112.683692
45.622723
0 -112.685004
45.624004
0 -112.687054
45.624854
0 -112.687266
45.626903
0 -112.688168
45.628435
0 -112.689757
45.62939
0 -112.692198
45.629767
0 -112.693666
45.631142
0 -112.695797
45.630934
0 -112.697786
45.633632
0 -112.700975
45.635629
0 -112.699792
45.63861
0 -112.702084
45.640008
0 -112.702331
45.643176
0 -112.699734
45.645438
0 -112.700284
45.646493
0 -112.70307
45.648068
0 -112.703733
45.650687
0 -112.702214
45.652069
0 -112.697676
45.654294
0 -112.695642
45.653617
0 -112.693449
45.654101
0 -112.692293
45.655676
0 -112.69338
45.658362
0 -112.695778
45.659122
0 -112.696272
45.661224
0 -112.698403
45.66442
0 -112.698614
45.665924
0 -112.697544
45.668558
0 -112.699346
45.673305
0 -112.701192
45.67654
0 -112.703264
45.677471
0 -112.705227
45.677411
0 -112.708679
45.675491
0 -112.712666
45.675701
0 -112.717609
45.677641
0 -112.719124
45.677493
0 -112.722765
45.675585
0 -112.724579
45.675809
0 -112.725401
45.677608
0 -112.725293
45.681489
0 -112.726199
45.682454
0 -112.72974
45.683311
0 -112.73543
45.685505
0 -112.736838
45.688828
0 -112.740877
45.693518
0 -112.745872
45.694891
0 -112.747387
45.695755
0 -112.748447
45.69755
0 -112.74811
45.699033
0 -112.745621
45.699785
0 -112.741271
45.697189
0 -112.736659
45.700106
0 -112.735812
45.701151
0 -112.736285
45.704386
0 -112.73943
45.705068
0 -112.742806
45.704436
0 -112.746473
45.705434
0 -112.749124
45.707076
0 -112.750411
45.709028
0 -112.753649
45.71146
0 -112.753096
45.713849
0 -112.751382
45.717495
0 -112.748767
45.71877
0 -112.74776
45.721764
0 -112.747184
45.721749
0 -112.747148
45.723197
0 -112.748381
45.726214
0 -112.74765
45.728601
0 -112.748861
45.731335
0 -112.751304
45.733055
0 -112.75417
45.733733
0 -112.757088
45.733517
0 -112.758271
45.734084
0 -112.758746
45.736506
0 -112.756309
45.740229
0 -112.75717
45.745944
0 -112.759339
45.748209
0 -112.764783
45.750609
0 -112.768279
45.751065
0 -112.773137
45.753974
0 -112.778416
45.754379
0 -112.779933
45.754919
0 -112.780579
45.755554
0 -112.78357
45.762672
0 -112.784782
45.763479
0 -112.787986
45.763612
0 -112.792549
45.762537
0 -112.795326
45.760236
0 -112.799207
45.75876
0 -112.800962
45.759345
0 -112.803326
45.761414
0 -112.80901
45.76253
0 -112.81025
45.76446
0 -112.81706
45.768567
0 -112.816723
45.769437
0 -112.818585
45.771901
0 -112.821573
45.7744
0 -112.828497
45.775892
0 -112.83307
45.777483
0 -112.83868
45.778652
0 -112.843148
45.778178
0 -112.846691
45.777791
0 -112.847238
45.778535
0 -112.85191
45.779454
0 -112.85656
45.779684
0 -112.85853
45.778911
0 -112.864368
45.777562
0 -112.86708
45.77744
0 -112.870933
45.779483
0 -112.874086
45.783026
0 -112.876057
45.784203
0 -112.877103
45.785716
0 -112.87842
45.785763
0 -112.884734
45.789258
0 -112.889743
45.789454
0 -112.89214
45.788586
0 -112.896812
45.785412
0 -112.896753
45.782732
0 -112.897571
45.781586
0 -112.900814
45.78026
0 -112.902475
45.780303
0 -112.907027
45.782088
0 -112.908435
45.783136
0 -112.911541
45.784039
0 -112.91627
45.786627
0 -112.918187
45.788786
0 -112.917869
45.795325
0 -112.920139
45.79692
0 -112.923998
45.798779
0 -112.927058
45.801387
0 -112.931134
45.802481
0 -112.93556
45.802364
0 -112.940072
45.800956
0 -112.942381
45.799481
0 -112.94483
45.799025
0 -112.946261
45.799249
0 -112.947466
45.80067
0 -112.951467
45.801637
0 -112.957475
45.802001
0 -112.961641
45.803293
0 -112.96367
45.802525
0 -112.967971
45.803025
0 -112.973471
45.805725
0 -112.977474
45.806463
0 -112.981336
45.806395
0 -112.986647
45.807475
0 -112.988743
45.808615
0 -112.990871
45.807024
0 -112.994935
45.80638
0 -112.997176
45.806568
0 -113.000827
45.808253
0 -113.001316
45.809909
0 -113.00032
45.811209
0 -113.002041
45.815887
0 -113.004617
45.815241
0 -113.009169
45.815893
0 -113.016113
45.818605
0 -113.020731
45.822352
0 -113.021824
45.824341
0 -113.020644
45.826712
0 -113.021657
45.828611
0 -113.024696
45.829739
0 -113.032197
45.830446
0 -113.03821
45.832273
0 -113.040697
45.837258
0 -113.044864
45.838456
0 -113.047302
45.83983
0 -113.052035
45.843694
0 -113.055854
45.844384
0 -113.064907
45.85069
0 -113.073567
45.851013
0 -113.082638
45.853827
0 -113.084649
45.855335
0 -113.084229
45.858968
0 -113.085474
45.860586
0 -113.086282
45.861902
0 -113.08611
45.868139
0 -113.087555
45.87203
0 -113.090674
45.872471
0 -113.092127
45.874347
0 -113.092728
45.87639
0 -113.09699
45.877549
0 -113.0989
45.880754
0 -113.100273
45.881717
0 -113.103958
45.88188
0 -113.108462
45.882485
0 -113.111761
45.882242
0 -113.118219
45.883042
0 -113.122087
45.883165
0 -113.124733
45.882698
0 -113.12863
45.883374
0 -113.132511
45.882538
0 -113.140053
45.88216
0 -113.143456
45.882365
0 -113.148942
45.883567
0 -113.154472
45.884127
0 -113.158146
45.885256
0 -113.161468
45.885202
0 -113.167579
45.884203
0 -113.169626
45.884926
0 -113.179791
45.885009
0 -113.18155
45.882698
0 -113.189051
45.877731
0 -113.19694
45.874555
0 -113.199611
45.873975
0 -113.20199
45.874207
0 -113.206033
45.876093
0 -113.208562
45.876376
0 -113.213542
45.875264
0 -113.216594
45.874024
0 -113.219468
45.872148
0 -113.222449
45.871065
0 -113.225084
45.869385
0 -113.228838
45.866457
0 -113.230981
45.863605
0 -113.232592
45.859454
0 -113.238845
45.853392
0 -113.243072
45.852018
0 -113.24668
45.852173
0 -113.249592
45.851488
0 -113.252686
45.849742
0 -113.254488
45.847268
0 -113.255046
45.845582
0 -113.254422
45.844346
0 -113.25305
45.843829
0 -113.250482
45.841248
0 -113.249978
45.839614
0 -113.251648
45.837589
0 -113.254108
45.837026
0 -113.256689
45.834769
0 -113.259545
45.833013
0 -113.262464
45.829194
0 -113.263204
45.826906
0 -113.265273
45.825625
0 -113.270844
45.820587
0 -113.275418
45.817973
0 -113.281308
45.817839
0 -113.286809
45.816928
0 -113.288818
45.81782
0 -113.289454
45.82044
0 -113.292009
45.821341
0 -113.293147
45.821175
0 -113.298169
45.81861
0 -113.302043
45.813696
0 -113.304206
45.811424
0 -113.305148
45.809346
0 -113.306696
45.807411
0 -113.308299
45.806389
0 -113.311626
45.80683
0 -113.314456
45.808251
0 -113.319666
45.807443
0 -113.321848
45.808336
0 -113.323337
45.810889
0 -113.325771
45.811333
0 -113.32939
45.81273
0 -113.334031
45.813399
0 -113.335912
45.81324
0 -113.339665
45.810798
0 -113.338776
45.80878
0 -113.341238
45.80668
0 -113.344172
45.805274
0 -113.346235
45.805143
0 -113.3478
45.803654
0 -113.347804
45.801172
0 -113.348971
45.800008
0 -113.349745
45.797381
0 -113.352731
45.79422
0 -113.353499
45.787987
0 -113.353359
45.784284
0 -113.356593
45.780941
0 -113.356999
45.778408
0 -113.358525
45.776245
0 -113.361304
45.773269
0 -113.364429
45.771036
0 -113.364042
45.768434
0 -113.361827
45.76446
0 -113.361433
45.7616
0 -113.362309
45.759063
0 -113.362945
45.758021
0 -113.365376
45.758335
0 -113.366697
45.758983
0 -113.368414
45.758591
0 -113.369497
45.759403
0 -113.371731
45.758869
0 -113.374968
45.760182
0 -113.375897
45.759609
0 -113.378004
45.760116
0 -113.38271
45.762775
0 -113.384801
45.762233
0 -113.387273
45.763229
0 -113.388242
45.764221
0 -113.390395
45.764365
0 -113.391973
45.765957
0 -113.39514
45.766579
0 -113.397208
45.768256
0 -113.396902
45.769676
0 -113.398665
45.772263
0 -113.399405
45.771911
0 -113.399763
45.773929
0 -113.401488
45.774813
0 -113.402518
45.776424
0 -113.404028
45.776198
0 -113.405769
45.779679
0 -113.406669
45.78064
0 -113.408921
45.781003
0 -113.409522
45.783702
0 -113.411529
45.783947
0 -113.413794
45.785171
0 -113.414589
45.786812
0 -113.417999
45.788116
0 -113.420136
45.788315
0 -113.423707
45.792839
0 -113.424873
45.792931
0 -113.42556
45.794632
0 -113.426765
45.795345
0 -113.428887
45.798664
0 -113.430741
45.800433
0 -113.431961
45.800684
0 -113.43113
45.802333
0 -113.431871
45.804447
0 -113.433588
45.80524
0 -113.43354
45.806098
0 -113.435089
45.807048
0 -113.434037
45.808437
0 -113.431473
45.809529
0 -113.431871
45.810759
0 -113.431627
45.813854
0 -113.427261
45.813952
0 -113.428101
45.815601
0 -113.427621
45.816399
0 -113.428353
45.820267
0 -113.428209
45.822165
0 -113.431238
45.82397
0 -113.431
45.824919
0 -113.432221
45.826302
0 -113.430597
45.826808
0 -113.430551
45.828856
0 -113.429322
45.829582
0 -113.429665
45.83108
0 -113.433175
45.83184
0 -113.432535
45.833485
0 -113.433396
45.835745
0 -113.432717
45.836875
0 -113.434351
45.836704
0 -113.436334
45.838036
0 -113.439
45.838665
0 -113.440522
45.840329
0 -113.440577
45.841739
0 -113.438631
45.844204
0 -113.437792
45.84598
0 -113.438737
45.846297
0 -113.438448
45.848155
0 -113.439723
45.848262
0 -113.439638
45.85083
0 -113.441592
45.851531
0 -113.441347
45.854538
0 -113.441431
45.855896
0 -113.442552
45.856319
0 -113.444217
45.859219
0 -113.450144
45.863017
0 -113.451266
45.863178
0 -113.450983
45.86531
0 -113.453661
45.867854
0 -113.454981
45.869801
0 -113.456538
45.869571
0 -113.459674
45.871497
0 -113.458072
45.871955
0 -113.457759
45.875012
0 -113.456614
45.875483
0 -113.458102
45.877232
0 -113.459498
45.877444
0 -113.460383
45.879287
0 -113.465182
45.881114
0 -113.464954
45.882723
0 -113.468014
45.885971
0 -113.468577
45.887957
0 -113.467211
45.890288
0 -113.467663
45.891631
0 -113.469508
45.893871
0 -113.470814
45.897769
0 -113.47308
45.898704
0 -113.473865
45.900654
0 -113.477215
45.903083
0 -113.477994
45.904789
0 -113.480954
45.906985
0 -113.482319
45.909306
0 -113.484494
45.910702
0 -113.486684
45.913951
0 -113.487577
45.91741
0 -113.488759
45.920353
0 -113.489011
45.922519
0 -113.48998
45.92387
0 -113.491576
45.927708
0 -113.492842
45.928707
0 -113.492712
45.929816
0 -113.494161
45.932452
0 -113.495009
45.93547
0 -113.497908
45.938407
0 -113.501295
45.940807
0 -113.503957
45.941505
0 -113.505972
45.94108
0 -113.507024
45.939872
0 -113.511546
45.939912
0 -113.516338
45.938638
0 -113.515382
45.936276
0 -113.516743
45.934616
0 -113.519745
45.93202
0 -113.523021
45.930413
0 -113.525242
45.926889
0 -113.526676
45.925995
0 -113.52865
45.923337
0 -113.5288
45.920078
0 -113.531465
45.917969
0 -113.532562
45.915304
0 -113.535063
45.913076
0 -113.535122
45.906085
0 -113.5372
45.901329
0 -113.537217
45.897741
0 -113.536454
45.895459
0 -113.536619
45.893998
0 -113.532835
45.892741
0 -113.532101
45.890145
0 -113.533099
45.885006
0 -113.532186
45.883266
0 -113.528581
45.88116
0 -113.530961
45.879868
0 -113.532405
45.878353
0 -113.538272
45.877354
0 -113.545625
45.876427
0 -113.549955
45.875259
0 -113.552583
45.875327
0 -113.558664
45.876236
0 -113.561283
45.875344
0 -113.56282
45.874152
0 -113.566781
45.872038
0 -113.568151
45.871916
0 -113.570493
45.873069
0 -113.571759
45.872988
0 -113.57308
45.871729
0 -113.578928
45.873051
0 -113.581795
45.871001
0 -113.586802
45.866881
0 -113.587792
45.864972
0 -113.591099
45.863152
0 -113.591971
45.860164
0 -113.591553
45.858982
0 -113.59411
45.857167
0 -113.594728
45.855044
0 -113.594502
45.853587
0 -113.59232
45.851386
0 -113.592167
45.850178
0 -113.595942
45.850877
0 -113.59973
45.850056
0 -113.604326
45.851584
0 -113.610785
45.850474
0 -113.615055
45.84747
0 -113.619636
45.843794
0 -113.622161
45.841342
0 -113.626392
45.840208
0 -113.627263
45.840015
0 -113.631698
45.841273
0 -113.63564
45.840423
0 -113.638335
45.840697
0 -113.641961
45.840132
0 -113.646521
45.838407
0 -113.651039
45.839784
0 -113.655142
45.840391
0 -113.657721
45.837813
0 -113.661192
45.836305
0 -113.665324
45.835848
0 -113.667373
45.835289
0 -113.669778
45.836773
0 -113.67197
45.839976
0 -113.674904
45.840787
0 -113.678826
45.839444
0 -113.682872
45.838697
0 -113.68593
45.83866
0 -113.69271
45.84111
0 -113.694495
45.842616
0 -113.697639
45.843545
0 -113.70073
45.843394
0 -113.701961
45.842786
0 -113.703988
45.83964
0 -113.706194
45.838225
0 -113.713008
45.837958
0 -113.712837
45.835405
0 -113.714284
45.832039
0 -113.715455
45.830585
0 -113.719995
45.829163
0 -113.724164
45.828953
0 -113.72613
45.826984
0 -113.729209
45.825624
0 -113.728948
45.822541
0 -113.729581
45.819328
0 -113.730842
45.818509
0 -113.732661
45.818693
0 -113.734542
45.816515
0 -113.736418
45.816021
0 -113.738446
45.816331
0 -113.739536
45.815587
0 -113.743678
45.815191
0 -113.745355
45.811944
0 -113.747103
45.810653
0 -113.749293
45.807811
0 -113.754198
45.805773
0 -113.755763
45.80459
0 -113.758205
45.800718
0 -113.761464
45.800904
0 -113.764979
45.802399
0 -113.768272
45.80141
0 -113.77121
45.799012
0 -113.772481
45.79726
0 -113.774962
45.796577
0 -113.777095
45.794854
0 -113.778447
45.792028
0 -113.780018
45.791349
0 -113.782417
45.791673
0 -113.783114
45.790058
0 -113.781384
45.785903
0 -113.781557
45.784492
0 -113.785877
45.785277
0 -113.788011
45.783755
0 -113.788469
45.782142
0 -113.787086
45.778393
0 -113.791812
45.776278
0 -113.793337
45.774417
0 -113.795527
45.773541
0 -113.798902
45.77298
0 -113.800815
45.772249
0 -113.801729
45.770258
0 -113.802012
45.767534
0 -113.804274
45.764908
0 -113.804291
45.762739
0 -113.809765
45.760479
0 -113.810976
45.75915
0 -113.811648
45.75728
0 -113.815359
45.755203
0 -113.818582
45.754891
0 -113.820354
45.755336
0 -113.821691
45.754225
0 -113.825168
45.754043
0 -113.826907
45.753448
0 -113.829962
45.750636
0 -113.833714
45.750656
0 -113.836199
45.751069
0 -113.838649
45.752079
0 -113.843864
45.751446
0 -113.847373
45.75198
0 -113.849397
45.75278
0 -113.848183
45.756778
0 -113.849802
45.758867
0 -113.851328
45.762915
0 -113.853373
45.765722
0 -113.85453
45.769948
0 -113.854917
45.773141
0 -113.856032
45.774649
0 -113.858816
45.775925
0 -113.862428
45.779087
0 -113.865674
45.779637
0 -113.869483
45.781485
0 -113.870347
45.781518
0 -113.871386
45.779519
0 -113.875909
45.775814
0 -113.879163
45.774657
0 -113.881545
45.774599
0 -113.884111
45.77383
0 -113.888761
45.770646
0 -113.891373
45.770297
0 -113.896447
45.76988
0 -113.895918
45.768186
0 -113.89678
45.767233
0 -113.898552
45.763665
0 -113.900174
45.762615
0 -113.903682
45.758811
0 -113.904108
45.757334
0 -113.907707
45.753917
0 -113.912008
45.751755
0 -113.911893
45.750749
0 -113.913185
45.747722
0 -113.916031
45.74654
0 -113.915326
45.744993
0 -113.91018
45.742429
0 -113.909082
45.738795
0 -113.906689
45.735404
0 -113.906869
45.733195
0 -113.904397
45.731118
0 -113.907436
45.729711
0 -113.909278
45.726983
0 -113.908174
45.725727
0 -113.905981
45.725069
0 -113.903073
45.721437
0 -113.904723
45.720677
0 -113.90542
45.719265
0 -113.909611
45.715309
0 -113.910858
45.713469
0 -113.911128
45.710429
0 -113.907546
45.710266
0 -113.905937
45.706937
0 -113.906517
45.703945
0 -113.908507
45.701072
0 -113.910416
45.699356
0 -113.913217
45.699268
0 -113.915467
45.700958
0 -113.919185
45.702162
0 -113.922482
45.704068
0 -113.925037
45.702732
0 -113.926491
45.70118
0 -113.928532
45.700143
0 -113.93249
45.699328
0 -113.936228
45.697854
0 -113.937522
45.696949
0 