-100.000388844143
35.4223639883094
0 -100.000386865755
35.2990220000022
0 -100.000386860158
35.2986729909176
0 -100.000385
35.182702
0 -100.00038460233
35.1393320000036
0 -100.000383603368
35.0303849961589
0 -99.949735
35.029935
0 -99.888571
35.030262
0 -99.87538
35.030363
0 -99.874994
35.029801
0 -99.852882
35.029924
0 -99.852799
35.029924
0 -99.782949
35.030111
0 -99.7828
35.06939
0 -99.782759
35.0803
0 -99.782707
35.105089
0 -99.782914
35.10904
0 -99.782727
35.11678
0 -99.765129
35.116777
0 -99.729693
35.116839
0 -99.720987
35.116811
0 -99.712126
35.116781
0 -99.711464
35.116778
0 -99.642251
35.116922
0 -99.641411
35.116927
0 -99.63522
35.116996
0 -99.61647
35.116585
0 -99.609612
35.116888
0 -99.609002
35.116865
0 -99.606721
35.117014
0 -99.563555
35.116747
0 -99.55721
35.116991
0 -99.518679
35.116925
0 -99.500988
35.11693
0 -99.492375
35.117006
0 -99.440657
35.116538
0 -99.44302
35.114859
0 -99.443953
35.11345
0 -99.443827
35.112848
0 -99.44041
35.109398
0 -99.43795
35.10884
0 -99.432876
35.108817
0 -99.430663
35.108218
0 -99.428173
35.109294
0 -99.426056
35.111206
0 -99.423945
35.114057
0 -99.421367
35.114128
0 -99.419802
35.112456
0 -99.415874
35.111766
0 -99.412584
35.11275
0 -99.409291
35.114509
0 -99.409268
35.116493
0 -99.408338
35.11649
0 -99.360226
35.116738
0 -99.360155
35.189467
0 -99.360219
35.204464
0 -99.364289
35.204466
0 -99.364529
35.284115
0 -99.364503
35.291308
0 -99.36446
35.305772
0 -99.364416
35.320122
0 -99.364424
35.349448
0 -99.364423
35.356699
0 -99.364375
35.363716
0 -99.364374
35.378232
0 -99.364366
35.396808
0 -99.364282
35.421312
0 -99.364282
35.421754
0 -99.364265
35.425254
0 -99.364217
35.465328
0 -99.364166
35.479801
0 -99.364148
35.501945
0 -99.364141
35.508793
0 -99.417397
35.509061
0 -99.452607
35.508913
0 -99.469903
35.508992
0 -99.487398
35.509099
0 -99.499485
35.509076
0 -99.500375
35.508842
0 -99.558347
35.508879
0 -99.575598
35.508861
0 -99.575959
35.500049
0 -99.575914
35.494017
0 -99.575913
35.493914
0 -99.575798
35.478545
0 -99.57582
35.421655
0 -99.593456
35.421544
0 -99.60182
35.421573
0 -99.601927
35.421573
0 -99.784735
35.422151
0 -99.787628
35.422151
0 -99.787868
35.422151
0 -99.876345
35.422182
0 -99.946861
35.422329
0 -100.000388844143
35.4223639883094
0 