-78.803854
39.730677
0 -78.8083746995419
39.7229334937347
0 -78.7895270501024
39.7229578194896
0 -78.7725409570763
39.7229797426233
0 -78.7694862565389
39.7229836851784
0 -78.7425230393459
39.7230184853066
0 -78.742492054078
39.7230185252978
0 -78.723529
39.723043
0 -78.7207717355584
39.7230339981206
0 -78.7064486662201
39.7229872363591
0 -78.6592221978191
39.722833052029
0 -78.658260140676
39.7228299111179
0 -78.6338027655758
39.7227500630131
0 -78.6103286575916
39.7226734250654
0 -78.575893
39.722561
0 -78.546415
39.722869
0 -78.537702
39.72249
0 -78.4934692337132
39.7227097721345
0 -78.461422
39.722869
0 -78.438839
39.722481
0 -78.4251803586634
39.7224892247656
0 -78.3805989500625
39.7225160701616
0 -78.374697
39.727688
0 -78.37112
39.731752
0 -78.364632
39.739731
0 -78.36344
39.741681
0 -78.356956
39.747852
0 -78.355489
39.750425
0 -78.350104
39.755883
0 -78.346818
39.757986
0 -78.345608
39.760026
0 -78.343823
39.76161
0 -78.341196
39.766506
0 -78.335581
39.774129
0 -78.33388
39.775531
0 -78.328849
39.781284
0 -78.328384
39.783283
0 -78.327186
39.784717
0 -78.32458
39.789522
0 -78.322883
39.792682
0 -78.322242
39.794696
0 -78.319511
39.79737
0 -78.299568
39.824661
0 -78.299003
39.8255
0 -78.292999
39.8385
0 -78.292099
39.841499
0 -78.290602
39.843499
0 -78.290198
39.8461
0 -78.287597
39.851299
0 -78.284698
39.859199
0 -78.281303
39.867198
0 -78.278602
39.875
0 -78.278198
39.8773
0 -78.276901
39.880699
0 -78.272201
39.889099
0 -78.2705
39.893299
0 -78.269043
39.900166
0 -78.267502
39.903501
0 -78.250001
39.935998
0 -78.244102
39.945301
0 -78.241308
39.947796
0 -78.239894
39.949506
0 -78.237899
39.957199
0 -78.235199
39.963699
0 -78.2332
39.9678
0 -78.231201
39.971199
0 -78.2294
39.975601
0 -78.225497
39.983807
0 -78.219811
39.993288
0 -78.216702
39.997103
0 -78.215101
39.998503
0 -78.21193
40.002205
0 -78.208407
40.005834
0 -78.204638
40.010729
0 -78.20101
40.012988
0 -78.202332
40.014612
0 -78.204108
40.017828
0 -78.203806
40.022073
0 -78.202964
40.024845
0 -78.202768
40.029742
0 -78.205516
40.03381
0 -78.205724
40.037305
0 -78.204202
40.04203
0 -78.202148
40.044108
0 -78.19931
40.045928
0 -78.196128
40.046428
0 -78.194694
40.046249
0 -78.187896
40.047054
0 -78.183952
40.050899
0 -78.181724
40.056579
0 -78.181465
40.058189
0 -78.181533
40.058925
0 -78.183815
40.059387
0 -78.185302
40.060378
0 -78.187493
40.064559
0 -78.190739
40.066536
0 -78.198754
40.067254
0 -78.202732
40.068898
0 -78.203733
40.069886
0 -78.20508
40.07284
0 -78.204371
40.077475
0 -78.203795
40.0788
0 -78.203888
40.083079
0 -78.204734
40.085351
0 -78.206706
40.086427
0 -78.188559
40.101721
0 -78.158287
40.122207
0 -78.157144
40.124966
0 -78.134863
40.165131
0 -78.150231
40.17463
0 -78.15101
40.175072
0 -78.227519
40.219372
0 -78.236195
40.224505
0 -78.237401
40.226751
0 -78.250103
40.272755
0 -78.257305
40.297883
0 -78.259854
40.294581
0 -78.262477
40.288635
0 -78.263724
40.28675
0 -78.265907
40.281333
0 -78.26765
40.277919
0 -78.270963
40.273614
0 -78.270803
40.272283
0 -78.272024
40.271526
0 -78.272159
40.270173
0 -78.27406
40.266704
0 -78.280341
40.258551
0 -78.283136
40.255749
0 -78.285375
40.252113
0 -78.287904
40.24593
0 -78.288152
40.243576
0 -78.288764
40.242107
0 -78.30671
40.248139
0 -78.323922
40.25731
0 -78.327828
40.25882
0 -78.363122
40.272495
0 -78.373512
40.27647
0 -78.403644
40.288801
0 -78.412471
40.292965
0 -78.434288
40.302301
0 -78.435075
40.300356
0 -78.43611
40.295289
0 -78.440165
40.28472
0 -78.44049
40.28242
0 -78.442199
40.27739
0 -78.442462
40.276186
0 -78.4421
40.271574
0 -78.442455
40.269569
0 -78.442308
40.265935
0 -78.442682
40.264265
0 -78.442794
40.259608
0 -78.443608
40.255478
0 -78.447106
40.245759
0 -78.447895
40.244395
0 -78.458938
40.251942
0 -78.5057
40.287308
0 -78.510266
40.288403
0 -78.523709
40.291627
0 -78.529696
40.29287
0 -78.552182
40.301169
0 -78.620383
40.327025
0 -78.625672
40.319318
0 -78.635385
40.309498
0 -78.642948
40.283396
0 -78.651868
40.281678
0 -78.649517
40.275042
0 -78.647953
40.270621
0 -78.643998
40.259446
0 -78.658409
40.242933
0 -78.66141
40.231104
0 -78.661809
40.230592
0 -78.676956
40.211207
0 -78.698671
40.16145
0 -78.706306
40.144784
0 -78.72285
40.107803
0 -78.737274
40.075359
0 -78.739847
40.069571
0 -78.752016
40.074917
0 -78.763202
40.056745
0 -78.763037
40.014721
0 -78.761617
40.014491
0 -78.761384
40.003157
0 -78.761165
40.000938
0 -78.758855
39.889791
0 -78.758552
39.882771
0 -78.758013
39.866601
0 -78.758238
39.86327
0 -78.757248
39.824427
0 -78.757241
39.823484
0 -78.76299
39.806863
0 -78.767041
39.795384
0 -78.769241
39.791384
0 -78.771541
39.789184
0 -78.79145
39.751567
0 -78.793067
39.747826
0 -78.795736
39.744182
0 -78.796851
39.741153
0 -78.801871
39.73456
0 -78.803854
39.730677
0 