-98.089764
28.662979
0 -98.063182
28.618152
0 -98.043885
28.585494
0 -98.023851
28.551674
0 -98.011535
28.530902
0 -97.984916
28.485552
0 -97.961074
28.443995
0 -97.952997
28.429959
0 -97.914371
28.363927
0 -97.900086
28.339444
0 -97.865587
28.280262
0 -97.853076
28.258682
0 -97.846223
28.247065
0 -97.845225
28.246223
0 -97.825512
28.21178
0 -97.808774
28.183415
0 -97.817716
28.176848
0 -97.78811
28.171321
0 -97.784978
28.170721
0 -97.760369
28.166073
0 -97.734417
28.161167
0 -97.702285
28.155048
0 -97.653143
28.145741
0 -97.568482
28.129846
0 -97.567622
28.129683
0 -97.541071
28.164669
0 -97.540851
28.164963
0 -97.500271
28.220079
0 -97.498197
28.221965
0 -97.496017
28.225146
0 -97.479076
28.248476
0 -97.47809
28.250285
0 -97.408493
28.344114
0 -97.395705
28.3615
0 -97.38065
28.381777
0 -97.375579
28.388684
0 -97.376737
28.390075
0 -97.380587
28.390792
0 -97.383953
28.389677
0 -97.385869
28.389793
0 -97.388394
28.391208
0 -97.389258
28.39298
0 -97.388032
28.394921
0 -97.389219
28.39688
0 -97.391315
28.39698
0 -97.392604
28.3961
0 -97.393961
28.393493
0 -97.395778
28.392261
0 -97.399373
28.392191
0 -97.40137
28.393836
0 -97.401717
28.395674
0 -97.401399
28.397918
0 -97.400222
28.400998
0 -97.397882
28.403038
0 -97.39805
28.404078
0 -97.400463
28.405696
0 -97.406231
28.405879
0 -97.408228
28.406529
0 -97.410237
28.40802
0 -97.41728
28.405942
0 -97.419048
28.404369
0 -97.420547
28.404182
0 -97.424286
28.407593
0 -97.426874
28.411681
0 -97.429271
28.413018
0 -97.431104
28.413029
0 -97.434645
28.410631
0 -97.437869
28.409739
0 -97.441061
28.409353
0 -97.442796
28.408716
0 -97.444189
28.40492
0 -97.444581
28.403022
0 -97.445477
28.402676
0 -97.447238
28.403248
0 -97.448078
28.40453
0 -97.448551
28.406889
0 -97.450428
28.409213
0 -97.452203
28.409497
0 -97.454169
28.407879
0 -97.456726
28.407362
0 -97.460229
28.407851
0 -97.464224
28.411283
0 -97.464922
28.41559
0 -97.465563
28.416773
0 -97.468134
28.417564
0 -97.470156
28.41906
0 -97.469118
28.422114
0 -97.469205
28.423291
0 -97.470469
28.425145
0 -97.474253
28.42642
0 -97.478561
28.431007
0 -97.4805
28.433889
0 -97.48521
28.436391
0 -97.489473
28.437148
0 -97.490924
28.438066
0 -97.4937
28.438836
0 -97.498038
28.438256
0 -97.499749
28.437513
0 -97.502049
28.437813
0 -97.503941
28.437099
0 -97.505299
28.434586
0 -97.508219
28.4327
0 -97.510472
28.432178
0 -97.513696
28.432587
0 -97.516353
28.431878
0 -97.518861
28.432236
0 -97.520292
28.433508
0 -97.521199
28.437634
0 -97.523879
28.440738
0 -97.523064
28.442773
0 -97.520599
28.444081
0 -97.520343
28.445688
0 -97.522048
28.446915
0 -97.525508
28.44735
0 -97.529194
28.446394
0 -97.531907
28.446301
0 -97.533818
28.447798
0 -97.53535
28.448105
0 -97.538337
28.446154
0 -97.541829
28.446689
0 -97.544654
28.449929
0 -97.546571
28.450254
0 -97.548027
28.451316
0 -97.551369
28.450441
0 -97.552441
28.451344
0 -97.553916
28.455278
0 -97.553685
28.458452
0 -97.554624
28.462925
0 -97.553858
28.465565
0 -97.551692
28.46754
0 -97.551392
28.468475
0 -97.551597
28.472117
0 -97.553172
28.473696
0 -97.552817
28.475391
0 -97.551709
28.476859
0 -97.552349
28.481866
0 -97.553962
28.484055
0 -97.55512
28.484903
0 -97.553999
28.486872
0 -97.553943
28.488324
0 -97.554882
28.490706
0 -97.554733
28.49223
0 -97.55259
28.494326
0 -97.552516
28.494964
0 -97.554085
28.497555
0 -97.554165
28.499354
0 -97.553608
28.500894
0 -97.553932
28.502864
0 -97.556105
28.503986
0 -97.557487
28.508398
0 -97.558496
28.514054
0 -97.559131
28.514395
0 -97.560925
28.514125
0 -97.561585
28.515534
0 -97.563024
28.516408
0 -97.565509
28.515077
0 -97.568953
28.515402
0 -97.569203
28.516848
0 -97.571539
28.519533
0 -97.573613
28.520903
0 -97.577058
28.522547
0 -97.582446
28.522238
0 -97.584134
28.522535
0 -97.58627
28.524372
0 -97.590755
28.523909
0 -97.59506
28.52508
0 -97.599525
28.523627
0 -97.601494
28.523423
0 -97.60477
28.52422
0 -97.60588
28.526354
0 -97.607438
28.5267
0 -97.608422
28.526188
0 -97.608626
28.523487
0 -97.610401
28.523233
0 -97.612601
28.525053
0 -97.616283
28.526631
0 -97.617673
28.528225
0 -97.619796
28.527152
0 -97.622264
28.529357
0 -97.623392
28.529538
0 -97.623189
28.528012
0 -97.62654
28.528265
0 -97.627413
28.527236
0 -97.630191
28.527056
0 -97.633886
28.524802
0 -97.637001
28.524996
0 -97.638814
28.523434
0 -97.640147
28.524359
0 -97.642452
28.524304
0 -97.642869
28.523683
0 -97.641861
28.522109
0 -97.644889
28.520812
0 -97.646595
28.520928
0 -97.649896
28.523135
0 -97.652188
28.52362
0 -97.654081
28.525304
0 -97.653919
28.527323
0 -97.655563
28.52861
0 -97.659213
28.527329
0 -97.662552
28.527935
0 -97.668401
28.530841
0 -97.668077
28.532018
0 -97.668575
28.534439
0 -97.669771
28.535512
0 -97.671608
28.535776
0 -97.679533
28.535177
0 -97.680423
28.536382
0 -97.683071
28.536399
0 -97.684772
28.537197
0 -97.684928
28.539276
0 -97.686105
28.540024
0 -97.691793
28.541075
0 -97.693506
28.542071
0 -97.695332
28.541499
0 -97.696945
28.541856
0 -97.698441
28.545267
0 -97.698802
28.547768
0 -97.699986
28.548612
0 -97.701027
28.550614
0 -97.698815
28.550846
0 -97.698971
28.552078
0 -97.700292
28.554851
0 -97.702299
28.555802
0 -97.703365
28.557904
0 -97.701626
28.560413
0 -97.701888
28.561194
0 -97.703698
28.560939
0 -97.704998
28.561122
0 -97.70354
28.563075
0 -97.704475
28.566348
0 -97.705933
28.567465
0 -97.706164
28.5696
0 -97.707903
28.568301
0 -97.709018
28.56862
0 -97.709156
28.572053
0 -97.70829
28.573329
0 -97.708365
28.574776
0 -97.710004
28.574803
0 -97.712653
28.576283
0 -97.711631
28.578038
0 -97.712517
28.580118
0 -97.71243
28.582351
0 -97.714007
28.583886
0 -97.713048
28.586406
0 -97.714027
28.587726
0 -97.715978
28.588941
0 -97.716452
28.591208
0 -97.719021
28.592693
0 -97.719688
28.594063
0 -97.721745
28.595806
0 -97.719894
28.596973
0 -97.720781
28.601132
0 -97.723811
28.604003
0 -97.72499
28.604547
0 -97.726873
28.607424
0 -97.727129
28.608662
0 -97.728882
28.610493
0 -97.729606
28.612584
0 -97.72856
28.616804
0 -97.728336
28.620908
0 -97.729378
28.622982
0 -97.730975
28.622734
0 -97.731935
28.623515
0 -97.731406
28.625
0 -97.732214
28.625996
0 -97.731158
28.62663
0 -97.731603
28.628063
0 -97.736571
28.63026
0 -97.737915
28.630346
0 -97.738945
28.63264
0 -97.739899
28.632628
0 -97.742357
28.635675
0 -97.744659
28.636939
0 -97.746592
28.636564
0 -97.750483
28.639235
0 -97.751953
28.641887
0 -97.753368
28.642641
0 -97.753779
28.644199
0 -97.752455
28.647625
0 -97.753575
28.651901
0 -97.754593
28.654165
0 -97.7554
28.655037
0 -97.758518
28.655974
0 -97.759921
28.65796
0 -97.762553
28.657928
0 -97.763351
28.658539
0 -97.762302
28.659947
0 -97.765532
28.661726
0 -97.766641
28.664807
0 -97.769866
28.664599
0 -97.772004
28.668324
0 -97.773377
28.667851
0 -97.773875
28.669018
0 -97.778336
28.667649
0 -97.77853
28.668027
0 -97.780362
28.669823
0 -97.783626
28.670663
0 -97.784679
28.671007
0 -97.784971
28.672811
0 -97.786974
28.673972
0 -97.788002
28.675832
0 -97.789899
28.675596
0 -97.791889
28.67695
0 -97.793654
28.675927
0 -97.795231
28.673398
0 -97.822964
28.670563
0 -97.825312
28.670341
0 -97.826399
28.672797
0 -97.825563
28.67348
0 -97.826611
28.675372
0 -97.829188
28.677661
0 -97.830891
28.6776
0 -97.831328
28.676026
0 -97.832457
28.675498
0 -97.834228
28.675773
0 -97.833929
28.677214
0 -97.835233
28.678215
0 -97.835415
28.680152
0 -97.837435
28.680577
0 -97.838715
28.679645
0 -97.839751
28.681274
0 -97.840824
28.680509
0 -97.842377
28.681631
0 -97.84355
28.681509
0 -97.846059
28.683049
0 -97.850869
28.683813
0 -97.852517
28.684979
0 -97.85475
28.685308
0 -97.856884
28.684257
0 -97.858368
28.684344
0 -97.862175
28.685988
0 -97.864678
28.687654
0 -97.865789
28.688842
0 -97.867798
28.689639
0 -97.870674
28.689517
0 -97.872827
28.690275
0 -97.87357
28.691227
0 -97.875792
28.691428
0 -97.877401
28.693178
0 -97.879391
28.693718
0 -97.879009
28.695578
0 -97.881854
28.696542
0 -97.883677
28.695453
0 -97.884655
28.698529
0 -97.886052
28.698023
0 -97.889278
28.699923
0 -97.89193
28.699307
0 -97.89334
28.699968
0 -97.892926
28.70192
0 -97.891815
28.703097
0 -97.893043
28.704621
0 -97.89509
28.703984
0 -97.897773
28.705664
0 -97.898128
28.708112
0 -97.900317
28.711161
0 -97.902196
28.71301
0 -97.904174
28.712845
0 -97.904842
28.713467
0 -97.907107
28.713303
0 -97.909397
28.714508
0 -97.910863
28.716401
0 -97.915106
28.719648
0 -97.916972
28.718322
0 -97.918139
28.719156
0 -97.9251
28.716707
0 -97.925399
28.716575
0 -97.99885
28.692205
0 -98.005252
28.690239
0 -98.089764
28.662979
0 