-95.602842
48.394645
0 -95.601978
48.36543
0 -95.593199
48.365445
0 -95.59337
48.281363
0 -95.593519
48.265121
0 -95.593676
48.264516
0 -95.593877
48.223517
0 -95.593819
48.19455
0 -95.593788
48.172916
0 -95.593094
48.107612
0 -95.592487
48.020558
0 -95.582887
48.020557
0 -95.229133
48.019958
0 -95.231976
48.017303
0 -95.234473
48.015986
0 -95.241118
48.01111
0 -95.243934
48.008517
0 -95.244136
48.007676
0 -95.246849
48.005321
0 -95.250018
48.000515
0 -95.249562
47.999233
0 -95.250794
47.998269
0 -95.256272
47.989965
0 -95.258843
47.985078
0 -95.260871
47.98156
0 -95.262923
47.977021
0 -95.265298
47.972862
0 -95.267131
47.970778
0 -95.26807
47.967614
0 -95.272566
47.960205
0 -95.273082
47.958199
0 -95.273768
47.954157
0 -95.2773
47.943322
0 -95.277096
47.939276
0 -95.27815
47.93476
0 -95.278293
47.930633
0 -95.277789
47.92506
0 -95.275638
47.916068
0 -95.273949
47.911921
0 -95.269705
47.903875
0 -95.264419
47.89652
0 -95.259278
47.891339
0 -95.255892
47.888578
0 -95.251792
47.885913
0 -95.24632
47.883266
0 -95.239776
47.881452
0 -95.236425
47.879835
0 -95.231047
47.878226
0 -95.219059
47.875405
0 -95.217674
47.875476
0 -95.209842
47.874117
0 -95.209058
47.874516
0 -95.200888
47.873076
0 -95.193705
47.872544
0 -95.193705
47.865266
0 -95.193905
47.8097
0 -95.193944
47.803257
0 -95.193999
47.797492
0 -95.194487
47.791638
0 -95.194082
47.760459
0 -95.194304
47.67337
0 -95.19029
47.67338
0 -95.185717
47.673239
0 -95.184984
47.673268
0 -95.184856
47.62991
0 -95.18465
47.58615
0 -95.183313
47.499438
0 -95.183298
47.49898
0 -95.183444
47.462855
0 -95.18289
47.45635
0 -95.183216
47.412773
0 -95.083285
47.412187
0 -95.055669
47.411812
0 -94.99751
47.41136
0 -94.99461
47.41148
0 -94.99108
47.41124
0 -94.9892
47.41137
0 -94.948882
47.411477
0 -94.927505
47.410745
0 -94.92733
47.410728
0 -94.910317
47.410592
0 -94.810542
47.409885
0 -94.805991
47.409837
0 -94.799934
47.409848
0 -94.78893
47.40979
0 -94.755824
47.410476
0 -94.750715
47.410499
0 -94.712915
47.409613
0 -94.687065
47.409937
0 -94.68316
47.409988
0 -94.670214
47.410151
0 -94.628075
47.4102
0 -94.595598
47.410667
0 -94.545983
47.410868
0 -94.479896
47.411848
0 -94.416387
47.41183
0 -94.416285
47.414663
0 -94.416343
47.415877
0 -94.415762
47.428684
0 -94.416279
47.444828
0 -94.4159
47.47924
0 -94.416137
47.480064
0 -94.415664
47.499953
0 -94.414678
47.499953
0 -94.414494
47.506257
0 -94.415165
47.542805
0 -94.414441
47.55785
0 -94.414733
47.575923
0 -94.41428
47.586491
0 -94.415288
47.591378
0 -94.416317
47.593873
0 -94.416489
47.604319
0 -94.4162
47.605507
0 -94.41725
47.67212
0 -94.418244
47.67212
0 -94.41904
47.758929
0 -94.418963
47.777067
0 -94.418941
47.780726
0 -94.418874
47.791724
0 -94.41883
47.798904
0 -94.418716
47.817563
0 -94.418543
47.845816
0 -94.417622
47.918549
0 -94.417762
47.932935
0 -94.417747
47.93311
0 -94.41776
48.019811
0 -94.42361
48.019808
0 -94.423681
48.073627
0 -94.423557
48.07629
0 -94.423411
48.077424
0 -94.423329
48.105644
0 -94.423146
48.105762
0 -94.423355
48.146555
0 -94.422566
48.156784
0 -94.424617
48.279203
0 -94.425771
48.367339
0 -94.428702
48.367333
0 -94.55944
48.367326
0 -94.689723
48.367088
0 -94.709804
48.367021
0 -94.715365
48.367002
0 -94.818284
48.366896
0 -94.819898
48.366808
0 -94.950103
48.366686
0 -95.02816
48.366521
0 -95.039154
48.366481
0 -95.055446
48.366422
0 -95.060885
48.366402
0 -95.096765
48.366255
0 -95.09863
48.366255
0 -95.101909
48.366228
0 -95.115178
48.366195
0 -95.131484
48.366171
0 -95.134542
48.366171
0 -95.145406
48.366171
0 -95.206695
48.365989
0 -95.210953
48.365971
0 -95.211103
48.408863
0 -95.211855
48.423383
0 -95.211476
48.435091
0 -95.211336
48.442059
0 -95.211135
48.452059
0 -95.211133
48.45267
0 -95.211139
48.45565
0 -95.211149
48.459844
0 -95.211621
48.524307
0 -95.211793
48.532701
0 -95.211852
48.535214
0 -95.211879
48.536314
0 -95.211966
48.539961
0 -95.221328
48.540001
0 -95.286594
48.539922
0 -95.34254
48.540211
0 -95.3634
48.540346
0 -95.406165
48.540035
0 -95.407927
48.540087
0 -95.411637
48.540055
0 -95.429487
48.539857
0 -95.43999
48.540119
0 -95.451467
48.539792
0 -95.462
48.539732
0 -95.472792
48.539621
0 -95.489432
48.539223
0 -95.500257
48.539131
0 -95.58205
48.53862
0 -95.586733
48.538533
0 -95.601753
48.538858
0 -95.602315
48.538887
0 -95.601093
48.532075
0 -95.600917
48.489113
0 -95.600988
48.48524
0 -95.601832
48.459153
0 -95.601707
48.452116
0 -95.602842
48.394645
0 