-117.040070204144
47.3660998816571
0 -117.039843156267
47.3472139983498
0 -117.039843
47.347201
0 -117.039916376829
47.3105421865484
0 -117.040019
47.259272
0 -117.039951525748
47.2402909305895
0 -117.039899
47.225515
0 -117.039888
47.203282
0 -117.039871
47.181858
0 -117.039836
47.154734
0 -117.03982663326
47.1375213860453
0 -117.039824700693
47.1339700409763
0 -117.039821051927
47.1272649526282
0 -117.035618
47.126803
0 -117.028723
47.127787
0 -117.024048
47.127709
0 -117.019982
47.12804
0 -117.016505
47.130435
0 -117.010479
47.130783
0 -117.005239
47.130295
0 -117.001633
47.130465
0 -116.995274
47.126249
0 -116.986929
47.125853
0 -116.9848
47.126396
0 -116.981383
47.124157
0 -116.979601
47.122131
0 -116.976722
47.122055
0 -116.97476
47.120925
0 -116.97094
47.119918
0 -116.968657
47.117225
0 -116.967691
47.115101
0 -116.969535
47.111264
0 -116.969844
47.107746
0 -116.970887
47.105452
0 -116.97599
47.098165
0 -116.976775
47.094683
0 -116.976986
47.089319
0 -116.974693
47.085935
0 -116.971023
47.083837
0 -116.966073
47.081938
0 -116.96341
47.080333
0 -116.961902
47.077758
0 -116.958369
47.074854
0 -116.957144
47.070687
0 -116.95502
47.068869
0 -116.953761
47.068831
0 -116.944821
47.067058
0 -116.941861
47.069197
0 -116.938242
47.073026
0 -116.932419
47.076157
0 -116.929415
47.079639
0 -116.925267
47.081476
0 -116.92377
47.081526
0 -116.91361
47.079447
0 -116.911471
47.078104
0 -116.904286
47.077483
0 -116.901442
47.078493
0 -116.899078
47.077856
0 -116.895757
47.077778
0 -116.891825
47.075666
0 -116.887554
47.072212
0 -116.883971
47.071455
0 -116.883339
47.067515
0 -116.877706
47.063475
0 -116.874751
47.06251
0 -116.874569
47.060971
0 -116.870927
47.058383
0 -116.866242
47.057531
0 -116.865815
47.05645
0 -116.861081
47.054633
0 -116.857991
47.05476
0 -116.857037
47.054237
0 -116.858248
47.052156
0 -116.855021
47.050761
0 -116.852363
47.050988
0 -116.850991
47.048217
0 -116.848062
47.047235
0 -116.843037
47.049227
0 -116.841711
47.049191
0 -116.839299
47.047546
0 -116.837053
47.047132
0 -116.835083
47.045635
0 -116.835438
47.032576
0 -116.808103
47.032555
0 -116.77131
47.032565
0 -116.771227
47.037472
0 -116.673871
47.037453
0 -116.673013
47.0375
0 -116.650055
47.03747
0 -116.500992
47.036366
0 -116.480073
47.037048
0 -116.458612
47.036635
0 -116.458265
47.022043
0 -116.329586
47.022442
0 -116.3299
47.036687
0 -116.329304
47.046575
0 -116.329147
47.072889
0 -116.32966
47.099783
0 -116.32896
47.111726
0 -116.32948
47.244014
0 -116.330287
47.249914
0 -116.329606
47.318799
0 -116.329509
47.323194
0 -116.329444
47.370674
0 -116.329622
47.394121
0 -116.329383
47.411213
0 -116.329496
47.413781
0 -116.361858
47.413637
0 -116.394157
47.413699
0 -116.394271
47.413095
0 -116.429218
47.412655
0 -116.485688
47.412919
0 -116.522969
47.413144
0 -116.522969
47.414336
0 -116.586576
47.414662
0 -116.586526
47.400276
0 -116.629284
47.400308
0 -116.629147
47.371701
0 -116.735547
47.371664
0 -116.735082
47.374905
0 -116.734968
47.385974
0 -116.749609
47.385942
0 -116.756592
47.385911
0 -116.76007
47.385895
0 -116.768146
47.385859
0 -116.768261
47.380709
0 -116.810943
47.380634
0 -116.811154
47.374904
0 -116.81083
47.36631
0 -116.862119
47.366029
0 -116.999112
47.36592
0 -117.00346
47.366157
0 -117.040070204144
47.3660998816571
0 