-102.110819
43.389902
0 -102.110726
43.37555
0 -102.110554
43.37114
0 -102.109849
43.300613
0 -102.109786
43.299807
0 -102.109545
43.216416
0 -102.108892
43.129258
0 -102.105827
43.129276
0 -102.097587
43.129337
0 -102.081427
43.12918
0 -102.081217
43.119625
0 -102.08216
43.003974
0 -102.082515
42.999995
0 -102.082486038791
42.9993559930387
0 -101.849982
42.999329
0 -101.713904141632
42.996626576272
0 -101.713823230654
42.996624969429
0 -101.713573
42.99662
0 -101.625424
42.996238
0 -101.514241457367
42.9970180567191
0 -101.500424
42.997115
0 -101.495564154149
42.9971291063801
0 -101.426418420336
42.9973298115116
0 -101.230325
42.997899
0 -101.229203
42.997854
0 -101.228104364544
42.9978736351869
0 -101.227749
43.002087
0 -101.227907
43.156845
0 -101.2279
43.21396
0 -101.227977
43.229349
0 -101.228157
43.345367
0 -101.228179
43.389185
0 -101.498469
43.389138
0 -101.501998
43.389025
0 -101.734605
43.388989
0 -101.750408
43.389091
0 -101.758327
43.388934
0 -101.870964
43.389339
0 -101.874347
43.389349
0 -101.875427
43.389838
0 -101.980564
43.3895
0 -101.989587
43.389528
0 -102.000406
43.390171
0 -102.110819
43.389902
0 