-99.848248
48.140691
0 -99.847976
48.137296
0 -99.847865
48.108427
0 -99.847866
48.106253
0 -99.848222
48.021424
0 -99.842407
48.021476
0 -99.823358
48.021472
0 -99.812133
48.021451
0 -99.812174
48.014569
0 -99.812166
47.970263
0 -99.812174
47.966884
0 -99.812182
47.948709
0 -99.812189
47.941248
0 -99.812198
47.934223
0 -99.812167
47.847257
0 -99.703989
47.847179
0 -99.694371
47.847173
0 -99.683316
47.847095
0 -99.640527
47.847005
0 -99.576862
47.846978
0 -99.575935
47.846823
0 -99.554553
47.846802
0 -99.532509
47.846751
0 -99.426026
47.846767
0 -99.42595
47.846767
0 -99.383179
47.846758
0 -99.361722
47.846727
0 -99.33154
47.846805
0 -99.302362
47.846698
0 -99.297204
47.846811
0 -99.287765
47.84684
0 -99.245239
47.846909
0 -99.242862
47.847038
0 -99.234077
47.846964
0 -99.211176
47.846776
0 -99.174524
47.847171
0 -99.173095
47.84719
0 -99.169604
47.847233
0 -99.16858
47.847245
0 -99.15732
47.847387
0 -99.098737
47.847504
0 -99.094288
47.846978
0 -99.083004
47.84677
0 -99.040115
47.846619
0 -99.007314
47.846426
0 -99.006588
47.846533
0 -98.955408
47.846597
0 -98.955768
47.847007
0 -98.930967
47.847043
0 -98.90925
47.847336
0 -98.908229
47.847288
0 -98.888649
47.847352
0 -98.872666
47.847457
0 -98.870746
47.847288
0 -98.870356
47.847095
0 -98.78078
47.847592
0 -98.716453
47.847543
0 -98.694877
47.84753
0 -98.651968
47.84758
0 -98.586963
47.847454
0 -98.544776
47.847405
0 -98.544088
47.846169
0 -98.525516
47.846276
0 -98.525568
47.875266
0 -98.525546
47.904217
0 -98.525555
47.915056
0 -98.547397
47.914976
0 -98.557957
47.915013
0 -98.582441
47.915099
0 -98.583259
47.916561
0 -98.616797
47.916439
0 -98.620156
47.916423
0 -98.625384
47.916399
0 -98.626884
47.917199
0 -98.628084
47.919999
0 -98.630584
47.921499
0 -98.631784
47.923499
0 -98.631684
47.925999
0 -98.633184
47.927899
0 -98.632984
47.929199
0 -98.635284
47.930599
0 -98.633284
47.932299
0 -98.630484
47.932799
0 -98.629184
47.934399
0 -98.627884
47.935999
0 -98.625684
47.936799
0 -98.625984
47.938499
0 -98.628284
47.940599
0 -98.630784
47.941699
0 -98.635284
47.944699
0 -98.642585
47.948199
0 -98.645485
47.950799
0 -98.648185
47.9517
0 -98.651985
47.9542
0 -98.655285
47.9571
0 -98.659885
47.9602
0 -98.662085
47.9624
0 -98.663506
47.964703
0 -98.664286
47.9679
0 -98.664286
47.9705
0 -98.665686
47.9724
0 -98.665686
47.9748
0 -98.670186
47.9794
0 -98.670759
47.980407
0 -98.669151
47.982712
0 -98.665023
47.985562
0 -98.664168
47.987806
0 -98.665063
47.990304
0 -98.663818
47.992074
0 -98.666828
47.994189
0 -98.667333
47.995625
0 -98.670286
47.9987
0 -98.670686
47.9997
0 -98.672086
48.0004
0 -98.678184
48.000599
0 -98.683685
48.001137
0 -98.689049
48.002681
0 -98.693907
48.003691
0 -98.696946
48.003548
0 -98.697263
48.003463
0 -98.698289
48.003346
0 -98.706387
48.0034
0 -98.709987
48.0001
0 -98.713987
47.9986
0 -98.720687
47.9987
0 -98.722787
47.9981
0 -98.723587
47.9976
0 -98.725887
47.9937
0 -98.726887
47.9928
0 -98.728387
47.9895
0 -98.732587
47.985
0 -98.735687
47.9803
0 -98.749487
47.9732
0 -98.754163
47.971081
0 -98.758276
47.970671
0 -98.760736
47.970912
0 -98.761777
47.971184
0 -98.763029
47.971689
0 -98.763796
47.970688
0 -98.770938
47.967543
0 -98.773015
47.964327
0 -98.779815
47.960777
0 -98.781458
47.958686
0 -98.784337
47.956312
0 -98.784797
47.955035
0 -98.789911
47.951008
0 -98.791592
47.950631
0 -98.79456
47.951614
0 -98.797
47.954605
0 -98.797122
47.956352
0 -98.792157
47.958996
0 -98.788552
47.961929
0 -98.787334
47.964506
0 -98.784673
47.96569
0 -98.784279
47.969333
0 -98.780114
47.972883
0 -98.777624
47.973746
0 -98.768695
47.975159
0 -98.765139
47.975114
0 -98.761915
47.973494
0 -98.761675
47.971363
0 -98.760802
47.971099
0 -98.759083
47.972093
0 -98.75942
47.973841
0 -98.757062
47.976394
0 -98.753559
47.977798
0 -98.75061
47.982456
0 -98.751883
47.985787
0 -98.752627
47.989212
0 -98.752232
47.99098
0 -98.753567
47.99333
0 -98.761432
47.997433
0 -98.763111
47.999093
0 -98.763589
48.001
0 -98.762289
48.0028
0 -98.759289
48.0048
0 -98.760189
48.0059
0 -98.763689
48.0076
0 -98.764889
48.0093
0 -98.765589
48.0119
0 -98.765489
48.015
0 -98.766089
48.0173
0 -98.765289
48.0194
0 -98.76599
48.0257
0 -98.76729
48.0306
0 -98.76769
48.0285
0 -98.76689
48.0245
0 -98.768289
48.0123
0 -98.768989
48.0115
0 -98.768589
48.0076
0 -98.769189
48.0042
0 -98.768089
48.0034
0 -98.767489
48
0 -98.769754
47.998689
0 -98.776489
48.0006
0 -98.78319
48.0016
0 -98.78279
48.0044
0 -98.78329
48.0055
0 -98.78689
48.0069
0 -98.78759
48.0081
0 -98.78739
48.0111
0 -98.78439
48.0132
0 -98.78469
48.017
0 -98.786891
48.0259
0 -98.785391
48.0299
0 -98.788491
48.0311
0 -98.791391
48.0334
0 -98.792891
48.0364
0 -98.796692
48.0395
0 -98.799992
48.0445
0 -98.801492
48.0474
0 -98.801092
48.0502
0 -98.802192
48.0518
0 -98.801992
48.054
0 -98.800892
48.054701
0 -98.794892
48.055001
0 -98.794892
48.055801
0 -98.796792
48.057001
0 -98.802593
48.058601
0 -98.803893
48.059901
0 -98.807593
48.059801
0 -98.81132
48.060347
0 -98.812293
48.0604
0 -98.814793
48.061
0 -98.825094
48.0624
0 -98.826394
48.0619
0 -98.826694
48.0571
0 -98.831994
48.0532
0 -98.835394
48.049
0 -98.839294
48.0472
0 -98.841894
48.0454
0 -98.847794
48.0441
0 -98.852795
48.0416
0 -98.856795
48.0404
0 -98.863495
48.0374
0 -98.868295
48.0339
0 -98.876446
48.030308
0 -98.878366
48.029046
0 -98.880127
48.026835
0 -98.880793
48.026065
0 -98.882898
48.025248
0 -98.883196
48.022699
0 -98.885496
48.016499
0 -98.887696
48.013899
0 -98.888896
48.009499
0 -98.887195
48.008199
0 -98.893496
48.007699
0 -98.892996
48.011799
0 -98.894096
48.013499
0 -98.897996
48.016799
0 -98.899096
48.020499
0 -98.897596
48.024099
0 -98.893796
48.025399
0 -98.893296
48.026599
0 -98.895572
48.026424
0 -98.896724
48.026731
0 -98.901197
48.026899
0 -98.901197
48.024999
0 -98.905497
48.022799
0 -98.909555
48.022379
0 -98.911797
48.021499
0 -98.915797
48.021399
0 -98.917497
48.020899
0 -98.919997
48.017999
0 -98.919697
48.015299
0 -98.918797
48.014399
0 -98.917997
48.010599
0 -98.915897
48.008599
0 -98.915997
48.005799
0 -98.917497
48.004099
0 -98.923497
48.000199
0 -98.92659
47.998413
0 -98.928345
47.997115
0 -98.930069
47.997103
0 -98.932949
47.998484
0 -98.938198
47.999999
0 -98.940782
48.001655
0 -98.944798
48.002799
0 -98.94524
48.002699
0 -98.954299
48.003199
0 -98.955999
48.004599
0 -98.955399
48.002899
0 -98.963998
47.998487
0 -98.968438
47.997483
0 -98.973497
47.997874
0 -98.974399
47.997305
0 -98.979087
47.996901
0 -98.982603
47.99571
0 -98.985437
47.993824
0 -98.986104
47.99271
0 -98.991389
47.99054
0 -98.991649
47.992814
0 -98.993534
47.996524
0 -98.992807
47.998395
0 -98.988601
48.001798
0 -98.989401
48.005798
0 -98.987001
48.007298
0 -98.988201
48.010298
0 -98.988601
48.012998
0 -98.987401
48.013998
0 -98.987801
48.015798
0 -98.984401
48.017998
0 -98.986001
48.019398
0 -98.988201
48.017398
0 -98.990801
48.016898
0 -98.994301
48.018098
0 -98.995001
48.020798
0 -98.997202
48.023298
0 -98.997302
48.026998
0 -98.998502
48.028998
0 -99.004288
48.041931
0 -99.001865
48.045348
0 -99.000832
48.045871
0 -99.001927
48.047796
0 -99.001214
48.049993
0 -99.002135
48.0511
0 -99.001038
48.053294
0 -99.00613
48.051219
0 -99.008458
48.052266
0 -99.011351
48.052293
0 -99.012669
48.053404
0 -99.012397
48.051197
0 -99.0157
48.049621
0 -99.019288
48.049679
0 -99.023584
48.051301
0 -99.02506
48.051315
0 -99.026981
48.049298
0 -99.030306
48.047246
0 -99.031961
48.046784
0 -99.037335
48.047068
0 -99.038561
48.044826
0 -99.041423
48.043561
0 -99.041905
48.041966
0 -99.045193
48.041447
0 -99.047224
48.040263
0 -99.047564
48.040056
0 -99.047911
48.039845
0 -99.049758
48.03817
0 -99.049847
48.032793
0 -99.050461
48.030626
0 -99.060211
48.021977
0 -99.070351
48.021955
0 -99.070403
48.030716
0 -99.070524
48.04691
0 -99.070269
48.052825
0 -99.070571
48.063718
0 -99.070744
48.088921
0 -99.070443
48.107857
0 -99.109312
48.107663
0 -99.110574
48.108688
0 -99.117225
48.111097
0 -99.118386
48.112236
0 -99.11842
48.114128
0 -99.115742
48.118245
0 -99.116525
48.120686
0 -99.12212
48.128522
0 -99.125409
48.130402
0 -99.127355
48.130778
0 -99.128179
48.131891
0 -99.127342
48.134091
0 -99.131617
48.136624
0 -99.130514
48.139008
0 -99.128969
48.140355
0 -99.134302
48.143787
0 -99.13618
48.144291
0 -99.139356
48.143675
0 -99.146566
48.138749
0 -99.147664
48.138336
0 -99.149357
48.138428
0 -99.153471
48.139771
0 -99.157008
48.141398
0 -99.164892
48.144263
0 -99.174689
48.147321
0 -99.181229
48.148775
0 -99.186121
48.149589
0 -99.189135
48.148864
0 -99.192608
48.148731
0 -99.193784
48.149375
0 -99.195219
48.152368
0 -99.197644
48.15431
0 -99.199911
48.155309
0 -99.199908
48.1621
0 -99.200023
48.194892
0 -99.200032
48.238303
0 -99.20005
48.262849
0 -99.200113
48.269725
0 -99.200159
48.274628
0 -99.200287
48.281757
0 -99.2003
48.298287
0 -99.200306
48.370658
0 -99.232196
48.370701
0 -99.265035
48.37074
0 -99.329648
48.370782
0 -99.351341
48.370829
0 -99.362756
48.370836
0 -99.459314
48.370922
0 -99.492919
48.370946
0 -99.587706
48.371039
0 -99.621797
48.371066
0 -99.623881
48.371047
0 -99.625383
48.371269
0 -99.675173
48.371088
0 -99.700605
48.371097
0 -99.711011
48.371091
0 -99.718044
48.371085
0 -99.75452
48.371119
0 -99.846613
48.371298
0 -99.846692
48.362244
0 -99.847256
48.328921
0 -99.84699
48.328098
0 -99.847343
48.282138
0 -99.847818
48.195155
0 -99.848248
48.140691
0 