-74.270521
41.022131
0 -74.272484
41.018312
0 -74.26979
41.01632
0 -74.269337
41.015974
0 -74.266713
41.014063
0 -74.264233
41.012198
0 -74.24847
40.992303
0 -74.224981
40.98163
0 -74.211732
40.980156
0 -74.191835
40.978688
0 -74.184576
40.978079
0 -74.170988
40.976997
0 -74.17021
40.983865
0 -74.161022
40.978154
0 -74.159947
40.977485
0 -74.155691
40.97501
0 -74.149173
40.971185
0 -74.149088
40.971137
0 -74.141048
40.966348
0 -74.141168
40.965786
0 -74.141628
40.963594
0 -74.143528
40.958518
0 -74.143779
40.957816
0 -74.144429
40.956053
0 -74.146104
40.949668
0 -74.146293
40.948961
0 -74.146429
40.948441
0 -74.148171
40.942153
0 -74.148059
40.94159
0 -74.145387
40.941298
0 -74.143893
40.940507
0 -74.140287
40.935698
0 -74.139361
40.933983
0 -74.139767
40.932913
0 -74.14009
40.932176
0 -74.142259
40.929757
0 -74.141683
40.92636
0 -74.141423
40.92573
0 -74.139225
40.923323
0 -74.133903
40.922786
0 -74.131926
40.922168
0 -74.12958
40.920071
0 -74.130188
40.918197
0 -74.130243
40.918119
0 -74.132087
40.915298
0 -74.133287
40.913098
0 -74.13284
40.910905
0 -74.131787
40.907498
0 -74.132409
40.90406
0 -74.133587
40.901898
0 -74.133789
40.899295
0 -74.13102
40.895405
0 -74.129233
40.894081
0 -74.128991
40.893779
0 -74.129792
40.889863
0 -74.129809
40.889738
0 -74.130089
40.887633
0 -74.130187
40.886899
0 -74.130187
40.885999
0 -74.129102
40.885275
0 -74.120487
40.880399
0 -74.120268
40.879766
0 -74.118917
40.877637
0 -74.117804
40.876812
0 -74.114875
40.874187
0 -74.113886
40.870499
0 -74.112282
40.86889
0 -74.110986
40.865499
0 -74.110024
40.864719
0 -74.107686
40.863599
0 -74.107338
40.863077
0 -74.106786
40.859299
0 -74.107286
40.857199
0 -74.108629
40.855973
0 -74.109517
40.855408
0 -74.110163
40.85527
0 -74.111046
40.855466
0 -74.111715
40.855881
0 -74.112615
40.858581
0 -74.115964
40.859874
0 -74.118826
40.859327
0 -74.120069
40.855067
0 -74.119657
40.854285
0 -74.119462
40.85335
0 -74.119291
40.851674
0 -74.121404
40.847184
0 -74.12199
40.843258
0 -74.12298
40.841558
0 -74.124087
40.839899
0 -74.122787
40.836199
0 -74.121853
40.834098
0 -74.121187
40.8326
0 -74.121087
40.831
0 -74.124034
40.822989
0 -74.124176
40.822629
0 -74.126265
40.821005
0 -74.130031
40.819962
0 -74.13161
40.819545
0 -74.136487
40.8182
0 -74.137287
40.8173
0 -74.138695
40.811011
0 -74.138787
40.8074
0 -74.139923
40.80555
0 -74.139882
40.805282
0 -74.139984
40.803923
0 -74.138503
40.799777
0 -74.138487
40.7987
0 -74.142087
40.7934
0 -74.145387
40.7898
0 -74.147529
40.786491
0 -74.1467
40.786182
0 -74.142388
40.783853
0 -74.141313
40.783276
0 -74.138545
40.781788
0 -74.13461
40.77975
0 -74.133033
40.778966
0 -74.130359
40.777564
0 -74.129627
40.773647
0 -74.127404
40.772236
0 -74.127193
40.771574
0 -74.124651
40.772052
0 -74.118187
40.7701
0 -74.115787
40.7711
0 -74.116087
40.7721
0 -74.113787
40.7733
0 -74.112887
40.7758
0 -74.110887
40.7768
0 -74.109487
40.7774
0 -74.104686
40.7767
0 -74.103086
40.7756
0 -74.100586
40.7756
0 -74.100186
40.7734
0 -74.099086
40.7726
0 -74.097886
40.769901
0 -74.099082
40.767696
0 -74.097286
40.765601
0 -74.096086
40.762801
0 -74.094086
40.762401
0 -74.093486
40.763201
0 -74.090694
40.762114
0 -74.088077
40.767542
0 -74.090316
40.775819
0 -74.08982
40.779211
0 -74.089263
40.780046
0 -74.083351
40.786316
0 -74.081794
40.787994
0 -74.077787
40.792796
0 -74.077
40.796379
0 -74.071399
40.797241
0 -74.068585
40.7986
0 -74.067235
40.800862
0 -74.066177
40.801965
0 -74.060685
40.8057
0 -74.054469
40.806984
0 -74.050746
40.807015
0 -74.044977
40.807702
0 -74.036148
40.807963
0 -74.034343
40.8095
0 -74.032084
40.8129
0 -74.028684
40.8128
0 -74.028869
40.816036
0 -74.027421
40.816608
0 -74.02474
40.814869
0 -74.025116
40.816365
0 -74.023581
40.816484
0 -74.023224
40.818385
0 -74.020581
40.818701
0 -74.020442
40.82063
0 -74.019256
40.821037
0 -74.018559
40.822786
0 -74.017204
40.823541
0 -74.013625
40.822909
0 -74.011046
40.820573
0 -74.011783
40.8185
0 -74.013157
40.818078
0 -74.012583
40.8159
0 -74.00958
40.814585
0 -74.008733
40.81396
0 -74.005048
40.812126
0 -74.004156
40.81164
0 -74.002485
40.810757
0 -74.000873
40.810045
0 -73.998383
40.8087
0 -73.998
40.80847
0 -73.996483
40.8075
0 -73.995723
40.80712
0 -73.994412
40.806453
0 -73.994183
40.8063
0 -73.993166
40.805745
0 -73.993636
40.803238
0 -73.993766
40.801123
0 -73.9848222153612
40.7974444514401
0 -73.9843088955015
40.7981575566581
0 -73.9824834097892
40.800693525922
0 -73.9806163897831
40.8032871947296
0 -73.9788547425594
40.8057344794073
0 -73.9771693704015
40.8080758025752
0 -73.9750969903285
40.8109547580953
0 -73.971227537681
40.816330211278
0 -73.968082
40.8207
0 -73.967982575439
40.8208258025057
0 -73.9659860397118
40.8233520313851
0 -73.9657062398566
40.8237060638549
0 -73.9650921290633
40.8244831020016
0 -73.9636574765412
40.8262983766213
0 -73.963182
40.8269
0 -73.9623499039728
40.8288083941493
0 -73.9614512106068
40.8308695278475
0 -73.9599182216477
40.8343854046995
0 -73.9586114327074
40.8373824967255
0 -73.9576235765217
40.8396481234123
0 -73.9555356566198
40.8444367223176
0 -73.953982
40.848
0 -73.9521001021992
40.8514327057061
0 -73.952095189942
40.8514416659872
0 -73.948281
40.858399
0 -73.9482778881075
40.8584039729262
0 -73.9457261176646
40.8624818021634
0 -73.9381535187682
40.8745831121645
0 -73.938081
40.874699
0 -73.9334079229381
40.8820749648427
0 -73.933406
40.882078
0 -73.9290088898939
40.8895730740445
0 -73.929006
40.889578
0 -73.926757656973
40.8953553785986
0 -73.919705
40.913478
0 -73.9196864010756
40.9135352131528
0 -73.9192564425319
40.9148578317808
0 -73.918405
40.917477
0 -73.917905
40.917577
0 -73.91768
40.919498
0 -73.9176796734955
40.919498839583
0 -73.91558
40.924898
0 -73.912272372207
40.9354983493125
0 -73.9103956177983
40.94151300802
0 -73.90728
40.951498
0 -73.9072570972635
40.9515620347874
0 -73.9049158705604
40.9581079754602
0 -73.8989276186366
40.974850797407
0 -73.896479
40.981697
0 -73.893979
40.997197
0 -73.90268
40.997297
0 -73.90501
40.997591
0 -73.907054
40.998476
0 -73.91188
41.001297
0 -73.9203372461027
41.0050806926432
0 -73.9220922399263
41.0058658604317
0 -73.9384366924875
41.0131782153238
0 -73.9452212074962
41.0162135437527
0 -73.945287705613
41.016243294387
0 -73.9519197085691
41.0192103903529
0 -73.9530653260279
41.019722928867
0 -73.9591123014156
41.0224282889819
0 -73.9666470891575
41.0257992824
0 -73.9670744044022
41.0259904592356
0 -73.9773713761664
41.0305972278974
0 -73.9939572815336
41.038017606512
0 -74.0125835544388
41.0463508264403
0 -74.0135383260931
41.0467779823301
0 -74.0245669288735
41.0517120758516
0 -74.0258472191655
41.052284865729
0 -74.0294705577142
41.053905913437
0 -74.0372831280377
41.0574011841786
0 -74.041049
41.059086
0 -74.041054
41.059088
0 -74.0508612591911
41.0634371205403
0 -74.0572368208942
41.0662644228293
0 -74.0572396043522
41.0662656571797
0 -74.0678918326591
41.0709894871537
0 -74.0719550301677
41.0727913499779
0 -74.0817197215069
41.0771215934074
0 -74.0817250021555
41.0771239351603
0 -74.0912421513464
41.0813444037158
0 -74.0912658631398
41.0813549189317
0 -74.092486
41.081896
0 -74.0926420257918
41.081964941629
0 -74.096786
41.083796
0 -74.0968842207579
41.083839370011
0 -74.1037897886692
41.0868885681966
0 -74.1207999207891
41.0943995020783
0 -74.120804007501
41.0944013065923
0 -74.127243519023
41.0972447145642
0 -74.1294260249085
41.0982084141573
0 -74.1425220440736
41.103991046142
0 -74.1465813979726
41.1057834801174
0 -74.1498606761537
41.107231466613
0 -74.1500574751712
41.1073183644923
0 -74.1583048714496
41.1109600556741
0 -74.1627012650141
41.1129013116942
0 -74.18239
41.121595
0 -74.1953483876671
41.1268915105055
0 -74.206695222776
41.1315293275628
0 -74.2132103666368
41.1341922767499
0 -74.228797
41.102995
0 -74.248939
41.06382
0 -74.250595
41.060676
0 -74.270521
41.022131
0 