-73.508142
42.086257
0 -73.5030419422981
42.069692114015
0 -73.496879
42.049675
0 -73.487314
42.049638
0 -73.4367436437709
42.0505185414125
0 -73.432812
42.050587
0 -73.4261741938809
42.0504141864309
0 -73.3406383205113
42.0481872820452
0 -73.3277308315671
42.0478512389021
0 -73.3256265850805
42.0477964553879
0 -73.2962651552155
42.0470320381398
0 -73.29442
42.046984
0 -73.293097
42.04694
0 -73.2333360477821
42.0450183175694
0 -73.2329587822323
42.04500618616
0 -73.231056
42.044945
0 -73.229798
42.044877
0 -73.1722208381699
42.0432411072835
0 -73.1272760899221
42.0419641289823
0 -73.053254
42.039861
0 -73.054512
42.041973
0 -73.054929
42.044972
0 -73.056618
42.046938
0 -73.056786
42.048017
0 -73.054871
42.050257
0 -73.054346
42.052912
0 -73.053405
42.054999
0 -73.053737
42.057581
0 -73.05469
42.058536
0 -73.057178
42.059289
0 -73.060836
42.061308
0 -73.061366
42.062217
0 -73.060467
42.064841
0 -73.058449
42.066117
0 -73.058486
42.067467
0 -73.061879
42.07044
0 -73.062863
42.072829
0 -73.073087
42.094213
0 -73.074167
42.101867
0 -73.074837
42.104111
0 -73.074845
42.106146
0 -73.073046
42.106913
0 -73.071867
42.108163
0 -73.071933
42.109578
0 -73.072995
42.1106
0 -73.07242
42.11195
0 -73.069265
42.113879
0 -73.064363
42.115349
0 -73.062601
42.116373
0 -73.06109
42.118401
0 -73.061178
42.119245
0 -73.064259
42.122845
0 -73.066206
42.124247
0 -73.068446
42.129855
0 -73.069507
42.131363
0 -73.06983
42.133458
0 -73.06849
42.135795
0 -73.068909
42.138486
0 -73.070516
42.140123
0 -73.071966
42.14363
0 -73.070295
42.144917
0 -73.070125
42.146008
0 -73.071124
42.148011
0 -73.034916
42.143682
0 -73.007993
42.238409
0 -73.00566
42.246952
0 -73.00426
42.25134
0 -73.001846
42.25109
0 -73.000377
42.312351
0 -73.000067
42.312693
0 -73.001803
42.311954
0 -73.002241
42.310291
0 -73.003379
42.309702
0 -73.003573
42.30813
0 -73.005893
42.306136
0 -73.005439
42.305158
0 -73.008936
42.304496
0 -73.010854
42.304995
0 -73.012955
42.306899
0 -73.014616
42.309444
0 -73.016672
42.311189
0 -73.018822
42.30868
0 -73.020671
42.3084
0 -73.022203
42.309516
0 -73.024052
42.309339
0 -73.025893
42.308282
0 -73.028189
42.308254
0 -73.03123
42.30929
0 -73.035041
42.312961
0 -73.038538
42.314723
0 -73.040723
42.320184
0 -73.044822
42.319178
0 -73.04731
42.320934
0 -73.049844
42.32174
0 -73.051885
42.323633
0 -73.062663
42.328893
0 -73.064372
42.339722
0 -73.068595
42.38073
0 -73.065913
42.38903
0 -73.011704
42.379767
0 -73.009192
42.387766
0 -73.003592
42.408438
0 -73.003176
42.40959
0 -72.992643
42.449094
0 -72.988153
42.466848
0 -72.986473
42.466706
0 -72.979341
42.497867
0 -72.978547
42.500085
0 -72.968551
42.539954
0 -72.978981
42.541631
0 -72.97914
42.541657
0 -72.975379
42.555933
0 -72.954599
42.628654
0 -72.951039
42.641006
0 -72.951108
42.641426
0 -72.952826
42.650866
0 -72.954057
42.651295
0 -72.955573
42.654513
0 -72.955742
42.658404
0 -72.954529
42.662332
0 -72.955111
42.665869
0 -72.957048
42.666799
0 -72.960886
42.667328
0 -72.962338
42.666824
0 -72.963568
42.664484
0 -72.964711
42.664079
0 -72.96983
42.664031
0 -72.972636
42.662887
0 -72.975686
42.660918
0 -72.976872
42.661483
0 -72.980648
42.664476
0 -72.98492
42.665829
0 -72.988591
42.667317
0 -72.994428
42.672104
0 -72.995635
42.673342
0 -72.994926
42.674374
0 -72.989908
42.67413
0 -72.988442
42.674653
0 -72.989772
42.678219
0 -72.984877
42.679185
0 -72.976937
42.679026
0 -72.975474
42.680518
0 -72.977115
42.683272
0 -72.977564
42.685661
0 -72.976023
42.686362
0 -72.974833
42.688243
0 -72.971303
42.689008
0 -72.965246
42.68765
0 -72.963156
42.687655
0 -72.960855
42.688464
0 -72.958386
42.690003
0 -72.954608
42.690106
0 -72.951955
42.692673
0 -72.951628
42.695507
0 -72.953777
42.698586
0 -72.949599
42.701949
0 -72.948758
42.704092
0 -72.949742
42.705103
0 -72.997878
42.701264
0 -73.023709
42.70269
0 -73.022903
42.741133
0 -73.0485150283774
42.7416416345212
0 -73.0898800247053
42.7424631104619
0 -73.1424865920119
42.7435078350649
0 -73.1635701296493
42.7439265373603
0 -73.2131889873446
42.7449119284257
0 -73.264957
42.74594
0 -73.2731537226639
42.7238557433838
0 -73.2741413047293
42.7211949219
0 -73.3070040761806
42.6326534514115
0 -73.3125496783094
42.6177120528152
0 -73.3416444868655
42.5393225251104
0 -73.3472778527683
42.5241446664332
0 -73.352527
42.510002
0 -73.3820928961709
42.4294930473095
0 -73.3835563469972
42.4255080203494
0 -73.3886706653188
42.4115815555665
0 -73.391540845346
42.4037659565842
0 -73.4006261399339
42.3790263867795
0 -73.410647401743
42.3517381460233
0 -73.4119754261193
42.3481218899469
0 -73.4140751008963
42.3424044032755
0 -73.431085455188
42.2960846231813
0 -73.4314003439404
42.2952271702729
0 -73.4428917594207
42.2639356504791
0 -73.4599445778864
42.2175002389776
0 -73.47591804393
42.1740039412646
0 -73.4829888960403
42.1547497676471
0 -73.4971652546362
42.1161470553557
0 -73.508142
42.086257
0 