-107.19617
35.219323
0 -107.190897
35.206939
0 -107.184297
35.19374
0 -107.180697
35.18654
0 -107.178524
35.182169
0 -107.170835
35.167073
0 -107.110102
35.044638
0 -107.098808
35.022165
0 -107.084164
34.99294
0 -107.066694
34.957189
0 -107.028872
34.880474
0 -107.025022
34.871013
0 -107.023999
34.871243
0 -107.024452
34.870258
0 -107.000589
34.869659
0 -106.766228
34.869967
0 -106.721834
34.870057
0 -106.720666
34.870053
0 -106.72038
34.871305
0 -106.719762
34.872958
0 -106.718454
34.875019
0 -106.714449
34.879562
0 -106.712997
34.880444
0 -106.710814
34.880626
0 -106.709369
34.881821
0 -106.702871
34.885331
0 -106.700478
34.888809
0 -106.700072
34.890505
0 -106.696436
34.897032
0 -106.692383
34.900925
0 -106.689213
34.902905
0 -106.685889
34.90615
0 -106.661649
34.906502
0 -106.432087
34.903267
0 -106.423996
34.901868
0 -106.422913
34.900708
0 -106.422902
34.898041
0 -106.420804
34.896646
0 -106.420683
34.895063
0 -106.418954
34.894058
0 -106.41811
34.892278
0 -106.417343
34.892054
0 -106.41521
34.893026
0 -106.414475
34.892225
0 -106.413359
34.890187
0 -106.410974
34.889494
0 -106.410977
34.870254
0 -106.373193
34.870338
0 -106.360701
34.87026
0 -106.221469
34.869121
0 -106.187994
34.869042
0 -106.188004
34.87009
0 -106.149575
34.870142
0 -106.149702
34.898051
0 -106.149912
34.919008
0 -106.149967
34.951284
0 -106.150155
34.953449
0 -106.201411
34.953348
0 -106.234775
34.953394
0 -106.243866
34.953293
0 -106.243833
34.962142
0 -106.243855
34.970623
0 -106.243882
34.994848
0 -106.243586
34.997131
0 -106.24401
35.011296
0 -106.24375
35.01829
0 -106.24379
35.02558
0 -106.243866
35.040088
0 -106.24366
35.04137
0 -106.243838
35.045718
0 -106.243832
35.082121
0 -106.243816
35.082555
0 -106.243833
35.08391
0 -106.243812
35.084643
0 -106.243689
35.110937
0 -106.243819
35.112732
0 -106.243536
35.141708
0 -106.243619
35.167162
0 -106.24372
35.170238
0 -106.244161
35.180493
0 -106.24398
35.193243
0 -106.24478
35.207942
0 -106.244826
35.215193
0 -106.244827
35.215204
0 -106.25778
35.215042
0 -106.303793
35.216429
0 -106.36829
35.217437
0 -106.4024
35.217396
0 -106.418652
35.217428
0 -106.459379
35.217942
0 -106.504214
35.217924
0 -106.574047
35.217943
0 -106.57539
35.217635
0 -106.593519
35.217946
0 -106.598586
35.21794
0 -106.598652
35.217939
0 -106.606073
35.217439
0 -106.607055
35.217403
0 -106.609884
35.215434
0 -106.615162
35.212735
0 -106.618601
35.211765
0 -106.621413
35.209322
0 -106.623081
35.208844
0 -106.630635
35.206022
0 -106.638149
35.203877
0 -106.639727
35.202946
0 -106.643366
35.197762
0 -106.644505
35.198965
0 -106.645516
35.201696
0 -106.644795
35.206211
0 -106.642494
35.207297
0 -106.646018
35.208725
0 -106.651007
35.210782
0 -106.651467
35.211029
0 -106.649522
35.214141
0 -106.658178
35.217423
0 -106.658082
35.218043
0 -106.659941
35.217441
0 -106.66067
35.217403
0 -106.662431
35.217328
0 -106.662621
35.217323
0 -106.662566
35.217855
0 -106.663863
35.217835
0 -106.665513
35.217769
0 -106.677006
35.217824
0 -106.682508
35.217782
0 -106.68665
35.217997
0 -106.696558
35.217999
0 -106.713336
35.218009
0 -106.716217
35.217842
0 -106.728075
35.218041
0 -106.729852
35.218073
0 -106.73074
35.218084
0 -106.763162
35.218141
0 -106.833686
35.217941
0 -106.834324
35.218033
0 -106.836382
35.217951
0 -106.838408
35.218037
0 -106.853439
35.218041
0 -106.859383
35.218023
0 -106.924855
35.217841
0 -106.947098
35.218061
0 -106.962038
35.218392
0 -106.9754
35.218356
0 -106.978906
35.218026
0 -106.991456
35.21835
0 -107.039392
35.21854
0 -107.080694
35.21864
0 -107.12145
35.218338
0 -107.131062
35.219159
0 -107.132301
35.219107
0 -107.134744
35.219104
0 -107.16397
35.219427
0 -107.170872
35.219482
0 -107.181715
35.219639
0 -107.19617
35.219323
0 