-77.327686
36.074512
0 -77.327552
36.069582
0 -77.323354
36.059555
0 -77.322113
36.057425
0 -77.317254
36.05475
0 -77.307879
36.051328
0 -77.305759
36.050207
0 -77.301095
36.048565
0 -77.290693
36.043996
0 -77.28292
36.039192
0 -77.278596
36.036882
0 -77.274723
36.033929
0 -77.271332
36.032489
0 -77.264862
36.03064
0 -77.258435
36.02735
0 -77.253223
36.024964
0 -77.244015
36.022167
0 -77.235925
36.018646
0 -77.231951
36.016129
0 -77.230035
36.015283
0 -77.22595
36.014804
0 -77.221639
36.015149
0 -77.217836
36.015081
0 -77.215274
36.013805
0 -77.212396
36.010756
0 -77.206733
36.007118
0 -77.206056
36.005699
0 -77.208539
35.999829
0 -77.211207
35.996975
0 -77.212952
35.994702
0 -77.213248
35.992529
0 -77.212734
35.991631
0 -77.211972
35.990821
0 -77.209014
35.991119
0 -77.206818
35.992791
0 -77.203579
35.993478
0 -77.196848
35.992816
0 -77.196284
35.992198
0 -77.19558
35.989291
0 -77.19279
35.985652
0 -77.193043
35.984736
0 -77.194959
35.984324
0 -77.196536
35.982722
0 -77.195944
35.979746
0 -77.194225
35.976267
0 -77.190817
35.973498
0 -77.191549
35.97201
0 -77.195969
35.968644
0 -77.196504
35.966058
0 -77.195884
35.964616
0 -77.19411
35.962922
0 -77.191942
35.961755
0 -77.191041
35.960633
0 -77.193349
35.960496
0 -77.195968
35.962968
0 -77.197743
35.962395
0 -77.196362
35.960587
0 -77.192983
35.959237
0 -77.189802
35.958642
0 -77.188903
35.957776
0 -77.189402
35.95685
0 -77.193872
35.957655
0 -77.198038
35.957672
0 -77.199175
35.957039
0 -77.199566
35.955676
0 -77.198704
35.954489
0 -77.195344
35.951674
0 -77.194352
35.949725
0 -77.195014
35.949044
0 -77.19609
35.949059
0 -77.198843
35.950735
0 -77.200284
35.951009
0 -77.201856
35.950111
0 -77.202235
35.947798
0 -77.200893
35.944552
0 -77.199959
35.942639
0 -77.199388
35.940839
0 -77.198362
35.9391
0 -77.195961
35.936886
0 -77.191389
35.934245
0 -77.18867
35.932226
0 -77.185921
35.931007
0 -77.178062
35.929041
0 -77.173004
35.928957
0 -77.170839
35.929635
0 -77.169601
35.930682
0 -77.16858
35.933421
0 -77.166466
35.936277
0 -77.164524
35.937444
0 -77.160415
35.937626
0 -77.153465
35.936221
0 -77.147783
35.936115
0 -77.145757
35.935791
0 -77.141964
35.933905
0 -77.139872
35.934326
0 -77.136802
35.936248
0 -77.134408
35.938949
0 -77.132689
35.940345
0 -77.131394
35.940665
0 -77.12962
35.939336
0 -77.128496
35.936863
0 -77.12771
35.933656
0 -77.127515
35.930863
0 -77.126139
35.92752
0 -77.124681
35.926396
0 -77.120998
35.925641
0 -77.119677
35.926163
0 -77.116337
35.928803
0 -77.114738
35.929073
0 -77.111096
35.927562
0 -77.109833
35.928266
0 -77.107781
35.931273
0 -77.10461
35.932977
0 -77.102171
35.932905
0 -77.10077
35.931808
0 -77.098924
35.929022
0 -77.096134
35.926844
0 -77.094065
35.924706
0 -77.093131
35.92457
0 -77.091832
35.926274
0 -77.091976
35.928161
0 -77.089345
35.92867
0 -77.08793
35.92957
0 -77.086915
35.931987
0 -77.08414
35.931046
0 -77.081737
35.931969
0 -77.081003
35.934066
0 -77.081065
35.937352
0 -77.075182
35.934606
0 -77.07248
35.934377
0 -77.068483
35.935797
0 -77.066373
35.937743
0 -77.066739
35.939116
0 -77.070595
35.941978
0 -77.070621
35.943672
0 -77.069075
35.943534
0 -77.064176
35.939689
0 -77.062121
35.938934
0 -77.059081
35.938819
0 -77.056295
35.940856
0 -77.05576
35.944084
0 -77.054943
35.944771
0 -77.050918
35.944084
0 -77.045175
35.943993
0 -77.043684
35.943146
0 -77.042502
35.939666
0 -77.039125
35.931012
0 -77.037071
35.929776
0 -77.032202
35.929386
0 -77.029219
35.92998
0 -77.027699
35.929522
0 -77.028122
35.926226
0 -77.031924
35.919016
0 -77.031981
35.917963
0 -77.030321
35.917207
0 -77.028069
35.918122
0 -77.027451
35.917343
0 -77.027609
35.914501
0 -77.026778
35.911185
0 -77.027595
35.908621
0 -77.030579
35.905807
0 -77.030354
35.904868
0 -77.027484
35.90457
0 -77.02574
35.903356
0 -77.024279
35.899922
0 -77.025377
35.897427
0 -77.025238
35.894542
0 -77.022229
35.891016
0 -77.023298
35.890444
0 -77.025183
35.890696
0 -77.027208
35.892643
0 -77.029796
35.893261
0 -77.031962
35.89285
0 -77.034776
35.891386
0 -77.037476
35.890768
0 -77.037758
35.889166
0 -77.03669
35.886808
0 -77.034328
35.88422
0 -77.031544
35.88248
0 -77.03177
35.88058
0 -77.037143
35.877605
0 -77.039539
35.874822
0 -77.041872
35.875159
0 -77.043863
35.875729
0 -77.04434
35.875629
0 -77.045557
35.874621
0 -77.045249
35.873706
0 -77.040612
35.869794
0 -77.040472
35.866477
0 -77.041821
35.864738
0 -77.045044
35.863172
0 -77.0447
35.862066
0 -77.044015
35.861484
0 -77.039929
35.859607
0 -77.036072
35.857752
0 -77.034829
35.857466
0 -77.033761
35.857154
0 -77.029087
35.857512
0 -77.025936
35.858828
0 -77.021291
35.860309
0 -77.017691
35.861887
0 -77.01561
35.86239
0 -77.011111
35.862022
0 -77.009002
35.861312
0 -77.008524
35.860579
0 -77.005996
35.858443
0 -77.004306
35.858714
0 -76.999606
35.862459
0 -76.997854
35.863219
0 -76.994675
35.863368
0 -76.992093
35.864952
0 -76.989397
35.867767
0 -76.98791
35.871064
0 -76.988051
35.875852
0 -76.986477
35.87702
0 -76.983918
35.87638
0 -76.980912
35.872601
0 -76.979669
35.873169
0 -76.979676
35.875138
0 -76.978558
35.876477
0 -76.975058
35.878759
0 -76.973167
35.879236
0 -76.971216
35.881203
0 -76.968762
35.88248
0 -76.962842
35.882531
0 -76.96019
35.883074
0 -76.957791
35.884237
0 -76.957841
35.886233
0 -76.953773
35.889662
0 -76.949522
35.891595
0 -76.94739
35.893351
0 -76.946831
35.895155
0 -76.947421
35.89689
0 -76.944309
35.898626
0 -76.942711
35.900133
0 -76.940243
35.901252
0 -76.9387
35.901344
0 -76.927507
35.89966
0 -76.92501
35.898886
0 -76.922262
35.897814
0 -76.918531
35.895647
0 -76.916118
35.892522
0 -76.913509
35.885517
0 -76.911796
35.881956
0 -76.909861
35.880245
0 -76.905543
35.877689
0 -76.904281
35.875704
0 -76.904089
35.871799
0 -76.903611
35.869814
0 -76.902406
35.868056
0 -76.898004
35.866185
0 -76.895173
35.865525
0 -76.893322
35.863951
0 -76.893798
35.862238
0 -76.896126
35.860503
0 -76.899742
35.858608
0 -76.900611
35.857308
0 -76.899994
35.855024
0 -76.897527
35.851077
0 -76.897863
35.848406
0 -76.902181
35.84407
0 -76.903721
35.837428
0 -76.901871
35.835101
0 -76.896881
35.833984
0 -76.894275
35.831793
0 -76.895369
35.828825
0 -76.898396
35.826816
0 -76.903262
35.825762
0 -76.904285
35.824005
0 -76.901564
35.821301
0 -76.89957
35.82027
0 -76.893931
35.819182
0 -76.89265
35.818446
0 -76.893071
35.817599
0 -76.896706
35.815933
0 -76.897516
35.813992
0 -76.896426
35.813357
0 -76.884973
35.811907
0 -76.881356
35.81174
0 -76.876886
35.812951
0 -76.872637
35.815359
0 -76.869519
35.818296
0 -76.86303
35.823433
0 -76.861898
35.823566
0 -76.859036
35.825791
0 -76.8558
35.829555
0 -76.849504
35.835775
0 -76.849323
35.836534
0 -76.845338
35.840023
0 -76.842263
35.842075
0 -76.838796
35.845195
0 -76.83617
35.84813
0 -76.833183
35.852072
0 -76.831903
35.85491
0 -76.831607
35.85811
0 -76.832783
35.864503
0 -76.833748
35.867379
0 -76.835758
35.871529
0 -76.836656
35.875099
0 -76.836514
35.878723
0 -76.8349
35.882728
0 -76.833166
35.884402
0 -76.830195
35.885922
0 -76.82391
35.886928
0 -76.821692
35.887028
0 -76.814213
35.885986
0 -76.806232
35.88383
0 -76.802518
35.881449
0 -76.800521
35.879136
0 -76.796504
35.873667
0 -76.790461
35.86913
0 -76.786561
35.867248
0 -76.784732
35.865628
0 -76.781369
35.86391
0 -76.775272
35.862551
0 -76.772437
35.862667
0 -76.766099
35.863785
0 -76.760795
35.86557
0 -76.760842
35.864822
0 -76.758612
35.865422
0 -76.755468
35.86601
0 -76.749666
35.868181
0 -76.743284
35.872487
0 -76.739286
35.876757
0 -76.737855
35.878231
0 -76.735636
35.882232
0 -76.731307
35.888468
0 -76.728133
35.898337
0 -76.724421
35.904291
0 -76.723663
35.907221
0 -76.723609
35.911823
0 -76.719812
35.917685
0 -76.718828
35.918579
0 -76.713031
35.922129
0 -76.711172
35.922906
0 -76.708388
35.923366
0 -76.70686
35.92304
0 -76.701914
35.922772
0 -76.700619
35.923917
0 -76.699354
35.927672
0 -76.6964
35.931312
0 -76.694768
35.934197
0 -76.69339
35.937929
0 -76.6935599670378
35.9424063296214
0 -76.697601
35.942079
0 -76.707346
35.944966
0 -76.713526
35.940347
0 -76.7177218786188
35.9412736754569
0 -76.7224311163156
35.9423137281826
0 -76.726598
35.943234
0 -76.724934
35.955356
0 -76.719468
35.964013
0 -76.706395
35.9719
0 -76.699978
35.973824
0 -76.694749
35.977863
0 -76.68733
35.98457
0 -76.684767
35.988056
0 -76.681914
35.989595
0 -76.683869
36.000375
0 -76.685955
36.006324
0 -76.696888
36.009785
0 -76.7008380717509
36.0102256797006
0 -76.703781
36.010554
0 -76.703781
36.019397
0 -76.704732
36.027663
0 -76.705682
36.0317
0 -76.708059
36.038235
0 -76.705606
36.04259
0 -76.718042
36.048036
0 -76.720419
36.052071
0 -76.72541
36.058989
0 -76.727311
36.063216
0 -76.728975
36.069364
0 -76.730876
36.074743
0 -76.728737
36.078393
0 -76.72945
36.08089
0 -76.726836
36.09107
0 -76.726043
36.096236
0 -76.730163
36.101825
0 -76.734204
36.103938
0 -76.735868
36.110274
0 -76.740621
36.118147
0 -76.744187
36.12621
0 -76.749415
36.131585
0 -76.751555
36.138304
0 -76.754169
36.147517
0 -76.7542029103918
36.1480787702589
0 -76.754644
36.155386
0 -76.753931
36.165172
0 -76.751555
36.169777
0 -76.753456
36.176684
0 -76.7527934589256
36.1841712716788
0 -76.75203
36.192799
0 -76.747752
36.197402
0 -76.750842
36.204115
0 -76.749891
36.211402
0 -76.745137
36.215046
0 -76.741334
36.229235
0 -76.737531
36.231727
0 -76.737056
36.234795
0 -76.734679
36.235753
0 -76.731352
36.234603
0 -76.727549
36.231919
0 -76.725021
36.231118
0 -76.7222215366874
36.2438213580798
0 -76.837733
36.24326
0 -76.872273
36.243068
0 -76.874676
36.242826
0 -76.899949
36.243074
0 -76.903456
36.242932
0 -76.928146
36.240043
0 -76.943944
36.241359
0 -76.971343
36.238234
0 -76.977051
36.239605
0 -76.98577
36.242092
0 -76.999688
36.240248
0 -77.008765
36.239395
0 -77.042158
36.239931
0 -77.091041
36.241002
0 -77.117786
36.241586
0 -77.154886
36.242272
0 -77.158961
36.242535
0 -77.183194
36.242692
0 -77.20879
36.246875
0 -77.2289
36.217442
0 -77.228656
36.214459
0 -77.233137
36.214549
0 -77.235796
36.214005
0 -77.240825
36.215102
0 -77.245231
36.215237
0 -77.247097
36.217502
0 -77.249687
36.219013
0 -77.253048
36.219154
0 -77.255135
36.218695
0 -77.258298
36.217439
0 -77.260812
36.217669
0 -77.263863
36.217167
0 -77.266829
36.215703
0 -77.269881
36.213209
0 -77.270869
36.213118
0 -77.275388
36.214492
0 -77.27793
36.213234
0 -77.284709
36.212572
0 -77.287279
36.21129
0 -77.289935
36.212779
0 -77.29098
36.21255
0 -77.292985
36.210422
0 -77.297052
36.208774
0 -77.298295
36.207584
0 -77.298408
36.205684
0 -77.297759
36.203144
0 -77.296234
36.200786
0 -77.29341
36.197444
0 -77.29358
36.195933
0 -77.295812
36.192546
0 -77.294964
36.190761
0 -77.294936
36.188907
0 -77.295953
36.187305
0 -77.298891
36.186023
0 -77.299738
36.181697
0 -77.298043
36.180187
0 -77.297507
36.178081
0 -77.296068
36.176113
0 -77.295588
36.174047
0 -77.297907
36.17336
0 -77.298053
36.172345
0 -77.296053
36.172317
0 -77.293274
36.170299
0 -77.29181
36.16849
0 -77.289298
36.169446
0 -77.287537
36.169573
0 -77.28546
36.168926
0 -77.282907
36.167375
0 -77.280217
36.164406
0 -77.277348
36.158341
0 -77.275429
36.157436
0 -77.273846
36.157434
0 -77.264744
36.159745
0 -77.262983
36.15897
0 -77.262845
36.157035
0 -77.266683
36.151493
0 -77.267
36.149688
0 -77.265733
36.146462
0 -77.26605
36.14119
0 -77.264942
36.13977
0 -77.252636
36.13679
0 -77.251528
36.136015
0 -77.250737
36.134982
0 -77.250579
36.131628
0 -77.254259
36.125313
0 -77.2541
36.122733
0 -77.251855
36.12199
0 -77.246127
36.121434
0 -77.241833
36.121558
0 -77.239439
36.120395
0 -77.239281
36.119363
0 -77.241833
36.118076
0 -77.249332
36.117439
0 -77.25141
36.116281
0 -77.251568
36.115507
0 -77.249807
36.114086
0 -77.242961
36.112015
0 -77.239775
36.111496
0 -77.234018
36.111102
0 -77.231149
36.109552
0 -77.229725
36.106325
0 -77.230219
36.104004
0 -77.236748
36.100013
0 -77.240428
36.097438
0 -77.244266
36.096539
0 -77.247135
36.097058
0 -77.249351
36.097964
0 -77.253823
36.098613
0 -77.266604
36.09953
0 -77.271392
36.099149
0 -77.275863
36.09838
0 -77.282392
36.096452
0 -77.285261
36.094924
0 -77.291177
36.091061
0 -77.295014
36.090291
0 -77.299309
36.089651
0 -77.305699
36.0894
0 -77.310645
36.089019
0 -77.313197
36.088377
0 -77.315116
36.086831
0 -77.316066
36.085285
0 -77.318302
36.079483
0 -77.320537
36.077551
0 -77.325681
36.076525
0 -77.327686
36.074512
0 