-98.806552
29.690709
0 -98.806415
29.675817
0 -98.805934
29.633678
0 -98.805848
29.580936
0 -98.805799
29.572047
0 -98.805743
29.561199
0 -98.805653
29.540013
0 -98.805578
29.522711
0 -98.805341
29.483027
0 -98.805173
29.463057
0 -98.805092
29.447384
0 -98.805002
29.429509
0 -98.804944
29.403889
0 -98.804752
29.365679
0 -98.804622
29.331826
0 -98.804592
29.323344
0 -98.804878
29.313552
0 -98.804898
29.313209
0 -98.804868
29.303847
0 -98.804766
29.278959
0 -98.804763
29.250693
0 -98.803771
29.250237
0 -98.799475
29.248702
0 -98.779769
29.241959
0 -98.775941
29.240645
0 -98.7503
29.231839
0 -98.734966
29.22671
0 -98.68846
29.21083
0 -98.682015
29.20863
0 -98.63851
29.193774
0 -98.590587
29.177251
0 -98.58573
29.175582
0 -98.557348
29.165861
0 -98.547608
29.162526
0 -98.526902
29.155435
0 -98.524215
29.154515
0 -98.497539
29.14541
0 -98.484266
29.140821
0 -98.484041
29.140744
0 -98.441548
29.126127
0 -98.441456
29.126092
0 -98.431298
29.122507
0 -98.407336
29.114435
0 -98.397585
29.125244
0 -98.330197
29.206269
0 -98.327196
29.209868
0 -98.304559
29.237003
0 -98.303019
29.23885
0 -98.300464
29.24191
0 -98.295924
29.247353
0 -98.29246
29.251235
0 -98.28702
29.257626
0 -98.283214
29.26233
0 -98.255615
29.296176
0 -98.249288
29.303938
0 -98.237988
29.317737
0 -98.20469
29.358113
0 -98.204587
29.358236
0 -98.190599
29.375249
0 -98.188143
29.378514
0 -98.187687
29.379035
0 -98.138033
29.439391
0 -98.137187
29.440428
0 -98.134171
29.441751
0 -98.132668
29.442696
0 -98.131121
29.44318
0 -98.128681
29.445363
0 -98.126123
29.446192
0 -98.120922
29.446476
0 -98.120702
29.446982
0 -98.121075
29.449048
0 -98.120559
29.449397
0 -98.122559
29.450892
0 -98.124107
29.453224
0 -98.126771
29.454736
0 -98.12682
29.457322
0 -98.125594
29.45824
0 -98.123575
29.457675
0 -98.120243
29.457468
0 -98.117774
29.46023
0 -98.117033
29.461925
0 -98.116902
29.463884
0 -98.117564
29.466507
0 -98.118722
29.469263
0 -98.120577
29.470841
0 -98.121138
29.473542
0 -98.122276
29.473019
0 -98.124087
29.474003
0 -98.124855
29.475593
0 -98.124485
29.476468
0 -98.123057
29.47638
0 -98.122322
29.477646
0 -98.12514
29.480196
0 -98.125881
29.481648
0 -98.126767
29.482248
0 -98.128986
29.482453
0 -98.131106
29.481381
0 -98.131861
29.480127
0 -98.134112
29.479441
0 -98.134263
29.478847
0 -98.136269
29.479265
0 -98.137092
29.481191
0 -98.136802
29.482495
0 -98.135481
29.483089
0 -98.13565
29.484216
0 -98.137172
29.484234
0 -98.139449
29.482485
0 -98.14058
29.484152
0 -98.139491
29.485549
0 -98.141786
29.486485
0 -98.143622
29.485743
0 -98.142767
29.485303
0 -98.142793
29.484027
0 -98.144466
29.484231
0 -98.143982
29.482492
0 -98.142467
29.481611
0 -98.142959
29.479741
0 -98.144229
29.47813
0 -98.146122
29.477542
0 -98.150015
29.475667
0 -98.150989
29.476278
0 -98.150156
29.479752
0 -98.151176
29.480558
0 -98.152409
29.478616
0 -98.154163
29.477863
0 -98.155754
29.477809
0 -98.159124
29.478651
0 -98.1613
29.477716
0 -98.164638
29.478091
0 -98.16682
29.479912
0 -98.166832
29.482036
0 -98.168145
29.484743
0 -98.168767
29.487092
0 -98.166943
29.489622
0 -98.168288
29.491169
0 -98.168344
29.496153
0 -98.169249
29.49744
0 -98.17023
29.497864
0 -98.171507
29.496747
0 -98.172199
29.49463
0 -98.173199
29.494509
0 -98.173764
29.496627
0 -98.176336
29.496688
0 -98.17811
29.497617
0 -98.180153
29.497229
0 -98.181216
29.497337
0 -98.183084
29.496655
0 -98.183814
29.496039
0 -98.184914
29.493393
0 -98.184323
29.492716
0 -98.180456
29.492782
0 -98.179092
29.490911
0 -98.179651
29.489569
0 -98.178696
29.487842
0 -98.177608
29.487176
0 -98.177074
29.484838
0 -98.178017
29.484442
0 -98.182871
29.484844
0 -98.185085
29.486089
0 -98.187592
29.488212
0 -98.188656
29.490202
0 -98.188694
29.491363
0 -98.189964
29.492843
0 -98.190203
29.494653
0 -98.18975
29.49665
0 -98.188285
29.499412
0 -98.186714
29.500421
0 -98.186324
29.5012
0 -98.186318
29.50132
0 -98.186922
29.502676
0 -98.188085
29.503777
0 -98.1899
29.505719
0 -98.190732
29.508004
0 -98.190794
29.509508
0 -98.195057
29.510715
0 -98.195356
29.51111
0 -98.195891
29.510103
0 -98.198573
29.509365
0 -98.199393
29.509661
0 -98.200237
29.511445
0 -98.19969
29.513596
0 -98.196759
29.515335
0 -98.198571
29.517326
0 -98.201885
29.516869
0 -98.202533
29.517705
0 -98.201332
29.519048
0 -98.204779
29.52215
0 -98.207245
29.52237
0 -98.207503
29.522353
0 -98.20773
29.522419
0 -98.208044
29.522425
0 -98.208403
29.522529
0 -98.208648
29.522678
0 -98.208831
29.522826
0 -98.209292
29.523082
0 -98.210542
29.523393
0 -98.214272
29.522963
0 -98.216436
29.524294
0 -98.218822
29.523539
0 -98.219147
29.52393
0 -98.218689
29.526956
0 -98.219368
29.528533
0 -98.219866
29.528988
0 -98.219754
29.529425
0 -98.221078
29.531246
0 -98.221021
29.531973
0 -98.221365
29.5318
0 -98.221383
29.532045
0 -98.22182
29.533021
0 -98.222025
29.533659
0 -98.222059
29.534629
0 -98.222182
29.534811
0 -98.222163
29.535081
0 -98.222289
29.535306
0 -98.222227
29.535603
0 -98.22239
29.53595
0 -98.222551
29.536449
0 -98.22257
29.536735
0 -98.22241
29.537127
0 -98.222282
29.537199
0 -98.222242
29.537527
0 -98.222146
29.537986
0 -98.222347
29.538464
0 -98.224399
29.540312
0 -98.228212
29.541202
0 -98.229583
29.543227
0 -98.224306
29.543486
0 -98.224213
29.543506
0 -98.221858
29.543861
0 -98.220978
29.545149
0 -98.221136
29.546601
0 -98.221589
29.547932
0 -98.222653
29.549032
0 -98.224912
29.549681
0 -98.226352
29.549642
0 -98.226701
29.549328
0 -98.226912
29.547441
0 -98.227409
29.547003
0 -98.229917
29.546846
0 -98.230553
29.547994
0 -98.230693
29.548734
0 -98.230695
29.550837
0 -98.232539
29.554019
0 -98.233899
29.554893
0 -98.239204
29.556575
0 -98.243162
29.557052
0 -98.246402
29.556
0 -98.248421
29.555377
0 -98.248931
29.554596
0 -98.248885
29.551521
0 -98.251443
29.549832
0 -98.253796
29.550311
0 -98.255361
29.552332
0 -98.254574
29.552826
0 -98.255315
29.554791
0 -98.257518
29.555248
0 -98.258826
29.554556
0 -98.260075
29.550161
0 -98.25937
29.547487
0 -98.257806
29.545714
0 -98.253881
29.544211
0 -98.253021
29.54321
0 -98.253882
29.540982
0 -98.255377
29.540491
0 -98.259746
29.541265
0 -98.260658
29.542349
0 -98.264818
29.543949
0 -98.267432
29.544178
0 -98.270389
29.54573
0 -98.27084
29.548822
0 -98.272924
29.550878
0 -98.27333
29.551006
0 -98.27371
29.551213
0 -98.279069
29.551141
0 -98.284178
29.553255
0 -98.28553
29.554763
0 -98.285712
29.55732
0 -98.287782
29.559373
0 -98.292819
29.561309
0 -98.294766
29.561531
0 -98.296567
29.560734
0 -98.298524
29.561141
0 -98.298328
29.56322
0 -98.29985
29.566868
0 -98.2999
29.566918
0 -98.301539
29.568342
0 -98.301882
29.568759
0 -98.302915
29.571583
0 -98.302903
29.574654
0 -98.305839
29.577439
0 -98.305948
29.57945
0 -98.303927
29.582426
0 -98.304431
29.58522
0 -98.305154
29.586057
0 -98.305966
29.586118
0 -98.310636
29.589182
0 -98.312058
29.590854
0 -98.310928
29.594473
0 -98.31095
29.59456
0 -98.310831
29.598083
0 -98.312222
29.601802
0 -98.312713
29.602111
0 -98.313292
29.602236
0 -98.313494
29.602279
0 -98.314806
29.602844
0 -98.320456
29.601939
0 -98.325102
29.603408
0 -98.327872
29.605971
0 -98.328651
29.608233
0 -98.328565
29.610427
0 -98.335328
29.611301
0 -98.339187
29.6131
0 -98.34234
29.617193
0 -98.345121
29.618092
0 -98.345536
29.620041
0 -98.342715
29.62195
0 -98.342271
29.62556
0 -98.340861
29.627541
0 -98.340541
29.629709
0 -98.343052
29.634768
0 -98.344178
29.63638
0 -98.34509
29.63763
0 -98.346072
29.639313
0 -98.347295
29.642394
0 -98.347618
29.645018
0 -98.3434
29.650993
0 -98.342733
29.653442
0 -98.345108
29.655058
0 -98.356629
29.658648
0 -98.359781
29.662987
0 -98.360802
29.665226
0 -98.363764
29.666732
0 -98.367933
29.665493
0 -98.370994
29.664303
0 -98.377117
29.662728
0 -98.378906
29.662949
0 -98.380541
29.668434
0 -98.380854
29.671906
0 -98.381646
29.674085
0 -98.382419
29.674429
0 -98.382566
29.67446
0 -98.383139
29.674701
0 -98.384341
29.676534
0 -98.384113
29.678591
0 -98.381781
29.680455
0 -98.37754
29.682621
0 -98.376865
29.683996
0 -98.376315
29.687055
0 -98.376711
29.689041
0 -98.378252
29.692078
0 -98.379776
29.693961
0 -98.380827
29.696283
0 -98.380523
29.699539
0 -98.380965
29.701485
0 -98.380487
29.703464
0 -98.37711
29.705666
0 -98.375068
29.706369
0 -98.371274
29.705
0 -98.368087
29.705647
0 -98.362327
29.70597
0 -98.35722
29.703912
0 -98.354557
29.703864
0 -98.35128
29.704867
0 -98.347273
29.706777
0 -98.344689
29.707239
0 -98.343379
29.70801
0 -98.34135
29.70965
0 -98.340367
29.711795
0 -98.340361
29.715819
0 -98.338724
29.71705
0 -98.338088
29.7187
0 -98.338618
29.721786
0 -98.341505
29.723337
0 -98.346283
29.726703
0 -98.348408
29.727104
0 -98.350208
29.728748
0 -98.352456
29.732159
0 -98.352589
29.734365
0 -98.355817
29.734072
0 -98.35672
29.732885
0 -98.35692
29.732452
0 -98.359382
29.729037
0 -98.364366
29.724332
0 -98.369828
29.720693
0 -98.37521
29.719975
0 -98.375644
29.722654
0 -98.374999
29.724619
0 -98.3735
29.726022
0 -98.373248
29.729186
0 -98.373729
29.730594
0 -98.376967
29.732618
0 -98.384353
29.735141
0 -98.386951
29.733942
0 -98.388262
29.733943
0 -98.390972
29.73648
0 -98.393632
29.736481
0 -98.398339
29.737615
0 -98.399752
29.739278
0 -98.39813
29.742248
0 -98.398659
29.743497
0 -98.402087
29.746859
0 -98.403272
29.748824
0 -98.407786
29.748599
0 -98.410834
29.747426
0 -98.416064
29.746549
0 -98.418984
29.744937
0 -98.420673
29.743529
0 -98.421765
29.740377
0 -98.421803
29.738842
0 -98.42048
29.733814
0 -98.417851
29.733318
0 -98.416887
29.731695
0 -98.417253
29.730513
0 -98.418627
29.729489
0 -98.421048
29.728879
0 -98.425908
29.727015
0 -98.429722
29.723978
0 -98.430005
29.723285
0 -98.426968
29.71884
0 -98.426842
29.71769
0 -98.42797
29.716683
0 -98.430926
29.715754
0 -98.435136
29.716029
0 -98.438344
29.715627
0 -98.440841
29.716464
0 -98.443852
29.71965
0 -98.444704
29.722466
0 -98.444606
29.726149
0 -98.442918
29.730471
0 -98.442681
29.732286
0 -98.443671
29.734646
0 -98.445978
29.735884
0 -98.448052
29.735817
0 -98.451203
29.734403
0 -98.452479
29.733207
0 -98.452595
29.732802
0 -98.457494
29.731564
0 -98.459555
29.731839
0 -98.459965
29.732543
0 -98.462127
29.733505
0 -98.464959
29.738115
0 -98.465974
29.738538
0 -98.468471
29.737861
0 -98.471647
29.736298
0 -98.473972
29.734366
0 -98.476991
29.733436
0 -98.479778
29.73508
0 -98.485332
29.735832
0 -98.487935
29.735897
0 -98.48975
29.73534
0 -98.492354
29.735934
0 -98.493023
29.737034
0 -98.496957
29.73849
0 -98.50115
29.738241
0 -98.503974
29.738644
0 -98.507188
29.739795
0 -98.509728
29.741259
0 -98.514491
29.742856
0 -98.516226
29.743083
0 -98.517941
29.74414
0 -98.520241
29.744905
0 -98.523374
29.745242
0 -98.526086
29.743416
0 -98.525381
29.740786
0 -98.526781
29.740445
0 -98.528192
29.742228
0 -98.528286
29.743659
0 -98.533959
29.74679
0 -98.533625
29.750505
0 -98.534015
29.752353
0 -98.535043
29.752981
0 -98.536575
29.752843
0 -98.538996
29.751903
0 -98.543718
29.752052
0 -98.547306
29.753615
0 -98.547867
29.754391
0 -98.546882
29.757301
0 -98.548067
29.759997
0 -98.550489
29.760713
0 -98.553017
29.76019
0 -98.554997
29.758633
0 -98.555451
29.757115
0 -98.555117
29.755255
0 -98.558359
29.751975
0 -98.559304
29.751482
0 -98.562614
29.751476
0 -98.562967
29.752153
0 -98.565545
29.752659
0 -98.566838
29.751922
0 -98.568571
29.748329
0 -98.569768
29.748395
0 -98.572107
29.749715
0 -98.574567
29.750419
0 -98.575216
29.750001
0 -98.576407
29.747107
0 -98.579294
29.745478
0 -98.578928
29.743597
0 -98.581475
29.742782
0 -98.582849
29.741137
0 -98.584772
29.741461
0 -98.586682
29.742451
0 -98.587496
29.746418
0 -98.588493
29.747595
0 -98.591412
29.747215
0 -98.593113
29.745679
0 -98.596972
29.747362
0 -98.600406
29.74998
0 -98.603404
29.749522
0 -98.604739
29.747255
0 -98.60129
29.744874
0 -98.599997
29.743031
0 -98.600469
29.741265
0 -98.603381
29.739933
0 -98.606457
29.740042
0 -98.607473
29.740455
0 -98.611599
29.740063
0 -98.612723
29.738236
0 -98.614343
29.737602
0 -98.617382
29.739642
0 -98.616924
29.742916
0 -98.617826
29.743851
0 -98.623339
29.743933
0 -98.628327
29.744261
0 -98.63288
29.741936
0 -98.636379
29.74098
0 -98.642605
29.740207
0 -98.644736
29.741184
0 -98.646231
29.743602
0 -98.646124
29.745181
0 -98.645466
29.747855
0 -98.64776
29.749809
0 -98.649778
29.7535
0 -98.651278
29.754024
0 -98.652501
29.75354
0 -98.653347
29.75135
0 -98.652552
29.749865
0 -98.653051
29.748831
0 -98.655999
29.747774
0 -98.657975
29.748238
0 -98.658515
29.749207
0 -98.6593
29.749211
0 -98.661108
29.7493
0 -98.663088
29.74754
0 -98.663391
29.745131
0 -98.660567
29.743722
0 -98.660253
29.741571
0 -98.663241
29.741027
0 -98.666481
29.742843
0 -98.668479
29.743476
0 -98.670875
29.743272
0 -98.673832
29.742117
0 -98.674501
29.738805
0 -98.676575
29.737271
0 -98.68141
29.738305
0 -98.682935
29.739351
0 -98.687549
29.73872
0 -98.689441
29.737728
0 -98.691509
29.7355
0 -98.692725
29.735208
0 -98.700416
29.737397
0 -98.701135
29.735719
0 -98.699888
29.732706
0 -98.703602
29.733023
0 -98.705271
29.733136
0 -98.707789
29.732372
0 -98.710692
29.730851
0 -98.712852
29.728209
0 -98.715592
29.72582
0 -98.71767
29.725306
0 -98.721813
29.728896
0 -98.723234
29.729614
0 -98.726063
29.727748
0 -98.732525
29.729534
0 -98.734126
29.729451
0 -98.733709
29.7279
0 -98.730532
29.725667
0 -98.728961
29.723275
0 -98.728954
29.722306
0 -98.733117
29.721566
0 -98.734249
29.721364
0 -98.735403
29.719633
0 -98.735703
29.718585
0 -98.73816
29.716576
0 -98.741054
29.717048
0 -98.744017
29.716475
0 -98.744659
29.718427
0 -98.748051
29.720555
0 -98.750359
29.721016
0 -98.751543
29.720257
0 -98.752918
29.721094
0 -98.757052
29.722026
0 -98.759139
29.721554
0 -98.760052
29.722319
0 -98.762252
29.722011
0 -98.764925
29.720879
0 -98.766665
29.719554
0 -98.767755
29.720748
0 -98.770843
29.721365
0 -98.771518
29.720458
0 -98.775124
29.719689
0 -98.776917
29.720258
0 -98.778782
29.720167
0 -98.802771
29.694835
0 -98.806552
29.690709
0 