-96.830677
45.586096
0 -96.835451
45.586129
0 -96.801987
45.555414
0 -96.799102
45.554225
0 -96.79384
45.550724
0 -96.784863
45.5413
0 -96.781036
45.535972
0 -96.76528
45.521414
0 -96.7637717870835
45.5193171691186
0 -96.760591
45.514895
0 -96.752865
45.502163
0 -96.7515512681348
45.4997679054867
0 -96.745487
45.488712
0 -96.743683
45.484439
0 -96.743486
45.480649
0 -96.742509
45.478723
0 -96.738446
45.473499
0 -96.736837
45.466775
0 -96.732739
45.458737
0 -96.731396
45.45702
0 -96.72425
45.451482
0 -96.710786
45.43693
0 -96.7036441868643
45.4282402517393
0 -96.702006
45.426247
0 -96.692541
45.417338
0 -96.686178459477
45.4131518132335
0 -96.683753
45.411556
0 -96.680454
45.410499
0 -96.6780869878811
45.4103652144139
0 -96.675447
45.410216
0 -96.670301
45.410545
0 -96.662258
45.409011
0 -96.647888
45.410126
0 -96.640624
45.409227
0 -96.631204
45.409238
0 -96.617726
45.408092
0 -96.6162935663619
45.4076668409527
0 -96.6162792068708
45.407662578928
0 -96.60118
45.403181
0 -96.584764
45.395705
0 -96.578879
45.392295
0 -96.574847099574
45.3909944908007
0 -96.571364
45.389871
0 -96.562142
45.38609
0 -96.5554653376133
45.3840088336676
0 -96.545973
45.38105
0 -96.539722
45.380338
0 -96.530944
45.378495
0 -96.521787
45.375645
0 -96.508132
45.367832
0 -96.502006
45.365473
0 -96.4924922968908
45.3592961872712
0 -96.489065
45.357071
0 -96.482556
45.346273
0 -96.479323
45.339644
0 -96.4703867757911
45.3266054662554
0 -96.4698540743201
45.3258282200783
0 -96.469246
45.324941
0 -96.468756
45.320564
0 -96.468027
45.318619
0 -96.466644
45.317162
0 -96.46191
45.313884
0 -96.457781
45.30761
0 -96.456941
45.303652
0 -96.4555348933899
45.3026118663432
0 -96.4543250259353
45.3017168958973
0 -96.454094
45.301546
0 -96.453067
45.298115
0 -96.4529377188688
45.2916345490935
0 -96.4528890243925
45.2891936502542
0 -96.452791
45.28428
0 -96.4528044690961
45.2829824486595
0 -96.4528760483708
45.2760868275174
0 -96.452949
45.269059
0 -96.452947585722
45.2689249938184
0 -96.447863
45.269124
0 -96.430717
45.269351
0 -96.430451
45.268654
0 -96.427875
45.267541
0 -96.425905
45.26846
0 -96.423592
45.267113
0 -96.422214
45.267914
0 -96.419613
45.267207
0 -96.419088
45.267778
0 -96.41753
45.266516
0 -96.418604
45.265269
0 -96.41528
45.263025
0 -96.413922
45.262619
0 -96.414681
45.261257
0 -96.412397
45.260991
0 -96.41044
45.260128
0 -96.409416
45.25787
0 -96.408067
45.258364
0 -96.406964
45.25652
0 -96.405814
45.257452
0 -96.403722
45.256486
0 -96.401029
45.25676
0 -96.400228
45.257533
0 -96.398007
45.257184
0 -96.397158
45.258026
0 -96.39488
45.257667
0 -96.393945
45.258243
0 -96.391423
45.257924
0 -96.386535
45.258872
0 -96.385296
45.25774
0 -96.381472
45.258471
0 -96.380728
45.259746
0 -96.377477
45.259775
0 -96.377483
45.260784
0 -96.375214
45.260281
0 -96.37433
45.260748
0 -96.37202
45.26035
0 -96.370687
45.258919
0 -96.369136
45.258975
0 -96.3684
45.258489
0 -96.368642
45.257589
0 -96.365112
45.257224
0 -96.363622
45.257736
0 -96.361141
45.257225
0 -96.357778
45.258295
0 -96.355218
45.256445
0 -96.349997
45.255365
0 -96.346271
45.256942
0 -96.342509
45.255889
0 -96.339257
45.25606
0 -96.338414
45.256065
0 -96.337862
45.255962
0 -96.337113
45.255614
0 -96.335848
45.255321
0 -96.33552
45.255183
0 -96.335108
45.254823
0 -96.333075
45.253275
0 -96.328374
45.251918
0 -96.327722
45.25013
0 -96.324933
45.250722
0 -96.322236
45.250771
0 -96.322155
45.252299
0 -96.320408
45.251391
0 -96.320023
45.24945
0 -96.318861
45.250658
0 -96.317245
45.250735
0 -96.31641
45.252374
0 -96.314798
45.250617
0 -96.312422
45.251808
0 -96.311142
45.251075
0 -96.313307
45.249908
0 -96.313405
45.247447
0 -96.311866
45.248025
0 -96.309143
45.247094
0 -96.30796
45.247403
0 -96.307378
45.249999
0 -96.304415
45.24915
0 -96.301968
45.24994
0 -96.298337
45.248982
0 -96.293653
45.248411
0 -96.292438
45.249327
0 -96.290876
45.248865
0 -96.28932
45.247333
0 -96.287966
45.24776
0 -96.286256
45.246828
0 -96.283393
45.246911
0 -96.283734
45.244927
0 -96.285288
45.243505
0 -96.284275
45.242671
0 -96.287862
45.241516
0 -96.287759
45.240093
0 -96.288834
45.238733
0 -96.288367
45.23745
0 -96.286866
45.236886
0 -96.282345
45.236914
0 -96.280273
45.235921
0 -96.282498
45.234431
0 -96.280515
45.232892
0 -96.281068
45.230849
0 -96.279401
45.229714
0 -96.277847
45.226361
0 -96.275356
45.226614
0 -96.276619
45.223647
0 -96.274612
45.223745
0 -96.27455
45.22266
0 -96.272032
45.223739
0 -96.269552
45.223115
0 -96.267682
45.221725
0 -96.265546
45.222398
0 -96.262914
45.221394
0 -96.263264
45.222419
0 -96.262102
45.223283
0 -96.259667
45.222581
0 -96.258197
45.223536
0 -96.256705
45.221171
0 -96.254805
45.221412
0 -96.251861
45.219804
0 -96.251873
45.218342
0 -96.250676
45.219029
0 -96.248014
45.219095
0 -96.246579
45.218408
0 -96.244751
45.218824
0 -96.242796
45.217778
0 -96.24094
45.21808
0 -96.239626
45.219779
0 -96.23754
45.21979
0 -96.232974
45.21816
0 -96.230328
45.218128
0 -96.226171
45.219492
0 -96.223872
45.220756
0 -96.219981
45.219502
0 -96.211105
45.213236
0 -96.209628
45.20982
0 -96.206501
45.208001
0 -96.20736
45.207138
0 -96.204098
45.205454
0 -96.201537
45.205975
0 -96.198473
45.203653
0 -96.195823
45.203484
0 -96.193428
45.202491
0 -96.192239
45.20087
0 -96.190241
45.200312
0 -96.187793
45.1988
0 -96.186272
45.198928
0 -96.185148
45.197896
0 -96.179654
45.196522
0 -96.178598
45.195703
0 -96.174402
45.194514
0 -96.172398
45.192739
0 -96.165972
45.192426
0 -96.163268
45.193541
0 -96.161502
45.191664
0 -96.156533
45.191394
0 -96.149623
45.190682
0 -96.146392
45.191136
0 -96.144339
45.192474
0 -96.141157
45.193286
0 -96.138165
45.193286
0 -96.132102
45.191918
0 -96.123841
45.188843
0 -96.114794
45.186088
0 -96.107596
45.18319
0 -96.105742
45.180853
0 -96.105315
45.17766
0 -96.103614
45.176675
0 -96.10371
45.239766
0 -96.118054
45.239784
0 -96.117593
45.318509
0 -96.117493
45.319223
0 -96.117874
45.32658
0 -96.118326
45.391529
0 -96.117079
45.398807
0 -96.117036
45.411993
0 -96.147397
45.41199
0 -96.168274
45.41198
0 -96.178594
45.411996
0 -96.190201
45.412165
0 -96.199799
45.412309
0 -96.241328
45.412667
0 -96.241298
45.419951
0 -96.24127
45.426698
0 -96.241185
45.448006
0 -96.241
45.498598
0 -96.241
45.498649
0 -96.240967
45.513103
0 -96.24115
45.521928
0 -96.241198
45.53374
0 -96.241289
45.542027
0 -96.241431
45.58561
0 -96.253026
45.585526
0 -96.261423
45.585456
0 -96.293176
45.585569
0 -96.303256
45.585218
0 -96.370156
45.585469
0 -96.38558
45.585446
0 -96.390796
45.585453
0 -96.42717
45.585446
0 -96.427945
45.585559
0 -96.493635
45.585455
0 -96.511022
45.58545
0 -96.597069
45.585726
0 -96.604468
45.585486
0 -96.617158
45.585502
0 -96.636225
45.585708
0 -96.761012
45.585975
0 -96.802827
45.586057
0 -96.823855
45.586058
0 -96.830677
45.586096
0 