-92.554493
42.631914
0 -92.554655
42.624981
0 -92.554256
42.621073
0 -92.554497
42.592029
0 -92.554516
42.57753
0 -92.554624
42.563065
0 -92.5543
42.555854
0 -92.554348
42.500103
0 -92.55433
42.469601
0 -92.534015
42.469592
0 -92.533995
42.442242
0 -92.533915
42.413422
0 -92.533876
42.391735
0 -92.533862
42.384022
0 -92.533794
42.369141
0 -92.53351
42.297001
0 -92.494669
42.29714
0 -92.465092
42.297194
0 -92.416949
42.297284
0 -92.298792
42.297527
0 -92.220393
42.297421
0 -92.196418
42.297401
0 -92.181433
42.297481
0 -92.093879
42.297335
0 -92.084206
42.29732
0 -92.064766
42.297259
0 -92.064775
42.297797
0 -92.064744
42.299116
0 -92.064715
42.34802
0 -92.064714
42.350509
0 -92.064692
42.367502
0 -92.064467
42.370928
0 -92.06478
42.374985
0 -92.064692
42.384616
0 -92.064192
42.463949
0 -92.064187
42.468221
0 -92.075718
42.468203
0 -92.081446
42.468192
0 -92.08171
42.482758
0 -92.082079
42.522865
0 -92.082416
42.526312
0 -92.08238
42.554918
0 -92.082362
42.565887
0 -92.082043
42.569408
0 -92.081661
42.642056
0 -92.116139
42.641958
0 -92.147888
42.642152
0 -92.18978
42.642158
0 -92.19895
42.642189
0 -92.229016
42.642191
0 -92.248707
42.642203
0 -92.258549
42.6422
0 -92.317662
42.642237
0 -92.366886
42.642297
0 -92.371862
42.642288
0 -92.396423
42.642296
0 -92.416115
42.642278
0 -92.436121
42.642265
0 -92.451107
42.642264
0 -92.475409
42.642267
0 -92.494492
42.642242
0 -92.498875
42.642294
0 -92.501435
42.642246
0 -92.514425
42.64232
0 -92.529263
42.642258
0 -92.554492
42.642314
0 -92.554493
42.631914
0 