-100.267622
42.086147
0 -100.268077
42.072023
0 -100.266321
41.906089
0 -100.266297
41.903534
0 -100.266316
41.902376
0 -100.266268
41.90176
0 -100.266262
41.901129
0 -100.266251
41.899685
0 -100.266042
41.874782
0 -100.266521
41.840342
0 -100.265474
41.739856
0 -100.251224
41.739817
0 -100.245694
41.74007
0 -100.105251
41.739006
0 -100.004361
41.738793
0 -100.001992
41.738599
0 -100.000408
41.739126
0 -99.962815
41.73959
0 -99.904931
41.739718
0 -99.858626
41.739976
0 -99.810047
41.740073
0 -99.801111
41.740265
0 -99.765151
41.740439
0 -99.750376
41.740512
0 -99.741149
41.740203
0 -99.72843
41.74051
0 -99.706972
41.740497
0 -99.686834
41.740326
0 -99.686721
41.75477
0 -99.686692
41.765374
0 -99.686685
41.769564
0 -99.68666
41.777158
0 -99.686641
41.784247
0 -99.686619
41.792543
0 -99.686604
41.798418
0 -99.686527
41.82703
0 -99.686266
41.878529
0 -99.686322
41.928875
0 -99.686427
41.959962
0 -99.686517
42.001033
0 -99.686959
42.086075
0 -99.738524
42.086116
0 -99.750403
42.085482
0 -99.973192
42.085301
0 -100.010614
42.085609
0 -100.024308
42.085593
0 -100.167605
42.085848
0 -100.267622
42.086147
0 