-78.620288
40.327161
0 -78.620383
40.327025
0 -78.552182
40.301169
0 -78.529696
40.29287
0 -78.523709
40.291627
0 -78.510266
40.288403
0 -78.5057
40.287308
0 -78.458938
40.251942
0 -78.447895
40.244395
0 -78.447106
40.245759
0 -78.443608
40.255478
0 -78.442794
40.259608
0 -78.442682
40.264265
0 -78.442308
40.265935
0 -78.442455
40.269569
0 -78.4421
40.271574
0 -78.442462
40.276186
0 -78.442199
40.27739
0 -78.44049
40.28242
0 -78.440165
40.28472
0 -78.43611
40.295289
0 -78.435075
40.300356
0 -78.434288
40.302301
0 -78.412471
40.292965
0 -78.403644
40.288801
0 -78.373512
40.27647
0 -78.363122
40.272495
0 -78.327828
40.25882
0 -78.323922
40.25731
0 -78.30671
40.248139
0 -78.288764
40.242107
0 -78.288152
40.243576
0 -78.287904
40.24593
0 -78.285375
40.252113
0 -78.283136
40.255749
0 -78.280341
40.258551
0 -78.27406
40.266704
0 -78.272159
40.270173
0 -78.272024
40.271526
0 -78.270803
40.272283
0 -78.270963
40.273614
0 -78.26765
40.277919
0 -78.265907
40.281333
0 -78.263724
40.28675
0 -78.262477
40.288635
0 -78.259854
40.294581
0 -78.257305
40.297883
0 -78.2567
40.298734
0 -78.251263
40.309786
0 -78.250091
40.312291
0 -78.245022
40.319239
0 -78.243108
40.322539
0 -78.235694
40.333849
0 -78.230924
40.339842
0 -78.229056
40.341588
0 -78.224578
40.346652
0 -78.223421
40.347421
0 -78.216408
40.353619
0 -78.214216
40.356277
0 -78.212035
40.359466
0 -78.210929
40.362985
0 -78.209045
40.367078
0 -78.207103
40.369202
0 -78.203993
40.375075
0 -78.201755
40.377251
0 -78.191454
40.391082
0 -78.191046
40.39187
0 -78.189163
40.395519
0 -78.186282
40.399877
0 -78.181932
40.404747
0 -78.177947
40.408643
0 -78.17382
40.414304
0 -78.171104
40.417584
0 -78.168615
40.421421
0 -78.162955
40.428703
0 -78.15941
40.433793
0 -78.156881
40.436382
0 -78.155447
40.438543
0 -78.151879
40.444972
0 -78.149426
40.448107
0 -78.147157
40.451931
0 -78.143065
40.458999
0 -78.141639
40.46034
0 -78.140787
40.462392
0 -78.138574
40.465593
0 -78.137593
40.467919
0 -78.134233
40.473242
0 -78.131323
40.479939
0 -78.130081
40.48199
0 -78.129498
40.485721
0 -78.129584
40.490626
0 -78.130012
40.492945
0 -78.131215
40.494575
0 -78.131741
40.496822
0 -78.133911
40.498321
0 -78.135633
40.498214
0 -78.148898
40.487629
0 -78.151897
40.487197
0 -78.153373
40.488558
0 -78.1539
40.492165
0 -78.153626
40.496947
0 -78.152445
40.503078
0 -78.152235
40.50528
0 -78.150476
40.510302
0 -78.150318
40.514958
0 -78.149797
40.518084
0 -78.14924
40.525307
0 -78.147328
40.533251
0 -78.143913
40.539754
0 -78.142346
40.541685
0 -78.139947
40.546187
0 -78.139364
40.550595
0 -78.136224
40.556233
0 -78.132745
40.561616
0 -78.132422
40.56449
0 -78.128638
40.567953
0 -78.132991
40.57039
0 -78.133842
40.570475
0 -78.136162
40.569171
0 -78.137659
40.565568
0 -78.138377
40.562544
0 -78.140989
40.557027
0 -78.145135
40.553874
0 -78.14514
40.549077
0 -78.14703
40.547165
0 -78.149884
40.546045
0 -78.149016
40.543159
0 -78.149955
40.541366
0 -78.151479
40.540711
0 -78.154404
40.540837
0 -78.156299
40.540053
0 -78.158091
40.537764
0 -78.161718
40.537226
0 -78.163553
40.536106
0 -78.164587
40.533745
0 -78.166677
40.531528
0 -78.171747
40.534415
0 -78.174329
40.534943
0 -78.176818
40.534471
0 -78.178501
40.536337
0 -78.178307
40.537649
0 -78.180386
40.538763
0 -78.180493
40.539712
0 -78.183104
40.542676
0 -78.185595
40.543703
0 -78.18682
40.545613
0 -78.186565
40.547704
0 -78.187756
40.548566
0 -78.189145
40.551243
0 -78.193103
40.554256
0 -78.193526
40.555398
0 -78.197083
40.558444
0 -78.188007
40.570218
0 -78.18596
40.573743
0 -78.183557
40.576503
0 -78.17828
40.583786
0 -78.177765
40.586275
0 -78.177886
40.587895
0 -78.179295
40.592725
0 -78.183176
40.595315
0 -78.184212
40.595295
0 -78.171675
40.612257
0 -78.169732
40.613425
0 -78.166408
40.618143
0 -78.169247
40.620448
0 -78.171784
40.624225
0 -78.17305
40.62803
0 -78.175949
40.628083
0 -78.178722
40.626909
0 -78.185273
40.631511
0 -78.189172
40.632792
0 -78.190497
40.635416
0 -78.190296
40.637168
0 -78.193406
40.638882
0 -78.196808
40.638674
0 -78.196082
40.642497
0 -78.197041
40.644139
0 -78.197546
40.644959
0 -78.197612
40.645658
0 -78.197891
40.64628
0 -78.197946
40.646833
0 -78.198238
40.64773
0 -78.201494
40.651807
0 -78.206152
40.655128
0 -78.213695
40.665404
0 -78.22197
40.674539
0 -78.217141
40.682876
0 -78.213925
40.686835
0 -78.208819
40.692029
0 -78.205422
40.694732
0 -78.204871
40.695874
0 -78.201971
40.697983
0 -78.199865
40.698972
0 -78.197332
40.696555
0 -78.195243
40.697294
0 -78.191605
40.700152
0 -78.189696
40.700985
0 -78.182585
40.705901
0 -78.17339
40.710668
0 -78.170042
40.712596
0 -78.164057
40.713493
0 -78.162411
40.711696
0 -78.15659
40.71297
0 -78.155378
40.714689
0 -78.155867
40.717745
0 -78.151238
40.719047
0 -78.146377
40.720882
0 -78.139076
40.724275
0 -78.132803
40.728395
0 -78.128083
40.731067
0 -78.122551
40.735097
0 -78.116521
40.739127
0 -78.131834
40.743017
0 -78.230061
40.738973
0 -78.265695
40.737243
0 -78.278948
40.736597
0 -78.282781
40.73641
0 -78.359912
40.732592
0 -78.351201
40.725353
0 -78.35043
40.724827
0 -78.348389
40.72343
0 -78.358656
40.709735
0 -78.402287
40.652566
0 -78.408629
40.644349
0 -78.411756
40.644454
0 -78.417124
40.64535
0 -78.419724
40.646898
0 -78.421418
40.646657
0 -78.424185
40.647547
0 -78.428919
40.646768
0 -78.432457
40.647756
0 -78.434179
40.646977
0 -78.436997
40.646752
0 -78.439584
40.645034
0 -78.440311
40.643256
0 -78.442156
40.641192
0 -78.440167
40.638761
0 -78.440894
40.635435
0 -78.440635
40.633859
0 -78.441636
40.630111
0 -78.445461
40.627783
0 -78.447745
40.624331
0 -78.441075
40.600723
0 -78.447515
40.591551
0 -78.474087
40.554833
0 -78.477526
40.550796
0 -78.480298
40.547514
0 -78.485958
40.540847
0 -78.495938
40.54016
0 -78.499723
40.538223
0 -78.512808
40.530957
0 -78.518455
40.528795
0 -78.522759
40.52328
0 -78.530635
40.518864
0 -78.537116
40.50992
0 -78.53984
40.506154
0 -78.541455
40.49707
0 -78.544015
40.489151
0 -78.54457
40.48777
0 -78.544559
40.484128
0 -78.544194
40.482591
0 -78.540389
40.475559
0 -78.542006
40.469653
0 -78.542082
40.469402
0 -78.542303
40.468851
0 -78.544786
40.465149
0 -78.548463
40.461854
0 -78.549697
40.457778
0 -78.551183
40.456654
0 -78.551883
40.455233
0 -78.552018
40.454681
0 -78.55973
40.438765
0 -78.553105
40.429831
0 -78.556958
40.409136
0 -78.563374
40.374794
0 -78.564085
40.370609
0 -78.601852
40.353204
0 -78.602353
40.352973
0 -78.606345
40.347256
0 -78.608869
40.345258
0 -78.618095
40.332099
0 -78.618093
40.330319
0 -78.620288
40.327161
0 