-85.43618
35.542156
0 -85.436147
35.541365
0 -85.43452
35.540733
0 -85.435057
35.539848
0 -85.433774
35.535133
0 -85.432167
35.534045
0 -85.432416
35.532501
0 -85.43171
35.53027
0 -85.430755
35.529077
0 -85.426776
35.527983
0 -85.424934
35.529863
0 -85.422568
35.526796
0 -85.419657
35.526839
0 -85.418636
35.524476
0 -85.416781
35.524234
0 -85.415578
35.523052
0 -85.417292
35.522102
0 -85.417434
35.520866
0 -85.416526
35.520091
0 -85.413797
35.522068
0 -85.41252
35.521112
0 -85.411243
35.519111
0 -85.409072
35.519342
0 -85.406969
35.517649
0 -85.408636
35.516418
0 -85.408825
35.514879
0 -85.407784
35.514
0 -85.407368
35.512373
0 -85.408383
35.511593
0 -85.410869
35.51189
0 -85.411367
35.511231
0 -85.410527
35.509379
0 -85.411644
35.506434
0 -85.410986
35.505538
0 -85.40895
35.504878
0 -85.407936
35.502344
0 -85.405696
35.498719
0 -85.406483
35.496961
0 -85.405811
35.495839
0 -85.403635
35.494003
0 -85.402184
35.493629
0 -85.403298
35.49228
0 -85.365357
35.45997
0 -85.35973
35.455395
0 -85.35878
35.454622
0 -85.344835
35.442899
0 -85.335114
35.434707
0 -85.314372
35.417234
0 -85.288247
35.398484
0 -85.277034
35.390432
0 -85.235492
35.361104
0 -85.229563
35.356688
0 -85.225877
35.354276
0 -85.216407
35.370025
0 -85.195973
35.403494
0 -85.192881
35.410841
0 -85.18892
35.418001
0 -85.184094
35.428156
0 -85.168302
35.455614
0 -85.164291
35.451753
0 -85.162889
35.448714
0 -85.16078
35.448395
0 -85.159142
35.447345
0 -85.157497
35.44779
0 -85.154133
35.447217
0 -85.151233
35.445205
0 -85.148792
35.445594
0 -85.145341
35.449782
0 -85.135191
35.458649
0 -85.115946
35.47567
0 -85.11988
35.47698
0 -85.122717
35.478735
0 -85.124465
35.477913
0 -85.125126
35.478888
0 -85.124684
35.480635
0 -85.126514
35.481955
0 -85.128838
35.481522
0 -85.131243
35.481875
0 -85.131612
35.483265
0 -85.13501
35.484943
0 -85.132792
35.486145
0 -85.132791
35.48775
0 -85.133778
35.488585
0 -85.133957
35.4913
0 -85.136713
35.489774
0 -85.138043
35.489983
0 -85.140429
35.487962
0 -85.142282
35.489804
0 -85.141737
35.492248
0 -85.143826
35.492645
0 -85.144969
35.491305
0 -85.146393
35.491299
0 -85.143517
35.495857
0 -85.141194
35.500067
0 -85.138
35.504708
0 -85.132634
35.514045
0 -85.122622
35.52607
0 -85.119276
35.528984
0 -85.113877
35.52479
0 -85.118602
35.523504
0 -85.115567
35.521344
0 -85.105773
35.529605
0 -85.108763
35.53179
0 -85.109161
35.537462
0 -85.105058
35.535194
0 -85.104237
35.532568
0 -85.100608
35.533351
0 -85.099069
35.533683
0 -85.102141
35.544096
0 -85.096574
35.545218
0 -85.105606
35.548779
0 -85.109819
35.541551
0 -85.107874
35.569773
0 -85.107762
35.571359
0 -85.087121
35.587647
0 -85.062311
35.607123
0 -85.047641
35.618654
0 -85.042251
35.625062
0 -85.020316
35.648729
0 -85.013728
35.655832
0 -84.995463
35.675755
0 -84.981568
35.674805
0 -84.981161
35.679447
0 -84.990086
35.680199
0 -84.989907
35.681802
0 -84.964966
35.708784
0 -84.964006
35.709766
0 -84.944463
35.730963
0 -84.928568
35.748173
0 -84.927115
35.750067
0 -84.916062
35.761939
0 -84.917641
35.761502
0 -84.920538
35.761881
0 -84.920673
35.76471
0 -84.918986
35.765202
0 -84.921614
35.765694
0 -84.922536
35.763726
0 -84.924243
35.765203
0 -84.926086
35.765572
0 -84.926086
35.766433
0 -84.928401
35.766556
0 -84.928536
35.768549
0 -84.938299
35.766394
0 -84.981205
35.75686
0 -84.993885
35.754043
0 -84.999944
35.75301
0 -85.028787
35.746285
0 -85.032567
35.746954
0 -85.034294
35.75268
0 -85.032122
35.75599
0 -85.032616
35.75928
0 -85.04114
35.77177
0 -85.048738
35.767466
0 -85.0515
35.767562
0 -85.052969
35.76757
0 -85.061126
35.76763
0 -85.061842
35.767407
0 -85.073831
35.760472
0 -85.084962
35.760546
0 -85.091277
35.763491
0 -85.103406
35.769921
0 -85.165103
35.7683
0 -85.202247
35.767212
0 -85.226503
35.766419
0 -85.249844
35.765519
0 -85.254062
35.765611
0 -85.256931
35.764635
0 -85.256295
35.763118
0 -85.255092
35.762219
0 -85.258066
35.760244
0 -85.259601
35.760014
0 -85.262178
35.761858
0 -85.264077
35.76079
0 -85.265775
35.760476
0 -85.265532
35.758354
0 -85.263769
35.758192
0 -85.260837
35.756504
0 -85.261375
35.755642
0 -85.263442
35.756011
0 -85.264395
35.755026
0 -85.262274
35.753445
0 -85.26023
35.753402
0 -85.259358
35.752404
0 -85.259657
35.750291
0 -85.261889
35.750608
0 -85.264873
35.75023
0 -85.265066
35.747207
0 -85.2659
35.746563
0 -85.268177
35.747876
0 -85.270427
35.747175
0 -85.269013
35.743414
0 -85.267885
35.742388
0 -85.266236
35.742716
0 -85.264992
35.740813
0 -85.266754
35.740116
0 -85.269037
35.737523
0 -85.267792
35.737072
0 -85.267559
35.735962
0 -85.269845
35.733881
0 -85.270517
35.732299
0 -85.267642
35.731265
0 -85.268219
35.729921
0 -85.270805
35.7286
0 -85.270286
35.727103
0 -85.267796
35.726748
0 -85.266327
35.725817
0 -85.267885
35.723381
0 -85.267428
35.72245
0 -85.265387
35.721237
0 -85.286251
35.698124
0 -85.287468
35.698301
0 -85.291281
35.692605
0 -85.295814
35.688028
0 -85.305424
35.678309
0 -85.360032
35.625674
0 -85.374372
35.612778
0 -85.374966
35.612075
0 -85.423804
35.567422
0 -85.423549
35.566016
0 -85.425399
35.564588
0 -85.425607
35.56362
0 -85.427161
35.562368
0 -85.425393
35.561675
0 -85.42464
35.560087
0 -85.426173
35.559466
0 -85.426106
35.557773
0 -85.428218
35.558268
0 -85.428514
35.555696
0 -85.430269
35.553949
0 -85.429624
35.553268
0 -85.431318
35.552515
0 -85.431043
35.551097
0 -85.432051
35.549388
0 -85.431951
35.545783
0 -85.43345
35.544937
0 -85.433955
35.543255
0 -85.43618
35.542156
0 