-84.188319
35.610549
0 -84.188216
35.610363
0 -84.186617
35.607502
0 -84.184799
35.604216
0 -84.181537
35.598726
0 -84.170868
35.593436
0 -84.1595
35.592312
0 -84.14891
35.591265
0 -84.14871
35.58379
0 -84.140016
35.58363
0 -84.140295
35.580828
0 -84.138265
35.580079
0 -84.132845
35.580192
0 -84.13288
35.579025
0 -84.130953
35.576313
0 -84.127508
35.578321
0 -84.125486
35.580616
0 -84.125247
35.58235
0 -84.12094
35.582331
0 -84.119713
35.58132
0 -84.118944
35.583275
0 -84.112319
35.587456
0 -84.109841
35.584384
0 -84.110062
35.58297
0 -84.109418
35.579698
0 -84.112321
35.577735
0 -84.111764
35.576758
0 -84.110436
35.577554
0 -84.106966
35.573537
0 -84.105386
35.573806
0 -84.10444
35.575142
0 -84.096169
35.575487
0 -84.096192
35.568851
0 -84.096196
35.567997
0 -84.087768
35.559875
0 -84.089614
35.559788
0 -84.094807
35.55332
0 -84.091744
35.550176
0 -84.090036
35.546834
0 -84.088794
35.543709
0 -84.085507
35.541372
0 -84.081561
35.541231
0 -84.076603
35.543932
0 -84.070361
35.546023
0 -84.06809
35.546393
0 -84.062744
35.545764
0 -84.05865
35.545599
0 -84.054117
35.546338
0 -84.051754
35.546353
0 -84.04876
35.545522
0 -84.045317
35.543024
0 -84.042972
35.542175
0 -84.038753
35.542679
0 -84.032446
35.545793
0 -84.030008
35.546622
0 -84.025698
35.546786
0 -84.022331
35.546206
0 -84.019123
35.546077
0 -84.014371
35.54626
0 -84.012768
35.546635
0 -84.011029
35.547913
0 -84.010136
35.551593
0 -84.008842
35.553338
0 -84.0055
35.554758
0 -83.999904
35.554707
0 -83.995926
35.55294
0 -83.993815
35.550001
0 -83.994209
35.54775
0 -83.996856
35.542721
0 -83.99712
35.541075
0 -83.994422
35.535307
0 -83.992966
35.532843
0 -83.992453
35.530721
0 -83.993431
35.527767
0 -83.995012
35.526264
0 -84.002554
35.524143
0 -84.004627
35.523146
0 -84.007983
35.52046
0 -84.010275
35.517495
0 -84.01091
35.516114
0 -84.010992
35.513807
0 -84.009842
35.510955
0 -84.007611
35.508582
0 -84.001698
35.50437
0 -83.999904
35.503342
0 -83.991944
35.499433
0 -83.990125
35.497413
0 -83.989195
35.494619
0 -83.989422
35.489876
0 -83.988287
35.488186
0 -83.985531
35.486803
0 -83.982019
35.486994
0 -83.980985
35.487539
0 -83.978938
35.493346
0 -83.978321
35.496665
0 -83.975855
35.500685
0 -83.974534
35.501148
0 -83.972028
35.500728
0 -83.96894
35.498982
0 -83.961789
35.491702
0 -83.958734
35.489935
0 -83.95413
35.489435
0 -83.951927
35.489792
0 -83.950025
35.490942
0 -83.944234
35.490737
0 -83.942476
35.490371
0 -83.939643
35.488937
0 -83.93854
35.487773
0 -83.93939
35.485319
0 -83.941893
35.482416
0 -83.943794
35.480741
0 -83.950689
35.477948
0 -83.955469
35.475576
0 -83.959001
35.474168
0 -83.963434
35.473004
0 -83.965151
35.471117
0 -83.965488
35.466891
0 -83.963213
35.46452
0 -83.961056
35.463738
0 -83.961053
35.464143
0 -83.957821
35.464211
0 -83.955416
35.463456
0 -83.952882
35.460635
0 -83.9528140810915
35.4606452860299
0 -83.949389
35.461164
0 -83.942987
35.465084
0 -83.942172
35.467254
0 -83.937015
35.471511
0 -83.929743
35.47333
0 -83.924895
35.473884
0 -83.9208139109335
35.4734882162732
0 -83.919564
35.473367
0 -83.916801
35.473612
0 -83.911773
35.476028
0 -83.909265
35.479714
0 -83.90804
35.484397
0 -83.905612
35.48906
0 -83.901527
35.491026
0 -83.900338
35.493095
0 -83.9002
35.494191
0 -83.901403
35.495278
0 -83.901381
35.496553
0 -83.895669
35.501868
0 -83.893031
35.502253
0 -83.892074
35.503089
0 -83.884262
35.512754
0 -83.882563
35.517182
0 -83.880074
35.518745
0 -83.87263
35.521145
0 -83.866413
35.52091
0 -83.859261
35.521851
0 -83.853898
35.521059
0 -83.848502
35.519259
0 -83.840203
35.52156
0 -83.831895
35.524766
0 -83.827428
35.524653
0 -83.82559
35.523829
0 -83.809798
35.53431
0 -83.808713
35.536415
0 -83.802434
35.541588
0 -83.786802
35.5472
0 -83.780129
35.550387
0 -83.773092
35.557465
0 -83.771736
35.562118
0 -83.764606
35.561538
0 -83.759675
35.562492
0 -83.756917
35.563604
0 -83.749894
35.561146
0 -83.735669
35.565455
0 -83.732947
35.563149
0 -83.723459
35.561874
0 -83.720787
35.563347
0 -83.707199
35.568533
0 -83.703846
35.568476
0 -83.702099
35.567634
0 -83.700663
35.567621
0 -83.697827
35.568352
0 -83.684154
35.568848
0 -83.676268
35.570289
0 -83.673093
35.568974
0 -83.666272
35.569389
0 -83.662957
35.569138
0 -83.663292
35.616914
0 -83.662814
35.690618
0 -83.66545
35.68772
0 -83.667733
35.686564
0 -83.674272
35.685497
0 -83.678947
35.687914
0 -83.679138
35.688353
0 -83.679833
35.693393
0 -83.681278
35.696807
0 -83.680846
35.697726
0 -83.681704
35.698463
0 -83.682507
35.700689
0 -83.679947
35.706512
0 -83.680502
35.707865
0 -83.682831
35.709725
0 -83.687532
35.710051
0 -83.691351
35.708319
0 -83.693922
35.708274
0 -83.695369
35.707506
0 -83.698652
35.708112
0 -83.702152
35.709217
0 -83.70525
35.71158
0 -83.703213
35.713042
0 -83.701996
35.715269
0 -83.701344
35.719276
0 -83.708138
35.720664
0 -83.709033
35.724144
0 -83.707775
35.725895
0 -83.708251
35.72724
0 -83.712961
35.726819
0 -83.716462
35.729035
0 -83.718914
35.747726
0 -83.721813
35.748114
0 -83.724588
35.749808
0 -83.724349
35.753151
0 -83.725189
35.752516
0 -83.728222
35.752584
0 -83.729723
35.753921
0 -83.73003
35.758564
0 -83.728399
35.759575
0 -83.726148
35.763369
0 -83.728684
35.762418
0 -83.73105
35.764372
0 -83.731987
35.766361
0 -83.731754
35.76787
0 -83.734186
35.772657
0 -83.747317
35.798398
0 -83.746127
35.802134
0 -83.739518
35.806815
0 -83.738535
35.811138
0 -83.740509
35.810483
0 -83.742528
35.810773
0 -83.743998
35.807848
0 -83.746998
35.809392
0 -83.748124
35.808621
0 -83.749895
35.808725
0 -83.755968
35.818571
0 -83.757287
35.817528
0 -83.764022
35.830257
0 -83.769984
35.841519
0 -83.772214
35.845733
0 -83.769008
35.847506
0 -83.773792
35.853189
0 -83.777646
35.851898
0 -83.778602
35.853778
0 -83.78021
35.855975
0 -83.782892
35.8548
0 -83.784286
35.856686
0 -83.780726
35.858533
0 -83.781644
35.860217
0 -83.779405
35.859291
0 -83.784436
35.868744
0 -83.784663
35.871416
0 -83.784379
35.876163
0 -83.784186
35.879205
0 -83.786218
35.879925
0 -83.788115
35.882904
0 -83.78872
35.884119
0 -83.791596
35.884107
0 -83.794275
35.887125
0 -83.799195
35.884725
0 -83.800987
35.884869
0 -83.803707
35.882421
0 -83.807963
35.880693
0 -83.808667
35.879381
0 -83.811819
35.878389
0 -83.812319
35.875587
0 -83.812197
35.875085
0 -83.815994
35.872991
0 -83.81832
35.870217
0 -83.824247
35.866902
0 -83.825834
35.86487
0 -83.828771
35.862192
0 -83.82962
35.86228
0 -83.83635
35.854538
0 -83.839592
35.851756
0 -83.842775
35.848424
0 -83.843651
35.846932
0 -83.846864
35.844746
0 -83.848964
35.844406
0 -83.850155
35.842019
0 -83.853457
35.841138
0 -83.857806
35.841557
0 -83.870797
35.842812
0 -83.874901
35.843326
0 -83.887966
35.844461
0 -83.89545
35.848382
0 -83.897967
35.848123
0 -83.899529
35.848605
0 -83.902783
35.848335
0 -83.907542
35.846626
0 -83.907752
35.854063
0 -83.906811
35.854378
0 -83.932713
35.868003
0 -83.934406
35.868079
0 -83.934652
35.869107
0 -83.939079
35.867567
0 -83.94127
35.870274
0 -83.942691
35.869967
0 -83.943545
35.871658
0 -83.943571
35.871701
0 -83.943744
35.871972
0 -83.94527
35.873461
0 -83.945915
35.876287
0 -83.947105
35.876162
0 -83.948273
35.875106
0 -83.948559
35.874578
0 -83.949153
35.874618
0 -83.949889
35.875346
0 -83.950097
35.875346
0 -83.955425
35.873734
0 -83.957658
35.873331
0 -83.959491
35.873485
0 -83.961408
35.873566
0 -83.963743
35.86896
0 -83.965131
35.867318
0 -83.968698
35.86701
0 -83.972474
35.864005
0 -83.97461
35.863054
0 -83.975423
35.863416
0 -83.979748
35.867526
0 -83.981617
35.868785
0 -83.983131
35.871179
0 -83.983063
35.873622
0 -83.983964
35.875082
0 -83.984402
35.875666
0 -83.98545
35.876573
0 -83.987229
35.877755
0 -83.990185
35.878205
0 -83.992569
35.879656
0 -83.993146
35.881217
0 -83.993095
35.881465
0 -83.993237
35.882056
0 -83.993614
35.882694
0 -83.993997
35.883212
0 -83.995816
35.884087
0 -83.999583
35.883184
0 -84.000987
35.881795
0 -84.002963
35.878433
0 -84.005875
35.876273
0 -84.008567
35.875081
0 -84.012843
35.874885
0 -84.017188
35.875441
0 -84.022788
35.877377
0 -84.024958
35.877725
0 -84.026781
35.877319
0 -84.028362
35.876027
0 -84.028716
35.873667
0 -84.027094
35.870898
0 -84.024374
35.869332
0 -84.018112
35.868979
0 -84.013813
35.867157
0 -84.011382
35.865317
0 -84.007737
35.85856
0 -84.006577
35.853739
0 -84.006754
35.849618
0 -84.006756
35.84955
0 -84.006755
35.849448
0 -84.006696
35.848924
0 -84.009845
35.843706
0 -84.014223
35.840606
0 -84.020008
35.839341
0 -84.023374
35.840504
0 -84.026696
35.845787
0 -84.027233
35.847595
0 -84.027905
35.849271
0 -84.030606
35.852065
0 -84.033714
35.853732
0 -84.03687
35.853955
0 -84.041726
35.853731
0 -84.046906
35.852523
0 -84.049927
35.851336
0 -84.05194
35.848828
0 -84.052445
35.846587
0 -84.052223
35.844664
0 -84.049967
35.838361
0 -84.049986
35.835175
0 -84.050317
35.833051
0 -84.051413
35.831161
0 -84.054959
35.827578
0 -84.058265
35.827306
0 -84.063772
35.829198
0 -84.066857
35.830629
0 -84.067868
35.831638
0 -84.067747
35.833442
0 -84.070198
35.83752
0 -84.069303
35.839568
0 -84.070119
35.844067
0 -84.071455
35.844818
0 -84.073487
35.847197
0 -84.075202
35.848027
0 -84.078303
35.850405
0 -84.080526
35.851311
0 -84.089012
35.849246
0 -84.094808
35.846869
0 -84.103359
35.843984
0 -84.105643
35.84277
0 -84.112802
35.836748
0 -84.117315
35.832406
0 -84.120227
35.831179
0 -84.12197
35.830894
0 -84.124611
35.83151
0 -84.126216
35.83298
0 -84.126545
35.835964
0 -84.124588
35.837135
0 -84.122585
35.840769
0 -84.122981
35.844395
0 -84.124912
35.844704
0 -84.128131
35.846831
0 -84.130053
35.850077
0 -84.131698
35.851107
0 -84.134289
35.851283
0 -84.137642
35.850876
0 -84.145659
35.849586
0 -84.146595
35.848845
0 -84.147132
35.844957
0 -84.145069
35.842636
0 -84.137787
35.838525
0 -84.135845
35.836823
0 -84.134248
35.834169
0 -84.134927
35.831311
0 -84.138767
35.827753
0 -84.141781
35.823559
0 -84.142394
35.822011
0 -84.142596
35.818533
0 -84.140895
35.814548
0 -84.139438
35.810346
0 -84.137636
35.808866
0 -84.137199
35.807585
0 -84.137632
35.80602
0 -84.138827
35.805011
0 -84.139329
35.803527
0 -84.139473
35.8001
0 -84.14252
35.796954
0 -84.144301
35.795763
0 -84.146702
35.794977
0 -84.152384
35.793806
0 -84.155339
35.794083
0 -84.159661
35.795196
0 -84.161177
35.797644
0 -84.161419
35.80003
0 -84.162114
35.801851
0 -84.164025
35.803895
0 -84.166267
35.805106
0 -84.169909
35.805375
0 -84.172745
35.804419
0 -84.173886
35.80145
0 -84.173785
35.79991
0 -84.171043
35.797948
0 -84.170664
35.796079
0 -84.171275
35.794626
0 -84.170934
35.791814
0 -84.171052
35.786041
0 -84.171716
35.781671
0 -84.172316
35.779767
0 -84.173892
35.777144
0 -84.177659
35.772976
0 -84.179499
35.768449
0 -84.177009
35.768341
0 -84.172125
35.766909
0 -84.166788
35.766169
0 -84.163673
35.765206
0 -84.156578
35.760626
0 -84.151955
35.757554
0 -84.154043
35.753929
0 -84.16254
35.747421
0 -84.163784
35.747425
0 -84.167955
35.741589
0 -84.168653
35.739664
0 -84.170388
35.735876
0 -84.171325
35.733774
0 -84.172115
35.732057
0 -84.170974
35.725431
0 -84.171793
35.720505
0 -84.17245
35.719475
0 -84.172812
35.712756
0 -84.162524
35.698224
0 -84.160576
35.695486
0 -84.161115
35.692541
0 -84.162053
35.687424
0 -84.160753
35.683302
0 -84.159127
35.68108
0 -84.153818
35.673866
0 -84.147579
35.66913
0 -84.145621
35.669128
0 -84.141845
35.669126
0 -84.138582
35.667062
0 -84.134703
35.664568
0 -84.133072
35.660733
0 -84.137488
35.658368
0 -84.135201
35.651221
0 -84.134787
35.649061
0 -84.134468
35.647399
0 -84.141801
35.644193
0 -84.144914
35.641609
0 -84.145421
35.635841
0 -84.151652
35.627498
0 -84.157714
35.623998
0 -84.1854
35.611034
0 -84.188319
35.610549
0 