-116.281687
43.806937
0 -116.276106
43.80265
0 -116.269011
43.798261
0 -116.263368
43.793735
0 -116.248755
43.783174
0 -116.241979
43.778258
0 -116.202632
43.74989
0 -116.201509
43.749872
0 -116.180432
43.734089
0 -116.179101
43.732764
0 -116.153434
43.713902
0 -116.141357
43.704986
0 -116.134222
43.70003
0 -116.10487
43.678223
0 -116.094122
43.670272
0 -116.07861
43.658741
0 -116.060164
43.645098
0 -116.054327
43.640784
0 -116.048691
43.636614
0 -116.038706
43.629228
0 -116.024877
43.619
0 -116.023165
43.617735
0 -116.002552
43.602541
0 -116.000941
43.60107
0 -115.982021
43.58716
0 -115.980349
43.585806
0 -115.978795
43.587357
0 -115.977827
43.590658
0 -115.975767
43.591338
0 -115.972336
43.59104
0 -115.96778
43.589819
0 -115.963715
43.589092
0 -115.955859
43.589674
0 -115.954316
43.591169
0 -115.953606
43.593224
0 -115.954863
43.595067
0 -115.956241
43.598697
0 -115.955902
43.601061
0 -115.953644
43.604063
0 -115.950988
43.606266
0 -115.945215
43.608656
0 -115.941833
43.607136
0 -115.939062
43.607994
0 -115.935237
43.608298
0 -115.93387
43.607282
0 -115.933633
43.603386
0 -115.931566
43.598471
0 -115.929992
43.595596
0 -115.928432
43.594957
0 -115.922837
43.595634
0 -115.921258
43.593136
0 -115.918479
43.592047
0 -115.911823
43.592015
0 -115.908771
43.592347
0 -115.903823
43.594146
0 -115.901766
43.596827
0 -115.897201
43.598613
0 -115.894942
43.598403
0 -115.889639
43.597077
0 -115.887112
43.597758
0 -115.885812
43.597555
0 -115.884427
43.596322
0 -115.883581
43.594417
0 -115.881693
43.592818
0 -115.876241
43.591168
0 -115.873633
43.591929
0 -115.871453
43.595405
0 -115.86584
43.599042
0 -115.865015
43.60201
0 -115.86356
43.602486
0 -115.859299
43.60261
0 -115.856777
43.601438
0 -115.853481
43.602444
0 -115.851943
43.60354
0 -115.847407
43.607794
0 -115.845632
43.60826
0 -115.843446
43.607806
0 -115.841564
43.606765
0 -115.837036
43.608071
0 -115.834954
43.608245
0 -115.832814
43.607566
0 -115.831189
43.606422
0 -115.830891
43.605212
0 -115.82955
43.605455
0 -115.827609
43.607998
0 -115.824105
43.609695
0 -115.822073
43.611335
0 -115.822203
43.611926
0 -115.824186
43.615735
0 -115.823693
43.618358
0 -115.822528
43.619745
0 -115.820575
43.620202
0 -115.815528
43.619104
0 -115.811547
43.619759
0 -115.809748
43.621344
0 -115.806745
43.622721
0 -115.805814
43.625665
0 -115.80512
43.626305
0 -115.801631
43.62703
0 -115.79946
43.628288
0 -115.798177
43.631605
0 -115.794861
43.634166
0 -115.795277
43.636013
0 -115.797021
43.638529
0 -115.795508
43.640089
0 -115.791241
43.640229
0 -115.790137
43.64097
0 -115.789358
43.642985
0 -115.782926
43.645448
0 -115.782057
43.648353
0 -115.776226
43.648569
0 -115.773559
43.649129
0 -115.770798
43.650222
0 -115.767172
43.649905
0 -115.763151
43.649063
0 -115.760991
43.649998
0 -115.758496
43.649952
0 -115.754816
43.647368
0 -115.75415
43.645394
0 -115.75551
43.64426
0 -115.753578
43.643025
0 -115.74835
43.645003
0 -115.745181
43.64577
0 -115.744524
43.646431
0 -115.743549
43.650405
0 -115.741259
43.653554
0 -115.738372
43.655224
0 -115.73331
43.653398
0 -115.730938
43.653591
0 -115.729213
43.654599
0 -115.727457
43.656628
0 -115.725971
43.660707
0 -115.726918
43.663097
0 -115.728952
43.663531
0 -115.731203
43.665178
0 -115.728764
43.666824
0 -115.726326
43.667876
0 -115.724613
43.667294
0 -115.721895
43.664115
0 -115.721034
43.66382
0 -115.718663
43.664677
0 -115.713946
43.664366
0 -115.712794
43.663591
0 -115.71205
43.661794
0 -115.706107
43.664032
0 -115.705233
43.664727
0 -115.704058
43.667453
0 -115.70087
43.668122
0 -115.698219
43.665088
0 -115.69677
43.666079
0 -115.695609
43.668434
0 -115.695492
43.671413
0 -115.693795
43.672348
0 -115.690356
43.671875
0 -115.68792
43.673217
0 -115.687016
43.674672
0 -115.68471
43.675587
0 -115.68385
43.676591
0 -115.683526
43.679698
0 -115.68148
43.68195
0 -115.680266
43.682311
0 -115.676901
43.681003
0 -115.675463
43.68097
0 -115.674835
43.682349
0 -115.675578
43.685393
0 -115.673934
43.687612
0 -115.669234
43.690235
0 -115.66762
43.692756
0 -115.668471
43.695069
0 -115.665878
43.694913
0 -115.66439
43.69736
0 -115.66313
43.697673
0 -115.660703
43.696373
0 -115.658701
43.696739
0 -115.657614
43.698334
0 -115.655159
43.699346
0 -115.65399
43.701366
0 -115.652046
43.701591
0 -115.647823
43.70035
0 -115.645864
43.700272
0 -115.644554
43.701218
0 -115.644639
43.704101
0 -115.64284
43.705038
0 -115.642364
43.707216
0 -115.640807
43.70847
0 -115.636382
43.709815
0 -115.635237
43.711074
0 -115.63513
43.7132
0 -115.637371
43.71486
0 -115.638073
43.716369
0 -115.637471
43.718165
0 -115.635008
43.719549
0 -115.635114
43.722282
0 -115.634323
43.723555
0 -115.63188
43.722791
0 -115.62731
43.722997
0 -115.627952
43.724926
0 -115.629805
43.726456
0 -115.628717
43.727795
0 -115.625158
43.72814
0 -115.621255
43.726484
0 -115.617882
43.72584
0 -115.616039
43.726195
0 -115.614843
43.728631
0 -115.616925
43.730291
0 -115.620581
43.731205
0 -115.624043
43.729246
0 -115.624968
43.73074
0 -115.625145
43.733262
0 -115.627785
43.733465
0 -115.627961
43.736481
0 -115.627127
43.73774
0 -115.626539
43.740589
0 -115.626742
43.742202
0 -115.630696
43.742338
0 -115.632456
43.742967
0 -115.633921
43.745333
0 -115.632913
43.746308
0 -115.629826
43.746093
0 -115.62922
43.747534
0 -115.632241
43.750521
0 -115.631572
43.751172
0 -115.628096
43.7515
0 -115.628497
43.753087
0 -115.627753
43.754818
0 -115.625123
43.753989
0 -115.623366
43.754147
0 -115.624362
43.756492
0 -115.622318
43.757894
0 -115.620863
43.760652
0 -115.617792
43.761246
0 -115.616728
43.762011
0 -115.616682
43.763447
0 -115.618041
43.766247
0 -115.62053
43.769493
0 -115.619653
43.77213
0 -115.617776
43.77347
0 -115.618489
43.775146
0 -115.616095
43.776246
0 -115.615875
43.780368
0 -115.614089
43.780876
0 -115.613533
43.782548
0 -115.612409
43.782948
0 -115.610434
43.782448
0 -115.608445
43.783822
0 -115.607313
43.785972
0 -115.605575
43.78718
0 -115.604214
43.789286
0 -115.599996
43.792872
0 -115.597935
43.794118
0 -115.594969
43.793627
0 -115.593628
43.79411
0 -115.592525
43.798237
0 -115.590752
43.797806
0 -115.58967
43.795237
0 -115.585635
43.794584
0 -115.585105
43.796549
0 -115.583805
43.797555
0 -115.580892
43.79682
0 -115.578564
43.796991
0 -115.576188
43.795153
0 -115.571829
43.793643
0 -115.569042
43.793982
0 -115.565006
43.793606
0 -115.563918
43.794164
0 -115.560153
43.79391
0 -115.557539
43.794369
0 -115.555275
43.794234
0 -115.549723
43.793288
0 -115.547782
43.792537
0 -115.5468
43.795426
0 -115.547169
43.797429
0 -115.54632
43.800087
0 -115.546971
43.802496
0 -115.54625
43.803303
0 -115.542877
43.804566
0 -115.541157
43.806194
0 -115.537819
43.807499
0 -115.535442
43.81163
0 -115.533724
43.812016
0 -115.532315
43.814579
0 -115.529957
43.816043
0 -115.530374
43.818027
0 -115.533659
43.818296
0 -115.534026
43.820902
0 -115.533488
43.822494
0 -115.534646
43.824338
0 -115.534791
43.825721
0 -115.532386
43.828216
0 -115.531874
43.830715
0 -115.534206
43.833744
0 -115.533427
43.834939
0 -115.531121
43.835682
0 -115.533299
43.837318
0 -115.532118
43.83981
0 -115.53272
43.840661
0 -115.535298
43.840114
0 -115.536904
43.841185
0 -115.537159
43.844527
0 -115.538512
43.845587
0 -115.539151
43.847084
0 -115.537988
43.847819
0 -115.53514
43.847582
0 -115.533566
43.848277
0 -115.533192
43.849336
0 -115.536135
43.850741
0 -115.537039
43.852658
0 -115.537223
43.853786
0 -115.533537
43.855601
0 -115.533016
43.856859
0 -115.53054
43.857351
0 -115.529233
43.856789
0 -115.525788
43.857329
0 -115.522889
43.858524
0 -115.522464
43.859543
0 -115.524771
43.86043
0 -115.524137
43.861517
0 -115.519509
43.862797
0 -115.519101
43.865676
0 -115.519303
43.867514
0 -115.52055
43.868479
0 -115.518823
43.87043
0 -115.51827
43.872476
0 -115.516502
43.875209
0 -115.515186
43.876263
0 -115.513842
43.880723
0 -115.510944
43.882694
0 -115.509249
43.883011
0 -115.509223
43.88442
0 -115.505738
43.886126
0 -115.503144
43.885951
0 -115.501179
43.886994
0 -115.500419
43.889584
0 -115.497824
43.889871
0 -115.496
43.891287
0 -115.493113
43.891914
0 -115.489212
43.892159
0 -115.485533
43.891935
0 -115.483188
43.893591
0 -115.480148
43.893201
0 -115.478044
43.893736
0 -115.476321
43.893239
0 -115.474499
43.893945
0 -115.472501
43.893668
0 -115.469071
43.89522
0 -115.468387
43.8964
0 -115.465885
43.897844
0 -115.465471
43.898725
0 -115.46258
43.89967
0 -115.459035
43.902124
0 -115.455403
43.901385
0 -115.45409
43.901804
0 -115.449251
43.901188
0 -115.445628
43.902023
0 -115.441495
43.90182
0 -115.440434
43.902959
0 -115.435487
43.904189
0 -115.434699
43.904999
0 -115.431788
43.906106
0 -115.429538
43.906199
0 -115.425129
43.909242
0 -115.415979
43.910952
0 -115.41549
43.911983
0 -115.413921
43.912182
0 -115.411882
43.91124
0 -115.407909
43.911564
0 -115.4059
43.912868
0 -115.400942
43.913756
0 -115.397177
43.915844
0 -115.393988
43.916445
0 -115.390918
43.915884
0 -115.386518
43.918289
0 -115.386106
43.920469
0 -115.38223
43.920893
0 -115.381849
43.922825
0 -115.380336
43.923439
0 -115.37863
43.92391
0 -115.376446
43.922645
0 -115.374237
43.924109
0 -115.371366
43.923159
0 -115.36662
43.924816
0 -115.363911
43.922025
0 -115.358612
43.923771
0 -115.357925
43.920755
0 -115.355606
43.919371
0 -115.354242
43.920854
0 -115.351651
43.92109
0 -115.349537
43.919701
0 -115.344079
43.921953
0 -115.342638
43.921414
0 -115.339565
43.921442
0 -115.338521
43.920735
0 -115.336211
43.924003
0 -115.330146
43.926034
0 -115.326505
43.926515
0 -115.324791
43.925649
0 -115.323467
43.926845
0 -115.318488
43.927258
0 -115.319262
43.929023
0 -115.317548
43.930357
0 -115.315558
43.930889
0 -115.314443
43.929418
0 -115.312787
43.929228
0 -115.307323
43.929617
0 -115.306068
43.930821
0 -115.303191
43.931092
0 -115.300913
43.931888
0 -115.299524
43.931773
0 -115.298832
43.932999
0 -115.296816
43.93381
0 -115.292807
43.933695
0 -115.286131
43.936192
0 -115.2861
43.937678
0 -115.287408
43.938999
0 -115.28615
43.940093
0 -115.282765
43.94086
0 -115.280954
43.942306
0 -115.279931
43.941547
0 -115.278466
43.941879
0 -115.277543
43.94239
0 -115.277818
43.944229
0 -115.277093
43.944984
0 -115.278192
43.94857
0 -115.276445
43.949234
0 -115.276391
43.951526
0 -115.277292
43.953201
0 -115.276506
43.955269
0 -115.276918
43.956203
0 -115.275171
43.956524
0 -115.275995
43.95829
0 -115.275583
43.961323
0 -115.272508
43.964596
0 -115.271371
43.966599
0 -115.271654
43.967342
0 -115.270074
43.968437
0 -115.268373
43.970535
0 -115.268808
43.971573
0 -115.267778
43.972626
0 -115.268434
43.973641
0 -115.266481
43.974633
0 -115.266138
43.976544
0 -115.264596
43.976929
0 -115.263215
43.979054
0 -115.263955
43.980236
0 -115.262674
43.982102
0 -115.260751
43.983166
0 -115.256303
43.988084
0 -115.254716
43.992139
0 -115.251786
43.995748
0 -115.246484
43.999154
0 -115.246156
44.000001
0 -115.241837
44.001771
0 -115.242097
44.00279
0 -115.240411
44.003446
0 -115.238534
44.005029
0 -115.234231
44.006723
0 -115.234284
44.008165
0 -115.232995
44.008912
0 -115.232324
44.015569
0 -115.230523
44.017492
0 -115.229257
44.018022
0 -115.226937
44.020643
0 -115.226777
44.022344
0 -115.223352
44.024801
0 -115.222978
44.027067
0 -115.219834
44.02891
0 -115.219552
44.030363
0 -115.218453
44.030649
0 -115.215783
44.032564
0 -115.215776
44.036619
0 -115.214906
44.03863
0 -115.214181
44.042341
0 -115.212518
44.045496
0 -115.211457
44.04629
0 -115.211198
44.047915
0 -115.209848
44.049784
0 -115.209215
44.052363
0 -115.209901
44.056097
0 -115.207666
44.058196
0 -115.207521
44.059107
0 -115.205652
44.061575
0 -115.201951
44.063067
0 -115.199235
44.066371
0 -115.197656
44.067496
0 -115.196977
44.06919
0 -115.197595
44.070708
0 -115.199358
44.072669
0 -115.201583
44.07412
0 -115.203981
44.076621
0 -115.206942
44.083003
0 -115.212817
44.086524
0 -115.213168
44.087809
0 -115.215289
44.089766
0 -115.218829
44.092006
0 -115.22253
44.092955
0 -115.22681
44.094535
0 -115.230552
44.094964
0 -115.232537
44.096009
0 -115.230685
44.098685
0 -115.226763
44.097996
0 -115.224525
44.098239
0 -115.216392
44.096547
0 -115.213017
44.096268
0 -115.209309
44.096553
0 -115.204494
44.094761
0 -115.201575
44.094054
0 -115.199958
44.092799
0 -115.193297
44.09199
0 -115.190374
44.089793
0 -115.187691
44.089754
0 -115.185454
44.090198
0 -115.182416
44.092262
0 -115.180073
44.088776
0 -115.177286
44.086836
0 -115.17255
44.084817
0 -115.173278
44.081192
0 -115.171503
44.078688
0 -115.16913
44.07761
0 -115.167049
44.077965
0 -115.164339
44.075074
0 -115.163789
44.07228
0 -115.161529
44.066167
0 -115.159167
44.064872
0 -115.156291
44.061691
0 -115.15699
44.060507
0 -115.15636
44.055972
0 -115.155555
44.05379
0 -115.153027
44.052269
0 -115.150694
44.047711
0 -115.151357
44.045213
0 -115.14926
44.041155
0 -115.149497
44.03637
0 -115.151315
44.032157
0 -115.148875
44.029009
0 -115.146776
44.024636
0 -115.146278
44.018547
0 -115.14486
44.014891
0 -115.145979
44.011693
0 -115.147477
44.009647
0 -115.143435
44.00558
0 -115.147722
44.002364
0 -115.147085
43.999902
0 -115.142333
43.996735
0 -115.138807
43.993432
0 -115.137627
43.990818
0 -115.137239
43.985193
0 -115.137613
43.984599
0 -115.131579
43.982005
0 -115.129849
43.981842
0 -115.124344
43.980294
0 -115.121854
43.980316
0 -115.11594
43.978987
0 -115.115276
43.975433
0 -115.112099
43.973851
0 -115.109464
43.970998
0 -115.10578
43.970266
0 -115.104598
43.970808
0 -115.102265
43.973672
0 -115.100383
43.97409
0 -115.097535
43.973007
0 -115.095716
43.974055
0 -115.093306
43.973802
0 -115.092469
43.972809
0 -115.090344
43.974514
0 -115.09042
43.976229
0 -115.086933
43.977098
0 -115.085084
43.976253
0 -115.08247
43.972353
0 -115.082895
43.970592
0 -115.084347
43.969713
0 -115.085577
43.967288
0 -115.085521
43.965968
0 -115.086835
43.965634
0 -115.089234
43.963045
0 -115.092453
43.96058
0 -115.092261
43.958173
0 -115.088399
43.956167
0 -115.085115
43.95282
0 -115.082584
43.953887
0 -115.07643
43.955123
0 -115.075465
43.954829
0 -115.074065
43.953518
0 -115.074704
43.951452
0 -115.074652
43.948345
0 -115.076194
43.945825
0 -115.074387
43.943965
0 -115.07215
43.943126
0 -115.068955
43.942692
0 -115.067174
43.94035
0 -115.065989
43.942646
0 -115.062843
43.94573
0 -115.055161
43.946307
0 -115.053525
43.949285
0 -115.049275
43.950029
0 -115.047336
43.949449
0 -115.043776
43.952571
0 -115.042045
43.954937
0 -115.038332
43.957687
0 -115.031265
43.954006
0 -115.025336
43.953501
0 -115.019327
43.953439
0 -115.016024
43.952553
0 -115.011993
43.949932
0 -115.009905
43.949849
0 -115.008396
43.950799
0 -115.006138
43.951133
0 -115.003498
43.950701
0 -114.997126
43.948856
0 -114.99075
43.949725
0 -114.991185
43.953117
0 -114.987738
43.955463
0 -114.986857
43.959693
0 -114.985081
43.962144
0 -114.981109
43.966649
0 -114.979598
43.96923
0 -114.978113
43.970457
0 -114.973089
43.971949
0 -114.970992
43.970996
0 -114.968657
43.973493
0 -114.969216
43.977406
0 -114.967224
43.982153
0 -114.970019
43.983698
0 -114.973943
43.98387
0 -114.979663
43.986065
0 -114.986089
43.990109
0 -114.987251
43.992155
0 -114.985612
43.994227
0 -114.985102
43.995958
0 -114.982201
44.000475
0 -114.985475
44.004254
0 -114.983218
44.006267
0 -114.982964
44.011111
0 -114.986224
44.010246
0 -114.992595
44.011393
0 -114.995667
44.014356
0 -114.995354
44.017112
0 -114.998587
44.020664
0 -115.000574
44.020076
0 -115.001798
44.01848
0 -115.004446
44.017734
0 -115.005563
44.014952
0 -115.007545
44.013618
0 -115.013026
44.013854
0 -115.015172
44.013606
0 -115.017654
44.012554
0 -115.019727
44.01627
0 -115.021504
44.016947
0 -115.024441
44.016562
0 -115.029698
44.017851
0 -115.033241
44.020168
0 -115.033872
44.02271
0 -115.037038
44.02436
0 -115.040018
44.024891
0 -115.039645
44.028438
0 -115.042721
44.032018
0 -115.047465
44.035936
0 -115.048119
44.038027
0 -115.04721
44.043809
0 -115.047161
44.046712
0 -115.048104
44.048828
0 -115.046519
44.052728
0 -115.04647
44.056242
0 -115.041982
44.058839
0 -115.038465
44.05953
0 -115.035234
44.062134
0 -115.036763
44.066269
0 -115.036394
44.067652
0 -115.034465
44.069718
0 -115.027128
44.071759
0 -115.023862
44.074572
0 -115.023311
44.077499
0 -115.019512
44.079717
0 -115.017278
44.077971
0 -115.014717
44.077672
0 -115.01295
44.076771
0 -115.009988
44.077469
0 -115.006019
44.080635
0 -115.004136
44.081181
0 -115.001936
44.084573
0 -114.999611
44.085822
0 -114.996869
44.090784
0 -114.996522
44.094845
0 -114.997174
44.097297
0 -114.99875
44.097642
0 -115.000196
44.096677
0 -115.003859
44.096694
0 -115.008609
44.098505
0 -115.012944
44.096868
0 -115.01841
44.097563
0 -115.02059
44.098658
0 -115.027072
44.104338
0 -115.028214
44.107427
0 -115.030057
44.110387
0 -115.03628
44.111612
0 -115.040411
44.113061
0 -115.044792
44.117727
0 -115.047126
44.120824
0 -115.046499
44.123277
0 -115.044495
44.12293
0 -115.041597
44.123951
0 -115.039715
44.123516
0 -115.037753
44.124416
0 -115.035202
44.12456
0 -115.03457
44.125459
0 -115.031989
44.12618
0 -115.029941
44.12775
0 -115.028341
44.127332
0 -115.025531
44.128584
0 -115.02429
44.130544
0 -115.023751
44.133482
0 -115.020835
44.135354
0 -115.017987
44.13955
0 -115.01721
44.141739
0 -115.017881
44.144545
0 -115.019817
44.146064
0 -115.020851
44.147892
0 -115.022463
44.148375
0 -115.024496
44.153986
0 -115.024366
44.155491
0 -115.026206
44.158417
0 -115.028968
44.15895
0 -115.032477
44.160348
0 -115.042247
44.15939
0 -115.043832
44.161481
0 -115.04606
44.162009
0 -115.047415
44.163425
0 -115.050729
44.16533
0 -115.058387
44.164244
0 -115.060588
44.163348
0 -115.06107
44.160402
0 -115.06273
44.161157
0 -115.065157
44.163565
0 -115.066915
44.166033
0 -115.068067
44.166172
0 -115.072095
44.168981
0 -115.072421
44.172196
0 -115.076289
44.172618
0 -115.078875
44.175258
0 -115.082526
44.176107
0 -115.085992
44.173466
0 -115.088335
44.173292
0 -115.089207
44.172387
0 -115.098729
44.173106
0 -115.103021
44.170549
0 -115.107226
44.170164
0 -115.108928
44.171441
0 -115.108824
44.174031
0 -115.109382
44.175918
0 -115.115219
44.178418
0 -115.116831
44.180685
0 -115.120443
44.182956
0 -115.121734
44.184364
0 -115.125048
44.189741
0 -115.125925
44.189802
0 -115.12955
44.192068
0 -115.135494
44.192062
0 -115.143319
44.190588
0 -115.148743
44.193028
0 -115.152135
44.196034
0 -115.154374
44.197454
0 -115.157368
44.197515
0 -115.162124
44.200475
0 -115.167118
44.202711
0 -115.169203
44.206012
0 -115.167084
44.207489
0 -115.163497
44.212445
0 -115.162797
44.213956
0 -115.164263
44.216163
0 -115.167961
44.218646
0 -115.170256
44.22247
0 -115.169604
44.22571
0 -115.170361
44.226331
0 -115.173999
44.232829
0 -115.174893
44.235227
0 -115.172685
44.236631
0 -115.168597
44.238064
0 -115.162442
44.239566
0 -115.159769
44.239795
0 -115.15857
44.242664
0 -115.15686
44.244946
0 -115.156547
44.246463
0 -115.158201
44.248865
0 -115.162505
44.251431
0 -115.164598
44.255056
0 -115.166407
44.256099
0 -115.167515
44.257827
0 -115.163833
44.262333
0 -115.164921
44.264784
0 -115.167021
44.266326
0 -115.168111
44.269719
0 -115.166225
44.274311
0 -115.166151
44.276329
0 -115.168234
44.27993
0 -115.168755
44.282727
0 -115.173228
44.286985
0 -115.173366
44.289019
0 -115.175485
44.293199
0 -115.177698
44.294419
0 -115.178952
44.29638
0 -115.184403
44.291897
0 -115.188135
44.28732
0 -115.190427
44.285727
0 -115.195795
44.283495
0 -115.201488
44.282365
0 -115.202603
44.282427
0 -115.20474
44.285835
0 -115.207731
44.287223
0 -115.209127
44.288516
0 -115.210498
44.292567
0 -115.210547
44.295149
0 -115.213135
44.300518
0 -115.212607
44.304211
0 -115.213489
44.304821
0 -115.215031
44.305623
0 -115.218254
44.305845
0 -115.220791
44.307635
0 -115.222331
44.308059
0 -115.226034
44.307815
0 -115.228827
44.306132
0 -115.232549
44.305872
0 -115.234583
44.30748
0 -115.236496
44.308047
0 -115.239718
44.305455
0 -115.241909
44.301471
0 -115.241326
44.299365
0 -115.23928
44.297423
0 -115.240222
44.29386
0 -115.243468
44.292544
0 -115.243983
44.29498
0 -115.247218
44.296423
0 -115.248839
44.300971
0 -115.248185
44.308515
0 -115.249964
44.310992
0 -115.254656
44.311823
0 -115.257226
44.311529
0 -115.260299
44.31234
0 -115.261057
44.314386
0 -115.263865
44.313653
0 -115.26533
44.315218
0 -115.268006
44.315941
0 -115.269641
44.315285
0 -115.272029
44.315541
0 -115.274268
44.316762
0 -115.276844
44.319415
0 -115.279382
44.322939
0 -115.282786
44.32347
0 -115.28785
44.32477
0 -115.288948
44.328266
0 -115.288202
44.329762
0 -115.290429
44.331039
0 -115.29293
44.333395
0 -115.294308
44.336755
0 -115.294462
44.339411
0 -115.29752
44.340086
0 -115.303638
44.343078
0 -115.304937
44.344659
0 -115.307602
44.345735
0 -115.310193
44.345792
0 -115.317079
44.34776
0 -115.320016
44.348184
0 -115.324372
44.351082
0 -115.330886
44.351497
0 -115.333913
44.349459
0 -115.335893
44.349124
0 -115.339514
44.346821
0 -115.344832
44.347088
0 -115.346057
44.348097
0 -115.348913
44.349092
0 -115.354176
44.346694
0 -115.357466
44.34571
0 -115.356685
44.34294
0 -115.351197
44.338261
0 -115.350079
44.336053
0 -115.352135
44.333618
0 -115.356485
44.332652
0 -115.356632
44.329915
0 -115.355999
44.328891
0 -115.353098
44.328178
0 -115.350718
44.325856
0 -115.350358
44.323842
0 -115.350595
44.318474
0 -115.349107
44.314003
0 -115.354055
44.311541
0 -115.352722
44.307208
0 -115.351531
44.306393
0 -115.352443
44.304768
0 -115.354067
44.303708
0 -115.359378
44.302196
0 -115.362704
44.299972
0 -115.368231
44.297767
0 -115.368887
44.295667
0 -115.375376
44.295452
0 -115.378476
44.29186
0 -115.378506
44.290959
0 -115.385542
44.28982
0 -115.388893
44.284465
0 -115.387507
44.283221
0 -115.38802
44.279368
0 -115.387863
44.276768
0 -115.389582
44.274216
0 -115.391225
44.268654
0 -115.393841
44.266869
0 -115.39658
44.267781
0 -115.398878
44.265343
0 -115.401364
44.26586
0 -115.401771
44.263873
0 -115.40126
44.260757
0 -115.402145
44.259006
0 -115.405983
44.259317
0 -115.407217
44.262758
0 -115.411663
44.265301
0 -115.416418
44.26688
0 -115.421909
44.265765
0 -115.425979
44.266375
0 -115.427333
44.263121
0 -115.429716
44.261029
0 -115.434605
44.259662
0 -115.437072
44.25827
0 -115.438086
44.257002
0 -115.4425
44.255054
0 -115.442838
44.253107
0 -115.441888
44.251623
0 -115.442406
44.249195
0 -115.443609
44.248026
0 -115.447199
44.248178
0 -115.449915
44.247418
0 -115.452092
44.245786
0 -115.455177
44.244874
0 -115.457245
44.242927
0 -115.462325
44.242047
0 -115.464753
44.242379
0 -115.468187
44.240977
0 -115.471998
44.241243
0 -115.472403
44.237937
0 -115.478317
44.24015
0 -115.485211
44.240839
0 -115.487027
44.238239
0 -115.489967
44.237341
0 -115.49202
44.234187
0 -115.494574
44.232749
0 -115.496122
44.232972
0 -115.49697
44.234279
0 -115.500939
44.234066
0 -115.503079
44.235095
0 -115.504251
44.238377
0 -115.504214
44.241515
0 -115.506868
44.243207
0 -115.514393
44.242148
0 -115.515587
44.242236
0 -115.516437
44.241609
0 -115.5175
44.238728
0 -115.519969
44.237401
0 -115.52015
44.235196
0 -115.625943
44.235541
0 -115.682629
44.235465
0 -115.875684
44.235342
0 -116.03693
44.236826
0 -116.103075
44.236624
0 -116.103305
44.231972
0 -116.103057
44.228413
0 -116.10343
44.226028
0 -116.106154
44.223166
0 -116.106042
44.220486
0 -116.107325
44.216637
0 -116.106241
44.211665
0 -116.106545
44.210113
0 -116.109253
44.205624
0 -116.108796
44.203932
0 -116.11108
44.200939
0 -116.113212
44.197272
0 -116.111342
44.19532
0 -116.111972
44.193315
0 -116.114587
44.18972
0 -116.11413
44.187515
0 -116.114752
44.18463
0 -116.116351
44.181925
0 -116.114102
44.178197
0 -116.114998
44.177252
0 -116.117924
44.176399
0 -116.118968
44.175431
0 -116.120379
44.169709
0 -116.119731
44.166872
0 -116.11734
44.164891
0 -116.117575
44.161405
0 -116.117129
44.159749
0 -116.117523
44.157303
0 -116.117216
44.154744
0 -116.114938
44.153993
0 -116.11448
44.151788
0 -116.112181
44.150454
0 -116.111605
44.148707
0 -116.112427
44.147834
0 -116.155721
44.147641
0 -116.15573
44.151302
0 -116.212132
44.151354
0 -116.216485
44.151357
0 -116.235806
44.151369
0 -116.273069
44.151227
0 -116.273322
44.109049
0 -116.273218
43.99989
0 -116.272667
43.99498
0 -116.273728
43.811815
0 -116.27404
43.806856
0 -116.281687
43.806937
0 