-91.232537
33.557454
0 -91.232295
33.552788
0 -91.229834
33.547047
0 -91.226325
33.5412
0 -91.219297
33.532364
0 -91.215671
33.529423
0 -90.989142
33.530403
0 -90.971457
33.530276
0 -90.945486
33.530203
0 -90.936117
33.530192
0 -90.884419
33.530443
0 -90.875099
33.529336
0 -90.865885
33.529387
0 -90.822955
33.52988
0 -90.769554
33.529379
0 -90.768217
33.529308
0 -90.763509
33.529389
0 -90.763361
33.539256
0 -90.763579
33.543217
0 -90.763514
33.55775
0 -90.763357
33.573068
0 -90.763381
33.593721
0 -90.763403
33.599758
0 -90.763404
33.599827
0 -90.763431
33.601002
0 -90.763444
33.601088
0 -90.763456
33.601391
0 -90.763286
33.605239
0 -90.763473
33.609068
0 -90.763469
33.616164
0 -90.737319
33.616267
0 -90.685131
33.616281
0 -90.658719
33.616264
0 -90.658601
33.645271
0 -90.6585
33.678831
0 -90.658655
33.679825
0 -90.658579
33.689118
0 -90.658791
33.70405
0 -90.658828
33.706653
0 -90.658472
33.717047
0 -90.659115
33.723665
0 -90.659119
33.734481
0 -90.658832
33.762897
0 -90.658728
33.775917
0 -90.658643
33.780199
0 -90.658627
33.784193
0 -90.658317
33.827667
0 -90.658572
33.833011
0 -90.658147
33.837789
0 -90.658255
33.850737
0 -90.658224
33.852949
0 -90.657839
33.879758
0 -90.657296
33.922554
0 -90.656977
33.938033
0 -90.657002
33.987586
0 -90.660357
33.987585
0 -90.660168
34.000094
0 -90.660276
34.002316
0 -90.659687
34.075106
0 -90.659457
34.118867
0 -90.690272
34.119122
0 -90.6942
34.119411
0 -90.76477
34.119506
0 -90.781558
34.120712
0 -90.791377
34.12061
0 -90.799346
34.120614
0 -90.955974
34.120125
0 -90.9550036798755
34.1189731025439
0 -90.948514
34.111269
0 -90.946323
34.109374
0 -90.921273
34.093958
0 -90.918395
34.093054
0 -90.914066
34.092756
0 -90.90113
34.094667
0 -90.893526
34.097795
0 -90.888085
34.09781
0 -90.882628
34.096615
0 -90.878912
34.094573
0 -90.876606
34.092911
0 -90.871923
34.086652
0 -90.870461
34.082739
0 -90.870528
34.080516
0 -90.8717788762311
34.0768360142606
0 -90.87194
34.076362
0 -90.874541
34.072041
0 -90.882115
34.063903
0 -90.886351
34.058564
0 -90.887837
34.055403
0 -90.888627
34.052419
0 -90.889058
34.046362
0 -90.887394
34.039845
0 -90.886991
34.035094
0 -90.887413
34.032505
0 -90.888956
34.029788
0 -90.89242
34.02686
0 -90.899467
34.023796
0 -90.914642
34.021885
0 -90.922017
34.023216
0 -90.923745
34.023143
0 -90.934896
34.019262
0 -90.942662
34.01805
0 -90.950311
34.017822
0 -90.958456
34.020254
0 -90.970726
34.02162
0 -90.976918
34.021335
0 -90.982742
34.020469
0 -90.987948
34.019038
0 -90.979945
34.000106
0 -90.977489
33.996554
0 -90.970947
33.991885
0 -90.961548
33.979945
0 -90.961222
33.976151
0 -90.96372
33.967688
0 -90.965187
33.965461
0 -90.967632
33.963324
0 -90.970856
33.961868
0 -90.976864
33.960503
0 -90.983359
33.960186
0 -90.987653
33.960793
0 -90.994856
33.963118
0 -91.000108
33.966428
0 -91.002986
33.970902
0 -91.004981
33.977011
0 -91.01361
33.994495
0 -91.01889
34.003151
0 -91.033765
33.995323
0 -91.039589
33.989297
0 -91.042751
33.986811
0 -91.048367
33.985078
0 -91.062264
33.985083
0 -91.071203
33.984473
0 -91.075378
33.983586
0 -91.079254
33.982101
0 -91.083187
33.979865
0 -91.087921
33.975335
0 -91.089119
33.972653
0 -91.089756
33.969721
0 -91.089787
33.966004
0 -91.088696
33.961334
0 -91.086758
33.95827
0 -91.084095
33.956179
0 -91.0790048351099
33.9542525739593
0 -91.078496
33.95406
0 -91.046725
33.947406
0 -91.035961
33.943758
0 -91.020097
33.937127
0 -91.012994
33.932276
0 -91.010318
33.929352
0 -91.0101898469778
33.9282691530609
0 -91.01004
33.927003
0 -91.010831
33.925552
0 -91.017481
33.919083
0 -91.026382
33.90798
0 -91.036674
33.898531
0 -91.0394007245812
33.8962635825537
0 -91.055309
33.883035
0 -91.061247
33.877505
0 -91.070883
33.866714
0 -91.072798
33.862396
0 -91.073011
33.857449
0 -91.071195
33.849539
0 -91.067511
33.840443
0 -91.064977
33.837126
0 -91.056692
33.828935
0 -91.052819
33.824181
0 -91.049679
33.818729
0 -91.046849
33.815365
0 -91.042448
33.812855
0 -91.025173
33.805953
0 -91.0225410116616
33.805171960702
0 -91.020098
33.804447
0 -91.007767
33.802591
0 -91.000107
33.799549
0 -90.991747
33.792597
0 -90.989299
33.788016
0 -90.9890693438216
33.7870549178418
0 -90.988466
33.78453
0 -90.989444
33.780576
0 -90.99122
33.776791
0 -90.993842
33.773601
0 -91.000106
33.769165
0 -91.01277
33.764675
0 -91.023285
33.762991
0 -91.026782
33.763642
0 -91.053886
33.778701
0 -91.060524
33.77764
0 -91.08551
33.77641
0 -91.088996
33.775801
0 -91.107318
33.770619
0 -91.111494
33.774568
0 -91.1140321504896
33.7763521493035
0 -91.117836
33.779026
0 -91.123466
33.782106
0 -91.128222
33.783447
0 -91.132185
33.78342
0 -91.133854
33.782814
0 -91.137351
33.779923
0 -91.139869
33.777117
0 -91.14201
33.77382
0 -91.145112
33.76734
0 -91.144812
33.763996
0 -91.143634
33.762095
0 -91.141304
33.760835
0 -91.140756
33.759735
0 -91.141553
33.755957
0 -91.144571
33.751607
0 -91.144539
33.749338
0 -91.143287
33.747141
0 -91.143316912576
33.7470426656417
0 -91.146523
33.736503
0 -91.146618
33.732456
0 -91.145792
33.728924
0 -91.144732
33.726803
0 -91.132338
33.714246
0 -91.125527
33.70878
0 -91.117733
33.705342
0 -91.107646
33.704679
0 -91.101101
33.705007
0 -91.089873
33.707364
0 -91.075389
33.714403
0 -91.06829
33.716477
0 -91.063752
33.715892
0 -91.059891
33.714816
0 -91.055562
33.712486
0 -91.046778
33.706313
0 -91.041261
33.699933
0 -91.039025
33.696595
0 -91.03715
33.692907
0 -91.03612
33.689113
0 -91.033366
33.688773
0 -91.030402
33.687766
0 -91.030332
33.681622
0 -91.03146
33.678142
0 -91.0338049555082
33.6742722569971
0 -91.034565
33.673018
0 -91.03684
33.671316
0 -91.046412
33.668272
0 -91.050523
33.668064
0 -91.059182
33.6664
0 -91.06711
33.662689
0 -91.078507
33.658283
0 -91.084126
33.657322
0 -91.088202
33.657387
0 -91.09404
33.658351
0 -91.10098
33.660551
0 -91.13045
33.674522
0 -91.133416
33.67679
0 -91.144188
33.689596
0 -91.160866
33.707096
0 -91.162464
33.70684
0 -91.165846
33.705133
0 -91.17573
33.703116
0 -91.190113
33.70186
0 -91.200712
33.701535
0 -91.205377
33.700819
0 -91.212077
33.698249
0 -91.22057
33.692923
0 -91.2248508181286
33.6882194635809
0 -91.225279
33.687749
0 -91.227857
33.683073
0 -91.229015
33.677543
0 -91.228228
33.671326
0 -91.226537
33.668665
0 -91.223001
33.664794
0 -91.219048
33.661503
0 -91.211284
33.658526
0 -91.185455
33.653604
0 -91.178311
33.651109
0 -91.171168
33.647766
0 -91.164212
33.643278
0 -91.150499
33.633013
0 -91.139209
33.625658
0 -91.134389
33.619512
0 -91.1329605860014
33.6159919651592
0 -91.130902
33.610919
0 -91.130445
33.606034
0 -91.131588
33.59945
0 -91.13245
33.596989
0 -91.134043
33.594489
0 -91.138418
33.590896
0 -91.152148
33.582721
0 -91.157429
33.581372
0 -91.160755
33.581352
0 -91.175979
33.582968
0 -91.17822
33.582607
0 -91.181068
33.58152
0 -91.188942
33.576225
0 -91.198285
33.572061
0 -91.203151
33.570758
0 -91.221466
33.568166
0 -91.224121
33.567369
0 -91.228489
33.564667
0 -91.2308579778816
33.56137194507
0 -91.231418
33.560593
0 -91.232537
33.557454
0 