-101.691284
32.961838
0 -101.690762
32.828206
0 -101.690162
32.751706
0 -101.689281
32.631168
0 -101.689083
32.589671
0 -101.68874
32.525222
0 -101.611899
32.524986
0 -101.607375
32.524982
0 -101.517447
32.52491
0 -101.374973
32.524436
0 -101.328387
32.52432
0 -101.250402
32.524098
0 -101.248843
32.52398
0 -101.174571
32.524112
0 -101.174562
32.527703
0 -101.174395
32.619945
0 -101.174592
32.620431
0 -101.174627
32.625109
0 -101.174419
32.627951
0 -101.17371
32.875518
0 -101.173673
32.957105
0 -101.173378
32.963597
0 -101.442447
32.961944
0 -101.557434
32.961025
0 -101.691284
32.961838
0 