-98.000683
32.020279
0 -98.005462
32.017897
0 -98.000365
32.011143
0 -97.980967
31.982699
0 -97.969876
31.966629
0 -97.920268
31.894885
0 -97.892729
31.854808
0 -97.883846
31.841977
0 -97.875306
31.829639
0 -97.874376
31.8285
0 -97.840019
31.778787
0 -97.832948
31.76864
0 -97.773784
31.6831
0 -97.772692
31.68152
0 -97.766431
31.672461
0 -97.750766
31.680405
0 -97.733324
31.689145
0 -97.724068
31.693783
0 -97.717342
31.697152
0 -97.702232
31.704751
0 -97.689834
31.711019
0 -97.671583
31.684433
0 -97.659814
31.667289
0 -97.635372
31.631686
0 -97.631298
31.625747
0 -97.618224
31.606291
0 -97.608775
31.592736
0 -97.60523
31.587762
0 -97.57997
31.598928
0 -97.519259
31.628583
0 -97.480662
31.647237
0 -97.475608
31.650345
0 -97.470275
31.65285
0 -97.470217
31.65287
0 -97.470188
31.652879
0 -97.470144
31.652912
0 -97.470103
31.652919
0 -97.470003
31.652969
0 -97.465311
31.655266
0 -97.462733
31.65643
0 -97.46262
31.656482
0 -97.452574
31.661389
0 -97.452448
31.661451
0 -97.405528
31.683698
0 -97.388392
31.6919
0 -97.386514
31.692587
0 -97.336415
31.717008
0 -97.331527
31.719359
0 -97.30658
31.731341
0 -97.277265
31.745492
0 -97.280358
31.747178
0 -97.285338
31.749299
0 -97.286654
31.750179
0 -97.289074
31.750923
0 -97.29082
31.752227
0 -97.296494
31.755545
0 -97.30167
31.757105
0 -97.306751
31.759333
0 -97.310335
31.761552
0 -97.311992
31.764294
0 -97.317982
31.772049
0 -97.321104
31.775208
0 -97.323663
31.778347
0 -97.324915
31.781406
0 -97.32653
31.78836
0 -97.326497
31.789741
0 -97.324895
31.791908
0 -97.320039
31.793605
0 -97.30853
31.8007
0 -97.304634
31.80454
0 -97.302605
31.806833
0 -97.298499
31.810642
0 -97.292771
31.816993
0 -97.290422
31.818526
0 -97.287579
31.819668
0 -97.287166
31.820265
0 -97.282026
31.823331
0 -97.278128
31.828061
0 -97.276998
31.830761
0 -97.276716
31.833521
0 -97.277184
31.836326
0 -97.27831
31.839468
0 -97.279529
31.841271
0 -97.28206
31.843152
0 -97.289221
31.84527
0 -97.289884
31.845386
0 -97.299796
31.846991
0 -97.303743
31.84839
0 -97.310889
31.847528
0 -97.323967
31.842317
0 -97.327145
31.841452
0 -97.329135
31.841875
0 -97.331571
31.843199
0 -97.334879
31.847949
0 -97.336299
31.849346
0 -97.340973
31.853139
0 -97.344641
31.855203
0 -97.352368
31.859935
0 -97.358338
31.863082
0 -97.36246
31.86495
0 -97.366081
31.865822
0 -97.369031
31.865469
0 -97.371497
31.866342
0 -97.377885
31.868538
0 -97.382848
31.870788
0 -97.383895
31.87182
0 -97.384809
31.874118
0 -97.385489
31.878602
0 -97.385093
31.880266
0 -97.383308
31.882864
0 -97.38182
31.884255
0 -97.37851
31.884925
0 -97.375291
31.884617
0 -97.369822
31.884444
0 -97.366204
31.884929
0 -97.362657
31.88618
0 -97.35975
31.888351
0 -97.359294
31.889222
0 -97.360312
31.890669
0 -97.368103
31.894262
0 -97.37529
31.898411
0 -97.387721
31.903959
0 -97.39308
31.90723
0 -97.398334
31.909806
0 -97.402088
31.909886
0 -97.407747
31.907842
0 -97.408547
31.908039
0 -97.412483
31.909844
0 -97.414662
31.912355
0 -97.416125
31.914754
0 -97.421844
31.922359
0 -97.422731
31.923182
0 -97.432393
31.92498
0 -97.437498
31.92816
0 -97.439471
31.929775
0 -97.439669
31.930776
0 -97.438765
31.933506
0 -97.434331
31.936068
0 -97.431878
31.937934
0 -97.427001
31.942628
0 -97.425658
31.943268
0 -97.404232
31.953713
0 -97.399841
31.956756
0 -97.398616
31.957606
0 -97.389234
31.966086
0 -97.38408
31.969001
0 -97.379992
31.97274
0 -97.377216
31.97727
0 -97.377758
31.98048
0 -97.378754
31.982624
0 -97.381302
31.985596
0 -97.403525
31.986476
0 -97.405639
31.987566
0 -97.407698
31.990052
0 -97.410076
31.993724
0 -97.41577
31.999123
0 -97.418581
32.000875
0 -97.421818
32.004826
0 -97.422737
32.00789
0 -97.422969
32.011225
0 -97.422915
32.020026
0 -97.423456
32.023645
0 -97.425537
32.027925
0 -97.426387
32.028557
0 -97.429988
32.028567
0 -97.433683
32.026533
0 -97.43534
32.024982
0 -97.436805
32.020936
0 -97.439712
32.017566
0 -97.441956
32.014436
0 -97.44769
32.012499
0 -97.463106
32.010773
0 -97.474942
32.010081
0 -97.477792
32.011014
0 -97.483498
32.01484
0 -97.485968
32.017611
0 -97.486831
32.021765
0 -97.486817
32.025486
0 -97.486805
32.028926
0 -97.486211
32.032528
0 -97.48533
32.039423
0 -97.485668
32.04292
0 -97.492092
32.059723
0 -97.490876
32.063471
0 -97.486522
32.068032
0 -97.482989
32.07311
0 -97.477141
32.080554
0 -97.470665
32.086711
0 -97.469766
32.089709
0 -97.469933
32.091648
0 -97.471253
32.095335
0 -97.472432
32.097552
0 -97.475063
32.100543
0 -97.478095
32.102936
0 -97.483834
32.10875
0 -97.486163
32.111674
0 -97.488486
32.115679
0 -97.49039
32.120013
0 -97.492679
32.123506
0 -97.49585
32.128152
0 -97.497113
32.132271
0 -97.497086
32.134345
0 -97.496364
32.137352
0 -97.494082
32.13964
0 -97.491245
32.140497
0 -97.484963
32.142936
0 -97.476065
32.145426
0 -97.469212
32.148305
0 -97.468134
32.14949
0 -97.466021
32.154511
0 -97.465287
32.15543
0 -97.461571
32.157939
0 -97.460056
32.159944
0 -97.457211
32.16272
0 -97.456455
32.164382
0 -97.456908
32.167043
0 -97.458234
32.16942
0 -97.459744
32.1709
0 -97.462487
32.172463
0 -97.466209
32.173215
0 -97.469478
32.173561
0 -97.476086
32.17346
0 -97.483387
32.172432
0 -97.486632
32.171543
0 -97.489008
32.169943
0 -97.493349
32.165135
0 -97.494469
32.164541
0 -97.502021
32.162785
0 -97.50364
32.162708
0 -97.508367
32.163266
0 -97.510295
32.162681
0 -97.511986
32.161177
0 -97.513071
32.157961
0 -97.513378
32.155591
0 -97.513155
32.152552
0 -97.51212
32.146635
0 -97.511041
32.143745
0 -97.508423
32.14029
0 -97.508361
32.138075
0 -97.509852
32.135855
0 -97.512854
32.133966
0 -97.516121
32.133612
0 -97.522235
32.13481
0 -97.534841
32.139273
0 -97.53805
32.140575
0 -97.541852
32.142598
0 -97.550216
32.147458
0 -97.552566
32.148617
0 -97.555211
32.149414
0 -97.559122
32.149079
0 -97.568013
32.150153
0 -97.569953
32.151753
0 -97.570591
32.154421
0 -97.569331
32.156152
0 -97.564445
32.161377
0 -97.564862
32.162985
0 -97.567573
32.165495
0 -97.568269
32.167972
0 -97.567653
32.172888
0 -97.568475
32.17647
0 -97.570421
32.178551
0 -97.573395
32.180315
0 -97.575947
32.181024
0 -97.578628
32.180771
0 -97.585488
32.178092
0 -97.591185
32.175092
0 -97.592931
32.174374
0 -97.595839
32.174145
0 -97.59948
32.17472
0 -97.601558
32.17562
0 -97.602579
32.177498
0 -97.601896
32.179668
0 -97.599937
32.181201
0 -97.596493
32.182557
0 -97.59241
32.184782
0 -97.590819
32.186405
0 -97.590158
32.187913
0 -97.589649
32.190883
0 -97.589759
32.193161
0 -97.590446
32.195732
0 -97.592393
32.199612
0 -97.594286
32.201622
0 -97.597588
32.203725
0 -97.599811
32.204261
0 -97.605605
32.204239
0 -97.607982
32.204309
0 -97.615055
32.203581
0 -97.619132
32.204098
0 -97.625971
32.203995
0 -97.628013
32.204977
0 -97.630885
32.207403
0 -97.642178
32.201296
0 -97.64979
32.197096
0 -97.652468
32.19588
0 -97.66326
32.19053
0 -97.667767
32.188094
0 -97.695459
32.173679
0 -97.699021
32.171636
0 -97.699993
32.170859
0 -97.701309
32.170538
0 -97.740427
32.151083
0 -97.745988
32.147857
0 -97.749084
32.146289
0 -97.758313
32.141492
0 -97.759972
32.140985
0 -97.777023
32.132295
0 -97.779227
32.130961
0 -97.845544
32.097109
0 -97.85436
32.092602
0 -97.864864
32.087328
0 -97.99191
32.024679
0 -98.000683
32.020279
0 