-80.06735
37.426435
0 -80.073985
37.422305
0 -80.062622
37.408325
0 -80.051755
37.404087
0 -80.019404
37.391496
0 -79.958885
37.368364
0 -79.958019
37.36796
0 -79.94604
37.363176
0 -79.945616
37.362997
0 -79.929296
37.356039
0 -79.920321
37.352193
0 -79.887616
37.338114
0 -79.872604
37.331648
0 -79.865882
37.328752
0 -79.865684
37.328668
0 -79.865099
37.328417
0 -79.8577
37.320323
0 -79.847599
37.309177
0 -79.844687
37.313065
0 -79.845295
37.313913
0 -79.844607
37.315177
0 -79.844191
37.317785
0 -79.841839
37.319145
0 -79.840399
37.319401
0 -79.837903
37.321705
0 -79.836191
37.321961
0 -79.835855
37.323193
0 -79.832719
37.325001
0 -79.830303
37.325385
0 -79.824143
37.329289
0 -79.821791
37.329993
0 -79.820231
37.331043
0 -79.813741
37.333659
0 -79.812779
37.334538
0 -79.81075
37.335305
0 -79.807121
37.339383
0 -79.805297
37.33999
0 -79.804688
37.341158
0 -79.801936
37.343448
0 -79.797921
37.345111
0 -79.794896
37.34516
0 -79.788671
37.349385
0 -79.788151
37.351116
0 -79.787855
37.352457
0 -79.786351
37.354569
0 -79.786207
37.357
0 -79.786655
37.359128
0 -79.785791
37.361704
0 -79.784559
37.362216
0 -79.785023
37.363288
0 -79.784623
37.365928
0 -79.783472
37.367752
0 -79.783312
37.369224
0 -79.78104
37.37076
0 -79.779218
37.370852
0 -79.777232
37.373304
0 -79.776048
37.374056
0 -79.776208
37.375096
0 -79.775344
37.377352
0 -79.776976
37.380872
0 -79.778608
37.381816
0 -79.786064
37.382296
0 -79.792176
37.380856
0 -79.793392
37.381688
0 -79.7928
37.383048
0 -79.795562
37.384228
0 -79.797371
37.385189
0 -79.801696
37.390183
0 -79.80472
37.392519
0 -79.804608
37.396583
0 -79.808513
37.398023
0 -79.811311
37.400133
0 -79.813441
37.401927
0 -79.814193
37.403687
0 -79.811169
37.405175
0 -79.807489
37.405607
0 -79.806209
37.407111
0 -79.804063
37.407496
0 -79.799419
37.408923
0 -79.790467
37.40883
0 -79.786707
37.410933
0 -79.78314
37.41259
0 -79.778759
37.415292
0 -79.775306
37.416251
0 -79.770893
37.418697
0 -79.768175
37.419591
0 -79.767152
37.420807
0 -79.764142
37.423144
0 -79.762829
37.423736
0 -79.761228
37.424137
0 -79.758729
37.423977
0 -79.757345
37.42478
0 -79.756169
37.425418
0 -79.753868
37.42868
0 -79.752302
37.430152
0 -79.751791
37.431735
0 -79.74976
37.431655
0 -79.746853
37.432597
0 -79.745187
37.434355
0 -79.741653
37.435742
0 -79.741132
37.436606
0 -79.738838
37.437407
0 -79.736278
37.440084
0 -79.734422
37.441345
0 -79.73206
37.441981
0 -79.730941
37.443377
0 -79.726404
37.445023
0 -79.726234
37.445851
0 -79.723068
37.447301
0 -79.721515
37.448704
0 -79.719063
37.448989
0 -79.718507
37.450477
0 -79.715899
37.452599
0 -79.714246
37.452655
0 -79.71129
37.455063
0 -79.710261
37.456938
0 -79.710697
37.458792
0 -79.709963
37.459812
0 -79.707827
37.459695
0 -79.705784
37.460466
0 -79.704588
37.462418
0 -79.699624
37.466274
0 -79.697568
37.468909
0 -79.692598
37.473508
0 -79.690053
37.476403
0 -79.686231
37.477631
0 -79.682138
37.479857
0 -79.680482
37.480146
0 -79.678303
37.481487
0 -79.677895
37.483137
0 -79.676902
37.483744
0 -79.674005
37.482906
0 -79.671235
37.483809
0 -79.668395
37.483144
0 -79.663071
37.483456
0 -79.659053
37.485206
0 -79.655718
37.482599
0 -79.653515
37.482079
0 -79.648387
37.477342
0 -79.646396
37.476782
0 -79.645694
37.475256
0 -79.643535
37.474405
0 -79.643033
37.473129
0 -79.639775
37.471135
0 -79.639407
37.468425
0 -79.640013
37.467316
0 -79.638605
37.465897
0 -79.638987
37.464844
0 -79.638059
37.462856
0 -79.638404
37.461464
0 -79.636512
37.460123
0 -79.634201
37.45705
0 -79.632656
37.456457
0 -79.628157
37.453633
0 -79.627511
37.453758
0 -79.626126
37.455284
0 -79.623645
37.455484
0 -79.618843
37.457829
0 -79.617176
37.458046
0 -79.613994
37.456338
0 -79.610099
37.456472
0 -79.608647
37.455265
0 -79.602593
37.455403
0 -79.602246
37.453596
0 -79.598877
37.451266
0 -79.593704
37.448894
0 -79.592014
37.449562
0 -79.588523
37.449625
0 -79.586069
37.451006
0 -79.582729
37.452197
0 -79.580701
37.455603
0 -79.582279
37.45844
0 -79.581641
37.460822
0 -79.583201
37.463466
0 -79.582648
37.465445
0 -79.580454
37.468117
0 -79.58111
37.472423
0 -79.578406
37.473585
0 -79.575031
37.478418
0 -79.573348
37.480359
0 -79.569298
37.482844
0 -79.568047
37.484997
0 -79.567365
37.487717
0 -79.564739
37.489
0 -79.563141
37.490393
0 -79.562027
37.493006
0 -79.560457
37.493546
0 -79.558956
37.496422
0 -79.555038
37.498762
0 -79.552252
37.495571
0 -79.550197
37.495181
0 -79.549173
37.492557
0 -79.546036
37.489244
0 -79.541095
37.494264
0 -79.538619
37.495639
0 -79.537905
37.497159
0 -79.538261
37.498974
0 -79.536937
37.5012
0 -79.534317
37.501811
0 -79.533122
37.505258
0 -79.530941
37.506513
0 -79.527523
37.505926
0 -79.524585
37.507427
0 -79.518939
37.508474
0 -79.517468
37.511679
0 -79.517328
37.51319
0 -79.514353
37.516387
0 -79.510756
37.517504
0 -79.508805
37.517191
0 -79.504553
37.521234
0 -79.505439
37.523506
0 -79.505715
37.526735
0 -79.505279
37.529191
0 -79.502677
37.529722
0 -79.498553
37.532887
0 -79.510366
37.539734
0 -79.577522
37.580743
0 -79.576873
37.582203
0 -79.576411
37.585433
0 -79.575562
37.58612
0 -79.574479
37.588774
0 -79.575149
37.59146
0 -79.574431
37.593289
0 -79.574983
37.592476
0 -79.573291
37.595604
0 -79.574203
37.596034
0 -79.577929
37.598011
0 -79.608745
37.616711
0 -79.635785
37.633072
0 -79.638945
37.634737
0 -79.67304
37.655301
0 -79.676014
37.657103
0 -79.683594
37.661668
0 -79.681589
37.662783
0 -79.678778
37.665459
0 -79.678112
37.666882
0 -79.674951
37.668921
0 -79.672046
37.673719
0 -79.670926
37.676629
0 -79.670897
37.680268
0 -79.670416
37.685587
0 -79.669126
37.687545
0 -79.66878
37.690879
0 -79.667726
37.694401
0 -79.676322
37.698711
0 -79.679342
37.707997
0 -79.68872
37.734668
0 -79.687203
37.736192
0 -79.681665
37.740276
0 -79.681608
37.741825
0 -79.679592
37.744263
0 -79.678046
37.747078
0 -79.676163
37.751997
0 -79.675085
37.75575
0 -79.674006
37.763052
0 -79.748899
37.782828
0 -79.7498
37.783272
0 -79.7641
37.787049
0 -79.784271
37.792422
0 -79.793454
37.794858
0 -79.816702
37.800989
0 -79.822212
37.796808
0 -79.823287
37.796141
0 -79.831926
37.789573
0 -79.833762
37.78908
0 -79.845299
37.782326
0 -79.844494
37.779567
0 -79.843367
37.778465
0 -79.843395
37.777288
0 -79.844434
37.774605
0 -79.845522
37.773842
0 -79.849004
37.769296
0 -79.848594
37.768408
0 -79.85072
37.765075
0 -79.852887
37.763372
0 -79.854541
37.761014
0 -79.861785
37.754803
0 -79.864203
37.75156
0 -79.86708
37.748685
0 -79.874773
37.743573
0 -79.882181
37.740627
0 -79.889085
37.738786
0 -79.890347
37.738063
0 -79.893229
37.734034
0 -79.896679
37.730197
0 -79.899691
37.727773
0 -79.900055
37.726028
0 -79.901387
37.723642
0 -79.904119
37.721785
0 -79.90597
37.718195
0 -79.907474
37.717439
0 -79.910182
37.712176
0 -79.91266
37.707882
0 -79.91386
37.707379
0 -79.91568
37.703774
0 -79.91756
37.701848
0 -79.92066
37.700804
0 -79.922688
37.698377
0 -79.924231
37.697685
0 -79.930464
37.697654
0 -79.93549
37.697336
0 -79.941692
37.698974
0 -79.94639
37.694832
0 -79.948697
37.693306
0 -79.951518
37.689922
0 -79.952213
37.688015
0 -79.954556
37.685778
0 -79.957365
37.683782
0 -79.963603
37.680407
0 -79.968294
37.678572
0 -79.979184
37.670707
0 -79.982048
37.669581
0 -79.98639
37.665649
0 -79.988503
37.665584
0 -79.990125
37.66464
0 -79.996068
37.660047
0 -79.998766
37.658227
0 -80.002976
37.657803
0 -80.005681
37.656918
0 -80.009952
37.654575
0 -80.016924
37.649759
0 -80.020519
37.647459
0 -80.022449
37.646281
0 -80.026031
37.642725
0 -80.032005
37.638583
0 -80.027596
37.624247
0 -79.969037
37.544419
0 -79.972326
37.543304
0 -79.973995
37.541885
0 -79.975731
37.539315
0 -79.979312
37.537727
0 -79.979509
37.536714
0 -79.98169
37.535493
0 -79.983161
37.533734
0 -79.98441
37.533342
0 -79.986531
37.531355
0 -79.98683
37.530238
0 -79.989358
37.528069
0 -79.99096
37.525674
0 -79.997402
37.520471
0 -79.998355
37.51882
0 -80.001549
37.517162
0 -80.002447
37.516075
0 -80.00873
37.511106
0 -80.009496
37.510827
0 -80.012185
37.50305
0 -80.012729
37.501518
0 -80.014658
37.500129
0 -80.014433
37.494846
0 -80.016765
37.493715
0 -80.019537
37.489778
0 -80.021221
37.488626
0 -80.025786
37.481981
0 -80.025902
37.48077
0 -80.03046
37.475504
0 -80.030802
37.472358
0 -80.031516
37.470174
0 -80.0346
37.463744
0 -80.036809
37.460924
0 -80.039522
37.454838
0 -80.041711
37.452002
0 -80.043032
37.449024
0 -80.047594
37.443103
0 -80.050005
37.441124
0 -80.056726
37.437378
0 -80.05919
37.435522
0 -80.060982
37.433378
0 -80.065446
37.430146
0 -80.06583
37.428467
0 -80.06735
37.426435
0 