-117.032107
48.874926
0 -117.032385663686
48.8465592621818
0 -117.001065
48.84671
0 -116.785141
48.847428
0 -116.785362
48.674049
0 -116.783561
48.674111
0 -116.78436
48.62745
0 -116.78402
48.540453
0 -116.784843
48.500617
0 -116.69243
48.500233
0 -116.678902
48.500092
0 -116.656415
48.500092
0 -116.577128
48.500954
0 -116.448294
48.50128
0 -116.221434
48.502154
0 -116.198518
48.502192
0 -116.049156521784
48.5020580011318
0 -116.049157492581
48.5153340251573
0 -116.049165157513
48.6201550086902
0 -116.049193
49.000912
0 -116.359193986298
49.0011387342766
0 -116.369128
49.001146
0 -116.376039
49.000518
0 -116.417503
49.000099
0 -116.504198049221
49.0000591907754
0 -116.757234
48.999943
0 -116.757185
48.999791
0 -117.032351
48.999188
0 -117.032107
48.874926
0 