-95.088082
37.732476
0 -95.088012
37.674519
0 -95.069801
37.674424
0 -95.060571
37.674655
0 -95.033439
37.674905
0 -94.969557
37.674747
0 -94.942549
37.674672
0 -94.914824
37.674598
0 -94.906328
37.674593
0 -94.898821
37.674793
0 -94.892026
37.674847
0 -94.887228
37.674876
0 -94.883666
37.674738
0 -94.86934
37.674361
0 -94.833083
37.673988
0 -94.776545
37.674143
0 -94.758238
37.674091
0 -94.739846
37.674028
0 -94.6177338243197
37.6731053668666
0 -94.617734
37.673127
0 -94.617885
37.682214
0 -94.617687
37.686653
0 -94.617651
37.687671
0 -94.617805
37.690178
0 -94.617975
37.722176
0 -94.617808
37.729707
0 -94.6177561473026
37.7554920948112
0 -94.617744584109
37.7612421918332
0 -94.6177230528424
37.7719491710375
0 -94.617721
37.77297
0 -94.6176675049556
37.7758649599915
0 -94.616862
37.819456
0 -94.61645
37.83756
0 -94.6164336071915
37.8428343861276
0 -94.616426
37.845282
0 -94.6162739486859
37.8516510226485
0 -94.6161229483499
37.8579760226405
0 -94.616
37.863126
0 -94.615834
37.87251
0 -94.6159206194096
37.8783055354428
0 -94.615921
37.878331
0 -94.615706
37.886843
0 -94.615469
37.901775
0 -94.615393
37.906392
0 -94.6153919347055
37.9064399985508
0 -94.615181
37.915944
0 -94.614778
37.9342
0 -94.614835
37.9367
0 -94.614754
37.940769
0 -94.614622630243
37.944093024908
0 -94.614612
37.944362
0 -94.614594
37.949978
0 -94.614562
37.951517
0 -94.614557
37.971037
0 -94.6145178449581
37.9781708783997
0 -94.6144667122243
37.9874870401816
0 -94.614465
37.987799
0 -94.614212
37.992462
0 -94.613981
38.036949
0 -94.6139813464919
38.0370573442828
0 -94.641534
38.036786
0 -94.713573
38.037107
0 -94.72245
38.037277
0 -94.732045
38.03744
0 -94.74103
38.037303
0 -94.750446
38.037144
0 -94.786045
38.03761
0 -94.803198
38.037378
0 -94.805639
38.037505
0 -94.82358
38.037369
0 -94.832905
38.037442
0 -94.897439
38.037289
0 -94.915215
38.037539
0 -94.933163
38.037177
0 -94.952378
38.037068
0 -94.953183
38.037171
0 -94.969777
38.037572
0 -95.077876
38.037706
0 -95.07835
38.008782
0 -95.078972
37.950409
0 -95.079559
37.906826
0 -95.079846
37.896335
0 -95.079955
37.890709
0 -95.080098
37.877909
0 -95.079993
37.848876
0 -95.079692
37.8198
0 -95.080013
37.819764
0 -95.087943
37.819697
0 -95.087778
37.804209
0 -95.087839
37.761405
0 -95.088082
37.732476
0 