-85.026643
35.136171
0 -85.026737
35.131953
0 -85.025947
35.130021
0 -85.026427
35.128079
0 -85.025562
35.126854
0 -85.0236
35.125073
0 -85.010251
35.100841
0 -85.008478
35.09269
0 -85.008351
35.092036
0 -85.007452
35.087839
0 -85.009928
35.083793
0 -85.007859
35.080051
0 -85.006743
35.079366
0 -84.998946
35.076508
0 -84.995148
35.075174
0 -85.002282
35.061913
0 -84.994448
35.058874
0 -84.998182
35.052053
0 -85.001518
35.045736
0 -84.994756
35.03585
0 -84.994029
35.035035
0 -84.993893
35.034884
0 -84.993402
35.034599
0 -84.987208
35.031004
0 -84.978186
35.025771
0 -84.969055
35.019905
0 -84.969249
35.018533
0 -84.965528
35.017022
0 -84.964961
35.018046
0 -84.961362
35.015877
0 -84.961146
35.015175
0 -84.970185
35.00004
0 -84.9769733744412
34.9876687952914
0 -84.955623
34.98783
0 -84.94442
34.987864
0 -84.943897982795
34.9878693079575
0 -84.939306
34.987916
0 -84.9308601816224
34.9879024636463
0 -84.9307801715066
34.9879023354118
0 -84.8915259314742
34.9878394215232
0 -84.8865270634525
34.987831409695
0 -84.861314
34.987791
0 -84.858032
34.987746
0 -84.831799
34.988004
0 -84.82401
34.987707
0 -84.820478
34.987913
0 -84.817279
34.987753
0 -84.810742
34.987615
0 -84.8104769358134
34.9876071739714
0 -84.809184
34.987569
0 -84.808127
34.987592
0 -84.7760979567258
34.9877980359959
0 -84.7760754672409
34.987798180666
0 -84.7758524571709
34.9877996152422
0 -84.772425
35.000078
0 -84.771835
35.000978
0 -84.759638
35.025389
0 -84.751328
35.051289
0 -84.749938
35.055627
0 -84.748599
35.058776
0 -84.742984
35.068372
0 -84.741009
35.071294
0 -84.735303
35.08135
0 -84.747421
35.086011
0 -84.727818
35.120817
0 -84.723455
35.128479
0 -84.715393
35.143031
0 -84.713686
35.146125
0 -84.699937
35.170974
0 -84.699737
35.172274
0 -84.700237
35.175974
0 -84.703271
35.184602
0 -84.699836
35.192374
0 -84.699219
35.197515
0 -84.697937
35.200473
0 -84.698816
35.203758
0 -84.698765
35.206196
0 -84.699603
35.208646
0 -84.702648
35.211129
0 -84.701475
35.212921
0 -84.702138
35.219073
0 -84.697033
35.228397
0 -84.706877
35.22909
0 -84.710931
35.228817
0 -84.713128
35.229115
0 -84.71546
35.230756
0 -84.715908
35.231785
0 -84.715818
35.233683
0 -84.714761
35.235484
0 -84.712972
35.236265
0 -84.707892
35.236843
0 -84.705156
35.238121
0 -84.704002
35.239352
0 -84.703607
35.241043
0 -84.704453
35.24302
0 -84.705647
35.243556
0 -84.709917
35.243374
0 -84.711225
35.243923
0 -84.711148
35.245468
0 -84.712794
35.248569
0 -84.711264
35.249971
0 -84.704898
35.249965
0 -84.701306
35.248994
0 -84.698238
35.250073
0 -84.697838
35.253173
0 -84.700538
35.256573
0 -84.703538
35.258773
0 -84.710538
35.261973
0 -84.713138
35.262273
0 -84.716138
35.261773
0 -84.721262
35.259258
0 -84.723505
35.258402
0 -84.72604
35.256781
0 -84.730394
35.254713
0 -84.732476
35.254454
0 -84.737384
35.255359
0 -84.740378
35.256468
0 -84.741817
35.258047
0 -84.744441
35.264223
0 -84.746531
35.268592
0 -84.747437
35.269378
0 -84.751642
35.271206
0 -84.752702
35.272598
0 -84.752633
35.273985
0 -84.74994
35.275886
0 -84.74554
35.276673
0 -84.74194
35.276873
0 -84.736339
35.275073
0 -84.733229
35.274899
0 -84.729739
35.275373
0 -84.726539
35.276273
0 -84.723639
35.278672
0 -84.723039
35.280572
0 -84.72294
35.284372
0 -84.72374
35.287071
0 -84.72534
35.289471
0 -84.728339
35.29127
0 -84.730739
35.29137
0 -84.734238
35.29087
0 -84.740155
35.289431
0 -84.74654
35.287373
0 -84.749511
35.287307
0 -84.752878
35.288678
0 -84.756741
35.290852
0 -84.75814
35.292082
0 -84.762127
35.297491
0 -84.76476
35.299738
0 -84.76907
35.302873
0 -84.777724
35.307433
0 -84.779704
35.309059
0 -84.782567
35.313536
0 -84.783376
35.314004
0 -84.784972
35.314319
0 -84.790342
35.314219
0 -84.798645
35.316068
0 -84.800803
35.316778
0 -84.802876
35.31809
0 -84.803362
35.319144
0 -84.804021
35.325783
0 -84.804937
35.326917
0 -84.805854
35.327696
0 -84.80903
35.328451
0 -84.810539
35.327893
0 -84.814516
35.325624
0 -84.817406
35.324651
0 -84.821532
35.324554
0 -84.824855
35.325693
0 -84.827581
35.328165
0 -84.83124
35.330679
0 -84.832441
35.331934
0 -84.834086
35.335243
0 -84.83642
35.338511
0 -84.837902
35.340042
0 -84.841878
35.342422
0 -84.848925
35.345783
0 -84.851095
35.346489
0 -84.855789
35.3481
0 -84.860164
35.350074
0 -84.867066
35.354139
0 -84.870814
35.355966
0 -84.877546
35.357871
0 -84.877749
35.357395
0 -84.880346
35.35127
0 -84.873246
35.348971
0 -84.874944
35.34607
0 -84.884046
35.329172
0 -84.925848
35.290671
0 -84.927446
35.288869
0 -84.929046
35.28947
0 -84.929249
35.290669
0 -84.931348
35.29347
0 -84.931448
35.29477
0 -84.940148
35.297671
0 -84.945192
35.288558
0 -84.946339
35.287717
0 -84.945996
35.286563
0 -84.94233
35.282242
0 -84.951249
35.279071
0 -84.951649
35.276971
0 -84.953749
35.273271
0 -84.953749
35.271271
0 -84.956249
35.269971
0 -84.957849
35.268071
0 -84.959449
35.267871
0 -84.960449
35.266371
0 -84.960649
35.262571
0 -84.961849
35.262171
0 -84.964549
35.263171
0 -84.965549
35.262371
0 -84.966349
35.259971
0 -84.962807
35.255495
0 -84.961427
35.254557
0 -84.962049
35.252872
0 -84.963849
35.251772
0 -84.965049
35.249572
0 -84.967349
35.246972
0 -84.969749
35.245072
0 -84.973249
35.238772
0 -84.976149
35.233972
0 -84.976849
35.231172
0 -84.978813
35.225826
0 -84.979049
35.223572
0 -84.980049
35.222572
0 -84.980849
35.219772
0 -84.983549
35.217672
0 -84.983849
35.216572
0 -84.985649
35.214872
0 -84.987749
35.212072
0 -84.989949
35.207972
0 -84.990349
35.206572
0 -84.99465
35.201772
0 -84.99715
35.202972
0 -84.99885
35.203072
0 -85.003181
35.196143
0 -85.004022
35.192362
0 -85.006458
35.188954
0 -85.007176
35.186405
0 -85.008702
35.183685
0 -85.009261
35.179683
0 -85.009427
35.175483
0 -85.01018
35.174665
0 -85.007577
35.174248
0 -85.005374
35.17413
0 -85.004871
35.173326
0 -85.006012
35.171498
0 -85.005844
35.17015
0 -85.007081
35.168683
0 -85.006565
35.167127
0 -85.007355
35.163422
0 -85.008157
35.161511
0 -85.009162
35.161066
0 -85.009598
35.15791
0 -85.010753
35.15662
0 -85.013404
35.155041
0 -85.012361
35.152342
0 -85.013967
35.151628
0 -85.015564
35.152201
0 -85.016637
35.151153
0 -85.016655
35.148724
0 -85.017474
35.148072
0 -85.022118
35.149049
0 -85.024043
35.148829
0 -85.025214
35.143026
0 -85.025507
35.139795
0 -85.026643
35.136171
0 