-76.927084
42.001674
0 -76.926012
41.995923
0 -76.924988
41.988571
0 -76.92484
41.987477
0 -76.914436
41.914937
0 -76.911778
41.89669
0 -76.904024
41.838119
0 -76.899124
41.808058
0 -76.898607
41.794465
0 -76.896153
41.773401
0 -76.893201
41.748463
0 -76.883853
41.669039
0 -76.883511
41.666314
0 -76.880162
41.640952
0 -76.880359
41.639092
0 -76.878699
41.620344
0 -76.874714
41.596919
0 -76.813731
41.590034
0 -76.792686
41.587821
0 -76.778814
41.586707
0 -76.694374
41.579883
0 -76.677861
41.578541
0 -76.555174
41.568498
0 -76.483539
41.562633
0 -76.469545
41.561501
0 -76.358907
41.552722
0 -76.317241
41.549463
0 -76.220139
41.541285
0 -76.213634
41.570558
0 -76.200825
41.633121
0 -76.197998
41.647823
0 -76.165393
41.649171
0 -76.160967
41.649387
0 -76.115172
41.651825
0 -76.120043
41.71583
0 -76.120191
41.716355
0 -76.122003
41.73855
0 -76.123
41.749367
0 -76.124618
41.766915
0 -76.125899
41.770614
0 -76.125611
41.780297
0 -76.127557
41.801253
0 -76.129759
41.826215
0 -76.134046
41.873588
0 -76.134511
41.876691
0 -76.135671
41.891812
0 -76.137602
41.91429
0 -76.14364
41.977893
0 -76.1455192032297
41.9989130371419
0 -76.2049277590365
41.9987430755761
0 -76.264295558534
41.9985732306097
0 -76.2757870621589
41.9985403546389
0 -76.2950082941062
41.9984853647366
0 -76.343722
41.998346
0 -76.349898
41.99841
0 -76.3500208110541
41.9984105732648
0 -76.3815396419809
41.9985576987662
0 -76.462155
41.998934
0 -76.46654
41.999025
0 -76.4730304554762
41.9991050870808
0 -76.473424761107
41.9991099525001
0 -76.5119494773177
41.9995853169906
0 -76.5233737373808
41.999726283313
0 -76.5243210070324
41.9997379718704
0 -76.5321385408995
41.9998344340476
0 -76.5350435148026
41.9998702791252
0 -76.5487494269461
42.0000393992274
0 -76.5576241368897
42.0001489061203
0 -76.5576989990395
42.00014982986
0 -76.558118
42.000155
0 -76.6381035393041
42.000795529019
0 -76.7016539048638
42.0013044441762
0 -76.7057076594221
42.001336906887
0 -76.7283643213311
42.0015183428009
0 -76.7295735474483
42.0015280263566
0 -76.7307568339931
42.0015375021865
0 -76.7472729858696
42.0016697645261
0 -76.749675
42.001689
0 -76.7877673119525
42.0016797938161
0 -76.815878
42.001673
0 -76.8305574042013
42.0017494512484
0 -76.835079
42.001773
0 -76.901387354567
42.0017737736813
0 -76.920784
42.001774
0 -76.921884
42.001674
0 -76.927084
42.001674
0 