-80.98495
38.717898
0 -81.031677
38.667839
0 -80.978073
38.626402
0 -80.975961
38.625096
0 -80.975937
38.623732
0 -80.977119
38.621706
0 -80.978945
38.62067
0 -80.977957
38.617344
0 -80.978936
38.614943
0 -80.977926
38.611056
0 -80.971083
38.610732
0 -80.971181
38.607431
0 -80.97261
38.60476
0 -80.972152
38.602674
0 -80.972596
38.600742
0 -80.971819
38.599912
0 -80.971618
38.597585
0 -80.970274
38.593445
0 -80.966534
38.593271
0 -80.962062
38.596492
0 -80.957697
38.597291
0 -80.956593
38.596113
0 -80.956352
38.593754
0 -80.955146
38.592206
0 -80.953466
38.592356
0 -80.947138
38.591468
0 -80.946305
38.588158
0 -80.941781
38.586218
0 -80.939989
38.584847
0 -80.937611
38.584135
0 -80.935816
38.583575
0 -80.931872
38.583914
0 -80.930358
38.583227
0 -80.929883
38.580369
0 -80.928208
38.579327
0 -80.926342
38.579339
0 -80.925874
38.577986
0 -80.926544
38.57616
0 -80.924968
38.571753
0 -80.922288
38.569396
0 -80.917614
38.567745
0 -80.917495
38.566264
0 -80.913342
38.563887
0 -80.913018
38.563206
0 -80.915033
38.555912
0 -80.912705
38.549774
0 -80.912894
38.54806
0 -80.914557
38.546195
0 -80.917321
38.546072
0 -80.917744
38.544816
0 -80.913482
38.542328
0 -80.90916
38.543117
0 -80.906464
38.540809
0 -80.903853
38.541077
0 -80.899885
38.539821
0 -80.896982
38.538454
0 -80.893411
38.537746
0 -80.891499
38.536913
0 -80.891359
38.53589
0 -80.889441
38.533898
0 -80.890104
38.531065
0 -80.888271
38.53032
0 -80.889122
38.523873
0 -80.888061
38.522752
0 -80.887332
38.520206
0 -80.885095
38.51872
0 -80.885518
38.516648
0 -80.88191
38.512722
0 -80.880391
38.509136
0 -80.881232
38.507045
0 -80.785295
38.557587
0 -80.77973
38.556219
0 -80.777898
38.553388
0 -80.778329
38.549126
0 -80.775298
38.547186
0 -80.772799
38.547084
0 -80.771044
38.546081
0 -80.770568
38.544508
0 -80.767118
38.544075
0 -80.764905
38.544433
0 -80.762919
38.542228
0 -80.760294
38.541512
0 -80.760675
38.537928
0 -80.757771
38.537897
0 -80.757691
38.534746
0 -80.753747
38.533898
0 -80.751911
38.532781
0 -80.750828
38.525652
0 -80.748318
38.525677
0 -80.743142
38.527042
0 -80.741927
38.526666
0 -80.741394
38.525261
0 -80.739018
38.523889
0 -80.736239
38.524788
0 -80.736534
38.5267
0 -80.737888
38.529374
0 -80.73772
38.531719
0 -80.736916
38.53261
0 -80.732967
38.534141
0 -80.730806
38.534414
0 -80.727238
38.532263
0 -80.725884
38.532869
0 -80.725614
38.535013
0 -80.723887
38.536166
0 -80.72213
38.533982
0 -80.719145
38.53226
0 -80.718231
38.535625
0 -80.71635
38.536858
0 -80.71154
38.537023
0 -80.710341
38.534244
0 -80.70778
38.534571
0 -80.706243
38.533444
0 -80.700328
38.533474
0 -80.699111
38.536354
0 -80.697191
38.537313
0 -80.696242
38.536793
0 -80.695311
38.533765
0 -80.693255
38.533659
0 -80.691099
38.534641
0 -80.688511
38.531727
0 -80.685665
38.532096
0 -80.683818
38.533093
0 -80.680497
38.532513
0 -80.677642
38.53307
0 -80.675019
38.531762
0 -80.675369
38.53016
0 -80.668982
38.527319
0 -80.667092
38.52774
0 -80.665769
38.526815
0 -80.658924
38.525428
0 -80.659145
38.527291
0 -80.657869
38.527075
0 -80.655915
38.528202
0 -80.654566
38.526704
0 -80.652196
38.526105
0 -80.650786
38.52659
0 -80.611124
38.559808
0 -80.544004
38.615996
0 -80.508655
38.645553
0 -80.494868
38.670641
0 -80.473257
38.710166
0 -80.457332
38.739169
0 -80.452474
38.74727
0 -80.451149
38.749146
0 -80.45095
38.75147
0 -80.451771
38.752278
0 -80.451246
38.753759
0 -80.452082
38.754923
0 -80.451066
38.756675
0 -80.453138
38.760458
0 -80.452895
38.761541
0 -80.450606
38.763368
0 -80.448879
38.765812
0 -80.45002
38.768272
0 -80.449417
38.769383
0 -80.447425
38.770304
0 -80.443937
38.770753
0 -80.442091
38.77185
0 -80.444052
38.775845
0 -80.446148
38.777514
0 -80.450337
38.77559
0 -80.452012
38.77635
0 -80.456353
38.775086
0 -80.458482
38.776053
0 -80.458601
38.778078
0 -80.461476
38.780289
0 -80.46217
38.782389
0 -80.463698
38.783764
0 -80.462457
38.786382
0 -80.458484
38.787497
0 -80.459377
38.791517
0 -80.46099
38.792229
0 -80.463556
38.79604
0 -80.469198
38.797557
0 -80.472715
38.796074
0 -80.474532
38.794274
0 -80.477838
38.796336
0 -80.481963
38.797292
0 -80.485528
38.800304
0 -80.483637
38.8035
0 -80.483519
38.806326
0 -80.484226
38.806957
0 -80.483954
38.809728
0 -80.481837
38.811409
0 -80.479339
38.814595
0 -80.480715
38.816819
0 -80.480609
38.818208
0 -80.47688
38.820847
0 -80.476151
38.823307
0 -80.476255
38.825784
0 -80.473768
38.829098
0 -80.474111
38.833404
0 -80.476457
38.833489
0 -80.479309
38.832939
0 -80.481393
38.83506
0 -80.484434
38.837188
0 -80.48459
38.838066
0 -80.48747
38.840454
0 -80.48803
38.842418
0 -80.490845
38.845259
0 -80.494912
38.845537
0 -80.499811
38.845199
0 -80.500718
38.844661
0 -80.503829
38.849183
0 -80.505065
38.849616
0 -80.505328
38.8524
0 -80.510052
38.855754
0 -80.51392
38.856805
0 -80.51767
38.86007
0 -80.518548
38.859843
0 -80.521161
38.860963
0 -80.522545
38.862347
0 -80.523992
38.862826
0 -80.526964
38.862617
0 -80.528447
38.861911
0 -80.531154
38.856578
0 -80.532454
38.855962
0 -80.534176
38.85559
0 -80.536108
38.85594
0 -80.536944
38.854921
0 -80.541525
38.853902
0 -80.543759
38.853807
0 -80.548065
38.856199
0 -80.550496
38.859664
0 -80.552077
38.860652
0 -80.552582
38.862727
0 -80.554078
38.86606
0 -80.557957
38.867609
0 -80.559777
38.867264
0 -80.562686
38.865432
0 -80.566565
38.86555
0 -80.570654
38.863731
0 -80.575411
38.861946
0 -80.577104
38.859731
0 -80.580391
38.858319
0 -80.58342
38.858844
0 -80.586751
38.862019
0 -80.586583
38.863496
0 -80.588031
38.865312
0 -80.589753
38.866476
0 -80.589978
38.867986
0 -80.591729
38.870052
0 -80.593289
38.870418
0 -80.593115
38.872526
0 -80.591942
38.874621
0 -80.59067
38.874982
0 -80.592056
38.877447
0 -80.592303
38.878835
0 -80.591412
38.881175
0 -80.590991
38.883679
0 -80.592686
38.885478
0 -80.59613
38.887369
0 -80.597488
38.890172
0 -80.599169
38.892007
0 -80.598383
38.894221
0 -80.597049
38.895999
0 -80.605799
38.904167
0 -80.609278
38.904785
0 -80.610347
38.902936
0 -80.612708
38.902097
0 -80.614285
38.903009
0 -80.619901
38.90258
0 -80.621745
38.90071
0 -80.622591
38.897474
0 -80.625211
38.897521
0 -80.627723
38.896579
0 -80.6312
38.89759
0 -80.633461
38.895811
0 -80.634086
38.893759
0 -80.633897
38.892515
0 -80.636142
38.891614
0 -80.6379
38.89193
0 -80.640282
38.88982
0 -80.640516
38.887419
0 -80.639706
38.885633
0 -80.641017
38.884815
0 -80.647094
38.886245
0 -80.652638
38.889592
0 -80.655169
38.888447
0 -80.65911
38.888119
0 -80.659462
38.882932
0 -80.664209
38.881464
0 -80.666076
38.881968
0 -80.667585
38.882853
0 -80.669268
38.885315
0 -80.66946
38.888236
0 -80.672587
38.888967
0 -80.671358
38.890129
0 -80.669909
38.892773
0 -80.686123
38.884493
0 -80.687854
38.883945
0 -80.688986
38.88233
0 -80.692667
38.88027
0 -80.698691
38.879796
0 -80.701836
38.87886
0 -80.717441
38.869862
0 -80.757075
38.846822
0 -80.777701
38.834782
0 -80.793218
38.825718
0 -80.808724
38.816743
0 -80.829993
38.804324
0 -80.849216
38.793123
0 -80.850722
38.792246
0 -80.9334
38.746694
0 -80.942482
38.741635
0 -80.98495
38.717898
0 