-83.580204
37.495296
0 -83.579818
37.493086
0 -83.576085
37.492692
0 -83.572966
37.489494
0 -83.571042
37.489149
0 -83.57006
37.487409
0 -83.571054
37.485852
0 -83.570324
37.484344
0 -83.568044
37.483787
0 -83.567801
37.481099
0 -83.56942
37.481158
0 -83.569288
37.477052
0 -83.567786
37.475737
0 -83.564626
37.475354
0 -83.564455
37.474322
0 -83.566084
37.473288
0 -83.565099
37.471266
0 -83.562841
37.470344
0 -83.561728
37.472382
0 -83.559855
37.471856
0 -83.560032
37.470529
0 -83.557796
37.469148
0 -83.557769
37.467958
0 -83.555295
37.468474
0 -83.554192
37.467049
0 -83.549776
37.466218
0 -83.54924
37.464998
0 -83.547701
37.464001
0 -83.54906
37.462732
0 -83.553003
37.462962
0 -83.555053
37.460365
0 -83.553405
37.458352
0 -83.55327
37.455745
0 -83.551811
37.454504
0 -83.549859
37.449422
0 -83.545467
37.446983
0 -83.54662
37.445052
0 -83.549734
37.445623
0 -83.550946
37.444521
0 -83.551963
37.441825
0 -83.553818
37.440873
0 -83.554569
37.438394
0 -83.552336
37.437609
0 -83.551062
37.436366
0 -83.552488
37.433038
0 -83.549219
37.43135
0 -83.548634
37.429231
0 -83.546001
37.426747
0 -83.543305
37.425605
0 -83.544714
37.422313
0 -83.54364
37.420529
0 -83.542207
37.420081
0 -83.540769
37.417757
0 -83.539081
37.417473
0 -83.537641
37.418981
0 -83.535784
37.419742
0 -83.534281
37.417409
0 -83.536003
37.412685
0 -83.539181
37.412194
0 -83.540351
37.411274
0 -83.540324
37.408773
0 -83.53865
37.407165
0 -83.540418
37.405278
0 -83.541655
37.398726
0 -83.544133
37.399375
0 -83.545855
37.398673
0 -83.546005
37.397678
0 -83.548291
37.396575
0 -83.548769
37.395659
0 -83.549201
37.394142
0 -83.548582
37.39198
0 -83.546927
37.39113
0 -83.547126
37.389737
0 -83.545932
37.388105
0 -83.543219
37.388776
0 -83.542748
37.387678
0 -83.544082
37.384708
0 -83.541754
37.383279
0 -83.543953
37.381267
0 -83.547017
37.37935
0 -83.548867
37.379604
0 -83.549834
37.378551
0 -83.548228
37.376295
0 -83.548844
37.371866
0 -83.546625
37.368968
0 -83.543658
37.368444
0 -83.542849
37.366358
0 -83.544784
37.365432
0 -83.544267
37.363593
0 -83.545248
37.361887
0 -83.542394
37.360979
0 -83.542635
37.359295
0 -83.541157
37.358551
0 -83.540121
37.356052
0 -83.536997
37.355143
0 -83.536271
37.353297
0 -83.534059
37.352795
0 -83.535566
37.350837
0 -83.537237
37.350424
0 -83.538106
37.348398
0 -83.541858
37.345926
0 -83.541505
37.344033
0 -83.542762
37.339817
0 -83.542321
37.338669
0 -83.543215
37.336832
0 -83.547301
37.335355
0 -83.547628
37.334418
0 -83.541561
37.331214
0 -83.539743
37.331348
0 -83.537702
37.33004
0 -83.536265
37.330291
0 -83.535149
37.332049
0 -83.532678
37.334048
0 -83.528563
37.336146
0 -83.525712
37.336137
0 -83.522967
37.337795
0 -83.522503
37.339047
0 -83.519828
37.339327
0 -83.518863
37.337485
0 -83.517491
37.336294
0 -83.515643
37.337417
0 -83.516929
37.340352
0 -83.516738
37.341404
0 -83.514375
37.341492
0 -83.512481
37.340462
0 -83.507757
37.341926
0 -83.506327
37.341471
0 -83.504134
37.341845
0 -83.502679
37.34542
0 -83.503175
37.346556
0 -83.502893
37.34844
0 -83.501005
37.349582
0 -83.499365
37.352263
0 -83.496309
37.353513
0 -83.493475
37.353425
0 -83.49112
37.355334
0 -83.49205
37.357684
0 -83.491778
37.358305
0 -83.488603
37.357909
0 -83.486696
37.358947
0 -83.48736
37.36223
0 -83.487245
37.364269
0 -83.484522
37.366315
0 -83.483733
37.367764
0 -83.485229
37.369884
0 -83.484738
37.371822
0 -83.482378
37.371792
0 -83.480869
37.372391
0 -83.479649
37.375132
0 -83.47744
37.376172
0 -83.476897
37.377118
0 -83.475643
37.37724
0 -83.473671
37.375771
0 -83.46297
37.373006
0 -83.460888
37.375175
0 -83.45856
37.375551
0 -83.456943
37.377366
0 -83.453829
37.377977
0 -83.452215
37.37683
0 -83.450536
37.377594
0 -83.44976
37.378684
0 -83.448005
37.378244
0 -83.447386
37.376705
0 -83.447425
37.372945
0 -83.445487
37.370485
0 -83.44036
37.368932
0 -83.439455
37.367459
0 -83.43724
37.367032
0 -83.435716
37.366017
0 -83.436675
37.363992
0 -83.435961
37.363495
0 -83.431523
37.362819
0 -83.432273
37.361339
0 -83.43174
37.360147
0 -83.429771
37.359453
0 -83.428514
37.35814
0 -83.425676
37.357056
0 -83.427116
37.35464
0 -83.425175
37.352874
0 -83.423806
37.352693
0 -83.422062
37.350665
0 -83.420058
37.351271
0 -83.419134
37.353883
0 -83.417777
37.35409
0 -83.416683
37.353856
0 -83.413971
37.351558
0 -83.413999
37.350507
0 -83.414208
37.347233
0 -83.412739
37.344882
0 -83.409682
37.344956
0 -83.408219
37.343175
0 -83.408105
37.341327
0 -83.405402
37.338927
0 -83.400868
37.338235
0 -83.400626
37.338228
0 -83.400295
37.338078
0 -83.3998
37.337581
0 -83.398766
37.336861
0 -83.397682
37.337859
0 -83.392979
37.338051
0 -83.390335
37.33722
0 -83.388186
37.337993
0 -83.387324
37.339092
0 -83.384575
37.339279
0 -83.383245
37.338413
0 -83.381417
37.33834
0 -83.378185
37.340901
0 -83.3783
37.342429
0 -83.377386
37.343568
0 -83.376854
37.34581
0 -83.375459
37.347567
0 -83.371359
37.34762
0 -83.36971
37.34647
0 -83.368359
37.347597
0 -83.368226
37.348625
0 -83.366644
37.351067
0 -83.366899
37.352307
0 -83.3687
37.353944
0 -83.368244
37.358071
0 -83.365727
37.35864
0 -83.364026
37.360917
0 -83.362594
37.362062
0 -83.361248
37.364012
0 -83.361168
37.366063
0 -83.358234
37.366428
0 -83.354448
37.36867
0 -83.351096
37.369176
0 -83.34971
37.369764
0 -83.350982
37.368815
0 -83.355035
37.367543
0 -83.357725
37.365498
0 -83.361409
37.359613
0 -83.36155
37.358615
0 -83.359366
37.357924
0 -83.35728
37.358127
0 -83.354533
37.360992
0 -83.351148
37.36088
0 -83.347481
37.361929
0 -83.347061
37.363173
0 -83.345127
37.364487
0 -83.343122
37.364891
0 -83.342885
37.366715
0 -83.341454
37.368894
0 -83.340202
37.369087
0 -83.339816
37.371186
0 -83.340606
37.372705
0 -83.337199
37.375834
0 -83.334788
37.377088
0 -83.333886
37.379106
0 -83.332226
37.379732
0 -83.329299
37.379184
0 -83.327149
37.380833
0 -83.322286
37.378612
0 -83.320993
37.37904
0 -83.320044
37.380461
0 -83.318659
37.380988
0 -83.315441
37.380259
0 -83.313781
37.379448
0 -83.313297
37.378489
0 -83.310514
37.377684
0 -83.308672
37.37912
0 -83.303557
37.380715
0 -83.302684
37.381872
0 -83.303878
37.383562
0 -83.302525
37.386061
0 -83.299716
37.387946
0 -83.297404
37.387724
0 -83.296299
37.389402
0 -83.294958
37.389119
0 -83.293749
37.390128
0 -83.290045
37.390402
0 -83.288491
37.391008
0 -83.28639
37.39341
0 -83.284659
37.393637
0 -83.282519
37.393187
0 -83.281571
37.394867
0 -83.279187
37.395999
0 -83.278826
37.397164
0 -83.276977
37.398391
0 -83.27473
37.397415
0 -83.27267
37.398303
0 -83.269786
37.39878
0 -83.215189
37.443167
0 -83.214735
37.443538
0 -83.212194
37.442107
0 -83.211555
37.440177
0 -83.211731
37.437655
0 -83.208402
37.436542
0 -83.206522
37.433903
0 -83.202294
37.430429
0 -83.202836
37.429197
0 -83.204709
37.428029
0 -83.205797
37.425562
0 -83.204076
37.422867
0 -83.202586
37.421957
0 -83.20064
37.421647
0 -83.200397
37.416468
0 -83.199734
37.41466
0 -83.197737
37.413337
0 -83.195644
37.412231
0 -83.19456
37.412465
0 -83.191211
37.411447
0 -83.185021
37.413495
0 -83.183017
37.411991
0 -83.183407
37.409409
0 -83.181244
37.408848
0 -83.177039
37.40939
0 -83.175444
37.408744
0 -83.170914
37.408759
0 -83.169375
37.408209
0 -83.167844
37.409463
0 -83.165144
37.410732
0 -83.162311
37.40905
0 -83.157297
37.409763
0 -83.155281
37.408166
0 -83.153173
37.409478
0 -83.151596
37.409433
0 -83.150545
37.40752
0 -83.147344
37.406581
0 -83.145548
37.407306
0 -83.143894
37.405842
0 -83.143544
37.404193
0 -83.141773
37.404242
0 -83.136397
37.40548
0 -83.134835
37.408165
0 -83.132665
37.408376
0 -83.129439
37.406187
0 -83.127741
37.406289
0 -83.126643
37.405422
0 -83.124348
37.404973
0 -83.134711
37.457181
0 -83.093144
37.498102
0 -83.092788
37.4986
0 -83.092654
37.498849
0 -83.092042
37.502169
0 -83.094265
37.506249
0 -83.094745
37.508031
0 -83.093092
37.509498
0 -83.092097
37.511432
0 -83.092458
37.512581
0 -83.094937
37.513357
0 -83.095305
37.516283
0 -83.094663
37.518286
0 -83.090355
37.517351
0 -83.089525
37.519064
0 -83.089709
37.522142
0 -83.08872
37.522742
0 -83.086832
37.521441
0 -83.084198
37.52198
0 -83.082451
37.520762
0 -83.080873
37.51807
0 -83.077587
37.518927
0 -83.075874
37.517361
0 -83.073553
37.51825
0 -83.072403
37.518106
0 -83.071139
37.516895
0 -83.068766
37.517749
0 -83.068858
37.521674
0 -83.065412
37.525426
0 -83.062266
37.526231
0 -83.060878
37.522868
0 -83.058959
37.522385
0 -83.055858
37.520427
0 -83.053975
37.522441
0 -83.050201
37.525314
0 -83.047531
37.526043
0 -83.046128
37.524897
0 -83.046009
37.523573
0 -83.046963
37.521995
0 -83.045633
37.521099
0 -83.04244
37.51988
0 -83.04231
37.518562
0 -83.041004
37.518424
0 -83.038315
37.515982
0 -83.037949
37.515139
0 -83.034594
37.513878
0 -83.034429
37.512951
0 -83.036136
37.512414
0 -83.036494
37.510971
0 -83.034071
37.510112
0 -83.033582
37.508196
0 -83.031262
37.506341
0 -83.027735
37.505979
0 -83.024774
37.507129
0 -83.022022
37.506766
0 -83.020141
37.505561
0 -83.017319
37.50783
0 -83.013903
37.508544
0 -83.012269
37.507527
0 -83.012135
37.505651
0 -83.01123
37.505082
0 -83.008749
37.505158
0 -83.007138
37.503392
0 -83.004684
37.503471
0 -83.004073
37.501721
0 -83.002665
37.5012
0 -83.00048
37.502068
0 -82.999424
37.503442
0 -82.995303
37.503565
0 -82.993498
37.502971
0 -82.99257
37.501387
0 -82.990235
37.502172
0 -82.985361
37.506522
0 -82.983354
37.505719
0 -82.980706
37.503006
0 -82.980404
37.501266
0 -82.978326
37.499732
0 -82.973344
37.497812
0 -82.971517
37.498367
0 -82.970552
37.499527
0 -82.968565
37.499572
0 -82.965594
37.500763
0 -82.963283
37.499855
0 -82.959159
37.500757
0 -82.956647
37.500047
0 -82.954333
37.500566
0 -82.952564
37.501958
0 -82.948544
37.503167
0 -82.949887
37.50514
0 -82.95285
37.504456
0 -82.954167
37.505051
0 -82.954763
37.506632
0 -82.953238
37.507708
0 -82.952671
37.509116
0 -82.95059
37.511067
0 -82.950631
37.512807
0 -82.952905
37.514167
0 -82.954629
37.513003
0 -82.957519
37.514378
0 -82.959554
37.516743
0 -82.959935
37.518249
0 -82.963756
37.518707
0 -82.965621
37.518235
0 -82.968531
37.520937
0 -82.972795
37.521533
0 -82.974589
37.519647
0 -82.976595
37.51956
0 -82.978142
37.520441
0 -82.978096
37.522827
0 -82.980007
37.523425
0 -82.983223
37.521888
0 -82.984585
37.522631
0 -82.987111
37.522987
0 -82.988737
37.525135
0 -82.991659
37.525784
0 -82.992869
37.526987
0 -82.996952
37.528332
0 -83.000408
37.528181
0 -83.00036
37.530543
0 -82.999115
37.531845
0 -83.000159
37.534238
0 -83.002346
37.537897
0 -83.002903
37.539402
0 -83.002496
37.540697
0 -83.003315
37.542125
0 -83.001071
37.545448
0 -83.001075
37.546101
0 -83.004013
37.54695
0 -83.004143
37.548601
0 -83.005743
37.548842
0 -83.007838
37.550215
0 -83.008695
37.549388
0 -83.011315
37.54951
0 -83.013708
37.550844
0 -83.015265
37.549793
0 -83.018121
37.549189
0 -83.017351
37.550266
0 -83.016912
37.552715
0 -83.018384
37.555397
0 -83.017826
37.556497
0 -83.014694
37.557319
0 -83.012995
37.559735
0 -83.013558
37.561101
0 -83.01609
37.56456
0 -83.016347
37.567037
0 -83.017991
37.567959
0 -83.016293
37.570609
0 -83.015581
37.570929
0 -83.012817
37.570277
0 -83.010896
37.572574
0 -83.011533
37.574916
0 -83.009766
37.57673
0 -83.012583
37.579403
0 -83.013383
37.581496
0 -83.012556
37.583916
0 -83.013745
37.584266
0 -83.015699
37.583702
0 -83.018501
37.585118
0 -83.019926
37.58289
0 -83.021049
37.582889
0 -83.022617
37.584625
0 -83.024373
37.585695
0 -83.024627
37.588135
0 -83.027515
37.589649
0 -83.030779
37.586944
0 -83.032895
37.587716
0 -83.03592
37.586329
0 -83.036047
37.585541
0 -83.039012
37.584384
0 -83.039154
37.58608
0 -83.041034
37.589334
0 -83.042673
37.58997
0 -83.043186
37.591244
0 -83.045519
37.591277
0 -83.047838
37.590422
0 -83.050082
37.591941
0 -83.050261
37.5932
0 -83.053537
37.595221
0 -83.055729
37.593259
0 -83.057746
37.593464
0 -83.060045
37.595594
0 -83.056893
37.598513
0 -83.058414
37.599708
0 -83.059715
37.60156
0 -83.057784
37.605468
0 -83.060644
37.605728
0 -83.062265
37.609353
0 -83.06281
37.611264
0 -83.065128
37.611429
0 -83.066107
37.607667
0 -83.067507
37.607527
0 -83.071977
37.609511
0 -83.072312
37.611301
0 -83.071829
37.612364
0 -83.071584
37.615439
0 -83.073223
37.617782
0 -83.072584
37.618776
0 -83.074248
37.620725
0 -83.075832
37.62049
0 -83.078556
37.620889
0 -83.08047
37.620595
0 -83.082538
37.62197
0 -83.082847
37.623412
0 -83.080945
37.625389
0 -83.081721
37.626451
0 -83.083679
37.62739
0 -83.082923
37.628664
0 -83.083866
37.629815
0 -83.08796
37.631253
0 -83.089115
37.632381
0 -83.091333
37.630446
0 -83.091267
37.628908
0 -83.091988
37.626294
0 -83.091341
37.625275
0 -83.092181
37.623373
0 -83.093045
37.623151
0 -83.094298
37.621061
0 -83.096167
37.621688
0 -83.0982
37.621165
0 -83.099238
37.621683
0 -83.099686
37.623694
0 -83.100611
37.623918
0 -83.10165
37.623299
0 -83.102693
37.621081
0 -83.105251
37.61909
0 -83.108833
37.617726
0 -83.109741
37.616135
0 -83.111448
37.615247
0 -83.112354
37.612822
0 -83.114667
37.611401
0 -83.116595
37.611667
0 -83.117516
37.612668
0 -83.120232
37.613278
0 -83.123752
37.610083
0 -83.125564
37.607452
0 -83.128055
37.607896
0 -83.131431
37.60614
0 -83.134349
37.606542
0 -83.136565
37.607889
0 -83.137604
37.609725
0 -83.136668
37.611724
0 -83.137406
37.614365
0 -83.138999
37.614797
0 -83.140157
37.616074
0 -83.140117
37.617135
0 -83.141984
37.619097
0 -83.144978
37.620819
0 -83.148814
37.624584
0 -83.14849
37.625438
0 -83.150327
37.625854
0 -83.15042
37.628026
0 -83.151078
37.628727
0 -83.150179
37.630779
0 -83.151998
37.631744
0 -83.156579
37.629217
0 -83.157635
37.62932
0 -83.158646
37.631654
0 -83.160986
37.633379
0 -83.160841
37.635347
0 -83.162859
37.634823
0 -83.165718
37.634749
0 -83.166553
37.635805
0 -83.168275
37.635119
0 -83.170634
37.637166
0 -83.173761
37.638323
0 -83.174151
37.639214
0 -83.171606
37.641915
0 -83.174089
37.642636
0 -83.175102
37.643526
0 -83.176994
37.641923
0 -83.178676
37.641534
0 -83.181081
37.643786
0 -83.183214
37.642891
0 -83.184934
37.643266
0 -83.185527
37.640543
0 -83.186946
37.639746
0 -83.189598
37.641172
0 -83.190174
37.642048
0 -83.192792
37.642192
0 -83.194817
37.64445
0 -83.192754
37.646564
0 -83.193568
37.647755
0 -83.195969
37.647614
0 -83.197012
37.646429
0 -83.198562
37.646326
0 -83.200542
37.644246
0 -83.202146
37.646041
0 -83.205545
37.644747
0 -83.208158
37.647192
0 -83.208403
37.648019
0 -83.210072
37.648523
0 -83.210227
37.64964
0 -83.214991
37.649519
0 -83.217563
37.64884
0 -83.22036
37.650515
0 -83.222021
37.650247
0 -83.223459
37.65229
0 -83.228206
37.655942
0 -83.230149
37.656633
0 -83.230149
37.657783
0 -83.233342
37.661571
0 -83.234777
37.661443
0 -83.235593
37.662721
0 -83.234483
37.664816
0 -83.236624
37.667146
0 -83.237462
37.66788
0 -83.238863
37.666974
0 -83.241812
37.667658
0 -83.246444
37.666729
0 -83.248692
37.669616
0 -83.250674
37.669665
0 -83.255465
37.670874
0 -83.256699
37.669969
0 -83.25795
37.67026
0 -83.25909
37.67282
0 -83.264026
37.674341
0 -83.264855
37.676591
0 -83.265986
37.677178
0 -83.268313
37.67995
0 -83.270367
37.678229
0 -83.272991
37.678322
0 -83.275544
37.677544
0 -83.276242
37.676321
0 -83.280125
37.674466
0 -83.281564
37.675032
0 -83.282203
37.676605
0 -83.283262
37.677321
0 -83.28555
37.67611
0 -83.287218
37.676232
0 -83.288691
37.679785
0 -83.290865
37.679606
0 -83.292122
37.678842
0 -83.292491
37.682067
0 -83.294862
37.682389
0 -83.295848
37.681382
0 -83.297716
37.680745
0 -83.298937
37.678633
0 -83.303529
37.679704
0 -83.305052
37.67979
0 -83.307445
37.677989
0 -83.309809
37.680102
0 -83.312864
37.680648
0 -83.313563
37.682902
0 -83.315764
37.681914
0 -83.317939
37.682894
0 -83.321215
37.681357
0 -83.323323
37.681364
0 -83.325087
37.680126
0 -83.326873
37.680441
0 -83.329572
37.679748
0 -83.329327
37.67843
0 -83.330458
37.677129
0 -83.33067
37.674569
0 -83.333997
37.675661
0 -83.334964
37.676954
0 -83.337093
37.676133
0 -83.339906
37.676734
0 -83.342211
37.678015
0 -83.344721
37.676828
0 -83.346052
37.676779
0 -83.345821
37.678202
0 -83.347542
37.680174
0 -83.34716
37.68211
0 -83.348477
37.682968
0 -83.35008
37.682942
0 -83.351859
37.684792
0 -83.353017
37.683684
0 -83.354983
37.683269
0 -83.357066
37.683923
0 -83.35875
37.683631
0 -83.360229
37.685199
0 -83.363735
37.684692
0 -83.364582
37.684223
0 -83.366264
37.68528
0 -83.365913
37.687062
0 -83.36777
37.688272
0 -83.370597
37.68896
0 -83.37124
37.690746
0 -83.370184
37.692725
0 -83.373984
37.694335
0 -83.374613
37.695187
0 -83.377203
37.693026
0 -83.37878
37.692854
0 -83.380523
37.691466
0 -83.381934
37.691937
0 -83.382129
37.694182
0 -83.38478
37.696759
0 -83.386268
37.696807
0 -83.387864
37.699943
0 -83.390476
37.699899
0 -83.391396
37.699237
0 -83.398102
37.696685
0 -83.400371
37.694743
0 -83.403308
37.695558
0 -83.404845
37.69383
0 -83.406724
37.693151
0 -83.409533
37.691246
0 -83.411346
37.688233
0 -83.413223
37.6882
0 -83.415062
37.690443
0 -83.418635
37.690655
0 -83.419237
37.689077
0 -83.421041
37.688204
0 -83.42252
37.68548
0 -83.423779
37.685501
0 -83.425019
37.68409
0 -83.427525
37.683126
0 -83.42678
37.680344
0 -83.427254
37.679198
0 -83.429098
37.678635
0 -83.429188
37.675638
0 -83.431626
37.673727
0 -83.430461
37.672251
0 -83.428803
37.667793
0 -83.430189
37.667146
0 -83.431142
37.66554
0 -83.433008
37.665673
0 -83.43526
37.664774
0 -83.435075
37.663003
0 -83.436032
37.661586
0 -83.434988
37.659966
0 -83.435557
37.658756
0 -83.433776
37.657236
0 -83.433805
37.656354
0 -83.43494
37.655656
0 -83.435786
37.653682
0 -83.438713
37.653793
0 -83.439359
37.650896
0 -83.44552
37.650897
0 -83.446173
37.648772
0 -83.445275
37.647896
0 -83.445647
37.646309
0 -83.444496
37.643661
0 -83.446568
37.644408
0 -83.449112
37.643186
0 -83.450275
37.641725
0 -83.449525
37.63981
0 -83.450516
37.637356
0 -83.452897
37.637166
0 -83.452826
37.635684
0 -83.454059
37.634111
0 -83.45544
37.633202
0 -83.457824
37.633182
0 -83.458716
37.630476
0 -83.462328
37.630245
0 -83.463442
37.631111
0 -83.468942
37.630598
0 -83.469427
37.628656
0 -83.472106
37.629297
0 -83.47328
37.628296
0 -83.473407
37.626549
0 -83.475946
37.625807
0 -83.47659
37.62367
0 -83.478417
37.622713
0 -83.480964
37.624248
0 -83.482607
37.624225
0 -83.48556
37.622358
0 -83.487106
37.622911
0 -83.490205
37.621814
0 -83.49075
37.620769
0 -83.494518
37.619104
0 -83.495488
37.619595
0 -83.497574
37.622427
0 -83.499114
37.622669
0 -83.49835
37.626626
0 -83.494899
37.630118
0 -83.49594
37.63187
0 -83.494265
37.634714
0 -83.494406
37.639293
0 -83.496968
37.640619
0 -83.495403
37.644255
0 -83.495922
37.645617
0 -83.497419
37.646097
0 -83.499484
37.645608
0 -83.509311
37.642555
0 -83.522308
37.638516
0 -83.562276
37.549069
0 -83.579186
37.506249
0 -83.577681
37.505278
0 -83.576514
37.500671
0 -83.576789
37.499598
0 -83.578979
37.49875
0 -83.580204
37.495296
0 