-92.554799
42.702689
0 -92.554761
42.690366
0 -92.554411
42.68588
0 -92.554492
42.642314
0 -92.529263
42.642258
0 -92.514425
42.64232
0 -92.501435
42.642246
0 -92.498875
42.642294
0 -92.494492
42.642242
0 -92.475409
42.642267
0 -92.451107
42.642264
0 -92.436121
42.642265
0 -92.416115
42.642278
0 -92.396423
42.642296
0 -92.371862
42.642288
0 -92.366886
42.642297
0 -92.317662
42.642237
0 -92.258549
42.6422
0 -92.248707
42.642203
0 -92.229016
42.642191
0 -92.19895
42.642189
0 -92.18978
42.642158
0 -92.147888
42.642152
0 -92.116139
42.641958
0 -92.081661
42.642056
0 -92.081656
42.729755
0 -92.081745
42.744137
0 -92.0817
42.776726
0 -92.081566
42.81842
0 -92.081605
42.830549
0 -92.081862
42.832959
0 -92.081811
42.840439
0 -92.081564
42.84748
0 -92.081549
42.849416
0 -92.081575
42.86025
0 -92.081424
42.86192
0 -92.081691
42.876646
0 -92.081721
42.891162
0 -92.081568
42.907013
0 -92.124055
42.90688
0 -92.125178
42.906732
0 -92.158618
42.906933
0 -92.160785
42.906876
0 -92.180622
42.906882
0 -92.199215
42.906886
0 -92.212755
42.90689
0 -92.258691
42.906937
0 -92.282592
42.907012
0 -92.318273
42.907038
0 -92.31998
42.907043
0 -92.337408
42.907064
0 -92.376797
42.907051
0 -92.386687
42.907042
0 -92.436112
42.90704
0 -92.495395
42.907116
0 -92.500201
42.907271
0 -92.507305
42.907067
0 -92.515119
42.907033
0 -92.543898
42.907155
0 -92.554211
42.907112
0 -92.554405
42.818271
0 -92.554413
42.809936
0 -92.554438
42.744634
0 -92.554495
42.730127
0 -92.554799
42.702689
0 