-111.787875
46.568998
0 -111.787911
46.529329
0 -111.787736
46.485796
0 -111.78608
46.48582
0 -111.786177
46.314629
0 -111.78573
46.136157
0 -111.783749
46.136166
0 -111.783898
46.125446
0 -111.784517
46.12312
0 -111.784206
46.093663
0 -111.784442
46.082787
0 -111.784333
46.050004
0 -111.746243
46.049506
0 -111.738285
46.049722
0 -111.660441
46.049449
0 -111.660275
46.040862
0 -111.660445
46.020078
0 -111.660455
46.01689
0 -111.660271
45.919839
0 -111.660517
45.877794
0 -111.660203
45.873982
0 -111.660073
45.834983
0 -111.659995
45.833512
0 -111.656723
45.834317
0 -111.6552
45.836935
0 -111.654866
45.840125
0 -111.655984
45.842944
0 -111.654878
45.844197
0 -111.64978
45.843636
0 -111.647526
45.844775
0 -111.648573
45.846961
0 -111.651137
45.848248
0 -111.650685
45.85078
0 -111.647868
45.851382
0 -111.646243
45.851321
0 -111.643719
45.84908
0 -111.639809
45.847469
0 -111.637974
45.848036
0 -111.6374
45.849437
0 -111.640123
45.852147
0 -111.640256
45.853532
0 -111.638118
45.856207
0 -111.636827
45.858795
0 -111.637117
45.861
0 -111.635716
45.862522
0 -111.63237
45.863257
0 -111.628586
45.862452
0 -111.628205
45.861457
0 -111.626149
45.861468
0 -111.625208
45.865319
0 -111.6225
45.86707
0 -111.623194
45.868646
0 -111.61924
45.871925
0 -111.617398
45.872166
0 -111.613622
45.873897
0 -111.611654
45.876581
0 -111.611089
45.880673
0 -111.609996
45.883529
0 -111.609131
45.888441
0 -111.602738
45.891972
0 -111.601056
45.894002
0 -111.596256
45.896884
0 -111.593142
45.898509
0 -111.589636
45.897522
0 -111.588748
45.895788
0 -111.588738
45.89313
0 -111.586483
45.89169
0 -111.585281
45.891597
0 -111.582107
45.893617
0 -111.58098
45.896052
0 -111.578544
45.897841
0 -111.577075
45.900974
0 -111.575168
45.902744
0 -111.573002
45.902677
0 -111.571728
45.901585
0 -111.572537
45.900153
0 -111.571437
45.898457
0 -111.569763
45.89753
0 -111.56431
45.897975
0 -111.561268
45.899593
0 -111.560767
45.900851
0 -111.563581
45.901803
0 -111.563091
45.904065
0 -111.560685
45.905528
0 -111.554334
45.904296
0 -111.551599
45.904915
0 -111.548731
45.90635
0 -111.55111
45.907826
0 -111.550751
45.908819
0 -111.547422
45.909821
0 -111.544355
45.91074
0 -111.544214
45.912155
0 -111.542608
45.912856
0 -111.542527
45.914336
0 -111.543851
45.917335
0 -111.542883
45.919432
0 -111.539847
45.919665
0 -111.53686
45.916154
0 -111.534246
45.916991
0 -111.533124
45.918007
0 -111.532586
45.920735
0 -111.534097
45.922238
0 -111.534579
45.924427
0 -111.532685
45.924948
0 -111.525102
45.92464
0 -111.524705
45.925467
0 -111.521607
45.92667
0 -111.519306
45.926749
0 -111.5204
45.929058
0 -111.520311
45.930427
0 -111.518211
45.931917
0 -111.516111
45.930796
0 -111.517234
45.929541
0 -111.516576
45.927649
0 -111.514133
45.927
0 -111.513383
45.928553
0 -111.51166
45.928599
0 -111.511324
45.927444
0 -111.508648
45.925949
0 -111.506778
45.925902
0 -111.505836
45.926817
0 -111.507542
45.929038
0 -111.507606
45.930763
0 -111.505774
45.932302
0 -111.50256
45.933046
0 -111.498934
45.932844
0 -111.496126
45.93426
0 -111.495769
45.935468
0 -111.493231
45.938857
0 -111.48886
45.940951
0 -111.483455
45.944559
0 -111.480833
45.94756
0 -111.471285
45.951475
0 -111.467901
45.955324
0 -111.466231
45.95835
0 -111.463966
45.965877
0 -111.46395
45.973404
0 -111.465594
45.980791
0 -111.465941
45.983631
0 -111.464303
45.98718
0 -111.464083
45.989288
0 -111.461218
45.99543
0 -111.459895
45.997194
0 -111.45796
45.998297
0 -111.453947
45.998025
0 -111.450056
45.996578
0 -111.447669
45.994812
0 -111.443885
45.991103
0 -111.442454
45.990705
0 -111.439707
45.990812
0 -111.436534
45.992567
0 -111.433252
45.99305
0 -111.430734
45.992662
0 -111.427695
45.993016
0 -111.423923
45.995535
0 -111.421353
45.995538
0 -111.420084
45.996397
0 -111.41994
45.997921
0 -111.418287
45.998041
0 -111.415802
46.001785
0 -111.419096
46.010026
0 -111.420629
46.011959
0 -111.420843
46.013466
0 -111.422732
46.015622
0 -111.427383
46.017038
0 -111.43047
46.019029
0 -111.430186
46.020386
0 -111.427559
46.022317
0 -111.424586
46.025338
0 -111.42252
46.02918
0 -111.422067
46.030936
0 -111.423465
46.033624
0 -111.423199
46.037602
0 -111.424769
46.041495
0 -111.423414
46.047003
0 -111.423473
46.051687
0 -111.422922
46.055462
0 -111.423572
46.056289
0 -111.424467
46.060726
0 -111.424061
46.061827
0 -111.419378
46.067207
0 -111.415517
46.072494
0 -111.414242
46.074925
0 -111.411189
46.077845
0 -111.409746
46.080203
0 -111.406116
46.084993
0 -111.403483
46.086343
0 -111.399068
46.08751
0 -111.393423
46.089938
0 -111.391801
46.091463
0 -111.391923
46.093528
0 -111.395681
46.099869
0 -111.396423
46.102473
0 -111.398521
46.105849
0 -111.397009
46.10519
0 -111.393494
46.106779
0 -111.390229
46.105619
0 -111.384904
46.10249
0 -111.3837
46.102409
0 -111.38094
46.103596
0 -111.379152
46.10632
0 -111.378491
46.11015
0 -111.377364
46.1122
0 -111.373555
46.113765
0 -111.370873
46.112794
0 -111.371403
46.116119
0 -111.349387
46.124767
0 -111.349549
46.13736
0 -111.346938
46.141945
0 -111.34646
46.188102
0 -111.30556
46.187875
0 -111.2421
46.187846
0 -111.207712
46.187926
0 -111.16006
46.188011
0 -111.159995
46.193271
0 -111.06256
46.192897
0 -111.060511
46.200686
0 -111.062109
46.202655
0 -111.061828
46.205133
0 -111.060107
46.210294
0 -111.061033
46.213002
0 -111.063459
46.217043
0 -111.061831
46.220865
0 -111.065458
46.223295
0 -111.066186
46.224297
0 -111.066148
46.227543
0 -111.072299
46.233278
0 -111.075728
46.233667
0 -111.078576
46.233389
0 -111.081039
46.233781
0 -111.083462
46.236449
0 -111.082844
46.239263
0 -111.081207
46.240608
0 -111.080254
46.244093
0 -111.078136
46.245975
0 -111.078146
46.248519
0 -111.074843
46.250587
0 -111.08231
46.250201
0 -111.084993
46.250813
0 -111.087859
46.252317
0 -111.091393
46.255845
0 -111.095644
46.257558
0 -111.100014
46.25688
0 -111.10114
46.258116
0 -111.106534
46.258353
0 -111.108491
46.259021
0 -111.107699
46.260169
0 -111.108842
46.261179
0 -111.107139
46.263831
0 -111.111381
46.265615
0 -111.114194
46.265288
0 -111.118135
46.267164
0 -111.119095
46.268628
0 -111.123264
46.271542
0 -111.12578
46.272077
0 -111.12707
46.273754
0 -111.125781
46.275961
0 -111.123268
46.277339
0 -111.124789
46.279244
0 -111.123584
46.281399
0 -111.122776
46.285697
0 -111.120686
46.289192
0 -111.119508
46.293877
0 -111.118506
46.295145
0 -111.120449
46.301232
0 -111.120282
46.30614
0 -111.118128
46.30887
0 -111.118309
46.313785
0 -111.117981
46.31693
0 -111.114703
46.318341
0 -111.109815
46.322351
0 -111.108672
46.325271
0 -111.105728
46.328147
0 -111.103944
46.331013
0 -111.098618
46.335966
0 -111.098136
46.336862
0 -111.094318
46.337565
0 -111.09333
46.339509
0 -111.094482
46.341755
0 -111.094484
46.344084
0 -111.090237
46.345118
0 -111.086006
46.348852
0 -111.079626
46.346619
0 -111.075525
46.346806
0 -111.071368
46.349523
0 -111.06916
46.35143
0 -111.068229
46.353535
0 -111.07154
46.355478
0 -111.070738
46.357591
0 -111.068655
46.359328
0 -111.068686
46.362866
0 -111.070086
46.363798
0 -111.071937
46.36862
0 -111.07336
46.36964
0 -111.071883
46.371538
0 -111.072124
46.3731
0 -111.071218
46.37542
0 -111.069579
46.37618
0 -111.067794
46.379062
0 -111.063729
46.381818
0 -111.063813
46.383859
0 -111.06533
46.385494
0 -111.064672
46.388052
0 -111.066249
46.390252
0 -111.064089
46.392545
0 -111.064347
46.393602
0 -111.059219
46.395689
0 -111.056897
46.39816
0 -111.057211
46.40345
0 -111.060394
46.405568
0 -111.061191
46.408132
0 -111.063349
46.40988
0 -111.068028
46.410156
0 -111.072039
46.411902
0 -111.077001
46.413421
0 -111.078261
46.41425
0 -111.079361
46.416692
0 -111.082114
46.418947
0 -111.085025
46.418952
0 -111.085529
46.419823
0 -111.08945
46.423172
0 -111.093969
46.4234
0 -111.094751
46.424279
0 -111.095972
46.427971
0 -111.097293
46.429503
0 -111.097416
46.431584
0 -111.098785
46.433638
0 -111.101804
46.434488
0 -111.103902
46.434436
0 -111.111244
46.435245
0 -111.115878
46.438149
0 -111.122033
46.4388
0 -111.12578
46.440148
0 -111.126362
46.441322
0 -111.123205
46.444565
0 -111.119818
46.448757
0 -111.122487
46.452616
0 -111.126198
46.452682
0 -111.131153
46.451378
0 -111.131757
46.450176
0 -111.140762
46.449791
0 -111.148603
46.450954
0 -111.15176
46.4492
0 -111.154254
46.448543
0 -111.158281
46.44968
0 -111.162981
46.449091
0 -111.16664
46.447699
0 -111.173576
46.446542
0 -111.175776
46.444917
0 -111.176378
46.4432
0 -111.17598
46.438473
0 -111.17834
46.435713
0 -111.183161
46.433513
0 -111.18863
46.430022
0 -111.193444
46.42898
0 -111.199796
46.428548
0 -111.209341
46.427044
0 -111.210347
46.428017
0 -111.216775
46.429025
0 -111.218224
46.429891
0 -111.222001
46.4296
0 -111.227804
46.428628
0 -111.23165
46.431446
0 -111.233657
46.434687
0 -111.234674
46.435272
0 -111.240919
46.436835
0 -111.244151
46.437197
0 -111.246288
46.437997
0 -111.247459
46.439203
0 -111.247609
46.441595
0 -111.250331
46.44391
0 -111.250334
46.449624
0 -111.249937
46.452436
0 -111.248868
46.453304
0 -111.247499
46.457118
0 -111.250383
46.46349
0 -111.250519
46.465902
0 -111.252897
46.469244
0 -111.251727
46.472026
0 -111.252257
46.47377
0 -111.251912
46.476151
0 -111.254529
46.477126
0 -111.255932
46.478536
0 -111.256799
46.481186
0 -111.254512
46.484504
0 -111.254266
46.486214
0 -111.253001
46.487755
0 -111.256441
46.496094
0 -111.256762
46.498053
0 -111.258554
46.499564
0 -111.26045
46.499597
0 -111.264574
46.498094
0 -111.2672
46.495982
0 -111.269381
46.497192
0 -111.26971
46.500121
0 -111.271034
46.501822
0 -111.272597
46.502412
0 -111.27248
46.50549
0 -111.277157
46.509688
0 -111.276801
46.516821
0 -111.278192
46.519385
0 -111.280288
46.521299
0 -111.281781
46.522429
0 -111.287231
46.524399
0 -111.291801
46.527492
0 -111.297301
46.528381
0 -111.303434
46.528507
0 -111.306004
46.528904
0 -111.310553
46.530584
0 -111.313808
46.530114
0 -111.31692
46.530737
0 -111.319739
46.533139
0 -111.324224
46.534301
0 -111.326679
46.535365
0 -111.32969
46.535874
0 -111.331927
46.536806
0 -111.33894
46.539008
0 -111.34138
46.543016
0 -111.342926
46.543646
0 -111.344939
46.546074
0 -111.342971
46.548284
0 -111.34098
46.548736
0 -111.336295
46.551079
0 -111.334556
46.551632
0 -111.328459
46.555961
0 -111.32265
46.556551
0 -111.32143
46.557702
0 -111.319878
46.5625
0 -111.320452
46.564203
0 -111.319665
46.566755
0 -111.320038
46.569583
0 -111.323569
46.57173
0 -111.328347
46.573349
0 -111.331577
46.576466
0 -111.334047
46.578208
0 -111.333934
46.58019
0 -111.334671
46.582291
0 -111.333858
46.583536
0 -111.330636
46.585056
0 -111.32908
46.586805
0 -111.329871
46.590464
0 -111.328941
46.593425
0 -111.329599
46.594735
0 -111.332839
46.597626
0 -111.334161
46.601231
0 -111.334246
46.605465
0 -111.334917
46.606868
0 -111.33214
46.608398
0 -111.332134
46.609285
0 -111.330288
46.610993
0 -111.327745
46.612077
0 -111.325598
46.614986
0 -111.325396
46.616499
0 -111.328285
46.616925
0 -111.329418
46.618782
0 -111.328718
46.620456
0 -111.326018
46.622059
0 -111.32715
46.62494
0 -111.327803
46.6282
0 -111.331316
46.630088
0 -111.33036
46.631595
0 -111.330607
46.63353
0 -111.332783
46.634932
0 -111.336242
46.634179
0 -111.339477
46.635439
0 -111.341778
46.635666
0 -111.344705
46.634617
0 -111.347958
46.635782
0 -111.352845
46.635794
0 -111.355488
46.634463
0 -111.363699
46.635113
0 -111.367759
46.63586
0 -111.367764
46.638107
0 -111.369722
46.641149
0 -111.373053
46.643204
0 -111.3748
46.64339
0 -111.377025
46.645329
0 -111.379348
46.646266
0 -111.382071
46.644988
0 -111.388761
46.644728
0 -111.39642
46.643642
0 -111.399013
46.643962
0 -111.401875
46.643167
0 -111.406087
46.640718
0 -111.407343
46.638619
0 -111.409488
46.638888
0 -111.411554
46.641085
0 -111.410836
46.643729
0 -111.412842
46.646878
0 -111.411001
46.651736
0 -111.409051
46.653138
0 -111.408541
46.654849
0 -111.409086
46.657921
0 -111.410915
46.660224
0 -111.411251
46.662035
0 -111.412835
46.664194
0 -111.413738
46.666578
0 -111.41345
46.669241
0 -111.414584
46.672165
0 -111.414758
46.674109
0 -111.417242
46.674945
0 -111.42144
46.67566
0 -111.423284
46.67835
0 -111.423345
46.679647
0 -111.426013
46.681289
0 -111.43261
46.682075
0 -111.437032
46.680726
0 -111.440117
46.680642
0 -111.442145
46.681676
0 -111.445048
46.681743
0 -111.448958
46.681218
0 -111.452701
46.684256
0 -111.44893
46.685341
0 -111.446181
46.686867
0 -111.445272
46.68931
0 -111.443066
46.690721
0 -111.444244
46.69597
0 -111.446521
46.697698
0 -111.446405
46.699472
0 -111.447561
46.701681
0 -111.448375
46.702047
0 -111.454433
46.702149
0 -111.458004
46.703719
0 -111.460359
46.703754
0 -111.462488
46.704906
0 -111.459283
46.708006
0 -111.457121
46.709113
0 -111.453386
46.71306
0 -111.448213
46.716395
0 -111.448384
46.716976
0 -111.45135
46.718663
0 -111.45225
46.720271
0 -111.456457
46.719001
0 -111.457471
46.720259
0 -111.460868
46.722147
0 -111.463457
46.722565
0 -111.463147
46.724592
0 -111.460311
46.726178
0 -111.459333
46.727769
0 -111.456485
46.728446
0 -111.458146
46.730132
0 -111.456017
46.73171
0 -111.456737
46.73402
0 -111.455067
46.735959
0 -111.456011
46.737438
0 -111.455204
46.742623
0 -111.457754
46.745853
0 -111.461366
46.747194
0 -111.463924
46.749675
0 -111.464542
46.751636
0 -111.469218
46.752937
0 -111.473545
46.752322
0 -111.476854
46.753319
0 -111.478089
46.755022
0 -111.479882
46.756338
0 -111.483171
46.75579
0 -111.484299
46.755119
0 -111.488876
46.757424
0 -111.491193
46.760155
0 -111.497961
46.762469
0 -111.501866
46.762174
0 -111.503362
46.761064
0 -111.505862
46.7609
0 -111.507182
46.759783
0 -111.509224
46.759402
0 -111.516638
46.761294
0 -111.51866
46.763097
0 -111.52201
46.764975
0 -111.523692
46.765306
0 -111.527752
46.764546
0 -111.532387
46.765387
0 -111.535887
46.765338
0 -111.537913
46.765997
0 -111.541513
46.768123
0 -111.544753
46.769251
0 -111.549267
46.769488
0 -111.55154
46.768784
0 -111.554167
46.76679
0 -111.560213
46.766157
0 -111.561272
46.766329
0 -111.563752
46.768
0 -111.564941
46.769637
0 -111.567321
46.769102
0 -111.564274
46.772846
0 -111.564615
46.77423
0 -111.567188
46.776972
0 -111.570501
46.777028
0 -111.573693
46.777939
0 -111.575839
46.777219
0 -111.583421
46.780314
0 -111.586689
46.781892
0 -111.590588
46.780294
0 -111.592052
46.778313
0 -111.59632
46.777228
0 -111.599163
46.777237
0 -111.602216
46.778284
0 -111.603552
46.777882
0 -111.608272
46.774998
0 -111.609947
46.773032
0 -111.610061
46.771316
0 -111.611635
46.768796
0 -111.611573
46.765906
0 -111.61228
46.764847
0 -111.611304
46.763436
0 -111.614437
46.760449
0 -111.615111
46.758416
0 -111.619388
46.756058
0 -111.622668
46.755099
0 -111.622806
46.753584
0 -111.624435
46.750734
0 -111.625099
46.746037
0 -111.630863
46.744543
0 -111.634643
46.742733
0 -111.636403
46.739306
0 -111.639261
46.73818
0 -111.640312
46.661177
0 -111.639897
46.624945
0 -111.639963
46.623588
0 -111.639864
46.5824
0 -111.63738
46.580889
0 -111.63586
46.578032
0 -111.635096
46.573423
0 -111.632264
46.570747
0 -111.631643
46.569108
0 -111.635758
46.569115
0 -111.703711
46.56919
0 -111.787875
46.568998
0 