-97.129083
44.268232
0 -97.129671
44.195933
0 -97.109899
44.195817
0 -97.049265
44.195781
0 -97.009503
44.195779
0 -97.008811
44.195788
0 -97.000224
44.195851
0 -96.939726
44.195667
0 -96.933762
44.195673
0 -96.928429
44.195678
0 -96.909387
44.195705
0 -96.899896
44.195716
0 -96.889216
44.195705
0 -96.789622
44.195586
0 -96.789288
44.195626
0 -96.769455
44.19558
0 -96.767367
44.195583
0 -96.758525
44.195637
0 -96.748018
44.195811
0 -96.728895
44.195588
0 -96.707967
44.195443
0 -96.648563
44.195583
0 -96.646177
44.195571
0 -96.639427
44.195536
0 -96.579028
44.195574
0 -96.545947
44.195681
0 -96.528818
44.195716
0 -96.525731
44.195735
0 -96.4527742995591
44.1967800033853
0 -96.452774
44.196895
0 -96.452673
44.254588
0 -96.452419
44.255274
0 -96.452369
44.268967
0 -96.452365
44.271972
0 -96.452610027088
44.2824050978326
0 -96.452617
44.282702
0 -96.4525566580189
44.2842414941334
0 -96.4525
44.285687
0 -96.452334
44.297009
0 -96.452239
44.298655
0 -96.452369
44.312071
0 -96.4523450351456
44.3123266911329
0 -96.452248
44.313362
0 -96.452372
44.325991
0 -96.452309
44.328094
0 -96.452248
44.340642
0 -96.452152
44.342219
0 -96.4521560529294
44.3423014625447
0 -96.452305
44.345332
0 -96.452282
44.354857
0 -96.452213
44.360149
0 -96.4521741382091
44.371723910633
0 -96.4521342857491
44.3835938901646
0 -96.452134
44.383679
0 -96.452073
44.38969
0 -96.4520066699181
44.4127759846857
0 -96.451924
44.441549
0 -96.4518247733398
44.4588704835564
0 -96.451816
44.460402
0 -96.452218
44.470873
0 -96.452122
44.473043
0 -96.451974
44.506849
0 -96.45201
44.516929
0 -96.452236
44.526871
0 -96.452016
44.543533
0 -96.4519902127759
44.5436387679114
0 -96.523519
44.543744
0 -96.559257
44.543782
0 -96.559555
44.543782
0 -96.642304
44.543877
0 -96.643441
44.54388
0 -96.682988
44.543818
0 -96.728854
44.543858
0 -96.739013
44.543813
0 -96.753796
44.54378
0 -96.755829
44.543781
0 -96.756904
44.54374
0 -96.763919
44.543782
0 -96.76632
44.543775
0 -96.785564
44.543771
0 -96.796532
44.543746
0 -96.885504
44.543773
0 -96.887412
44.543691
0 -96.902298
44.543784
0 -96.903223
44.543661
0 -97.007822
44.543484
0 -97.047624
44.543536
0 -97.063574
44.543224
0 -97.064909
44.543204
0 -97.06687
44.543103
0 -97.118864
44.543002
0 -97.120487
44.543108
0 -97.122056
44.54312
0 -97.128024
44.543126
0 -97.128541
44.456206
0 -97.128716
44.370356
0 -97.128714
44.36946
0 -97.128773
44.361124
0 -97.12893
44.355125
0 -97.129117
44.351286
0 -97.128932
44.311383
0 -97.128964
44.282421
0 -97.129083
44.268232
0 