-76.130181
42.410337
0 -76.129673
42.402038
0 -76.124521
42.402013
0 -76.124467
42.392001
0 -76.122962
42.391902
0 -76.120211
42.380738
0 -76.122854
42.380787
0 -76.12265
42.376868
0 -76.122439
42.367187
0 -76.114554
42.366971
0 -76.114618
42.357284
0 -76.111942
42.357266
0 -76.111403
42.347318
0 -76.109912
42.347344
0 -76.109763
42.344914
0 -76.109286
42.337325
0 -76.116702
42.33723
0 -76.116357
42.326566
0 -76.112427
42.326523
0 -76.112401
42.318603
0 -76.106394
42.318732
0 -76.106254
42.310346
0 -76.101622
42.310395
0 -76.101593
42.303328
0 -76.099115
42.303398
0 -76.098759
42.293653
0 -76.106572
42.29353
0 -76.106582
42.287356
0 -76.101226
42.287288
0 -76.100612
42.278484
0 -76.091862
42.278654
0 -76.087728
42.278752
0 -76.087252
42.271676
0 -76.083445
42.271812
0 -76.082815
42.264742
0 -76.081214
42.264711
0 -76.080681
42.258084
0 -76.096153
42.257509
0 -76.096629
42.25745
0 -76.096346
42.249521
0 -76.090908
42.249636
0 -76.090594
42.244225
0 -76.087197
42.244237
0 -76.086848
42.240298
0 -76.086498
42.234863
0 -76.084705
42.234863
0 -76.084688
42.234474
0 -76.084499
42.230471
0 -76.081134
42.230495
0 -76.081097
42.229394
0 -76.081116
42.22761
0 -76.081112
42.224886
0 -76.081088
42.218643
0 -76.082854
42.218601
0 -76.08256
42.213066
0 -76.086671
42.212905
0 -76.086608
42.207955
0 -76.086601
42.205477
0 -76.084874
42.193639
0 -76.087318
42.19361
0 -76.086683
42.186858
0 -76.102
42.186203
0 -76.116225
42.18561
0 -76.11615
42.18016
0 -76.115741
42.177071
0 -76.114033
42.153418
0 -76.111106
42.112436
0 -76.111098
42.112292
0 -76.109461
42.112284
0 -76.108562
42.101256
0 -76.111534
42.10117
0 -76.110935
42.095331
0 -76.108948
42.074751
0 -76.108949
42.074574
0 -76.108922
42.074331
0 -76.108569
42.066343
0 -76.106336
42.046586
0 -76.106033
42.043683
0 -76.105293
42.036228
0 -76.104829
42.031568
0 -76.106268
42.031174
0 -76.105823
42.009651
0 -76.10584
41.998858
0 -76.0600871153046
41.9989239693103
0 -75.9935630222134
41.9990198878205
0 -75.9888420110949
41.9990266948634
0 -75.983082
41.999035
0 -75.98025
41.999035
0 -75.9584074252567
41.9989937360666
0 -75.8906185094392
41.998865672533
0 -75.870677
41.998828
0 -75.7733433652803
41.9980975810068
0 -75.7625404568361
41.9980165129409
0 -75.742217
41.997864
0 -75.6555885967556
41.9985838181208
0 -75.610316
41.99896
0 -75.6097056260421
41.9989613694813
0 -75.6075741102809
41.9989661519117
0 -75.55307597628
41.9990884280581
0 -75.5388229695021
41.999120407185
0 -75.483738
41.999244
0 -75.4831501008195
41.9992585325396
0 -75.477144
41.999407
0 -75.436216
41.999353
0 -75.431961
41.999363
0 -75.359579
41.999445
0 -75.362848
42.001739
0 -75.362105
42.004901
0 -75.364225
42.008168
0 -75.366249
42.008221
0 -75.366959
42.008008
0 -75.374618
42.003371
0 -75.377046
42.002471
0 -75.37922
42.002192
0 -75.384699
42.003068
0 -75.387296
42.004447
0 -75.389352
42.006469
0 -75.391391
42.006922
0 -75.394371
42.006353
0 -75.396561
42.006605
0 -75.400094
42.009434
0 -75.402239
42.010699
0 -75.403174
42.012108
0 -75.402791
42.014659
0 -75.405807
42.017922
0 -75.408463
42.02631
0 -75.410033
42.029827
0 -75.412232
42.031511
0 -75.413201
42.033864
0 -75.416226
42.036947
0 -75.41903
42.038261
0 -75.421443
42.041032
0 -75.421776
42.04203
0 -75.420549
42.045369
0 -75.423038
42.054022
0 -75.422637
42.055913
0 -75.422622
42.05597
0 -75.422377
42.057604
0 -75.422194
42.070241
0 -75.419664
42.150436
0 -75.419203
42.168053
0 -75.418421
42.195032
0 -75.419895
42.194918
0 -75.440194
42.195112
0 -75.452872
42.195085
0 -75.483638
42.195183
0 -75.532776
42.195241
0 -75.57778
42.19539
0 -75.5965
42.195453
0 -75.600086
42.195466
0 -75.61533
42.195479
0 -75.63711
42.195628
0 -75.637346
42.204236
0 -75.637058
42.212011
0 -75.637525
42.233019
0 -75.637373
42.236191
0 -75.638032
42.242301
0 -75.639055
42.248675
0 -75.67956
42.248063
0 -75.683173
42.247958
0 -75.697399
42.247901
0 -75.703153
42.247863
0 -75.710419
42.247814
0 -75.714122
42.247789
0 -75.722112
42.247867
0 -75.722286
42.249341
0 -75.730257
42.249329
0 -75.737617
42.249287
0 -75.747187
42.249204
0 -75.77566
42.249235
0 -75.778667
42.249228
0 -75.779165
42.249305
0 -75.795333
42.249148
0 -75.819798
42.248987
0 -75.82159
42.247931
0 -75.82711
42.247067
0 -75.82843
42.246075
0 -75.828774
42.245707
0 -75.833526
42.245211
0 -75.83631
42.244091
0 -75.836929
42.245137
0 -75.843792
42.259707
0 -75.84787
42.302302
0 -75.848269
42.306188
0 -75.850388
42.327731
0 -75.850851
42.332551
0 -75.852063
42.345331
0 -75.854243
42.356016
0 -75.859275
42.380942
0 -75.861874
42.393737
0 -75.86402
42.415702
0 -75.867507
42.415419
0 -75.882481
42.41465
0 -75.884384
42.414556
0 -75.898339
42.413858
0 -75.919723
42.4127
0 -75.933971
42.412129
0 -75.94723
42.411602
0 -75.962377
42.410917
0 -75.972823
42.410479
0 -75.98656
42.409989
0 -76.014612
42.40914
0 -76.021374
42.409008
0 -76.021198
42.411228
0 -76.022689
42.412706
0 -76.057633
42.411941
0 -76.070292
42.411667
0 -76.108657
42.410831
0 -76.11796
42.410628
0 -76.119921
42.410586
0 -76.125637
42.410454
0 -76.130181
42.410337
0 