-80.6796
40.186371
0 -80.6818121778124
40.1855662376397
0 -80.676748
40.183132
0 -80.672992
40.183067
0 -80.671997
40.184294
0 -80.669215
40.183738
0 -80.666853
40.185778
0 -80.663734
40.185897
0 -80.664913
40.183095
0 -80.663905
40.182663
0 -80.662143
40.181733
0 -80.664323
40.178799
0 -80.661351
40.178439
0 -80.623835
40.177189
0 -80.622684
40.177178
0 -80.596464
40.17697
0 -80.59491
40.176908
0 -80.582223
40.173867
0 -80.55336
40.167444
0 -80.519104
40.159672
0 -80.519056
40.172744
0 -80.519056
40.172771
0 -80.5190536980406
40.1956998698949
0 -80.5190536782476
40.1958970193441
0 -80.5190475464834
40.2569729976454
0 -80.5190450614637
40.2817252557736
0 -80.5190438089935
40.2942005955032
0 -80.5190401376727
40.3307691106087
0 -80.519039
40.342101
0 -80.5187288165564
40.3497570258921
0 -80.5180140300489
40.3673995665323
0 -80.517991
40.367968
0 -80.517991
40.368342
0 -80.517991
40.398868
0 -80.5179881243679
40.39947559909
0 -80.5179873274459
40.3996439826186
0 -80.533919
40.399598
0 -80.559294
40.39955
0 -80.566901
40.399727
0 -80.573784
40.399755
0 -80.575283
40.399663
0 -80.576566
40.399584
0 -80.584971
40.398875
0 -80.589894
40.398446
0 -80.593792
40.39805
0 -80.594984
40.397942
0 -80.596872
40.397772
0 -80.60347
40.397
0 -80.613419
40.39633
0 -80.6296993745958
40.3950066526559
0 -80.632196
40.393667
0 -80.633596
40.390467
0 -80.6317432884084
40.3858361473768
0 -80.631663765572
40.3856373800472
0 -80.631596
40.385468
0 -80.63074
40.3849
0 -80.619196
40.381768
0 -80.6146724044944
40.378940752809
0 -80.614396
40.378768
0 -80.6116764964061
40.3765697201326
0 -80.6099730117139
40.3751927276139
0 -80.6099700308801
40.3751903180907
0 -80.609695
40.374968
0 -80.607595
40.369568
0 -80.608695
40.361968
0 -80.610255589472
40.3585458753919
0 -80.6117955016097
40.3551690928907
0 -80.611796
40.355168
0 -80.612796
40.347668
0 -80.6127655700637
40.3475645382166
0 -80.610796
40.340868
0 -80.6076122950621
40.3356300579056
0 -80.602895
40.327869
0 -80.6028946825271
40.3278681137216
0 -80.600495
40.321169
0 -80.599895
40.317669
0 -80.6004073102762
40.3158588370241
0 -80.6019312871642
40.3104741186866
0 -80.602895
40.307069
0 -80.606596
40.303869
0 -80.6073918613342
40.3027279457979
0 -80.61096068019
40.2976112055107
0 -80.614896
40.291969
0 -80.6150135465397
40.2915544937809
0 -80.616796
40.285269
0 -80.6164960818822
40.278771273979
0 -80.616196
40.27227
0 -80.6161977158093
40.2722660715105
0 -80.6188276252255
40.2662446729761
0 -80.619297
40.26517
0 -80.622497
40.26177
0 -80.6227947536613
40.2616170548278
0 -80.637098
40.25427
0 -80.637198
40.25507
0 -80.644598
40.25127
0 -80.6471727889306
40.2491071772983
0 -80.652098
40.24497
0 -80.6531979608641
40.2432030750417
0 -80.6531998861082
40.243199982421
0 -80.6600181839449
40.232247392185
0 -80.6615358809184
40.229809435755
0 -80.661543
40.229798
0 -80.664299
40.21917
0 -80.6645831162838
40.2173375920274
0 -80.666299
40.206271
0 -80.6681
40.199671
0 -80.6726
40.192371
0 -80.6764935647059
40.1890336588235
0 -80.679061435063
40.1868326270888
0 -80.6796
40.186371
0 