-99.469222
43.674734
0 -99.469097
43.672803
0 -99.464133
43.663849
0 -99.462031
43.658955
0 -99.460934
43.657264
0 -99.458809
43.6558
0 -99.455601
43.654539
0 -99.449862
43.652982
0 -99.442576
43.651958
0 -99.434494
43.651724
0 -99.429398
43.651979
0 -99.421595
43.653097
0 -99.417385
43.653986
0 -99.404032
43.657145
0 -99.391342
43.658432
0 -99.383127
43.658206
0 -99.377259
43.657303
0 -99.375378
43.656869
0 -99.366827
43.652879
0 -99.360377
43.647646
0 -99.355636
43.642347
0 -99.351361
43.634961
0 -99.348375
43.628756
0 -99.347368
43.624997
0 -99.345888
43.620874
0 -99.343456
43.615965
0 -99.342226
43.610652
0 -99.341054
43.60201
0 -99.341084
43.593168
0 -99.340284
43.58589
0 -99.339601
43.580929
0 -99.336851
43.574909
0 -99.33187
43.570744
0 -99.329551
43.568052
0 -99.3253
43.562489
0 -99.323765
43.561131
0 -99.3119
43.554121
0 -99.309653
43.551307
0 -99.295658
43.542121
0 -99.287794
43.535609
0 -99.283342
43.531147
0 -99.282496
43.529664
0 -99.281424
43.525799
0 -99.281499
43.524234
0 -99.282777
43.518315
0 -99.285144
43.513919
0 -99.291971
43.504585
0 -99.297882
43.499856
0 -99.150649
43.499672
0 -99.111063
43.499619
0 -99.062708
43.499579
0 -99.060066
43.499641
0 -99.031067
43.499571
0 -98.944006
43.499392
0 -98.913304
43.499331
0 -98.854835
43.499258
0 -98.853249
43.499324
0 -98.82566
43.499284
0 -98.794588
43.499187
0 -98.794591
43.513386
0 -98.794435
43.520019
0 -98.794526
43.571293
0 -98.794368
43.572917
0 -98.794427
43.585864
0 -98.794351
43.672997
0 -98.795097
43.738005
0 -98.795455
43.759973
0 -98.795904
43.788966
0 -98.796168
43.803385
0 -98.796403
43.817888
0 -98.796965
43.848575
0 -98.806788
43.848487
0 -98.807337
43.863192
0 -98.807504
43.920964
0 -98.807578
43.928062
0 -98.807771
43.935223
0 -98.82739
43.935153
0 -98.837105
43.935118
0 -98.887183
43.9351
0 -98.89842
43.935176
0 -98.907285
43.935166
0 -98.926997
43.935143
0 -98.947331
43.935026
0 -98.967149
43.934882
0 -99.048521
43.934607
0 -99.057969
43.934768
0 -99.108331
43.934057
0 -99.166884
43.933463
0 -99.246622
43.933346
0 -99.250377
43.933124
0 -99.350695
43.933752
0 -99.354742
43.933616
0 -99.355864
43.934371
0 -99.357709
43.926798
0 -99.361397
43.920926
0 -99.36318
43.914776
0 -99.363163
43.909748
0 -99.361852
43.903099
0 -99.35702
43.896782
0 -99.352226
43.892312
0 -99.345806
43.889384
0 -99.329268
43.882751
0 -99.321332
43.87784
0 -99.31709
43.874994
0 -99.31307
43.871058
0 -99.309552
43.866985
0 -99.308085
43.864045
0 -99.307996
43.860373
0 -99.308524
43.858868
0 -99.310826
43.855216
0 -99.316956
43.847064
0 -99.330344
43.830123
0 -99.334509
43.824875
0 -99.335912
43.822898
0 -99.339074
43.819582
0 -99.349646
43.809521
0 -99.359205
43.799747
0 -99.366244
43.792432
0 -99.3672
43.791724
0 -99.368599
43.79109
0 -99.375378
43.789113
0 -99.380573
43.786132
0 -99.387485
43.784069
0 -99.397925
43.781448
0 -99.403607
43.779452
0 -99.407342
43.777253
0 -99.41015
43.774619
0 -99.412604
43.770314
0 -99.414128
43.765933
0 -99.415562
43.76
0 -99.415486
43.756735
0 -99.416404
43.751891
0 -99.419004
43.744826
0 -99.418683
43.742785
0 -99.41638
43.738573
0 -99.41217
43.733465
0 -99.407712
43.728466
0 -99.406609
43.724313
0 -99.40676
43.719552
0 -99.407489
43.716845
0 -99.409643
43.711857
0 -99.409675
43.70973
0 -99.406961
43.705277
0 -99.407856
43.703109
0 -99.411915
43.700376
0 -99.417057
43.698011
0 -99.42179
43.696316
0 -99.42722
43.695168
0 -99.433823
43.694179
0 -99.44428
43.691673
0 -99.450566
43.689797
0 -99.454578
43.687947
0 -99.456258
43.686923
0 -99.468781
43.675662
0 -99.469222
43.674734
0 