-78.832839
37.590542
0 -78.83315
37.586895
0 -78.830339
37.580942
0 -78.828339
37.579042
0 -78.822639
37.575042
0 -78.815853
37.571149
0 -78.814238
37.569742
0 -78.81324
37.567161
0 -78.81364
37.564658
0 -78.815536
37.563045
0 -78.817733
37.562045
0 -78.820842
37.561351
0 -78.82474
37.559247
0 -78.825639
37.556644
0 -78.825238
37.552542
0 -78.705011
37.456593
0 -78.702989
37.455255
0 -78.70163
37.453503
0 -78.696538
37.449288
0 -78.695429
37.447591
0 -78.696296
37.443873
0 -78.692232
37.439348
0 -78.691812
37.438085
0 -78.690028
37.436695
0 -78.687865
37.433636
0 -78.686762
37.433302
0 -78.685331
37.432137
0 -78.683279
37.429006
0 -78.680924
37.428578
0 -78.678341
37.426831
0 -78.676048
37.426485
0 -78.672454
37.425029
0 -78.668873
37.422772
0 -78.664941
37.422304
0 -78.662572
37.423649
0 -78.65979
37.4235
0 -78.656775
37.420655
0 -78.652535
37.417792
0 -78.649787
37.417775
0 -78.644836
37.418526
0 -78.640333
37.417936
0 -78.636325
37.416467
0 -78.635487
37.415957
0 -78.637375
37.413855
0 -78.63436
37.412546
0 -78.635374
37.410701
0 -78.637874
37.408742
0 -78.637181
37.406171
0 -78.639012
37.405755
0 -78.640149
37.404031
0 -78.638118
37.401555
0 -78.635586
37.400391
0 -78.635068
37.398487
0 -78.637534
37.39269
0 -78.634933
37.390914
0 -78.630089
37.389001
0 -78.631571
37.385909
0 -78.63065
37.384437
0 -78.629012
37.384387
0 -78.627983
37.385315
0 -78.621485
37.388776
0 -78.618601
37.387551
0 -78.616234
37.388515
0 -78.616392
37.389808
0 -78.615621
37.394052
0 -78.611718
37.394866
0 -78.607558
37.393429
0 -78.60448
37.394871
0 -78.601359
37.395417
0 -78.599882
37.396855
0 -78.595809
37.399168
0 -78.594436
37.397974
0 -78.59339
37.398019
0 -78.589382
37.39457
0 -78.587298
37.393578
0 -78.585075
37.393365
0 -78.584193
37.392584
0 -78.580828
37.391515
0 -78.581731
37.390448
0 -78.586747
37.387872
0 -78.588598
37.384365
0 -78.591669
37.3806
0 -78.58954
37.379601
0 -78.587144
37.377767
0 -78.584096
37.378303
0 -78.579357
37.377362
0 -78.577652
37.375553
0 -78.575105
37.369583
0 -78.576771
37.369207
0 -78.579083
37.367474
0 -78.579333
37.364461
0 -78.578259
37.363905
0 -78.573245
37.366082
0 -78.572321
37.364895
0 -78.569393
37.364724
0 -78.568077
37.363625
0 -78.566624
37.363886
0 -78.56613
37.365775
0 -78.570697
37.369596
0 -78.57198
37.369855
0 -78.571922
37.371081
0 -78.570423
37.372315
0 -78.568355
37.370672
0 -78.566905
37.371115
0 -78.564748
37.370039
0 -78.565443
37.368869
0 -78.563063
37.366781
0 -78.561897
37.36407
0 -78.558453
37.367055
0 -78.55661
37.366025
0 -78.557649
37.364579
0 -78.561174
37.362622
0 -78.561201
37.361138
0 -78.557088
37.360685
0 -78.555613
37.359672
0 -78.553688
37.357033
0 -78.554194
37.355291
0 -78.556687
37.354165
0 -78.554966
37.352426
0 -78.553123
37.353356
0 -78.54958
37.353241
0 -78.5482
37.352023
0 -78.549263
37.350472
0 -78.548218
37.349013
0 -78.548482
37.346728
0 -78.546221
37.34629
0 -78.545261
37.347603
0 -78.540824
37.349498
0 -78.536469
37.350462
0 -78.533722
37.349336
0 -78.532105
37.347358
0 -78.525405
37.344531
0 -78.522752
37.344181
0 -78.5209
37.344565
0 -78.518055
37.34346
0 -78.518146
37.342493
0 -78.520261
37.341204
0 -78.521416
37.342389
0 -78.523725
37.343016
0 -78.525492
37.341821
0 -78.524999
37.340188
0 -78.52176
37.33899
0 -78.518042
37.335907
0 -78.514768
37.332126
0 -78.511637
37.32989
0 -78.510494
37.330994
0 -78.506071
37.332637
0 -78.503177
37.333304
0 -78.501662
37.333047
0 -78.498071
37.333598
0 -78.494192
37.330998
0 -78.490165
37.329612
0 -78.487726
37.331289
0 -78.486562
37.333842
0 -78.486336
37.336351
0 -78.48715
37.337995
0 -78.486567
37.340052
0 -78.485499
37.34084
0 -78.484822
37.339398
0 -78.479104
37.334206
0 -78.478086
37.334783
0 -78.473951
37.334168
0 -78.471769
37.339307
0 -78.471991
37.34032
0 -78.47154
37.340623
0 -78.46924
37.341552
0 -78.465089
37.339677
0 -78.433486
37.383776
0 -78.418958
37.403934
0 -78.416858
37.406475
0 -78.415052
37.409368
0 -78.379197
37.459056
0 -78.37472
37.464898
0 -78.354491
37.493404
0 -78.353571
37.494093
0 -78.340217
37.512087
0 -78.30759
37.556578
0 -78.302315
37.563517
0 -78.278601
37.595163
0 -78.249021
37.635546
0 -78.248119
37.640893
0 -78.244347
37.663238
0 -78.239748
37.690495
0 -78.24091
37.690337
0 -78.248207
37.69068
0 -78.249723
37.691294
0 -78.252823
37.691244
0 -78.257724
37.691644
0 -78.261569
37.692483
0 -78.265493
37.693791
0 -78.269305
37.695526
0 -78.271233
37.697378
0 -78.279924
37.702944
0 -78.284124
37.705444
0 -78.290043
37.708252
0 -78.300524
37.710643
0 -78.302422
37.710463
0 -78.305223
37.709843
0 -78.306623
37.709843
0 -78.308424
37.710043
0 -78.320925
37.713943
0 -78.324226
37.714565
0 -78.328825
37.715643
0 -78.332925
37.715543
0 -78.33605
37.716157
0 -78.33981
37.717727
0 -78.344228
37.718846
0 -78.347042
37.720586
0 -78.348445
37.720712
0 -78.350885
37.721559
0 -78.353787
37.723303
0 -78.35843
37.727133
0 -78.361334
37.728022
0 -78.363991
37.731194
0 -78.365395
37.731836
0 -78.369467
37.731796
0 -78.377787
37.734059
0 -78.383837
37.733546
0 -78.385096
37.733746
0 -78.386829
37.733929
0 -78.390004
37.734793
0 -78.405292
37.735109
0 -78.408549
37.73818
0 -78.412991
37.738527
0 -78.41855
37.740082
0 -78.422201
37.740478
0 -78.433768
37.745587
0 -78.435801
37.746718
0 -78.43818
37.748964
0 -78.442599
37.749491
0 -78.444811
37.750769
0 -78.447909
37.751642
0 -78.451728
37.754908
0 -78.455752
37.756172
0 -78.460201
37.7579
0 -78.464149
37.7602
0 -78.4677
37.763129
0 -78.470155
37.765889
0 -78.473728
37.771168
0 -78.474577
37.773277
0 -78.477904
37.778438
0 -78.480656
37.783649
0 -78.484161
37.792796
0 -78.487031
37.796117
0 -78.490135
37.796886
0 -78.491567
37.796712
0 -78.49556
37.794932
0 -78.497516
37.792528
0 -78.498431
37.790643
0 -78.498731
37.787543
0 -78.498131
37.783343
0 -78.497131
37.779043
0 -78.495431
37.773443
0 -78.495331
37.768843
0 -78.495931
37.766143
0 -78.498331
37.762543
0 -78.499531
37.761643
0 -78.506049
37.758968
0 -78.510343
37.757682
0 -78.512064
37.757568
0 -78.515588
37.757532
0 -78.521024
37.758405
0 -78.52628
37.758682
0 -78.531006
37.760045
0 -78.535895
37.762109
0 -78.54059
37.762694
0 -78.542445
37.762957
0 -78.545168
37.764069
0 -78.555701
37.762715
0 -78.557088
37.762422
0 -78.56432
37.759661
0 -78.568512
37.758977
0 -78.574224
37.757464
0 -78.579784
37.756619
0 -78.58509
37.755363
0 -78.588421
37.755484
0 -78.593129
37.756176
0 -78.599102
37.755902
0 -78.605067
37.756432
0 -78.612023
37.756238
0 -78.613319
37.755915
0 -78.616802
37.754086
0 -78.619262
37.751686
0 -78.622235
37.749743
0 -78.627835
37.747243
0 -78.632535
37.742543
0 -78.639336
37.739343
0 -78.641236
37.737843
0 -78.644036
37.733143
0 -78.643735
37.730843
0 -78.644935
37.728743
0 -78.645335
37.725543
0 -78.646734
37.722245
0 -78.649435
37.719943
0 -78.651936
37.718743
0 -78.653636
37.716643
0 -78.654636
37.713543
0 -78.654132
37.70866
0 -78.655935
37.703943
0 -78.654135
37.700443
0 -78.649135
37.697443
0 -78.647235
37.695643
0 -78.644535
37.694043
0 -78.643135
37.691743
0 -78.641834
37.687243
0 -78.640784
37.686104
0 -78.641666
37.683675
0 -78.643667
37.681872
0 -78.646638
37.680742
0 -78.651966
37.678035
0 -78.654235
37.677435
0 -78.657165
37.67729
0 -78.66087
37.677889
0 -78.664359
37.680181
0 -78.666427
37.683734
0 -78.667628
37.687135
0 -78.670031
37.690337
0 -78.673432
37.693437
0 -78.677134
37.69624
0 -78.681635
37.698242
0 -78.682601
37.698398
0 -78.685036
37.698743
0 -78.689837
37.698743
0 -78.692737
37.697843
0 -78.694937
37.695743
0 -78.695737
37.692943
0 -78.694737
37.689143
0 -78.692936
37.686643
0 -78.689238
37.683943
0 -78.688236
37.680843
0 -78.688341
37.678143
0 -78.689842
37.676243
0 -78.693344
37.675043
0 -78.699846
37.674943
0 -78.70595
37.674043
0 -78.710437
37.672443
0 -78.713038
37.670242
0 -78.715339
37.667343
0 -78.71904
37.661543
0 -78.717746
37.65815
0 -78.71815
37.656374
0 -78.717226
37.655148
0 -78.717228
37.653248
0 -78.71613
37.649646
0 -78.713433
37.646045
0 -78.713634
37.643844
0 -78.712738
37.641046
0 -78.715831
37.636645
0 -78.719279
37.635386
0 -78.723136
37.633943
0 -78.730537
37.633842
0 -78.732337
37.633542
0 -78.736837
37.632042
0 -78.739437
37.631542
0 -78.743937
37.632042
0 -78.746638
37.632842
0 -78.748738
37.634442
0 -78.751638
37.635042
0 -78.758238
37.635942
0 -78.764838
37.636542
0 -78.770432
37.638442
0 -78.772935
37.638744
0 -78.778441
37.638042
0 -78.781395
37.6382
0 -78.782906
37.63873
0 -78.788128
37.642038
0 -78.791339
37.642542
0 -78.794939
37.642642
0 -78.800539
37.641942
0 -78.803439
37.641142
0 -78.806321
37.639605
0 -78.81124
37.635742
0 -78.81554
37.633642
0 -78.82124
37.631842
0 -78.82254
37.630642
0 -78.82324
37.629442
0 -78.824028
37.625242
0 -78.82354
37.621742
0 -78.82214
37.619142
0 -78.820468
37.618226
0 -78.818529
37.616326
0 -78.817745
37.61474
0 -78.811544
37.60934
0 -78.810443
37.608141
0 -78.809943
37.605741
0 -78.809943
37.604441
0 -78.811042
37.601741
0 -78.814042
37.599441
0 -78.818541
37.597641
0 -78.823839
37.596741
0 -78.82624
37.596042
0 -78.82914
37.594642
0 -78.83074
37.593242
0 -78.832839
37.590542
0 