-75.484057
40.418451
0 -75.482887
40.417923
0 -75.47126
40.41114
0 -75.445647
40.396205
0 -75.425667
40.38443
0 -75.422234
40.381691
0 -75.410402
40.3745
0 -75.404327
40.370825
0 -75.353347
40.34026
0 -75.353219
40.340182
0 -75.339341
40.331689
0 -75.334614
40.328809
0 -75.32991
40.32608
0 -75.329041
40.325569
0 -75.317177
40.318489
0 -75.316998
40.31838
0 -75.311234
40.314884
0 -75.307674
40.312688
0 -75.299774
40.307835
0 -75.285683
40.299357
0 -75.267756
40.288881
0 -75.26432
40.286836
0 -75.257269
40.282535
0 -75.247155
40.27665
0 -75.244791
40.275325
0 -75.243171
40.274395
0 -75.228425
40.265816
0 -75.214133
40.257422
0 -75.206473
40.252855
0 -75.187646
40.241455
0 -75.180046
40.236687
0 -75.139374
40.211853
0 -75.137782
40.210886
0 -75.129821
40.205955
0 -75.124599
40.202823
0 -75.11603
40.197738
0 -75.107799
40.192821
0 -75.106878
40.192279
0 -75.104874
40.191109
0 -75.103081
40.190063
0 -75.102081
40.189472
0 -75.096836
40.186395
0 -75.094556
40.185051
0 -75.090209
40.182489
0 -75.089646
40.182153
0 -75.08548
40.179699
0 -75.080795
40.176872
0 -75.071198
40.171032
0 -75.064438
40.167194
0 -75.060135
40.164757
0 -75.057357
40.16312
0 -75.051845
40.159836
0 -75.033508
40.148975
0 -75.029301
40.146509
0 -75.025522
40.144272
0 -75.017336
40.139376
0 -75.015066
40.137992
0 -75.009117
40.134355
0 -75.003255
40.131012
0 -74.997885
40.127816
0 -74.994187
40.131516
0 -74.993595
40.132266
0 -74.992288
40.130682
0 -74.993687
40.126584
0 -74.989014
40.12607
0 -74.987193
40.123286
0 -74.983523
40.123671
0 -74.982213
40.122057
0 -74.982748
40.120887
0 -74.980058
40.119883
0 -74.973219
40.119891
0 -74.970119
40.117201
0 -74.964526
40.118372
0 -74.96408
40.117766
0 -74.963129
40.114978
0 -74.96345
40.110013
0 -74.965194
40.107777
0 -74.963491
40.10674
0 -74.961156
40.103446
0 -74.960807
40.101572
0 -74.96163
40.097804
0 -74.961049
40.097431
0 -74.958749
40.096929
0 -74.956063
40.09557
0 -74.955777
40.095103
0 -74.956506
40.093115
0 -74.958036
40.089665
0 -74.958392
40.084508
0 -74.958284
40.084145
0 -74.958841
40.082503
0 -74.962737
40.077839
0 -74.964883
40.077273
0 -74.969879
40.076657
0 -74.970537
40.076281
0 -74.971028
40.075981
0 -74.971268
40.073744
0 -74.977152
40.068223
0 -74.980525
40.065702
0 -74.980688
40.065007
0 -74.980718
40.06472
0 -74.980378
40.060349
0 -74.984302
40.05585
0 -74.983904
40.054994
0 -74.982202
40.053804
0 -74.979695
40.053399
0 -74.97431985326
40.04889913332
0 -74.9621601304615
40.0547179505399
0 -74.9470389139352
40.0619539374588
0 -74.944412
40.063211
0 -74.93238066637
40.0683386891137
0 -74.932211
40.068411
0 -74.9280436361148
40.0697995173293
0 -74.925311
40.07071
0 -74.920811
40.07111
0 -74.911911
40.06991
0 -74.9118905341245
40.0699121171595
0 -74.9090718317647
40.0702037070588
0 -74.909011
40.07021
0 -74.9031486069799
40.0717584836051
0 -74.8985727210817
40.0729671511694
0 -74.8978204213874
40.0731658624702
0 -74.88781
40.07581
0 -74.880209
40.07881
0 -74.8801890471897
40.0788141365582
0 -74.8693685260492
40.0810574153313
0 -74.863809
40.08221
0 -74.8611725414659
40.0835736854487
0 -74.860909
40.08371
0 -74.8598696040707
40.0848438864684
0 -74.859809
40.08491
0 -74.858209
40.08881
0 -74.8565423862144
40.0912609026258
0 -74.856509
40.09131
0 -74.854409
40.09311
0 -74.851108
40.09491
0 -74.8477705036496
40.0961236350365
0 -74.8437720437956
40.097577620438
0 -74.843408
40.09771
0 -74.838008
40.10091
0 -74.8379824766055
40.1009364035115
0 -74.835108
40.10391
0 -74.8339587512475
40.1078074522909
0 -74.832808
40.11171
0 -74.8301971667381
40.1168129922846
0 -74.8284692477426
40.120190288503
0 -74.828408
40.12031
0 -74.825907
40.12391
0 -74.822307
40.12671
0 -74.819007
40.12751
0 -74.816307
40.12761
0 -74.8156695
40.1274825
0 -74.812807
40.12691
0 -74.8104243279647
40.1261092659553
0 -74.8053365419257
40.1243994362209
0 -74.800607
40.12281
0 -74.7916519900689
40.1210040993333
0 -74.788706
40.12041
0 -74.785106
40.12031
0 -74.782106
40.12081
0 -74.781965466095
40.1209028316768
0 -74.7758221526813
40.1249608850373
0 -74.769488
40.129145
0 -74.762864
40.132541
0 -74.758882
40.134036
0 -74.755305
40.13471
0 -74.745905
40.13421
0 -74.742905
40.13441
0 -74.740605
40.13521
0 -74.725663
40.145495
0 -74.724304
40.14701
0 -74.7241339098795
40.1473101590361
0 -74.722604
40.15001
0 -74.721604
40.15381
0 -74.721504
40.158409
0 -74.722304
40.160609
0 -74.733804
40.174509
0 -74.737205
40.177609
0 -74.744105
40.181009
0 -74.751705
40.183309
0 -74.7519431870781
40.1834830597878
0 -74.754305
40.185209
0 -74.755605
40.186709
0 -74.756905
40.189409
0 -74.760605
40.198909
0 -74.7608412405874
40.1992389868522
0 -74.7639969118093
40.2036469085591
0 -74.766905
40.207709
0 -74.7671355012706
40.2081566372861
0 -74.7671359265469
40.2081574631798
0 -74.770406
40.214508
0 -74.7711171276323
40.2151721663735
0 -74.77136
40.215399
0 -74.7783054949496
40.2197083671183
0 -74.7783071800943
40.2197094126748
0 -74.781206
40.221508
0 -74.7819525768579
40.2219262948353
0 -74.795306
40.229408
0 -74.819507
40.238508
0 -74.823907
40.241508
0 -74.8240766441285
40.2415723005971
0 -74.8261781232174
40.2423688289614
0 -74.836307
40.246208
0 -74.842308
40.250508
0 -74.8424158100252
40.2507160984207
0 -74.846608
40.258808
0 -74.8467179967915
40.2589924392354
0 -74.8467645734456
40.2590705375359
0 -74.853108
40.269707
0 -74.8531181489281
40.269729984337
0 -74.856508
40.277407
0 -74.860492
40.284584
0 -74.864692
40.290684
0 -74.868209
40.295207
0 -74.8682641084892
40.2952532200232
0 -74.880609
40.305607
0 -74.886411921977
40.309802958968
0 -74.887109
40.310307
0 -74.891609
40.313007
0 -74.896409
40.315107
0 -74.9013910325903
40.3154679645407
0 -74.90331
40.315607
0 -74.90831
40.316907
0 -74.91741
40.322406
0 -74.92681
40.329406
0 -74.926907761407
40.3294634063174
0 -74.9282287829564
40.3302391212409
0 -74.933111
40.333106
0 -74.939711
40.338006
0 -74.9422794393742
40.3408859376796
0 -74.9429542775691
40.3416426197195
0 -74.943776
40.342564
0 -74.945088
40.347332
0 -74.9453103382139
40.3497476877401
0 -74.9457906085068
40.3549657878508
0 -74.946006
40.357306
0 -74.948722
40.364768
0 -74.9487850116046
40.3649112864889
0 -74.9526223994561
40.3736373907633
0 -74.953697
40.376081
0 -74.9539628696608
40.3765756982571
0 -74.963997
40.395246
0 -74.965508
40.397337
0 -74.9666380450079
40.398009389216
0 -74.969597
40.39977
0 -74.9793444616157
40.4032288724351
0 -74.982735
40.404432
0 -74.985467
40.405935
0 -74.9861998068725
40.4065406219872
0 -74.988901
40.408773
0 -74.996378
40.410528
0 -74.998651
40.410093
0 -75.003351
40.40785
0 -75.017221
40.404638
0 -75.024775
40.403455
0 -75.028315
40.403883
0 -75.036616
40.406796
0 -75.041651
40.409894
0 -75.0417605522261
40.4100258484186
0 -75.043071
40.411603
0 -75.0439490197417
40.4121679574411
0 -75.046473
40.413792
0 -75.056102
40.416066
0 -75.058848
40.418065
0 -75.0606621747204
40.4213505727709
0 -75.061489
40.422848
0 -75.062923
40.433407
0 -75.067425
40.448323
0 -75.070568
40.455165
0 -75.070568
40.456348
0 -75.0683835041878
40.4621042066624
0 -75.067302
40.464954
0 -75.06805
40.468578
0 -75.067776
40.472827
0 -75.064327
40.476795
0 -75.062227
40.481391
0 -75.061937
40.486362
0 -75.062373
40.491689
0 -75.065275
40.504682
0 -75.066001
40.510716
0 -75.0658853415961
40.5175765751858
0 -75.065853
40.519495
0 -75.06509
40.526148
0 -75.066402
40.536532
0 -75.0664264908735
40.536619422393
0 -75.067257
40.539584
0 -75.068615
40.542223
0 -75.078503
40.548296
0 -75.0839306812449
40.5533790264842
0 -75.087125690234
40.5563711541674
0 -75.0957
40.564401
0 -75.100325
40.567811
0 -75.1012867124771
40.568071020579
0 -75.110903
40.570671
0 -75.117292
40.573211
0 -75.136748
40.575731
0 -75.141906
40.575273
0 -75.147368
40.573152
0 -75.1505690556882
40.5708790713086
0 -75.158446
40.565286
0 -75.162871
40.564096
0 -75.166931813911
40.5641066155818
0 -75.168609
40.564111
0 -75.175307
40.564996
0 -75.183151
40.567354
0 -75.186737
40.569406
0 -75.192352
40.574257
0 -75.194046
40.576256
0 -75.19487
40.578591
0 -75.195114
40.579689
0 -75.194656
40.58194
0 -75.1916649920295
40.5857353256579
0 -75.1914605191918
40.5859947836784
0 -75.190796
40.586838
0 -75.190146
40.590359
0 -75.190369434453
40.5916420033367
0 -75.192291
40.602676
0 -75.195923
40.606788
0 -75.196803
40.60858
0 -75.200755
40.60679
0 -75.209036
40.603088
0 -75.228669
40.594469
0 -75.25654
40.582731
0 -75.258151
40.582009
0 -75.293528
40.561978
0 -75.299017
40.558601
0 -75.308745
40.552611
0 -75.314247
40.548832
0 -75.331036
40.538054
0 -75.333048
40.536767
0 -75.333514
40.537057
0 -75.338633
40.534068
0 -75.380396
40.506658
0 -75.382017
40.505631
0 -75.386078
40.503042
0 -75.386717
40.502669
0 -75.388292
40.501697
0 -75.408763
40.488601
0 -75.409733
40.487984
0 -75.442264
40.457626
0 -75.458058
40.442642
0 -75.484057
40.418451
0 