-99.426795
40.786601
0 -99.426778
40.779518
0 -99.426776
40.77211
0 -99.42675
40.735872
0 -99.426551
40.69977
0 -99.416414
40.699738
0 -99.416681
40.691658
0 -99.416838
40.686971
0 -99.416968
40.68308
0 -99.417316
40.670825
0 -99.411674
40.66757
0 -99.408248
40.667775
0 -99.407166
40.668553
0 -99.40413
40.669215
0 -99.396618
40.667772
0 -99.394124
40.668206
0 -99.389467
40.666534
0 -99.386222
40.666739
0 -99.383247
40.665708
0 -99.381475
40.66573
0 -99.380358
40.664827
0 -99.37916
40.665179
0 -99.376036
40.664262
0 -99.370798
40.664563
0 -99.366994
40.665227
0 -99.366093
40.666188
0 -99.359754
40.667655
0 -99.356358
40.667817
0 -99.351821
40.669581
0 -99.342595
40.669355
0 -99.340852
40.669927
0 -99.338659
40.669584
0 -99.332228
40.671462
0 -99.32216
40.669358
0 -99.320176
40.668626
0 -99.317472
40.668878
0 -99.303317
40.664286
0 -99.294453
40.663453
0 -99.292919
40.662728
0 -99.288324
40.662308
0 -99.287032
40.662834
0 -99.281653
40.662559
0 -99.279851
40.661735
0 -99.275853
40.661688
0 -99.271946
40.662693
0 -99.269573
40.662258
0 -99.26771
40.662898
0 -99.264735
40.662759
0 -99.260948
40.664451
0 -99.258754
40.664542
0 -99.254123
40.663326
0 -99.244659
40.659391
0 -99.242345
40.658889
0 -99.240302
40.659531
0 -99.236919
40.65961
0 -99.230147
40.660038
0 -99.228614
40.65965
0 -99.224377
40.660109
0 -99.220291
40.660156
0 -99.218698
40.661026
0 -99.212208
40.660616
0 -99.20683
40.661166
0 -99.204186
40.66199
0 -99.198512
40.660722
0 -99.194449
40.659977
0 -99.18883
40.661007
0 -99.18219
40.661373
0 -99.179248
40.660541
0 -99.170498
40.658489
0 -99.161186
40.659495
0 -99.158873
40.660089
0 -99.157851
40.659563
0 -99.153915
40.659012
0 -99.152744
40.658463
0 -99.147096
40.65734
0 -99.144391
40.657453
0 -99.139764
40.656834
0 -99.138382
40.657359
0 -99.135077
40.656603
0 -99.129399
40.655936
0 -99.128287
40.656485
0 -99.12485
40.655797
0 -99.122056
40.655844
0 -99.118569
40.654908
0 -99.114603
40.654818
0 -99.110878
40.655666
0 -99.10538
40.655508
0 -99.099461
40.656449
0 -99.094383
40.655649
0 -99.086217
40.656362
0 -99.083296
40.656979
0 -99.077347
40.656248
0 -99.074012
40.656523
0 -99.066005
40.655189
0 -99.058838
40.655676
0 -99.05313
40.654006
0 -99.051056
40.654533
0 -99.045799
40.654326
0 -99.041813
40.655252
0 -99.04086
40.65508
0 -99.036708
40.653478
0 -99.033653
40.652526
0 -99.024797
40.653131
0 -99.017747
40.652585
0 -99.01341
40.652874
0 -99.011758
40.653538
0 -99.007821
40.653009
0 -99.002504
40.653718
0 -98.997168
40.652138
0 -98.996026
40.652162
0 -98.993833
40.652506
0 -98.989447
40.654061
0 -98.989327
40.654093
0 -98.985483
40.654418
0 -98.975448
40.656815
0 -98.973705
40.657045
0 -98.963459
40.656498
0 -98.958216
40.655108
0 -98.951518
40.654701
0 -98.948825
40.655083
0 -98.945475
40.653818
0 -98.94016
40.654518
0 -98.936766
40.65351
0 -98.930947
40.654856
0 -98.926297
40.654281
0 -98.925065
40.653411
0 -98.922903
40.653114
0 -98.918712
40.653892
0 -98.916079
40.653298
0 -98.913998
40.653338
0 -98.911034
40.653617
0 -98.908534
40.652608
0 -98.906096
40.652722
0 -98.901789
40.653659
0 -98.900524
40.654277
0 -98.896881
40.654366
0 -98.895677
40.653839
0 -98.89279
40.654479
0 -98.890505
40.656789
0 -98.888312
40.657429
0 -98.885485
40.657644
0 -98.881851
40.657929
0 -98.877673
40.660284
0 -98.871569
40.65969
0 -98.86673
40.659304
0 -98.860872
40.661412
0 -98.858288
40.661665
0 -98.854654
40.663977
0 -98.849877
40.665032
0 -98.848405
40.665719
0 -98.845431
40.668237
0 -98.841464
40.669977
0 -98.836446
40.670413
0 -98.83329
40.670276
0 -98.828332
40.672862
0 -98.82659
40.674785
0 -98.817512
40.675815
0 -98.814808
40.675747
0 -98.812854
40.67506
0 -98.803628
40.675678
0 -98.798127
40.679155
0 -98.79494
40.679429
0 -98.791002
40.680756
0 -98.786765
40.680137
0 -98.781542
40.68025
0 -98.776635
40.681759
0 -98.772306
40.683359
0 -98.771675
40.68313
0 -98.767645
40.683884
0 -98.762487
40.684041
0 -98.75968
40.683972
0 -98.75571
40.68667
0 -98.748873
40.688728
0 -98.743413
40.688241
0 -98.739944
40.688778
0 -98.733721
40.687385
0 -98.728642
40.689286
0 -98.725306
40.689264
0 -98.724387
40.689772
0 -98.724412
40.698891
0 -98.72143
40.698903
0 -98.721432
40.700437
0 -98.721527
40.711974
0 -98.72153
40.718285
0 -98.721602
40.757166
0 -98.72172
40.778085
0 -98.721762
40.785694
0 -98.721772
40.786297
0 -98.721768
40.800704
0 -98.721779
40.802858
0 -98.721746
40.815219
0 -98.721749
40.822522
0 -98.721789
40.837235
0 -98.721865
40.85883
0 -98.721918
40.873329
0 -98.721895
40.916829
0 -98.721831
40.945745
0 -98.721848
40.960231
0 -98.72175
40.967051
0 -98.721673
40.974786
0 -98.721384
41.000013
0 -98.72165
41.003817
0 -98.721975
41.046674
0 -98.748526
41.04664
0 -98.805964
41.046856
0 -98.816991
41.046893
0 -98.836273
41.04672
0 -98.856135
41.046897
0 -98.859991
41.046629
0 -98.862691
41.046917
0 -98.950211
41.046893
0 -98.996983
41.046993
0 -98.99742
41.046965
0 -99.012772
41.046996
0 -99.064588
41.04705
0 -99.075868
41.047057
0 -99.092752
41.047099
0 -99.111791
41.047078
0 -99.120058
41.047079
0 -99.131126
41.046893
0 -99.140487
41.046887
0 -99.149751
41.04688
0 -99.160127
41.047014
0 -99.19768
41.046989
0 -99.207564
41.047003
0 -99.281063
41.046922
0 -99.303657
41.046965
0 -99.312062
41.046902
0 -99.320806
41.046905
0 -99.322091
41.046873
0 -99.331529
41.04686
0 -99.382844
41.046656
0 -99.384969
41.046658
0 -99.393824
41.046573
0 -99.39817
41.046537
0 -99.402047
41.046505
0 -99.408022
41.046465
0 -99.409167
41.046505
0 -99.413434
41.046496
0 -99.418154
41.046487
0 -99.425986
41.046471
0 -99.425883
41.031644
0 -99.425438
40.959287
0 -99.425446
40.9494
0 -99.42542
40.949326
0 -99.425749
40.873089
0 -99.425759
40.872567
0 -99.425974
40.858575
0 -99.426059
40.858477
0 -99.426351
40.837206
0 -99.426537
40.815432
0 -99.426536
40.814963
0 -99.426795
40.786601
0 