-85.936065
37.998816
0 -85.938321
37.998756
0 -85.935378
37.996431
0 -85.934932
37.996044
0 -85.931752
37.993788
0 -85.929608
37.99301
0 -85.92557
37.992253
0 -85.920041
37.992374
0 -85.909594
37.991877
0 -85.906763
37.991246
0 -85.905868
37.989836
0 -85.904096
37.984376
0 -85.902173
37.975954
0 -85.900634
37.971266
0 -85.900765
37.969537
0 -85.903164
37.964349
0 -85.903858
37.961751
0 -85.904442
37.957683
0 -85.904367
37.954694
0 -85.903339
37.949142
0 -85.903636
37.946693
0 -85.905177
37.942579
0 -85.904532
37.941554
0 -85.903333
37.940525
0 -85.900211
37.939307
0 -85.897071
37.939259
0 -85.894233
37.940084
0 -85.890968
37.941779
0 -85.888005
37.943887
0 -85.879827
37.94851
0 -85.878515
37.948948
0 -85.875308
37.947358
0 -85.873504
37.947047
0 -85.867815
37.94862
0 -85.862017
37.94819
0 -85.859266
37.947577
0 -85.854871
37.945385
0 -85.85191
37.941935
0 -85.849915
37.937788
0 -85.848157
37.932895
0 -85.847507
37.930076
0 -85.847927
37.927683
0 -85.848965
37.926139
0 -85.848597
37.924368
0 -85.847565
37.923056
0 -85.844886
37.921718
0 -85.841436
37.9214
0 -85.838366
37.921546
0 -85.835959
37.921071
0 -85.831891
37.91967
0 -85.830169
37.918752
0 -85.828225
37.916231
0 -85.827525
37.913371
0 -85.828192
37.907875
0 -85.827163
37.905495
0 -85.82746
37.900631
0 -85.823783
37.898142
0 -85.818477
37.895922
0 -85.817303
37.892809
0 -85.815558
37.890843
0 -85.813321
37.889047
0 -85.814098
37.88809
0 -85.818491
37.886519
0 -85.822712
37.887645
0 -85.827216
37.889806
0 -85.833944
37.892696
0 -85.835444
37.892603
0 -85.837448
37.891566
0 -85.839106
37.88994
0 -85.83986
37.887635
0 -85.840283
37.884381
0 -85.839832
37.881407
0 -85.838198
37.879284
0 -85.827981
37.869068
0 -85.823418
37.866818
0 -85.820218
37.86431
0 -85.818301
37.861621
0 -85.817337
37.858261
0 -85.813997
37.856918
0 -85.811308
37.856706
0 -85.808988
37.857257
0 -85.803147
37.860016
0 -85.80125
37.859876
0 -85.800132
37.858972
0 -85.801037
37.85584
0 -85.800524
37.854377
0 -85.797314
37.853175
0 -85.796144
37.852022
0 -85.795254
37.849629
0 -85.793897
37.848014
0 -85.791488
37.846941
0 -85.787791
37.843816
0 -85.785555
37.842896
0 -85.779697
37.842284
0 -85.775318
37.842741
0 -85.772599
37.841914
0 -85.768308
37.838857
0 -85.763031
37.837395
0 -85.761554
37.836411
0 -85.760574
37.83343
0 -85.759517
37.831617
0 -85.753702
37.829088
0 -85.750152
37.826737
0 -85.750051
37.823474
0 -85.748592
37.822756
0 -85.74485
37.82282
0 -85.742184
37.821871
0 -85.741232
37.820398
0 -85.742759
37.817215
0 -85.742539
37.816146
0 -85.739036
37.813363
0 -85.738869
37.813224
0 -85.738347
37.812796
0 -85.737777
37.81179
0 -85.735758
37.812254
0 -85.735362
37.811099
0 -85.734019
37.81099
0 -85.73148
37.812245
0 -85.730725
37.811083
0 -85.728812
37.812417
0 -85.729689
37.810488
0 -85.728752
37.810027
0 -85.726691
37.811061
0 -85.721372
37.810179
0 -85.720538
37.808404
0 -85.722977
37.80861
0 -85.724397
37.806866
0 -85.724233
37.805879
0 -85.723055
37.807784
0 -85.72235
37.806591
0 -85.721188
37.80653
0 -85.720994
37.807767
0 -85.718344
37.807999
0 -85.714855
37.808227
0 -85.714836
37.810297
0 -85.712641
37.81122
0 -85.710724
37.810687
0 -85.71079
37.812428
0 -85.707314
37.813937
0 -85.706391
37.814132
0 -85.704457
37.812903
0 -85.70255
37.814214
0 -85.700017
37.812518
0 -85.698851
37.811228
0 -85.697446
37.81169
0 -85.696474
37.813002
0 -85.69298
37.81524
0 -85.693525
37.816227
0 -85.692891
37.817505
0 -85.691231
37.818509
0 -85.687419
37.817923
0 -85.682227
37.819713
0 -85.683393
37.815434
0 -85.682514
37.814766
0 -85.680648
37.814878
0 -85.68155
37.816342
0 -85.679344
37.817207
0 -85.678278
37.818576
0 -85.676465
37.819195
0 -85.67555
37.820506
0 -85.676587
37.821662
0 -85.674749
37.823444
0 -85.671831
37.823738
0 -85.671495
37.822533
0 -85.670294
37.82247
0 -85.668006
37.824668
0 -85.662421
37.824782
0 -85.659179
37.826343
0 -85.657163
37.826865
0 -85.655639
37.828315
0 -85.654686
37.828038
0 -85.652659
37.82904
0 -85.65131
37.828989
0 -85.654153
37.831667
0 -85.653492
37.832727
0 -85.649776
37.83274
0 -85.649175
37.833382
0 -85.646842
37.833853
0 -85.646914
37.833192
0 -85.643254
37.834033
0 -85.641371
37.83503
0 -85.640979
37.836434
0 -85.63877
37.838487
0 -85.637343
37.838687
0 -85.638122
37.841087
0 -85.637307
37.842022
0 -85.635429
37.841141
0 -85.634149
37.841917
0 -85.633108
37.843857
0 -85.629821
37.845303
0 -85.629294
37.847864
0 -85.6267
37.850053
0 -85.625304
37.849976
0 -85.621777
37.850676
0 -85.620396
37.850433
0 -85.616824
37.852352
0 -85.615117
37.854944
0 -85.610269
37.858904
0 -85.611742
37.863114
0 -85.611027
37.864897
0 -85.613586
37.867565
0 -85.613309
37.870034
0 -85.608008
37.869246
0 -85.605407
37.870477
0 -85.603989
37.870568
0 -85.601614
37.869621
0 -85.599678
37.869442
0 -85.598738
37.872178
0 -85.597475
37.873347
0 -85.592568
37.87609
0 -85.588321
37.875757
0 -85.586086
37.876841
0 -85.58265
37.88022
0 -85.581264
37.88103
0 -85.579721
37.883481
0 -85.577603
37.883081
0 -85.576564
37.88456
0 -85.58114
37.886646
0 -85.584803
37.893551
0 -85.584949
37.895404
0 -85.584413
37.899702
0 -85.584866
37.9011
0 -85.584453
37.903695
0 -85.585424
37.906395
0 -85.585683
37.907729
0 -85.583966
37.909705
0 -85.583946
37.911048
0 -85.582254
37.910865
0 -85.579068
37.912949
0 -85.578062
37.914514
0 -85.575222
37.916922
0 -85.572762
37.915995
0 -85.568835
37.917579
0 -85.565615
37.920131
0 -85.566434
37.92389
0 -85.565331
37.924899
0 -85.562826
37.923476
0 -85.560775
37.923
0 -85.55573
37.923979
0 -85.554225
37.925515
0 -85.552413
37.925565
0 -85.550333
37.926855
0 -85.549074
37.928243
0 -85.54901
37.929975
0 -85.547966
37.930291
0 -85.54714
37.933025
0 -85.544877
37.936219
0 -85.544123
37.938747
0 -85.542399
37.940455
0 -85.538086
37.94211
0 -85.536347
37.943945
0 -85.533997
37.944028
0 -85.532942
37.94566
0 -85.529946
37.947231
0 -85.527418
37.9508
0 -85.525244
37.952746
0 -85.524933
37.955541
0 -85.523962
37.957187
0 -85.525989
37.960723
0 -85.527883
37.962594
0 -85.532359
37.963822
0 -85.532468
37.965175
0 -85.534154
37.965228
0 -85.514476
37.97648
0 -85.489202
37.990654
0 -85.516882
38.011267
0 -85.512795
38.010751
0 -85.511929
38.01288
0 -85.486643
38.062424
0 -85.469231
38.096222
0 -85.464862
38.095729
0 -85.462874
38.095878
0 -85.461379
38.097057
0 -85.451869
38.102312
0 -85.450517
38.102704
0 -85.447076
38.101555
0 -85.441521
38.102189
0 -85.438043
38.101931
0 -85.436305
38.102954
0 -85.436129
38.104761
0 -85.43483
38.105746
0 -85.430683
38.107051
0 -85.430468
38.107251
0 -85.42883
38.118383
0 -85.479783
38.10017
0 -85.484069
38.098813
0 -85.515895
38.088766
0 -85.529477
38.083864
0 -85.544798
38.078342
0 -85.550715
38.076205
0 -85.55091
38.076135
0 -85.55727
38.073841
0 -85.567145
38.074743
0 -85.582395
38.076119
0 -85.596213
38.077274
0 -85.616942
38.079061
0 -85.642996
38.081309
0 -85.667151
38.083392
0 -85.667395
38.083413
0 -85.670081
38.083645
0 -85.677502
38.084286
0 -85.681205
38.084605
0 -85.685464
38.084972
0 -85.697582
38.086021
0 -85.699241
38.086058
0 -85.69931
38.086173
0 -85.700424
38.086268
0 -85.700857
38.0863
0 -85.712578
38.087311
0 -85.719976
38.085257
0 -85.745617
38.078143
0 -85.790154
38.065842
0 -85.816945
38.058446
0 -85.842259
38.051485
0 -85.858644
38.046975
0 -85.876969
38.041818
0 -85.882805
38.040545
0 -85.883776
38.038923
0 -85.883492
38.037582
0 -85.886423
38.036704
0 -85.888817
38.035379
0 -85.889183
38.034644
0 -85.894267
38.032141
0 -85.897573
38.029725
0 -85.900452
38.029339
0 -85.901522
38.028699
0 -85.903053
38.029511
0 -85.904386
38.028843
0 -85.904121
38.027142
0 -85.904868
38.025896
0 -85.906391
38.025189
0 -85.906681
38.023993
0 -85.905135
38.022361
0 -85.907028
38.020251
0 -85.907088
38.022537
0 -85.910066
38.023033
0 -85.909237
38.02029
0 -85.910058
38.019559
0 -85.912789
38.020652
0 -85.915371
38.013943
0 -85.914228
38.012663
0 -85.913866
38.010843
0 -85.915457
38.00947
0 -85.918144
38.009116
0 -85.919851
38.010344
0 -85.921515
38.008665
0 -85.922969
38.008358
0 -85.924751
38.007018
0 -85.925208
38.005491
0 -85.926245
38.005247
0 -85.929931
38.002334
0 -85.931955
37.998635
0 -85.934643
37.997217
0 -85.936065
37.998816
0 