-82.026842
32.555163
0 -82.030233
32.53877
0 -81.99981
32.525664
0 -81.971003
32.51324
0 -81.971917
32.512282
0 -81.973333
32.511834
0 -81.97268
32.507858
0 -81.974298
32.505664
0 -81.974168
32.504983
0 -81.97556
32.503569
0 -81.978557
32.502293
0 -81.979813
32.501137
0 -81.978538
32.498376
0 -81.976947
32.497808
0 -81.976166
32.494247
0 -81.976616
32.493599
0 -81.975517
32.492348
0 -81.97571
32.490747
0 -81.97453
32.487746
0 -81.973928
32.485702
0 -81.974758
32.482379
0 -81.976037
32.480869
0 -81.976299
32.477276
0 -81.974707
32.475093
0 -81.973793
32.472031
0 -81.974121
32.469971
0 -81.971825
32.467823
0 -81.968246
32.467716
0 -81.966835
32.465168
0 -81.964226
32.463752
0 -81.963669
32.459938
0 -81.964127
32.458534
0 -81.963033
32.453704
0 -81.962123
32.452508
0 -81.959616
32.452315
0 -81.957417
32.45156
0 -81.956141
32.449475
0 -81.956081
32.448223
0 -81.953292
32.445877
0 -81.951514
32.445112
0 -81.950174
32.44295
0 -81.94763
32.441561
0 -81.946324
32.439511
0 -81.943751
32.439256
0 -81.943164
32.43715
0 -81.941338
32.437209
0 -81.940389
32.436099
0 -81.939763
32.434918
0 -81.940749
32.431987
0 -81.938774
32.429395
0 -81.939609
32.425829
0 -81.938174
32.424871
0 -81.936555
32.422719
0 -81.934931
32.421428
0 -81.932555
32.420208
0 -81.930325
32.420054
0 -81.92713
32.419232
0 -81.925879
32.419514
0 -81.923948
32.41902
0 -81.922633
32.417949
0 -81.921438
32.416006
0 -81.918671
32.41541
0 -81.9297
32.380755
0 -81.931981
32.373914
0 -81.937392
32.357289
0 -81.944041
32.33441
0 -81.94934
32.31611
0 -81.949043
32.315232
0 -81.950944
32.313831
0 -81.951424
32.311729
0 -81.952316
32.310944
0 -81.952568
32.307578
0 -81.951477
32.304024
0 -81.95533
32.298233
0 -81.956841
32.294674
0 -81.956451
32.29253
0 -81.957062
32.289631
0 -81.956924
32.286228
0 -81.95768
32.285305
0 -81.959961
32.284588
0 -81.960121
32.283115
0 -81.96167
32.280861
0 -81.961363
32.278668
0 -81.963615
32.276134
0 -81.964272
32.274169
0 -81.96705
32.27257
0 -81.968756
32.271082
0 -81.969069
32.268783
0 -81.967522
32.267598
0 -81.963092
32.271862
0 -81.961431
32.271557
0 -81.958994
32.270327
0 -81.955026
32.26748
0 -81.953213
32.266832
0 -81.950286
32.267452
0 -81.940998
32.268872
0 -81.939401
32.269325
0 -81.93452
32.269733
0 -81.91826
32.274383
0 -81.909573
32.275048
0 -81.892725
32.274783
0 -81.886437
32.271686
0 -81.878717
32.266796
0 -81.873077
32.264272
0 -81.872834
32.263016
0 -81.871507
32.261499
0 -81.868479
32.259985
0 -81.867915
32.259226
0 -81.865202
32.259501
0 -81.861702
32.257781
0 -81.8606
32.256608
0 -81.860974
32.255493
0 -81.859784
32.255108
0 -81.859337
32.256013
0 -81.857389
32.257391
0 -81.856341
32.257092
0 -81.85538
32.255276
0 -81.855434
32.253354
0 -81.852204
32.250787
0 -81.851255
32.248026
0 -81.84918
32.248472
0 -81.846503
32.244869
0 -81.843898
32.243533
0 -81.841699
32.240932
0 -81.83835
32.241957
0 -81.833337
32.242089
0 -81.831758
32.240378
0 -81.829009
32.23849
0 -81.820625
32.238489
0 -81.81628
32.23747
0 -81.811893
32.232826
0 -81.813984
32.230924
0 -81.813991
32.230158
0 -81.812326
32.229149
0 -81.811623
32.227376
0 -81.809516
32.226464
0 -81.809281
32.225188
0 -81.806799
32.222709
0 -81.805582
32.220609
0 -81.8047
32.220039
0 -81.803886
32.219849
0 -81.804992
32.217571
0 -81.805847
32.217573
0 -81.805656
32.215673
0 -81.804391
32.214435
0 -81.805523
32.212882
0 -81.80429
32.211796
0 -81.80442
32.210406
0 -81.806039
32.209933
0 -81.806922
32.207558
0 -81.805678
32.20736
0 -81.806699
32.205132
0 -81.80484
32.204285
0 -81.804162
32.200882
0 -81.803054
32.200981
0 -81.802299
32.199638
0 -81.803368
32.199198
0 -81.80194
32.196865
0 -81.796097
32.192981
0 -81.794529
32.19424
0 -81.792594
32.193351
0 -81.792022
32.191547
0 -81.790924
32.190776
0 -81.790206
32.188843
0 -81.788887
32.187796
0 -81.790634
32.186283
0 -81.788124
32.185234
0 -81.787131
32.181812
0 -81.785324
32.181095
0 -81.78647
32.180267
0 -81.785304
32.177737
0 -81.781308
32.176499
0 -81.780873
32.175342
0 -81.781303
32.171749
0 -81.782725
32.171844
0 -81.781789
32.169618
0 -81.782646
32.168522
0 -81.781874
32.166598
0 -81.779078
32.164155
0 -81.778471
32.162295
0 -81.779839
32.162236
0 -81.78115
32.160671
0 -81.78097
32.159315
0 -81.779513
32.158406
0 -81.781023
32.157018
0 -81.77938
32.154412
0 -81.781329
32.154285
0 -81.780858
32.15289
0 -81.66821
32.179461
0 -81.668187
32.179471
0 -81.624748
32.189781
0 -81.567097
32.205733
0 -81.519401
32.218735
0 -81.506809
32.222189
0 -81.43583
32.241289
0 -81.436553
32.241544
0 -81.437471
32.242736
0 -81.436645
32.244231
0 -81.436303
32.244422
0 -81.435889
32.24454
0 -81.435569
32.244571
0 -81.435363
32.244507
0 -81.435111
32.244293
0 -81.434722
32.243805
0 -81.433067
32.244949
0 -81.434165
32.246864
0 -81.435691
32.24707
0 -81.437186
32.247753
0 -81.437354
32.24836
0 -81.435214
32.25092
0 -81.436561
32.252476
0 -81.437186
32.254416
0 -81.438575
32.254458
0 -81.438667
32.256355
0 -81.437537
32.256484
0 -81.43682
32.258121
0 -81.435455
32.258685
0 -81.435142
32.259704
0 -81.43637
32.261772
0 -81.43653
32.262981
0 -81.437621
32.263786
0 -81.437598
32.265586
0 -81.441573
32.268124
0 -81.439796
32.268935
0 -81.439643
32.269962
0 -81.438422
32.270477
0 -81.438369
32.271904
0 -81.439506
32.272854
0 -81.439811
32.274914
0 -81.441879
32.274357
0 -81.443527
32.275181
0 -81.445106
32.275126
0 -81.445426
32.275986
0 -81.443198
32.276386
0 -81.443916
32.27776
0 -81.44715
32.278576
0 -81.447921
32.280234
0 -81.449783
32.282684
0 -81.449722
32.283535
0 -81.448783
32.282722
0 -81.446334
32.284717
0 -81.44889
32.285815
0 -81.447418
32.286472
0 -81.447799
32.289535
0 -81.448753
32.290729
0 -81.450088
32.290024
0 -81.452995
32.291137
0 -81.452262
32.292434
0 -81.453277
32.294418
0 -81.451591
32.294189
0 -81.449386
32.294941
0 -81.449119
32.296005
0 -81.450279
32.297416
0 -81.452163
32.298851
0 -81.45256
32.29995
0 -81.454307
32.300831
0 -81.452033
32.301464
0 -81.451789
32.30249
0 -81.454505
32.30294
0 -81.454574
32.30373
0 -81.452819
32.305183
0 -81.453193
32.306407
0 -81.454978
32.307423
0 -81.456069
32.308971
0 -81.457412
32.309624
0 -81.458076
32.308951
0 -81.459464
32.309283
0 -81.458907
32.310467
0 -81.459861
32.310955
0 -81.461219
32.313282
0 -81.46363
32.313643
0 -81.465499
32.312804
0 -81.465621
32.313716
0 -81.463119
32.316822
0 -81.464965
32.317497
0 -81.465583
32.319519
0 -81.465301
32.321533
0 -81.467597
32.323009
0 -81.466003
32.324211
0 -81.464378
32.323799
0 -81.464294
32.324703
0 -81.466003
32.326977
0 -81.465499
32.328648
0 -81.466972
32.327849
0 -81.470756
32.329552
0 -81.472328
32.328339
0 -81.473663
32.328266
0 -81.476577
32.331181
0 -81.47792
32.331348
0 -81.478713
32.329681
0 -81.479904
32.328915
0 -81.482078
32.32959
0 -81.483253
32.330928
0 -81.485381
32.331963
0 -81.487831
32.333886
0 -81.488784
32.335381
0 -81.488761
32.336899
0 -81.486221
32.337563
0 -81.486266
32.338791
0 -81.488128
32.340786
0 -81.490218
32.342396
0 -81.4906
32.343758
0 -81.490058
32.34494
0 -81.490829
32.34677
0 -81.49015
32.348812
0 -81.49102
32.351917
0 -81.49166
32.35199
0 -81.491958
32.350758
0 -81.493209
32.349899
0 -81.494804
32.349846
0 -81.498039
32.351276
0 -81.500254
32.353178
0 -81.505088
32.355967
0 -81.507697
32.357937
0 -81.507911
32.360146
0 -81.508712
32.360729
0 -81.508209
32.363514
0 -81.509055
32.367489
0 -81.508455
32.37063
0 -81.509429
32.37146
0 -81.511199
32.370174
0 -81.51139
32.369396
0 -81.514007
32.371563
0 -81.514419
32.375636
0 -81.51596
32.37669
0 -81.518852
32.377068
0 -81.520515
32.376812
0 -81.520973
32.377803
0 -81.520133
32.378712
0 -81.520164
32.380577
0 -81.520896
32.381031
0 -81.522035
32.379245
0 -81.523361
32.381054
0 -81.522842
32.383136
0 -81.523765
32.385371
0 -81.522361
32.387732
0 -81.523414
32.388443
0 -81.522308
32.389969
0 -81.523322
32.392944
0 -81.524368
32.392815
0 -81.524169
32.391585
0 -81.525451
32.39109
0 -81.528045
32.39101
0 -81.528068
32.392635
0 -81.528823
32.392387
0 -81.530219
32.390358
0 -81.533119
32.391464
0 -81.534904
32.39358
0 -81.534217
32.396434
0 -81.533256
32.396126
0 -81.534286
32.399414
0 -81.535293
32.400394
0 -81.534515
32.401511
0 -81.535117
32.402363
0 -81.533759
32.403854
0 -81.533157
32.405636
0 -81.533515
32.40704
0 -81.536285
32.409122
0 -81.538291
32.412781
0 -81.540641
32.413845
0 -81.541259
32.415832
0 -81.542404
32.41716
0 -81.542526
32.419254
0 -81.541076
32.420783
0 -81.54026
32.420361
0 -81.54055
32.41854
0 -81.538184
32.419024
0 -81.538368
32.420563
0 -81.536598
32.420826
0 -81.535217
32.422443
0 -81.535461
32.424602
0 -81.536369
32.426006
0 -81.537177
32.429512
0 -81.536018
32.430103
0 -81.536178
32.43124
0 -81.537658
32.43367
0 -81.539047
32.435077
0 -81.538238
32.436408
0 -81.534217
32.437523
0 -81.532508
32.437592
0 -81.531392
32.43885
0 -81.53054
32.441662
0 -81.526946
32.445923
0 -81.525771
32.449393
0 -81.526878
32.453155
0 -81.527648
32.454417
0 -81.53009
32.456493
0 -81.531402
32.459057
0 -81.53054
32.461315
0 -81.530647
32.463394
0 -81.532218
32.463614
0 -81.532623
32.464557
0 -81.531364
32.466408
0 -81.532813
32.465899
0 -81.535705
32.466656
0 -81.536529
32.465172
0 -81.53897
32.466377
0 -81.542755
32.466254
0 -81.543037
32.467094
0 -81.541592
32.469383
0 -81.54029
32.470394
0 -81.541465
32.472473
0 -81.541274
32.473591
0 -81.539573
32.476601
0 -81.538566
32.476742
0 -81.537391
32.474463
0 -81.53601
32.475178
0 -81.536025
32.481354
0 -81.539016
32.483874
0 -81.54148
32.484318
0 -81.542396
32.48547
0 -81.5438
32.48547
0 -81.545768
32.486778
0 -81.547088
32.486427
0 -81.547836
32.487141
0 -81.548006
32.489286
0 -81.549482
32.491886
0 -81.551833
32.491745
0 -81.552897
32.492697
0 -81.554939
32.492919
0 -81.556182
32.495838
0 -81.557212
32.496574
0 -81.558357
32.495533
0 -81.560256
32.495575
0 -81.559768
32.496395
0 -81.562675
32.497726
0 -81.561973
32.498607
0 -81.563011
32.499851
0 -81.561408
32.501091
0 -81.56266
32.501705
0 -81.566261
32.501469
0 -81.567741
32.50219
0 -81.568267
32.503307
0 -81.570777
32.505969
0 -81.57212
32.505454
0 -81.57429
32.50611
0 -81.573615
32.507565
0 -81.574348
32.508774
0 -81.576395
32.509846
0 -81.578292
32.512375
0 -81.579063
32.512611
0 -81.585433
32.511871
0 -81.586353
32.512068
0 -81.587753
32.512436
0 -81.58998
32.511127
0 -81.59288
32.51023
0 -81.595481
32.508274
0 -81.594146
32.508167
0 -81.592941
32.507106
0 -81.594055
32.506424
0 -81.596343
32.506622
0 -81.599563
32.507633
0 -81.599197
32.508583
0 -81.60285
32.510464
0 -81.605392
32.511116
0 -81.603996
32.512238
0 -81.605131
32.512834
0 -81.605986
32.513119
0 -81.606292
32.514595
0 -81.608691
32.513334
0 -81.612518
32.513786
0 -81.612491
32.516185
0 -81.615753
32.515472
0 -81.616415
32.515697
0 -81.617767
32.519092
0 -81.617481
32.520488
0 -81.61827
32.523097
0 -81.61718
32.523843
0 -81.617279
32.524943
0 -81.620375
32.525484
0 -81.621238
32.523941
0 -81.624076
32.523853
0 -81.624519
32.524673
0 -81.627197
32.524696
0 -81.629057
32.524189
0 -81.630096
32.526276
0 -81.628623
32.527851
0 -81.630058
32.528247
0 -81.632659
32.530163
0 -81.633331
32.529179
0 -81.636459
32.531162
0 -81.63932
32.532513
0 -81.641693
32.531844
0 -81.640731
32.529708
0 -81.642271
32.528854
0 -81.646675
32.528655
0 -81.647308
32.52747
0 -81.648538
32.527684
0 -81.650726
32.530482
0 -81.650489
32.531413
0 -81.653826
32.531115
0 -81.654487
32.531509
0 -81.653457
32.533645
0 -81.653526
32.534737
0 -81.655471
32.537028
0 -81.655937
32.53936
0 -81.656799
32.539977
0 -81.659873
32.539322
0 -81.659728
32.536915
0 -81.661636
32.537086
0 -81.663375
32.538086
0 -81.665725
32.538756
0 -81.664487
32.539893
0 -81.664855
32.541786
0 -81.666984
32.54428
0 -81.668434
32.543308
0 -81.671221
32.543422
0 -81.675895
32.5448
0 -81.675666
32.546993
0 -81.677436
32.548367
0 -81.67897
32.548138
0 -81.680992
32.548721
0 -81.682295
32.548443
0 -81.683204
32.549225
0 -81.685028
32.548355
0 -81.686233
32.548423
0 -81.687927
32.54607
0 -81.689261
32.546227
0 -81.692604
32.549667
0 -81.696182
32.551167
0 -81.695213
32.55228
0 -81.696712
32.553235
0 -81.699584
32.556503
0 -81.700309
32.556038
0 -81.703742
32.558951
0 -81.702674
32.55928
0 -81.703132
32.561752
0 -81.704902
32.563305
0 -81.706352
32.563484
0 -81.707977
32.565838
0 -81.708977
32.566132
0 -81.712387
32.565441
0 -81.713119
32.56346
0 -81.713806
32.564545
0 -81.71521
32.564656
0 -81.718116
32.565948
0 -81.719581
32.56591
0 -81.719337
32.567062
0 -81.721633
32.568745
0 -81.723663
32.571624
0 -81.727112
32.572232
0 -81.727058
32.573711
0 -81.729782
32.573956
0 -81.730171
32.575386
0 -81.732643
32.576496
0 -81.731935
32.577664
0 -81.733039
32.578536
0 -81.732467
32.57933
0 -81.734512
32.580757
0 -81.733322
32.585766
0 -81.738906
32.586575
0 -81.739776
32.587882
0 -81.741745
32.587851
0 -81.74121
32.590023
0 -81.743385
32.591351
0 -81.745643
32.591282
0 -81.746367
32.593466
0 -81.748001
32.594982
0 -81.747485
32.595723
0 -81.748489
32.597755
0 -81.749511
32.597729
0 -81.749877
32.596577
0 -81.751312
32.597135
0 -81.752771
32.598908
0 -81.754935
32.599354
0 -81.754226
32.601988
0 -81.755973
32.601585
0 -81.758899
32.601622
0 -81.760292
32.602435
0 -81.761108
32.600445
0 -81.76493
32.603104
0 -81.768111
32.606594
0 -81.768384
32.608058
0 -81.772102
32.609378
0 -81.773651
32.609035
0 -81.772361
32.607075
0 -81.773113
32.606715
0 -81.777435
32.609341
0 -81.779373
32.610999
0 -81.780029
32.612202
0 -81.781921
32.613208
0 -81.783973
32.615208
0 -81.78453
32.617485
0 -81.782844
32.619129
0 -81.783134
32.620502
0 -81.784492
32.621696
0 -81.786033
32.62175
0 -81.788497
32.622619
0 -81.788267
32.623736
0 -81.790306
32.624339
0 -81.789672
32.625214
0 -81.791313
32.627357
0 -81.793819
32.628521
0 -81.795424
32.628013
0 -81.797367
32.626244
0 -81.799046
32.627166
0 -81.80122
32.629658
0 -81.80045
32.630881
0 -81.798057
32.631351
0 -81.800773
32.634518
0 -81.800575
32.635872
0 -81.802482
32.636425
0 -81.802879
32.637932
0 -81.80159
32.638683
0 -81.800384
32.640575
0 -81.800506
32.641525
0 -81.80223
32.643337
0 -81.803642
32.64423
0 -81.807342
32.644084
0 -81.808357
32.64582
0 -81.810012
32.647323
0 -81.81121
32.646347
0 -81.813255
32.646586
0 -81.813568
32.645729
0 -81.816543
32.647568
0 -81.81909
32.646673
0 -81.821868
32.648868
0 -81.827095
32.651054
0 -81.825897
32.651772
0 -81.827097
32.652641
0 -81.83004
32.653056
0 -81.83123
32.652557
0 -81.834307
32.653433
0 -81.834983
32.652313
0 -81.837631
32.652293
0 -81.836586
32.650871
0 -81.839218
32.649548
0 -81.841005
32.649093
0 -81.842073
32.648891
0 -81.846344
32.647607
0 -81.918044
32.628572
0 -81.943693
32.621968
0 -82.001236
32.60691
0 -82.001505
32.606878
0 -82.026842
32.555163
0 