-102.939774
48.763856
0 -102.939932
48.720469
0 -102.885686
48.720488
0 -102.886063
48.702711
0 -102.885599
48.691235
0 -102.8858
48.676716
0 -102.885775
48.633298
0 -102.885782
48.618783
0 -102.885764
48.589839
0 -102.88602
48.567109
0 -102.885763
48.54639
0 -102.875295
48.546407
0 -102.864529
48.546398
0 -102.842713
48.546404
0 -102.820906
48.546428
0 -102.755309
48.546277
0 -102.720791
48.546276
0 -102.719456
48.546399
0 -102.654445
48.546426
0 -102.654088
48.546471
0 -102.625161
48.546476
0 -102.62497
48.546467
0 -102.581801
48.546487
0 -102.544084
48.546496
0 -102.540802
48.546412
0 -102.54021
48.54651
0 -102.539265
48.546558
0 -102.494531
48.546568
0 -102.494477
48.546568
0 -102.429912
48.546414
0 -102.408176
48.546375
0 -102.364648
48.546421
0 -102.36341
48.54642
0 -102.343159
48.546403
0 -102.320418
48.546302
0 -102.233892
48.546339
0 -102.23391
48.633306
0 -102.2336
48.72029
0 -102.152545
48.720294
0 -102.152164
48.8072
0 -102.121123
48.807195
0 -102.021655
48.807108
0 -102.021692
48.821559
0 -102.021447
48.82205
0 -102.021594
48.893876
0 -102.021417
48.937253
0 -102.021484
48.993877
0 -102.021313
48.994495
0 -102.021144
48.999015
0 -102.131614
48.998842
0 -102.151847
48.998798
0 -102.211301
48.998554
0 -102.214031000091
48.9985535203795
0 -102.216993
48.998553
0 -102.28350310695
48.9986451852832
0 -102.349436428688
48.9987365711225
0 -102.414257992493
48.9988264160272
0 -102.534399968209
48.9989929369151
0 -102.563074983809
48.9990326814676
0 -102.567810980255
48.9990392457207
0 -102.676569905764
48.9991899893116
0 -102.807572945163
48.9993715640052
0 -102.850455
48.999431
0 -102.917717963229
48.9994513772273
0 -102.938776960993
48.9994577570233
0 -102.938942
48.995849
0 -102.939002
48.984986
0 -102.939587
48.894746
0 -102.939588
48.894518
0 -102.939854
48.813766
0 -102.939724
48.813357
0 -102.939791
48.807438
0 -102.939774
48.763856
0 