-96.963629
30.557169
0 -96.963326
30.555465
0 -96.961686
30.551819
0 -96.959393
30.551385
0 -96.957144
30.552326
0 -96.956293
30.552062
0 -96.956
30.550655
0 -96.954132
30.549143
0 -96.951794
30.548588
0 -96.950886
30.547362
0 -96.948999
30.54784
0 -96.948205
30.546993
0 -96.949107
30.54541
0 -96.946814
30.54453
0 -96.945117
30.543244
0 -96.942888
30.545498
0 -96.943243
30.546812
0 -96.941649
30.546339
0 -96.939299
30.546526
0 -96.939203
30.545113
0 -96.936859
30.544833
0 -96.934204
30.543826
0 -96.932965
30.542919
0 -96.931434
30.543452
0 -96.930056
30.54304
0 -96.9297
30.544156
0 -96.928499
30.544227
0 -96.926988
30.54222
0 -96.925705
30.543485
0 -96.924155
30.541296
0 -96.922224
30.539647
0 -96.920661
30.539976
0 -96.918902
30.539212
0 -96.91842
30.537188
0 -96.916343
30.535154
0 -96.914312
30.531447
0 -96.914439
30.530375
0 -96.913086
30.530084
0 -96.913423
30.528478
0 -96.911899
30.527444
0 -96.91176
30.525448
0 -96.912383
30.523502
0 -96.909125
30.52271
0 -96.908802
30.520593
0 -96.907971
30.517365
0 -96.906402
30.516991
0 -96.905602
30.518624
0 -96.904236
30.518843
0 -96.904625
30.515902
0 -96.906543
30.515209
0 -96.906422
30.514286
0 -96.904638
30.514197
0 -96.90279
30.514928
0 -96.902231
30.514197
0 -96.902956
30.512613
0 -96.906061
30.512675
0 -96.904272
30.50844
0 -96.906312
30.503091
0 -96.908699
30.501943
0 -96.906369
30.501128
0 -96.904147
30.500886
0 -96.901635
30.499585
0 -96.899274
30.496928
0 -96.899833
30.495636
0 -96.898089
30.492062
0 -96.897398
30.489543
0 -96.895906
30.489158
0 -96.896675
30.488268
0 -96.895889
30.486898
0 -96.89681
30.484006
0 -96.898042
30.483759
0 -96.900671
30.481896
0 -96.901897
30.481765
0 -96.902678
30.479439
0 -96.902819
30.477476
0 -96.903938
30.473551
0 -96.905449
30.472375
0 -96.905793
30.470099
0 -96.904523
30.469307
0 -96.903108
30.469949
0 -96.902137
30.469603
0 -96.901915
30.468272
0 -96.904371
30.468212
0 -96.90462
30.466453
0 -96.902671
30.467354
0 -96.901668
30.466447
0 -96.901631
30.464165
0 -96.899943
30.463026
0 -96.900109
30.461921
0 -96.897983
30.461035
0 -96.899843
30.460277
0 -96.898555
30.459276
0 -96.896054
30.460424
0 -96.893985
30.459868
0 -96.889726
30.460932
0 -96.887358
30.461838
0 -96.887003
30.460255
0 -96.885785
30.459887
0 -96.883982
30.460755
0 -96.883956
30.461926
0 -96.882287
30.461705
0 -96.880854
30.459731
0 -96.878747
30.459213
0 -96.879687
30.458119
0 -96.878113
30.457151
0 -96.874822
30.457466
0 -96.874593
30.456422
0 -96.875754
30.4555
0 -96.874965
30.453057
0 -96.876085
30.452877
0 -96.877076
30.451591
0 -96.876792
30.450019
0 -96.875414
30.450639
0 -96.873973
30.449428
0 -96.876298
30.448825
0 -96.877275
30.449369
0 -96.87711
30.447945
0 -96.874999
30.445727
0 -96.872466
30.444585
0 -96.870859
30.441485
0 -96.872413
30.439065
0 -96.870507
30.435415
0 -96.86807
30.433791
0 -96.865354
30.434751
0 -96.864846
30.43396
0 -96.865677
30.43297
0 -96.864547
30.432619
0 -96.860912
30.433774
0 -96.858672
30.433418
0 -96.858241
30.434078
0 -96.855671
30.432825
0 -96.852974
30.432188
0 -96.853025
30.43127
0 -96.851667
30.43166
0 -96.850182
30.429989
0 -96.848399
30.431199
0 -96.846242
30.431387
0 -96.845651
30.429188
0 -96.84378
30.429353
0 -96.843779
30.428594
0 -96.845581
30.42745
0 -96.843721
30.425746
0 -96.84185
30.426214
0 -96.842446
30.424889
0 -96.840454
30.424422
0 -96.840834
30.422041
0 -96.839457
30.420887
0 -96.837338
30.421717
0 -96.836279
30.421278
0 -96.836266
30.422399
0 -96.834553
30.422818
0 -96.833836
30.421273
0 -96.834756
30.421234
0 -96.833588
30.419755
0 -96.83395
30.41898
0 -96.832484
30.418854
0 -96.832713
30.420333
0 -96.83166
30.419821
0 -96.831133
30.417925
0 -96.829553
30.418365
0 -96.826464
30.416149
0 -96.825195
30.416303
0 -96.824586
30.41489
0 -96.826013
30.414665
0 -96.821763
30.412878
0 -96.822448
30.410338
0 -96.820709
30.409821
0 -96.819333
30.408194
0 -96.819117
30.407023
0 -96.817772
30.406472
0 -96.814937
30.405187
0 -96.813358
30.405665
0 -96.813453
30.404934
0 -96.809825
30.404439
0 -96.808898
30.402586
0 -96.81082
30.401129
0 -96.80947
30.399562
0 -96.808258
30.396543
0 -96.806438
30.396494
0 -96.802506
30.394564
0 -96.798948
30.391056
0 -96.797211
30.39066
0 -96.796405
30.391418
0 -96.793689
30.391489
0 -96.791795
30.390675
0 -96.790114
30.390697
0 -96.787616
30.388948
0 -96.788307
30.387865
0 -96.787147
30.387403
0 -96.78846
30.386436
0 -96.788162
30.38516
0 -96.789697
30.383489
0 -96.78725
30.381894
0 -96.787643
30.380316
0 -96.786191
30.37986
0 -96.785228
30.3786
0 -96.784118
30.37954
0 -96.78434
30.378248
0 -96.782254
30.37628
0 -96.779686
30.375966
0 -96.781426
30.37388
0 -96.780539
30.372054
0 -96.778301
30.37097
0 -96.777223
30.371492
0 -96.776419
30.369084
0 -96.774916
30.369347
0 -96.773268
30.367593
0 -96.771297
30.366481
0 -96.769858
30.364743
0 -96.769707
30.362863
0 -96.768575
30.357766
0 -96.766744
30.35616
0 -96.765756
30.353762
0 -96.767487
30.353015
0 -96.765136
30.35048
0 -96.76382
30.3469
0 -96.762489
30.346234
0 -96.760247
30.343275
0 -96.76116
30.342418
0 -96.760692
30.340538
0 -96.759095
30.339927
0 -96.757206
30.340618
0 -96.754398
30.340711
0 -96.752865
30.338021
0 -96.753516
30.334771
0 -96.753973
30.331328
0 -96.755078
30.330655
0 -96.754414
30.329225
0 -96.753435
30.330166
0 -96.75305
30.329328
0 -96.751527
30.329657
0 -96.75081
30.327793
0 -96.747643
30.327294
0 -96.746969
30.325424
0 -96.746485
30.326347
0 -96.743956
30.323875
0 -96.745207
30.321815
0 -96.743513
30.321979
0 -96.744682
30.320691
0 -96.743672
30.319757
0 -96.741281
30.319521
0 -96.740542
30.318655
0 -96.736671
30.319448
0 -96.737784
30.320892
0 -96.734412
30.322032
0 -96.734441
30.323713
0 -96.733618
30.322672
0 -96.732266
30.322981
0 -96.732943
30.323933
0 -96.730891
30.323416
0 -96.730407
30.32424
0 -96.726977
30.323062
0 -96.725811
30.32332
0 -96.723736
30.320758
0 -96.722675
30.320804
0 -96.72194
30.31889
0 -96.71814
30.318851
0 -96.716357
30.320153
0 -96.712166
30.318905
0 -96.710085
30.318688
0 -96.707051
30.317702
0 -96.70569
30.31904
0 -96.703704
30.319357
0 -96.703089
30.320269
0 -96.701198
30.319604
0 -96.699522
30.320686
0 -96.694682
30.320191
0 -96.692077
30.318722
0 -96.688163
30.317964
0 -96.686855
30.317136
0 -96.686359
30.314699
0 -96.685241
30.312582
0 -96.685493
30.3116
0 -96.683884
30.31032
0 -96.683466
30.311357
0 -96.682428
30.309224
0 -96.680516
30.309807
0 -96.679254
30.30928
0 -96.677921
30.309809
0 -96.675981
30.307687
0 -96.673497
30.307615
0 -96.67325
30.306714
0 -96.674974
30.305038
0 -96.673803
30.303934
0 -96.672967
30.30454
0 -96.671293
30.303694
0 -96.670912
30.302508
0 -96.669565
30.303349
0 -96.670427
30.300047
0 -96.66921
30.300137
0 -96.668269
30.297562
0 -96.665789
30.29721
0 -96.663716
30.295549
0 -96.660903
30.298006
0 -96.6595
30.297692
0 -96.659724
30.298741
0 -96.658573
30.299437
0 -96.654653
30.300207
0 -96.653919
30.29936
0 -96.651884
30.299354
0 -96.651327
30.300477
0 -96.650649
30.29921
0 -96.649209
30.299251
0 -96.648689
30.300221
0 -96.648251
30.298259
0 -96.645483
30.29764
0 -96.644572
30.296834
0 -96.640883
30.296786
0 -96.636992
30.297088
0 -96.636713
30.298276
0 -96.633239
30.299539
0 -96.631326
30.299217
0 -96.630007
30.299711
0 -96.629478
30.301156
0 -96.628576
30.299631
0 -96.626189
30.299262
0 -96.6259
30.298196
0 -96.623001
30.298226
0 -96.619933
30.299808
0 -96.618948
30.299662
0 -96.616381
30.301106
0 -96.615211
30.300807
0 -96.613118
30.301549
0 -96.610869
30.30133
0 -96.608322
30.302274
0 -96.60599
30.302119
0 -96.604898
30.305058
0 -96.603362
30.307247
0 -96.600014
30.308844
0 -96.595713
30.30746
0 -96.593287
30.307781
0 -96.592704
30.30644
0 -96.590546
30.307723
0 -96.586529
30.309021
0 -96.585507
30.308236
0 -96.582672
30.308743
0 -96.582912
30.309624
0 -96.581109
30.309978
0 -96.577666
30.312302
0 -96.576962
30.311098
0 -96.575251
30.311815
0 -96.573524
30.310699
0 -96.568194
30.313594
0 -96.56941
30.31433
0 -96.567885
30.314571
0 -96.569044
30.316196
0 -96.568467
30.316938
0 -96.564662
30.318639
0 -96.560692
30.319709
0 -96.562285
30.322611
0 -96.559707
30.32365
0 -96.557123
30.323721
0 -96.556318
30.321862
0 -96.55299
30.322416
0 -96.553578
30.321302
0 -96.552108
30.321704
0 -96.550652
30.320397
0 -96.548605
30.321402
0 -96.544484
30.318563
0 -96.540907
30.317985
0 -96.542075
30.319618
0 -96.540411
30.319818
0 -96.539609
30.321094
0 -96.536914
30.320929
0 -96.535197
30.319893
0 -96.531802
30.320859
0 -96.529851
30.320226
0 -96.527283
30.321734
0 -96.525585
30.321303
0 -96.525661
30.322327
0 -96.523978
30.323514
0 -96.52242
30.322227
0 -96.519904
30.323342
0 -96.519301
30.324578
0 -96.518103
30.324633
0 -96.514953
30.326083
0 -96.512799
30.325989
0 -96.510289
30.321625
0 -96.507446
30.321812
0 -96.502725
30.323598
0 -96.499999
30.324239
0 -96.496556
30.324236
0 -96.495873
30.324836
0 -96.494224
30.327981
0 -96.491565
30.331416
0 -96.491688
30.332818
0 -96.490288
30.334275
0 -96.490504
30.335617
0 -96.488078
30.337558
0 -96.485898
30.338136
0 -96.484421
30.33768
0 -96.484991
30.336657
0 -96.482651
30.33309
0 -96.475404
30.333584
0 -96.474194
30.335495
0 -96.472438
30.335683
0 -96.471276
30.336996
0 -96.468447
30.337972
0 -96.465322
30.336229
0 -96.462112
30.336353
0 -96.461069
30.337936
0 -96.458781
30.339257
0 -96.456511
30.338603
0 -96.456612
30.340624
0 -96.45848
30.342672
0 -96.458272
30.343448
0 -96.45695
30.343329
0 -96.455138
30.344534
0 -96.452633
30.343956
0 -96.450642
30.342611
0 -96.450422
30.341545
0 -96.448837
30.340922
0 -96.445693
30.341406
0 -96.445514
30.34252
0 -96.442391
30.341432
0 -96.440485
30.34144
0 -96.438095
30.342926
0 -96.435707
30.342757
0 -96.433926
30.343258
0 -96.431551
30.342769
0 -96.425848
30.344148
0 -96.422745
30.343372
0 -96.42156
30.344063
0 -96.418586
30.346972
0 -96.41932
30.348266
0 -96.418856
30.34935
0 -96.420203
30.350514
0 -96.418542
30.352814
0 -96.416271
30.354336
0 -96.41247
30.354512
0 -96.413586
30.355609
0 -96.411889
30.358245
0 -96.409323
30.35839
0 -96.40927
30.356737
0 -96.406088
30.35107
0 -96.404689
30.351659
0 -96.404272
30.352911
0 -96.402875
30.352386
0 -96.400772
30.353927
0 -96.39747
30.353758
0 -96.39567
30.355265
0 -96.391669
30.355643
0 -96.385078
30.357137
0 -96.383651
30.35827
0 -96.381611
30.357325
0 -96.381139
30.355984
0 -96.38008
30.356802
0 -96.377966
30.355624
0 -96.377261
30.356044
0 -96.377766
30.358039
0 -96.375289
30.358063
0 -96.374749
30.361337
0 -96.375684
30.362706
0 -96.37489
30.363571
0 -96.371812
30.362622
0 -96.369293
30.36244
0 -96.368298
30.363008
0 -96.369951
30.363802
0 -96.36919
30.365072
0 -96.367624
30.365535
0 -96.365401
30.367172
0 -96.361625
30.367334
0 -96.360511
30.367844
0 -96.359093
30.370775
0 -96.358976
30.372637
0 -96.357407
30.373318
0 -96.354916
30.373651
0 -96.353231
30.372493
0 -96.353077
30.371129
0 -96.351831
30.370389
0 -96.350239
30.370673
0 -96.348891
30.36919
0 -96.346499
30.369041
0 -96.344789
30.36801
0 -96.342384
30.36854
0 -96.340912
30.367814
0 -96.338496
30.369656
0 -96.337779
30.371853
0 -96.33419
30.373894
0 -96.330909
30.372902
0 -96.327834
30.374232
0 -96.327302
30.376665
0 -96.324482
30.37907
0 -96.319122
30.379116
0 -96.317623
30.379394
0 -96.31513
30.381162
0 -96.312795
30.3843
0 -96.310251
30.383468
0 -96.307827
30.381734
0 -96.306072
30.381601
0 -96.305247
30.383214
0 -96.304075
30.383239
0 -96.301031
30.381446
0 -96.299173
30.379152
0 -96.296325
30.379062
0 -96.294068
30.380235
0 -96.293471
30.38145
0 -96.293617
30.383574
0 -96.294939
30.385623
0 -96.298014
30.386957
0 -96.302421
30.389695
0 -96.305209
30.390492
0 -96.306356
30.391715
0 -96.306931
30.394586
0 -96.305193
30.397216
0 -96.302498
30.399403
0 -96.297599
30.400421
0 -96.297633
30.401827
0 -96.299701
30.405057
0 -96.300253
30.407269
0 -96.298866
30.410502
0 -96.29749
30.411787
0 -96.295201
30.412367
0 -96.291324
30.411968
0 -96.28936
30.412401
0 -96.28659
30.411661
0 -96.282817
30.40982
0 -96.278998
30.407422
0 -96.276916
30.407031
0 -96.272837
30.409042
0 -96.272323
30.410202
0 -96.272898
30.413887
0 -96.271816
30.416388
0 -96.273547
30.418325
0 -96.277283
30.41554
0 -96.281109
30.414831
0 -96.283537
30.415588
0 -96.285907
30.416922
0 -96.28688
30.418834
0 -96.287988
30.421287
0 -96.284889
30.423715
0 -96.282564
30.426614
0 -96.286449
30.433756
0 -96.286883
30.438557
0 -96.286052
30.44286
0 -96.284259
30.446782
0 -96.285516
30.448393
0 -96.287683
30.446913
0 -96.288964
30.445279
0 -96.290895
30.443999
0 -96.292865
30.444276
0 -96.301772
30.447851
0 -96.303543
30.449023
0 -96.306458
30.453089
0 -96.308921
30.455199
0 -96.311541
30.455556
0 -96.312979
30.454501
0 -96.313984
30.4528
0 -96.315954
30.450843
0 -96.318082
30.449805
0 -96.320939
30.449567
0 -96.321884
30.451813
0 -96.32147
30.454824
0 -96.321648
30.456951
0 -96.322475
30.458755
0 -96.324879
30.460371
0 -96.328504
30.462175
0 -96.330828
30.463791
0 -96.335636
30.468215
0 -96.337323
30.469352
0 -96.340665
30.473717
0 -96.339781
30.475399
0 -96.335813
30.474204
0 -96.333193
30.474153
0 -96.331597
30.474544
0 -96.330021
30.476297
0 -96.329935
30.477882
0 -96.333901
30.483456
0 -96.336348
30.488482
0 -96.33978
30.494255
0 -96.343105
30.498656
0 -96.344894
30.499795
0 -96.346878
30.499918
0 -96.348297
30.50058
0 -96.351966
30.501264
0 -96.35365
30.502683
0 -96.354986
30.504876
0 -96.355628
30.50641
0 -96.35478
30.511407
0 -96.355001
30.512779
0 -96.356971
30.514079
0 -96.359295
30.513315
0 -96.363335
30.51053
0 -96.367086
30.510612
0 -96.368877
30.511368
0 -96.371015
30.513285
0 -96.371298
30.514996
0 -96.370433
30.516728
0 -96.367964
30.518177
0 -96.36548
30.517746
0 -96.360926
30.518141
0 -96.357292
30.519535
0 -96.355744
30.52112
0 -96.354904
30.52317
0 -96.354669
30.527136
0 -96.355226
30.529936
0 -96.356635
30.533511
0 -96.358817
30.541753
0 -96.35941
30.542604
0 -96.360519
30.542912
0 -96.365357
30.542906
0 -96.369201
30.543944
0 -96.373376
30.546616
0 -96.376526
30.546727
0 -96.37722
30.54588
0 -96.376975
30.544056
0 -96.374547
30.540398
0 -96.374415
30.537673
0 -96.375482
30.536143
0 -96.377698
30.536099
0 -96.379222
30.537677
0 -96.38021
30.542689
0 -96.382205
30.543961
0 -96.38522
30.544123
0 -96.386453
30.543265
0 -96.387082
30.542074
0 -96.386446
30.53956
0 -96.383685
30.537994
0 -96.382877
30.535409
0 -96.38369
30.533516
0 -96.385309
30.532727
0 -96.387955
30.532443
0 -96.391023
30.532939
0 -96.397116
30.534487
0 -96.400299
30.535565
0 -96.402361
30.537069
0 -96.403021
30.538512
0 -96.404662
30.540088
0 -96.406212
30.540485
0 -96.411258
30.539296
0 -96.413057
30.539535
0 -96.416356
30.541917
0 -96.419261
30.545941
0 -96.422238
30.55258
0 -96.423429
30.559088
0 -96.423527
30.562669
0 -96.422654
30.566515
0 -96.422173
30.570044
0 -96.422499
30.572573
0 -96.423734
30.575654
0 -96.424087
30.578045
0 -96.422859
30.579613
0 -96.420498
30.581299
0 -96.419873
30.583872
0 -96.423096
30.587587
0 -96.425527
30.590272
0 -96.427657
30.591307
0 -96.429997
30.591066
0 -96.43131
30.58994
0 -96.431364
30.587702
0 -96.430659
30.585855
0 -96.428102
30.581754
0 -96.42674
30.578902
0 -96.4267
30.577113
0 -96.427508
30.575054
0 -96.429336
30.573389
0 -96.432062
30.572703
0 -96.43547
30.573187
0 -96.438327
30.575143
0 -96.439903
30.579369
0 -96.442991
30.58351
0 -96.44744
30.587213
0 -96.449625
30.588978
0 -96.450464
30.590479
0 -96.449651
30.594069
0 -96.450706
30.596183
0 -96.45168
30.596855
0 -96.455504
30.597636
0 -96.458744
30.597595
0 -96.461433
30.598209
0 -96.46401
30.599923
0 -96.465723
30.603639
0 -96.469338
30.606881
0 -96.471375
30.607222
0 -96.473522
30.606644
0 -96.478148
30.604644
0 -96.482038
30.604357
0 -96.48505
30.603844
0 -96.487626
30.604881
0 -96.489428
30.60685
0 -96.489067
30.609421
0 -96.48674
30.614891
0 -96.486323
30.617436
0 -96.487399
30.620478
0 -96.489157
30.621733
0 -96.491419
30.621745
0 -96.492459
30.620603
0 -96.492512
30.618955
0 -96.493284
30.6171
0 -96.49582
30.614627
0 -96.499488
30.612853
0 -96.502635
30.613366
0 -96.506803
30.615307
0 -96.507983
30.616989
0 -96.508245
30.620579
0 -96.507451
30.623005
0 -96.50807
30.625228
0 -96.510494
30.627828
0 -96.5141
30.626692
0 -96.518343
30.626224
0 -96.525564
30.627615
0 -96.529003
30.628072
0 -96.539011
30.628388
0 -96.543984
30.628017
0 -96.544216
30.627996
0 -96.548214
30.627883
0 -96.550599
30.630802
0 -96.554505
30.632264
0 -96.56
30.631903
0 -96.562251
30.631165
0 -96.565498
30.629472
0 -96.566632
30.629387
0 -96.567768
30.631441
0 -96.567999
30.633618
0 -96.568744
30.63558
0 -96.570253
30.636683
0 -96.574762
30.637242
0 -96.579018
30.636922
0 -96.583675
30.637346
0 -96.586395
30.638277
0 -96.589063
30.639699
0 -96.591201
30.640002
0 -96.598909
30.639255
0 -96.601047
30.639808
0 -96.601723
30.640564
0 -96.601831
30.641926
0 -96.599906
30.643905
0 -96.596616
30.646281
0 -96.595222
30.649054
0 -96.595496
30.650284
0 -96.594308
30.652589
0 -96.590999
30.653591
0 -96.58617
30.656847
0 -96.583688
30.660469
0 -96.582804
30.663792
0 -96.58352
30.674949
0 -96.584308
30.68111
0 -96.584171
30.683191
0 -96.582676
30.687177
0 -96.581519
30.68889
0 -96.578993
30.689573
0 -96.575761
30.688304
0 -96.573005
30.688497
0 -96.569757
30.690293
0 -96.568034
30.691622
0 -96.567333
30.692667
0 -96.566983
30.69567
0 -96.567405
30.698257
0 -96.568795
30.701387
0 -96.570369
30.702942
0 -96.573363
30.704821
0 -96.577609
30.706953
0 -96.583667
30.709187
0 -96.586945
30.71077
0 -96.591914
30.713811
0 -96.595776
30.715072
0 -96.596467
30.71564
0 -96.596977
30.717452
0 -96.594436
30.721216
0 -96.594632
30.724273
0 -96.596157
30.726641
0 -96.599467
30.728634
0 -96.604042
30.729311
0 -96.607327
30.72941
0 -96.616345
30.728477
0 -96.618234
30.728638
0 -96.620456
30.729549
0 -96.621281
30.730819
0 -96.624586
30.729008
0 -96.700916
30.689994
0 -96.735897
30.672434
0 -96.799861
30.640539
0 -96.800381
30.640367
0 -96.872906
30.603357
0 -96.877811
30.600776
0 -96.945081
30.566589
0 -96.963629
30.557169
0 