-75.059017
39.992512
0 -75.0597922716131
39.9915372740575
0 -75.053035
39.991809
0 -75.049419
39.991261
0 -75.048207
39.992473
0 -75.047893
39.994084
0 -75.045187
39.994739
0 -75.043594
39.993301
0 -75.041197
39.994887
0 -75.038965
39.994766
0 -75.03727
39.995861
0 -75.035233
39.995862
0 -75.03235
39.993953
0 -75.032243
39.991718
0 -75.03077
39.99281
0 -75.030654
39.991601
0 -75.028592
39.991809
0 -75.027688
39.993642
0 -75.026184
39.992822
0 -75.025313
39.990978
0 -75.023239
39.990557
0 -75.020919
39.988874
0 -75.019905
39.990088
0 -75.018721
39.989316
0 -75.018164
39.98773
0 -75.018686
39.986914
0 -75.018162
39.985121
0 -75.014941
39.985354
0 -75.016375
39.984079
0 -75.014195
39.982126
0 -75.013836
39.980311
0 -75.010146
39.979768
0 -75.015288
39.976574
0 -75.01562
39.974035
0 -75.017697
39.973829
0 -75.016262
39.972789
0 -75.016153
39.970144
0 -75.01958
39.969416
0 -75.019212
39.967462
0 -75.018723
39.963664
0 -75.01718
39.962897
0 -75.016653
39.960623
0 -75.017607
39.959205
0 -75.01664
39.958682
0 -75.013129
39.956471
0 -75.013505
39.955159
0 -75.01345
39.954188
0 -75.016159
39.950438
0 -75.014064
39.945717
0 -75.00921
39.94515
0 -75.007568
39.944231
0 -75.006974
39.943277
0 -75.004264
39.941555
0 -75.00082
39.941857
0 -74.998772
39.940303
0 -74.995434
39.939929
0 -74.99462
39.939294
0 -74.991899
39.940789
0 -74.988925
39.94105
0 -74.986802
39.939897
0 -74.982744
39.940373
0 -74.979145
39.940319
0 -74.976395
39.939814
0 -74.974933
39.938446
0 -74.97608
39.936517
0 -74.978596
39.934282
0 -74.981501
39.933456
0 -74.980991
39.931241
0 -74.984007
39.931211
0 -74.985438
39.929878
0 -74.984709
39.928283
0 -74.983717
39.92694
0 -74.981569
39.926349
0 -74.977477
39.923186
0 -74.974532
39.921496
0 -74.970301
39.921575
0 -74.969549
39.921603
0 -74.96603
39.920605
0 -74.965775
39.920615
0 -74.964146
39.920683
0 -74.960683
39.91733
0 -74.958618
39.916176
0 -74.957223
39.91428
0 -74.955808
39.91318
0 -74.954223
39.909549
0 -74.952303
39.906959
0 -74.952468
39.906022
0 -74.951823
39.90147
0 -74.949637
39.898423
0 -74.945602
39.896385
0 -74.945191
39.895704
0 -74.944842
39.894186
0 -74.94374
39.893028
0 -74.941288
39.892553
0 -74.938868
39.890782
0 -74.936467
39.889933
0 -74.932174
39.887532
0 -74.931701
39.886742
0 -74.926935
39.873839
0 -74.921724
39.8558
0 -74.921715
39.855767
0 -74.914777
39.831424
0 -74.908607
39.809486
0 -74.904065
39.793513
0 -74.903267
39.791247
0 -74.902546
39.790797
0 -74.898344
39.789147
0 -74.898126
39.787854
0 -74.894749
39.783521
0 -74.889757
39.781981
0 -74.888164
39.781745
0 -74.879965
39.78218
0 -74.876784
39.781638
0 -74.870758
39.783285
0 -74.867814
39.784809
0 -74.864254
39.785508
0 -74.862857
39.785334
0 -74.862065
39.785397
0 -74.860298
39.78571
0 -74.855106
39.787227
0 -74.853489
39.787166
0 -74.850061
39.788919
0 -74.848414
39.788376
0 -74.845183
39.79
0 -74.843315
39.790184
0 -74.839722
39.789926
0 -74.836608
39.790368
0 -74.830071
39.788653
0 -74.827558
39.788737
0 -74.825619
39.787943
0 -74.819855
39.787186
0 -74.81758
39.785845
0 -74.812471
39.785269
0 -74.807133
39.78362
0 -74.803588
39.781146
0 -74.802475
39.779855
0 -74.798859
39.77725
0 -74.798251
39.775812
0 -74.796619
39.775538
0 -74.794756
39.77326
0 -74.791478
39.772119
0 -74.790036
39.769823
0 -74.786981
39.766236
0 -74.785129
39.765625
0 -74.783345
39.76354
0 -74.783721
39.762739
0 -74.782614
39.76052
0 -74.780909
39.758566
0 -74.777668
39.757961
0 -74.775303
39.756717
0 -74.774464
39.753708
0 -74.773452
39.753133
0 -74.772894
39.750929
0 -74.768732
39.749716
0 -74.766178
39.746489
0 -74.761383
39.744546
0 -74.759379
39.742355
0 -74.757793
39.743622
0 -74.736309
39.729909
0 -74.73267
39.727639
0 -74.724215
39.72229
0 -74.6758
39.69131
0 -74.674789
39.688997
0 -74.673506
39.688594
0 -74.673102
39.686378
0 -74.671819
39.686211
0 -74.671363
39.68494
0 -74.669796
39.685078
0 -74.665982
39.680018
0 -74.665203
39.679684
0 -74.664418
39.67662
0 -74.665154
39.676196
0 -74.663788
39.67293
0 -74.661952
39.67176
0 -74.662784
39.671062
0 -74.661249
39.670333
0 -74.660434
39.668806
0 -74.660117
39.665794
0 -74.659428
39.664291
0 -74.658275
39.65723
0 -74.659312
39.655304
0 -74.658688
39.653557
0 -74.660417
39.65281
0 -74.659888
39.651677
0 -74.658472
39.651695
0 -74.658806
39.649976
0 -74.658099
39.648884
0 -74.659287
39.646733
0 -74.657129
39.644743
0 -74.657572
39.642992
0 -74.65947
39.64034
0 -74.659365
39.63857
0 -74.658438
39.636274
0 -74.659377
39.631412
0 -74.656153
39.631327
0 -74.654547
39.630043
0 -74.654925
39.627002
0 -74.652939
39.626527
0 -74.650656
39.628629
0 -74.649261
39.628846
0 -74.647719
39.62801
0 -74.648298
39.626555
0 -74.648013
39.625044
0 -74.646925
39.624831
0 -74.643688
39.625912
0 -74.641133
39.625731
0 -74.640093
39.625002
0 -74.641026
39.624452
0 -74.640724
39.623106
0 -74.639583
39.622504
0 -74.637496
39.623358
0 -74.635492
39.627229
0 -74.63335
39.627562
0 -74.631956
39.626141
0 -74.631482
39.624357
0 -74.632086
39.622157
0 -74.631642
39.620967
0 -74.628775
39.620093
0 -74.625789
39.622061
0 -74.624989
39.625118
0 -74.6235
39.626582
0 -74.621959
39.626633
0 -74.618254
39.624577
0 -74.615
39.623299
0 -74.613232
39.623451
0 -74.608473
39.621362
0 -74.603766
39.618626
0 -74.600543
39.616399
0 -74.596081
39.614069
0 -74.588785
39.611878
0 -74.587275
39.610565
0 -74.585801
39.605608
0 -74.583382
39.604269
0 -74.581043
39.603721
0 -74.579483
39.602436
0 -74.578101
39.600134
0 -74.575553
39.5983
0 -74.572488
39.598922
0 -74.569976
39.598609
0 -74.566435
39.596966
0 -74.564552
39.59667
0 -74.559492
39.597109
0 -74.555913
39.598019
0 -74.553219
39.597339
0 -74.552192
39.594992
0 -74.54992
39.59203
0 -74.549342
39.589991
0 -74.547776
39.588625
0 -74.543497
39.586757
0 -74.541231
39.585343
0 -74.542773
39.58063
0 -74.542391
39.578816
0 -74.540997
39.576407
0 -74.538483
39.574591
0 -74.533787
39.573656
0 -74.52931
39.570051
0 -74.528009
39.569502
0 -74.5246
39.569658
0 -74.523485
39.569301
0 -74.521043
39.570572
0 -74.518148
39.573173
0 -74.515094
39.573949
0 -74.513828
39.573029
0 -74.511858
39.56976
0 -74.509439
39.5689
0 -74.505025
39.569492
0 -74.503903
39.569354
0 -74.500894
39.564982
0 -74.499871
39.564187
0 -74.496275
39.562883
0 -74.49557
39.561517
0 -74.494848
39.557331
0 -74.492218
39.556241
0 -74.490299
39.556451
0 -74.485867
39.558646
0 -74.483332
39.558569
0 -74.48158
39.557976
0 -74.479558
39.55597
0 -74.478544
39.553861
0 -74.475975
39.551677
0 -74.473988
39.551403
0 -74.471946
39.552377
0 -74.468675
39.5552
0 -74.466234
39.556316
0 -74.463592
39.556568
0 -74.460993
39.554879
0 -74.460142
39.54985
0 -74.458192
39.547568
0 -74.455944
39.547188
0 -74.454249
39.548124
0 -74.453132
39.55025
0 -74.453121
39.55592
0 -74.451833
39.557962
0 -74.44807
39.559305
0 -74.445829
39.558617
0 -74.444357
39.55754
0 -74.443286
39.555805
0 -74.443862
39.554069
0 -74.446269
39.549616
0 -74.446284
39.547872
0 -74.444246
39.54498
0 -74.442293
39.543418
0 -74.439378
39.54121
0 -74.437009
39.540841
0 -74.435183
39.541281
0 -74.433742
39.54274
0 -74.433784
39.545776
0 -74.435518
39.548277
0 -74.438197
39.550919
0 -74.438633
39.553202
0 -74.436089
39.555109
0 -74.432806
39.555562
0 -74.427712
39.553122
0 -74.425909
39.553314
0 -74.420686
39.557242
0 -74.417393
39.557255
0 -74.416599
39.559211
0 -74.41607
39.559568
0 -74.414398
39.560977
0 -74.41471
39.563236
0 -74.417096
39.564112
0 -74.419154
39.568066
0 -74.41599
39.57046
0 -74.412734
39.57022
0 -74.410395
39.571021
0 -74.408923
39.569599
0 -74.405159
39.569593
0 -74.403148
39.571784
0 -74.400696
39.572508
0 -74.397895
39.577357
0 -74.397786
39.581151
0 -74.397005
39.582204
0 -74.396755
39.584591
0 -74.394963
39.589045
0 -74.392577
39.593954
0 -74.390396
39.596201
0 -74.390322
39.628455
0 -74.389905
39.773372
0 -74.417164
39.823184
0 -74.434653
39.854803
0 -74.449266
39.881242
0 -74.470777
39.922591
0 -74.484984
39.949827
0 -74.495277
39.969638
0 -74.498676
39.976236
0 -74.506474
39.991205
0 -74.511184
40.000139
0 -74.514769
40.007677
0 -74.52863
40.03668
0 -74.533753
40.045245
0 -74.53511
40.047558
0 -74.539834
40.055442
0 -74.540585
40.057028
0 -74.544053
40.063419
0 -74.553105
40.07913
0 -74.566016
40.101018
0 -74.566447
40.101228
0 -74.587847
40.138237
0 -74.589954
40.138879
0 -74.591221
40.137913
0 -74.59477
40.137875
0 -74.602185
40.136933
0 -74.602763
40.138323
0 -74.607529
40.139122
0 -74.606741
40.140575
0 -74.610102
40.139693
0 -74.612867
40.140599
0 -74.615116
40.140473
0 -74.615438
40.141728
0 -74.618575
40.140467
0 -74.623158
40.141936
0 -74.62232
40.14487
0 -74.623519
40.14596
0 -74.623699
40.148978
0 -74.627261
40.149457
0 -74.627441
40.148705
0 -74.630035
40.148767
0 -74.631606
40.150431
0 -74.633314
40.149029
0 -74.634731
40.151456
0 -74.637956
40.151934
0 -74.638432
40.154203
0 -74.641459
40.155186
0 -74.642847
40.154183
0 -74.646721
40.156267
0 -74.647834
40.155533
0 -74.651236
40.158715
0 -74.654533
40.158516
0 -74.655186
40.15999
0 -74.655307
40.160151
0 -74.657947
40.160948
0 -74.658995
40.162148
0 -74.661027
40.162139
0 -74.662171
40.165235
0 -74.665112
40.164737
0 -74.665802
40.166156
0 -74.667321
40.165828
0 -74.669394
40.166699
0 -74.66966
40.165321
0 -74.670698
40.166625
0 -74.673505
40.167102
0 -74.675696
40.165748
0 -74.677517
40.16623
0 -74.677332
40.167285
0 -74.676262
40.168447
0 -74.675399
40.168348
0 -74.674253
40.170162
0 -74.675627
40.172338
0 -74.674699
40.173823
0 -74.679404
40.17368
0 -74.680352
40.175989
0 -74.68273
40.176677
0 -74.685131
40.177897
0 -74.68537
40.175384
0 -74.686549
40.177267
0 -74.690688
40.176947
0 -74.692871
40.179469
0 -74.695876
40.178905
0 -74.694568
40.182242
0 -74.701
40.18322
0 -74.702779
40.18417
0 -74.704552
40.182173
0 -74.708279
40.181904
0 -74.711072
40.180709
0 -74.711157
40.179677
0 -74.709736
40.17875
0 -74.710523
40.17736
0 -74.713072
40.175498
0 -74.712711
40.174438
0 -74.71086
40.172847
0 -74.708423
40.171846
0 -74.708886
40.170311
0 -74.710275
40.169314
0 -74.710782
40.168045
0 -74.709769
40.16656
0 -74.708043
40.166844
0 -74.705761
40.168983
0 -74.704177
40.168479
0 -74.706474
40.161619
0 -74.7084
40.160064
0 -74.71101
40.157142
0 -74.71292
40.156095
0 -74.713818
40.152655
0 -74.716
40.15139
0 -74.719468
40.147701
0 -74.722268
40.146995
0 -74.7241339098795
40.1473101590361
0 -74.724304
40.14701
0 -74.725663
40.145495
0 -74.740605
40.13521
0 -74.742905
40.13441
0 -74.745905
40.13421
0 -74.755305
40.13471
0 -74.758882
40.134036
0 -74.762864
40.132541
0 -74.769488
40.129145
0 -74.7758221526813
40.1249608850373
0 -74.781965466095
40.1209028316768
0 -74.782106
40.12081
0 -74.785106
40.12031
0 -74.788706
40.12041
0 -74.7916519900689
40.1210040993333
0 -74.800607
40.12281
0 -74.8053365419257
40.1243994362209
0 -74.8104243279647
40.1261092659553
0 -74.812807
40.12691
0 -74.8156695
40.1274825
0 -74.816307
40.12761
0 -74.819007
40.12751
0 -74.822307
40.12671
0 -74.825907
40.12391
0 -74.828408
40.12031
0 -74.8284692477426
40.120190288503
0 -74.8301971667381
40.1168129922846
0 -74.832808
40.11171
0 -74.8339587512475
40.1078074522909
0 -74.835108
40.10391
0 -74.8379824766055
40.1009364035115
0 -74.838008
40.10091
0 -74.843408
40.09771
0 -74.8437720437956
40.097577620438
0 -74.8477705036496
40.0961236350365
0 -74.851108
40.09491
0 -74.854409
40.09311
0 -74.856509
40.09131
0 -74.8565423862144
40.0912609026258
0 -74.858209
40.08881
0 -74.859809
40.08491
0 -74.8598696040707
40.0848438864684
0 -74.860909
40.08371
0 -74.8611725414659
40.0835736854487
0 -74.863809
40.08221
0 -74.8693685260492
40.0810574153313
0 -74.8801890471897
40.0788141365582
0 -74.880209
40.07881
0 -74.88781
40.07581
0 -74.8978204213874
40.0731658624702
0 -74.8985727210817
40.0729671511694
0 -74.9031486069799
40.0717584836051
0 -74.909011
40.07021
0 -74.9090718317647
40.0702037070588
0 -74.9118905341245
40.0699121171595
0 -74.911911
40.06991
0 -74.920811
40.07111
0 -74.925311
40.07071
0 -74.9280436361148
40.0697995173293
0 -74.932211
40.068411
0 -74.93238066637
40.0683386891137
0 -74.944412
40.063211
0 -74.9470389139352
40.0619539374588
0 -74.9621601304615
40.0547179505399
0 -74.97431985326
40.04889913332
0 -74.974713
40.048711
0 -74.983540729443
40.0429537851459
0 -74.983913
40.042711
0 -74.9869972233608
40.0393469567366
0 -74.988884
40.037289
0 -74.990215350337
40.0363725639031
0 -75.007469
40.024496
0 -75.011115
40.021311
0 -75.0137957681416
40.0202143221239
0 -75.0138034952734
40.0202111610245
0 -75.015515
40.019511
0 -75.0211950666745
40.0182073880986
0 -75.0304678308145
40.0160792289794
0 -75.034216
40.015219
0 -75.042889
40.012032
0 -75.0429664495211
40.0119934503812
0 -75.043218536113
40.0118679771454
0 -75.04709
40.009941
0 -75.0471207117868
40.0099148694488
0 -75.053405
40.004568
0 -75.0537238859643
40.0040802760357
0 -75.058089
39.997404
0 -75.059017
39.992512
0 