-92.885711
45.646017
0 -92.887067
45.644148
0 -92.775865
45.643405
0 -92.723275
45.643151
0 -92.723104
45.643184
0 -92.651811
45.643257
0 -92.615955
45.643036
0 -92.556754
45.642296
0 -92.55389
45.642295
0 -92.529111
45.642171
0 -92.528307
45.708999
0 -92.52817
45.7105
0 -92.528295
45.714286
0 -92.528198
45.72868
0 -92.486922
45.728201
0 -92.486234
45.728287
0 -92.471129
45.727769
0 -92.46727
45.727763
0 -92.466807
45.727802
0 -92.406668
45.726543
0 -92.383152
45.726327
0 -92.366081
45.726055
0 -92.319793
45.726522
0 -92.293377
45.72592
0 -92.283847
45.725932
0 -92.281155
45.725934
0 -92.247367
45.725972
0 -92.167886
45.725632
0 -92.154443
45.725616
0 -92.155273
45.711641
0 -92.155027
45.679459
0 -92.154888
45.639742
0 -92.031417
45.639928
0 -92.031228
45.643418
0 -92.031546
45.668597
0 -92.031409
45.725465
0 -92.031675
45.754322
0 -92.031525
45.756269
0 -92.031866
45.783675
0 -92.031914
45.787355
0 -92.031938
45.790299
0 -92.031971
45.801255
0 -92.031966
45.815328
0 -92.032495
45.886968
0 -92.032699
45.900021
0 -92.033061
45.931368
0 -92.033404
45.98387
0 -92.050647
45.983921
0 -92.050356
45.998132
0 -92.050199
45.999926
0 -92.050082
46.037959
0 -92.050278
46.039681
0 -92.04983
46.045282
0 -92.050437
46.061637
0 -92.050408
46.071176
0 -92.050437
46.077123
0 -92.050569
46.079712
0 -92.050277
46.124991
0 -92.049636
46.157597
0 -92.116208
46.156926
0 -92.122077
46.157153
0 -92.163811
46.157223
0 -92.164371
46.15746
0 -92.2937055830063
46.1573209976466
0 -92.2937045213795
46.157058001932
0 -92.29353
46.113824
0 -92.294069
46.078346
0 -92.294033
46.074377
0 -92.298638
46.072989
0 -92.306756
46.07241
0 -92.31295455319
46.0708713310661
0 -92.3166324712099
46.0699583602445
0 -92.319329
46.069289
0 -92.327868
46.06618
0 -92.329806
46.065216
0 -92.332912
46.062697
0 -92.335335
46.059422
0 -92.338239
46.052149
0 -92.33859
46.050111
0 -92.341278
46.045424
0 -92.343459
46.04299
0 -92.343604
46.040917
0 -92.342429
46.034541
0 -92.343745
46.028525
0 -92.344244
46.02743
0 -92.346345
46.025429
0 -92.349281
46.023624
0 -92.350004
46.021888
0 -92.350319
46.01898
0 -92.349977
46.016982
0 -92.35100309266
46.0162355938418
0 -92.35176
46.015685
0 -92.357965
46.013413
0 -92.362141
46.013103
0 -92.363254
46.0132182359115
0 -92.3649313884606
46.0133919065208
0 -92.372717
46.014198
0 -92.381707
46.017034
0 -92.392681
46.01954
0 -92.3932737328972
46.0198097699474
0 -92.408259
46.02663
0 -92.410649
46.027259
0 -92.420696
46.026769
0 -92.4215604409754
46.0264909357697
0 -92.428555
46.024241
0 -92.435627
46.021232
0 -92.442259
46.016177
0 -92.444356
46.011777
0 -92.444294
46.009161
0 -92.44963
46.002252
0 -92.451627
46.000441
0 -92.452952
45.997782
0 -92.453635
45.996171
0 -92.453373
45.992913
0 -92.456494
45.990243
0 -92.462477
45.98785
0 -92.464512
45.985038
0 -92.4643304909834
45.9836378640752
0 -92.464326100956
45.983604
0 -92.464173
45.982423
0 -92.463429
45.981507
0 -92.461138
45.980216
0 -92.46126
45.979427
0 -92.464481
45.976267
0 -92.469354
45.973811
0 -92.472761
45.972952
0 -92.479478
45.973992
0 -92.484633
45.975872
0 -92.490996
45.97556
0 -92.502535
45.979995
0 -92.5169707889292
45.9833346545851
0 -92.519488
45.983917
0 -92.522032
45.984203
0 -92.5260408044428
45.9834379731761
0 -92.527052
45.983245
0 -92.530516
45.981918
0 -92.537709
45.977818
0 -92.545682
45.970118
0 -92.548459
45.969056
0 -92.549806
45.967986
0 -92.550672
45.960759
0 -92.549858
45.957039
0 -92.551186
45.95224
0 -92.551933
45.951651
0 -92.5522371105352
45.9516299604961
0 -92.561256
45.951006
0 -92.569764
45.948146
0 -92.574892
45.948103
0 -92.580565
45.94625
0 -92.590138
45.941773
0 -92.60246
45.940815
0 -92.608329
45.938112
0 -92.6108348283154
45.9366118524889
0 -92.614314
45.934529
0 -92.62272
45.935186
0 -92.627723
45.932682
0 -92.62926
45.932404
0 -92.636316
45.934634
0 -92.638824
45.934166
0 -92.6394091905153
45.9338370934603
0 -92.639936
45.933541
0 -92.640115
45.932478
0 -92.638474
45.925971
0 -92.639116
45.924555
0 -92.656125
45.924442
0 -92.659549
45.922937
0 -92.6607610303356
45.9221864230357
0 -92.670352
45.916247
0 -92.676167
45.912072
0 -92.676807
45.91093
0 -92.675737
45.907478
0 -92.676607
45.90637
0 -92.683924
45.903939
0 -92.6862417767257
45.902786499029
0 -92.698983
45.896451
0 -92.703265
45.896155
0 -92.707702
45.894901
0 -92.712503
45.891705
0 -92.721128
45.883805
0 -92.734039
45.868108
0 -92.736484
45.863356
0 -92.736117
45.859129
0 -92.7366025465092
45.8573550118206
0 -92.739278
45.84758
0 -92.739991
45.846283
0 -92.745557
45.841455
0 -92.74918
45.840717
0 -92.759458
45.835341
0 -92.761712
45.833861
0 -92.765146
45.830183
0 -92.765681
45.827252
0 -92.764906
45.824859
0 -92.7646312282879
45.8242277627655
0 -92.761889
45.817928
0 -92.7609091373801
45.8166398954948
0 -92.760023
45.815475
0 -92.757947
45.811216
0 -92.757815
45.806574
0 -92.75901
45.803965
0 -92.761833
45.801258
0 -92.76843
45.79801
0 -92.772065
45.79523
0 -92.776496
45.790014
0 -92.7774143852856
45.7878214691564
0 -92.779617
45.782563
0 -92.7813204003225
45.7733465954075
0 -92.781373
45.773062
0 -92.784621
45.764196
0 -92.7856505021741
45.7634221115289
0 -92.798645
45.753654
0 -92.80263
45.751888
0 -92.803971
45.749805
0 -92.805348
45.747493
0 -92.809837
45.744172
0 -92.812939
45.742709
0 -92.816559
45.742037
0 -92.826013
45.73665
0 -92.828981
45.733714
0 -92.830685
45.73312
0 -92.835917
45.732802
0 -92.841051
45.730024
0 -92.843079
45.729163
0 -92.848851
45.728751
0 -92.850388
45.727576
0 -92.850537
45.724376
0 -92.850933
45.723831
0 -92.853405
45.723152
0 -92.862598
45.722241
0 -92.865688
45.720623
0 -92.869193
45.717568
0 -92.869689
45.715142
0 -92.868862
45.711993
0 -92.871775
45.699774
0 -92.870025
45.697272
0 -92.870145
45.696757
0 -92.875488
45.689014
0 -92.876891
45.675289
0 -92.878932
45.665606
0 -92.882504
45.659471
0 -92.883987
45.65487
0 -92.8844247409864
45.6526221340179
0 -92.885711
45.646017
0 