-98.459241
31.010378
0 -98.459235
31.007745
0 -98.458546
31.006184
0 -98.456621
31.003564
0 -98.453146
30.99957
0 -98.446185
30.992898
0 -98.442576
30.98619
0 -98.441874
30.984324
0 -98.442154
30.982496
0 -98.443229
30.979735
0 -98.450734
30.971628
0 -98.452203
30.970227
0 -98.452897
30.968727
0 -98.452796
30.964399
0 -98.450534
30.958646
0 -98.447098
30.951755
0 -98.445875
30.950697
0 -98.441977
30.949645
0 -98.434255
30.94891
0 -98.427553
30.948689
0 -98.424688
30.948376
0 -98.419838
30.9468
0 -98.416033
30.944851
0 -98.414864
30.943479
0 -98.414508
30.94211
0 -98.416826
30.931963
0 -98.417137
30.929546
0 -98.418746
30.92626
0 -98.419606
30.925352
0 -98.422331
30.924259
0 -98.429207
30.926435
0 -98.435122
30.927104
0 -98.440202
30.92652
0 -98.441898
30.925865
0 -98.444599
30.923109
0 -98.445782
30.921439
0 -98.447174
30.917585
0 -98.448006
30.913794
0 -98.449173
30.907026
0 -98.449463
30.903162
0 -98.449356
30.896605
0 -98.448471
30.892838
0 -98.448753
30.890335
0 -98.449493
30.889439
0 -98.454178
30.885838
0 -98.456436
30.883095
0 -98.457207
30.881147
0 -98.457162
30.878226
0 -98.456352
30.876455
0 -98.452493
30.87231
0 -98.448326
30.870588
0 -98.445867
30.870327
0 -98.437782
30.870567
0 -98.434113
30.870127
0 -98.431557
30.869432
0 -98.426871
30.867293
0 -98.422365
30.864188
0 -98.420738
30.862213
0 -98.41935
30.859121
0 -98.419632
30.850876
0 -98.421026
30.845025
0 -98.422211
30.83923
0 -98.422089
30.835646
0 -98.421593
30.834997
0 -98.415718
30.834728
0 -98.412468
30.835114
0 -98.408851
30.836559
0 -98.406903
30.839051
0 -98.405769
30.842984
0 -98.404977
30.843823
0 -98.401384
30.843996
0 -98.397636
30.843813
0 -98.393646
30.84296
0 -98.388229
30.840576
0 -98.381371
30.838202
0 -98.379578
30.837223
0 -98.376877
30.83489
0 -98.376811
30.831875
0 -98.377595
30.829507
0 -98.380074
30.825998
0 -98.383899
30.822005
0 -98.387627
30.819347
0 -98.390053
30.818436
0 -98.395378
30.818176
0 -98.400887
30.818901
0 -98.403336
30.817936
0 -98.404948
30.815745
0 -98.405434
30.813951
0 -98.408159
30.809008
0 -98.408653
30.80732
0 -98.408958
30.80162
0 -98.409721
30.799131
0 -98.411224
30.796371
0 -98.412552
30.794991
0 -98.415596
30.79427
0 -98.419941
30.7953
0 -98.425045
30.795658
0 -98.428482
30.79394
0 -98.431996
30.790436
0 -98.432543
30.78858
0 -98.432098
30.78631
0 -98.42971
30.783209
0 -98.42485
30.778938
0 -98.422714
30.776054
0 -98.42289
30.773052
0 -98.424355
30.77033
0 -98.426907
30.767828
0 -98.42923
30.763807
0 -98.430214
30.76096
0 -98.43029
30.757783
0 -98.428956
30.754272
0 -98.42663
30.751527
0 -98.424046
30.750507
0 -98.42234
30.750463
0 -98.418248
30.751282
0 -98.41577
30.75181
0 -98.414504
30.751957
0 -98.411769
30.751496
0 -98.406853
30.751492
0 -98.400156
30.75022
0 -98.397793
30.748269
0 -98.394249
30.746489
0 -98.391408
30.746034
0 -98.384781
30.746143
0 -98.379555
30.747374
0 -98.377777
30.747238
0 -98.374878
30.746384
0 -98.371628
30.742922
0 -98.371905
30.740485
0 -98.374062
30.738295
0 -98.376249
30.737055
0 -98.385521
30.730331
0 -98.386101
30.728905
0 -98.388412
30.725673
0 -98.390656
30.722862
0 -98.392654
30.721233
0 -98.397476
30.721252
0 -98.402107
30.72184
0 -98.404152
30.721083
0 -98.407708
30.716541
0 -98.408603
30.71309
0 -98.409073
30.710403
0 -98.410448
30.707891
0 -98.413962
30.704392
0 -98.414436
30.702959
0 -98.414001
30.701834
0 -98.409941
30.697331
0 -98.407738
30.694563
0 -98.40546
30.690226
0 -98.404888
30.68782
0 -98.402176
30.680794
0 -98.402916
30.677359
0 -98.405014
30.675642
0 -98.407776
30.67502
0 -98.413432
30.675913
0 -98.416862
30.675362
0 -98.419899
30.674273
0 -98.424812
30.674179
0 -98.428154
30.67503
0 -98.430115
30.675138
0 -98.434883
30.674205
0 -98.438995
30.673285
0 -98.440462
30.671723
0 -98.441643
30.669157
0 -98.441759
30.666352
0 -98.441124
30.664818
0 -98.439087
30.66251
0 -98.433284
30.662809
0 -98.429512
30.661806
0 -98.428352
30.66073
0 -98.428552
30.657893
0 -98.429043
30.65567
0 -98.4289
30.655012
0 -98.428113
30.653978
0 -98.423083
30.650051
0 -98.418594
30.645926
0 -98.417908
30.644794
0 -98.417387
30.643248
0 -98.417097
30.638706
0 -98.418442
30.633005
0 -98.41834
30.629922
0 -98.417595
30.627274
0 -98.411928
30.616419
0 -98.410551
30.613758
0 -98.406002
30.606894
0 -98.403242
30.603694
0 -98.400736
30.599784
0 -98.399996
30.597305
0 -98.400132
30.596178
0 -98.400696
30.594644
0 -98.402397
30.593178
0 -98.40806
30.590432
0 -98.412445
30.587711
0 -98.413699
30.585921
0 -98.413705
30.58378
0 -98.413089
30.581562
0 -98.411148
30.574644
0 -98.410599
30.573589
0 -98.408172
30.569671
0 -98.404086
30.564868
0 -98.402904
30.563968
0 -98.399914
30.563604
0 -98.397536
30.564083
0 -98.390198
30.567787
0 -98.387864
30.56834
0 -98.386876
30.568647
0 -98.381343
30.570976
0 -98.375946
30.573894
0 -98.370311
30.574438
0 -98.366816
30.573292
0 -98.364288
30.571592
0 -98.352057
30.558472
0 -98.351982
30.558084
0 -98.351928
30.547681
0 -98.351598
30.52023
0 -98.351517
30.51719
0 -98.351162
30.512487
0 -98.351041
30.486096
0 -98.321764
30.478249
0 -98.320375
30.477877
0 -98.250297
30.459454
0 -98.249457
30.45889
0 -98.125556
30.426186
0 -98.103164
30.459695
0 -98.100599
30.463115
0 -98.098897
30.465887
0 -98.098823
30.465965
0 -98.097709
30.467626
0 -98.097793
30.497442
0 -98.097778
30.498058
0 -98.100861
30.497463
0 -98.105919
30.49534
0 -98.108284
30.493576
0 -98.110557
30.490909
0 -98.113723
30.485576
0 -98.118165
30.484793
0 -98.123111
30.484723
0 -98.123126
30.487041
0 -98.116867
30.498705
0 -98.116386
30.500194
0 -98.101262
30.528485
0 -98.074918
30.577538
0 -98.072646
30.581771
0 -98.069711
30.587235
0 -98.066559
30.593103
0 -98.049886
30.624155
0 -98.030344
30.660451
0 -97.997996
30.720209
0 -97.974361
30.764553
0 -97.96286
30.785641
0 -97.939554
30.806541
0 -97.906751
30.835522
0 -97.904133
30.837886
0 -97.90297
30.838243
0 -97.903179
30.838749
0 -97.892834
30.847839
0 -97.879144
30.859907
0 -97.871696
30.867341
0 -97.828512
30.906188
0 -97.829882
30.909521
0 -97.840365
30.929318
0 -97.861879
30.963282
0 -97.862892
30.96481
0 -97.866426
30.96942
0 -97.88572
31.000394
0 -97.886823
31.001985
0 -97.904816
31.025814
0 -97.911684
31.034919
0 -97.997137
31.034085
0 -98.000301
31.033726
0 -98.138905
31.032298
0 -98.164029
31.032057
0 -98.225219
31.0315
0 -98.243704
31.03128
0 -98.269361
31.031012
0 -98.294081
31.030772
0 -98.339247
31.030357
0 -98.439687
31.029537
0 -98.439528
31.025125
0 -98.440293
31.023184
0 -98.442327
31.020476
0 -98.445604
31.018051
0 -98.448291
31.016703
0 -98.451725
31.015449
0 -98.456954
31.013157
0 -98.458745
31.011545
0 -98.459241
31.010378
0 