-80.788494
35.496455
0 -80.787942
35.493135
0 -80.784351
35.487706
0 -80.782498
35.484474
0 -80.782426
35.481763
0 -80.780517
35.476603
0 -80.780211
35.475083
0 -80.779376
35.472223
0 -80.775501
35.466813
0 -80.775053
35.465331
0 -80.774867
35.465129
0 -80.774553
35.464519
0 -80.774096
35.463997
0 -80.773809
35.463736
0 -80.77355
35.463322
0 -80.773399
35.462657
0 -80.773492
35.458645
0 -80.773385
35.457528
0 -80.770613
35.452453
0 -80.766179
35.443524
0 -80.764909
35.440968
0 -80.763691
35.438381
0 -80.76179
35.434399
0 -80.761327
35.433454
0 -80.759775
35.430282
0 -80.756776
35.42365
0 -80.75607
35.422154
0 -80.755988
35.421981
0 -80.755745
35.421465
0 -80.754235
35.418236
0 -80.753065
35.415692
0 -80.752943
35.414527
0 -80.755346
35.413817
0 -80.763703
35.412222
0 -80.76588
35.403527
0 -80.766373
35.401316
0 -80.764255
35.400226
0 -80.76299
35.399586
0 -80.75529
35.394795
0 -80.754236
35.393171
0 -80.753322
35.391832
0 -80.751891
35.38967
0 -80.748172
35.385089
0 -80.744857
35.381166
0 -80.74441
35.380667
0 -80.742588
35.379332
0 -80.736607
35.374832
0 -80.735114
35.373702
0 -80.732728
35.371967
0 -80.732444
35.371768
0 -80.728415
35.368949
0 -80.725406
35.366849
0 -80.721714
35.36429
0 -80.719625
35.362842
0 -80.71761
35.361444
0 -80.713835
35.358812
0 -80.708556
35.355213
0 -80.707329
35.354509
0 -80.699842
35.350248
0 -80.697648
35.349001
0 -80.693698
35.346848
0 -80.69362
35.346806
0 -80.69261
35.344245
0 -80.690275
35.337263
0 -80.689677
35.335694
0 -80.685502
35.323559
0 -80.683672
35.317847
0 -80.68294
35.315609
0 -80.68109
35.30999
0 -80.678136
35.30118
0 -80.672539
35.284569
0 -80.67121
35.280778
0 -80.667274
35.269014
0 -80.665835
35.268181
0 -80.65962
35.264568
0 -80.651504
35.260357
0 -80.646813
35.258008
0 -80.635195
35.2523
0 -80.627978
35.248604
0 -80.609277
35.238791
0 -80.605429
35.23702
0 -80.599802
35.234052
0 -80.599634
35.233963
0 -80.581692
35.224448
0 -80.575974
35.221688
0 -80.567009
35.217005
0 -80.566503
35.216755
0 -80.565702
35.216358
0 -80.550297
35.208381
0 -80.528015
35.196961
0 -80.527913
35.196918
0 -80.526318
35.196083
0 -80.521514
35.193589
0 -80.520159
35.192885
0 -80.505271
35.185147
0 -80.504156
35.187833
0 -80.504322
35.189184
0 -80.50602
35.191567
0 -80.506241
35.192941
0 -80.50543
35.194543
0 -80.499118
35.198478
0 -80.496219
35.203862
0 -80.493793
35.206451
0 -80.489693
35.209728
0 -80.483556
35.212617
0 -80.483194
35.214449
0 -80.484199
35.216145
0 -80.477237
35.226769
0 -80.476222
35.22863
0 -80.469933
35.238277
0 -80.468219
35.24087
0 -80.466674
35.243206
0 -80.465239
35.245376
0 -80.463101
35.248609
0 -80.462021
35.25024
0 -80.461423
35.251019
0 -80.460736
35.25201
0 -80.459494
35.253908
0 -80.459432
35.254006
0 -80.450854
35.266975
0 -80.446915
35.272986
0 -80.445842
35.274634
0 -80.445151
35.275696
0 -80.441858
35.281416
0 -80.435038
35.291643
0 -80.433496
35.293999
0 -80.428006
35.302418
0 -80.427716
35.302862
0 -80.405477
35.336925
0 -80.396961
35.349714
0 -80.375326
35.382209
0 -80.373801
35.38475
0 -80.351289
35.418742
0 -80.350716
35.419519
0 -80.324678
35.458801
0 -80.306963
35.485423
0 -80.302636
35.491907
0 -80.295236
35.502947
0 -80.314332
35.502869
0 -80.319642
35.502852
0 -80.380171
35.502306
0 -80.4063
35.502155
0 -80.422349
35.501964
0 -80.437056
35.502196
0 -80.461687
35.502379
0 -80.496997
35.50257
0 -80.538468
35.502903
0 -80.544503
35.502888
0 -80.562402
35.50311
0 -80.563701
35.503133
0 -80.564421
35.503147
0 -80.570611
35.50328
0 -80.572055
35.50331
0 -80.590639
35.503967
0 -80.597762
35.504309
0 -80.6092
35.504783
0 -80.618463
35.505066
0 -80.619268
35.505151
0 -80.62034
35.505314
0 -80.631849
35.505661
0 -80.63775
35.505792
0 -80.645902
35.505913
0 -80.647187
35.505924
0 -80.67296
35.506481
0 -80.673452
35.506476
0 -80.688362
35.506561
0 -80.695269
35.506705
0 -80.737069
35.507163
0 -80.737283
35.50581
0 -80.784271
35.506018
0 -80.784786
35.504169
0 -80.787725
35.499997
0 -80.788494
35.496455
0 