-82.5076755796787
38.4107828373226
0 -82.50069
38.40626
0 -82.492125
38.400595
0 -82.491021
38.399856
0 -82.490726
38.399646
0 -82.490386
38.399415
0 -82.482421
38.394258
0 -82.478596
38.391692
0 -82.476581
38.390402
0 -82.472101
38.387394
0 -82.469733
38.385954
0 -82.466564
38.383844
0 -82.464365
38.382407
0 -82.461348
38.380435
0 -82.457988
38.378483
0 -82.454644
38.376298
0 -82.454518
38.376216
0 -82.454164
38.375994
0 -82.444193
38.369673
0 -82.430299
38.360537
0 -82.419006
38.353225
0 -82.376359
38.325415
0 -82.352866
38.310167
0 -82.347249
38.306772
0 -82.344172
38.305352
0 -82.343866
38.305286
0 -82.34299
38.306537
0 -82.342714
38.306971
0 -82.340986
38.306526
0 -82.339533
38.30779
0 -82.331583
38.311323
0 -82.331162
38.312637
0 -82.329416
38.313386
0 -82.32845
38.314874
0 -82.330126
38.320326
0 -82.330482
38.323769
0 -82.328072
38.3234
0 -82.326996
38.324629
0 -82.325038
38.325142
0 -82.322527
38.324587
0 -82.321971
38.327072
0 -82.319595
38.327381
0 -82.317315
38.326277
0 -82.314721
38.327909
0 -82.314411
38.331364
0 -82.313008
38.331509
0 -82.311174
38.330844
0 -82.310279
38.32911
0 -82.303987
38.328525
0 -82.302557
38.329087
0 -82.301149
38.327706
0 -82.298667
38.328442
0 -82.297858
38.327443
0 -82.299772
38.325307
0 -82.296256
38.32199
0 -82.293764
38.321708
0 -82.291875
38.320356
0 -82.289643
38.320624
0 -82.288379
38.322175
0 -82.28624
38.321185
0 -82.285966
38.319059
0 -82.288684
38.318204
0 -82.288065
38.316786
0 -82.289125
38.315153
0 -82.288952
38.314014
0 -82.287613
38.312955
0 -82.285338
38.314435
0 -82.28352
38.314206
0 -82.282407
38.311184
0 -82.278569
38.310952
0 -82.278822
38.309149
0 -82.278289
38.308092
0 -82.276464
38.307228
0 -82.275726
38.30549
0 -82.276449
38.303728
0 -82.279769
38.303391
0 -82.282553
38.301342
0 -82.284352
38.301292
0 -82.287697
38.302378
0 -82.290372
38.304088
0 -82.293207
38.303977
0 -82.295753
38.302926
0 -82.297154
38.299825
0 -82.302652
38.299116
0 -82.303249
38.297666
0 -82.305608
38.295229
0 -82.304269
38.293581
0 -82.304729
38.291119
0 -82.302576
38.287714
0 -82.306751
38.285911
0 -82.306905
38.282737
0 -82.308718
38.281061
0 -82.309616
38.278404
0 -82.308828
38.27663
0 -82.311447
38.274995
0 -82.310542
38.272454
0 -82.313406
38.268109
0 -82.312555
38.267305
0 -82.310169
38.266854
0 -82.311016
38.26497
0 -82.309234
38.264346
0 -82.308816
38.263213
0 -82.310213
38.261404
0 -82.309654
38.26006
0 -82.311409
38.256178
0 -82.308801
38.254362
0 -82.308985
38.252271
0 -82.307587
38.250087
0 -82.305603
38.248829
0 -82.303114
38.248671
0 -82.301864
38.246299
0 -82.300406
38.245845
0 -82.299143
38.239876
0 -82.297614
38.239567
0 -82.294174
38.236013
0 -82.291983
38.235565
0 -82.290262
38.233644
0 -82.287477
38.234888
0 -82.286194
38.233256
0 -82.284737
38.232883
0 -82.282264
38.230557
0 -82.280946
38.231506
0 -82.277929
38.23104
0 -82.27683
38.230264
0 -82.275387
38.228084
0 -82.274285
38.228066
0 -82.271406
38.229495
0 -82.2713
38.231381
0 -82.267965
38.231471
0 -82.267602
38.230043
0 -82.264849
38.229199
0 -82.262869
38.230227
0 -82.262762
38.231911
0 -82.261503
38.2342
0 -82.258893
38.234217
0 -82.257417
38.235223
0 -82.258454
38.236437
0 -82.258077
38.237926
0 -82.260185
38.238835
0 -82.260657
38.240053
0 -82.258734
38.242436
0 -82.258711
38.244156
0 -82.260072
38.245207
0 -82.259982
38.246236
0 -82.257398
38.247676
0 -82.256351
38.250087
0 -82.252276
38.252099
0 -82.248926
38.249409
0 -82.246964
38.252946
0 -82.24518
38.254092
0 -82.24507
38.256054
0 -82.247655
38.258227
0 -82.247601
38.262415
0 -82.244844
38.263927
0 -82.244129
38.26708
0 -82.244261
38.268387
0 -82.241316
38.27129
0 -82.234887
38.271195
0 -82.233185
38.274029
0 -82.231489
38.274939
0 -82.227334
38.275523
0 -82.224919
38.276607
0 -82.221066
38.279086
0 -82.219753
38.280439
0 -82.216892
38.280408
0 -82.215447
38.281241
0 -82.214013
38.284527
0 -82.212105
38.286431
0 -82.209591
38.287424
0 -82.207702
38.288953
0 -82.209167
38.289052
0 -82.211638
38.290094
0 -82.211994
38.291164
0 -82.209996
38.292819
0 -82.209447
38.295556
0 -82.210009
38.29754
0 -82.208448
38.298675
0 -82.206815
38.301824
0 -82.208441
38.301569
0 -82.209981
38.302659
0 -82.211304
38.304479
0 -82.211098
38.307214
0 -82.216797
38.309361
0 -82.218887
38.310118
0 -82.220797
38.310411
0 -82.220517
38.310813
0 -82.217085
38.311047
0 -82.214786
38.310327
0 -82.21118
38.310797
0 -82.204762
38.310457
0 -82.203914
38.310098
0 -82.203378
38.308366
0 -82.201892
38.309145
0 -82.199484
38.310345
0 -82.197409
38.310958
0 -82.197281
38.312933
0 -82.198711
38.316219
0 -82.19848
38.317699
0 -82.198107
38.318664
0 -82.196452
38.319464
0 -82.196872
38.321906
0 -82.195751
38.323499
0 -82.192631
38.324206
0 -82.191922
38.325549
0 -82.188534
38.32804
0 -82.183356
38.329495
0 -82.182017
38.332687
0 -82.180216
38.333945
0 -82.179715
38.33541
0 -82.180222
38.337314
0 -82.17871
38.339288
0 -82.177643
38.339784
0 -82.175461
38.337974
0 -82.171878
38.337799
0 -82.171132
38.335707
0 -82.167872
38.335401
0 -82.166586
38.335724
0 -82.164651
38.336506
0 -82.164179
38.336639
0 -82.163577
38.337127
0 -82.163929
38.338453
0 -82.16161
38.338484
0 -82.158761
38.337854
0 -82.157224
38.338196
0 -82.154609
38.340423
0 -82.152635
38.339757
0 -82.151767
38.340764
0 -82.148534
38.34145
0 -82.145061
38.342985
0 -82.141987
38.341625
0 -82.138365
38.341684
0 -82.136438
38.34248
0 -82.135226
38.343868
0 -82.132801
38.344467
0 -82.128597
38.343329
0 -82.127688
38.345991
0 -82.125511
38.346799
0 -82.122477
38.346067
0 -82.12059
38.344614
0 -82.118538
38.344896
0 -82.116475
38.344426
0 -82.11496
38.34598
0 -82.114924
38.346885
0 -82.115002
38.348182
0 -82.115003
38.350607
0 -82.113374
38.352209
0 -82.112459
38.354841
0 -82.110402
38.356286
0 -82.110281
38.358538
0 -82.109298
38.359297
0 -82.108449
38.359217
0 -82.104261
38.356735
0 -82.102606
38.357117
0 -82.10265
38.35853
0 -82.103768
38.359945
0 -82.103591
38.361768
0 -82.102324
38.362274
0 -82.10037
38.362056
0 -82.101572
38.364149
0 -82.100618
38.365813
0 -82.097401
38.367408
0 -82.093893
38.36771
0 -82.092417
38.36689
0 -82.090133
38.366878
0 -82.087141
38.368492
0 -82.084756
38.368302
0 -82.082674
38.369197
0 -82.080873
38.368333
0 -82.077791
38.369687
0 -82.077096
38.371127
0 -82.075277
38.371499
0 -82.074765
38.37302
0 -82.07241
38.373678
0 -82.069281
38.373183
0 -82.068991
38.374916
0 -82.0677
38.374921
0 -82.065094
38.376672
0 -82.062775
38.376768
0 -82.061189
38.374257
0 -82.05748
38.373115
0 -82.056681
38.374139
0 -82.054087
38.373871
0 -82.052196
38.372775
0 -82.051489
38.373119
0 -82.05108
38.375092
0 -82.049816
38.375878
0 -82.048923
38.374769
0 -82.047128
38.374432
0 -82.050383
38.403664
0 -82.050429
38.404523
0 -82.05105
38.414223
0 -82.0514
38.41937
0 -82.051418
38.41964
0 -82.05144
38.419848
0 -82.05201
38.426513
0 -82.052024
38.426697
0 -82.052163
38.428814
0 -82.053401
38.446898
0 -82.053527
38.45324
0 -82.055127
38.474547
0 -82.089917
38.499235
0 -82.111442
38.514755
0 -82.146118
38.539563
0 -82.188308
38.56964
0 -82.218967
38.591683
0 -82.222168
38.591384
0 -82.245969
38.598483
0 -82.252469
38.598783
0 -82.26207
38.598183
0 -82.2649828469854
38.5973153434511
0 -82.27147
38.595383
0 -82.273401260997
38.5942104486804
0 -82.27427
38.593683
0 -82.2871015269719
38.5825881557857
0 -82.291271
38.578983
0 -82.293471
38.575383
0 -82.293871
38.572683
0 -82.293271
38.560283
0 -82.295671
38.538483
0 -82.297771
38.533283
0 -82.300271
38.529383
0 -82.302871
38.523183
0 -82.30327539311
38.5211610344502
0 -82.3035150384615
38.5199628076923
0 -82.303971
38.517683
0 -82.3036523601902
38.512974565744
0 -82.303071
38.504384
0 -82.3031006783737
38.5041759422346
0 -82.304223
38.496308
0 -82.306351
38.490692
0 -82.310639
38.483172
0 -82.311474735797
38.4800219189189
0 -82.312511
38.476116
0 -82.313935
38.468084
0 -82.3162748566372
38.4623643504425
0 -82.318111
38.457876
0 -82.3187370888558
38.456960685314
0 -82.323999
38.449268
0 -82.330335
38.4445
0 -82.33182438771
38.4439866273512
0 -82.3398025656172
38.4412366527829
0 -82.34064
38.440948
0 -82.3447151143207
38.4404566045177
0 -82.3479156339669
38.4400706715668
0 -82.360145
38.438596
0 -82.364401771218
38.4378455344621
0 -82.3719777418475
38.4365098965848
0 -82.3738609126751
38.4361778949958
0 -82.381773
38.434783
0 -82.382022971327
38.4347695812457
0 -82.3890758651338
38.4343909736263
0 -82.389746
38.434355
0 -82.3920862407433
38.4351268341564
0 -82.3920960246516
38.4351300609844
0 -82.404882
38.439347
0 -82.4101870952298
38.4376804449766
0 -82.4251094608319
38.4329926981451
0 -82.4303970915739
38.4313316294567
0 -82.434375
38.430082
0 -82.436018783602
38.4296807930741
0 -82.447076
38.426982
0 -82.4516355025907
38.4261497098446
0 -82.459676
38.424682
0 -82.4617130272254
38.4241822275124
0 -82.4638453058268
38.4236590856676
0 -82.4711652128707
38.4218631901064
0 -82.4712675276174
38.4218380877932
0 -82.486577
38.418082
0 -82.487154018859
38.4178823773437
0 -82.4951048425321
38.4151317488041
0 -82.5076755796787
38.4107828373226
0 