-112.164692995524
41.996697018798
0 -112.165968
41.995803
0 -112.163838
41.992993
0 -112.16005
41.992426
0 -112.157778
41.990732
0 -112.153974
41.985005
0 -112.153605
41.978933
0 -112.152228
41.977372
0 -112.151839
41.974308
0 -112.150744
41.972394
0 -112.150547
41.969947
0 -112.148792
41.968644
0 -112.145848
41.967841
0 -112.144557
41.966826
0 -112.142658
41.9633
0 -112.138275
41.963922
0 -112.135181
41.959509
0 -112.134062
41.958678
0 -112.133896
41.956857
0 -112.132209
41.95463
0 -112.132267
41.953739
0 -112.130204
41.951346
0 -112.128428
41.950107
0 -112.129083
41.948019
0 -112.126761
41.945585
0 -112.124309
41.940845
0 -112.124514
41.938303
0 -112.123909
41.936149
0 -112.124222
41.934487
0 -112.12242
41.930809
0 -112.121924
41.928171
0 -112.118364
41.923437
0 -112.11448
41.919146
0 -112.111297
41.916953
0 -112.108847
41.916446
0 -112.106982
41.912792
0 -112.104523
41.91034
0 -112.100294
41.909697
0 -112.096325
41.907407
0 -112.092991
41.906988
0 -112.091729
41.9059
0 -112.088083
41.904787
0 -112.085494
41.903311
0 -112.083361
41.900327
0 -112.081302
41.898721
0 -112.079255
41.895857
0 -112.079278
41.894276
0 -112.077964
41.892485
0 -112.075356
41.890452
0 -112.074894
41.888202
0 -112.073568
41.886394
0 -112.072285
41.886177
0 -112.071392
41.884765
0 -112.067847
41.881724
0 -112.065577
41.877957
0 -112.065726
41.877019
0 -112.063883
41.875614
0 -112.064835
41.870409
0 -112.063822
41.867982
0 -112.058965
41.868437
0 -112.055474
41.865912
0 -112.052735
41.866015
0 -112.051714
41.864407
0 -112.052712
41.862519
0 -112.049822
41.858648
0 -112.050254
41.857606
0 -112.048634
41.854234
0 -112.046995
41.851845
0 -112.046991
41.85077
0 -112.048006
41.847912
0 -112.046813
41.846753
0 -112.046273
41.842218
0 -112.043488
41.837501
0 -112.041188
41.83376
0 -112.039031
41.831052
0 -112.037618
41.827675
0 -112.035441
41.827285
0 -112.035104
41.824922
0 -112.034153
41.823613
0 -112.02972
41.821044
0 -112.028178
41.819155
0 -112.030926
41.8155
0 -112.029376
41.812017
0 -112.030431
41.810024
0 -112.028587
41.807681
0 -112.027012
41.806912
0 -112.020883
41.805706
0 -112.017368
41.804091
0 -112.014913
41.802183
0 -112.011951
41.798407
0 -112.009277
41.79569
0 -112.008676
41.794152
0 -112.00983
41.792048
0 -112.009623
41.790193
0 -112.012106
41.784343
0 -112.014454
41.780797
0 -112.01897
41.780195
0 -112.021903
41.778784
0 -112.026629
41.775881
0 -112.0262
41.775066
0 -112.02687
41.772027
0 -112.031374
41.769644
0 -112.032382
41.768367
0 -112.033666
41.764139
0 -112.032856
41.761262
0 -112.031697
41.759106
0 -112.032445
41.756432
0 -112.032577
41.753774
0 -112.034182
41.749406
0 -112.03711
41.745695
0 -112.037449
41.743554
0 -112.040309
41.740802
0 -112.043394
41.736445
0 -112.043719
41.734764
0 -112.042934
41.730827
0 -112.04508
41.727219
0 -112.044421
41.722934
0 -112.045307
41.719862
0 -112.044913
41.715615
0 -112.043411
41.712338
0 -112.043422
41.709902
0 -112.049019
41.70703
0 -112.050543
41.706537
0 -112.051629
41.704459
0 -112.051059
41.702481
0 -112.051824
41.700088
0 -112.048975
41.696611
0 -112.049189
41.694845
0 -112.047416
41.693001
0 -112.047045
41.690233
0 -112.046058
41.688045
0 -112.042397
41.685873
0 -112.040046
41.685431
0 -112.036827
41.683148
0 -112.031839
41.682012
0 -112.030958
41.682171
0 -112.027204
41.673989
0 -112.027587
41.672586
0 -112.024947
41.668795
0 -112.023183
41.667492
0 -112.018053
41.662557
0 -112.016527
41.660212
0 -112.015419
41.655175
0 -112.014105
41.652292
0 -112.012789
41.648077
0 -112.013744
41.646257
0 -112.013834
41.643918
0 -112.015715
41.64156
0 -112.01371
41.638917
0 -112.013048
41.635462
0 -112.010214
41.633864
0 -112.007203
41.633016
0 -112.005687
41.631736
0 -112.004714
41.629451
0 -112.006891
41.628029
0 -112.007604
41.623335
0 -112.00643
41.620834
0 -112.005877
41.61711
0 -112.005939
41.614475
0 -112.003676
41.612616
0 -112.00396
41.607484
0 -112.005107
41.604876
0 -112.007353
41.601539
0 -112.007654
41.600097
0 -112.006439
41.597314
0 -112.006703
41.59194
0 -112.004437
41.589025
0 -112.003619
41.586348
0 -112.002545
41.584878
0 -112.001766
41.58129
0 -112.000168
41.579181
0 -112.000176
41.576557
0 -111.999445
41.575962
0 -111.999003
41.571862
0 -111.995591
41.568687
0 -111.994226
41.566009
0 -111.994387
41.562554
0 -111.996063
41.561742
0 -111.996606
41.557572
0 -111.993775
41.555987
0 -111.992646
41.554284
0 -111.991899
41.549953
0 -111.98967
41.547925
0 -111.987737
41.543189
0 -111.985964
41.539953
0 -111.98455
41.538462
0 -111.983896
41.535921
0 -111.982078
41.534032
0 -111.977945
41.535035
0 -111.976607
41.540023
0 -111.974958
41.542216
0 -111.97252
41.543584
0 -111.968859
41.544211
0 -111.965026
41.543324
0 -111.961426
41.54382
0 -111.959497
41.546854
0 -111.958179
41.547362
0 -111.95561
41.549573
0 -111.953673
41.550431
0 -111.946797
41.552926
0 -111.943378
41.553444
0 -111.936951
41.550934
0 -111.936103
41.548241
0 -111.934098
41.546604
0 -111.935062
41.544519
0 -111.933011
41.541156
0 -111.930814
41.540553
0 -111.928712
41.538361
0 -111.926488
41.536976
0 -111.925347
41.537797
0 -111.92311
41.53788
0 -111.920381
41.539059
0 -111.917044
41.538801
0 -111.916859
41.537601
0 -111.91528
41.535297
0 -111.91508
41.533363
0 -111.91372
41.530727
0 -111.914248
41.529841
0 -111.913527
41.525937
0 -111.913835
41.524787
0 -111.911771
41.522287
0 -111.91221
41.520136
0 -111.9119
41.518518
0 -111.908402
41.517132
0 -111.907181
41.515501
0 -111.905788
41.514913
0 -111.907831
41.513226
0 -111.907695
41.511784
0 -111.909313
41.508117
0 -111.908155
41.505372
0 -111.905983
41.50276
0 -111.906953
41.501473
0 -111.90596
41.497802
0 -111.905057
41.49685
0 -111.900618
41.497402
0 -111.898397
41.496483
0 -111.896099
41.496929
0 -111.8923
41.495814
0 -111.888673
41.496391
0 -111.884027
41.496017
0 -111.881715
41.49472
0 -111.880064
41.49232
0 -111.880209
41.491222
0 -111.877092
41.49056
0 -111.875535
41.489709
0 -111.875518
41.488256
0 -111.873245
41.485585
0 -111.87382
41.484435
0 -111.877691
41.482753
0 -111.876178
41.47944
0 -111.877823
41.477588
0 -111.878133
41.474398
0 -111.880095
41.473745
0 -111.881949
41.474562
0 -111.883508
41.473412
0 -111.888291
41.473011
0 -111.890731
41.470555
0 -111.895247
41.469478
0 -111.906137
41.472102
0 -111.90811
41.470763
0 -111.912445
41.469711
0 -111.91345
41.468848
0 -111.912413
41.467508
0 -111.914755
41.467207
0 -111.91695
41.464187
0 -111.916085
41.462146
0 -111.916853
41.460446
0 -111.912595
41.459302
0 -111.906048
41.454973
0 -111.900652
41.454073
0 -111.900029
41.453197
0 -111.901285
41.449656
0 -111.898201
41.445877
0 -111.894551
41.444494
0 -111.893678
41.443331
0 -111.890335
41.441655
0 -111.883704
41.442183
0 -111.88169
41.441449
0 -111.88152
41.435382
0 -111.883711
41.427881
0 -111.885476
41.426435
0 -111.884941
41.425713
0 -111.882552
41.424893
0 -111.880433
41.424901
0 -111.877448
41.423529
0 -111.875774
41.423574
0 -111.872241
41.421348
0 -111.875587
41.418185
0 -111.879456
41.416259
0 -111.880128
41.414495
0 -111.87932
41.412596
0 -111.875538
41.409777
0 -111.874906
41.40703
0 -111.874994
41.404609
0 -111.869864
41.400877
0 -111.868507
41.398497
0 -111.863707
41.399565
0 -111.861843
41.398584
0 -111.86126
41.396401
0 -111.860244
41.395973
0 -111.857019
41.396633
0 -111.855171
41.394297
0 -111.851605
41.393402
0 -111.848255
41.393481
0 -111.844025
41.392437
0 -111.84139
41.391317
0 -111.840969
41.390093
0 -111.839212
41.390025
0 -111.839218
41.388693
0 -111.83695
41.387829
0 -111.834527
41.389394
0 -111.832668
41.389834
0 -111.83148
41.389011
0 -111.829602
41.389298
0 -111.827842
41.39261
0 -111.826141
41.391765
0 -111.820136
41.391895
0 -111.8182
41.39014
0 -111.814108
41.387964
0 -111.807416
41.388911
0 -111.804803
41.390728
0 -111.800757
41.390729
0 -111.797423
41.392316
0 -111.792702
41.391265
0 -111.790388
41.388213
0 -111.789107
41.384526
0 -111.785942
41.382711
0 -111.78406
41.382414
0 -111.783241
41.381072
0 -111.780811
41.379557
0 -111.780845
41.378614
0 -111.775332
41.376558
0 -111.771589
41.375831
0 -111.767587
41.370801
0 -111.766545
41.370023
0 -111.76059
41.368818
0 -111.758527
41.369438
0 -111.756624
41.369232
0 -111.752163
41.370686
0 -111.750771
41.370014
0 -111.746299
41.369785
0 -111.743708
41.371701
0 -111.739266
41.37318
0 -111.737728
41.374212
0 -111.733318
41.375006
0 -111.730015
41.375057
0 -111.72651
41.375814
0 -111.725126
41.377631
0 -111.727226
41.381406
0 -111.726887
41.385051
0 -111.723405
41.388122
0 -111.722932
41.389777
0 -111.717014
41.393372
0 -111.715946
41.394969
0 -111.712032
41.395029
0 -111.71053
41.3978
0 -111.712186
41.39849
0 -111.709403
41.402602
0 -111.706517
41.404844
0 -111.706975
41.408989
0 -111.706178
41.41086
0 -111.706753
41.412691
0 -111.712414
41.413516
0 -111.713678
41.415044
0 -111.716411
41.416075
0 -111.717034
41.415529
0 -111.718736
41.417029
0 -111.72023
41.42031
0 -111.722075
41.421325
0 -111.722905
41.423162
0 -111.721471
41.427324
0 -111.720412
41.425924
0 -111.718177
41.424583
0 -111.714592
41.425187
0 -111.711811
41.423141
0 -111.70779
41.425425
0 -111.706839
41.423548
0 -111.704094
41.421047
0 -111.696486
41.417074
0 -111.693453
41.41814
0 -111.689745
41.418414
0 -111.688539
41.420851
0 -111.685509
41.421253
0 -111.685583
41.423142
0 -111.683033
41.424856
0 -111.680243
41.425538
0 -111.679071
41.427296
0 -111.673466
41.427377
0 -111.666928
41.428802
0 -111.665778
41.427668
0 -111.664114
41.423582
0 -111.661329
41.421906
0 -111.660566
41.418681
0 -111.658127
41.417236
0 -111.656257
41.413634
0 -111.652888
41.411376
0 -111.652061
41.409667
0 -111.652644
41.407793
0 -111.64876
41.406769
0 -111.647519
41.405456
0 -111.643839
41.406094
0 -111.643101
41.410567
0 -111.639858
41.414641
0 -111.63748
41.414792
0 -111.630916
41.418356
0 -111.630112
41.417725
0 -111.626786
41.4176
0 -111.62294
41.419288
0 -111.62273
41.420346
0 -111.618993
41.422093
0 -111.615597
41.422194
0 -111.612308
41.421495
0 -111.612239
41.420447
0 -111.610311
41.418923
0 -111.604123
41.419437
0 -111.599108
41.421314
0 -111.594853
41.419671
0 -111.592081
41.419626
0 -111.589963
41.418722
0 -111.58473
41.418111
0 -111.583856
41.418416
0 -111.580036
41.422823
0 -111.575476
41.428774
0 -111.573777
41.428377
0 -111.571742
41.426135
0 -111.571653
41.42508
0 -111.566574
41.424386
0 -111.564661
41.423119
0 -111.559777
41.423398
0 -111.557352
41.42477
0 -111.554771
41.424089
0 -111.554044
41.423425
0 -111.551681
41.414076
0 -111.548287
41.41088
0 -111.544996
41.409571
0 -111.543399
41.405362
0 -111.541874
41.405059
0 -111.540195
41.406533
0 -111.540716
41.40803
0 -111.539664
41.409473
0 -111.537206
41.411204
0 -111.534174
41.411258
0 -111.531848
41.414521
0 -111.528178
41.414553
0 -111.524338
41.416007
0 -111.521348
41.415971
0 -111.520907
41.41807
0 -111.517417
41.421654
0 -111.514069
41.421746
0 -111.510839
41.4231
0 -111.510175
41.424853
0 -111.510458
41.428018
0 -111.508298
41.428417
0 -111.50675
41.429537
0 -111.507236
41.430678
0 -111.50656
41.43319
0 -111.504477
41.435829
0 -111.500761
41.437624
0 -111.503117
41.440864
0 -111.505597
41.442902
0 -111.505532
41.445891
0 -111.502936
41.448841
0 -111.502899
41.449596
0 -111.505199
41.451598
0 -111.503242
41.453724
0 -111.503538
41.459411
0 -111.501201
41.461498
0 -111.500757
41.464449
0 -111.495724
41.465562
0 -111.492982
41.465325
0 -111.489871
41.466383
0 -111.48854
41.468583
0 -111.490559
41.472208
0 -111.48999
41.473049
0 -111.485808
41.474318
0 -111.481416
41.47692
0 -111.481999
41.479063
0 -111.480294
41.482002
0 -111.479931
41.483827
0 -111.477696
41.487422
0 -111.475508
41.4886
0 -111.474957
41.494909
0 -111.477982
41.497252
0 -111.475336
41.498254
0 -111.474806
41.500302
0 -111.478254
41.503241
0 -111.478061
41.503931
0 -111.474762
41.505436
0 -111.471386
41.506458
0 -111.468652
41.508881
0 -111.467135
41.509259
0 -111.46466
41.514927
0 -111.46303
41.515716
0 -111.460211
41.518658
0 -111.458029
41.519275
0 -111.456359
41.52093
0 -111.457267
41.5225
0 -111.457411
41.525354
0 -111.455811
41.526733
0 -111.458063
41.527945
0 -111.45915
41.529452
0 -111.458674
41.531806
0 -111.456946
41.532214
0 -111.454854
41.530529
0 -111.453017
41.52985
0 -111.448728
41.531418
0 -111.442949
41.531365
0 -111.442268
41.532532
0 -111.44177
41.534529
0 -111.442777
41.538874
0 -111.443846
41.541256
0 -111.44522
41.542032
0 -111.445188
41.544336
0 -111.442444
41.546201
0 -111.442863
41.54775
0 -111.442169
41.549028
0 -111.436119
41.550692
0 -111.433099
41.553629
0 -111.433341
41.555351
0 -111.432163
41.557754
0 -111.432089
41.559706
0 -111.430704
41.561064
0 -111.431657
41.562454
0 -111.430989
41.564704
0 -111.429407
41.566774
0 -111.430852
41.568617
0 -111.430376
41.569865
0 -111.430718
41.575093
0 -111.429811
41.577702
0 -111.427898
41.57843
0 -111.427233
41.581277
0 -111.427028
41.585569
0 -111.428173
41.586845
0 -111.429204
41.589783
0 -111.42849
41.591875
0 -111.427246
41.592828
0 -111.42781
41.59403
0 -111.427778
41.597838
0 -111.426806
41.599013
0 -111.427925
41.60165
0 -111.427326
41.603847
0 -111.427994
41.605777
0 -111.427276
41.607132
0 -111.427745
41.608977
0 -111.426567
41.610487
0 -111.427629
41.61492
0 -111.42984
41.618191
0 -111.428752
41.620221
0 -111.422792
41.624031
0 -111.421233
41.624015
0 -111.417686
41.622428
0 -111.414483
41.624641
0 -111.411871
41.625773
0 -111.410663
41.627435
0 -111.412065
41.630135
0 -111.411707
41.631681
0 -111.413769
41.635006
0 -111.415535
41.63679
0 -111.416618
41.639256
0 -111.414146
41.641684
0 -111.412271
41.64231
0 -111.408636
41.644941
0 -111.40825
41.64934
0 -111.403251
41.651995
0 -111.401576
41.654081
0 -111.402077
41.658881
0 -111.402649
41.659779
0 -111.40686
41.66315
0 -111.405715
41.664893
0 -111.40703
41.666731
0 -111.409918
41.665877
0 -111.41389
41.666417
0 -111.414678
41.668284
0 -111.413942
41.669995
0 -111.415004
41.67341
0 -111.414101
41.674629
0 -111.415461
41.67612
0 -111.421249
41.67414
0 -111.422816
41.67427
0 -111.425898
41.676748
0 -111.426855
41.677864
0 -111.425719
41.681018
0 -111.426148
41.682295
0 -111.425477
41.685194
0 -111.426198
41.686335
0 -111.424857
41.687199
0 -111.424194
41.689146
0 -111.424135
41.692073
0 -111.426944
41.694313
0 -111.426124
41.695849
0 -111.423126
41.697232
0 -111.419913
41.696834
0 -111.420083
41.698279
0 -111.421657
41.700143
0 -111.421013
41.70334
0 -111.42096
41.706623
0 -111.418281
41.708929
0 -111.417127
41.712624
0 -111.418053
41.717025
0 -111.41753
41.720046
0 -111.417922
41.721726
0 -111.419997
41.72294
0 -111.420272
41.724603
0 -111.422756
41.724836
0 -111.42854
41.726516
0 -111.431835
41.729322
0 -111.43511
41.731211
0 -111.438398
41.734182
0 -111.442086
41.736067
0 -111.442149
41.738279
0 -111.440667
41.740208
0 -111.440778
41.741774
0 -111.444386
41.742987
0 -111.445288
41.744755
0 -111.444301
41.746328
0 -111.442152
41.747409
0 -111.442872
41.749965
0 -111.441405
41.751339
0 -111.441016
41.755773
0 -111.441757
41.757317
0 -111.444576
41.758981
0 -111.445522
41.760526
0 -111.445323
41.76414
0 -111.443927
41.765225
0 -111.444835
41.767414
0 -111.44331
41.769885
0 -111.443512
41.771701
0 -111.44657
41.773085
0 -111.449328
41.771859
0 -111.45223
41.775569
0 -111.452324
41.777688
0 -111.451369
41.77868
0 -111.454656
41.77957
0 -111.455103
41.782631
0 -111.454848
41.784108
0 -111.453042
41.785634
0 -111.454298
41.788066
0 -111.453606
41.790514
0 -111.451748
41.791138
0 -111.4509
41.79282
0 -111.452397
41.796262
0 -111.452086
41.798195
0 -111.453755
41.801669
0 -111.45394
41.803748
0 -111.455871
41.805509
0 -111.457621
41.806015
0 -111.45958
41.807894
0 -111.460213
41.81085
0 -111.461987
41.812746
0 -111.460722
41.816985
0 -111.464158
41.820849
0 -111.467157
41.823628
0 -111.470339
41.824735
0 -111.474647
41.82776
0 -111.478674
41.832506
0 -111.483246
41.836072
0 -111.487643
41.838505
0 -111.490317
41.84045
0 -111.493662
41.8441
0 -111.502072
41.85043
0 -111.504147
41.85068
0 -111.507864
41.852589
0 -111.504904
41.855109
0 -111.504388
41.857412
0 -111.5025
41.859065
0 -111.501944
41.860989
0 -111.506853
41.864548
0 -111.507376
41.866087
0 -111.509035
41.867312
0 -111.509301
41.868758
0 -111.504955
41.867693
0 -111.502698
41.868007
0 -111.499523
41.871296
0 -111.498022
41.871579
0 -111.494177
41.873626
0 -111.492396
41.879241
0 -111.492949
41.881183
0 -111.492184
41.883919
0 -111.493658
41.887128
0 -111.496559
41.887102
0 -111.498314
41.88789
0 -111.500092
41.887238
0 -111.502779
41.88766
0 -111.499992
41.892472
0 -111.5011
41.895883
0 -111.500396
41.898263
0 -111.503977
41.902329
0 -111.506911
41.903256
0 -111.508087
41.904372
0 -111.511361
41.905134
0 -111.511545
41.908606
0 -111.509143
41.911299
0 -111.507804
41.911625
0 -111.504634
41.911216
0 -111.503953
41.912977
0 -111.502594
41.913653
0 -111.500393
41.912093
0 -111.498987
41.913119
0 -111.49716
41.913192
0 -111.495748
41.911865
0 -111.492109
41.912383
0 -111.491282
41.910686
0 -111.488692
41.910923
0 -111.485203
41.910627
0 -111.48199
41.911217
0 -111.478331
41.912687
0 -111.477851
41.913519
0 -111.478412
41.917196
0 -111.475183
41.922965
0 -111.473218
41.923479
0 -111.473366
41.925467
0 -111.471321
41.928157
0 -111.472665
41.931044
0 -111.474821
41.933295
0 -111.47484
41.934314
0 -111.476472
41.935007
0 -111.476799
41.936232
0 -111.475169
41.938621
0 -111.475494
41.940408
0 -111.474892
41.944908
0 -111.473408
41.945694
0 -111.473236
41.947496
0 -111.474942
41.948279
0 -111.476764
41.951421
0 -111.477483
41.953415
0 -111.477289
41.954768
0 -111.475506
41.956352
0 -111.475863
41.95765
0 -111.479153
41.960737
0 -111.479183
41.961749
0 -111.481356
41.963317
0 -111.48336
41.963799
0 -111.484268
41.965997
0 -111.483431
41.969988
0 -111.484352
41.972538
0 -111.484347
41.975355
0 -111.48498
41.975839
0 -111.488663
41.976151
0 -111.49082
41.977053
0 -111.494034
41.979449
0 -111.49509
41.98274
0 -111.497496
41.985091
0 -111.503806
41.987571
0 -111.506325
41.9873
0 -111.507991
41.987703
0 -111.50878
41.990672
0 -111.508788
41.99257
0 -111.50757
41.995868
0 -111.507368
41.998583
0 -111.507789674782
41.9995175941635
0 -111.507805973428
41.9995175815805
0 -111.739701086893
41.9993385517041
0 -111.750778
41.99933
0 -111.798591396746
41.9990249691425
0 -111.812837629755
41.9989340837219
0 -111.813157204434
41.9989320449599
0 -111.836842328466
41.9987809430892
0 -111.876491
41.998528
0 -111.896102203799
41.998511962625
0 -111.915618471993
41.9984960028851
0 -111.915622
41.998496
0 -111.915837
41.998519
0 -111.933594743632
41.9984878502675
0 -111.949979201919
41.9984591094826
0 -111.974251174595
41.9984165328202
0 -112.01218
41.99835
0 -112.026840137166
41.9982367570964
0 -112.109511487213
41.997598158452
0 -112.109532
41.997598
0 -112.163956
41.996708
0 -112.164692995524
41.996697018798
0 