-120.993595
38.225582
0 -120.995497
38.225405
0 -120.987602
38.207456
0 -120.986446
38.204647
0 -120.975303
38.178123
0 -120.975206
38.177886
0 -120.969175
38.163023
0 -120.93885
38.088321
0 -120.926449
38.077421
0 -120.918681
38.070756
0 -120.876047
38.028894
0 -120.85251
38.009344
0 -120.849933
38.00714
0 -120.844741
38.003173
0 -120.841146
38.000781
0 -120.832781
37.99384
0 -120.793213
37.958603
0 -120.788998
37.954773
0 -120.783996
37.950961
0 -120.780451
37.947727
0 -120.775787
37.943041
0 -120.771937
37.940209
0 -120.767422
37.936118
0 -120.761301
37.931067
0 -120.752695
37.923334
0 -120.750997
37.920721
0 -120.747344
37.916054
0 -120.744624
37.912582
0 -120.728675
37.897671
0 -120.719379
37.890304
0 -120.660839
37.838928
0 -120.659938
37.838228
0 -120.655205
37.83326
0 -120.653274
37.831858
0 -120.652673
37.831422
0 -120.653237
37.83282
0 -120.64865
37.837561
0 -120.646593
37.838278
0 -120.643442
37.840477
0 -120.642707
37.842253
0 -120.643692
37.844055
0 -120.641507
37.846026
0 -120.639158
37.846725
0 -120.637376
37.848699
0 -120.637905
37.849903
0 -120.637967
37.852377
0 -120.636888
37.854753
0 -120.635709
37.855858
0 -120.635483
37.857902
0 -120.633786
37.860608
0 -120.627683
37.863313
0 -120.625975
37.865069
0 -120.623799
37.866196
0 -120.622714
37.86747
0 -120.616974
37.870054
0 -120.609031
37.872715
0 -120.604736
37.87324
0 -120.605447
37.875869
0 -120.600136
37.879627
0 -120.596298
37.883359
0 -120.597161
37.884954
0 -120.596681
37.888144
0 -120.590242
37.891726
0 -120.587525
37.895223
0 -120.585102
37.895935
0 -120.582386
37.8961
0 -120.579338
37.895646
0 -120.577233
37.894863
0 -120.572982
37.894135
0 -120.570752
37.894845
0 -120.568158
37.897559
0 -120.566991
37.899733
0 -120.56655
37.901161
0 -120.564364
37.903049
0 -120.562976
37.907263
0 -120.562525
37.910526
0 -120.562872
37.912436
0 -120.562198
37.91407
0 -120.561107
37.914723
0 -120.556631
37.915908
0 -120.555155
37.916831
0 -120.553376
37.919732
0 -120.551108
37.921676
0 -120.547281
37.921679
0 -120.54524
37.920354
0 -120.542643
37.920178
0 -120.53985
37.924442
0 -120.537616
37.926862
0 -120.537255
37.930108
0 -120.539448
37.933256
0 -120.540016
37.93581
0 -120.539443
37.937387
0 -120.536742
37.940044
0 -120.5366
37.941917
0 -120.535242
37.944404
0 -120.533607
37.945112
0 -120.530943
37.945512
0 -120.523796
37.949054
0 -120.52221
37.94992
0 -120.516745
37.951973
0 -120.514952
37.95339
0 -120.513439
37.956444
0 -120.513353
37.957945
0 -120.515088
37.962146
0 -120.517597
37.965308
0 -120.524767
37.968238
0 -120.526408
37.969292
0 -120.527668
37.970913
0 -120.52797
37.972444
0 -120.527575
37.974545
0 -120.528292
37.975895
0 -120.531128
37.976312
0 -120.538687
37.974453
0 -120.542324
37.974541
0 -120.543274
37.97572
0 -120.542853
37.977248
0 -120.541149
37.978475
0 -120.536355
37.980173
0 -120.531817
37.980672
0 -120.528116
37.982239
0 -120.527747
37.983936
0 -120.529942
37.986237
0 -120.534276
37.989443
0 -120.534985
37.990939
0 -120.532767
37.992164
0 -120.529939
37.992539
0 -120.525193
37.993668
0 -120.521653
37.99516
0 -120.520515
37.996354
0 -120.520404
37.998356
0 -120.51886
38.002221
0 -120.516178
38.004133
0 -120.513521
38.004054
0 -120.511091
38.002585
0 -120.509285
37.999928
0 -120.509692
37.99816
0 -120.514006
37.996632
0 -120.513547
37.995611
0 -120.510783
37.993386
0 -120.509195
37.991508
0 -120.505766
37.990902
0 -120.504516
37.991144
0 -120.499817
37.995437
0 -120.499374
37.996188
0 -120.499284
37.999925
0 -120.500161
38.004124
0 -120.500441
38.00663
0 -120.499822
38.007937
0 -120.496716
38.008197
0 -120.493424
38.010701
0 -120.492056
38.011203
0 -120.489725
38.00938
0 -120.486887
38.009467
0 -120.483679
38.012106
0 -120.481718
38.012399
0 -120.477953
38.011756
0 -120.47378
38.012441
0 -120.468509
38.009649
0 -120.46503
38.009591
0 -120.463749
38.01039
0 -120.462798
38.011927
0 -120.463852
38.013356
0 -120.467345
38.013592
0 -120.468426
38.014335
0 -120.469678
38.016448
0 -120.46884
38.019648
0 -120.464533
38.021092
0 -120.462133
38.022375
0 -120.461643
38.023382
0 -120.461475
38.026906
0 -120.46104
38.027844
0 -120.457749
38.031552
0 -120.454919
38.037526
0 -120.453965
38.038208
0 -120.453941
38.041347
0 -120.448216
38.046521
0 -120.44628
38.04778
0 -120.443445
38.051655
0 -120.443132
38.053547
0 -120.443481
38.055721
0 -120.442529
38.058741
0 -120.440475
38.060481
0 -120.438075
38.060894
0 -120.435092
38.059751
0 -120.432992
38.05953
0 -120.431245
38.060509
0 -120.430817
38.066832
0 -120.430646
38.071467
0 -120.431254
38.07284
0 -120.42613
38.072613
0 -120.424371
38.0732
0 -120.424076
38.07378
0 -120.424118
38.075893
0 -120.421533
38.078746
0 -120.418639
38.0806
0 -120.415322
38.081106
0 -120.414589
38.083964
0 -120.411898
38.086024
0 -120.410596
38.087877
0 -120.410396
38.09243
0 -120.409442
38.095198
0 -120.410514
38.099934
0 -120.410008
38.102399
0 -120.40837
38.103905
0 -120.401923
38.107826
0 -120.395867
38.109889
0 -120.387963
38.115243
0 -120.386225
38.11824
0 -120.385762
38.120939
0 -120.38443
38.123616
0 -120.384026
38.125652
0 -120.382519
38.127574
0 -120.378783
38.129769
0 -120.378088
38.13208
0 -120.378695
38.133911
0 -120.37803
38.135557
0 -120.37267
38.136747
0 -120.371396
38.137868
0 -120.371054
38.139663
0 -120.371077
38.140178
0 -120.372351
38.141139
0 -120.376031
38.141917
0 -120.376203
38.142649
0 -120.372641
38.14663
0 -120.37151
38.149924
0 -120.368815
38.152234
0 -120.367569
38.152806
0 -120.357544
38.153879
0 -120.35792
38.158089
0 -120.360208
38.15953
0 -120.360324
38.160354
0 -120.356787
38.162984
0 -120.353572
38.163784
0 -120.350497
38.169823
0 -120.348353
38.170714
0 -120.344816
38.170118
0 -120.340933
38.171627
0 -120.340208
38.17293
0 -120.340961
38.174829
0 -120.339945
38.178192
0 -120.337249
38.178054
0 -120.33745
38.180501
0 -120.339709
38.183111
0 -120.339506
38.183911
0 -120.336259
38.18439
0 -120.335534
38.184962
0 -120.335647
38.187935
0 -120.333213
38.188003
0 -120.331849
38.188895
0 -120.331733
38.190313
0 -120.330136
38.193881
0 -120.330424
38.194979
0 -120.326367
38.195938
0 -120.325116
38.199415
0 -120.324032
38.200077
0 -120.321896
38.201334
0 -120.320532
38.204239
0 -120.317253
38.207256
0 -120.317222
38.208812
0 -120.315828
38.210755
0 -120.315915
38.212105
0 -120.312112
38.215809
0 -120.310196
38.218416
0 -120.308191
38.222074
0 -120.307579
38.224431
0 -120.303633
38.227012
0 -120.301977
38.229436
0 -120.294172
38.232427
0 -120.29124
38.234003
0 -120.290601
38.235283
0 -120.290248
38.238051
0 -120.290566
38.239515
0 -120.290357
38.243885
0 -120.289221
38.24656
0 -120.286552
38.247816
0 -120.286142
38.249761
0 -120.284222
38.251595
0 -120.28219
38.25212
0 -120.27972
38.254932
0 -120.277339
38.256691
0 -120.275914
38.258817
0 -120.273564
38.259021
0 -120.272432
38.259775
0 -120.272428
38.262177
0 -120.273992
38.264374
0 -120.273788
38.265426
0 -120.271899
38.267643
0 -120.271009
38.270281
0 -120.270181
38.271119
0 -120.266213
38.272413
0 -120.264894
38.274248
0 -120.260479
38.278064
0 -120.259053
38.280579
0 -120.25806
38.283232
0 -120.256374
38.285747
0 -120.254514
38.286774
0 -120.251872
38.287022
0 -120.249844
38.288686
0 -120.246973
38.290199
0 -120.24277
38.293177
0 -120.23987
38.295787
0 -120.237988
38.298419
0 -120.237089
38.298466
0 -120.237268
38.301554
0 -120.23457
38.303638
0 -120.234323
38.304394
0 -120.23382
38.30643
0 -120.231556
38.307461
0 -120.228749
38.314394
0 -120.225355
38.315793
0 -120.224516
38.318195
0 -120.222659
38.319821
0 -120.21697
38.321449
0 -120.211079
38.324564
0 -120.208934
38.326739
0 -120.205161
38.329646
0 -120.203711
38.332552
0 -120.201536
38.334636
0 -120.199884
38.339234
0 -120.197594
38.342163
0 -120.19617
38.34285
0 -120.196172
38.344589
0 -120.19478
38.34635
0 -120.193301
38.349371
0 -120.191239
38.349853
0 -120.190137
38.352758
0 -120.189877
38.35596
0 -120.188223
38.357586
0 -120.184797
38.358822
0 -120.184188
38.360858
0 -120.182505
38.363741
0 -120.182245
38.366143
0 -120.180939
38.368088
0 -120.178442
38.370216
0 -120.176466
38.371246
0 -120.176177
38.374014
0 -120.174027
38.373626
0 -120.173621
38.375502
0 -120.170513
38.375914
0 -120.166766
38.379758
0 -120.162669
38.380926
0 -120.161216
38.380903
0 -120.158543
38.385295
0 -120.155319
38.386897
0 -120.153081
38.386944
0 -120.148955
38.388865
0 -120.146572
38.390375
0 -120.145816
38.391633
0 -120.140991
38.394013
0 -120.137358
38.393166
0 -120.136632
38.394859
0 -120.134916
38.396529
0 -120.132738
38.396826
0 -120.128842
38.395751
0 -120.126953
38.396391
0 -120.121633
38.399479
0 -120.120644
38.399478
0 -120.115586
38.401193
0 -120.112565
38.400781
0 -120.108203
38.402061
0 -120.107447
38.401169
0 -120.105153
38.400871
0 -120.099019
38.401532
0 -120.097769
38.402882
0 -120.090181
38.403748
0 -120.087914
38.403381
0 -120.085354
38.405918
0 -120.082155
38.408456
0 -120.080846
38.410103
0 -120.077415
38.410673
0 -120.075699
38.412089
0 -120.07471
38.411403
0 -120.073256
38.41202
0 -120.073575
38.413576
0 -120.069737
38.413481
0 -120.067903
38.415493
0 -120.065405
38.41476
0 -120.063921
38.414942
0 -120.062612
38.416519
0 -120.059821
38.417158
0 -120.057088
38.41711
0 -120.055748
38.418596
0 -120.053743
38.419212
0 -120.049032
38.419369
0 -120.048303
38.420626
0 -120.045888
38.422294
0 -120.042775
38.422978
0 -120.040563
38.425927
0 -120.038498
38.425971
0 -120.036435
38.424619
0 -120.029923
38.424682
0 -120.029254
38.425048
0 -120.027972
38.426396
0 -120.023869
38.429319
0 -120.02311
38.430874
0 -120.021072
38.431833
0 -120.019951
38.433521
0 -120.053578
38.455554
0 -120.055137
38.455056
0 -120.056371
38.45343
0 -120.064754
38.450456
0 -120.066669
38.448127
0 -120.070672
38.447901
0 -120.072566
38.447081
0 -120.07251
38.47815
0 -120.072484
38.509869
0 -120.078492
38.508732
0 -120.080408
38.507431
0 -120.082762
38.508298
0 -120.085055
38.507223
0 -120.08941
38.5064
0 -120.092221
38.507503
0 -120.096444
38.506088
0 -120.098119
38.504359
0 -120.100299
38.503997
0 -120.101416
38.505063
0 -120.103369
38.505437
0 -120.106045
38.503923
0 -120.107996
38.50384
0 -120.109549
38.501334
0 -120.110803
38.500472
0 -120.11151
38.498517
0 -120.114131
38.497568
0 -120.117156
38.497468
0 -120.117857
38.496671
0 -120.123445
38.495958
0 -120.125191
38.495844
0 -120.128841
38.497205
0 -120.136716
38.497401
0 -120.13939
38.498341
0 -120.142482
38.498025
0 -120.143762
38.496795
0 -120.146708
38.495319
0 -120.152131
38.495356
0 -120.153523
38.494431
0 -120.155822
38.494101
0 -120.157243
38.494757
0 -120.164319
38.494235
0 -120.169224
38.496294
0 -120.174855
38.496125
0 -120.177893
38.496425
0 -120.180054
38.495558
0 -120.183407
38.496828
0 -120.186313
38.496961
0 -120.188591
38.497807
0 -120.193647
38.498788
0 -120.198222
38.499202
0 -120.205702
38.501039
0 -120.209405
38.500757
0 -120.214222
38.498576
0 -120.217417
38.497706
0 -120.220538
38.494419
0 -120.22603
38.490742
0 -120.230396
38.490302
0 -120.233659
38.490344
0 -120.235546
38.489885
0 -120.236922
38.488078
0 -120.240871
38.485351
0 -120.244628
38.485737
0 -120.247277
38.486854
0 -120.252381
38.486789
0 -120.254637
38.48771
0 -120.2571
38.486929
0 -120.259926
38.486717
0 -120.261393
38.485869
0 -120.26342
38.482626
0 -120.264441
38.482734
0 -120.267527
38.480128
0 -120.269538
38.477702
0 -120.272826
38.477758
0 -120.275176
38.476147
0 -120.277647
38.475612
0 -120.283785
38.475447
0 -120.288649
38.477074
0 -120.29374
38.477349
0 -120.301136
38.47431
0 -120.304564
38.472126
0 -120.306562
38.472453
0 -120.310154
38.472209
0 -120.319114
38.471026
0 -120.320338
38.470491
0 -120.322272
38.468616
0 -120.32804
38.46654
0 -120.33104
38.465192
0 -120.333191
38.465416
0 -120.338139
38.467437
0 -120.342646
38.467149
0 -120.351577
38.466203
0 -120.353649
38.465483
0 -120.362101
38.46667
0 -120.36492
38.466571
0 -120.369996
38.465186
0 -120.374276
38.462734
0 -120.376023
38.462575
0 -120.379282
38.461065
0 -120.380707
38.461042
0 -120.384547
38.46198
0 -120.386409
38.465961
0 -120.389727
38.467196
0 -120.392316
38.467379
0 -120.399213
38.466719
0 -120.403541
38.467471
0 -120.406765
38.468912
0 -120.408334
38.46912
0 -120.412429
38.468666
0 -120.413273
38.469169
0 -120.412835
38.470813
0 -120.414664
38.473075
0 -120.416639
38.47358
0 -120.419694
38.47312
0 -120.423215
38.473322
0 -120.42436
38.472023
0 -120.428139
38.469295
0 -120.43159
38.467178
0 -120.437028
38.464384
0 -120.44154
38.463106
0 -120.443988
38.46147
0 -120.44554
38.457974
0 -120.447843
38.456127
0 -120.447733
38.453543
0 -120.448668
38.452447
0 -120.452156
38.450111
0 -120.455473
38.449767
0 -120.457275
38.449056
0 -120.461404
38.446171
0 -120.46309
38.446559
0 -120.464809
38.448068
0 -120.467137
38.448844
0 -120.470219
38.447492
0 -120.472808
38.448108
0 -120.475718
38.448106
0 -120.478713
38.446891
0 -120.483222
38.446796
0 -120.484355
38.445857
0 -120.485954
38.445649
0 -120.490985
38.446286
0 -120.493959
38.447228
0 -120.494221
38.449006
0 -120.495129
38.449625
0 -120.499673
38.447702
0 -120.499899
38.446459
0 -120.497931
38.445279
0 -120.498295
38.444357
0 -120.50149
38.444319
0 -120.503909
38.444711
0 -120.505602
38.443699
0 -120.50464
38.439378
0 -120.508354
38.437147
0 -120.512862
38.431633
0 -120.515922
38.428914
0 -120.519384
38.427682
0 -120.520811
38.426448
0 -120.521483
38.424801
0 -120.52358
38.422653
0 -120.527215
38.422931
0 -120.529371
38.420645
0 -120.53013
38.418884
0 -120.537604
38.418524
0 -120.538678
38.419395
0 -120.541304
38.422911
0 -120.542775
38.421823
0 -120.550341
38.420284
0 -120.552338
38.418268
0 -120.553886
38.418346
0 -120.555273
38.41677
0 -120.558152
38.416286
0 -120.560014
38.41506
0 -120.567821
38.414997
0 -120.570785
38.414324
0 -120.572271
38.412502
0 -120.570577
38.40809
0 -120.570903
38.406584
0 -120.573588
38.402575
0 -120.57556
38.401388
0 -120.581352
38.401602
0 -120.583697
38.400888
0 -120.586938
38.400516
0 -120.590092
38.399254
0 -120.595798
38.399626
0 -120.601357
38.399724
0 -120.605785
38.399005
0 -120.608071
38.397995
0 -120.609139
38.396716
0 -120.610025
38.392567
0 -120.611757
38.390693
0 -120.614881
38.389408
0 -120.615081
38.388701
0 -120.614058
38.385445
0 -120.614079
38.382506
0 -120.614739
38.380612
0 -120.616848
38.37908
0 -120.617107
38.378237
0 -120.616286
38.376188
0 -120.615056
38.374915
0 -120.614576
38.372827
0 -120.610552
38.371981
0 -120.610438
38.370013
0 -120.613257
38.368253
0 -120.616163
38.367978
0 -120.618284
38.366858
0 -120.618633
38.365073
0 -120.617646
38.363631
0 -120.617792
38.361023
0 -120.619682
38.357729
0 -120.621861
38.357363
0 -120.624387
38.357524
0 -120.627895
38.35583
0 -120.628273
38.355404
0 -120.629182
38.350363
0 -120.631801
38.345566
0 -120.630572
38.343727
0 -120.630933
38.3411
0 -120.63129
38.340263
0 -120.633372
38.339838
0 -120.638507
38.340835
0 -120.640737
38.339001
0 -120.642269
38.338506
0 -120.644583
38.336967
0 -120.646613
38.334586
0 -120.648519
38.334661
0 -120.651555
38.333989
0 -120.6565
38.330912
0 -120.658983
38.331559
0 -120.663312
38.331846
0 -120.666923
38.331494
0 -120.669295
38.330762
0 -120.672608
38.32925
0 -120.674925
38.330693
0 -120.67646
38.328562
0 -120.679391
38.32657
0 -120.683569
38.324667
0 -120.685846
38.320309
0 -120.688184
38.318883
0 -120.692396
38.31794
0 -120.698335
38.318114
0 -120.70302
38.316314
0 -120.710851
38.315445
0 -120.713583
38.3149
0 -120.714735
38.313382
0 -120.717175
38.313403
0 -120.72035
38.312677
0 -120.722354
38.311288
0 -120.723806
38.311007
0 -120.730996
38.307958
0 -120.732882
38.307698
0 -120.734629
38.308332
0 -120.738286
38.307768
0 -120.742139
38.304768
0 -120.745923
38.300611
0 -120.750083
38.297653
0 -120.751694
38.295942
0 -120.753236
38.290292
0 -120.754442
38.288469
0 -120.756333
38.288383
0 -120.757755
38.289584
0 -120.759678
38.290031
0 -120.761865
38.289847
0 -120.767291
38.290316
0 -120.771497
38.288782
0 -120.774845
38.288659
0 -120.779002
38.287619
0 -120.785314
38.288925
0 -120.790542
38.288593
0 -120.795631
38.28687
0 -120.798482
38.285591
0 -120.799922
38.286039
0 -120.800697
38.287129
0 -120.803365
38.288867
0 -120.805765
38.288042
0 -120.806765
38.288847
0 -120.808321
38.287694
0 -120.808406
38.285882
0 -120.810546
38.281605
0 -120.812878
38.281783
0 -120.814313
38.283508
0 -120.816852
38.28392
0 -120.819228
38.282068
0 -120.822044
38.275451
0 -120.824875
38.274552
0 -120.828059
38.271888
0 -120.832042
38.269148
0 -120.835358
38.267442
0 -120.837379
38.267215
0 -120.840693
38.26538
0 -120.843174
38.264439
0 -120.846789
38.264273
0 -120.847346
38.262416
0 -120.848654
38.261117
0 -120.848963
38.258785
0 -120.850053
38.257254
0 -120.852521
38.255651
0 -120.854206
38.252883
0 -120.854418
38.24992
0 -120.855667
38.248296
0 -120.857379
38.247358
0 -120.861291
38.246214
0 -120.863629
38.246051
0 -120.869971
38.244402
0 -120.872304
38.242442
0 -120.874465
38.241961
0 -120.87542
38.239772
0 -120.877063
38.23968
0 -120.878968
38.240837
0 -120.88006
38.24061
0 -120.880962
38.238872
0 -120.880767
38.23361
0 -120.882131
38.232741
0 -120.882943
38.230704
0 -120.884829
38.229034
0 -120.887701
38.228347
0 -120.888774
38.227569
0 -120.891588
38.223107
0 -120.893792
38.221277
0 -120.896112
38.221208
0 -120.903074
38.222557
0 -120.904757
38.224525
0 -120.907078
38.225165
0 -120.909312
38.227476
0 -120.912736
38.229466
0 -120.91494
38.230037
0 -120.917725
38.229991
0 -120.925528
38.227632
0 -120.930022
38.224999
0 -120.933385
38.221954
0 -120.937155
38.220762
0 -120.942204
38.223346
0 -120.947195
38.224671
0 -120.950329
38.225973
0 -120.953404
38.226315
0 -120.95781
38.222857
0 -120.961406
38.222031
0 -120.963347
38.219902
0 -120.967495
38.220471
0 -120.970105
38.219622
0 -120.972104
38.217951
0 -120.978663
38.220989
0 -120.981072
38.221788
0 -120.983769
38.221191
0 -120.985737
38.221414
0 -120.988114
38.22254
0 -120.989535
38.223891
0 -120.991608
38.224223
0 -120.993595
38.225582
0 