-93.765822
30.333318
0 -93.7657423445931
30.3331596612176
0 -93.764265
30.330223
0 -93.75556
30.329579
0 -93.75604
30.325706
0 -93.751043
30.320943
0 -93.749863
30.314383
0 -93.744211
30.310681
0 -93.743941
30.304032
0 -93.738699
30.303794
0 -93.734228
30.298813
0 -93.72422
30.295134
0 -93.718684
30.29501
0 -93.714319
30.294282
0 -93.712908
30.287939
0 -93.704584
30.289949
0 -93.7046336999242
30.2897338678192
0 -93.7046434171637
30.2896918055633
0 -93.705716
30.285049
0 -93.706608
30.281187
0 -93.70719
30.275513
0 -93.709132
30.271827
0 -93.708594
30.265503
0 -93.703162
30.260008
0 -93.707638
30.254257
0 -93.707271
30.249937
0 -93.705374
30.247023
0 -93.7051585596811
30.2438609876218
0 -93.705083
30.242752
0 -93.703113
30.239176
0 -93.706547
30.239659
0 -93.705032
30.233396
0 -93.709284
30.233873
0 -93.713359
30.225261
0 -93.712152
30.219815
0 -93.71922
30.218542
0 -93.719046
30.208727
0 -93.717112
30.201831
0 -93.714959
30.197346
0 -93.717839
30.193999
0 -93.713052
30.193371
0 -93.708489
30.196759
0 -93.705495
30.192921
0 -93.712595
30.190186
0 -93.709661
30.183278
0 -93.7052430686647
30.1762791337063
0 -93.703764
30.173936
0 -93.701959
30.167774
0 -93.701959
30.166226
0 -93.701959
30.164701
0 -93.703926
30.161136
0 -93.706015
30.159169
0 -93.707491
30.156096
0 -93.707614
30.149826
0 -93.706532
30.147424
0 -93.70306
30.149876
0 -93.70018
30.15272
0 -93.697737
30.152946
0 -93.696292
30.151601
0 -93.6937
30.142512
0 -93.691771
30.141125
0 -93.689527
30.141751
0 -93.688552
30.140374
0 -93.692849
30.135213
0 -93.695499
30.135597
0 -93.698274
30.138619
0 -93.700744
30.138144
0 -93.701459
30.134705
0 -93.701951
30.13066
0 -93.7018759962344
30.1303024252297
0 -93.7012956461045
30.1275356499511
0 -93.7012644036509
30.1273867039206
0 -93.700631
30.124367
0 -93.70143
30.122295
0 -93.706463
30.121678
0 -93.707794
30.12074
0 -93.70729
30.119365
0 -93.703412
30.117185
0 -93.702404
30.11489
0 -93.702436
30.112721
0 -93.703732
30.111057
0 -93.705492
30.110289
0 -93.711503
30.109392
0 -93.712997
30.107857
0 -93.7131764001799
30.1071806613217
0 -93.714597
30.101825
0 -93.723765
30.09413
0 -93.723045
30.087682
0 -93.723631
30.083176
0 -93.725802
30.081999
0 -93.727637
30.083282
0 -93.729674
30.088014
0 -93.729934
30.0883127668161
0 -93.730566
30.089039
0 -93.732485
30.088914
0 -93.734085
30.08613
0 -93.733584
30.084276
0 -93.731448
30.08193
0 -93.7287479487569
30.0802129245944
0 -93.726707
30.078915
0 -93.7261378880496
30.0783740066656
0 -93.716405
30.069122
0 -93.706171
30.067311
0 -93.70218
30.065474
0 -93.70058
30.063666
0 -93.699396
30.05925
0 -93.70082
30.056274
0 -93.70394
30.054291
0 -93.708045
30.0538
0 -93.710891
30.054377
0 -93.711928
30.056957
0 -93.713772
30.065687
0 -93.715461
30.066579
0 -93.717327
30.06571
0 -93.719453
30.063808
0 -93.719685
30.05605
0 -93.720805
30.053043
0 -93.7227914118907
30.0511617517939
0 -93.720952
30.052098
0 -93.720678
30.052206
0 -93.618263
30.052135
0 -93.530545
30.051755
0 -93.342181
30.052269
0 -93.34175
30.052232
0 -93.320632
30.052138
0 -93.312527
30.052102
0 -93.300963
30.051953
0 -93.286049
30.051765
0 -93.262372
30.051675
0 -93.213029
30.051892
0 -93.179107
30.052193
0 -93.178446
30.05193
0 -93.168262
30.051854
0 -93.145366
30.052637
0 -93.137344
30.052412
0 -93.128475
30.052587
0 -93.128409
30.03837
0 -93.021988
30.038695
0 -93.019456
30.038934
0 -93.01749
30.038696
0 -92.996371
30.038479
0 -92.996509
30.049577
0 -92.996332
30.052807
0 -92.996193
30.082343
0 -92.887605
30.082475
0 -92.887222
30.083455
0 -92.889219
30.084677
0 -92.891472
30.088667
0 -92.893029
30.089757
0 -92.892433
30.090809
0 -92.89255
30.0937
0 -92.891522
30.09661
0 -92.893565
30.096205
0 -92.896587
30.097556
0 -92.895583
30.099188
0 -92.896521
30.100108
0 -92.898293
30.100265
0 -92.90022
30.101236
0 -92.899205
30.105403
0 -92.900783
30.108588
0 -92.901852
30.109385
0 -92.899837
30.110821
0 -92.900545
30.11137
0 -92.903178
30.110927
0 -92.903829
30.111774
0 -92.905519
30.11169
0 -92.907896
30.112734
0 -92.908906
30.115371
0 -92.907522
30.116461
0 -92.907961
30.11967
0 -92.909418
30.120666
0 -92.908237
30.121776
0 -92.908325
30.122944
0 -92.906786
30.124325
0 -92.906963
30.126113
0 -92.905383
30.127495
0 -92.906613
30.127989
0 -92.90705
30.130696
0 -92.905738
30.129931
0 -92.901024
30.13113
0 -92.899436
30.133597
0 -92.899469
30.13477
0 -92.898309
30.136106
0 -92.895895
30.136556
0 -92.893998
30.138666
0 -92.892335
30.138629
0 -92.889429
30.140992
0 -92.889102
30.141874
0 -92.889115
30.143406
0 -92.891441
30.146414
0 -92.894522
30.146735
0 -92.895281
30.14753
0 -92.893524
30.15095
0 -92.893324
30.156314
0 -92.928793
30.156246
0 -92.9963
30.156955
0 -92.996302
30.187643
0 -92.996519
30.216606
0 -92.996516
30.227931
0 -92.996864
30.250155
0 -92.996871
30.251578
0 -92.996768
30.260733
0 -93.030685
30.260595
0 -93.030736
30.275209
0 -93.030939
30.278353
0 -93.030919
30.301553
0 -93.030955
30.37939
0 -93.087443
30.37965
0 -93.091153
30.379676
0 -93.131087
30.379985
0 -93.131094
30.384841
0 -93.131109
30.403057
0 -93.139448
30.403043
0 -93.139642
30.402839
0 -93.232872
30.403152
0 -93.283072
30.403058
0 -93.38515
30.40263
0 -93.385189
30.406553
0 -93.384284
30.460114
0 -93.384422
30.460728
0 -93.384673
30.490109
0 -93.399466
30.490258
0 -93.436157
30.490314
0 -93.486384
30.490523
0 -93.486334
30.475455
0 -93.486179
30.421357
0 -93.486118
30.415543
0 -93.486116
30.4025
0 -93.515352
30.402644
0 -93.51714
30.402349
0 -93.525013
30.402234
0 -93.526051
30.402402
0 -93.67031
30.402567
0 -93.675644
30.402779
0 -93.741679
30.402975
0 -93.74185
30.401377
0 -93.742037
30.400515
0 -93.743595
30.399436
0 -93.745498
30.398747
0 -93.745333
30.397022
0 -93.745971
30.396478
0 -93.748616
30.396819
0 -93.751437
30.396288
0 -93.751997
30.395753
0 -93.752242
30.393415
0 -93.753304
30.392225
0 -93.756773
30.391156
0 -93.757654
30.390423
0 -93.758753
30.387892
0 -93.758466
30.384033
0 -93.7583506407444
30.3837255261602
0 -93.755152
30.3752
0 -93.755894
30.370709
0 -93.757264
30.364282
0 -93.751744
30.361046
0 -93.756352
30.356166
0 -93.761539
30.35223
0 -93.758117
30.349524
0 -93.763022
30.344147
0 -93.758922
30.338547
0 -93.765822
30.333318
0 