-76.701208
38.712755
0 -76.70196
38.710864
0 -76.700997
38.709244
0 -76.697743
38.70703
0 -76.695988
38.704985
0 -76.694946
38.702468
0 -76.694983
38.700307
0 -76.696008
38.697783
0 -76.697932
38.694782
0 -76.698525
38.692243
0 -76.698429
38.690443
0 -76.697431
38.687797
0 -76.69549
38.685781
0 -76.691947
38.683765
0 -76.687147
38.681371
0 -76.686982
38.680634
0 -76.687424
38.678746
0 -76.690461
38.673683
0 -76.692956
38.672353
0 -76.699261
38.671109
0 -76.700667
38.670131
0 -76.701003
38.668362
0 -76.699261
38.665769
0 -76.697173
38.664663
0 -76.694236
38.663841
0 -76.690951
38.664029
0 -76.68737
38.663793
0 -76.684923
38.663027
0 -76.683329
38.661178
0 -76.683186
38.658813
0 -76.684304
38.656485
0 -76.685127
38.654771
0 -76.69163
38.648506
0 -76.692124
38.646603
0 -76.692166
38.643198
0 -76.692853
38.636437
0 -76.692021
38.634932
0 -76.690181
38.633038
0 -76.686591
38.630479
0 -76.683464
38.62913
0 -76.681023
38.628646
0 -76.678468
38.627321
0 -76.675908
38.623065
0 -76.674558
38.621373
0 -76.672334
38.617533
0 -76.672221
38.614404
0 -76.672764
38.612456
0 -76.673479
38.607249
0 -76.673172
38.603308
0 -76.672407
38.600627
0 -76.672557
38.599271
0 -76.674405
38.595725
0 -76.675166
38.592106
0 -76.677281
38.589566
0 -76.67948
38.585211
0 -76.680702
38.580499
0 -76.679475
38.576165
0 -76.677799
38.572374
0 -76.677692
38.569898
0 -76.679144
38.566734
0 -76.677011
38.563451
0 -76.675468
38.558824
0 -76.672896
38.554648
0 -76.672276
38.552781
0 -76.672642
38.546818
0 -76.674444
38.539924
0 -76.675699
38.536511
0 -76.675457
38.535876
0 -76.669884
38.532705
0 -76.665064
38.528667
0 -76.662995
38.526616
0 -76.662514
38.52549
0 -76.662551
38.524248
0 -76.663809
38.521981
0 -76.665097
38.520883
0 -76.666568
38.518533
0 -76.667222
38.515471
0 -76.66868
38.512499
0 -76.670602
38.509664
0 -76.674118
38.499622
0 -76.672663
38.49816
0 -76.665949
38.494389
0 -76.660341
38.487368
0 -76.659326
38.485675
0 -76.652142
38.473753
0 -76.652095
38.469519
0 -76.654345
38.465174
0 -76.653872
38.463359
0 -76.652588
38.462422
0 -76.64648
38.459593
0 -76.639814
38.455456
0 -76.634487
38.451457
0 -76.632601
38.449659
0 -76.628951
38.446264
0 -76.624192
38.443498
0 -76.622486
38.441366
0 -76.621546
38.438921
0 -76.618831
38.436354
0 -76.616427
38.434612
0 -76.613984
38.429863
0 -76.610799
38.427239
0 -76.608373
38.424445
0 -76.605265
38.423833
0 -76.60219
38.424173
0 -76.597528
38.423425
0 -76.595223
38.422172
0 -76.591674
38.418854
0 -76.578631
38.411283
0 -76.571807
38.408823
0 -76.568129
38.407713
0 -76.565615
38.407051
0 -76.563902
38.406002
0 -76.562669
38.403858
0 -76.559957
38.397321
0 -76.558388
38.395861
0 -76.556652
38.395295
0 -76.553435
38.395043
0 -76.545623
38.395695
0 -76.542273
38.396144
0 -76.537325
38.397429
0 -76.534075
38.397766
0 -76.529924
38.394972
0 -76.526904
38.392012
0 -76.524645
38.390343
0 -76.522594
38.387997
0 -76.520078
38.384382
0 -76.516663
38.381668
0 -76.512609
38.379708
0 -76.510057
38.378903
0 -76.507831
38.377503
0 -76.506271
38.375096
0 -76.50504
38.373947
0 -76.501475
38.372497
0 -76.500449
38.371635
0 -76.495675
38.3666
0 -76.491157
38.361246
0 -76.486364
38.353517
0 -76.484085
38.34807
0 -76.483223
38.34329
0 -76.483481
38.340093
0 -76.485047
38.335895
0 -76.489381
38.328005
0 -76.488976
38.327163
0 -76.487575
38.326257
0 -76.478044
38.32706
0 -76.475027
38.326516
0 -76.4719982730692
38.3250136065112
0 -76.468239
38.328927
0 -76.4670765206264
38.3277716655519
0 -76.464985
38.325693
0 -76.46206
38.325012
0 -76.455761
38.316527
0 -76.454098
38.317367
0 -76.451856553937
38.3210686618109
0 -76.45184
38.321096
0 -76.4517281970274
38.321599818017
0 -76.4514010254031
38.3230741523327
0 -76.451364
38.323241
0 -76.446373
38.3238
0 -76.438054
38.325292
0 -76.432944
38.324546
0 -76.4275189154112
38.3229599168633
0 -76.426883
38.322774
0 -76.4220949363136
38.3194320950333
0 -76.421377
38.318931
0 -76.419221
38.322916
0 -76.4171628706973
38.3253614194677
0 -76.4121
38.331377
0 -76.4110890725916
38.3327482467864
0 -76.4102694814405
38.33385996037
0 -76.40494
38.341089
0 -76.4031014902835
38.343157092823
0 -76.4015315723142
38.3449230536205
0 -76.387002
38.361267
0 -76.386918
38.363511
0 -76.3871547779843
38.3640437779843
0 -76.389069
38.368351
0 -76.390396
38.371998
0 -76.390914
38.375055
0 -76.389166
38.378588
0 -76.386229
38.382013
0 -76.381482
38.385252
0 -76.381866
38.386381
0 -76.388348
38.387781
0 -76.394842
38.389403
0 -76.399464
38.392459
0 -76.402516
38.394402
0 -76.40271
38.396003
0 -76.404901
38.398238
0 -76.407569
38.402967
0 -76.413535
38.40933
0 -76.4136597933374
38.4111432850092
0 -76.413733
38.412207
0 -76.415384
38.414682
0 -76.4206391154697
38.4193986969747
0 -76.4263236117121
38.4245007820542
0 -76.4356740212524
38.4328931853506
0 -76.436271
38.433429
0 -76.4453761208696
38.4390121414142
0 -76.450937
38.442422
0 -76.4544333671227
38.4466088302001
0 -76.454588
38.446794
0 -76.453979
38.44853
0 -76.454299
38.449642
0 -76.4551020827856
38.4504938031413
0 -76.455799
38.451233
0 -76.4673392653657
38.4611219616144
0 -76.4709490888299
38.4642152531931
0 -76.4712518611223
38.4644747016098
0 -76.4733675462415
38.466287652029
0 -76.473543
38.466438
0 -76.4775480636112
38.4693796739717
0 -76.483987
38.474109
0 -76.4910067115598
38.4811512726162
0 -76.492699
38.482849
0 -76.4927949710111
38.4830039594616
0 -76.498761
38.492637
0 -76.4994740392765
38.4938126016604
0 -76.5028093845016
38.4993116499087
0 -76.506023
38.50461
0 -76.511027
38.516044
0 -76.5134998261148
38.5228848337743
0 -76.515706
38.528988
0 -76.517487
38.53566
0 -76.517495002984
38.5371296005968
0 -76.5175003884777
38.5381185473098
0 -76.517506
38.539149
0 -76.5155195882614
38.5528999352601
0 -76.515106
38.555763
0 -76.516094
38.565719
0 -76.516126
38.568864
0 -76.517209
38.573114
0 -76.51634
38.590229
0 -76.5161941852543
38.5909640077143
0 -76.5148123049791
38.5979296452297
0 -76.5125828376798
38.6091677107391
0 -76.511278
38.615745
0 -76.512248
38.616574
0 -76.512854
38.619503
0 -76.513602
38.621287
0 -76.5138579297479
38.6216995634343
0 -76.515133
38.623755
0 -76.515554
38.629361
0 -76.5178621305254
38.6335859532395
0 -76.5241219905954
38.6450444109785
0 -76.5242231323429
38.6452295474554
0 -76.52462
38.645956
0 -76.5250068692229
38.6475678887771
0 -76.5266892940564
38.6545777038423
0 -76.5278504164689
38.6594155148505
0 -76.5300708629188
38.6686669944215
0 -76.5304540000033
38.6702633332614
0 -76.532398
38.678363
0 -76.5324085429922
38.6799790359059
0 -76.5324321633449
38.683599577167
0 -76.5324832355062
38.6914279474448
0 -76.5325274590249
38.6982065538395
0 -76.5325353338735
38.6994136151717
0 -76.532537
38.699669
0 -76.5319700209239
38.7028332876185
0 -76.531308
38.706528
0 -76.5309446565398
38.7071655676961
0 -76.528821
38.710892
0 -76.5283115718299
38.7127443256283
0 -76.52959
38.714019
0 -76.535584
38.72148
0 -76.583286
38.721285
0 -76.589591
38.721223
0 -76.603513
38.721205
0 -76.604473
38.721126
0 -76.604569
38.721122
0 -76.61538
38.72063
0 -76.622937
38.726662
0 -76.62291
38.735041
0 -76.623072
38.743932
0 -76.62101
38.746264
0 -76.623041
38.749088
0 -76.623079
38.767278
0 -76.624133
38.766557
0 -76.626426
38.767088
0 -76.630972
38.767238
0 -76.634494
38.766663
0 -76.635384
38.767696
0 -76.638534
38.767846
0 -76.639936
38.768796
0 -76.643072
38.769275
0 -76.646727
38.768947
0 -76.651288
38.767378
0 -76.653043
38.765115
0 -76.654924
38.764407
0 -76.657603
38.76479
0 -76.660407
38.764083
0 -76.663483
38.761828
0 -76.666092
38.762232
0 -76.667517
38.761404
0 -76.666635
38.760057
0 -76.669801
38.758357
0 -76.669606
38.756697
0 -76.671459
38.756737
0 -76.67327
38.755404
0 -76.678976
38.755514
0 -76.681219
38.757626
0 -76.682665
38.755934
0 -76.685215
38.756087
0 -76.685548
38.753038
0 -76.684257
38.751614
0 -76.686358
38.748475
0 -76.684866
38.746927
0 -76.684839
38.743757
0 -76.684018
38.738348
0 -76.684632
38.737158
0 -76.687009
38.735897
0 -76.693841
38.735911
0 -76.694996
38.735075
0 -76.695706
38.733175
0 -76.695555
38.731544
0 -76.6937
38.72707
0 -76.693589
38.724761
0 -76.699145
38.715681
0 -76.701208
38.712755
0 