-115.086717
43.283393
0 -115.08648
43.198436
0 -115.010714
43.198017
0 -115.0009
43.197699
0 -114.892416
43.197967
0 -114.741706
43.198294
0 -114.594685
43.198302
0 -114.545028
43.198551
0 -114.534883
43.198602
0 -114.528613
43.19846
0 -114.525723
43.198616
0 -114.494882
43.198603
0 -114.494982
43.199902
0 -114.375888
43.199755
0 -114.374877
43.199603
0 -114.374579
43.257503
0 -114.39488
43.257403
0 -114.39458
43.325804
0 -114.39698
43.326004
0 -114.400181
43.325404
0 -114.401077
43.326276
0 -114.403381
43.328104
0 -114.407219
43.329666
0 -114.411787
43.329909
0 -114.418626
43.328139
0 -114.421588
43.329988
0 -114.422782
43.330218
0 -114.425197
43.329588
0 -114.426057
43.331988
0 -114.429527
43.334311
0 -114.432258
43.334213
0 -114.434715
43.333412
0 -114.438674
43.330937
0 -114.441449
43.330683
0 -114.444864
43.332285
0 -114.449213
43.332178
0 -114.454035
43.329824
0 -114.458737
43.325889
0 -114.463072
43.32497
0 -114.466169
43.326734
0 -114.469774
43.327896
0 -114.470808
43.328988
0 -114.473267
43.330075
0 -114.476544
43.330617
0 -114.480141
43.332461
0 -114.483894
43.331916
0 -114.486193
43.329734
0 -114.488698
43.329018
0 -114.494184
43.329559
0 -114.498272
43.328707
0 -114.5023
43.32878
0 -114.505407
43.331578
0 -114.508872
43.332904
0 -114.5156
43.332155
0 -114.518688
43.333133
0 -114.521785
43.332948
0 -114.523161
43.331697
0 -114.525054
43.332587
0 -114.530436
43.331914
0 -114.532592
43.333374
0 -114.53456
43.333337
0 -114.534326
43.368652
0 -114.526985
43.368703
0 -114.526686
43.398503
0 -114.546683
43.398202
0 -114.546987
43.436603
0 -114.542887
43.439503
0 -114.541787
43.441503
0 -114.536586
43.440103
0 -114.533586
43.439003
0 -114.534386
43.440503
0 -114.533186
43.442203
0 -114.533286
43.443603
0 -114.531886
43.445103
0 -114.531886
43.447403
0 -114.528786
43.448203
0 -114.527386
43.450803
0 -114.525286
43.452603
0 -114.519286
43.456303
0 -114.518786
43.457303
0 -114.517486
43.457003
0 -114.514386
43.457403
0 -114.514286
43.458603
0 -114.512786
43.460103
0 -114.510786
43.468103
0 -114.508186
43.470503
0 -114.508786
43.473303
0 -114.508286
43.476403
0 -114.506286
43.478304
0 -114.507786
43.480804
0 -114.509886
43.481904
0 -114.513586
43.482903
0 -114.515186
43.488903
0 -114.516286
43.490603
0 -114.516186
43.493004
0 -114.519886
43.492903
0 -114.521287
43.492103
0 -114.527487
43.490903
0 -114.530845
43.490766
0 -114.537151
43.492677
0 -114.543441
43.496866
0 -114.549903
43.496196
0 -114.553719
43.496522
0 -114.559551
43.498324
0 -114.562746
43.499903
0 -114.56244
43.502413
0 -114.565655
43.50443
0 -114.56777
43.50446
0 -114.570678
43.506953
0 -114.571015
43.509006
0 -114.577454
43.51528
0 -114.580457
43.516298
0 -114.580939
43.518239
0 -114.578939
43.520103
0 -114.580287
43.523355
0 -114.582353
43.525446
0 -114.584492
43.525967
0 -114.588407
43.527966
0 -114.589641
43.529245
0 -114.59138
43.529234
0 -114.595651
43.531217
0 -114.59611
43.53298
0 -114.594664
43.534924
0 -114.595104
43.537783
0 -114.593209
43.541468
0 -114.590969
43.544814
0 -114.590962
43.546466
0 -114.585055
43.549963
0 -114.588872
43.552197
0 -114.588759
43.555508
0 -114.587719
43.555944
0 -114.586574
43.558902
0 -114.58916
43.560252
0 -114.590856
43.560313
0 -114.595742
43.563914
0 -114.600001
43.564849
0 -114.601261
43.567167
0 -114.602337
43.567431
0 -114.607265
43.565812
0 -114.608297
43.566116
0 -114.611031
43.565193
0 -114.610683
43.567239
0 -114.611673
43.568382
0 -114.616986
43.569451
0 -114.618356
43.571519
0 -114.622115
43.57533
0 -114.625892
43.574627
0 -114.630438
43.574503
0 -114.635586
43.573497
0 -114.637803
43.576833
0 -114.641726
43.578217
0 -114.642542
43.579826
0 -114.642463
43.583224
0 -114.644163
43.584373
0 -114.645177
43.586041
0 -114.646862
43.586722
0 -114.648002
43.58893
0 -114.651846
43.59314
0 -114.654457
43.593491
0 -114.658887
43.59313
0 -114.66304
43.594757
0 -114.667753
43.594036
0 -114.671283
43.59308
0 -114.674555
43.593048
0 -114.682225
43.590431
0 -114.682986
43.594166
0 -114.681983
43.599339
0 -114.680565
43.602719
0 -114.681897
43.609647
0 -114.680953
43.612475
0 -114.679484
43.61418
0 -114.678948
43.616471
0 -114.675557
43.620473
0 -114.672937
43.620582
0 -114.672285
43.622526
0 -114.670872
43.624166
0 -114.671073
43.626643
0 -114.668752
43.629436
0 -114.671122
43.632825
0 -114.671216
43.634501
0 -114.672418
43.636506
0 -114.669856
43.640291
0 -114.66584
43.643321
0 -114.66307
43.644261
0 -114.663743
43.647081
0 -114.662662
43.649292
0 -114.663177
43.651185
0 -114.662275
43.654169
0 -114.661191
43.655412
0 -114.662593
43.657279
0 -114.662492
43.661092
0 -114.666426
43.664381
0 -114.666853
43.666226
0 -114.668589
43.668697
0 -114.673483
43.668986
0 -114.675444
43.668418
0 -114.679652
43.669731
0 -114.67909
43.671272
0 -114.679132
43.674197
0 -114.682054
43.675836
0 -114.683034
43.677075
0 -114.684998
43.681351
0 -114.687467
43.683441
0 -114.688052
43.686019
0 -114.686796
43.688972
0 -114.687435
43.691429
0 -114.686329
43.692551
0 -114.682517
43.694373
0 -114.680191
43.69599
0 -114.676436
43.698391
0 -114.677332
43.701283
0 -114.678788
43.702263
0 -114.681204
43.705095
0 -114.682124
43.708592
0 -114.68143
43.710503
0 -114.681892
43.712638
0 -114.681548
43.716443
0 -114.680002
43.719566
0 -114.680433
43.722732
0 -114.67956
43.724233
0 -114.67671
43.725464
0 -114.675304
43.727176
0 -114.675187
43.72928
0 -114.672131
43.732341
0 -114.669681
43.73403
0 -114.666174
43.739034
0 -114.666633
43.740258
0 -114.66962
43.744178
0 -114.671842
43.744706
0 -114.673296
43.744195
0 -114.67644
43.744584
0 -114.679988
43.74253
0 -114.680932
43.742608
0 -114.682935
43.743902
0 -114.68484
43.746018
0 -114.689544
43.749903
0 -114.690844
43.751608
0 -114.690837
43.75459
0 -114.689939
43.759583
0 -114.68878
43.763616
0 -114.689097
43.766493
0 -114.691473
43.768496
0 -114.693474
43.771893
0 -114.693574
43.77373
0 -114.695654
43.77533
0 -114.693754
43.782391
0 -114.692617
43.784652
0 -114.693828
43.788352
0 -114.696019
43.79179
0 -114.698105
43.794195
0 -114.699005
43.799764
0 -114.702746
43.806372
0 -114.704438
43.807786
0 -114.706016
43.80804
0 -114.70942
43.809667
0 -114.713458
43.813028
0 -114.714849
43.814844
0 -114.716158
43.815459
0 -114.719464
43.814846
0 -114.720232
43.810803
0 -114.721204
43.808163
0 -114.724708
43.805891
0 -114.728376
43.80635
0 -114.730249
43.807466
0 -114.73273
43.807221
0 -114.737075
43.805724
0 -114.739503
43.806913
0 -114.74231
43.806081
0 -114.749038
43.801672
0 -114.755093
43.800638
0 -114.756703
43.796477
0 -114.758511
43.793371
0 -114.760244
43.791739
0 -114.765529
43.793368
0 -114.770364
43.793568
0 -114.774937
43.792502
0 -114.77806
43.79622
0 -114.780475
43.800633
0 -114.783101
43.800553
0 -114.78698
43.802656
0 -114.793175
43.801768
0 -114.797842
43.80212
0 -114.800538
43.8027
0 -114.802979
43.800347
0 -114.807287
43.800068
0 -114.815627
43.798346
0 -114.817098
43.796156
0 -114.818341
43.795528
0 -114.822798
43.790979
0 -114.826685
43.788497
0 -114.828915
43.788027
0 -114.831409
43.790636
0 -114.831537
43.791985
0 -114.831439
43.792875
0 -114.835374
43.793978
0 -114.840007
43.794408
0 -114.844183
43.792878
0 -114.848513
43.792636
0 -114.851188
43.791129
0 -114.853211
43.791221
0 -114.854827
43.792849
0 -114.855945
43.79636
0 -114.854693
43.799938
0 -114.853761
43.805756
0 -114.850087
43.808087
0 -114.848016
43.810226
0 -114.84778
43.811425
0 -114.848827
43.814258
0 -114.847735
43.816451
0 -114.850388
43.817908
0 -114.855532
43.817607
0 -114.859267
43.817878
0 -114.861073
43.819604
0 -114.864755
43.82176
0 -114.867695
43.822517
0 -114.872067
43.822631
0 -114.875904
43.823118
0 -114.882363
43.823247
0 -114.885914
43.824486
0 -114.887861
43.827367
0 -114.891135
43.829643
0 -114.894409
43.829889
0 -114.90081
43.82859
0 -114.902671
43.829036
0 -114.908455
43.831416
0 -114.91126
43.832037
0 -114.912737
43.834125
0 -114.915886
43.836778
0 -114.924002
43.837221
0 -114.927934
43.839468
0 -114.932699
43.840737
0 -114.934467
43.842802
0 -114.939171
43.845649
0 -114.94166
43.846719
0 -114.943659
43.848939
0 -114.94763
43.850798
0 -114.95184
43.854351
0 -114.959069
43.853804
0 -114.961785
43.852135
0 -114.9639
43.851816
0 -114.968852
43.848798
0 -114.970343
43.848565
0 -114.971313
43.849335
0 -114.973365
43.853198
0 -114.976354
43.854528
0 -114.981361
43.85495
0 -114.985995
43.85736
0 -114.989384
43.858611
0 -114.991273
43.857444
0 -114.992721
43.855841
0 -114.997655
43.853449
0 -115.000745
43.850935
0 -115.000645
43.849726
0 -114.999209
43.847608
0 -114.99957
43.845868
0 -115.00322
43.842358
0 -115.003618
43.840293
0 -115.002967
43.838945
0 -115.003365
43.836863
0 -115.002803
43.833344
0 -115.002048
43.831417
0 -115.004135
43.828829
0 -115.009423
43.827248
0 -115.012346
43.827433
0 -115.016562
43.82451
0 -115.019691
43.822909
0 -115.019051
43.821554
0 -115.019469
43.819576
0 -115.018701
43.817786
0 -115.019044
43.816653
0 -115.02226
43.815141
0 -115.021945
43.812283
0 -115.022186
43.809267
0 -115.02533
43.808189
0 -115.026855
43.805203
0 -115.027088
43.802854
0 -115.030126
43.796738
0 -115.03024
43.79414
0 -115.029418
43.793355
0 -115.029542
43.789775
0 -115.02877
43.788298
0 -115.02947
43.786869
0 -115.029538
43.784488
0 -115.030498
43.783712
0 -115.029903
43.782293
0 -115.03309
43.776644
0 -115.035889
43.773295
0 -115.035783
43.771733
0 -115.037986
43.76818
0 -115.03812
43.766877
0 -115.036265
43.766546
0 -115.035214
43.761921
0 -115.035527
43.76033
0 -115.038953
43.757418
0 -115.037788
43.754218
0 -115.037802
43.752713
0 -115.036645
43.751138
0 -115.038069
43.7503
0 -115.042177
43.745451
0 -115.042138
43.744887
0 -115.04028
43.741388
0 -115.038456
43.740025
0 -115.036105
43.73919
0 -115.033361
43.736863
0 -115.031734
43.734694
0 -115.031495
43.732115
0 -115.030102
43.728779
0 -115.029409
43.728268
0 -115.027752
43.727832
0 -115.025134
43.728204
0 -115.021939
43.727776
0 -115.01829
43.728248
0 -115.015327
43.72674
0 -115.015833
43.723996
0 -115.014611
43.722329
0 -115.013807
43.719947
0 -115.009876
43.715768
0 -115.009997
43.711748
0 -115.010728
43.709697
0 -115.011575
43.7051
0 -115.010114
43.702103
0 -115.009926
43.699999
0 -115.008925
43.697398
0 -115.010213
43.695037
0 -115.01268
43.694116
0 -115.015896
43.693546
0 -115.020792
43.690125
0 -115.022113
43.689737
0 -115.021918
43.687319
0 -115.023844
43.685211
0 -115.026562
43.684573
0 -115.02868
43.682087
0 -115.028945
43.680009
0 -115.031251
43.67858
0 -115.034359
43.677606
0 -115.036062
43.675584
0 -115.036299
43.673072
0 -115.033965
43.670843
0 -115.033246
43.668793
0 -115.032859
43.665584
0 -115.0302
43.660646
0 -115.031178
43.657018
0 -115.032928
43.654731
0 -115.033915
43.651247
0 -115.033729
43.650005
0 -115.036332
43.647643
0 -115.036818
43.646566
0 -115.036283
43.642622
0 -115.034658
43.639439
0 -115.034844
43.637514
0 -115.033134
43.635031
0 -115.03526
43.633641
0 -115.034096
43.630822
0 -115.035286
43.629072
0 -115.036021
43.626442
0 -115.032542
43.622193
0 -115.033799
43.618624
0 -115.038772
43.619998
0 -115.041165
43.619766
0 -115.043649
43.619064
0 -115.046914
43.617556
0 -115.051559
43.614839
0 -115.052935
43.612453
0 -115.054084
43.611479
0 -115.05689
43.61071
0 -115.058404
43.60856
0 -115.062218
43.605707
0 -115.063636
43.601673
0 -115.065105
43.600027
0 -115.066529
43.600237
0 -115.067926
43.60242
0 -115.071584
43.604224
0 -115.073712
43.606059
0 -115.075472
43.606898
0 -115.078066
43.60646
0 -115.079991
43.604178
0 -115.082985
43.604375
0 -115.08368
43.370526
0 -115.086588
43.370329
0 -115.086532
43.299263
0 -115.086427
43.284969
0 -115.086717
43.283393
0 