-79.054788
40.287661
0 -79.055983
40.285089
0 -78.981725
40.285372
0 -78.93945
40.285055
0 -78.928215
40.284782
0 -78.927601
40.285041
0 -78.928145
40.283357
0 -78.926877
40.280101
0 -78.925021
40.278267
0 -78.921229
40.277235
0 -78.91166
40.276519
0 -78.91052
40.276162
0 -78.907353
40.27519
0 -78.904035
40.275091
0 -78.896546
40.27165
0 -78.894953
40.269778
0 -78.894414
40.268339
0 -78.895879
40.266723
0 -78.897161
40.263732
0 -78.894231
40.261366
0 -78.892568
40.257796
0 -78.891006
40.249959
0 -78.89074
40.249439
0 -78.887867
40.247675
0 -78.884862
40.244631
0 -78.883894
40.244687
0 -78.881699
40.244758
0 -78.879877
40.247249
0 -78.872015
40.248755
0 -78.868756
40.248883
0 -78.864941
40.244701
0 -78.863508
40.244383
0 -78.861288
40.245526
0 -78.860247
40.24299
0 -78.858485
40.24259
0 -78.856089
40.243431
0 -78.856041
40.243468
0 -78.8531
40.245741
0 -78.849535
40.246012
0 -78.848041
40.244901
0 -78.838979
40.244794
0 -78.835162
40.244741
0 -78.825489
40.244604
0 -78.823943
40.244681
0 -78.810283
40.244409
0 -78.802615
40.244315
0 -78.768593
40.243441
0 -78.658409
40.242933
0 -78.643998
40.259446
0 -78.647953
40.270621
0 -78.649517
40.275042
0 -78.651868
40.281678
0 -78.642948
40.283396
0 -78.635385
40.309498
0 -78.625672
40.319318
0 -78.620383
40.327025
0 -78.620288
40.327161
0 -78.618093
40.330319
0 -78.618095
40.332099
0 -78.608869
40.345258
0 -78.606345
40.347256
0 -78.602353
40.352973
0 -78.601852
40.353204
0 -78.564085
40.370609
0 -78.563374
40.374794
0 -78.556958
40.409136
0 -78.553105
40.429831
0 -78.55973
40.438765
0 -78.552018
40.454681
0 -78.551883
40.455233
0 -78.551183
40.456654
0 -78.549697
40.457778
0 -78.548463
40.461854
0 -78.544786
40.465149
0 -78.542303
40.468851
0 -78.542082
40.469402
0 -78.542006
40.469653
0 -78.540389
40.475559
0 -78.544194
40.482591
0 -78.544559
40.484128
0 -78.54457
40.48777
0 -78.544015
40.489151
0 -78.541455
40.49707
0 -78.53984
40.506154
0 -78.537116
40.50992
0 -78.530635
40.518864
0 -78.522759
40.52328
0 -78.518455
40.528795
0 -78.512808
40.530957
0 -78.499723
40.538223
0 -78.495938
40.54016
0 -78.485958
40.540847
0 -78.480298
40.547514
0 -78.477526
40.550796
0 -78.474087
40.554833
0 -78.447515
40.591551
0 -78.441075
40.600723
0 -78.447745
40.624331
0 -78.445461
40.627783
0 -78.441636
40.630111
0 -78.440635
40.633859
0 -78.440894
40.635435
0 -78.440167
40.638761
0 -78.442156
40.641192
0 -78.440311
40.643256
0 -78.439584
40.645034
0 -78.436997
40.646752
0 -78.434179
40.646977
0 -78.432457
40.647756
0 -78.428919
40.646768
0 -78.424185
40.647547
0 -78.421418
40.646657
0 -78.419724
40.646898
0 -78.417124
40.64535
0 -78.411756
40.644454
0 -78.408629
40.644349
0 -78.402287
40.652566
0 -78.358656
40.709735
0 -78.348389
40.72343
0 -78.35043
40.724827
0 -78.431275
40.725454
0 -78.467487
40.72575
0 -78.531898
40.725861
0 -78.578301
40.725504
0 -78.589623
40.725423
0 -78.688189
40.724182
0 -78.691282
40.724205
0 -78.69641
40.724238
0 -78.712747
40.72435
0 -78.75774
40.724714
0 -78.801697
40.724539
0 -78.79936
40.717273
0 -78.800584
40.71734
0 -78.80811
40.72064
0 -78.834641
40.661678
0 -78.839519
40.650319
0 -78.843242
40.64326
0 -78.846656
40.635638
0 -78.850773
40.626491
0 -78.851152
40.625073
0 -78.866087
40.592926
0 -78.875114
40.575342
0 -78.896938
40.53316
0 -78.910203
40.506977
0 -78.913761
40.499259
0 -78.922248
40.48447
0 -78.923135
40.48304
0 -78.924248
40.48107
0 -78.947154
40.441965
0 -78.974649
40.395972
0 -78.974459
40.394907
0 -78.979054
40.387936
0 -79.014131
40.339419
0 -79.017683
40.338262
0 -79.020052
40.335629
0 -79.022882
40.330311
0 -79.023494
40.328231
0 -79.025714
40.325492
0 -79.029628
40.323644
0 -79.031155
40.320833
0 -79.030955
40.318229
0 -79.031559
40.317588
0 -79.033915
40.316491
0 -79.03546
40.315381
0 -79.036299
40.314583
0 -79.03725
40.31368
0 -79.036207
40.310764
0 -79.037284
40.308463
0 -79.036799
40.307535
0 -79.040258
40.305239
0 -79.040788
40.302317
0 -79.044856
40.300271
0 -79.045672
40.299019
0 -79.045394
40.296639
0 -79.048927
40.294778
0 -79.051424
40.289804
0 -79.054781
40.289589
0 -79.054788
40.287661
0 