-89.8668
37.218975
0 -89.866794
37.21633
0 -89.866788
37.213998
0 -89.866721
37.184568
0 -89.866721
37.184364
0 -89.866704
37.177052
0 -89.866627
37.126227
0 -89.865532
37.126305
0 -89.821758
37.126085
0 -89.818061
37.126069
0 -89.765211
37.126066
0 -89.762907
37.126056
0 -89.758112
37.126038
0 -89.758466
37.133355
0 -89.758512
37.140528
0 -89.721783
37.14056
0 -89.721678
37.155074
0 -89.703797
37.155161
0 -89.703805
37.183965
0 -89.685862
37.183981
0 -89.686075
37.1848
0 -89.68612
37.19848
0 -89.667426
37.198754
0 -89.667425
37.204695
0 -89.667424
37.206034
0 -89.649464
37.205982
0 -89.649659
37.218268
0 -89.632917
37.218279
0 -89.620457
37.21828
0 -89.620256
37.233008
0 -89.583473
37.233057
0 -89.583425
37.240319
0 -89.571642
37.240307
0 -89.566828
37.24038
0 -89.565054
37.240381
0 -89.547321
37.240229
0 -89.54612
37.240219
0 -89.545986
37.247505
0 -89.535835
37.247602
0 -89.534935
37.247406
0 -89.521915
37.24742
0 -89.520481
37.247394
0 -89.517875
37.244831
0 -89.51826
37.243568
0 -89.513445
37.244456
0 -89.510771
37.246344
0 -89.509679
37.246042
0 -89.509385
37.244241
0 -89.507077
37.243993
0 -89.505045
37.245639
0 -89.504097
37.247377
0 -89.502995
37.247452
0 -89.499987
37.245985
0 -89.499992
37.245268
0 -89.497581
37.245844
0 -89.496361
37.247105
0 -89.495557
37.246671
0 -89.494023
37.247992
0 -89.492523
37.247627
0 -89.489769
37.248821
0 -89.4887281875826
37.2515074830223
0 -89.489915
37.251315
0 -89.496386
37.258474
0 -89.502303
37.263738
0 -89.506773
37.268537
0 -89.513905
37.277164
0 -89.517032
37.28192
0 -89.51834
37.285497
0 -89.518393
37.289354
0 -89.5179005246572
37.291241002526
0 -89.517692
37.29204
0 -89.515741
37.295362
0 -89.5152911590805
37.2969305034172
0 -89.514605
37.299323
0 -89.514042
37.303776
0 -89.5121078908483
37.30997306155
0 -89.511842
37.310825
0 -89.5105559385781
37.3128864190314
0 -89.509699
37.31426
0 -89.508174
37.315662
0 -89.49909
37.32149
0 -89.49516
37.324795
0 -89.491194
37.331361
0 -89.4893198828342
37.3330792974654
0 -89.4891357658261
37.3332481064353
0 -89.489005
37.333368
0 -89.4859297365844
37.3348292953819
0 -89.484211
37.335646
0 -89.474569
37.338165
0 -89.454723
37.339283
0 -89.447556
37.340475
0 -89.43604
37.344441
0 -89.432836
37.347056
0 -89.429738
37.351956
0 -89.4294353128655
37.3527749899157
0 -89.428185
37.356158
0 -89.422037
37.38053
0 -89.421054
37.387668
0 -89.42132
37.392077
0 -89.422465
37.397132
0 -89.4245914886399
37.4034588391504
0 -89.42594
37.407471
0 -89.43413
37.426847
0 -89.439769
37.4372
0 -89.443493
37.442129
0 -89.445649252191
37.4444190805774
0 -89.450969
37.450069
0 -89.4545736309584
37.4529916159668
0 -89.471201
37.466473
0 -89.475525
37.471388
0 -89.4821160615076
37.4804095303946
0 -89.492051
37.494008
0 -89.497689
37.504948
0 -89.500231
37.512954
0 -89.502917
37.51787
0 -89.507459
37.524322
0 -89.5124
37.52981
0 -89.516447
37.535558
0 -89.517051
37.537278
0 -89.521093
37.553805
0 -89.521925
37.560735
0 -89.5217295671219
37.5662095222196
0 -89.524971
37.566316
0 -89.527508
37.56567
0 -89.528082
37.563965
0 -89.529294
37.564189
0 -89.531719
37.566072
0 -89.533821
37.566863
0 -89.533953
37.569137
0 -89.534928
37.570815
0 -89.538636
37.574329
0 -89.54017
37.574212
0 -89.541115
37.573591
0 -89.541265
37.571839
0 -89.538385
37.569484
0 -89.539588
37.567708
0 -89.54339
37.567009
0 -89.548484
37.569185
0 -89.548907
37.571063
0 -89.548433
37.573238
0 -89.549761
37.574628
0 -89.553981
37.576644
0 -89.555365
37.576819
0 -89.559348
37.575125
0 -89.565764
37.57369
0 -89.577198
37.572428
0 -89.581474
37.571011
0 -89.583639
37.573425
0 -89.585031
37.574168
0 -89.582875
37.575268
0 -89.582218
37.577006
0 -89.583293
37.579497
0 -89.583456
37.58188
0 -89.586171
37.581175
0 -89.590133
37.577695
0 -89.590139
37.575343
0 -89.590882
37.574689
0 -89.592696
37.57512
0 -89.593858
37.576816
0 -89.596492
37.579014
0 -89.592909
37.581613
0 -89.592846
37.58299
0 -89.594309
37.585167
0 -89.598513
37.589072
0 -89.602946
37.591626
0 -89.603574
37.592056
0 -89.602603
37.596974
0 -89.602907
37.598497
0 -89.602828
37.603225
0 -89.607225
37.602892
0 -89.608223
37.599623
0 -89.607861
37.598612
0 -89.608934
37.597427
0 -89.611909
37.597756
0 -89.612092
37.59595
0 -89.615023
37.594251
0 -89.616522
37.592645
0 -89.619211
37.594776
0 -89.62074
37.593279
0 -89.624322
37.593679
0 -89.624744
37.591097
0 -89.625785
37.588462
0 -89.626724
37.587975
0 -89.628184
37.589476
0 -89.632781
37.590743
0 -89.634518
37.59063
0 -89.635243
37.587354
0 -89.636182
37.586867
0 -89.63987
37.587188
0 -89.639328
37.590173
0 -89.641581
37.592183
0 -89.640871
37.594379
0 -89.638777
37.595617
0 -89.637733
37.597669
0 -89.638027
37.601704
0 -89.638927
37.603595
0 -89.641442
37.603585
0 -89.641934
37.602464
0 -89.644695
37.599218
0 -89.647518
37.59765
0 -89.650915
37.597933
0 -89.6532
37.598947
0 -89.654359
37.598957
0 -89.654964
37.598688
0 -89.658482
37.598319
0 -89.665005
37.598389
0 -89.665435
37.598081
0 -89.665323
37.595282
0 -89.664373
37.59073
0 -89.671307
37.584839
0 -89.672184
37.58338
0 -89.672355
37.587238
0 -89.674423
37.589673
0 -89.674544
37.589879
0 -89.675732
37.591556
0 -89.677586
37.591446
0 -89.677116
37.586915
0 -89.677842
37.58449
0 -89.681055
37.584609
0 -89.683655
37.586117
0 -89.683898
37.586821
0 -89.68635
37.588351
0 -89.685953
37.590819
0 -89.68405
37.591912
0 -89.684126
37.593541
0 -89.687026
37.595577
0 -89.689805
37.596345
0 -89.693536
37.595528
0 -89.695234
37.593927
0 -89.697561
37.594243
0 -89.701964
37.596144
0 -89.70394
37.596022
0 -89.708023
37.597626
0 -89.709566
37.599307
0 -89.711123
37.599428
0 -89.714752
37.596811
0 -89.716206
37.594963
0 -89.71461
37.590245
0 -89.716091
37.588099
0 -89.719313
37.587857
0 -89.720493
37.589487
0 -89.721005
37.594292
0 -89.722143
37.595405
0 -89.726219
37.598015
0 -89.727266
37.599833
0 -89.729544
37.600545
0 -89.734951
37.601558
0 -89.739535
37.600317
0 -89.740659
37.599193
0 -89.739899
37.59718
0 -89.73757
37.595419
0 -89.735719
37.59227
0 -89.736057
37.591206
0 -89.737144
37.590624
0 -89.739293
37.590875
0 -89.74348
37.592669
0 -89.748588
37.590217
0 -89.75291
37.591927
0 -89.756122
37.592286
0 -89.758732
37.591628
0 -89.760053
37.590151
0 -89.7598
37.58806
0 -89.761101
37.587909
0 -89.762098
37.589207
0 -89.765494
37.591571
0 -89.769618
37.591645
0 -89.770769
37.591337
0 -89.77286
37.591255
0 -89.777829
37.590692
0 -89.778849
37.591133
0 -89.782099
37.591837
0 -89.783155
37.59344
0 -89.785127
37.598229
0 -89.786334
37.598728
0 -89.788791
37.596895
0 -89.791794
37.592492
0 -89.793698
37.593135
0 -89.795803
37.592103
0 -89.797962
37.593415
0 -89.79946
37.593564
0 -89.801461
37.592685
0 -89.802206
37.593679
0 -89.797493
37.600421
0 -89.797258
37.603381
0 -89.799086
37.605895
0 -89.800184
37.606423
0 -89.802675
37.602475
0 -89.804959
37.601728
0 -89.806443
37.602003
0 -89.813785
37.600669
0 -89.816631
37.599884
0 -89.861123
37.599286
0 -89.861212
37.584633
0 -89.861306
37.559453
0 -89.861439
37.547629
0 -89.861603
37.546805
0 -89.861453
37.525421
0 -89.861635
37.513504
0 -89.861668
37.511378
0 -89.861801
37.502754
0 -89.861849
37.499237
0 -89.861843
37.496501
0 -89.862469
37.496451
0 -89.862413
37.475284
0 -89.86238
37.459877
0 -89.862339
37.447117
0 -89.862583
37.407089
0 -89.862592
37.404016
0 -89.862595
37.402908
0 -89.862363
37.369974
0 -89.862578
37.359364
0 -89.863382
37.319701
0 -89.863563
37.310679
0 -89.862212
37.310662
0 -89.862306
37.292255
0 -89.862346
37.284474
0 -89.862376
37.272711
0 -89.862376
37.271159
0 -89.86259
37.248796
0 -89.86326
37.219035
0 -89.8668
37.218975
0 