-112.149714
42.897773
0 -112.149792
42.895603
0 -112.148075
42.894011
0 -112.14453
42.888861
0 -112.142713
42.887348
0 -112.140525
42.886557
0 -112.137907
42.881698
0 -112.136169
42.879483
0 -112.136122
42.876911
0 -112.135243
42.873192
0 -112.135825
42.872145
0 -112.134135
42.870188
0 -112.135701
42.859122
0 -112.13568
42.855224
0 -112.132852
42.854523
0 -112.131718
42.853613
0 -112.133722
42.850037
0 -112.135173
42.849022
0 -112.134192
42.847686
0 -112.13431
42.845862
0 -112.133362
42.84333
0 -112.129749
42.839618
0 -112.126118
42.83946
0 -112.124186
42.83779
0 -112.125026
42.83598
0 -112.123832
42.832552
0 -112.120692
42.831618
0 -112.120317
42.830733
0 -112.121245
42.827588
0 -112.121535
42.824881
0 -112.119897
42.822412
0 -112.119845
42.820058
0 -112.123018
42.818475
0 -112.124566
42.815087
0 -112.123815
42.813521
0 -112.126542
42.811916
0 -112.126633
42.810627
0 -112.134499
42.809927
0 -112.139117
42.810531
0 -112.1397
42.809146
0 -112.141155
42.808453
0 -112.141292
42.806359
0 -112.140065
42.804152
0 -112.14102
42.79882
0 -112.143887
42.796734
0 -112.145231
42.796371
0 -112.144239
42.792103
0 -112.145161
42.790653
0 -112.141705
42.785426
0 -112.140652
42.783316
0 -112.140549
42.781511
0 -112.139485
42.779434
0 -112.139476
42.774898
0 -112.14066
42.770131
0 -112.140353
42.766812
0 -112.14114
42.763051
0 -112.138564
42.759475
0 -112.138388
42.756487
0 -112.137416
42.753201
0 -112.137303
42.751155
0 -112.135712
42.750325
0 -112.133746
42.747381
0 -112.131676
42.746176
0 -112.129352
42.743044
0 -112.127938
42.739196
0 -112.125324
42.736946
0 -112.121147
42.73689
0 -112.117348
42.730654
0 -112.115101
42.728254
0 -112.114108
42.72578
0 -112.113756
42.720963
0 -112.114203
42.718466
0 -112.115696
42.715993
0 -112.114692
42.713246
0 -112.111747
42.709644
0 -112.111594
42.707638
0 -112.109991
42.706704
0 -112.108856
42.702506
0 -112.10588
42.699421
0 -112.103519
42.698772
0 -112.101029
42.698276
0 -112.096832
42.696462
0 -112.094706
42.696574
0 -112.093201
42.697412
0 -112.087903
42.698683
0 -112.083946
42.698496
0 -112.080435
42.700871
0 -112.078647
42.703134
0 -112.073272
42.70464
0 -112.069478
42.704976
0 -112.06842
42.705781
0 -112.068321
42.707618
0 -112.065758
42.710186
0 -112.064458
42.71382
0 -112.061773
42.716178
0 -112.057542
42.71806
0 -111.969449
42.718039
0 -111.97256
42.716074
0 -111.973986
42.714453
0 -111.97261
42.712686
0 -111.971139
42.709626
0 -111.972024
42.706663
0 -111.972105
42.70438
0 -111.969768
42.703141
0 -111.968982
42.699051
0 -111.968179
42.696779
0 -111.964878
42.694652
0 -111.962292
42.694724
0 -111.960936
42.693207
0 -111.957007
42.690656
0 -111.959036
42.68599
0 -111.95779
42.683384
0 -111.96093
42.678806
0 -111.963667
42.678807
0 -111.966137
42.674555
0 -111.946369
42.674571
0 -111.946466
42.635401
0 -111.926993
42.635463
0 -111.926885
42.631848
0 -111.921939
42.631798
0 -111.921894
42.617258
0 -111.917638
42.617209
0 -111.916927
42.617201
0 -111.917053
42.588989
0 -111.916415
42.588343
0 -111.916338
42.53043
0 -111.916298
42.524277
0 -111.896764
42.524549
0 -111.896659
42.502847
0 -111.895202
42.502852
0 -111.895157
42.502072
0 -111.895002
42.488738
0 -111.885119
42.488774
0 -111.885071
42.466927
0 -111.885027
42.445247
0 -111.875781
42.445262
0 -111.875573
42.416335
0 -111.836377
42.416038
0 -111.833725
42.416034
0 -111.738364
42.416272
0 -111.737958
42.417656
0 -111.735685
42.417185
0 -111.734418
42.418519
0 -111.734679
42.419348
0 -111.736541
42.419442
0 -111.738765
42.422398
0 -111.73618
42.421716
0 -111.734311
42.422091
0 -111.733797
42.42357
0 -111.736679
42.4241
0 -111.738015
42.426655
0 -111.737312
42.42871
0 -111.735431
42.428598
0 -111.732408
42.427212
0 -111.728823
42.426758
0 -111.727968
42.42915
0 -111.730502
42.427472
0 -111.733836
42.42944
0 -111.733715
42.430589
0 -111.720944
42.430561
0 -111.716025
42.430576
0 -111.715992
42.427036
0 -111.71117
42.427012
0 -111.711621
42.416034
0 -111.603083
42.416602
0 -111.60307
42.415844
0 -111.598597
42.415821
0 -111.597163
42.420611
0 -111.596194
42.420876
0 -111.594499
42.423282
0 -111.594817
42.425094
0 -111.59259
42.424817
0 -111.588029
42.425791
0 -111.585811
42.42581
0 -111.580673
42.429804
0 -111.579444
42.429834
0 -111.580215
42.432309
0 -111.582364
42.433304
0 -111.583412
42.43466
0 -111.583681
42.435289
0 -111.581655
42.440924
0 -111.583762
42.443933
0 -111.583284
42.446164
0 -111.582346
42.44692
0 -111.583656
42.448115
0 -111.587005
42.453214
0 -111.588958
42.456601
0 -111.5888
42.45789
0 -111.59148
42.461779
0 -111.593506
42.463765
0 -111.595166
42.469907
0 -111.597023
42.47319
0 -111.597249
42.476325
0 -111.597984
42.477494
0 -111.597383
42.480402
0 -111.598265
42.482837
0 -111.601655
42.484108
0 -111.603452
42.486303
0 -111.603026
42.491757
0 -111.606814
42.494302
0 -111.606024
42.495976
0 -111.605944
42.4994
0 -111.606486
42.502042
0 -111.608329
42.504214
0 -111.609598
42.508168
0 -111.610807
42.510612
0 -111.612508
42.512214
0 -111.615116
42.513442
0 -111.619505
42.514929
0 -111.620795
42.516399
0 -111.622894
42.521288
0 -111.624735
42.523057
0 -111.626083
42.53377
0 -111.626535
42.536417
0 -111.629882
42.540471
0 -111.63025
42.544213
0 -111.631297
42.545717
0 -111.631694
42.547664
0 -111.630224
42.550604
0 -111.630586
42.551947
0 -111.629547
42.553655
0 -111.631884
42.55795
0 -111.633322
42.559011
0 -111.634483
42.56235
0 -111.632621
42.565169
0 -111.633853
42.566432
0 -111.634422
42.57027
0 -111.632139
42.571802
0 -111.628666
42.573456
0 -111.627845
42.575565
0 -111.623924
42.577196
0 -111.619129
42.576382
0 -111.617495
42.577095
0 -111.616642
42.578375
0 -111.617216
42.581024
0 -111.615969
42.583916
0 -111.610735
42.58495
0 -111.608462
42.585666
0 -111.605516
42.587427
0 -111.604078
42.590602
0 -111.603164
42.590747
0 -111.574723
42.590465
0 -111.46634
42.590327
0 -111.368066
42.590405
0 -111.368101
42.598713
0 -111.36749
42.596707
0 -111.367808
42.593862
0 -111.363372
42.588462
0 -111.35935
42.587035
0 -111.35663
42.588213
0 -111.354604
42.58618
0 -111.349498
42.585666
0 -111.340441
42.586252
0 -111.339955
42.583914
0 -111.338608
42.581979
0 -111.339518
42.580907
0 -111.341349
42.576624
0 -111.342416
42.571374
0 -111.338623
42.56988
0 -111.336377
42.566644
0 -111.331264
42.567058
0 -111.327844
42.563825
0 -111.323508
42.562666
0 -111.321524
42.561401
0 -111.319625
42.561172
0 -111.318139
42.560039
0 -111.31352
42.56122
0 -111.310673
42.560693
0 -111.308772
42.561099
0 -111.305386
42.55997
0 -111.301363
42.559579
0 -111.300048
42.560016
0 -111.296888
42.55961
0 -111.296078
42.558388
0 -111.290936
42.556026
0 -111.286916
42.555166
0 -111.28123
42.553006
0 -111.280054
42.553042
0 -111.278773
42.555585
0 -111.278896
42.557891
0 -111.278255
42.559162
0 -111.274126
42.561343
0 -111.271111
42.566262
0 -111.268514
42.569309
0 -111.266014
42.571219
0 -111.265145
42.572825
0 -111.262104
42.574536
0 -111.264261
42.576704
0 -111.264701
42.578709
0 -111.262926
42.580517
0 -111.262509
42.582055
0 -111.258919
42.584535
0 -111.256417
42.586713
0 -111.253509
42.58859
0 -111.251981
42.594041
0 -111.249531
42.596584
0 -111.249474
42.598158
0 -111.248312
42.600168
0 -111.248625
42.601206
0 -111.246912
42.603081
0 -111.24521
42.603047
0 -111.241365
42.602078
0 -111.241249
42.599198
0 -111.242818
42.591897
0 -111.239077
42.589522
0 -111.24103
42.585267
0 -111.237116
42.580612
0 -111.235396
42.580188
0 -111.234735
42.579808
0 -111.230876
42.580478
0 -111.231885
42.576902
0 -111.231593
42.575531
0 -111.230146
42.574244
0 -111.221713
42.572406
0 -111.223453
42.569121
0 -111.224526
42.565707
0 -111.225963
42.562828
0 -111.224874
42.56112
0 -111.226643
42.557671
0 -111.225734
42.556599
0 -111.227236
42.552212
0 -111.227854
42.549332
0 -111.227101
42.545849
0 -111.227456
42.541395
0 -111.228483
42.539051
0 -111.228169
42.53808
0 -111.229517
42.535769
0 -111.232329
42.527799
0 -111.231657
42.525722
0 -111.234398
42.520967
0 -111.236525
42.518622
0 -111.236009
42.516326
0 -111.237045
42.510216
0 -111.236558
42.507872
0 -111.241701
42.506867
0 -111.245756
42.503953
0 -111.248667
42.503217
0 -111.249161
42.498541
0 -111.248879
42.495657
0 -111.2463
42.492714
0 -111.244909
42.49186
0 -111.243429
42.487846
0 -111.240556
42.484776
0 -111.23732
42.483127
0 -111.236611
42.480995
0 -111.234734
42.478378
0 -111.231512
42.479165
0 -111.229658
42.477661
0 -111.221305
42.479382
0 -111.20931
42.479198
0 -111.200923
42.480918
0 -111.198444
42.47982
0 -111.19696
42.480426
0 -111.19466
42.478795
0 -111.19103
42.478873
0 -111.18921
42.479505
0 -111.186173
42.478241
0 -111.182508
42.475973
0 -111.180136
42.475801
0 -111.176442
42.47821
0 -111.173949
42.477894
0 -111.171261
42.476563
0 -111.170956
42.473299
0 -111.169478
42.474388
0 -111.168738
42.476464
0 -111.167614
42.477172
0 -111.163449
42.476116
0 -111.162158
42.477478
0 -111.161912
42.48006
0 -111.160712
42.481848
0 -111.160309
42.486181
0 -111.158919
42.490777
0 -111.156176
42.490542
0 -111.155071
42.48871
0 -111.152707
42.488288
0 -111.148598
42.490714
0 -111.145736
42.488392
0 -111.144205
42.48624
0 -111.140577
42.486654
0 -111.138229
42.487901
0 -111.13678
42.486473
0 -111.132906
42.485019
0 -111.131515
42.483898
0 -111.131916
42.482605
0 -111.130458
42.481404
0 -111.126234
42.481959
0 -111.121663
42.484075
0 -111.120787
42.486449
0 -111.115732
42.487854
0 -111.113526
42.490183
0 -111.110221
42.491322
0 -111.106901
42.491512
0 -111.104463
42.491669
0 -111.103829
42.49021
0 -111.10165
42.490188
0 -111.100846
42.491048
0 -111.095369
42.491264
0 -111.094898
42.489119
0 -111.086508
42.492522
0 -111.081757
42.493134
0 -111.075237
42.492183
0 -111.071292
42.492192
0 -111.072487
42.496818
0 -111.067225
42.49761
0 -111.064446
42.499159
0 -111.062858
42.500817
0 -111.063143
42.505705
0 -111.066734
42.508935
0 -111.061879
42.510228
0 -111.057778
42.510822
0 -111.056602
42.5102
0 -111.05235
42.5114
0 -111.050107
42.51123
0 -111.047879
42.511915
0 -111.0467186272
42.5131178230763
0 -111.046017
42.582723
0 -111.044862770065
42.6485517493511
0 -111.044713852526
42.6570449057422
0 -111.043564
42.722624
0 -111.044069127323
42.857354107218
0 -111.044135
42.874924
0 -111.043980556144
42.9534850266501
0 -111.043959
42.96445
0 -111.043957577107
42.96803
0 -111.043957
42.969482
0 -111.043924
42.975063
0 -111.043959352999
42.9825887050428
0 -111.04405131308
43.0021645391154
0 -111.044129
43.018702
0 -111.044155570268
43.0200519076313
0 -111.072371
43.01939
0 -111.088555
43.019812
0 -111.103534
43.019384
0 -111.235462
43.019516
0 -111.235421
43.020606
0 -111.470569
43.020332
0 -111.589615
43.020052
0 -111.621152
43.020332
0 -111.625783
43.019903
0 -111.657438
43.020109
0 -111.667755
43.020492
0 -111.68182
43.020298
0 -111.695498
43.020693
0 -111.700051
43.02041
0 -111.703871
43.020436
0 -111.726581
43.020548
0 -111.732424
43.020775
0 -111.744644
43.020656
0 -111.750788
43.020995
0 -111.809136
43.021068
0 -111.825611
43.020597
0 -111.83673
43.020527
0 -111.83751
43.020782
0 -111.839202
43.020602
0 -111.852051
43.021119
0 -111.905365
43.020931
0 -111.920673
43.020976
0 -111.94381
43.021
0 -111.947315
43.021013
0 -111.947322
43.022384
0 -112.000797
43.022296
0 -112.063055
43.022364
0 -112.065066
43.021391
0 -112.065688
43.019242
0 -112.062998
43.018739
0 -112.061052
43.01632
0 -112.062546
43.013555
0 -112.062831
43.011884
0 -112.060806
43.010683
0 -112.057888
43.010358
0 -112.056117
43.007866
0 -112.0592
43.003326
0 -112.054364
43.001389
0 -112.053623
43.000521
0 -112.054752
42.998469
0 -112.051862
42.993637
0 -112.052542
42.991577
0 -112.057379
42.985833
0 -112.057887
42.984498
0 -112.061813
42.980949
0 -112.063564
42.979984
0 -112.067026
42.980682
0 -112.070766
42.980011
0 -112.074514
42.980525
0 -112.07911
42.977649
0 -112.082346
42.976934
0 -112.0854
42.974912
0 -112.088827
42.973698
0 -112.086338
42.97112
0 -112.087853
42.967653
0 -112.087948
42.965944
0 -112.085772
42.963722
0 -112.083467
42.954282
0 -112.083983
42.953148
0 -112.082075
42.951468
0 -112.082064
42.950516
0 -112.086809
42.948722
0 -112.089123
42.949235
0 -112.0922
42.950978
0 -112.099321
42.952156
0 -112.102553
42.951755
0 -112.104174
42.950474
0 -112.107933
42.948875
0 -112.109242
42.946995
0 -112.115188
42.947697
0 -112.11818
42.946069
0 -112.120231
42.945499
0 -112.122555
42.943876
0 -112.124591
42.944823
0 -112.126955
42.944495
0 -112.129083
42.940373
0 -112.129001
42.93791
0 -112.130696
42.932199
0 -112.131786
42.93062
0 -112.132433
42.927916
0 -112.133348
42.927569
0 -112.136954
42.922325
0 -112.140097
42.921141
0 -112.141961
42.919801
0 -112.143518
42.917718
0 -112.140665
42.915195
0 -112.136924
42.914665
0 -112.133882
42.913028
0 -112.13641
42.905785
0 -112.137608
42.904278
0 -112.144048
42.903911
0 -112.147378
42.903414
0 -112.149714
42.897773
0 