-89.179229
36.812915
0 -89.178749
36.809928
0 -89.177417
36.807269
0 -89.1763059536454
36.8056675390447
0 -89.1750594639371
36.8038708501929
0 -89.171069
36.798119
0 -89.168458
36.795571
0 -89.160877
36.790914
0 -89.155891
36.789126
0 -89.144208
36.788353
0 -89.13321
36.788228
0 -89.128923
36.787677
0 -89.12353
36.785309
0 -89.1234809771075
36.7852576789117
0 -89.116879
36.79061
0 -89.109036
36.793611
0 -89.103864
36.796227
0 -89.104158
36.797285
0 -89.061815
36.787018
0 -89.063674
36.782155
0 -89.067265
36.772763
0 -89.006992
36.771647
0 -89.002277
36.771562
0 -88.977003
36.771826
0 -88.813229
36.773115
0 -88.813104
36.818087
0 -88.813256
36.827521
0 -88.813152
36.829368
0 -88.813458
36.839643
0 -88.813263
36.840728
0 -88.813155
36.855677
0 -88.812897
36.946864
0 -88.815952
36.9541
0 -88.819351
36.953787
0 -88.820778
36.954736
0 -88.822715
36.953668
0 -88.826117
36.953131
0 -88.827131
36.951141
0 -88.830327
36.951106
0 -88.83097
36.948957
0 -88.834173
36.949652
0 -88.834386
36.950788
0 -88.835314
36.950522
0 -88.835995
36.948584
0 -88.838259
36.948232
0 -88.840212
36.948844
0 -88.842003
36.947433
0 -88.842797
36.949173
0 -88.844359
36.949252
0 -88.846294
36.947454
0 -88.846768
36.949087
0 -88.849529
36.95163
0 -88.85085
36.95049
0 -88.850864
36.951655
0 -88.852221
36.952224
0 -88.853175
36.951071
0 -88.856665
36.949593
0 -88.858114
36.951382
0 -88.860003
36.951647
0 -88.859737
36.95041
0 -88.861265
36.950117
0 -88.861494
36.949082
0 -88.862747
36.949187
0 -88.863792
36.950531
0 -88.865844
36.949595
0 -88.86652
36.947813
0 -88.869383
36.947095
0 -88.869326
36.945766
0 -88.871254
36.947326
0 -88.873065
36.947627
0 -88.875105
36.946042
0 -88.876182
36.946631
0 -88.876993
36.945568
0 -88.879326
36.945065
0 -88.87827
36.944347
0 -88.880878
36.943689
0 -88.882441
36.9445
0 -88.88377
36.943088
0 -88.885166
36.942839
0 -88.885431
36.94436
0 -88.887836
36.943213
0 -88.887208
36.94437
0 -88.888211
36.945253
0 -88.893064
36.944295
0 -88.893865
36.942975
0 -88.896262
36.943016
0 -88.898248
36.940998
0 -88.903939
36.939777
0 -88.905058
36.937442
0 -88.907534
36.939948
0 -88.909472
36.938777
0 -88.909973
36.939792
0 -88.911737
36.940259
0 -88.912168
36.942177
0 -88.915802
36.942461
0 -88.917183
36.940843
0 -88.920145
36.939421
0 -88.921107
36.940248
0 -88.922139
36.938857
0 -88.923732
36.939133
0 -88.925205
36.938408
0 -88.92772
36.940377
0 -88.929244
36.936873
0 -88.933839
36.935909
0 -88.934496
36.936538
0 -88.935364
36.934653
0 -88.939701
36.934182
0 -88.93993
36.931614
0 -88.94167
36.932671
0 -88.945098
36.933028
0 -88.946507
36.931997
0 -88.947646
36.933175
0 -88.94892
36.93237
0 -88.948102
36.931335
0 -88.951264
36.929848
0 -88.953788
36.930821
0 -88.953687
36.929768
0 -88.952225
36.92958
0 -88.952552
36.92845
0 -88.95455
36.929066
0 -88.95738
36.928767
0 -88.959355
36.930875
0 -88.960612
36.929456
0 -88.962141
36.929649
0 -88.961202
36.930674
0 -88.962716
36.930885
0 -88.96585
36.928666
0 -88.965924
36.927186
0 -88.967465
36.926383
0 -88.970772
36.926845
0 -88.972415
36.924774
0 -88.974202
36.924931
0 -88.97884
36.926213
0 -88.979453
36.924882
0 -88.981091
36.925361
0 -88.984871
36.922243
0 -88.987191
36.923074
0 -88.987916
36.921061
0 -88.989577
36.920402
0 -88.988811
36.919491
0 -88.993049
36.919852
0 -88.993677
36.920606
0 -88.996105
36.919984
0 -88.998798
36.920607
0 -88.998214
36.921546
0 -88.998604
36.923507
0 -89.000874
36.924678
0 -89.003774
36.924893
0 -89.006033
36.925713
0 -89.006478
36.927467
0 -89.008366
36.926131
0 -89.008678
36.924418
0 -89.010206
36.922621
0 -89.011698
36.923754
0 -89.010357
36.925264
0 -89.012222
36.926654
0 -89.011349
36.929224
0 -89.01342
36.930349
0 -89.01454
36.929483
0 -89.013888
36.92784
0 -89.015564
36.927039
0 -89.020276
36.928451
0 -89.021497
36.928011
0 -89.021521
36.926523
0 -89.023207
36.925444
0 -89.025111
36.925711
0 -89.025024
36.924144
0 -89.02645
36.923771
0 -89.027668
36.925902
0 -89.029041
36.925012
0 -89.030541
36.925026
0 -89.031829
36.926928
0 -89.034021
36.926715
0 -89.035315
36.92754
0 -89.03818
36.927238
0 -89.039916
36.926449
0 -89.041438
36.926788
0 -89.042454
36.925284
0 -89.044562
36.925064
0 -89.044961
36.926567
0 -89.047208
36.926792
0 -89.048174
36.925424
0 -89.049474
36.925618
0 -89.047976
36.931356
0 -89.047094
36.932506
0 -89.050447
36.932322
0 -89.048765
36.933732
0 -89.048567
36.935912
0 -89.0504
36.936129
0 -89.052225
36.935329
0 -89.052193
36.936821
0 -89.051222
36.938055
0 -89.05231
36.937907
0 -89.054276
36.93544
0 -89.053433
36.933978
0 -89.053741
36.932885
0 -89.054906
36.93313
0 -89.056679
36.934815
0 -89.058634
36.935659
0 -89.059798
36.93433
0 -89.060747
36.934275
0 -89.062487
36.935748
0 -89.064421
36.934407
0 -89.07091
36.932129
0 -89.070531
36.930964
0 -89.066573
36.929961
0 -89.064077
36.929806
0 -89.062545
36.928066
0 -89.064041
36.927418
0 -89.064944
36.924768
0 -89.063836
36.923224
0 -89.067023
36.920917
0 -89.068827
36.920634
0 -89.069738
36.921521
0 -89.070927
36.920624
0 -89.069287
36.919654
0 -89.068937
36.918035
0 -89.069731
36.916382
0 -89.071162
36.915559
0 -89.073234
36.915978
0 -89.074538
36.917325
0 -89.074125
36.919973
0 -89.078315
36.920806
0 -89.079392
36.91966
0 -89.079009
36.916449
0 -89.080505
36.915544
0 -89.081157
36.917867
0 -89.082281
36.919812
0 -89.08401
36.921262
0 -89.084018
36.922549
0 -89.081452
36.92532
0 -89.081325
36.926929
0 -89.087176
36.93295
0 -89.088142
36.935703
0 -89.08737
36.937658
0 -89.087527
36.939264
0 -89.090204
36.941211
0 -89.091509
36.944303
0 -89.092197
36.945
0 -89.094377
36.944901
0 -89.096578
36.94342
0 -89.1007620066847
36.9440018170751
0 -89.100766
36.943973
0 -89.102137
36.939154
0 -89.109377
36.920066
0 -89.117567
36.887356
0 -89.119813
36.882792
0 -89.1222278026127
36.8790346666852
0 -89.1249032259685
36.8748718182383
0 -89.126702
36.872073
0 -89.131944
36.857437
0 -89.137969
36.847349
0 -89.147674
36.847148
0 -89.153513
36.8466
0 -89.15733
36.843305
0 -89.159466
36.842505
0 -89.166841
36.842529
0 -89.1704
36.841522
0 -89.173419
36.839806
0 -89.177177
36.835779
0 -89.178153
36.834586
0 -89.178888
36.831368
0 -89.178574
36.816554
0 -89.179229
36.812915
0 