-66.043086
18.444054
0 -66.041905
18.442999
0 -66.039191
18.440822
0 -66.035878
18.439285
0 -66.033351
18.43741
0 -66.03272
18.436691
0 -66.032
18.434047
0 -66.031406
18.431593
0 -66.03094
18.430396
0 -66.029735
18.427795
0 -66.029551
18.427223
0 -66.024944
18.423945
0 -66.02381
18.423084
0 -66.022777
18.422061
0 -66.020919
18.4206
0 -66.020235
18.420067
0 -66.017066
18.418638
0 -66.014748
18.41776
0 -66.012466
18.417286
0 -66.008962
18.413743
0 -66.007992
18.413436
0 -66.00693
18.413127
0 -66.003755
18.411226
0 -66.000858
18.410662
0 -65.999956
18.410346
0 -65.996509
18.408772
0 -65.994718
18.407991
0 -65.993646
18.407658
0 -65.99292
18.407106
0 -65.992432
18.405589
0 -65.991766
18.403603
0 -65.991671
18.401592
0 -65.99155
18.399476
0 -65.991421
18.398532
0 -65.997127
18.39683
0 -65.997995
18.395346
0 -65.99999
18.394799
0 -66.002926
18.394824
0 -66.003438
18.392095
0 -66.003527
18.388351
0 -66.002804
18.384877
0 -66.000311
18.381233
0 -66.000315
18.380743
0 -65.999556
18.380065
0 -65.998965
18.380108
0 -65.997738
18.378356
0 -65.994258
18.377202
0 -65.992844
18.377436
0 -65.991498
18.377004
0 -65.991519
18.376641
0 -65.991499
18.372371
0 -65.989814
18.370522
0 -65.989496
18.369857
0 -65.989734
18.36724
0 -65.989643
18.36584
0 -65.985316
18.36225
0 -65.98281
18.359545
0 -65.982048
18.358494
0 -65.981922
18.358267
0 -65.98083
18.353683
0 -65.978342
18.35278
0 -65.97589
18.35284
0 -65.975407
18.349305
0 -65.973741
18.347302
0 -65.972785
18.344157
0 -65.969705
18.343405
0 -65.970146
18.341843
0 -65.96975
18.340431
0 -65.967194
18.339871
0 -65.969573
18.336138
0 -65.969832
18.334088
0 -65.967583
18.331875
0 -65.967059
18.329901
0 -65.966352
18.329359
0 -65.963624
18.32938
0 -65.962419
18.328634
0 -65.962269
18.327361
0 -65.963261
18.325377
0 -65.961383
18.322722
0 -65.958647
18.322499
0 -65.95858
18.321231
0 -65.956602
18.31831
0 -65.954316
18.317844
0 -65.95272
18.316234
0 -65.952698
18.316193
0 -65.950477
18.315563
0 -65.950154
18.314196
0 -65.948679
18.312171
0 -65.947264
18.31144
0 -65.943096
18.311586
0 -65.942178
18.312224
0 -65.940897
18.311573
0 -65.939096
18.309559
0 -65.938986
18.308743
0 -65.940565
18.307496
0 -65.941661
18.305044
0 -65.940406
18.303331
0 -65.94018
18.300378
0 -65.943603
18.299075
0 -65.942259
18.296934
0 -65.943027
18.294595
0 -65.942429
18.293469
0 -65.93908
18.288454
0 -65.93922
18.286693
0 -65.93788
18.285166
0 -65.935945
18.284162
0 -65.935419
18.28267
0 -65.931601
18.279374
0 -65.928399
18.276884
0 -65.925256
18.27534
0 -65.923306
18.274734
0 -65.924169
18.273043
0 -65.923522
18.272187
0 -65.918535
18.27013
0 -65.917261
18.270193
0 -65.912442
18.271838
0 -65.908799
18.271232
0 -65.907258
18.272172
0 -65.907315
18.273493
0 -65.90875
18.274562
0 -65.909422
18.275947
0 -65.909018
18.27923
0 -65.909974
18.280735
0 -65.909099
18.282918
0 -65.909791
18.285606
0 -65.911034
18.285574
0 -65.911677
18.287216
0 -65.913343
18.287184
0 -65.914591
18.291302
0 -65.915647
18.292416
0 -65.915617
18.293802
0 -65.91508
18.295264
0 -65.913414
18.295718
0 -65.912896
18.29404
0 -65.910601
18.295177
0 -65.908584
18.295291
0 -65.907077
18.29658
0 -65.906035
18.298309
0 -65.907115
18.297809
0 -65.909414
18.299089
0 -65.909347
18.302166
0 -65.91036
18.304336
0 -65.910709
18.307225
0 -65.909144
18.308633
0 -65.905466
18.308879
0 -65.904386
18.310196
0 -65.904669
18.312287
0 -65.90584
18.315424
0 -65.904104
18.315366
0 -65.901782
18.316158
0 -65.903636
18.316332
0 -65.903971
18.317621
0 -65.90294
18.319914
0 -65.905451
18.323161
0 -65.907433
18.322703
0 -65.908869
18.323313
0 -65.909287
18.327917
0 -65.905834
18.331705
0 -65.906756
18.332962
0 -65.90615
18.336837
0 -65.906563
18.337814
0 -65.909368
18.340809
0 -65.908002
18.343654
0 -65.909904
18.345519
0 -65.911197
18.343827
0 -65.913219
18.343157
0 -65.9139
18.344813
0 -65.915351
18.342997
0 -65.916926
18.344543
0 -65.919774
18.345125
0 -65.919355
18.346556
0 -65.916768
18.347418
0 -65.915716
18.348487
0 -65.915955
18.349725
0 -65.917392
18.349991
0 -65.916239
18.351642
0 -65.915865
18.35415
0 -65.91779
18.357984
0 -65.916253
18.359943
0 -65.917756
18.360452
0 -65.918638
18.36162
0 -65.91768
18.363231
0 -65.917728
18.366914
0 -65.917097
18.367765
0 -65.917118
18.37
0 -65.919261
18.372224
0 -65.917966
18.373706
0 -65.916751
18.373348
0 -65.916321
18.376875
0 -65.91309
18.378869
0 -65.916544
18.380058
0 -65.916264
18.381708
0 -65.914846
18.382472
0 -65.918848
18.384203
0 -65.922388
18.386876
0 -65.923708
18.385853
0 -65.928676
18.386868
0 -65.929287
18.388519
0 -65.928782
18.390959
0 -65.93134
18.393679
0 -65.931044
18.394169
0 -65.929781
18.395915
0 -65.926706
18.396848
0 -65.926773
18.398083
0 -65.924131
18.401583
0 -65.922208
18.401546
0 -65.919318
18.400277
0 -65.91901
18.400188
0 -65.919278
18.402993
0 -65.91976
18.405009
0 -65.919596
18.409777
0 -65.920085
18.411175
0 -65.922914
18.411787
0 -65.924142
18.411478
0 -65.928374
18.412946
0 -65.927688
18.414411
0 -65.926171
18.415596
0 -65.930859
18.422771
0 -65.9304
18.428478
0 -65.932598
18.428424
0 -65.938055
18.430358
0 -65.942004
18.432148
0 -65.949098
18.434705
0 -65.953979
18.437155
0 -65.955777
18.434449
0 -65.957212
18.433471
0 -65.961461
18.433368
0 -65.963507
18.434354
0 -65.965222
18.432578
0 -65.967199
18.432381
0 -65.967349
18.433548
0 -65.969887
18.437715
0 -65.970901
18.440372
0 -65.974141
18.440701
0 -65.976726
18.442334
0 -65.977619
18.442387
0 -65.979172
18.442307
0 -65.980791
18.442257
0 -65.984431
18.442824
0 -65.985793
18.444801
0 -65.985038
18.450587
0 -65.986048
18.45248
0 -65.986324
18.454382
0 -65.98936
18.455856
0 -65.990556
18.457474
0 -65.9932951588963
18.4582261664663
0 -65.9934250710314
18.4579018751688
0 -65.9934524126494
18.4578336240485
0 -65.9936317142722
18.4573860449533
0 -65.9962351009378
18.4508873784606
0 -65.996466
18.450311
0 -65.9973629977583
18.4497308419548
0 -66.001695
18.446929
0 -66.0045102382883
18.4461195696366
0 -66.009538
18.444674
0 -66.01014847535
18.4448394842271
0 -66.0118775819516
18.4453082007274
0 -66.014476968848
18.4460128279191
0 -66.0158755729438
18.4463919536575
0 -66.016193
18.446478
0 -66.0166223922672
18.4463008864894
0 -66.019030826604
18.4453074678998
0 -66.0193877821121
18.4451602327304
0 -66.02166
18.444223
0 -66.0229143059867
18.444563
0 -66.0246720361552
18.445039461297
0 -66.0298082828021
18.4464317243321
0 -66.029962669782
18.4464735734293
0 -66.029979
18.446478
0 -66.0324393238355
18.4478950430145
0 -66.0343593877709
18.4490009190572
0 -66.0365263809837
18.4502490159745
0 -66.037563
18.449269
0 -66.037391
18.449093
0 -66.037796
18.448539
0 -66.038228
18.446999
0 -66.038248
18.446367
0 -66.040448
18.44653
0 -66.043086
18.444054
0 