-77.642843
37.986003
0 -77.643311
37.979857
0 -77.642127
37.978444
0 -77.636545
37.977893
0 -77.634763
37.976227
0 -77.632921
37.973331
0 -77.630544
37.971416
0 -77.632604
37.969875
0 -77.633164
37.968039
0 -77.632069
37.965038
0 -77.628461
37.964438
0 -77.626775
37.964844
0 -77.624738
37.96649
0 -77.6217
37.966884
0 -77.618817
37.964848
0 -77.618633
37.961838
0 -77.617634
37.96085
0 -77.615465
37.960139
0 -77.613894
37.958987
0 -77.61526
37.957186
0 -77.618227
37.952168
0 -77.618068
37.950173
0 -77.61555
37.949158
0 -77.611044
37.950423
0 -77.609071
37.954129
0 -77.605145
37.95536
0 -77.6033
37.955523
0 -77.599351
37.954331
0 -77.594919
37.951261
0 -77.589643
37.949373
0 -77.586311
37.949474
0 -77.584433
37.950299
0 -77.581063
37.950899
0 -77.579483
37.9534
0 -77.57998
37.955183
0 -77.578042
37.957477
0 -77.576233
37.958122
0 -77.571434
37.955571
0 -77.569631
37.954293
0 -77.568636
37.952783
0 -77.567125
37.949152
0 -77.564001
37.946435
0 -77.564256
37.945503
0 -77.566152
37.943518
0 -77.565744
37.941717
0 -77.563331
37.940903
0 -77.562716
37.94017
0 -77.562673
37.937487
0 -77.561946
37.936531
0 -77.556247
37.935981
0 -77.5551
37.934528
0 -77.55275
37.933133
0 -77.55216
37.931423
0 -77.550406
37.930158
0 -77.5464
37.928725
0 -77.545764
37.927976
0 -77.547126
37.926148
0 -77.550636
37.926328
0 -77.555141
37.925715
0 -77.557061
37.923143
0 -77.55638
37.921987
0 -77.552793
37.920148
0 -77.552012
37.919179
0 -77.546048
37.915967
0 -77.543549
37.916502
0 -77.542836
37.918501
0 -77.540878
37.919865
0 -77.536977
37.921255
0 -77.529124
37.921106
0 -77.528202
37.920264
0 -77.526815
37.915764
0 -77.524568
37.913688
0 -77.521874
37.912043
0 -77.521092
37.910012
0 -77.519137
37.90732
0 -77.51493
37.904525
0 -77.512452
37.904194
0 -77.51067
37.90458
0 -77.508275
37.902654
0 -77.504945
37.901377
0 -77.503231
37.901865
0 -77.495633
37.898202
0 -77.493357
37.897436
0 -77.492715
37.896199
0 -77.493271
37.892552
0 -77.492348
37.889082
0 -77.489557
37.888524
0 -77.487176
37.887481
0 -77.485297
37.884758
0 -77.483614
37.883306
0 -77.478653
37.88343
0 -77.475751
37.88607
0 -77.471747
37.888653
0 -77.467639
37.88972
0 -77.464936
37.888455
0 -77.46168
37.888489
0 -77.458292
37.890237
0 -77.455604
37.890266
0 -77.45319
37.891992
0 -77.452562
37.892989
0 -77.449122
37.894215
0 -77.444723
37.894623
0 -77.443971
37.893957
0 -77.442559
37.891083
0 -77.442256
37.888773
0 -77.436609
37.885642
0 -77.435943
37.884979
0 -77.434331
37.881446
0 -77.433121
37.878044
0 -77.433204
37.875647
0 -77.432587
37.87481
0 -77.429104
37.872978
0 -77.4284
37.869413
0 -77.427638
37.868386
0 -77.421886
37.864909
0 -77.421861
37.863006
0 -77.421042
37.861984
0 -77.419137
37.861399
0 -77.418592
37.860476
0 -77.419252
37.858807
0 -77.421099
37.858852
0 -77.423096
37.860037
0 -77.423839
37.861514
0 -77.424889
37.861394
0 -77.427383
37.858355
0 -77.42799
37.856415
0 -77.426927
37.854136
0 -77.427194
37.852272
0 -77.428148
37.851093
0 -77.426595
37.847767
0 -77.428003
37.845132
0 -77.427932
37.843438
0 -77.429057
37.842048
0 -77.426497
37.840263
0 -77.428675
37.836036
0 -77.428435
37.834924
0 -77.426732
37.833201
0 -77.426669
37.8318
0 -77.427988
37.829608
0 -77.426949
37.82608
0 -77.424678
37.824946
0 -77.419788
37.825134
0 -77.415744
37.823369
0 -77.411889
37.823403
0 -77.409387
37.820104
0 -77.410149
37.819077
0 -77.413655
37.818589
0 -77.41212
37.816193
0 -77.413925
37.81531
0 -77.416023
37.815265
0 -77.418591
37.81613
0 -77.420694
37.815427
0 -77.422791
37.811507
0 -77.422213
37.808803
0 -77.418261
37.809337
0 -77.415587
37.807616
0 -77.41308
37.805466
0 -77.407739
37.803379
0 -77.405803
37.803
0 -77.402913
37.805802
0 -77.400746
37.805713
0 -77.39941
37.804915
0 -77.396386
37.804382
0 -77.395063
37.802358
0 -77.395378
37.800201
0 -77.396301
37.79779
0 -77.398128
37.791097
0 -77.396828
37.789274
0 -77.391195
37.787322
0 -77.390793
37.786734
0 -77.392829
37.784539
0 -77.394891
37.784225
0 -77.399845
37.785731
0 -77.403052
37.786072
0 -77.405217
37.783571
0 -77.405577
37.781436
0 -77.403642
37.779569
0 -77.399455
37.779775
0 -77.397849
37.777546
0 -77.396229
37.777361
0 -77.38942
37.778887
0 -77.387965
37.778983
0 -77.385529
37.777593
0 -77.381127
37.777957
0 -77.380245
37.777797
0 -77.378269
37.776465
0 -77.375324
37.776329
0 -77.374118
37.776832
0 -77.371808
37.780163
0 -77.371042
37.78355
0 -77.371719
37.786655
0 -77.369906
37.788864
0 -77.366058
37.788932
0 -77.365486
37.790645
0 -77.36655
37.790834
0 -77.366478
37.79354
0 -77.363097
37.79507
0 -77.362291
37.797766
0 -77.356801
37.797013
0 -77.353711
37.795488
0 -77.351649
37.793519
0 -77.351221
37.790936
0 -77.348811
37.788887
0 -77.345229
37.789388
0 -77.345575
37.792204
0 -77.333055
37.801484
0 -77.330124
37.805738
0 -77.315057
37.816325
0 -77.306366
37.822398
0 -77.290735
37.836262
0 -77.288875
37.841789
0 -77.287578
37.84388
0 -77.28029
37.843609
0 -77.27385
37.84955
0 -77.27188
37.851768
0 -77.262184
37.86395
0 -77.254552
37.868696
0 -77.25027
37.872431
0 -77.249341
37.87485
0 -77.24764
37.876245
0 -77.24809
37.87747
0 -77.247054
37.880221
0 -77.247458
37.882659
0 -77.248221
37.883285
0 -77.2485
37.886086
0 -77.243762
37.896171
0 -77.243162
37.900241
0 -77.244124
37.903217
0 -77.245565
37.904351
0 -77.242782
37.907157
0 -77.241679
37.90955
0 -77.239594
37.910265
0 -77.235802
37.910036
0 -77.23345
37.909201
0 -77.230793
37.907332
0 -77.229109
37.905505
0 -77.227777
37.901767
0 -77.2283
37.89992
0 -77.226517
37.89866
0 -77.22503
37.899156
0 -77.223274
37.901613
0 -77.22321
37.902677
0 -77.220814
37.902431
0 -77.220355
37.90367
0 -77.218137
37.903831
0 -77.213898
37.901282
0 -77.211619
37.901219
0 -77.210603
37.897894
0 -77.212279
37.894479
0 -77.215909
37.892387
0 -77.216324
37.891323
0 -77.214605
37.888817
0 -77.210202
37.886184
0 -77.208825
37.885715
0 -77.204599
37.886824
0 -77.205132
37.888674
0 -77.208723
37.88907
0 -77.206904
37.890985
0 -77.205094
37.890375
0 -77.205454
37.891887
0 -77.20295
37.891789
0 -77.200834
37.891095
0 -77.199143
37.888575
0 -77.197837
37.888371
0 -77.195774
37.889287
0 -77.19209
37.891771
0 -77.190226
37.891007
0 -77.187965
37.891783
0 -77.186246
37.890459
0 -77.1864
37.889501
0 -77.183742
37.890724
0 -77.182489
37.89213
0 -77.181418
37.891654
0 -77.179741
37.89425
0 -77.180164
37.894789
0 -77.179711
37.897448
0 -77.180801
37.8974
0 -77.181556
37.898828
0 -77.183191
37.898058
0 -77.186892
37.89842
0 -77.186961
37.90104
0 -77.184494
37.902067
0 -77.182262
37.904346
0 -77.18055
37.90367
0 -77.18055
37.901792
0 -77.179191
37.900809
0 -77.177008
37.901276
0 -77.175324
37.902385
0 -77.174873
37.904911
0 -77.178387
37.906932
0 -77.181478
37.90797
0 -77.183523
37.909497
0 -77.186414
37.911249
0 -77.184812
37.914132
0 -77.182968
37.914237
0 -77.182878
37.916895
0 -77.181214
37.919174
0 -77.181561
37.921667
0 -77.181013
37.92438
0 -77.180146
37.926258
0 -77.179023
37.927175
0 -77.178794
37.928955
0 -77.179779
37.930405
0 -77.179723
37.931893
0 -77.180721
37.933749
0 -77.181526
37.936627
0 -77.183405
37.938478
0 -77.183162
37.939697
0 -77.18396
37.941432
0 -77.182649
37.942262
0 -77.181976
37.944766
0 -77.179355
37.94593
0 -77.178772
37.946743
0 -77.181962
37.949577
0 -77.181019
37.951032
0 -77.176386
37.955804
0 -77.175893
37.956881
0 -77.174318
37.957106
0 -77.172286
37.958369
0 -77.172286
37.959324
0 -77.167284
37.963904
0 -77.163634
37.965726
0 -77.159708
37.965506
0 -77.156878
37.966115
0 -77.153873
37.967608
0 -77.152027
37.970227
0 -77.148634
37.972
0 -77.144221
37.972169
0 -77.142633
37.971795
0 -77.140822
37.970444
0 -77.139225
37.971723
0 -77.136674
37.971798
0 -77.135791
37.971224
0 -77.131797
37.971073
0 -77.130119
37.971849
0 -77.122095
37.970435
0 -77.114815
37.971285
0 -77.10931
37.971034
0 -77.105848
37.971431
0 -77.1036
37.970213
0 -77.099697
37.964448
0 -77.096831
37.963868
0 -77.094786
37.964114
0 -77.089819
37.963786
0 -77.084346
37.965479
0 -77.080531
37.968698
0 -77.076695
37.967842
0 -77.075717
37.968479
0 -77.071893
37.968053
0 -77.070115
37.96477
0 -77.068724
37.971528
0 -77.069891
37.9741
0 -77.070472
37.977056
0 -77.073568
37.983474
0 -77.073194
37.985619
0 -77.076137
37.988721
0 -77.07712
37.990835
0 -77.073611
37.994057
0 -77.072658
37.994739
0 -77.074986
37.996658
0 -77.076619
38.000775
0 -77.077801
38.00167
0 -77.082344
38.002889
0 -77.084201
38.006248
0 -77.084673
38.008773
0 -77.08897
38.013644
0 -77.093095
38.012934
0 -77.096595
38.013034
0 -77.098095
38.011334
0 -77.100095
38.010934
0 -77.103296
38.011334
0 -77.104796
38.013134
0 -77.106996
38.013434
0 -77.108096
38.014334
0 -77.110396
38.014034
0 -77.113996
38.016234
0 -77.118255
38.014664
0 -77.118615
38.013321
0 -77.120082
38.01313
0 -77.122101
38.015615
0 -77.124089
38.014751
0 -77.125587
38.015652
0 -77.128137
38.015594
0 -77.129738
38.016296
0 -77.130691
38.017731
0 -77.130791
38.020562
0 -77.129306
38.022769
0 -77.127312
38.027664
0 -77.127187
38.029258
0 -77.125121
38.029514
0 -77.124191
38.031423
0 -77.122592
38.031725
0 -77.121793
38.033628
0 -77.123295
38.03523
0 -77.12631
38.039531
0 -77.127831
38.039679
0 -77.128241
38.041986
0 -77.129437
38.044992
0 -77.133391
38.046789
0 -77.140075
38.048335
0 -77.141171
38.05055
0 -77.143481
38.052112
0 -77.144258
38.053578
0 -77.146635
38.053827
0 -77.146878
38.055897
0 -77.144905
38.057395
0 -77.146581
38.058024
0 -77.148784
38.061336
0 -77.150846
38.061412
0 -77.151869
38.062303
0 -77.153888
38.062538
0 -77.154593
38.063515
0 -77.159137
38.064102
0 -77.160198
38.066419
0 -77.161453
38.066485
0 -77.163617
38.068449
0 -77.164495
38.069983
0 -77.163718
38.071614
0 -77.16668
38.073382
0 -77.167961
38.074687
0 -77.169637
38.078654
0 -77.1701
38.079543
0 -77.169013
38.081043
0 -77.166194
38.082498
0 -77.163059
38.083451
0 -77.161262
38.083021
0 -77.158528
38.086137
0 -77.156334
38.087384
0 -77.153201
38.087995
0 -77.151875
38.090717
0 -77.152122
38.093351
0 -77.14848
38.094327
0 -77.145262
38.094261
0 -77.143789
38.095512
0 -77.144051
38.099406
0 -77.142555
38.101679
0 -77.144784
38.106507
0 -77.145095
38.108418
0 -77.143743
38.111787
0 -77.142716
38.112448
0 -77.142061
38.115106
0 -77.143471
38.117979
0 -77.144386
38.121167
0 -77.14096
38.123345
0 -77.136754
38.121118
0 -77.132102
38.123479
0 -77.123438
38.122527
0 -77.120472
38.122486
0 -77.120073
38.121024
0 -77.118198
38.12164
0 -77.116847
38.120641
0 -77.113581
38.121967
0 -77.113499
38.123872
0 -77.112317
38.124713
0 -77.109801
38.124648
0 -77.105632
38.126235
0 -77.104986
38.127103
0 -77.106051
38.128905
0 -77.105069
38.129928
0 -77.105782
38.130895
0 -77.105729
38.133024
0 -77.106939
38.13197
0 -77.109081
38.132654
0 -77.109441
38.133821
0 -77.11105
38.133018
0 -77.112659
38.133905
0 -77.114393
38.1335
0 -77.113993
38.134506
0 -77.115997
38.149931
0 -77.118697
38.150231
0 -77.121297
38.151631
0 -77.122797
38.153131
0 -77.124297
38.156231
0 -77.125297
38.159131
0 -77.127497
38.161531
0 -77.130397
38.163431
0 -77.132897
38.164331
0 -77.139698
38.165831
0 -77.143398
38.16753
0 -77.145298
38.16873
0 -77.150398
38.17013
0 -77.153498
38.16993
0 -77.155498
38.16933
0 -77.164598
38.16503
0 -77.168898
38.16523
0 -77.172299
38.16613
0 -77.178799
38.16943
0 -77.181899
38.17073
0 -77.18839
38.174665
0 -77.193799
38.18073
0 -77.195199
38.18203
0 -77.200999
38.18583
0 -77.2024
38.18713
0 -77.2062
38.18963
0 -77.2093
38.19103
0 -77.2109
38.19263
0 -77.2143
38.197029
0 -77.2159
38.198029
0 -77.2198
38.199629
0 -77.2266
38.200129
0 -77.2304
38.199129
0 -77.2318
38.198029
0 -77.2323
38.196929
0 -77.2311
38.19333
0 -77.2298
38.19163
0 -77.2291
38.18973
0 -77.2298
38.18783
0 -77.2319
38.18663
0 -77.2348
38.18593
0 -77.238601
38.18573
0 -77.244001
38.18683
0 -77.247401
38.18723
0 -77.253701
38.18913
0 -77.254901
38.19103
0 -77.255001
38.19283
0 -77.253701
38.196129
0 -77.249301
38.201529
0 -77.245001
38.207829
0 -77.242001
38.210729
0 -77.241801
38.212829
0 -77.242901
38.215429
0 -77.246301
38.220229
0 -77.249101
38.223229
0 -77.251001
38.225929
0 -77.251801
38.228028
0 -77.251801
38.229628
0 -77.250501
38.231028
0 -77.244927
38.232844
0 -77.242203
38.233289
0 -77.23482
38.233828
0 -77.22871
38.235106
0 -77.22619
38.236167
0 -77.224638
38.237916
0 -77.22414
38.240233
0 -77.224689
38.242207
0 -77.226713
38.24394
0 -77.229757
38.245208
0 -77.233556
38.245864
0 -77.240999
38.24552
0 -77.243681
38.24517
0 -77.246046
38.245479
0 -77.248421
38.247602
0 -77.249801
38.250728
0 -77.252701
38.251128
0 -77.259601
38.249428
0 -77.264201
38.248928
0 -77.268602
38.249328
0 -77.270602
38.249828
0 -77.272802
38.249228
0 -77.275302
38.247528
0 -77.276002
38.246328
0 -77.277202
38.242428
0 -77.276402
38.237328
0 -77.276002
38.236328
0 -77.275702
38.232228
0 -77.277002
38.227229
0 -77.280402
38.224429
0 -77.281802
38.224229
0 -77.286102
38.224629
0 -77.291402
38.223729
0 -77.293202
38.224629
0 -77.294402
38.227029
0 -77.294402
38.228429
0 -77.293102
38.230529
0 -77.290602
38.236428
0 -77.290302
38.238728
0 -77.291402
38.240828
0 -77.293502
38.242328
0 -77.295802
38.242528
0 -77.298302
38.241828
0 -77.301902
38.239828
0 -77.305902
38.236428
0 -77.309419
38.234737
0 -77.310734
38.234873
0 -77.311987
38.236106
0 -77.313931
38.239272
0 -77.319193
38.242921
0 -77.322793
38.24426
0 -77.326692
38.245136
0 -77.326893
38.244443
0 -77.332738
38.24584
0 -77.335415
38.247991
0 -77.337256
38.250783
0 -77.340623
38.252616
0 -77.345931
38.252227
0 -77.350004
38.250128
0 -77.350532
38.249264
0 -77.354724
38.246577
0 -77.357986
38.243872
0 -77.3604
38.242423
0 -77.365428
38.242672
0 -77.367753
38.243979
0 -77.370301
38.246576
0 -77.37467
38.243099
0 -77.379694
38.238413
0 -77.403132
38.214556
0 -77.416741
38.201432
0 -77.419311
38.199279
0 -77.424334
38.193572
0 -77.440229
38.177318
0 -77.480014
38.141077
0 -77.518179
38.10489
0 -77.53137
38.092434
0 -77.551611
38.073609
0 -77.56306
38.062726
0 -77.570659
38.055441
0 -77.590777
38.036866
0 -77.593938
38.033602
0 -77.610901
38.017757
0 -77.620187
38.00951
0 -77.626219
38.003429
0 -77.629873
38.000793
0 -77.63993
37.992583
0 -77.6422
37.990928
0 -77.642915
37.988449
0 -77.642843
37.986003
0 