-101.622831
35.261535
0 -101.622941
35.183117
0 -101.615379
35.183239
0 -101.61403
35.183157
0 -101.375445
35.182167
0 -101.328954
35.182009
0 -101.311473
35.182072
0 -101.182259
35.181708
0 -101.086281
35.18214
0 -101.086364
35.241151
0 -101.086175
35.328149
0 -101.086076
35.357177
0 -101.086031
35.371854
0 -101.085951
35.444545
0 -101.086114
35.475642
0 -101.086037
35.476584
0 -101.086038
35.500045
0 -101.086192
35.500045
0 -101.085935
35.619102
0 -101.086068
35.625267
0 -101.292969
35.624821
0 -101.328329
35.624838
0 -101.355241
35.624728
0 -101.524218
35.624191
0 -101.559451
35.624155
0 -101.577584
35.62418
0 -101.594911
35.624157
0 -101.622831
35.624057
0 -101.6228
35.620196
0 -101.622796
35.265387
0 -101.622831
35.261535
0 