-105.038403
45.18704
0 -105.038405
45.000345
0 -105.025266
45.00029
0 -105.019284
45.000329
0 -105.01824
45.000437
0 -104.765063
44.999183
0 -104.759855
44.999066
0 -104.72637
44.999518
0 -104.665171
44.998618
0 -104.663882
44.998869
0 -104.470422
44.998453
0 -104.470117
44.998453
0 -104.250145
44.99822
0 -104.057698
44.997431
0 -104.049505
44.997621
0 -104.039138
44.99852
0 -104.039725
45.001325
0 -104.040033
45.090749
0 -104.039739
45.091143
0 -104.039563
45.124039
0 -104.039977
45.124988
0 -104.040135756343
45.2128906789637
0 -104.040358
45.335946
0 -104.040265
45.345356
0 -104.040114
45.374214
0 -104.04041
45.393474
0 -104.040816
45.462708
0 -104.041055328017
45.4697972089179
0 -104.041764
45.490789
0 -104.041274
45.499994
0 -104.041145
45.503367
0 -104.041717
45.539122
0 -104.04171494278
45.539461999702
0 -104.041662233375
45.5481733584006
0 -104.041647
45.550691
0 -104.041937
45.557915
0 -104.042597
45.749998
0 -104.043814
45.868385
0 -104.044009
45.871974
0 -104.044029991783
45.8819710865992
0 -104.082978
45.881959
0 -104.134663
45.882036
0 -104.135312
45.968983
0 -104.203833
45.968872
0 -104.20383
45.967962
0 -104.328737
45.968179
0 -104.3288
45.971218
0 -104.390877
45.970305
0 -104.39029
46.054964
0 -104.452698
46.054924
0 -104.456445
46.054742
0 -104.467844
46.0547
0 -104.470235
46.054493
0 -104.472973
46.05469
0 -104.51626
46.054611
0 -104.516475
46.09826
0 -104.51656
46.115338
0 -104.515807
46.125
0 -104.51584
46.136344
0 -104.835057
46.136687
0 -104.842263
46.136375
0 -104.851332
46.136323
0 -104.857731
46.136762
0 -104.87552
46.136502
0 -104.88584
46.136693
0 -104.939396
46.136589
0 -104.939424
46.004403
0 -104.939228
45.786959
0 -104.982036
45.787009
0 -104.9821
45.755208
0 -104.98134
45.539578
0 -104.981341
45.529841
0 -104.981577
45.491018
0 -104.981778
45.489949
0 -104.981489
45.487332
0 -104.98143
45.442599
0 -104.987069
45.442637
0 -104.987143
45.352023
0 -105.017182
45.351936
0 -105.02145
45.352097
0 -105.038235
45.352052
0 -105.038307
45.271714
0 -105.038403
45.18704
0 