-94.012361
44.949572
0 -94.012497
44.935298
0 -94.012269
44.906068
0 -94.011805
44.891931
0 -94.009864
44.891898
0 -94.009771
44.884078
0 -94.00999
44.882213
0 -94.009669
44.878046
0 -94.009977
44.862297
0 -94.010042
44.855137
0 -94.01004
44.833299
0 -94.010021
44.804053
0 -94.010021
44.803989
0 -94.01
44.799025
0 -94.010074
44.782377
0 -94.010181
44.767963
0 -94.010494
44.717464
0 -93.97027
44.717368
0 -93.888636
44.717044
0 -93.88878
44.680421
0 -93.888831
44.673409
0 -93.879653
44.67347
0 -93.860229
44.673596
0 -93.84961
44.673704
0 -93.768176
44.67352
0 -93.768039
44.642824
0 -93.768039
44.640303
0 -93.763568
44.639101
0 -93.762332
44.637788
0 -93.76142
44.634988
0 -93.758326
44.634584
0 -93.755735
44.634907
0 -93.755366
44.637483
0 -93.759013
44.639962
0 -93.760005
44.64116
0 -93.759955
44.643411
0 -93.757146
44.644138
0 -93.755305
44.643549
0 -93.747339
44.645263
0 -93.737741
44.64618
0 -93.730218
44.653085
0 -93.728983
44.656137
0 -93.727934
44.656364
0 -93.725461
44.655546
0 -93.722067
44.654741
0 -93.720804
44.654885
0 -93.715401
44.657365
0 -93.715282
44.658688
0 -93.719238
44.660685
0 -93.72127
44.662882
0 -93.720913
44.663952
0 -93.71913
44.665217
0 -93.715111
44.666924
0 -93.710861
44.66821
0 -93.70673
44.668607
0 -93.701592
44.668595
0 -93.698273
44.669446
0 -93.688791
44.677657
0 -93.684272
44.682788
0 -93.679896
44.685815
0 -93.67894
44.68689
0 -93.678081
44.688001
0 -93.677636
44.691162
0 -93.674949
44.69265
0 -93.672004
44.69336
0 -93.667961
44.695259
0 -93.662162
44.696373
0 -93.659904
44.695542
0 -93.658256
44.693413
0 -93.657339
44.690994
0 -93.655835
44.689962
0 -93.653372
44.690476
0 -93.651541
44.691918
0 -93.650198
44.695015
0 -93.647971
44.694786
0 -93.644719
44.693054
0 -93.641099
44.692779
0 -93.638426
44.694189
0 -93.635936
44.697429
0 -93.630994
44.69739
0 -93.630096
44.69829
0 -93.62962
44.701311
0 -93.626913
44.702398
0 -93.623128
44.705216
0 -93.618141
44.707096
0 -93.618708
44.708524
0 -93.62264
44.711427
0 -93.625234
44.714062
0 -93.626517
44.716042
0 -93.626735
44.718462
0 -93.624654
44.723862
0 -93.626151
44.724355
0 -93.629162
44.723354
0 -93.632132
44.723534
0 -93.632714
44.724068
0 -93.632677
44.725844
0 -93.631218
44.728209
0 -93.628943
44.730209
0 -93.628935
44.732862
0 -93.631542
44.738055
0 -93.630334
44.73952
0 -93.62403
44.744766
0 -93.622432
44.747181
0 -93.621535
44.749962
0 -93.621735
44.752962
0 -93.620935
44.753562
0 -93.618104
44.752518
0 -93.614321
44.748865
0 -93.611834
44.749962
0 -93.609834
44.752062
0 -93.60862
44.754203
0 -93.609534
44.755562
0 -93.612834
44.757362
0 -93.621967
44.760281
0 -93.621735
44.762862
0 -93.615731
44.76648
0 -93.613734
44.767062
0 -93.607034
44.767562
0 -93.601034
44.769362
0 -93.595634
44.773762
0 -93.594134
44.775762
0 -93.594334
44.776662
0 -93.595493
44.77804
0 -93.599613
44.780713
0 -93.599143
44.782715
0 -93.596134
44.783262
0 -93.589934
44.783662
0 -93.588234
44.783462
0 -93.585234
44.782262
0 -93.582633
44.781864
0 -93.581721
44.782503
0 -93.58125
44.790819
0 -93.580499
44.793034
0 -93.577809
44.794747
0 -93.573733
44.795762
0 -93.566933
44.796262
0 -93.563337
44.796942
0 -93.555829
44.799561
0 -93.553119
44.79903
0 -93.551532
44.797562
0 -93.547316
44.795595
0 -93.543569
44.796963
0 -93.541132
44.798562
0 -93.54123
44.804561
0 -93.530345
44.804456
0 -93.520431
44.804263
0 -93.520735
44.81676
0 -93.520931
44.826663
0 -93.520831
44.827571
0 -93.520832
44.841268
0 -93.520632
44.858473
0 -93.520699
44.862497
0 -93.520632
44.864108
0 -93.52064
44.86561
0 -93.520813
44.866077
0 -93.52076
44.876885
0 -93.520757
44.877963
0 -93.520737
44.883194
0 -93.520728
44.885901
0 -93.520706
44.891502
0 -93.523025
44.891466
0 -93.524292
44.891162
0 -93.540192
44.891063
0 -93.548733
44.890963
0 -93.552128
44.891168
0 -93.557786
44.890963
0 -93.567165
44.891063
0 -93.56869
44.891063
0 -93.570564
44.891063
0 -93.580704
44.891162
0 -93.586111
44.891204
0 -93.589756
44.891261
0 -93.608177
44.891362
0 -93.614769
44.891457
0 -93.620369
44.891407
0 -93.624954
44.891361
0 -93.626462
44.891177
0 -93.63724
44.891062
0 -93.645037
44.891062
0 -93.659305
44.891032
0 -93.662384
44.891319
0 -93.663256
44.891432
0 -93.666523
44.891339
0 -93.669107
44.891342
0 -93.683057
44.890942
0 -93.699336
44.891072
0 -93.704689
44.89072
0 -93.706078
44.890662
0 -93.748341
44.890662
0 -93.758016
44.890773
0 -93.767041
44.890862
0 -93.766996
44.912813
0 -93.766942
44.91982
0 -93.767799
44.934304
0 -93.767632
44.948765
0 -93.766532
44.954759
0 -93.766442
44.975321
0 -93.766447
44.978124
0 -93.767367
44.977964
0 -93.808358
44.978168
0 -93.818532
44.978234
0 -93.822817
44.97826
0 -93.848744
44.978462
0 -93.860065
44.977913
0 -93.889904
44.978142
0 -94.007272
44.97862
0 -94.012236
44.978712
0 -94.012361
44.949572
0 