-86.581616
40.750387
0 -86.581739
40.735765
0 -86.525143
40.735445
0 -86.525073
40.718264
0 -86.525213
40.717196
0 -86.525164
40.692419
0 -86.467934
40.691955
0 -86.448704
40.692134
0 -86.391477
40.692364
0 -86.373521
40.69246
0 -86.373819
40.651035
0 -86.37358
40.648799
0 -86.373922
40.605449
0 -86.373961
40.604984
0 -86.373994
40.597733
0 -86.374252
40.594678
0 -86.373993
40.59274
0 -86.374417
40.561361
0 -86.280223
40.561765
0 -86.280144
40.561765
0 -86.261248
40.561882
0 -86.242278
40.561961
0 -86.222071
40.562172
0 -86.202977
40.562356
0 -86.184044
40.562459
0 -86.165024
40.562649
0 -86.165233
40.584404
0 -86.165266
40.605145
0 -86.165378
40.633967
0 -86.165444
40.634207
0 -86.165842
40.641293
0 -86.165842
40.64256
0 -86.165845
40.644355
0 -86.165801
40.645437
0 -86.165766
40.645529
0 -86.165866
40.649637
0 -86.166316
40.671519
0 -86.166693
40.674627
0 -86.166623
40.678404
0 -86.165837
40.728987
0 -86.165725
40.742887
0 -86.166923
40.743204
0 -86.168858
40.743517
0 -86.168306
40.785866
0 -86.168243
40.793274
0 -86.167992
40.816373
0 -86.167685
40.829592
0 -86.167661
40.866004
0 -86.16851
40.909447
0 -86.169012
40.909836
0 -86.242433
40.909064
0 -86.268144
40.909239
0 -86.270642
40.909434
0 -86.273921
40.909345
0 -86.292464
40.909441
0 -86.293801
40.909329
0 -86.314206
40.90937
0 -86.318987
40.909392
0 -86.330737
40.909423
0 -86.331701
40.909685
0 -86.355867
40.909453
0 -86.468233
40.909884
0 -86.468509
40.909889
0 -86.472764
40.909806
0 -86.497344
40.909712
0 -86.500021
40.909918
0 -86.581532
40.910925
0 -86.58089
40.86259
0 -86.5804
40.82481
0 -86.58111
40.77988
0 -86.581573
40.754091
0 -86.581616
40.750387
0 