-102.525793
34.491399
0 -102.525767
34.470345
0 -102.525742
34.391974
0 -102.525631
34.313034
0 -102.500474
34.313124
0 -102.435961
34.313189
0 -102.287153
34.313124
0 -102.234999
34.313208
0 -102.173497
34.312725
0 -102.168765
34.313095
0 -102.163609
34.312888
0 -102.090415
34.313132
0 -102.009091
34.313092
0 -101.99802
34.313039
0 -101.99816
34.427251
0 -101.998206
34.449534
0 -101.998266
34.493529
0 -101.998357
34.529942
0 -101.998399
34.597441
0 -101.998395
34.61773
0 -101.998395
34.647024
0 -101.998493
34.74819
0 -102.007901
34.748001
0 -102.008443
34.748053
0 -102.120455
34.747664
0 -102.168839
34.747417
0 -102.168838
34.746612
0 -102.362354
34.746061
0 -102.36434
34.74614
0 -102.370898
34.746024
0 -102.393528
34.746179
0 -102.393763
34.746208
0 -102.493257
34.746741
0 -102.525184
34.746931
0 -102.525187
34.684647
0 -102.525222
34.640098
0 -102.525266
34.53103
0 -102.525305
34.500094
0 -102.525793
34.491399
0 