-79.530594
36.275498
0 -79.531954
36.250044
0 -79.458767
36.248536
0 -79.442714
36.248185
0 -79.431686
36.247966
0 -79.394174
36.247097
0 -79.376158
36.246713
0 -79.365366
36.246411
0 -79.353461
36.246121
0 -79.351826
36.246146
0 -79.344703
36.245994
0 -79.344025
36.24612
0 -79.343749
36.246125
0 -79.342656
36.245926
0 -79.338163
36.245818
0 -79.325083
36.245453
0 -79.31552
36.245363
0 -79.297917
36.244878
0 -79.27505
36.24432
0 -79.256964
36.243866
0 -79.23682
36.243524
0 -79.190073
36.24276
0 -79.153733
36.242117
0 -79.152865
36.262124
0 -79.148737
36.344126
0 -79.148341
36.352376
0 -79.146154
36.394783
0 -79.143192
36.446746
0 -79.143175
36.447068
0 -79.142946
36.451077
0 -79.141858
36.469547
0 -79.140464
36.492487
0 -79.137936
36.541739
0 -79.1467859999647
36.5417179851591
0 -79.2068992493043
36.5415752427437
0 -79.208686
36.541571
0 -79.20948
36.541594
0 -79.2130076048512
36.5415541326327
0 -79.2186363219412
36.5414905194614
0 -79.24974
36.541139
0 -79.2630820111359
36.5411443791019
0 -79.2630871119433
36.5411443811584
0 -79.3426860764116
36.5411764730924
0 -79.3428396979173
36.541176535028
0 -79.3893183225759
36.5411952738265
0 -79.4007581946822
36.5411998860425
0 -79.4007860935769
36.5411998972906
0 -79.445687
36.541218
0 -79.445961
36.541195
0 -79.4656670203647
36.5410557789737
0 -79.4658336362435
36.5410546018495
0 -79.4700466947571
36.5410248370203
0 -79.4963280524533
36.5408391619056
0 -79.510647
36.540738
0 -79.5109611761546
36.540740080024
0 -79.510802
36.539567
0 -79.511542
36.531489
0 -79.512602
36.526209
0 -79.513914
36.515167
0 -79.514628
36.512645
0 -79.515684
36.502578
0 -79.516249
36.491414
0 -79.516072
36.490614
0 -79.517116
36.488414
0 -79.51729
36.485382
0 -79.518021
36.482061
0 -79.518667
36.474779
0 -79.518317
36.472696
0 -79.51832
36.472427
0 -79.518309
36.470515
0 -79.519621
36.466111
0 -79.518568
36.459754
0 -79.519163
36.452318
0 -79.518611
36.448442
0 -79.519264
36.44625
0 -79.521423
36.441915
0 -79.521015
36.435346
0 -79.520939
36.43235
0 -79.521765
36.429826
0 -79.522724
36.413434
0 -79.52425
36.39912
0 -79.524141
36.391024
0 -79.525419
36.367627
0 -79.525265
36.353991
0 -79.525479
36.350835
0 -79.526372
36.345432
0 -79.527085
36.340357
0 -79.527036
36.337775
0 -79.528449
36.324008
0 -79.527944
36.322557
0 -79.528912
36.305378
0 -79.529265
36.303957
0 -79.529184
36.298926
0 -79.529791
36.29117
0 -79.530146
36.279619
0 -79.530594
36.275498
0 