-81.505903
35.608233
0 -81.534359
35.568811
0 -81.49872
35.568744
0 -81.471942
35.567557
0 -81.439603
35.566131
0 -81.429087
35.565667
0 -81.39436
35.5642
0 -81.382476
35.56365
0 -81.374808
35.56299
0 -81.342517
35.561676
0 -81.333318
35.561393
0 -81.291997
35.560083
0 -81.244202
35.558306
0 -81.232998
35.557919
0 -81.228936
35.556753
0 -81.223264
35.557533
0 -81.219284
35.557377
0 -81.199401
35.556612
0 -81.196525
35.55651
0 -81.194888
35.556451
0 -81.18904
35.556242
0 -81.184883
35.556062
0 -81.16374
35.555231
0 -81.1098
35.553475
0 -81.087157
35.552639
0 -81.084557
35.552542
0 -81.080684
35.552388
0 -81.075546
35.552186
0 -81.060683
35.5516
0 -81.047402
35.551079
0 -81.014308
35.54979
0 -80.999798
35.54921
0 -80.998023
35.548772
0 -80.977622
35.548295
0 -80.973872
35.549027
0 -80.969076
35.548708
0 -80.961841
35.548191
0 -80.960029
35.54781
0 -80.959954
35.548
0 -80.955478
35.552082
0 -80.953824
35.552867
0 -80.953405
35.554453
0 -80.956776
35.56754
0 -80.956685
35.569731
0 -80.95468
35.57547
0 -80.950197
35.581494
0 -80.945559
35.584992
0 -80.94312
35.585983
0 -80.938119
35.587292
0 -80.934394
35.589604
0 -80.933478
35.590928
0 -80.932732
35.592006
0 -80.933458
35.59591
0 -80.934689
35.597722
0 -80.940207
35.601094
0 -80.942095
35.60361
0 -80.942447
35.605179
0 -80.941952
35.608193
0 -80.940662
35.610424
0 -80.937388
35.613138
0 -80.929407
35.615812
0 -80.925515
35.618023
0 -80.924002
35.620363
0 -80.924548
35.621735
0 -80.92712
35.623339
0 -80.928408
35.624083
0 -80.93023
35.625135
0 -80.932919
35.627779
0 -80.937212
35.630312
0 -80.943656
35.637643
0 -80.953454
35.64365
0 -80.955034
35.650148
0 -80.95893
35.654272
0 -80.960653
35.660041
0 -80.964065
35.663248
0 -80.965568
35.663865
0 -80.966654
35.670919
0 -80.973074
35.674915
0 -80.973773
35.67535
0 -80.977327
35.678296
0 -80.980531
35.680952
0 -80.981709
35.683707
0 -80.984647
35.689135
0 -80.987143
35.692479
0 -80.990223
35.693149
0 -80.99178
35.696599
0 -80.996946
35.704522
0 -80.999799
35.70635
0 -81.001939
35.708353
0 -81.005302
35.710229
0 -81.007722
35.710946
0 -81.009837
35.71137
0 -81.013772
35.712237
0 -81.018375
35.712577
0 -81.025176
35.711389
0 -81.030393
35.709988
0 -81.035308
35.70803
0 -81.038438
35.707328
0 -81.041707
35.707125
0 -81.046755
35.707538
0 -81.053993
35.709138
0 -81.056391
35.710005
0 -81.060188
35.710298
0 -81.061408
35.710764
0 -81.064133
35.712985
0 -81.064982
35.714632
0 -81.065521
35.718343
0 -81.065455
35.722428
0 -81.063931
35.726938
0 -81.064204
35.728989
0 -81.065404
35.73157
0 -81.066839
35.736565
0 -81.069092
35.73942
0 -81.074713
35.743088
0 -81.077527
35.745169
0 -81.081725
35.750133
0 -81.085949
35.752993
0 -81.090421
35.75727
0 -81.09073
35.758469
0 -81.090366
35.760005
0 -81.088679
35.763578
0 -81.088945
35.765175
0 -81.089467
35.765897
0 -81.093478
35.768747
0 -81.095394
35.768894
0 -81.100487
35.768046
0 -81.102127
35.768186
0 -81.10404
35.769737
0 -81.105806
35.77292
0 -81.107889
35.775065
0 -81.109416
35.776638
0 -81.111882
35.779176
0 -81.115753
35.782308
0 -81.120082
35.784599
0 -81.122879
35.784939
0 -81.124802
35.786354
0 -81.12645
35.788271
0 -81.128613
35.789803
0 -81.129515
35.796752
0 -81.129655
35.800573
0 -81.131652
35.804316
0 -81.132858
35.80529
0 -81.138642
35.808442
0 -81.140341
35.810749
0 -81.141534
35.813555
0 -81.142311
35.819807
0 -81.142327
35.827167
0 -81.142729
35.82773
0 -81.145946
35.827945
0 -81.149609
35.828958
0 -81.154857
35.828311
0 -81.156466
35.827326
0 -81.156996
35.826317
0 -81.160303
35.825087
0 -81.161779
35.824768
0 -81.167153
35.825719
0 -81.170728
35.825033
0 -81.175941
35.823054
0 -81.187261
35.822228
0 -81.190407
35.822385
0 -81.192364
35.822194
0 -81.193916
35.821405
0 -81.196081
35.821161
0 -81.201893
35.823289
0 -81.205137
35.8228
0 -81.207664
35.821649
0 -81.216186
35.817277
0 -81.220646
35.812587
0 -81.223227
35.810509
0 -81.225814
35.809519
0 -81.2281
35.810388
0 -81.232186
35.812419
0 -81.240954
35.812841
0 -81.244077
35.814375
0 -81.248998
35.815716
0 -81.250614
35.8153
0 -81.251279
35.814722
0 -81.251983
35.813782
0 -81.252266
35.810637
0 -81.253457
35.809332
0 -81.255043
35.808272
0 -81.262429
35.805769
0 -81.26876
35.804455
0 -81.270028
35.804457
0 -81.271935
35.804831
0 -81.276056
35.806036
0 -81.279047
35.806265
0 -81.282342
35.805472
0 -81.283685
35.804755
0 -81.287851
35.800978
0 -81.29014
35.799933
0 -81.298074
35.798193
0 -81.299539
35.798338
0 -81.301957
35.80096
0 -81.302349
35.801293
0 -81.304399
35.802548
0 -81.309086
35.802386
0 -81.313517
35.79807
0 -81.315913
35.796857
0 -81.318888
35.796628
0 -81.327082
35.796392
0 -81.334255
35.79646
0 -81.341442
35.795949
0 -81.344618
35.794971
0 -81.347325
35.793099
0 -81.34811
35.792035
0 -81.350673
35.78565
0 -81.351955
35.783506
0 -81.353967
35.78194
0 -81.355892
35.779874
0 -81.355815
35.778806
0 -81.352947
35.774854
0 -81.35289
35.771127
0 -81.353862
35.768895
0 -81.35728
35.766957
0 -81.35876
35.766874
0 -81.364055
35.767865
0 -81.365015
35.766677
0 -81.365087
35.766557
0 -81.366297
35.764648
0 -81.373409
35.755331
0 -81.373731
35.754853
0 -81.374221
35.754017
0 -81.374809
35.752863
0 -81.379383
35.747221
0 -81.38421
35.740631
0 -81.38704
35.736935
0 -81.387127
35.736808
0 -81.39317
35.728672
0 -81.393311
35.728528
0 -81.397133
35.723313
0 -81.39939
35.72022
0 -81.400937
35.71813
0 -81.401462
35.717438
0 -81.409382
35.706951
0 -81.410229
35.705786
0 -81.419871
35.692851
0 -81.446271
35.665758
0 -81.472526
35.638798
0 -81.475051
35.636377
0 -81.499875
35.611122
0 -81.505903
35.608233
0 