-109.04747
33.250063
0 -109.047415074923
33.2403749708057
0 -109.047237
33.208965
0 -109.000606
33.209119
0 -108.956734
33.207368
0 -108.858089
33.208619
0 -108.857138
33.20872
0 -108.750764
33.20893
0 -108.749792
33.209646
0 -108.659484
33.209379
0 -108.646597
33.209342
0 -108.646582
33.207732
0 -108.54349
33.207825
0 -108.449988
33.200997
0 -108.208388
33.200967
0 -108.207759
33.200981
0 -108.182259
33.201088
0 -108.155567
33.2012
0 -108.000597
33.201563
0 -108.000602
33.478014
0 -107.967777
33.477953
0 -107.938959
33.474382
0 -107.762872
33.476837
0 -107.746466
33.477784
0 -107.729835
33.476804
0 -107.712713
33.476892
0 -107.712191
33.623842
0 -107.712671
33.625061
0 -107.712456
33.653353
0 -107.71239
33.653851
0 -107.71179
33.734125
0 -107.712344
33.752621
0 -107.712018
33.760691
0 -107.712244
33.763078
0 -107.712076
33.764683
0 -107.712676
33.811295
0 -107.711269
33.825512
0 -107.715587
33.825586
0 -107.716605
34.155732
0 -107.716277
34.246897
0 -107.716301
34.259856
0 -107.725461
34.259775
0 -107.725994
34.360396
0 -107.726548
34.475647
0 -107.72654
34.489602
0 -107.725203
34.561761
0 -107.725172
34.56319
0 -107.724854
34.57806
0 -107.744938
34.578472
0 -107.750606
34.578835
0 -107.759677
34.578946
0 -107.77738
34.578458
0 -107.792869
34.579419
0 -107.851873
34.578587
0 -107.896331
34.57927
0 -107.948498
34.57876
0 -107.96526
34.579649
0 -108.000614
34.578604
0 -108.010557
34.578817
0 -108.052779
34.579594
0 -108.058258
34.579473
0 -108.062412
34.580148
0 -108.071913
34.580921
0 -108.387301
34.578637
0 -108.421556
34.578825
0 -108.438456
34.579534
0 -108.624741
34.579413
0 -108.627208
34.579278
0 -108.983143
34.580198
0 -108.983179
34.579309
0 -108.986575
34.579415
0 -109.046156
34.579291
0 -109.046182
34.522553
0 -109.046182
34.522393
0 -109.046251577674
34.4782869188809
0 -109.046395080562
34.3873188013611
0 -109.046596772479
34.2594639937986
0 -109.046742728296
34.1669409364711
0 -109.046749674445
34.1625376933041
0 -109.046868362467
34.0873000021493
0 -109.047006
34.00005
0 -109.046805070864
33.9567469996712
0 -109.046578997777
33.9080251313456
0 -109.046426
33.875052
0 -109.04694149049
33.778232991963
0 -109.047145
33.74001
0 -109.046662
33.625055
0 -109.047298
33.409783
0 -109.046564
33.37506
0 -109.04687
33.372654
0 -109.047045
33.36928
0 -109.046909
33.36557
0 -109.046827
33.365272
0 -109.04747
33.250063
0 