-79.059306
42.086371
0 -79.061265
41.999259
0 -79.0524722756512
41.9992241439316
0 -79.0420601154845
41.9991828681049
0 -78.983065
41.998949
0 -78.9775660458638
41.9988784263822
0 -78.9613715561207
41.9986705861818
0 -78.9445211211111
41.9984543275751
0 -78.9188549239275
41.9981249274118
0 -78.9056799837033
41.9979558401321
0 -78.874759
41.997559
0 -78.8274137813755
41.9977673106295
0 -78.780545282318
41.9979735237768
0 -78.749754
41.998109
0 -78.7146649838316
41.9985141976473
0 -78.6972505992235
41.9987152938432
0 -78.6180012360605
41.9996304422004
0 -78.59665
41.999877
0 -78.5796821059558
41.9998498299157
0 -78.5331131426055
41.9997752606938
0 -78.5197862291076
41.9997539207819
0 -78.4633181849452
41.9996635005145
0 -78.4629358211364
41.9996628882489
0 -78.4441651684026
41.9996328314714
0 -78.385902106425
41.9995395369059
0 -78.3502171245398
41.9994823958157
0 -78.3487691776166
41.9994800772699
0 -78.3469833930884
41.9994772177567
0 -78.3228225920882
41.9994385299268
0 -78.308128
41.999415
0 -78.308243
42.000413
0 -78.308292
42.057
0 -78.3087
42.080847
0 -78.308444
42.08236
0 -78.308611
42.086675
0 -78.308677
42.120413
0 -78.308785
42.130229
0 -78.308836
42.140475
0 -78.308865
42.159134
0 -78.309002
42.173388
0 -78.309011
42.174275
0 -78.308809
42.17962
0 -78.309104
42.218014
0 -78.309159
42.22458
0 -78.309316
42.231684
0 -78.309145
42.238851
0 -78.309084
42.243112
0 -78.309193
42.261126
0 -78.309242
42.34733
0 -78.309042
42.34827
0 -78.309028
42.348817
0 -78.309025
42.348935
0 -78.308869
42.359016
0 -78.309043
42.361506
0 -78.308561
42.388157
0 -78.308351
42.436479
0 -78.308253
42.4366
0 -78.308474
42.458777
0 -78.308518
42.469451
0 -78.308618
42.491157
0 -78.309175
42.495977
0 -78.308683
42.500019
0 -78.308736
42.507182
0 -78.308839
42.521217
0 -78.34128
42.520746
0 -78.404198
42.51943
0 -78.41279
42.519271
0 -78.424533
42.519226
0 -78.432746
42.51922
0 -78.446849
42.519215
0 -78.447033
42.519214
0 -78.461565
42.519193
0 -78.464556
42.519166
0 -78.46394
42.536332
0 -78.468731
42.53332
0 -78.475617
42.534286
0 -78.478527
42.533755
0 -78.482772
42.532882
0 -78.483724
42.534803
0 -78.487321
42.534067
0 -78.488137
42.534864
0 -78.490764
42.531645
0 -78.490945
42.530385
0 -78.497221
42.529922
0 -78.499038
42.527781
0 -78.504365
42.527613
0 -78.507542
42.526455
0 -78.508272
42.527636
0 -78.511558
42.527812
0 -78.511714
42.525102
0 -78.515068
42.522173
0 -78.518053
42.521067
0 -78.519078
42.51916
0 -78.520572
42.519767
0 -78.524576
42.520342
0 -78.527623
42.521985
0 -78.531526
42.521103
0 -78.532427
42.520493
0 -78.533365
42.51934
0 -78.533138
42.517113
0 -78.536346
42.516912
0 -78.5379
42.517705
0 -78.538842
42.51419
0 -78.541574
42.514691
0 -78.546977
42.517791
0 -78.548488
42.517689
0 -78.548929
42.516659
0 -78.547153
42.515564
0 -78.549634
42.514701
0 -78.552581
42.514422
0 -78.554257
42.511767
0 -78.55602
42.511025
0 -78.55743
42.511405
0 -78.557543
42.513317
0 -78.55983
42.513278
0 -78.561044
42.512706
0 -78.5618
42.510506
0 -78.563664
42.508784
0 -78.56498
42.508831
0 -78.56762
42.510048
0 -78.568564
42.512707
0 -78.571524
42.51215
0 -78.57335
42.510581
0 -78.574988
42.511296
0 -78.57869
42.512048
0 -78.57893
42.513255
0 -78.582431
42.514268
0 -78.583728
42.514154
0 -78.585616
42.512955
0 -78.586148
42.511604
0 -78.585757
42.509849
0 -78.58655
42.509175
0 -78.587828
42.508975
0 -78.59148
42.510178
0 -78.594115
42.512199
0 -78.596881
42.512683
0 -78.600838
42.511145
0 -78.603388
42.509468
0 -78.60551
42.509412
0 -78.606426
42.508261
0 -78.605226
42.507186
0 -78.608052
42.506427
0 -78.609501
42.50518
0 -78.610039
42.503696
0 -78.612708
42.502797
0 -78.614793
42.504377
0 -78.617756
42.503997
0 -78.621969
42.504189
0 -78.623719
42.50329
0 -78.626271
42.500057
0 -78.627253
42.497347
0 -78.63127
42.498129
0 -78.634117
42.496599
0 -78.638678
42.498058
0 -78.64095
42.495561
0 -78.643529
42.493522
0 -78.644446
42.491067
0 -78.645652
42.490853
0 -78.64961
42.492615
0 -78.65142
42.492027
0 -78.651347
42.4908
0 -78.653953
42.490302
0 -78.655329
42.492063
0 -78.659769
42.491636
0 -78.6624
42.492437
0 -78.663679
42.489376
0 -78.666068
42.488699
0 -78.666816
42.487418
0 -78.668264
42.487293
0 -78.669495
42.488664
0 -78.671257
42.488468
0 -78.672386
42.486753
0 -78.674205
42.486796
0 -78.674526
42.484515
0 -78.67578
42.483557
0 -78.677274
42.484209
0 -78.680307
42.484555
0 -78.68227
42.483125
0 -78.682059
42.48066
0 -78.683765
42.479588
0 -78.682593
42.478135
0 -78.686064
42.475572
0 -78.687694
42.47555
0 -78.689748
42.476497
0 -78.691439
42.476597
0 -78.692644
42.474514
0 -78.692253
42.472445
0 -78.693285
42.47183
0 -78.695204
42.471759
0 -78.697374
42.472668
0 -78.699378
42.473795
0 -78.700504
42.475785
0 -78.699548
42.47956
0 -78.700544
42.482703
0 -78.700702
42.48535
0 -78.703317
42.486737
0 -78.706143
42.484565
0 -78.708435
42.484402
0 -78.710461
42.484955
0 -78.712082
42.483571
0 -78.714121
42.484625
0 -78.714057
42.486726
0 -78.716766
42.486465
0 -78.717683
42.485572
0 -78.71777
42.48398
0 -78.723906
42.48273
0 -78.728828
42.48254
0 -78.730383
42.481406
0 -78.730556
42.479227
0 -78.731472
42.478666
0 -78.734483
42.478837
0 -78.738306
42.480456
0 -78.739247
42.478386
0 -78.737374
42.476413
0 -78.737198
42.475439
0 -78.738387
42.47309
0 -78.739752
42.472849
0 -78.744775
42.473816
0 -78.74772
42.474106
0 -78.749801
42.473729
0 -78.750608
42.472701
0 -78.750696
42.469238
0 -78.75165
42.468264
0 -78.753101
42.468892
0 -78.758099
42.469117
0 -78.763624
42.470547
0 -78.765002
42.469746
0 -78.76443
42.468805
0 -78.759573
42.467051
0 -78.758296
42.465731
0 -78.758532
42.463642
0 -78.762288
42.461675
0 -78.765573
42.461662
0 -78.768641
42.464315
0 -78.772416
42.465134
0 -78.776685
42.463797
0 -78.777603
42.461882
0 -78.77682
42.460907
0 -78.772365
42.460548
0 -78.770047
42.459003
0 -78.77015
42.458135
0 -78.771588
42.457085
0 -78.777418
42.456158
0 -78.780825
42.455155
0 -78.783209
42.455706
0 -78.786818
42.457538
0 -78.787174
42.458899
0 -78.791763
42.460878
0 -78.794634
42.462655
0 -78.797127
42.462655
0 -78.799486
42.462068
0 -78.802534
42.460491
0 -78.804106
42.458992
0 -78.80593
42.458497
0 -78.809681
42.458868
0 -78.812924
42.456159
0 -78.821805
42.450727
0 -78.825896
42.451932
0 -78.826781
42.451515
0 -78.82759
42.448249
0 -78.829519
42.448688
0 -78.832057
42.448934
0 -78.835513
42.446301
0 -78.836455
42.443696
0 -78.8381
42.442811
0 -78.840276
42.442697
0 -78.843652
42.444822
0 -78.84665
42.444809
0 -78.849014
42.443064
0 -78.850745
42.442723
0 -78.854155
42.443507
0 -78.856125
42.443279
0 -78.858489
42.44208
0 -78.864129
42.441661
0 -78.866578
42.442289
0 -78.868053
42.441994
0 -78.869484
42.439957
0 -78.871608
42.43954
0 -78.875429
42.441271
0 -78.877711
42.441729
0 -78.879356
42.440608
0 -78.881075
42.440245
0 -78.88299
42.438286
0 -78.884904
42.438511
0 -78.887139
42.442105
0 -78.888597
42.442192
0 -78.889505
42.441813
0 -78.892192
42.439266
0 -78.893757
42.439119
0 -78.895999
42.440807
0 -78.897582
42.443771
0 -78.898668
42.44804
0 -78.900455
42.449115
0 -78.90551
42.446221
0 -78.907023
42.446421
0 -78.911733
42.44791
0 -78.912994
42.44726
0 -78.913365
42.445892
0 -78.914973
42.444174
0 -78.91835
42.442542
0 -78.920446
42.442556
0 -78.922003
42.444399
0 -78.921203
42.448407
0 -78.918463
42.44939
0 -78.918535
42.453199
0 -78.925691
42.458642
0 -78.929034
42.459697
0 -78.929959
42.460041
0 -78.935073
42.46362
0 -78.938444
42.467758
0 -78.940837
42.468366
0 -78.943902
42.468326
0 -78.94746
42.468124
0 -78.950685
42.468324
0 -78.951193
42.468568
0 -78.952148
42.47112
0 -78.95703
42.472362
0 -78.957868
42.474474
0 -78.961906
42.482336
0 -78.963436
42.486587
0 -78.961177
42.494018
0 -78.965794
42.493336
0 -78.966565
42.493699
0 -78.969816
42.498061
0 -78.975085
42.502547
0 -78.978144
42.502796
0 -78.979318
42.503685
0 -78.980228
42.506155
0 -78.982774
42.506061
0 -78.985348
42.504757
0 -78.986235
42.505284
0 -78.985462
42.506653
0 -78.983556
42.508278
0 -78.982775
42.511559
0 -78.984567
42.512562
0 -78.987486
42.513131
0 -78.988127
42.515491
0 -78.986611
42.517625
0 -78.986404
42.519115
0 -78.988305
42.521684
0 -78.989872
42.523426
0 -78.991434
42.526624
0 -78.991702
42.529249
0 -78.995326
42.531796
0 -78.996692
42.532101
0 -79.000251
42.531825
0 -79.003393
42.532796
0 -79.004852
42.534751
0 -79.006733
42.535817
0 -79.008119
42.535793
0 -79.009914
42.534407
0 -79.013433
42.534679
0 -79.018541
42.536614
0 -79.023677
42.538817
0 -79.024727
42.539895
0 -79.027188
42.540636
0 -79.029737
42.540235
0 -79.031056
42.540689
0 -79.032186
42.542905
0 -79.033098
42.54328
0 -79.03586
42.541737
0 -79.036454
42.539905
0 -79.03848
42.538969
0 -79.039826
42.537679
0 -79.043751
42.537691
0 -79.047237
42.538993
0 -79.051221
42.539125
0 -79.052327
42.538307
0 -79.052541
42.536955
0 -79.053826
42.536246
0 -79.060777
42.537853
0 -79.060939
42.522885
0 -79.061017
42.51303
0 -79.061032
42.475282
0 -79.061081
42.457821
0 -79.061233
42.446693
0 -79.061208
42.439521
0 -79.061195
42.435814
0 -79.061182
42.434702
0 -79.061043
42.40607
0 -79.060988
42.394623
0 -79.060791
42.370203
0 -79.060821
42.36633
0 -79.060701
42.355629
0 -79.060708
42.347917
0 -79.060399
42.260256
0 -79.060309
42.250909
0 -79.060187
42.242668
0 -79.060126
42.240802
0 -79.060022
42.239962
0 -79.059997
42.231171
0 -79.060001
42.229476
0 -79.05986
42.213755
0 -79.059877
42.211818
0 -79.059711
42.173403
0 -79.059737
42.166524
0 -79.05953
42.153581
0 -79.059686
42.152083
0 -79.059609
42.140631
0 -79.05953
42.129434
0 -79.059264
42.124879
0 -79.059299
42.092278
0 -79.059306
42.086731
0 -79.059306
42.086371
0 