-97.48601
42.785663
0 -97.486092
42.78532
0 -97.48559
42.720788
0 -97.485591
42.72046
0 -97.485636
42.699848
0 -97.485611
42.641716
0 -97.485579
42.620114
0 -97.48552
42.612668
0 -97.485502
42.598116
0 -97.485435
42.583602
0 -97.485401
42.57649
0 -97.485551
42.525676
0 -97.485298
42.438578
0 -97.484725
42.438582
0 -97.455708
42.438659
0 -97.43664
42.438695
0 -97.36759
42.438775
0 -97.367608
42.384993
0 -97.367659
42.373517
0 -97.367724
42.351861
0 -97.271327
42.351656
0 -97.251888
42.351626
0 -97.238227
42.351615
0 -97.232585
42.351606
0 -97.173927
42.351444
0 -97.161452
42.351439
0 -97.154463
42.35146
0 -97.145839
42.35143
0 -97.134899
42.351364
0 -97.115468
42.351272
0 -97.110386
42.35125
0 -97.109856
42.351246
0 -97.086696
42.351167
0 -97.076383
42.351092
0 -97.027309
42.35128
0 -97.017789
42.351347
0 -97.017772
42.384344
0 -97.017532
42.438067
0 -97.015282
42.438044
0 -97.015673
42.467094
0 -97.015696
42.516087
0 -97.015301
42.525085
0 -97.015566
42.612047
0 -97.015597
42.616549
0 -97.015566
42.622419
0 -97.015496
42.640979
0 -97.015291
42.655213
0 -97.015039
42.669817
0 -97.014813
42.687237
0 -97.015116
42.698797
0 -97.015177
42.713453
0 -97.015332
42.728038
0 -97.015514
42.741779
0 -97.0158249637164
42.7615990655011
0 -97.02485
42.76243
0 -97.030189
42.763712
0 -97.033229
42.765904
0 -97.05218
42.770187
0 -97.065592
42.772189
0 -97.071849
42.772305
0 -97.079356
42.771406
0 -97.085463
42.770061
0 -97.096128
42.76934
0 -97.1010870256075
42.7696846315246
0 -97.101265
42.769697
0 -97.111622
42.76939
0 -97.131331
42.771929
0 -97.134461
42.774494
0 -97.1346499349365
42.7748116110789
0 -97.137101
42.778932
0 -97.1370923975099
42.7791713377736
0 -97.137028
42.780963
0 -97.138216
42.783428
0 -97.1413404122221
42.7867022899678
0 -97.144595
42.790113
0 -97.150763
42.795566
0 -97.160351504817
42.7997334187348
0 -97.163857
42.801257
0 -97.166978
42.802087
0 -97.172083
42.802925
0 -97.178488
42.80323
0 -97.1876
42.804835
0 -97.200431
42.805485
0 -97.204726
42.806505
0 -97.210126
42.809296
0 -97.211654
42.810684
0 -97.212353467557
42.8118202679266
0 -97.213084
42.813007
0 -97.213957
42.820143
0 -97.215059
42.822977
0 -97.21783
42.827766
0 -97.2180715505857
42.8287536612786
0 -97.218269
42.829561
0 -97.2181702693918
42.8311671559778
0 -97.217411
42.843519
0 -97.218825
42.845848
0 -97.231929
42.851335
0 -97.237868
42.853139
0 -97.248556
42.855386
0 -97.2495863554299
42.8554007744232
0 -97.2495876663067
42.8554007932201
0 -97.251764
42.855432
0 -97.256752
42.853913
0 -97.257949452737
42.8537707262694
0 -97.2665231549967
42.8527520534085
0 -97.267946
42.852583
0 -97.2767681840231
42.8537569829604
0 -97.2786086820092
42.8540019011426
0 -97.2786371161308
42.8540056849193
0 -97.2830086651649
42.8545874143486
0 -97.2874789668742
42.8551822849635
0 -97.289859
42.855499
0 -97.3007723592336
42.8645764920737
0 -97.302075
42.86566
0 -97.306677
42.867604
0 -97.3067771130481
42.8675903356731
0 -97.308853
42.867307
0 -97.311091
42.865821
0 -97.318066
42.863247
0 -97.324457
42.861998
0 -97.326348
42.861289
0 -97.3269602832518
42.8607828684909
0 -97.328511
42.859501
0 -97.3286672656504
42.8594245429458
0 -97.330749
42.858406
0 -97.336156
42.856802
0 -97.341181
42.855882
0 -97.359569
42.854816
0 -97.361784
42.855123
0 -97.3669818187862
42.8576207417582
0 -97.368643
42.858419
0 -97.375337
42.862991
0 -97.376695
42.865195
0 -97.39396399568
42.8642501096684
0 -97.393966
42.86425
0 -97.399303
42.864835
0 -97.404442
42.86775
0 -97.408315
42.868334
0 -97.413422
42.867351
0 -97.417066
42.865918
0 -97.42319
42.861168
0 -97.425087
42.858221
0 -97.425543
42.856658
0 -97.431951
42.851542
0 -97.439114
42.84711
0 -97.442279
42.846224
0 -97.452177
42.846048
0 -97.456383
42.846937
0 -97.458772
42.848322
0 -97.461666
42.849176
0 -97.470529
42.850455
0 -97.4823175942494
42.8503837376529
0 -97.484921
42.850368
0 -97.484903
42.836413
0 -97.485146
42.787585
0 -97.485067
42.786656
0 -97.485857
42.78672
0 -97.48601
42.785663
0 