-88.46366
40.223352
0 -88.463345
40.171072
0 -88.462881
40.148306
0 -88.463174
40.142196
0 -88.463234
40.141452
0 -88.463275
40.13503
0 -88.46336
40.128504
0 -88.463301
40.120206
0 -88.463272
40.116791
0 -88.46302
40.05503
0 -88.462647
39.967088
0 -88.462526
39.952412
0 -88.462584
39.951209
0 -88.462567
39.944376
0 -88.462479
39.937648
0 -88.462275
39.893765
0 -88.46225
39.889401
0 -88.462207
39.879092
0 -88.425094
39.87921
0 -88.415374
39.879224
0 -88.413807
39.879229
0 -88.40632
39.879232
0 -88.387034
39.87924
0 -88.35787
39.879419
0 -88.349187
39.879451
0 -88.292716
39.87924
0 -88.273923
39.87916
0 -88.255052
39.879123
0 -88.236361
39.879115
0 -88.217249
39.879345
0 -88.168183
39.879836
0 -88.161883
39.879906
0 -88.158916
39.879934
0 -88.156509
39.879941
0 -88.143329
39.880021
0 -88.1227
39.880223
0 -88.103746
39.880117
0 -88.084888
39.879974
0 -88.070739
39.879894
0 -88.065992
39.879856
0 -88.04721
39.879704
0 -88.009488
39.879432
0 -87.994411
39.879478
0 -87.937645
39.879803
0 -87.937931
39.906678
0 -87.937951
39.908936
0 -87.938005
39.909718
0 -87.938006
39.910251
0 -87.938058
39.916087
0 -87.938081
39.919645
0 -87.938125
39.923365
0 -87.938612
39.967166
0 -87.938796
39.988862
0 -87.939031
40.01805
0 -87.939194
40.054499
0 -87.939534
40.054846
0 -87.939619
40.068683
0 -87.939622
40.07636
0 -87.939949
40.083635
0 -87.94014
40.120211
0 -87.940423
40.141912
0 -87.940933
40.141905
0 -87.941071
40.149444
0 -87.941318
40.170906
0 -87.941656
40.195882
0 -87.941759
40.20349
0 -87.942103
40.225482
0 -87.92876
40.225619
0 -87.929442
40.269693
0 -87.929669
40.284413
0 -87.929986
40.285431
0 -87.930366
40.313377
0 -87.930417
40.317052
0 -87.93162
40.370903
0 -87.932858
40.399401
0 -87.971287
40.399091
0 -87.990267
40.399229
0 -87.990674
40.399259
0 -87.994194
40.399644
0 -88.002336
40.400478
0 -88.021548
40.400466
0 -88.040623
40.40039
0 -88.112059
40.400563
0 -88.117411
40.40061
0 -88.12856
40.400451
0 -88.155973
40.400181
0 -88.223641
40.399608
0 -88.23372
40.399518
0 -88.252831
40.399335
0 -88.295179
40.398928
0 -88.309483
40.398771
0 -88.346987
40.398651
0 -88.352212
40.39867
0 -88.366133
40.398688
0 -88.422014
40.398539
0 -88.423125
40.398627
0 -88.459957
40.39885
0 -88.460381
40.340249
0 -88.460269
40.310991
0 -88.460418
40.281935
0 -88.460495
40.267354
0 -88.46072
40.223322
0 -88.46366
40.223352
0 