-85.593435
32.897267
0 -85.593638
32.845124
0 -85.593356
32.821869
0 -85.593215
32.805512
0 -85.593066
32.7453
0 -85.593085
32.743288
0 -85.593151
32.72853
0 -85.576793
32.72885
0 -85.576753
32.736362
0 -85.568081
32.736499
0 -85.568073
32.729022
0 -85.559637
32.729193
0 -85.490662
32.730629
0 -85.49075
32.73773
0 -85.481849
32.73783
0 -85.482049
32.73053
0 -85.472923
32.730473
0 -85.461294
32.730387
0 -85.456813
32.730347
0 -85.452329
32.730306
0 -85.430549
32.73033
0 -85.430548
32.74503
0 -85.413447
32.744729
0 -85.413447
32.73743
0 -85.404808
32.73773
0 -85.404547
32.730531
0 -85.396688
32.730483
0 -85.389074
32.730435
0 -85.377132
32.730305
0 -85.356413
32.730497
0 -85.30918
32.730731
0 -85.293221
32.730731
0 -85.285043
32.730731
0 -85.285002
32.739164
0 -85.284843
32.745131
0 -85.281693
32.745179
0 -85.267704
32.745303
0 -85.228965
32.745427
0 -85.201436
32.74575
0 -85.158824
32.746252
0 -85.148358
32.746375
0 -85.148116
32.746378
0 -85.135038
32.74653
0 -85.134794631893
32.7467952506839
0 -85.136584
32.748437
0 -85.139576
32.754308
0 -85.142567
32.760682
0 -85.140573
32.764036
0 -85.137382
32.769068
0 -85.13439
32.770577
0 -85.130884
32.769562
0 -85.122189
32.773353
0 -85.123601
32.775711
0 -85.126219
32.779189
0 -85.129934
32.779649
0 -85.134673
32.783905
0 -85.139285
32.784921
0 -85.1401915160284
32.7883248857941
0 -85.140558
32.789701
0 -85.141903
32.791821
0 -85.145771
32.791115
0 -85.1505836689875
32.7934570819934
0 -85.151913
32.794104
0 -85.1529003459633
32.7950825579662
0 -85.162137
32.804237
0 -85.1638459228327
32.8064092347279
0 -85.167939
32.811612
0 -85.1678838849454
32.8117902576646
0 -85.1672507819921
32.813837891558
0 -85.166078
32.817631
0 -85.1646705784048
32.8202326623105
0 -85.164104
32.82128
0 -85.1666106735749
32.8263567829074
0 -85.1676299633776
32.8284211574235
0 -85.168016
32.829203
0 -85.165473357677
32.8334253730464
0 -85.164651
32.834791
0 -85.16058
32.838249
0 -85.157432
32.839439
0 -85.154584
32.839805
0 -85.153905
32.841018
0 -85.153497
32.842781
0 -85.153462209283
32.8434461729737
0 -85.153388
32.844865
0 -85.154255
32.847476
0 -85.155884
32.849918
0 -85.1571363009798
32.851508931773
0 -85.159841
32.854945
0 -85.161089
32.856045
0 -85.16231
32.856479
0 -85.164318
32.856183
0 -85.166761
32.85474
0 -85.168064
32.852863
0 -85.170099
32.852497
0 -85.177127
32.853895
0 -85.1783639525338
32.854658509785
0 -85.1783807279069
32.8546688643954
0 -85.1784707131974
32.8547244078766
0 -85.179353
32.855269
0 -85.1800139377804
32.8560610253013
0 -85.1844
32.861317
0 -85.1844236329767
32.8614156967348
0 -85.1848106254084
32.8630318659474
0 -85.184888
32.863355
0 -85.1848884238249
32.863446106048
0 -85.184914
32.868944
0 -85.1846512046702
32.8694746250528
0 -85.184131
32.870525
0 -85.18474
32.870527
0 -85.1850475779872
32.8720030053371
0 -85.1853237424222
32.8733282633109
0 -85.1857371444189
32.8753120969364
0 -85.1870586538649
32.8816537568625
0 -85.188741
32.889727
0 -85.1890775794593
32.8914116855049
0 -85.1907838462341
32.8999520845814
0 -85.1912639601209
32.9023552048059
0 -85.2025511620875
32.9588511822649
0 -85.2041165750202
32.9666865637902
0 -85.210891601815
33.0005976927144
0 -85.221868
33.055538
0 -85.223261
33.06258
0 -85.223516898458
33.0638570222819
0 -85.2277998763677
33.0852305712517
0 -85.2284317628998
33.0883839047551
0 -85.232378
33.108077
0 -85.286028
33.108196
0 -85.354636
33.108441
0 -85.394605
33.108598
0 -85.398389
33.108598
0 -85.402678
33.108617
0 -85.411829
33.108717
0 -85.45584
33.109032
0 -85.514376
33.108672
0 -85.541499
33.108095
0 -85.560993
33.107808
0 -85.593177
33.10734
0 -85.592989
33.016146
0 -85.593188
33.000121
0 -85.593335
32.984299
0 -85.593435
32.897267
0 