-78.523634
38.022341
0 -78.523432
38.019539
0 -78.520375
38.018355
0 -78.519274
38.016686
0 -78.518776
38.013524
0 -78.519146
38.010828
0 -78.518601
38.010693
0 -78.517383
38.010245
0 -78.513421
38.009666
0 -78.510179
38.009923
0 -78.509027
38.011257
0 -78.505357
38.010365
0 -78.503302
38.0102
0 -78.499982
38.012812
0 -78.493507
38.01502
0 -78.490712
38.01724
0 -78.490053
38.017059
0 -78.485344
38.015949
0 -78.483694
38.015074
0 -78.483165
38.011956
0 -78.481499
38.011956
0 -78.480264
38.013335
0 -78.475633
38.014739
0 -78.47491
38.014337
0 -78.47473
38.014226
0 -78.475097
38.013518
0 -78.469733
38.011439
0 -78.468433
38.01404
0 -78.466928
38.01836
0 -78.463562
38.020533
0 -78.462089
38.022528
0 -78.459333
38.022439
0 -78.456652
38.021147
0 -78.454702
38.022101
0 -78.452638
38.026454
0 -78.45277
38.028491
0 -78.454672
38.029863
0 -78.456109
38.029742
0 -78.458281
38.027935
0 -78.46101
38.028182
0 -78.460324
38.03224
0 -78.45865
38.03443
0 -78.458489
38.034533
0 -78.454445
38.038659
0 -78.454452
38.045552
0 -78.449095
38.045248
0 -78.447287
38.046148
0 -78.446745
38.047913
0 -78.446311
38.049419
0 -78.447399
38.053552
0 -78.447765
38.057182
0 -78.44905
38.058728
0 -78.454706
38.054729
0 -78.454418
38.053776
0 -78.456579
38.05555
0 -78.458721
38.050937
0 -78.457175
38.050313
0 -78.456962
38.048881
0 -78.457333
38.049538
0 -78.462943
38.049507
0 -78.464033
38.049538
0 -78.466117
38.045769
0 -78.469933
38.047038
0 -78.470819
38.048918
0 -78.472333
38.049037
0 -78.471433
38.050438
0 -78.472233
38.052638
0 -78.469633
38.055838
0 -78.467819
38.059162
0 -78.464333
38.064637
0 -78.465033
38.065237
0 -78.466889
38.06783
0 -78.472342
38.067515
0 -78.471397
38.070591
0 -78.474532
38.067711
0 -78.477179
38.064745
0 -78.480314
38.065794
0 -78.480949
38.065628
0 -78.481131
38.066738
0 -78.485154
38.069027
0 -78.491579
38.061895
0 -78.492636
38.063635
0 -78.495034
38.065337
0 -78.502315
38.060529
0 -78.500878
38.05844
0 -78.503855
38.057149
0 -78.507535
38.056417
0 -78.50997
38.051941
0 -78.504839
38.047275
0 -78.506783
38.044961
0 -78.511415
38.043786
0 -78.511968
38.044009
0 -78.514634
38.044838
0 -78.514012
38.044169
0 -78.516072
38.043486
0 -78.517369
38.041186
0 -78.515534
38.036738
0 -78.514637
38.036917
0 -78.51333
38.037137
0 -78.508096
38.035831
0 -78.506833
38.039338
0 -78.505234
38.041038
0 -78.505772
38.041277
0 -78.504258
38.042865
0 -78.501248
38.040409
0 -78.503456
38.036746
0 -78.501517
38.036037
0 -78.499627
38.034038
0 -78.497791
38.033255
0 -78.498922
38.032907
0 -78.501997
38.032116
0 -78.509613
38.032161
0 -78.51101
38.030835
0 -78.513109
38.029506
0 -78.514463
38.028701
0 -78.516501
38.028634
0 -78.520179
38.029781
0 -78.520048
38.026045
0 -78.523133
38.02634
0 -78.523352
38.023536
0 -78.523634
38.022341
0 