-82.3752262256954
26.9460406622791
0 -82.371007
26.938653
0 -82.3587840666953
26.91954210428
0 -82.351649
26.908384
0 -82.342469
26.894676
0 -82.3415975851731
26.8935404334298
0 -82.334545
26.88435
0 -82.325779
26.877472
0 -82.3217553328901
26.8714667065437
0 -82.3026571956114
26.8429628776492
0 -82.301736
26.841588
0 -82.3010336840332
26.8407242912
0 -82.289582
26.826641
0 -82.282533
26.815992
0 -82.282255
26.810962
0 -82.284364
26.809297
0 -82.28268
26.804206
0 -82.274246
26.79354
0 -82.2720923576117
26.7895176293629
0 -82.264676
26.789429
0 -82.261346
26.788862
0 -82.249816
26.786886
0 -82.248032
26.786857
0 -82.242631
26.785739
0 -82.233914
26.783221
0 -82.228066
26.782178
0 -82.222403
26.781988
0 -82.221492
26.781754
0 -82.218118
26.779788
0 -82.213197
26.775288
0 -82.208794
26.771724
0 -82.20749
26.771029
0 -82.205562
26.770528
0 -82.2010205343136
26.7707662433106
0 -82.197123
26.77292
0 -82.190706
26.772496
0 -82.1871863673146
26.7708458777544
0 -82.185476
26.770044
0 -82.172167
26.769949
0 -82.1711207011653
26.7707982048679
0 -82.161709
26.778437
0 -82.151093
26.783479
0 -82.146259
26.782893
0 -82.145071
26.788834
0 -82.15339
26.853952
0 -82.170503
26.899109
0 -82.181198
26.921363
0 -82.1831
26.935773
0 -82.1783678579086
26.938881480849
0 -82.174068
26.941706
0 -82.167888
26.938316
0 -82.167651
26.933442
0 -82.160283
26.929628
0 -82.154816
26.921787
0 -82.147923
26.919456
0 -82.139129
26.922846
0 -82.137294
26.926066
0 -82.124645
26.945615
0 -82.114886
26.950816
0 -82.1168619240887
26.9549258112532
0 -82.118451
26.958231
0 -82.1168408197031
26.962538084066
0 -82.11655
26.963316
0 -82.109657
26.960986
0 -82.102754
26.957783
0 -82.103002
26.953147
0 -82.09706
26.952723
0 -82.091805
26.954129
0 -82.087544
26.958059
0 -82.0823642505389
26.9581535851476
0 -82.079001
26.958215
0 -82.066161
26.954418
0 -82.060932
26.949969
0 -82.0609151024075
26.9499448978239
0 -82.0579288440812
26.9456853961158
0 -82.0567501877476
26.9440041990734
0 -82.053802
26.939799
0 -82.055228
26.935773
0 -82.061976
26.931241
0 -82.0669411361139
26.9282614001404
0 -82.067725
26.927791
0 -82.078758
26.926025
0 -82.083249
26.927791
0 -82.08684
26.927721
0 -82.092306
26.923058
0 -82.098486
26.913098
0 -82.0976352139112
26.9079133358266
0 -82.09706
26.904408
0 -82.095158
26.891478
0 -82.094996608163
26.8913280391416
0 -82.089454
26.886178
0 -82.063547
26.876851
0 -82.0618640498678
26.8754149359124
0 -82.0591564080305
26.8731045007248
0 -82.05808
26.872186
0 -82.056801
26.858797
0 -82.0580772074418
26.8439093928391
0 -82.058526
26.838674
0 -82.057951
26.822
0 -82.0561164765319
26.8095265166069
0 -82.055076
26.802452
0 -82.05713
26.794563
0 -82.061401
26.789228
0 -82.061401
26.774279
0 -82.0620292851376
26.7704391019286
0 -82.061068
26.770423
0 -82.058702
26.770384
0 -82.03816
26.770367
0 -81.931333
26.770051
0 -81.931098
26.770049
0 -81.893888
26.769971
0 -81.89214
26.769967
0 -81.879008
26.769937
0 -81.878528
26.769934
0 -81.805622
26.769745
0 -81.76074
26.7696
0 -81.661695
26.769609
0 -81.565931
26.769552
0 -81.565028
26.85736
0 -81.563725
26.943483
0 -81.5638
26.944972
0 -81.562202
27.033836
0 -81.771689
27.033911
0 -81.958646
27.03505
0 -81.983242
27.03525
0 -81.991139
27.032228
0 -81.99154
27.032075
0 -81.992522
27.0317
0 -82.007841
27.031726
0 -82.040198
27.03195
0 -82.057469
27.032119
0 -82.067588
27.032079
0 -82.076404
27.03212
0 -82.088588
27.0322
0 -82.103323
27.032366
0 -82.118728
27.032503
0 -82.15616
27.032732
0 -82.177185
27.032789
0 -82.203442
27.032843
0 -82.204768
27.03284
0 -82.206968
27.032855
0 -82.229882
27.032931
0 -82.238531
27.032958
0 -82.252324
27.032943
0 -82.255237
27.032975
0 -82.255302
27.031086
0 -82.255319
27.005632
0 -82.255297
27.000336
0 -82.255298
26.998945
0 -82.255521
26.945264
0 -82.263651
26.94533
0 -82.272445
26.945396
0 -82.288996
26.945506
0 -82.299896
26.945564
0 -82.304425
26.945644
0 -82.312691
26.945728
0 -82.317132
26.945746
0 -82.317717
26.945727
0 -82.320845
26.945625
0 -82.323284
26.945675
0 -82.337275
26.94588
0 -82.3382
26.945919
0 -82.34294
26.94584
0 -82.346917
26.945839
0 -82.349254
26.945909
0 -82.350234
26.945896
0 -82.35266
26.945936
0 -82.36164
26.946073
0 -82.365117
26.946139
0 -82.3752262256954
26.9460406622791
0 