-96.525537
37.070544
0 -96.5255776738603
36.9987120358304
0 -96.500288
36.998643
0 -96.4157735819161
36.9991109977438
0 -96.415412
36.999113
0 -96.394272
36.999221
0 -96.381556989653
36.9992266293831
0 -96.3803000623001
36.9992271858691
0 -96.3452839777254
36.9992426887236
0 -96.2848529997537
36.9992694436469
0 -96.279079
36.999272
0 -96.276368
36.999271
0 -96.2763581402754
36.9992709662941
0 -96.2353201686152
36.9991306762741
0 -96.217571
36.99907
0 -96.200028
36.999028
0 -96.184768
36.999211
0 -96.1847130166869
36.9992109105991
0 -96.154017
36.999161
0 -96.152384
36.999051
0 -96.149709
36.99904
0 -96.147143
36.999022
0 -96.143207
36.999134
0 -96.14121
36.998973
0 -96.0912791627285
36.9989328134999
0 -96.0357720634707
36.9988881389827
0 -96.00081
36.99886
0 -95.9642699335572
36.9990936072442
0 -95.964222
37.008382
0 -95.964336
37.011121
0 -95.964735
37.013479
0 -95.964571
37.067579
0 -95.964692
37.09639
0 -95.964464
37.125511
0 -95.964167
37.183254
0 -95.964096
37.189024
0 -95.964135
37.197483
0 -95.964353
37.223759
0 -95.964391
37.226758
0 -95.964428
37.239829
0 -95.964396
37.255693
0 -95.964399
37.299232
0 -96.025252
37.299877
0 -96.028266
37.299595
0 -96.033389
37.299904
0 -96.055008
37.300042
0 -96.073228
37.300162
0 -96.091428
37.300297
0 -96.113202
37.300407
0 -96.114417
37.300566
0 -96.125267
37.300436
0 -96.144383
37.300708
0 -96.145012
37.30065
0 -96.145301
37.300644
0 -96.146464
37.300777
0 -96.172367
37.30088
0 -96.236222
37.30089
0 -96.250274
37.300604
0 -96.272384
37.30072
0 -96.290477
37.300798
0 -96.344547
37.301834
0 -96.363065
37.301773
0 -96.381242
37.301827
0 -96.453419
37.3022
0 -96.46397
37.302294
0 -96.470905
37.302117
0 -96.489195
37.302323
0 -96.524873
37.30273
0 -96.525268
37.259504
0 -96.525265
37.244305
0 -96.525401
37.201348
0 -96.52534
37.143245
0 -96.525425
37.099638
0 -96.525465
37.095273
0 -96.525537
37.070544
0 