-105.353571
32.577609
0 -105.353907
32.518769
0 -105.246508
32.518814
0 -105.149158
32.518832
0 -105.149131
32.520711
0 -104.851525
32.520505
0 -104.842026
32.520705
0 -104.842226
32.540889
0 -104.841229
32.963303
0 -104.84062
32.963303
0 -104.549595
32.96396
0 -104.362212
32.964599
0 -104.353943
32.964562
0 -104.074967
32.965487
0 -104.074424
32.965395
0 -104.051405
32.965579
0 -103.875508
32.965058
0 -103.8146
32.965203
0 -103.778925
32.965195
0 -103.766341
32.965232
0 -103.766295
33.051679
0 -103.766397
33.098546
0 -103.766177
33.139525
0 -103.766177
33.140132
0 -103.766252
33.162698
0 -103.766026
33.191691
0 -103.765677
33.193686
0 -103.766212
33.208886
0 -103.765978
33.238875
0 -103.767109
33.25011
0 -103.766821
33.311912
0 -103.766676
33.343206
0 -103.766033
33.357191
0 -103.76617
33.358085
0 -103.766433
33.395491
0 -103.750511
33.395317
0 -103.748771
33.395466
0 -103.721977
33.395895
0 -103.721254
33.421169
0 -103.720742
33.569678
0 -103.583547
33.56955
0 -103.510267
33.570256
0 -103.509899
33.586872
0 -103.510395
33.589605
0 -103.509911
33.60082
0 -103.510103
33.600795
0 -103.509726
33.657177
0 -103.528411
33.657111
0 -103.530268
33.657356
0 -103.535424
33.657023
0 -103.559348
33.656727
0 -103.707346
33.65616
0 -103.708029
33.656313
0 -103.71826
33.656136
0 -103.718051
33.685143
0 -103.716794
33.8193
0 -103.746959
33.819258
0 -103.816784
33.819189
0 -103.841906
33.819252
0 -103.841711
33.883536
0 -103.841582
33.885168
0 -103.841619
34.081681
0 -103.875519
34.08163
0 -103.889177
34.081653
0 -103.910272
34.081765
0 -103.911841
34.081673
0 -103.945949
34.082784
0 -103.998661
34.082247
0 -104.155841
34.08332
0 -104.156269
33.995413
0 -104.317272
33.995744
0 -104.567464
33.997392
0 -104.785964
34.000057
0 -104.786238
34.087763
0 -104.893141
34.088304
0 -104.893505
34.047515
0 -104.893603
34.036634
0 -104.894473
33.911787
0 -104.894536
33.82437
0 -104.892348
33.824341
0 -104.891179
33.822078
0 -104.891672
33.750227
0 -104.891142
33.736659
0 -104.891916
33.594594
0 -104.891974
33.566327
0 -104.892071
33.490772
0 -104.892224
33.489722
0 -104.892259
33.480662
0 -104.892385
33.397692
0 -104.885148
33.393371
0 -104.884834
33.379517
0 -104.885069
33.369242
0 -104.885414
33.347304
0 -104.885186
33.306267
0 -104.90382
33.306184
0 -104.90364
33.264767
0 -104.903471
33.250099
0 -104.903945
33.24174
0 -104.904113
33.220976
0 -104.905553
33.221107
0 -104.905746
33.153604
0 -104.905262
33.152676
0 -104.905592
33.149282
0 -104.90576
33.138723
0 -104.905762
33.138626
0 -104.907319
33.1387
0 -104.933485
33.138816
0 -104.936917
33.139105
0 -105.000532
33.139094
0 -105.006843
33.138564
0 -105.0068
33.133943
0 -105.090301
33.134439
0 -105.099088
33.134251
0 -105.109632
33.132032
0 -105.316882
33.132218
0 -105.316833
33.125093
0 -105.316896
33.124625
0 -105.316224
33.002719
0 -105.316151
32.962014
0 -105.35255
32.961976
0 -105.352534
32.866475
0 -105.352172
32.727541
0 -105.35199
32.616971
0 -105.351921
32.606465
0 -105.351914
32.604799
0 -105.353462
32.604774
0 -105.353571
32.577609
0 