-102.084145
42.87246
0 -102.084961
42.785509
0 -102.066905
42.78549
0 -102.066316
42.700602
0 -102.066421
42.683356
0 -102.066627
42.626286
0 -102.066503
42.616359
0 -102.066623
42.60619
0 -102.066689
42.443463
0 -102.038169
42.443307
0 -102.038607
42.373174
0 -102.03866
42.364138
0 -102.039141
42.269606
0 -102.039177
42.255854
0 -102.03936
42.238035
0 -102.039606
42.237412
0 -102.039671
42.183236
0 -102.04028
42.096744
0 -102.006204
42.096338
0 -101.875494
42.094709
0 -101.855123
42.094203
0 -101.727181
42.093439
0 -101.640777
42.093593
0 -101.469613
42.092363
0 -101.426557
42.092194
0 -101.412202
42.092113
0 -101.375452
42.091803
0 -101.36941
42.092059
0 -100.888591
42.089036
0 -100.875429
42.088225
0 -100.867732
42.08821
0 -100.846129
42.088166
0 -100.811942
42.088099
0 -100.691524
42.087494
0 -100.676213
42.087383
0 -100.673853
42.087371
0 -100.635902
42.087091
0 -100.375412
42.086798
0 -100.368675
42.08661
0 -100.365573
42.086749
0 -100.354949
42.086662
0 -100.353015
42.086732
0 -100.28533
42.086215
0 -100.267622
42.086147
0 -100.167605
42.085848
0 -100.167652
42.158731
0 -100.167692
42.165238
0 -100.167781
42.165639
0 -100.167539
42.433281
0 -100.183167
42.433497
0 -100.183162
42.505709
0 -100.183018
42.534474
0 -100.183189
42.536939
0 -100.183117
42.555273
0 -100.183164
42.749367
0 -100.183354
42.750002
0 -100.18327
42.781005
0 -100.198575
42.781021
0 -100.198526
42.810525
0 -100.198504
42.824051
0 -100.198478
42.846102
0 -100.198388
42.912225
0 -100.197828
42.91266
0 -100.198412036875
42.9985420518853
0 -100.198412688285
42.9985420503464
0 -100.198434
42.998542
0 -100.277793
42.998674
0 -100.283713
42.998767
0 -100.349548
42.99874
0 -100.355406
42.99876
0 -100.413360660125
42.9990207900435
0 -100.472742
42.999288
0 -100.534335
42.999017
0 -100.544018
42.998795
0 -100.553131
42.998721
0 -100.625414
42.998584
0 -100.631728
42.998092
0 -100.671280468763
42.9981211931093
0 -100.747883004626
42.9981777323413
0 -100.807603629
42.9982218112768
0 -100.84738899987
42.9982511762878
0 -100.867473
42.998266
0 -100.887898
42.997881
0 -100.906714
42.99791
0 -100.906915888495
42.9979095544077
0 -100.907004777871
42.9979093582181
0 -100.958365
42.997796
0 -100.964169982461
42.9978856907161
0 -100.96419
42.997886
0 -101.000429
42.99753
0 -101.043147
42.99796
0 -101.140807011447
42.9979285735754
0 -101.226494
42.997901
0 -101.226853
42.997896
0 -101.228104364544
42.9978736351869
0 -101.229203
42.997854
0 -101.230325
42.997899
0 -101.426418420336
42.9973298115116
0 -101.495564154149
42.9971291063801
0 -101.500424
42.997115
0 -101.514241457367
42.9970180567191
0 -101.625424
42.996238
0 -101.713573
42.99662
0 -101.713823230654
42.996624969429
0 -101.713904141632
42.996626576272
0 -101.849982
42.999329
0 -102.082486038791
42.9993559930387
0 -102.082546
42.999356
0 -102.084145
42.87246
0 