-72.557247
42.853019
0 -72.5565590791691
42.8518829674318
0 -72.5562927331913
42.8514431236422
0 -72.553426
42.846709
0 -72.54855
42.842021
0 -72.547402
42.837587
0 -72.547244
42.834192
0 -72.5460332654177
42.8277247555299
0 -72.545669
42.825779
0 -72.5453640239122
42.8239712678544
0 -72.544773
42.820468
0 -72.543815
42.819001
0 -72.542616
42.816702
0 -72.54146
42.808948
0 -72.5396
42.804832
0 -72.5259298304141
42.7957076154148
0 -72.518354
42.790651
0 -72.515838
42.78856
0 -72.511746
42.784114
0 -72.508858
42.779919
0 -72.508048
42.776885
0 -72.508372
42.77461
0 -72.510154
42.773221
0 -72.514836
42.771436
0 -72.516731
42.76867
0 -72.516082
42.765949
0 -72.513105
42.763822
0 -72.510871
42.763752
0 -72.507985
42.764414
0 -72.50069
42.767657
0 -72.499249
42.769054
0 -72.498786
42.771981
0 -72.497949
42.772918
0 -72.495343
42.773286
0 -72.491122
42.772465
0 -72.487767
42.76938
0 -72.4864
42.76698
0 -72.484878
42.76554
0 -72.479354
42.763119
0 -72.477615
42.761245
0 -72.475938
42.757702
0 -72.474723
42.750729
0 -72.473071
42.745916
0 -72.467827
42.741209
0 -72.461001
42.733209
0 -72.458488
42.729094
0 -72.458519
42.726853
0 -72.4512574145013
42.7266332567179
0 -72.4377797125595
42.7262254071566
0 -72.4291378357477
42.7259638947949
0 -72.4120146753051
42.7254457297914
0 -72.3261530041753
42.7228474645195
0 -72.285954
42.721631
0 -72.2829807916375
42.7215574194105
0 -72.2036526783773
42.7195942171626
0 -72.1454001237123
42.7181525902088
0 -72.124526
42.717636
0 -72.1110693083933
42.7172277599078
0 -72.0893269455277
42.7165681546734
0 -72.0813841754583
42.7163271922378
0 -72.0784460589264
42.7162380576273
0 -72.0779473892078
42.7162229293196
0 -72.0157435511999
42.7143358309669
0 -71.9815750370863
42.7132992494832
0 -71.981402
42.713294
0 -71.9558384743854
42.7127787533389
0 -71.928811
42.712234
0 -71.934632
42.743643
0 -71.944792
42.788586
0 -71.974312
42.789161
0 -71.976221
42.798151
0 -71.983769
42.833917
0 -71.990393
42.865309
0 -71.994219
42.88254
0 -71.994128
42.883933
0 -71.996675
42.896118
0 -71.998334
42.903959
0 -71.998957
42.909711
0 -72.001034
42.91951
0 -72.003426
42.931104
0 -72.006066
42.943899
0 -72.062374
42.944837
0 -72.061244
42.965842
0 -72.058913
43.005118
0 -72.0581
43.018904
0 -72.042112
43.082276
0 -72.043622
43.082088
0 -72.034394
43.128729
0 -72.038149
43.128807
0 -72.123458
43.129883
0 -72.124528
43.129689
0 -72.178457
43.131955
0 -72.173093
43.14918
0 -72.156548
43.181962
0 -72.219784
43.17479
0 -72.244337
43.172288
0 -72.24953
43.17096
0 -72.262294
43.169545
0 -72.332153
43.162905
0 -72.330406
43.155203
0 -72.371169
43.157102
0 -72.376388
43.157734
0 -72.372151
43.132682
0 -72.372055
43.132123
0 -72.37911
43.132481
0 -72.4316
43.135693
0 -72.432057
43.159732
0 -72.443879
43.160747
0 -72.446254
43.16094
0 -72.4521
43.161414
0 -72.451553
43.155155
0 -72.451802
43.153486
0 -72.452801
43.151977
0 -72.456537
43.149528
0 -72.45714
43.148493
0 -72.45689
43.146558
0 -72.4568570997191
43.1465067845137
0 -72.451986
43.138924
0 -72.448303
43.137187
0 -72.444214
43.13737
0 -72.441904
43.136615
0 -72.440905
43.135793
0 -72.4408625347222
43.1352504720733
0 -72.440624
43.132203
0 -72.44078
43.131472
0 -72.442746
43.131152
0 -72.442933
43.130192
0 -72.440967
43.127608
0 -72.4382744768806
43.1253457668007
0 -72.4379545890702
43.125077
0 -72.435936
43.123381
0 -72.432972
43.119655
0 -72.432661
43.114077
0 -72.433129
43.112637
0 -72.434845
43.109917
0 -72.440587
43.106145
0 -72.442427
43.10363
0 -72.443051
43.100841
0 -72.439214
43.094852
0 -72.435191
43.086622
0 -72.43527656469
43.0845095789327
0 -72.435316
43.083536
0 -72.43619
43.08173
0 -72.43987
43.077043
0 -72.445202
43.071352
0 -72.4506793337149
43.06682115969
0 -72.45471
43.063487
0 -72.4615213345621
43.0589348852844
0 -72.463812
43.057404
0 -72.466491
43.054729
0 -72.467363
43.052648
0 -72.466832
43.049197
0 -72.465896
43.047505
0 -72.462248
43.044214
0 -72.460252
43.040671
0 -72.460905
43.035961
0 -72.46299
43.028531
0 -72.462397
43.02556
0 -72.459653241029
43.0205778051283
0 -72.4596248156407
43.020526189507
0 -72.458998
43.019388
0 -72.457035
43.017285
0 -72.452984
43.015731
0 -72.444635
43.010566
0 -72.443825
43.008965
0 -72.443762
43.006245
0 -72.444977
43.004416
0 -72.448714
43.001169
0 -72.451797
43.000577
0 -72.456936
43.001306
0 -72.459951
43.00008
0 -72.46294
42.996943
0 -72.464714
42.993582
0 -72.465335
42.989558
0 -72.464026
42.986107
0 -72.461597
42.984049
0 -72.461627
42.982906
0 -72.465985
42.97847
0 -72.473827
42.972045
0 -72.476722
42.971746
0 -72.479245
42.973597
0 -72.481706
42.973985
0 -72.486872
42.971789
0 -72.492597
42.967648
0 -72.504226
42.965815
0 -72.507901
42.964171
0 -72.518422
42.96317
0 -72.5208760907223
42.9617035007127
0 -72.532186
42.954945
0 -72.534117
42.952133
0 -72.534554
42.949894
0 -72.533901
42.948591
0 -72.531693
42.94651
0 -72.529763
42.94612
0 -72.52855
42.94532
0 -72.527431
42.943148
0 -72.526624
42.939901
0 -72.526346
42.935717
0 -72.5265149177258
42.9341126189903
0 -72.527097
42.928584
0 -72.524242
42.918501
0 -72.52443
42.915575
0 -72.525271
42.914363
0 -72.529191
42.912719
0 -72.530218
42.911576
0 -72.531588
42.907164
0 -72.531469
42.89795
0 -72.532777
42.896076
0 -72.5327960916294
42.8960581952565
0 -72.537287
42.89187
0 -72.540708
42.889379
0 -72.546491
42.88714
0 -72.552025
42.885631
0 -72.552834
42.884968
0 -72.555415
42.875428
0 -72.555131
42.871058
0 -72.556214
42.86695
0 -72.5561773621851
42.8666992824039
0 -72.556112
42.866252
0 -72.555132
42.865731
0 -72.554232
42.860038
0 -72.5550367783941
42.8581644545445
0 -72.5562890313957
42.8552491763297
0 -72.557247
42.853019
0 