-76.482069
36.62855
0 -76.4914826191179
36.5507317987331
0 -76.465268
36.550951
0 -76.3766923292655
36.5507179873775
0 -76.313215
36.550551
0 -76.3131963758395
36.5505510068219
0 -76.2331892210888
36.5505803130511
0 -76.2050440148798
36.5505906225023
0 -76.1931700851206
36.5505949718646
0 -76.1521550212434
36.5506099954817
0 -76.1223603405968
36.5506209091274
0 -76.122554
36.585252
0 -76.121619
36.588366
0 -76.121931
36.595119
0 -76.122364
36.645709
0 -76.121955
36.66575
0 -76.102655
36.66995
0 -76.100658
36.670451
0 -76.099778
36.673372
0 -76.095354
36.67465
0 -76.086154
36.67585
0 -76.083954
36.67705
0 -76.079654
36.67865
0 -76.076854
36.67725
0 -76.073954
36.67845
0 -76.069153
36.67745
0 -76.065553
36.68555
0 -76.068154
36.69235
0 -76.069454
36.69385
0 -76.072754
36.69655
0 -76.080154
36.70515
0 -76.081654
36.71145
0 -76.082154
36.71245
0 -76.088955
36.71355
0 -76.097555
36.71605
0 -76.098455
36.71675
0 -76.100054
36.718177
0 -76.143253
36.757045
0 -76.151757
36.758149
0 -76.159305
36.759556
0 -76.179061
36.762583
0 -76.186531
36.763747
0 -76.18716
36.764095
0 -76.188551
36.764748
0 -76.195246
36.76692
0 -76.2037
36.769742
0 -76.212882
36.794165
0 -76.213635
36.79599
0 -76.214791
36.799148
0 -76.218704
36.809276
0 -76.218845
36.809702
0 -76.219331
36.810941
0 -76.223173
36.819837
0 -76.22317
36.819955
0 -76.22776
36.833847
0 -76.22516
36.837047
0 -76.22616
36.839247
0 -76.22606
36.839947
0 -76.24196
36.837147
0 -76.243765
36.836862
0 -76.24572
36.832886
0 -76.249593
36.828767
0 -76.257475
36.820757
0 -76.258946
36.821724
0 -76.260647
36.822475
0 -76.265218
36.824296
0 -76.272416
36.82714
0 -76.27471
36.828039
0 -76.275185
36.827417
0 -76.276963
36.824892
0 -76.279725
36.823429
0 -76.280615
36.823191
0 -76.283762
36.822648
0 -76.288062
36.822248
0 -76.289962
36.822048
0 -76.291262
36.818448
0 -76.290061
36.808742
0 -76.291562
36.799948
0 -76.292828
36.797154
0 -76.294862
36.798248
0 -76.294262
36.798848
0 -76.297429
36.797785
0 -76.310504
36.796103
0 -76.311061
36.796209
0 -76.312391
36.796276
0 -76.320044
36.79514
0 -76.322639
36.794177
0 -76.328806
36.792999
0 -76.336043
36.791923
0 -76.342065
36.791032
0 -76.363839
36.787804
0 -76.363882
36.787798
0 -76.375679
36.786062
0 -76.377638
36.788073
0 -76.378289
36.788596
0 -76.384628
36.795695
0 -76.386998
36.798547
0 -76.387266
36.800548
0 -76.388702
36.802073
0 -76.391285
36.803477
0 -76.391986
36.805275
0 -76.395066
36.806748
0 -76.396066
36.805748
0 -76.400366
36.806448
0 -76.403666
36.814048
0 -76.397953
36.823673
0 -76.397902
36.823763
0 -76.395466
36.828148
0 -76.389466
36.832948
0 -76.387966
36.833148
0 -76.388466
36.834348
0 -76.385233
36.836416
0 -76.383466
36.837548
0 -76.388266
36.844948
0 -76.388266
36.848948
0 -76.387266
36.851148
0 -76.388266
36.852948
0 -76.391266
36.854348
0 -76.391866
36.856548
0 -76.394267
36.856848
0 -76.396218
36.856947
0 -76.397695
36.857165
0 -76.399366
36.857244
0 -76.398976
36.861012
0 -76.398475
36.865079
0 -76.39999
36.866305
0 -76.401467
36.866548
0 -76.420368
36.866348
0 -76.421312
36.865403
0 -76.441068
36.842548
0 -76.44067
36.841553
0 -76.450689
36.826708
0 -76.456168
36.816948
0 -76.457469
36.814841
0 -76.463398
36.77046
0 -76.463475
36.769852
0 -76.466768
36.746249
0 -76.466776
36.746184
0 -76.482069
36.62855
0 