-91.460417
33.170191
0 -91.460516
33.141021
0 -91.460316
33.112138
0 -91.46018
33.110437
0 -91.460177
33.083428
0 -91.460362
33.079886
0 -91.460365
33.07542
0 -91.45998
33.07377
0 -91.459924
33.067906
0 -91.460334
33.053657
0 -91.460458
33.023468
0 -91.4604000514466
33.0059095659352
0 -91.453369
33.005843
0 -91.435782
33.006099
0 -91.425466
33.006016
0 -91.376016
33.005794
0 -91.3583291649319
33.0056850124103
0 -91.333011
33.005529
0 -91.329767
33.005421
0 -91.326396
33.005376
0 -91.325037
33.005364
0 -91.3225891426827
33.0053417555439
0 -91.322506
33.005341
0 -91.3120324826686
33.0052621241307
0 -91.312016
33.005262
0 -91.3054762268272
33.0052016175625
0 -91.284398
33.005007
0 -91.265018
33.005084
0 -91.166073
33.004106
0 -91.166282
33.011331
0 -91.162363
33.019684
0 -91.15616
33.02358
0 -91.149758
33.026312
0 -91.142424
33.027231
0 -91.137439
33.028736
0 -91.129088
33.033554
0 -91.125656
33.038276
0 -91.123441
33.046577
0 -91.120379
33.05453
0 -91.120293
33.055921
0 -91.121195
33.059166
0 -91.124639
33.064127
0 -91.149823
33.081603
0 -91.160656
33.085596
0 -91.165918
33.086174
0 -91.171514
33.087818
0 -91.173546
33.089318
0 -91.174723
33.09164
0 -91.180836
33.098364
0 -91.1863465782448
33.1006229834877
0 -91.195953
33.104561
0 -91.200167
33.10693
0 -91.201125
33.108185
0 -91.201462
33.109638
0 -91.202089
33.121249
0 -91.20178
33.125121
0 -91.195296
33.134731
0 -91.193174
33.136734
0 -91.188718
33.139811
0 -91.183662
33.141691
0 -91.169406
33.142639
0 -91.161651
33.141781
0 -91.160298
33.141216
0 -91.153015
33.135093
0 -91.151853
33.131802
0 -91.150362
33.130695
0 -91.143334
33.129785
0 -91.131659
33.129101
0 -91.114087
33.129834
0 -91.104317
33.131598
0 -91.093201
33.136726
0 -91.089862
33.139655
0 -91.087589
33.145177
0 -91.0869117647879
33.1487335707116
0 -91.085562
33.155822
0 -91.084889
33.1618
0 -91.084366
33.180856
0 -91.086963
33.198509
0 -91.089909
33.210194
0 -91.091711
33.220813
0 -91.085984
33.221644
0 -91.082878
33.221621
0 -91.079635
33.223225
0 -91.079227
33.223889
0 -91.079227
33.2265
0 -91.077673
33.227485
0 -91.074103
33.226821
0 -91.070697
33.227302
0 -91.071079
33.230096
0 -91.068708
33.232936
0 -91.065629
33.232982
0 -91.063912
33.237356
0 -91.054126
33.246105
0 -91.050407
33.251202
0 -91.047648
33.259989
0 -91.045191
33.265404
0 -91.043985
33.269835
0 -91.043624
33.274636
0 -91.045141
33.279015
0 -91.04815
33.282796
0 -91.052369
33.285415
0 -91.05873
33.286901
0 -91.067035
33.28718
0 -91.072567
33.285885
0 -91.07853
33.283306
0 -91.081244
33.28125
0 -91.083694
33.278557
0 -91.086137
33.273652
0 -91.090342
33.257325
0 -91.091489
33.254838
0 -91.094748
33.250499
0 -91.096931
33.241628
0 -91.099093
33.238173
0 -91.1001
33.238125
0 -91.106142
33.241799
0 -91.110561
33.24593
0 -91.114325
33.252953
0 -91.115184048026
33.2552449804476
0 -91.117223
33.260685
0 -91.118208
33.262071
0 -91.128078
33.268502
0 -91.125528
33.274732
0 -91.125539
33.280255
0 -91.140057
33.296618
0 -91.141615
33.299539
0 -91.1415885699783
33.3023290663642
0 -91.141475
33.314318
0 -91.143667
33.328398
0 -91.1434008294615
33.3301967703273
0 -91.143353
33.33052
0 -91.141893
33.332963
0 -91.1417884567539
33.333361959631
0 -91.140968
33.336493
0 -91.142219
33.348989
0 -91.141793
33.350076
0 -91.140192
33.351452
0 -91.1303188483801
33.357111847657
0 -91.125108
33.360099
0 -91.120409
33.363809
0 -91.106758
33.381141
0 -91.101456
33.38719
0 -91.090852
33.395781
0 -91.0842758576406
33.4000857760094
0 -91.0810374507895
33.4022056534937
0 -91.075293
33.405966
0 -91.0700340847905
33.4121383142545
0 -91.062281
33.421238
0 -91.0591760717934
33.4268530396994
0 -91.058152
33.428705
0 -91.057621
33.445341
0 -91.0580133125203
33.4462148596964
0 -91.059828
33.450257
0 -91.064701
33.453775
0 -91.067623
33.455104
0 -91.074555
33.455811
0 -91.077814
33.455648
0 -91.081834
33.454188
0 -91.086498
33.451576
0 -91.091566
33.446319
0 -91.094279
33.442671
0 -91.096723
33.437603
0 -91.097531
33.433725
0 -91.097474
33.431733
0 -91.095335
33.425684
0 -91.095211
33.417488
0 -91.099277
33.408244
0 -91.10717
33.399078
0 -91.113764
33.393124
0 -91.123623
33.387526
0 -91.140938
33.380477
0 -91.154017
33.378914
0 -91.166304
33.379709
0 -91.171968
33.38103
0 -91.176942
33.382841
0 -91.191127
33.389634
0 -91.1930386834362
33.3909227138944
0 -91.204758
33.398823
0 -91.208113
33.402007
0 -91.209032
33.403633
0 -91.20922
33.40629
0 -91.208702
33.408719
0 -91.205272
33.414231
0 -91.20258
33.416832
0 -91.199354
33.418321
0 -91.191973
33.417728
0 -91.184427
33.419576
0 -91.179368
33.417151
0 -91.17628
33.416979
0 -91.163387
33.422157
0 -91.147663
33.427172
0 -91.144877
33.427706
0 -91.13915
33.426955
0 -91.131885
33.430063
0 -91.130561
33.4319
0 -91.130552
33.433263
0 -91.128589
33.436284
0 -91.1211
33.443563
0 -91.118495
33.449116
0 -91.117975
33.453807
0 -91.1189644362004
33.4575629980587
0 -91.119667
33.46023
0 -91.125109
33.472842
0 -91.136656
33.481323
0 -91.157319
33.492923
0 -91.160142
33.494829
0 -91.164019
33.497448
0 -91.167403
33.498304
0 -91.172213
33.496691
0 -91.175488
33.49077
0 -91.177148
33.48617
0 -91.176984
33.478899
0 -91.175635
33.471761
0 -91.171799
33.462342
0 -91.16936
33.452629
0 -91.177293
33.443638
0 -91.181787
33.44078
0 -91.186979
33.438592
0 -91.194658
33.436358
0 -91.206807
33.433846
0 -91.210275
33.433796
0 -91.217374
33.434699
0 -91.235181
33.438972
0 -91.235928
33.440611
0 -91.23431
33.4423
0 -91.2336971298595
33.443499513856
0 -91.233422
33.444038
0 -91.232587
33.453958
0 -91.231661
33.4571
0 -91.223338
33.462764
0 -91.220192
33.463045
0 -91.215508
33.46478
0 -91.208535
33.468606
0 -91.206753
33.470308
0 -91.205661
33.473553
0 -91.199593
33.483125
0 -91.195634
33.488468
0 -91.189375
33.493005
0 -91.185637
33.496399
0 -91.18307
33.498613
0 -91.182901
33.502379
0 -91.184612
33.507364
0 -91.187367
33.510552
0 -91.215671
33.529423
0 -91.219297
33.532364
0 -91.226325
33.5412
0 -91.229834
33.547047
0 -91.232295
33.552788
0 -91.232537
33.557454
0 -91.231418
33.560593
0 -91.2308579778816
33.56137194507
0 -91.242362
33.561456
0 -91.244582
33.561425
0 -91.244805
33.553601
0 -91.24576
33.517148
0 -91.250113
33.517494
0 -91.280521
33.517972
0 -91.324744
33.518589
0 -91.324254
33.526007
0 -91.33348
33.526267
0 -91.333164
33.533563
0 -91.346152
33.5336
0 -91.346542
33.519409
0 -91.35081
33.519476
0 -91.34954
33.563646
0 -91.366847
33.563689
0 -91.384165
33.563417
0 -91.405127
33.563551
0 -91.453438
33.563703
0 -91.4534
33.56335
0 -91.453813
33.546917
0 -91.453921
33.534201
0 -91.454243
33.524584
0 -91.454418
33.5193
0 -91.454732
33.501978
0 -91.454762
33.501798
0 -91.456815
33.425472
0 -91.457365
33.389194
0 -91.45737
33.388974
0 -91.457359
33.388807
0 -91.458546
33.330475
0 -91.459442
33.299695
0 -91.460067
33.271879
0 -91.460197
33.257389
0 -91.460372
33.236987
0 -91.460157
33.234499
0 -91.460417
33.170191
0 