-73.3614860172538
44.5635184068807
0 -73.360088
44.562546
0 -73.3584056214075
44.5601865914769
0 -73.356788
44.557918
0 -73.355186
44.556918
0 -73.350027
44.555392
0 -73.342932
44.551907
0 -73.338751
44.548046
0 -73.33863
44.546844
0 -73.3386304450732
44.5468424276295
0 -73.3393
44.544477
0 -73.338995
44.543302
0 -73.331595
44.535924
0 -73.330893
44.534269
0 -73.330588
44.531034
0 -73.329458
44.529203
0 -73.328512
44.528478
0 -73.323935
44.52712
0 -73.322026
44.525289
0 -73.3211898546784
44.5203251296318
0 -73.321111
44.519857
0 -73.321416
44.516454
0 -73.320836
44.513631
0 -73.319265
44.51196
0 -73.312871
44.507246
0 -73.306707
44.500334
0 -73.304921
44.492209
0 -73.304418
44.485739
0 -73.299885
44.476652
0 -73.2993423188855
44.4735840733609
0 -73.298939
44.471304
0 -73.298725
44.463957
0 -73.300114
44.454711
0 -73.295216
44.445884
0 -73.293613
44.440559
0 -73.2938057288337
44.4381674103822
0 -73.293855
44.437556
0 -73.296031
44.428339
0 -73.310491
44.402601
0 -73.312418
44.39471
0 -73.315016
44.388513
0 -73.317029
44.385978
0 -73.320954
44.382669
0 -73.330369
44.375987
0 -73.333575
44.372288
0 -73.334939
44.364441
0 -73.334637
44.356877
0 -73.327335
44.344369
0 -73.3269551015948
44.3433650565242
0 -73.325127
44.338534
0 -73.323997
44.333842
0 -73.323835
44.325418
0 -73.323845509903
44.3253266526594
0 -73.324545
44.319247
0 -73.324229
44.310023
0 -73.322267
44.301523
0 -73.316838
44.287683
0 -73.312299
44.280025
0 -73.311025
44.27424
0 -73.312852
44.265346
0 -73.3134220405831
44.2641991074088
0 -73.270378
44.260106
0 -73.249225
44.261804
0 -73.23089
44.263455
0 -73.1968
44.266634
0 -73.16182
44.271532
0 -73.151207
44.272576
0 -73.145082
44.273403
0 -73.133083
44.275055
0 -73.080607
44.282278
0 -73.06902
44.284064
0 -73.068463
44.280085
0 -73.016523
44.285332
0 -73.020378
44.303744
0 -73.010355
44.301835
0 -72.999936
44.300263
0 -72.984222
44.296473
0 -72.973318
44.29342
0 -72.968146
44.249817
0 -72.96783
44.2456
0 -72.96525
44.230326
0 -72.952167
44.161271
0 -72.947077
44.172905
0 -72.92207
44.222232
0 -72.908638
44.249877
0 -72.908226
44.250526
0 -72.89598
44.276284
0 -72.911398
44.281769
0 -72.879139
44.330026
0 -72.855592
44.365551
0 -72.850916
44.363679
0 -72.84656
44.362444
0 -72.843669
44.362359
0 -72.840269
44.361012
0 -72.838196
44.360913
0 -72.832394
44.359123
0 -72.828368
44.360432
0 -72.826112
44.35919
0 -72.825747
44.360082
0 -72.804465
44.390468
0 -72.839132
44.403355
0 -72.804995
44.451676
0 -72.838638
44.459229
0 -72.803567
44.506172
0 -72.830756
44.51643
0 -72.809349
44.547921
0 -72.829073
44.552273
0 -72.867397
44.588518
0 -72.902804
44.624352
0 -72.904164
44.625889
0 -72.910572
44.630855
0 -72.924112
44.633051
0 -72.928616
44.633978
0 -73.002122
44.645461
0 -73.008483
44.64736
0 -73.010465
44.646785
0 -73.038028
44.651157
0 -73.086232
44.669754
0 -73.090906
44.671856
0 -73.104272
44.676844
0 -73.128196
44.685525
0 -73.159044
44.696935
0 -73.178765
44.704228
0 -73.179423
44.704684
0 -73.228854
44.722866
0 -73.229363
44.709142
0 -73.228668
44.705976
0 -73.227941
44.690224
0 -73.228098
44.688192
0 -73.232928
44.675557
0 -73.233642
44.671439
0 -73.233209
44.649791
0 -73.233762
44.648653
0 -73.23599
44.646686
0 -73.23802
44.64558
0 -73.242007
44.644252
0 -73.249574
44.642808
0 -73.252756
44.641041
0 -73.254875
44.636165
0 -73.255577
44.632138
0 -73.257022
44.628962
0 -73.254465
44.607897
0 -73.254334
44.606847
0 -73.258378
44.600378
0 -73.26559
44.592611
0 -73.267742
44.591029
0 -73.275754
44.586129
0 -73.281194
44.583414
0 -73.293811
44.578405
0 -73.313533
44.57288
0 -73.326746
44.570171
0 -73.356684
44.564017
0 -73.3614860172538
44.5635184068807
0 