-76.72232
36.160183
0 -76.721445
36.147838
0 -76.71614
36.144446
0 -76.710674
36.134657
0 -76.711149
36.12813
0 -76.70962
36.120604
0 -76.704969
36.10989
0 -76.695225
36.108738
0 -76.691422
36.110466
0 -76.690560863524
36.109422856761
0 -76.688569
36.10701
0 -76.688332
36.096256
0 -76.69261
36.09107
0 -76.690709
36.084924
0 -76.688807
36.078969
0 -76.692903
36.07531
0 -76.691897
36.06629
0 -76.689257
36.061494
0 -76.6835769916913
36.0535420773055
0 -76.676484
36.043612
0 -76.663138
36.041886
0 -76.661228
36.038374
0 -76.652233
36.035285
0 -76.639845
36.035928
0 -76.635567
36.037082
0 -76.628437
36.042271
0 -76.623445
36.044769
0 -76.620118
36.049958
0 -76.616315
36.054569
0 -76.611009534322
36.0555016051795
0 -76.610848
36.05553
0 -76.6100526990505
36.055265227778
0 -76.606808
36.054185
0 -76.605382
36.047267
0 -76.603242
36.035352
0 -76.59326
36.025741
0 -76.593397
36.022957
0 -76.5933738842365
36.0229347254972
0 -76.588506
36.018244
0 -76.580425
36.010554
0 -76.572819
36.0094
0 -76.563312
36.010938
0 -76.545486
36.010169
0 -76.514113
36.006516
0 -76.5136860168877
36.0067858537761
0 -76.506507
36.011323
0 -76.491533
36.017283
0 -76.46032
36.024137
0 -76.458789
36.028016
0 -76.456119
36.033814
0 -76.451418
36.039073
0 -76.443522
36.045153
0 -76.438768
36.047075
0 -76.430925
36.056107
0 -76.419754
36.0636
0 -76.41461
36.064273
0 -76.408107
36.068019
0 -76.412148
36.072438
0 -76.4118100763153
36.0753730679655
0 -76.413462
36.075491
0 -76.418648
36.074876
0 -76.424197
36.075617
0 -76.429987
36.075083
0 -76.435672
36.076937
0 -76.439708
36.076745
0 -76.445697
36.075881
0 -76.447171
36.077135
0 -76.44762
36.079338
0 -76.449601
36.080141
0 -76.451833
36.079396
0 -76.454331
36.079572
0 -76.456546
36.081351
0 -76.459228
36.087004
0 -76.460474
36.087991
0 -76.466289
36.089585
0 -76.46997
36.088916
0 -76.472567
36.089236
0 -76.474112
36.089982
0 -76.478505
36.093274
0 -76.479854
36.093349
0 -76.482901
36.090765
0 -76.484886
36.089518
0 -76.487668
36.087009
0 -76.491414
36.084801
0 -76.493129
36.085749
0 -76.494654
36.084764
0 -76.500154
36.085616
0 -76.502227
36.087006
0 -76.505781
36.087707
0 -76.507038
36.088474
0 -76.51063
36.093686
0 -76.517759
36.097247
0 -76.521744
36.097156
0 -76.523815
36.096355
0 -76.52888
36.09577
0 -76.534691
36.096427
0 -76.536974
36.095095
0 -76.539173
36.094552
0 -76.544256
36.096375
0 -76.547713
36.099206
0 -76.559733
36.101078
0 -76.564238
36.103431
0 -76.565966
36.104175
0 -76.570013
36.106923
0 -76.572187
36.109501
0 -76.573374
36.112266
0 -76.577027
36.140242
0 -76.586526
36.213527
0 -76.589895
36.238992
0 -76.588159
36.241786
0 -76.588235
36.244842
0 -76.587079
36.24892
0 -76.582674
36.250824
0 -76.577536
36.25482
0 -76.573178
36.257223
0 -76.572613
36.258073
0 -76.572542
36.259731
0 -76.571457
36.264505
0 -76.571373
36.267454
0 -76.568333
36.273838
0 -76.567586
36.277393
0 -76.567324
36.282316
0 -76.568032
36.286879
0 -76.565631
36.292992
0 -76.565622
36.294093
0 -76.567235
36.297319
0 -76.567743
36.302061
0 -76.567531
36.304212
0 -76.568748
36.309269
0 -76.567893
36.314554
0 -76.567343
36.315607
0 -76.562029
36.321584
0 -76.561654
36.322545
0 -76.563273
36.324864
0 -76.563344
36.326739
0 -76.559803
36.335963
0 -76.560445
36.338786
0 -76.561247
36.344521
0 -76.559645
36.348167
0 -76.559674
36.351892
0 -76.5696
36.335915
0 -76.570719
36.334287
0 -76.576911
36.335244
0 -76.580023
36.334969
0 -76.583617
36.333801
0 -76.585739
36.333525
0 -76.592301
36.330341
0 -76.593998
36.328052
0 -76.59394
36.325739
0 -76.595241
36.323633
0 -76.597249
36.322785
0 -76.601634
36.322577
0 -76.6037
36.323676
0 -76.605595
36.323835
0 -76.608961
36.323055
0 -76.613518
36.324106
0 -76.622631
36.328658
0 -76.62541
36.32811
0 -76.627984
36.328432
0 -76.633132
36.330106
0 -76.635848
36.329901
0 -76.640037
36.328803
0 -76.640774
36.326606
0 -76.640917
36.324202
0 -76.642417
36.322898
0 -76.642163
36.319921
0 -76.644286
36.319396
0 -76.64703
36.3199
0 -76.649859
36.31752
0 -76.650284
36.31594
0 -76.650371
36.311636
0 -76.651644
36.310698
0 -76.652521
36.311248
0 -76.65453
36.310699
0 -76.653369
36.312645
0 -76.654274
36.314087
0 -76.656424
36.313561
0 -76.657442
36.314637
0 -76.659168
36.31315
0 -76.662788
36.314501
0 -76.664542
36.31386
0 -76.665135
36.315669
0 -76.666691
36.313929
0 -76.669576
36.31512
0 -76.670255
36.314731
0 -76.672066
36.312076
0 -76.671897
36.310565
0 -76.673594
36.310908
0 -76.674612
36.308939
0 -76.672237
36.30784
0 -76.672406
36.306535
0 -76.675065
36.30665
0 -76.675235
36.30443
0 -76.67252
36.304063
0 -76.67293
36.303083
0 -76.675793
36.303129
0 -76.675168
36.301359
0 -76.677096
36.301522
0 -76.677489
36.300644
0 -76.679323
36.301484
0 -76.681191
36.300057
0 -76.683518
36.301416
0 -76.68431
36.300459
0 -76.688425
36.299036
0 -76.696601
36.296211
0 -76.694971
36.285901
0 -76.6937416426496
36.2821789826047
0 -76.682865
36.276577
0 -76.674784
36.276386
0 -76.67217
36.271978
0 -76.675462
36.266882
0 -76.691422
36.247064
0 -76.694511
36.237287
0 -76.6957318253028
36.2365953438142
0 -76.700131
36.234103
0 -76.704732
36.229619
0 -76.710674
36.223291
0 -76.714292
36.215279
0 -76.718905
36.200978
0 -76.7187477205964
36.1967294293076
0 -76.718517
36.190497
0 -76.720454
36.172854
0 -76.72232
36.160183
0 