-119.226068
39.906771
0 -119.226139
39.899449
0 -119.208628
39.899459
0 -119.208543
39.809967
0 -119.189761
39.809994
0 -119.189707
39.788221
0 -119.170899
39.788288
0 -119.171145
39.722791
0 -119.170641
39.680453
0 -119.189327
39.68048
0 -119.189342
39.65087
0 -119.189291
39.636965
0 -119.192729
39.636974
0 -119.190676
39.631787
0 -119.184555
39.636326
0 -119.184225
39.636935
0 -119.182709
39.639988
0 -119.180629
39.647473
0 -119.180413
39.650273
0 -119.180086
39.651375
0 -119.178899
39.652612
0 -119.176399
39.653712
0 -119.174499
39.654012
0 -119.166699
39.654012
0 -119.162799
39.654612
0 -119.111601
39.690257
0 -119.109077
39.692851
0 -119.105816
39.696823
0 -119.101546
39.701575
0 -119.099166
39.703645
0 -119.062678
39.737195
0 -119.059922
39.740385
0 -119.060481
39.737213
0 -119.058514
39.73719
0 -119.05857
39.729873
0 -119.068023
39.729868
0 -119.068078
39.722575
0 -119.077988
39.722441
0 -119.077054
39.636758
0 -119.089147
39.636777
0 -119.089257
39.626616
0 -119.089088
39.622963
0 -119.089281
39.605287
0 -119.090027
39.570277
0 -119.090027
39.570095
0 -119.09
39.5561
0 -119.090106
39.518741
0 -119.117635
39.518742
0 -119.117635
39.503259
0 -119.117999
39.49789
0 -119.118067
39.460103
0 -119.118104
39.438699
0 -119.118108
39.437396
0 -119.118166
39.403031
0 -119.11817
39.401518
0 -119.118193
39.388516
0 -119.099892
39.387916
0 -119.100256
39.374917
0 -119.099551
39.373865
0 -119.081135
39.372222
0 -119.080777
39.359381
0 -119.062261
39.359293
0 -119.062267
39.344746
0 -119.043711
39.344709
0 -119.043792
39.33015
0 -119.025011
39.330203
0 -119.025129
39.315649
0 -119.006336
39.315783
0 -119.006567
39.313021
0 -119.006583
39.299971
0 -119.000989
39.299891
0 -118.988598
39.300436
0 -118.988528
39.285795
0 -118.965903
39.285897
0 -118.965916
39.271159
0 -118.947239
39.271069
0 -118.947262
39.256514
0 -118.928626
39.25668
0 -118.929012
39.249919
0 -118.928385
39.242422
0 -118.909919
39.242526
0 -118.909911
39.227721
0 -118.890479
39.227753
0 -118.890972
39.198188
0 -118.8679
39.197807
0 -118.868031
39.186104
0 -118.849102
39.186037
0 -118.848902
39.171235
0 -118.831015
39.171128
0 -118.831022
39.155598
0 -118.810399
39.15548
0 -118.810536
39.141774
0 -118.792738
39.141548
0 -118.792319
39.112425
0 -118.754014
39.112023
0 -118.753835
39.07463
0 -118.625972
39.074382
0 -118.620962
39.073949
0 -118.477505
39.073682
0 -118.456667
39.073719
0 -118.453967
39.07388
0 -118.453769
39.074
0 -118.452633
39.073902
0 -118.417752
39.073691
0 -118.250962
39.07375
0 -118.243568
39.073345
0 -118.125958
39.073512
0 -118.099385
39.073417
0 -118.000955
39.073438
0 -117.996813
39.073618
0 -117.865116
39.073654
0 -117.775468
39.093425
0 -117.777172
39.094368
0 -117.776269
39.095109
0 -117.777405
39.096767
0 -117.77853
39.101338
0 -117.780854
39.104436
0 -117.783086
39.106089
0 -117.789266
39.108213
0 -117.793384
39.108251
0 -117.798044
39.112084
0 -117.799465
39.111881
0 -117.800546
39.114403
0 -117.801408
39.114907
0 -117.800809
39.117531
0 -117.799174
39.118608
0 -117.796285
39.116962
0 -117.794648
39.116761
0 -117.793055
39.117602
0 -117.7928
39.11962
0 -117.793792
39.120932
0 -117.796422
39.122006
0 -117.793581
39.124026
0 -117.792648
39.1255
0 -117.793645
39.126812
0 -117.791361
39.12876
0 -117.791497
39.131382
0 -117.793838
39.134308
0 -117.79493
39.138813
0 -117.798558
39.138546
0 -117.80154
39.138817
0 -117.805826
39.141845
0 -117.805919
39.144164
0 -117.806786
39.145375
0 -117.803849
39.145709
0 -117.800909
39.144868
0 -117.797453
39.14537
0 -117.794038
39.144696
0 -117.793356
39.148123
0 -117.78932
39.150063
0 -117.785025
39.150538
0 -117.784638
39.151042
0 -117.78728
39.153767
0 -117.787716
39.155246
0 -117.790445
39.158072
0 -117.792608
39.158947
0 -117.793046
39.161099
0 -117.791017
39.162173
0 -117.788776
39.164424
0 -117.791681
39.168124
0 -117.791599
39.169636
0 -117.787449
39.16923
0 -117.784775
39.171716
0 -117.78491
39.174002
0 -117.782407
39.175849
0 -117.780505
39.175546
0 -117.776437
39.173526
0 -117.77501
39.173357
0 -117.770992
39.17416
0 -117.768923
39.176714
0 -117.76586
39.1794
0 -117.765563
39.181888
0 -117.76276
39.184911
0 -117.760254
39.185682
0 -117.756752
39.185175
0 -117.755585
39.185577
0 -117.753681
39.184701
0 -117.750943
39.187052
0 -117.750814
39.188866
0 -117.74888
39.190413
0 -117.744234
39.191425
0 -117.744322
39.193642
0 -117.743549
39.194952
0 -117.74424
39.198545
0 -117.741616
39.198917
0 -117.74037
39.200732
0 -117.735253
39.205304
0 -117.735728
39.207924
0 -117.734611
39.210074
0 -117.733019
39.210983
0 -117.72833
39.212397
0 -117.726738
39.213338
0 -117.723855
39.212736
0 -117.720154
39.212739
0 -117.722652
39.216969
0 -117.720373
39.221035
0 -117.72158
39.224964
0 -117.719258
39.227955
0 -117.720722
39.230473
0 -117.720766
39.231984
0 -117.719734
39.23437
0 -117.71995
39.236821
0 -117.717239
39.238738
0 -117.717413
39.242432
0 -117.715777
39.242937
0 -117.714056
39.245558
0 -117.714703
39.247271
0 -117.716425
39.24858
0 -117.721682
39.249922
0 -117.722416
39.250512
0 -117.723716
39.254541
0 -117.725749
39.2581
0 -117.725667
39.26045
0 -117.727453
39.263526
0 -117.72718
39.264315
0 -117.731283
39.267824
0 -117.730102
39.270693
0 -117.730809
39.273653
0 -117.732061
39.275208
0 -117.73298
39.281348
0 -117.73757
39.283943
0 -117.741543
39.285716
0 -117.743587
39.287793
0 -117.742566
39.289394
0 -117.741715
39.294402
0 -117.739553
39.296305
0 -117.742297
39.299316
0 -117.742878
39.30155
0 -117.74624
39.303454
0 -117.747034
39.304485
0 -117.747831
39.308519
0 -117.74979
39.309878
0 -117.750945
39.309801
0 -117.752673
39.311781
0 -117.751508
39.315476
0 -117.751422
39.317592
0 -117.752634
39.320311
0 -117.751511
39.321722
0 -117.752092
39.323978
0 -117.754242
39.325669
0 -117.754349
39.327652
0 -117.755492
39.328861
0 -117.756181
39.331384
0 -117.757894
39.331986
0 -117.759651
39.333549
0 -117.75977
39.336508
0 -117.760554
39.339974
0 -117.758845
39.341725
0 -117.75746
39.344799
0 -117.759445
39.346482
0 -117.759743
39.351229
0 -117.760669
39.352292
0 -117.763046
39.35283
0 -117.761301
39.357613
0 -117.762589
39.35837
0 -117.758872
39.363889
0 -117.759795
39.369225
0 -117.75632
39.370801
0 -117.756605
39.373647
0 -117.755784
39.376219
0 -117.752805
39.377833
0 -117.750158
39.38186
0 -117.750158
39.383787
0 -117.7477
39.385256
0 -117.746483
39.385736
0 -117.740504
39.381735
0 -117.738597
39.381068
0 -117.736013
39.381012
0 -117.731896
39.380218
0 -117.728097
39.380199
0 -117.725404
39.380852
0 -117.721105
39.38287
0 -117.717605
39.38298
0 -117.712346
39.382294
0 -117.710411
39.381167
0 -117.70833
39.383724
0 -117.703432
39.385151
0 -117.701628
39.384638
0 -117.696461
39.385918
0 -117.692389
39.389436
0 -117.692183
39.390806
0 -117.690148
39.394
0 -117.687765
39.394871
0 -117.687245
39.396675
0 -117.685094
39.398442
0 -117.68572
39.401363
0 -117.684007
39.402873
0 -117.683424
39.404677
0 -117.680841
39.405934
0 -117.680852
39.407377
0 -117.682299
39.408511
0 -117.68271
39.41077
0 -117.681743
39.412573
0 -117.680742
39.413118
0 -117.676387
39.413634
0 -117.676316
39.416521
0 -117.676973
39.417716
0 -117.676036
39.419624
0 -117.675739
39.422284
0 -117.67309
39.423839
0 -117.668562
39.423766
0 -117.667424
39.424512
0 -117.663777
39.424765
0 -117.661362
39.425506
0 -117.657853
39.425025
0 -117.656021
39.425607
0 -117.654403
39.425198
0 -117.650183
39.427093
0 -117.648587
39.426531
0 -117.646011
39.426602
0 -117.642746
39.429927
0 -117.643326
39.434614
0 -117.64042
39.438618
0 -117.638428
39.439667
0 -117.639649
39.441921
0 -117.63961
39.444485
0 -117.640211
39.44614
0 -117.639179
39.449676
0 -117.637231
39.451821
0 -117.639771
39.454049
0 -117.642389
39.457179
0 -117.64502
39.458431
0 -117.649442
39.459173
0 -117.653755
39.45777
0 -117.653631
39.459181
0 -117.655444
39.460098
0 -117.655973
39.461729
0 -117.657093
39.46204
0 -117.657204
39.464112
0 -117.655951
39.464922
0 -117.656568
39.467472
0 -117.650906
39.467008
0 -117.648097
39.468779
0 -117.647607
39.47043
0 -117.645184
39.470623
0 -117.641654
39.470069
0 -117.640752
39.471194
0 -117.638222
39.471741
0 -117.636374
39.472959
0 -117.634691
39.475743
0 -117.632105
39.476861
0 -117.627097
39.476503
0 -117.626188
39.475717
0 -117.623237
39.476209
0 -117.620828
39.477668
0 -117.619555
39.480188
0 -117.61664
39.482012
0 -117.616041
39.483491
0 -117.615641
39.489457
0 -117.612638
39.48982
0 -117.611472
39.490986
0 -117.610337
39.490465
0 -117.608315
39.491218
0 -117.603706
39.489999
0 -117.601766
39.490817
0 -117.602514
39.492616
0 -117.601347
39.493797
0 -117.601814
39.495013
0 -117.599574
39.496279
0 -117.599445
39.497045
0 -117.597151
39.49894
0 -117.59004
39.499922
0 -117.58964
39.501622
0 -117.58684
39.503022
0 -117.58664
39.505822
0 -117.58864
39.508422
0 -117.58794
39.511622
0 -117.58864
39.512221
0 -117.58844
39.515421
0 -117.59014
39.518021
0 -117.58394
39.518921
0 -117.58214
39.518821
0 -117.58004
39.520121
0 -117.57894
39.518621
0 -117.57624
39.518521
0 -117.57224
39.519222
0 -117.567739
39.519522
0 -117.565739
39.519222
0 -117.564339
39.521922
0 -117.560839
39.525921
0 -117.556139
39.525422
0 -117.554239
39.526822
0 -117.552239
39.526922
0 -117.550439
39.525622
0 -117.548139
39.525422
0 -117.545338
39.526122
0 -117.543438
39.527422
0 -117.541738
39.527322
0 -117.534138
39.528322
0 -117.532038
39.526922
0 -117.53224
39.529031
0 -117.531029
39.531251
0 -117.528002
39.531957
0 -117.528102
39.533571
0 -117.526084
39.535085
0 -117.522147
39.533974
0 -117.518514
39.538212
0 -117.515083
39.536092
0 -117.510543
39.531349
0 -117.508626
39.530743
0 -117.50368
39.531119
0 -117.501394
39.530816
0 -117.496636
39.532422
0 -117.495136
39.533322
0 -117.492936
39.535922
0 -117.493536
39.539722
0 -117.492836
39.542822
0 -117.489736
39.543322
0 -117.487836
39.544922
0 -117.485336
39.545322
0 -117.484236
39.549022
0 -117.486736
39.550921
0 -117.482336
39.554722
0 -117.482036
39.557922
0 -117.482336
39.55992
0 -117.480636
39.561821
0 -117.480535
39.56352
0 -117.482764
39.568943
0 -117.481404
39.572066
0 -117.482442
39.573626
0 -117.478662
39.577638
0 -117.477971
39.579738
0 -117.47668
39.581341
0 -117.47609
39.583641
0 -117.477495
39.585633
0 -117.476604
39.587435
0 -117.477809
39.588828
0 -117.478624
39.592819
0 -117.476638
39.596721
0 -117.482135
39.598222
0 -117.481036
39.599023
0 -117.476639
39.604122
0 -117.475339
39.608212
0 -117.473745
39.609008
0 -117.473146
39.6108
0 -117.470456
39.613388
0 -117.46627
39.619161
0 -117.463181
39.620752
0 -117.461786
39.622444
0 -117.463179
39.624835
0 -117.462778
39.628022
0 -117.463872
39.631409
0 -117.463174
39.632902
0 -117.466359
39.634796
0 -117.467854
39.633403
0 -117.469547
39.633304
0 -117.47333
39.6347
0 -117.475022
39.636095
0 -117.475719
39.637589
0 -117.478109
39.637293
0 -117.478903
39.638987
0 -117.481592
39.64108
0 -117.485176
39.642576
0 -117.486071
39.644966
0 -117.485672
39.646062
0 -117.483878
39.647156
0 -117.48109
39.647652
0 -117.479694
39.65044
0 -117.477699
39.652233
0 -117.478901
39.655538
0 -117.478802
39.657541
0 -117.4777
39.659544
0 -117.473895
39.660446
0 -117.472093
39.661548
0 -117.472394
39.665253
0 -117.471293
39.666555
0 -117.473396
39.667055
0 -117.473697
39.669559
0 -117.470993
39.671562
0 -117.469692
39.674166
0 -117.465086
39.675969
0 -117.464385
39.677271
0 -117.464586
39.679474
0 -117.466989
39.680675
0 -117.468091
39.682778
0 -117.472699
39.687885
0 -117.474702
39.688385
0 -117.479108
39.690787
0 -117.481512
39.693791
0 -117.481312
39.695093
0 -117.482414
39.696996
0 -117.483516
39.697295
0 -117.48542
39.700098
0 -117.486222
39.702301
0 -117.487624
39.703703
0 -117.48442
39.706107
0 -117.48402
39.70811
0 -117.485422
39.710914
0 -117.486924
39.711214
0 -117.487626
39.714118
0 -117.486825
39.71572
0 -117.48252
39.721129
0 -117.480818
39.72173
0 -117.479717
39.725135
0 -117.480318
39.727238
0 -117.477915
39.729441
0 -117.476113
39.729942
0 -117.477214
39.731043
0 -117.475212
39.735851
0 -117.477716
39.737052
0 -117.478117
39.738554
0 -117.477417
39.742359
0 -117.480221
39.741357
0 -117.483525
39.742358
0 -117.484927
39.741857
0 -117.487131
39.74426
0 -117.487832
39.746263
0 -117.490637
39.746663
0 -117.491639
39.747864
0 -117.493842
39.747263
0 -117.494944
39.748164
0 -117.494343
39.75207
0 -117.494544
39.754673
0 -117.495846
39.756476
0 -117.495546
39.758779
0 -117.496648
39.761082
0 -117.495447
39.762785
0 -117.495848
39.764887
0 -117.494647
39.76699
0 -117.496049
39.770294
0 -117.494247
39.772698
0 -117.494949
39.7742
0 -117.489542
39.779408
0 -117.489843
39.781511
0 -117.48784
39.782012
0 -117.488141
39.784115
0 -117.48574
39.786518
0 -117.48844
39.790918
0 -117.48794
39.794718
0 -117.48654
39.797018
0 -117.48934
39.805918
0 -117.48944
39.807018
0 -117.48774
39.807418
0 -117.48784
39.809418
0 -117.48504
39.810918
0 -117.48364
39.810918
0 -117.48394
39.813218
0 -117.48714
39.818318
0 -117.48754
39.820818
0 -117.48634
39.821618
0 -117.488242
39.826625
0 -117.48584
39.827218
0 -117.48314
39.829918
0 -117.48344
39.834018
0 -117.48014
39.834618
0 -117.47954
39.837218
0 -117.47784
39.837218
0 -117.47234
39.839218
0 -117.47164
39.841618
0 -117.47274
39.843218
0 -117.47024
39.847718
0 -117.46854
39.849018
0 -117.47104
39.852118
0 -117.47054
39.854518
0 -117.46864
39.855418
0 -117.46704
39.855318
0 -117.46654
39.857218
0 -117.46464
39.858218
0 -117.46534
39.861318
0 -117.46674
39.865018
0 -117.46404
39.865118
0 -117.46154
39.867418
0 -117.46174
39.870617
0 -117.46284
39.871817
0 -117.46164
39.874217
0 -117.46184
39.877517
0 -117.46264
39.878817
0 -117.46154
39.882517
0 -117.46164
39.886817
0 -117.462941
39.889217
0 -117.462341
39.890917
0 -117.463941
39.891317
0 -117.465041
39.895217
0 -117.466641
39.897717
0 -117.466541
39.902517
0 -117.467841
39.903417
0 -117.468241
39.908117
0 -117.465941
39.910717
0 -117.467741
39.914717
0 -117.469641
39.916217
0 -117.470541
39.918017
0 -117.469441
39.920417
0 -117.467941
39.922117
0 -117.470641
39.923017
0 -117.471341
39.925917
0 -117.472741
39.928217
0 -117.474741
39.929717
0 -117.474941
39.931317
0 -117.476342
39.933617
0 -117.475742
39.935217
0 -117.477042
39.936517
0 -117.478042
39.939617
0 -117.479642
39.940117
0 -117.480742
39.942317
0 -117.482342
39.943616
0 -117.486142
39.942716
0 -117.487742
39.943116
0 -117.488542
39.945316
0 -117.490142
39.946316
0 -117.491942
39.948416
0 -117.493142
39.948216
0 -117.500943
39.951566
0 -117.502543
39.951516
0 -117.503243
39.953516
0 -117.506043
39.956016
0 -117.505343
39.958316
0 -117.506143
39.959816
0 -117.508843
39.962816
0 -117.509143
39.966516
0 -117.507143
39.968816
0 -117.511043
39.970816
0 -117.514544
39.971516
0 -117.516244
39.971316
0 -117.519644
39.972516
0 -117.519644
39.977316
0 -117.520444
39.979516
0 -117.524744
39.984516
0 -117.527544
39.985016
0 -117.532445
39.989416
0 -117.531445
39.991816
0 -117.534145
39.992916
0 -117.540745
39.998815
0 -117.541749
40.001034
0 -117.593143
40.001258
0 -117.605552
40.001529
0 -117.60965
40.00141
0 -117.621357
40.001481
0 -117.625949
40.001982
0 -117.724814
40.002126
0 -117.731672
40.002284
0 -117.7327
40.002466
0 -117.733711
40.002259
0 -117.927711
40.002603
0 -118.119286
40.00188
0 -118.125989
40.002145
0 -118.186997
40.002091
0 -118.680292
39.9985
0 -119.225176
39.999385
0 -119.22527
39.914092
0 -119.226068
39.906771
0 