-66.611124
18.322373
0 -66.607977
18.323769
0 -66.606858
18.322429
0 -66.605196
18.322278
0 -66.604552
18.321306
0 -66.602847
18.322531
0 -66.600314
18.321866
0 -66.598091
18.323032
0 -66.594949
18.323335
0 -66.594023
18.324523
0 -66.592383
18.324487
0 -66.591567
18.325469
0 -66.590838
18.323634
0 -66.586442
18.322308
0 -66.585269
18.322689
0 -66.583214
18.319491
0 -66.58134
18.320345
0 -66.581672
18.317629
0 -66.583107
18.316431
0 -66.58121
18.313876
0 -66.57804
18.313876
0 -66.576834
18.311601
0 -66.575768
18.311234
0 -66.575854
18.30989
0 -66.572976
18.308931
0 -66.572612
18.306261
0 -66.570912
18.305183
0 -66.57133
18.304022
0 -66.570345
18.301925
0 -66.569005
18.301503
0 -66.56662
18.298549
0 -66.566536
18.297044
0 -66.564004
18.294764
0 -66.561637
18.294346
0 -66.560936
18.293025
0 -66.562132
18.290901
0 -66.561518
18.289997
0 -66.561897
18.288125
0 -66.563087
18.287988
0 -66.562934
18.287066
0 -66.560599
18.283547
0 -66.555385
18.282179
0 -66.554703
18.281583
0 -66.556528
18.27861
0 -66.558104
18.276628
0 -66.55771
18.275059
0 -66.55792
18.271563
0 -66.556158
18.271586
0 -66.555539
18.269829
0 -66.556145
18.268778
0 -66.558415
18.269719
0 -66.5594
18.269389
0 -66.558814
18.267104
0 -66.557725
18.266801
0 -66.556126
18.264957
0 -66.556619
18.264131
0 -66.557705
18.264608
0 -66.557494
18.262934
0 -66.560182
18.26208
0 -66.560399
18.261048
0 -66.559554
18.259204
0 -66.560083
18.257323
0 -66.55844
18.257337
0 -66.556212
18.255593
0 -66.555588
18.254607
0 -66.556011
18.253575
0 -66.557096
18.254033
0 -66.557989
18.25324
0 -66.560289
18.25307
0 -66.562152
18.253763
0 -66.561931
18.250272
0 -66.562959
18.249794
0 -66.561032
18.247381
0 -66.563188
18.246184
0 -66.562602
18.244881
0 -66.563832
18.244427
0 -66.56446
18.242793
0 -66.562377
18.240415
0 -66.555228
18.237327
0 -66.552634
18.230477
0 -66.548883
18.220567
0 -66.545527
18.220736
0 -66.542365
18.216293
0 -66.542106
18.215179
0 -66.538865
18.214231
0 -66.538015
18.213153
0 -66.536605
18.20894
0 -66.53643
18.206288
0 -66.534813
18.204673
0 -66.534695
18.203607
0 -66.532725
18.200519
0 -66.532608
18.19789
0 -66.533181
18.195863
0 -66.535906
18.192467
0 -66.535661
18.191203
0 -66.536716
18.188631
0 -66.535985
18.187181
0 -66.533766
18.185228
0 -66.533771
18.183915
0 -66.531023
18.180137
0 -66.532241
18.176804
0 -66.533804
18.176378
0 -66.534695
18.177129
0 -66.536286
18.177017
0 -66.536951
18.176085
0 -66.538791
18.176376
0 -66.537577
18.173603
0 -66.539857
18.171377
0 -66.539931
18.170112
0 -66.541414
18.168918
0 -66.541616
18.166664
0 -66.540813
18.165711
0 -66.543133
18.163098
0 -66.54205
18.161842
0 -66.538421
18.16003
0 -66.537238
18.160467
0 -66.536069
18.159407
0 -66.533564
18.158912
0 -66.533556
18.157878
0 -66.531556
18.155679
0 -66.528892
18.157051
0 -66.527159
18.158871
0 -66.526393
18.160787
0 -66.52264
18.161713
0 -66.519919
18.163836
0 -66.519707
18.165171
0 -66.518176
18.166772
0 -66.515747
18.167647
0 -66.512907
18.165931
0 -66.512043
18.166513
0 -66.511816
18.167816
0 -66.512738
18.169385
0 -66.512612
18.171147
0 -66.511426
18.173371
0 -66.51105
18.178101
0 -66.51295
18.180396
0 -66.512987
18.18374
0 -66.515248
18.185135
0 -66.514671
18.186897
0 -66.51361
18.187855
0 -66.514242
18.189053
0 -66.51455
18.192361
0 -66.513282
18.193498
0 -66.512364
18.197429
0 -66.511264
18.198191
0 -66.512664
18.202834
0 -66.512798
18.204508
0 -66.512241
18.206114
0 -66.514044
18.207247
0 -66.512364
18.210321
0 -66.514466
18.214014
0 -66.515128
18.214515
0 -66.515262
18.216464
0 -66.516403
18.219704
0 -66.516489
18.222199
0 -66.517712
18.225934
0 -66.516779
18.228627
0 -66.517857
18.229726
0 -66.51768
18.230242
0 -66.515435
18.2297
0 -66.511454
18.23041
0 -66.510312
18.229762
0 -66.509024
18.229936
0 -66.508016
18.232166
0 -66.508021
18.233257
0 -66.506915
18.236583
0 -66.507687
18.238395
0 -66.509828
18.238965
0 -66.509929
18.240695
0 -66.512208
18.242815
0 -66.509666
18.246447
0 -66.508251
18.249158
0 -66.505932
18.250627
0 -66.503091
18.25032
0 -66.501864
18.252427
0 -66.501242
18.256281
0 -66.501073
18.256842
0 -66.498262
18.254593
0 -66.496961
18.252327
0 -66.495295
18.252791
0 -66.493739
18.252076
0 -66.491997
18.253063
0 -66.48947
18.25238
0 -66.487268
18.252762
0 -66.483008
18.252588
0 -66.475942
18.250162
0 -66.4752
18.249564
0 -66.474327
18.248147
0 -66.472393
18.247047
0 -66.466652
18.245899
0 -66.463646
18.247812
0 -66.460768
18.249115
0 -66.457316
18.249459
0 -66.45419
18.251157
0 -66.454522
18.25173
0 -66.455203
18.252542
0 -66.453903
18.256148
0 -66.455703
18.257726
0 -66.458175
18.258432
0 -66.458628
18.259886
0 -66.457341
18.26146
0 -66.455395
18.262217
0 -66.455195
18.263249
0 -66.459137
18.263873
0 -66.459948
18.264786
0 -66.459637
18.267543
0 -66.459128
18.26857
0 -66.462106
18.271956
0 -66.460756
18.273584
0 -66.462306
18.274222
0 -66.462503
18.275323
0 -66.460689
18.277167
0 -66.460454
18.278548
0 -66.461718
18.28191
0 -66.464589
18.28275
0 -66.46482
18.28408
0 -66.463538
18.283984
0 -66.462496
18.284833
0 -66.462053
18.28725
0 -66.460969
18.288984
0 -66.458654
18.290719
0 -66.458169
18.292045
0 -66.459773
18.295255
0 -66.45923
18.296058
0 -66.459597
18.29754
0 -66.461561
18.299728
0 -66.461393
18.300852
0 -66.458252
18.303453
0 -66.457055
18.300128
0 -66.455044
18.300091
0 -66.456058
18.304568
0 -66.453368
18.309318
0 -66.453812
18.310673
0 -66.454542
18.313039
0 -66.454334
18.32547
0 -66.454258
18.328097
0 -66.454289
18.332654
0 -66.460037
18.343484
0 -66.461242
18.344196
0 -66.462894
18.346815
0 -66.464053
18.349395
0 -66.465142
18.352237
0 -66.464434
18.360698
0 -66.463211
18.371473
0 -66.466945
18.371834
0 -66.468901
18.369812
0 -66.473346
18.367604
0 -66.476158
18.367511
0 -66.48343
18.36604
0 -66.483575
18.366005
0 -66.490678
18.365452
0 -66.494806
18.366445
0 -66.496601
18.366028
0 -66.498684
18.364214
0 -66.500628
18.364865
0 -66.506214
18.363591
0 -66.509687
18.362078
0 -66.511776
18.362003
0 -66.514424
18.360324
0 -66.514644
18.359431
0 -66.516154
18.359049
0 -66.518744
18.356999
0 -66.518997
18.354436
0 -66.523317
18.354924
0 -66.5276
18.35288
0 -66.528304
18.350564
0 -66.529283
18.350255
0 -66.53099
18.350261
0 -66.533623
18.351333
0 -66.536173
18.348762
0 -66.537105
18.346335
0 -66.53973
18.344392
0 -66.545224
18.343492
0 -66.546745
18.34243
0 -66.551958
18.341249
0 -66.552734
18.340438
0 -66.554281
18.341467
0 -66.556678
18.341146
0 -66.558696
18.341823
0 -66.561052
18.340666
0 -66.561762
18.342402
0 -66.563001
18.342913
0 -66.565168
18.340849
0 -66.569882
18.340772
0 -66.573822
18.342517
0 -66.576345
18.341409
0 -66.577239
18.341537
0 -66.580528
18.340197
0 -66.581616
18.340497
0 -66.58344
18.339129
0 -66.586087
18.337308
0 -66.587874
18.339148
0 -66.590785
18.33806
0 -66.595271
18.338019
0 -66.597353
18.339216
0 -66.598454
18.338747
0 -66.600229
18.339603
0 -66.600935
18.338467
0 -66.600183
18.337108
0 -66.601496
18.334619
0 -66.604488
18.331647
0 -66.606708
18.331486
0 -66.606989
18.328186
0 -66.611124
18.322373
0 