-66.242884
18.183004
0 -66.242735
18.180248
0 -66.241108
18.180349
0 -66.237328
18.178318
0 -66.234059
18.175494
0 -66.233113
18.173925
0 -66.231559
18.172458
0 -66.228564
18.170802
0 -66.226625
18.168289
0 -66.226121
18.166455
0 -66.224322
18.16668
0 -66.223716
18.165717
0 -66.223544
18.162836
0 -66.223951
18.161098
0 -66.22564
18.160056
0 -66.227722
18.160193
0 -66.228748
18.159611
0 -66.228139
18.157606
0 -66.224248
18.15497
0 -66.224108
18.153979
0 -66.227628
18.152286
0 -66.227351
18.150594
0 -66.22581
18.149456
0 -66.223704
18.148915
0 -66.221089
18.148732
0 -66.217068
18.147852
0 -66.216464
18.146119
0 -66.219151
18.145251
0 -66.220083
18.142798
0 -66.216899
18.14322
0 -66.214079
18.144165
0 -66.213892
18.144147
0 -66.211877
18.143252
0 -66.209991
18.139826
0 -66.207534
18.137345
0 -66.204858
18.137598
0 -66.204061
18.138598
0 -66.204158
18.140563
0 -66.203779
18.143304
0 -66.202911
18.146046
0 -66.20117
18.146836
0 -66.199428
18.145317
0 -66.201424
18.140327
0 -66.200723
18.138194
0 -66.199254
18.13708
0 -66.197182
18.13658
0 -66.195772
18.137594
0 -66.195412
18.138006
0 -66.19417
18.140452
0 -66.192558
18.140919
0 -66.189656
18.137598
0 -66.187334
18.137053
0 -66.183888
18.138048
0 -66.18268
18.139034
0 -66.183448
18.141781
0 -66.183528
18.143469
0 -66.181912
18.144593
0 -66.180009
18.141625
0 -66.177519
18.138891
0 -66.176075
18.134635
0 -66.175195
18.133897
0 -66.173979
18.133484
0 -66.168625
18.133488
0 -66.168453
18.133488
0 -66.16636
18.134185
0 -66.165857
18.137281
0 -66.162599
18.138629
0 -66.162758
18.139583
0 -66.164522
18.144541
0 -66.163347
18.145623
0 -66.160041
18.146636
0 -66.157139
18.145301
0 -66.156458
18.144209
0 -66.156977
18.141884
0 -66.15629
18.14154
0 -66.152741
18.141819
0 -66.151906
18.141333
0 -66.150908
18.142355
0 -66.150208
18.141842
0 -66.150217
18.139342
0 -66.144423
18.138185
0 -66.142495
18.137235
0 -66.139319
18.137409
0 -66.13869
18.136065
0 -66.138125
18.134337
0 -66.13554
18.13378
0 -66.134433
18.13278
0 -66.131881
18.132577
0 -66.131673
18.136076
0 -66.130377
18.136672
0 -66.13092
18.138429
0 -66.1296
18.138584
0 -66.127532
18.139717
0 -66.124784
18.139636
0 -66.121866
18.140741
0 -66.120949
18.138838
0 -66.119516
18.137958
0 -66.118081
18.138748
0 -66.117806
18.138935
0 -66.117861
18.140022
0 -66.114417
18.139697
0 -66.113568
18.142096
0 -66.112441
18.14134
0 -66.110176
18.142037
0 -66.111151
18.142973
0 -66.110729
18.144321
0 -66.109534
18.144574
0 -66.110311
18.146734
0 -66.108169
18.148642
0 -66.106864
18.148789
0 -66.104992
18.150633
0 -66.103924
18.149965
0 -66.103798
18.150468
0 -66.103367
18.150927
0 -66.102619
18.151162
0 -66.102211
18.152019
0 -66.099548
18.153083
0 -66.098561
18.155945
0 -66.098105
18.155638
0 -66.098135
18.15856
0 -66.096417
18.15939
0 -66.09671
18.161321
0 -66.094522
18.164715
0 -66.095236
18.167245
0 -66.095099
18.169077
0 -66.096813
18.168197
0 -66.100921
18.16979
0 -66.102643
18.169522
0 -66.105096
18.171544
0 -66.101719
18.183062
0 -66.106841
18.194942
0 -66.108374
18.198462
0 -66.109374
18.200934
0 -66.117774
18.209949
0 -66.118964
18.20996
0 -66.121461
18.209011
0 -66.123513
18.207715
0 -66.124612
18.207908
0 -66.125502
18.206663
0 -66.129013
18.204102
0 -66.130348
18.201863
0 -66.132228
18.20062
0 -66.13408
18.200301
0 -66.135067
18.198695
0 -66.137629
18.197722
0 -66.141317
18.197704
0 -66.140505
18.198335
0 -66.140086
18.199527
0 -66.138487
18.201439
0 -66.13903
18.204664
0 -66.139371
18.20544
0 -66.138626
18.207039
0 -66.138908
18.210231
0 -66.14003
18.210851
0 -66.142478
18.210058
0 -66.143303
18.212237
0 -66.144253
18.213361
0 -66.14684
18.213637
0 -66.145855
18.214921
0 -66.145504
18.217154
0 -66.146493
18.218164
0 -66.145579
18.221901
0 -66.144341
18.221429
0 -66.143784
18.223024
0 -66.145306
18.223383
0 -66.144679
18.224106
0 -66.143822
18.225276
0 -66.144907
18.226345
0 -66.143941
18.228111
0 -66.146119
18.230373
0 -66.149058
18.226681
0 -66.150488
18.223425
0 -66.151765
18.223352
0 -66.152418
18.222045
0 -66.154272
18.222018
0 -66.155998
18.221367
0 -66.158894
18.220997
0 -66.160821
18.220328
0 -66.16217
18.220495
0 -66.163917
18.222434
0 -66.166348
18.223899
0 -66.169126
18.22429
0 -66.170934
18.223956
0 -66.171189
18.222422
0 -66.17131
18.221639
0 -66.16981
18.217898
0 -66.170382
18.216305
0 -66.173883
18.2159
0 -66.175059
18.215213
0 -66.178765
18.212558
0 -66.179041
18.211883
0 -66.179339
18.210799
0 -66.181138
18.208737
0 -66.184431
18.207173
0 -66.184809
18.204455
0 -66.182483
18.202302
0 -66.185508
18.200868
0 -66.19049
18.201111
0 -66.193546
18.200122
0 -66.196974
18.197922
0 -66.200362
18.197151
0 -66.205574
18.196628
0 -66.2071
18.196933
0 -66.208986
18.193707
0 -66.209016
18.193658
0 -66.213286
18.185528
0 -66.213876
18.183592
0 -66.21203
18.182084
0 -66.213108
18.177733
0 -66.212044
18.175752
0 -66.211293
18.175428
0 -66.211275
18.173634
0 -66.21386
18.172858
0 -66.216453
18.174147
0 -66.218749
18.174332
0 -66.223118
18.175897
0 -66.22407
18.174361
0 -66.230082
18.180918
0 -66.230825
18.182786
0 -66.230754
18.184397
0 -66.24046
18.184794
0 -66.242884
18.183004
0 