-93.238607
33.017992
0 -93.238302
32.978308
0 -93.237808
32.825465
0 -93.23765
32.82324
0 -93.237929
32.770212
0 -93.237988
32.752934
0 -93.237528
32.749941
0 -93.237381
32.71625
0 -93.213564
32.716723
0 -93.204013
32.716914
0 -93.186571
32.716755
0 -93.186422
32.68712
0 -93.186286
32.672657
0 -93.177653
32.672233
0 -93.178638
32.671146
0 -93.181679
32.671125
0 -93.182751
32.668197
0 -93.182211
32.665002
0 -93.179188
32.665008
0 -93.176894
32.663292
0 -93.17759
32.659778
0 -93.175665
32.657946
0 -93.178149
32.657413
0 -93.178604
32.655428
0 -93.180073
32.654196
0 -93.181087
32.654421
0 -93.179546
32.651407
0 -93.176798
32.648439
0 -93.176935
32.646107
0 -93.176011
32.646431
0 -93.176304
32.64361
0 -93.177286
32.642752
0 -93.176272
32.640256
0 -93.177306
32.638106
0 -93.176819
32.635241
0 -93.173589
32.633068
0 -93.174525
32.630588
0 -93.175215
32.628361
0 -93.177002
32.627591
0 -93.178666
32.62515
0 -93.177776
32.624632
0 -93.177906
32.622669
0 -93.179492
32.621817
0 -93.178342
32.620469
0 -93.178024
32.614035
0 -93.176783
32.613672
0 -93.177589
32.613001
0 -93.177095
32.609779
0 -93.177979
32.606925
0 -93.176589
32.605242
0 -93.177736
32.605289
0 -93.177102
32.602355
0 -93.175999
32.600771
0 -93.179089
32.59997
0 -93.179656
32.598742
0 -93.18052
32.599369
0 -93.181339
32.597499
0 -93.180481
32.596438
0 -93.18065
32.594178
0 -93.18182
32.592523
0 -93.180865
32.590098
0 -93.181579
32.588783
0 -93.181742
32.586309
0 -93.182158
32.5861
0 -93.178767
32.584916
0 -93.160209
32.584898
0 -93.11341
32.58488
0 -93.113227
32.584848
0 -93.016612
32.584295
0 -93.002742
32.584095
0 -93.00016
32.584045
0 -92.983067
32.584211
0 -92.964719
32.584319
0 -92.938598
32.58461
0 -92.935543
32.584695
0 -92.88157
32.58519
0 -92.880805
32.585277
0 -92.880594
32.587838
0 -92.88083
32.59466
0 -92.881105
32.600847
0 -92.874971
32.602114
0 -92.873145
32.601901
0 -92.871814
32.602523
0 -92.871957
32.603788
0 -92.869762
32.604652
0 -92.866606
32.607227
0 -92.866457
32.609909
0 -92.864621
32.612954
0 -92.865396
32.614916
0 -92.86537
32.617104
0 -92.863804
32.619162
0 -92.862325
32.620806
0 -92.863204
32.623671
0 -92.862022
32.624936
0 -92.862661
32.627625
0 -92.861031
32.629276
0 -92.862305
32.630337
0 -92.861078
32.632003
0 -92.862354
32.635489
0 -92.861139
32.637123
0 -92.861466
32.640874
0 -92.86027
32.641413
0 -92.862475
32.644129
0 -92.861735
32.644888
0 -92.863725
32.646471
0 -92.86294
32.649072
0 -92.864267
32.651491
0 -92.865639
32.652596
0 -92.864528
32.652971
0 -92.865974
32.658238
0 -92.864772
32.659729
0 -92.86467
32.662512
0 -92.865685
32.66343
0 -92.864873
32.66497
0 -92.865374
32.666735
0 -92.868231
32.670061
0 -92.866217
32.672828
0 -92.867565
32.676731
0 -92.86657
32.677166
0 -92.868502
32.677847
0 -92.865643
32.68062
0 -92.86643
32.681527
0 -92.864539
32.682941
0 -92.865255
32.684228
0 -92.863804
32.683937
0 -92.864364
32.684591
0 -92.862888
32.685609
0 -92.862564
32.687462
0 -92.863924
32.687715
0 -92.859692
32.691621
0 -92.857287
32.692617
0 -92.852612
32.695302
0 -92.851995
32.696303
0 -92.851507
32.697942
0 -92.849862
32.697508
0 -92.84931
32.69879
0 -92.847866
32.698581
0 -92.845213
32.700853
0 -92.844693
32.702965
0 -92.845618
32.704944
0 -92.841481
32.705742
0 -92.840916
32.708503
0 -92.839655
32.709669
0 -92.836878
32.710572
0 -92.834451
32.710281
0 -92.832026
32.71319
0 -92.831109
32.713608
0 -92.829684
32.711524
0 -92.82801
32.711231
0 -92.828049
32.714388
0 -92.828535
32.758814
0 -92.808795
32.759451
0 -92.80377
32.759354
0 -92.80043
32.759531
0 -92.750153
32.759941
0 -92.743462
32.759552
0 -92.725439
32.75954
0 -92.725403
32.803457
0 -92.734057
32.803436
0 -92.734054
32.804756
0 -92.734045
32.817998
0 -92.725369
32.817979
0 -92.725322
32.832467
0 -92.725557
32.892815
0 -92.725362
32.916926
0 -92.725524
32.922275
0 -92.725307
32.923887
0 -92.724887
32.979309
0 -92.724736
33.000139
0 -92.7247428295372
33.0143469910335
0 -92.724994
33.014351
0 -92.7331882721268
33.0143470042559
0 -92.7331919517262
33.0143470024617
0 -92.733197
33.014347
0 -92.796533
33.014836
0 -92.8071620822574
33.0150919169083
0 -92.830798
33.015661
0 -92.844073
33.016034
0 -92.844286
33.01607
0 -92.854167
33.016132
0 -92.86751
33.016062
0 -92.8933241306937
33.0163053046236
0 -92.946553
33.016807
0 -92.9709576669806
33.0171891915387
0 -92.971137
33.017192
0 -92.9887078142573
33.0172979025058
0 -93.0366326035637
33.0175867539617
0 -93.070686
33.017792
0 -93.073167
33.017898
0 -93.081428
33.017928
0 -93.100981
33.017786
0 -93.101443
33.01774
0 -93.1197298546433
33.0177800936558
0 -93.154351
33.017856
0 -93.1579189495257
33.017863873341
0 -93.197402
33.017951
0 -93.215653
33.018393
0 -93.2232474990769
33.018260326212
0 -93.238607
33.017992
0 