-97.982907
44.921211
0 -97.982964
44.906759
0 -97.982823
44.892297
0 -97.977194
44.892274
0 -97.97701
44.805589
0 -97.977055
44.776726
0 -97.977099
44.769437
0 -97.977171
44.718742
0 -97.977436
44.652218
0 -97.977497
44.651837
0 -97.977791
44.631602
0 -97.856226
44.631178
0 -97.856265
44.602212
0 -97.856271
44.544406
0 -97.853028
44.544398
0 -97.803626
44.544413
0 -97.734694
44.544332
0 -97.723832
44.544284
0 -97.713295
44.544242
0 -97.674221
44.544203
0 -97.672817
44.544204
0 -97.652675
44.544183
0 -97.637728
44.544188
0 -97.616475
44.544179
0 -97.613588
44.544192
0 -97.612209
44.544196
0 -97.602115
44.544173
0 -97.552422
44.544011
0 -97.542679
44.543985
0 -97.533901
44.543962
0 -97.492266
44.543884
0 -97.492189
44.630638
0 -97.491884
44.695521
0 -97.491856
44.702941
0 -97.491805
44.710639
0 -97.49177
44.717409
0 -97.491687
44.746275
0 -97.491441
44.789902
0 -97.491346
44.804035
0 -97.491196
44.876449
0 -97.49122
44.891278
0 -97.494184
44.891286
0 -97.493828
44.902219
0 -97.494663
44.934703
0 -97.494419
44.96367
0 -97.494298
44.978183
0 -97.494082
45.021415
0 -97.493901
45.028365
0 -97.494181
45.042796
0 -97.494047
45.057221
0 -97.494048
45.064785
0 -97.494053
45.067986
0 -97.494254
45.151631
0 -97.596432
45.151694
0 -97.617071
45.151675
0 -97.637282
45.151846
0 -97.647381
45.151914
0 -97.657696
45.151968
0 -97.67819
45.152068
0 -97.719082
45.152216
0 -97.738607
45.152137
0 -97.839666
45.152063
0 -97.841032
45.152219
0 -97.846394
45.152058
0 -97.861302
45.152175
0 -97.861744
45.152179
0 -97.923415
45.15276
0 -97.937512
45.1529
0 -97.943551
45.15296
0 -97.981792
45.153295
0 -97.982008
45.146126
0 -97.982109
45.145619
0 -97.981892
45.138819
0 -97.98191
45.131228
0 -97.98206
45.124303
0 -97.982006
45.118982
0 -97.981883
45.109757
0 -97.982117
45.066103
0 -97.98216
45.058997
0 -97.981975
45.00079
0 -97.982371
44.999918
0 -97.982674
44.98136
0 -97.982604
44.979211
0 -97.982564
44.971826
0 -97.982829
44.935789
0 -97.982907
44.921211
0 