-79.700142
41.176189
0 -79.700581
41.175059
0 -79.694984
41.172865
0 -79.691123
41.17117
0 -79.690711
41.170691
0 -79.688008
41.168106
0 -79.681498
41.162923
0 -79.679585
41.15953
0 -79.679813
41.156872
0 -79.681255
41.154136
0 -79.684015
41.151224
0 -79.685776
41.149368
0 -79.686441
41.144093
0 -79.681337
41.139253
0 -79.679586
41.137022
0 -79.678687
41.132579
0 -79.679818
41.125531
0 -79.679288
41.116242
0 -79.681311
41.106326
0 -79.680964
41.10328
0 -79.68113
41.101962
0 -79.680057
41.09371
0 -79.679365
41.091321
0 -79.676167
41.084608
0 -79.674244
41.082752
0 -79.671117
41.081481
0 -79.666033
41.078855
0 -79.662098
41.075568
0 -79.659051
41.073478
0 -79.655892
41.069381
0 -79.655496
41.068265
0 -79.656471
41.06485
0 -79.658964
41.062557
0 -79.661777
41.061096
0 -79.665423
41.058538
0 -79.66713
41.055948
0 -79.66686
41.051599
0 -79.66595
41.049347
0 -79.662473
41.047336
0 -79.651257
41.045057
0 -79.643332
41.041324
0 -79.639035
41.039537
0 -79.636814
41.037934
0 -79.632936
41.037247
0 -79.627887
41.035923
0 -79.623726
41.034539
0 -79.619575
41.033396
0 -79.615918
41.033234
0 -79.610907
41.033965
0 -79.60682
41.036376
0 -79.603785
41.037247
0 -79.601373
41.036958
0 -79.599431
41.035312
0 -79.59892
41.033451
0 -79.599318
41.03027
0 -79.600772
41.025252
0 -79.602607
41.020819
0 -79.604596
41.01776
0 -79.608249
41.013958
0 -79.609186
41.012244
0 -79.609785
41.008654
0 -79.608299
41.005922
0 -79.606399
41.005162
0 -79.601104
41.00542
0 -79.595393
41.005092
0 -79.590373
41.004089
0 -79.587951
41.003243
0 -79.585622
41.001677
0 -79.581774
40.997982
0 -79.581319
40.99482
0 -79.582954
40.992491
0 -79.584896
40.991557
0 -79.586867
40.991304
0 -79.597013
40.994388
0 -79.600934
40.994776
0 -79.60587
40.994397
0 -79.610427
40.993224
0 -79.619067
40.98896
0 -79.623491
40.98456
0 -79.624481
40.981836
0 -79.62429
40.978745
0 -79.622759
40.976374
0 -79.618352
40.974142
0 -79.613146
40.973146
0 -79.60689
40.971286
0 -79.601217
40.969284
0 -79.596378
40.96861
0 -79.59306
40.968984
0 -79.590091
40.969945
0 -79.588983
40.970857
0 -79.587071
40.974036
0 -79.581096
40.980418
0 -79.574323
40.984685
0 -79.572787
40.9853
0 -79.570195
40.985648
0 -79.566194
40.985799
0 -79.561383
40.985228
0 -79.557456
40.983817
0 -79.553798
40.981692
0 -79.552624
40.97978
0 -79.551331
40.980456
0 -79.548639
40.982007
0 -79.545344
40.98224
0 -79.54287
40.984087
0 -79.541272
40.984634
0 -79.539427
40.984288
0 -79.537208
40.980841
0 -79.535822
40.980063
0 -79.532233
40.979439
0 -79.528614
40.978413
0 -79.524889
40.975887
0 -79.522428
40.974958
0 -79.516289
40.97712
0 -79.514685
40.979025
0 -79.515401
40.981274
0 -79.517762
40.983045
0 -79.517836
40.983965
0 -79.516184
40.986662
0 -79.514012
40.986809
0 -79.511728
40.986182
0 -79.510969
40.985411
0 -79.508008
40.984463
0 -79.506673
40.983072
0 -79.506715
40.981052
0 -79.505863
40.977721
0 -79.505148
40.976848
0 -79.503339
40.976424
0 -79.493658
40.977901
0 -79.492631
40.979377
0 -79.492778
40.980888
0 -79.494785
40.986181
0 -79.4943
40.987136
0 -79.490782
40.991168
0 -79.488517
40.995369
0 -79.487474
40.99554
0 -79.481726
40.99407
0 -79.475603
40.994902
0 -79.469545
40.993454
0 -79.467407
40.991621
0 -79.46466
40.990303
0 -79.461624
40.989942
0 -79.458088
40.991029
0 -79.45598
40.990711
0 -79.455892
40.988175
0 -79.457377
40.987258
0 -79.460673
40.986071
0 -79.462296
40.984671
0 -79.46223
40.983112
0 -79.459339
40.982102
0 -79.455891
40.98236
0 -79.451718
40.98167
0 -79.449008
40.982487
0 -79.444748
40.986441
0 -79.442741
40.987264
0 -79.439618
40.987407
0 -79.430649
40.985353
0 -79.427454
40.985952
0 -79.424649
40.988965
0 -79.42259
40.993594
0 -79.422307
40.995833
0 -79.420864
40.999034
0 -79.421238
41.002676
0 -79.420275
41.003978
0 -79.415911
41.005485
0 -79.412319
41.008471
0 -79.410153
41.007326
0 -79.410066
41.005298
0 -79.413041
41.003385
0 -79.415035
41.000706
0 -79.413493
40.998237
0 -79.411717
40.997877
0 -79.406592
40.998572
0 -79.404881
40.998026
0 -79.404283
40.995664
0 -79.406023
40.991025
0 -79.404814
40.988615
0 -79.402605
40.987916
0 -79.400787
40.988087
0 -79.397463
40.990062
0 -79.396265
40.993493
0 -79.394714
40.99475
0 -79.392579
40.994141
0 -79.390367
40.993403
0 -79.385743
40.994861
0 -79.38275
40.995255
0 -79.378555
40.994687
0 -79.377317
40.993254
0 -79.377116
40.991837
0 -79.377979
40.990767
0 -79.382442
40.990709
0 -79.385537
40.989766
0 -79.386625
40.987905
0 -79.386315
40.986725
0 -79.38486
40.985368
0 -79.383056
40.984977
0 -79.377455
40.985644
0 -79.374567
40.98419
0 -79.375863
40.982986
0 -79.378292
40.981823
0 -79.380974
40.979881
0 -79.381998
40.977269
0 -79.382191
40.971185
0 -79.381642
40.969686
0 -79.379086
40.968406
0 -79.376059
40.968377
0 -79.374249
40.968889
0 -79.37194
40.970614
0 -79.371356
40.973425
0 -79.36956
40.97492
0 -79.369882
40.978367
0 -79.371566
40.982561
0 -79.37165
40.987167
0 -79.371015
40.990165
0 -79.368511
40.993812
0 -79.367028
40.996953
0 -79.365971
41.0008
0 -79.364833
41.002186
0 -79.362432
41.003492
0 -79.361026
41.003763
0 -79.359252
41.002772
0 -79.357708
41.000718
0 -79.356341
40.999796
0 -79.352196
40.999666
0 -79.348035
40.997652
0 -79.345876
40.997729
0 -79.344263
40.99872
0 -79.340681
41.001993
0 -79.337621
41.002485
0 -79.336741
41.002124
0 -79.336035
41.000107
0 -79.334331
40.999091
0 -79.330402
41.000224
0 -79.319163
41.001797
0 -79.315885
41.003015
0 -79.314559
41.004749
0 -79.314009
41.005424
0 -79.310307
41.008004
0 -79.304455
41.011767
0 -79.302571
41.013531
0 -79.299493
41.011761
0 -79.294579
41.011494
0 -79.292724
41.010475
0 -79.285174
41.009298
0 -79.282498
41.009824
0 -79.281519
41.010364
0 -79.276018
41.01592
0 -79.273985
41.017615
0 -79.271433
41.018216
0 -79.26757
41.020225
0 -79.26489
41.023374
0 -79.26368
41.02561
0 -79.261137
41.028977
0 -79.259277
41.029944
0 -79.249762
41.032796
0 -79.245956
41.034853
0 -79.242046
41.035343
0 -79.24106
41.036066
0 -79.236917
41.04137
0 -79.230423
41.045851
0 -79.225433
41.047262
0 -79.219065
41.048585
0 -79.215214
41.050515
0 -79.214494
41.078775
0 -79.21132
41.078737
0 -79.211212
41.098363
0 -79.211173
41.112575
0 -79.210409
41.161163
0 -79.210162
41.177984
0 -79.210136
41.180246
0 -79.210102
41.185598
0 -79.209954
41.206495
0 -79.209745
41.234854
0 -79.209258
41.281979
0 -79.209228
41.297372
0 -79.20905
41.317037
0 -79.208878
41.331861
0 -79.207738
41.398979
0 -79.207421
41.407962
0 -79.20709
41.417031
0 -79.207108
41.422014
0 -79.207073
41.422759
0 -79.207196
41.430922
0 -79.214829
41.431132
0 -79.35759
41.432433
0 -79.357586
41.436241
0 -79.369201
41.436264
0 -79.399923
41.436154
0 -79.400303
41.435074
0 -79.400509
41.417437
0 -79.400439
41.386579
0 -79.472611
41.38656
0 -79.472956
41.386458
0 -79.477822
41.386479
0 -79.47814
41.335708
0 -79.480111
41.33566
0 -79.524654
41.335822
0 -79.54143
41.335951
0 -79.541474
41.321008
0 -79.604161
41.321478
0 -79.604453
41.304189
0 -79.604609
41.291342
0 -79.60461
41.277072
0 -79.627561
41.277183
0 -79.627727
41.266907
0 -79.632711
41.266919
0 -79.632875
41.253599
0 -79.650394
41.253709
0 -79.649628
41.217912
0 -79.668892
41.199075
0 -79.666323
41.197136
0 -79.666519
41.196491
0 -79.670614
41.193166
0 -79.665368
41.189024
0 -79.670213
41.184544
0 -79.670125
41.183116
0 -79.672912
41.183013
0 -79.67309
41.184704
0 -79.676143
41.184912
0 -79.676913
41.183692
0 -79.679839
41.183223
0 -79.684489
41.184072
0 -79.686761
41.182145
0 -79.690304
41.181419
0 -79.691497
41.182744
0 -79.693255
41.183056
0 -79.693729
41.183829
0 -79.697242
41.184614
0 -79.700287
41.181875
0 -79.699356
41.178433
0 -79.699589
41.177868
0 -79.700142
41.176189
0 