-85.088519
43.842157
0 -85.088811
43.813676
0 -85.008888
43.813971
0 -84.969706
43.813772
0 -84.969073
43.813768
0 -84.88711
43.814034
0 -84.875016
43.813817
0 -84.873334
43.814197
0 -84.866685
43.814198
0 -84.849532
43.814314
0 -84.84369
43.814342
0 -84.828335
43.814449
0 -84.808398
43.814557
0 -84.78346
43.814646
0 -84.77138
43.814711
0 -84.768358
43.814728
0 -84.759702
43.814697
0 -84.756172
43.814714
0 -84.754856
43.814797
0 -84.753349
43.814841
0 -84.752405
43.814842
0 -84.751693
43.81482
0 -84.728443
43.814995
0 -84.707157
43.815053
0 -84.606035
43.815218
0 -84.606468
43.901848
0 -84.606451
43.929489
0 -84.606338
43.930451
0 -84.606303
43.944809
0 -84.606192
43.988782
0 -84.606427
44.003183
0 -84.606542
44.017582
0 -84.606737
44.057607
0 -84.606917
44.075916
0 -84.607241
44.134592
0 -84.608104
44.160482
0 -84.6087
44.160484
0 -84.610069
44.16055
0 -84.684618
44.160664
0 -84.68531
44.160758
0 -84.728755
44.160859
0 -84.796683
44.160992
0 -84.844866
44.161443
0 -84.848282
44.161367
0 -84.851705
44.161375
0 -84.877202
44.161635
0 -84.878931
44.161404
0 -84.890063
44.161252
0 -84.910216
44.161904
0 -84.921776
44.161763
0 -84.952179
44.162091
0 -84.967927
44.162409
0 -84.972504
44.162475
0 -85.01748
44.163241
0 -85.021022
44.163186
0 -85.057952
44.163705
0 -85.073622
44.164008
0 -85.08704
44.164239
0 -85.08742
44.088047
0 -85.087602
44.07366
0 -85.087632
43.991339
0 -85.087846
43.989697
0 -85.087871
43.987243
0 -85.087877
43.986801
0 -85.087912
43.98402
0 -85.08825
43.915233
0 -85.08827
43.907319
0 -85.088242
43.9008
0 -85.088117
43.882497
0 -85.087828
43.857077
0 -85.088519
43.842157
0 