-85.887675
33.476768
0 -85.887782
33.469427
0 -85.782735
33.469349
0 -85.782689
33.483638
0 -85.765631
33.483477
0 -85.765308
33.496862
0 -85.765427
33.498593
0 -85.680346
33.496623
0 -85.66722
33.496293
0 -85.643482
33.495885
0 -85.624957
33.495578
0 -85.623902
33.495375
0 -85.565653
33.494992
0 -85.563757
33.49508
0 -85.539922
33.494743
0 -85.527515
33.494608
0 -85.524629
33.494784
0 -85.51731
33.494524
0 -85.501645
33.494456
0 -85.497455
33.494624
0 -85.377684
33.492728
0 -85.374951
33.492578
0 -85.352573
33.492438
0 -85.354491
33.498866
0 -85.351594
33.4996
0 -85.349958
33.501216
0 -85.347744
33.501378
0 -85.34624
33.50085
0 -85.346181
33.499533
0 -85.344923
33.497608
0 -85.342544
33.495961
0 -85.33828
33.4947
0 -85.33396
33.492252
0 -85.331061
33.491014
0 -85.324856
33.489161
0 -85.320893
33.488359
0 -85.316028
33.488267
0 -85.30925
33.483137
0 -85.308867
33.481717
0 -85.307746
33.481579
0 -85.304439
33.482884
0 -85.313999
33.529807
0 -85.314091
33.530218
0 -85.3148434877199
33.5349512560896
0 -85.314994
33.535898
0 -85.3153400895111
33.5376461241702
0 -85.315340215273
33.5376467594031
0 -85.3225689183808
33.5741594828964
0 -85.3237922987933
33.5803388694423
0 -85.3382006083928
33.6531163257259
0 -85.3552522157442
33.7392452779125
0 -85.3569782031297
33.7479633701095
0 -85.357402
33.750104
0 -85.360491
33.767958
0 -85.3618426212516
33.7739448929495
0 -85.361844
33.773951
0 -85.3764027281585
33.8506557456616
0 -85.3764028869154
33.850656582095
0 -85.377426
33.856047
0 -85.3808849979311
33.873507903946
0 -85.3864734721684
33.9017183318811
0 -85.3887171312565
33.9130442466707
0 -85.3914952437911
33.9270680642863
0 -85.398837
33.964129
0 -85.407637
33.964204
0 -85.407831
33.960548
0 -85.425444
33.960645
0 -85.425627
33.957069
0 -85.495289
33.95691
0 -85.49582
33.942394
0 -85.530094
33.941423
0 -85.532482
33.889152
0 -85.601858
33.88975
0 -85.601913
33.875101
0 -85.601899
33.874865
0 -85.637014
33.875944
0 -85.637012
33.875273
0 -85.637126
33.846497
0 -85.636882
33.846495
0 -85.585201
33.84592
0 -85.585985
33.802095
0 -85.603391
33.802344
0 -85.603465
33.788474
0 -85.603469
33.787755
0 -85.62089
33.787944
0 -85.621245
33.773508
0 -85.62496
33.773306
0 -85.638049
33.773339
0 -85.638586
33.649158
0 -85.64704
33.648772
0 -85.64719
33.641529
0 -85.651283
33.64157
0 -85.651295
33.637972
0 -85.655549
33.638127
0 -85.65581
33.627166
0 -85.674932
33.627254
0 -85.690684
33.627789
0 -85.690716
33.625105
0 -85.69014
33.615815
0 -85.689954
33.612909
0 -85.723074
33.613505
0 -85.724953
33.613539
0 -85.724517
33.59943
0 -85.737379
33.599823
0 -85.742202
33.600002
0 -85.742348
33.586553
0 -85.744118
33.556075
0 -85.796054
33.55622
0 -85.796852
33.541849
0 -85.849397
33.500107
0 -85.850865
33.498723
0 -85.85189
33.498742
0 -85.852421
33.491644
0 -85.869308
33.491574
0 -85.870053
33.476757
0 -85.887675
33.476768
0 