-81.7680621414498
35.1803869517964
0 -81.763413164043
35.1802492358467
0 -81.738492
35.179511
0 -81.716259
35.178852
0 -81.680801
35.177331
0 -81.646707
35.175869
0 -81.6247824744521
35.1749287870759
0 -81.614877
35.174504
0 -81.6095519058654
35.1742755708505
0 -81.6095490975215
35.1742754503817
0 -81.581681
35.17308
0 -81.5727881648686
35.1727547740895
0 -81.54515
35.171744
0 -81.5381532376726
35.1714879722619
0 -81.5169162977354
35.1707108634447
0 -81.494265
35.169882
0 -81.493401
35.169951
0 -81.4700292267538
35.1690056971343
0 -81.4668669350192
35.1688777939835
0 -81.461408
35.168657
0 -81.452398
35.168293
0 -81.4505662110685
35.1682202262262
0 -81.445627
35.168024
0 -81.4427427300232
35.1679095953013
0 -81.4389409736117
35.1677587984617
0 -81.4384762725689
35.1677403660739
0 -81.366691
35.164893
0 -81.3665989541942
35.1648894571222
0 -81.3280393754573
35.163405284384
0 -81.328037
35.163467
0 -81.327996
35.164068
0 -81.327904
35.164811
0 -81.327864
35.165147
0 -81.327861
35.16517
0 -81.327707
35.166455
0 -81.327643
35.167021
0 -81.327598
35.167348
0 -81.327561
35.167611
0 -81.327458
35.168215
0 -81.327401
35.168549
0 -81.327382
35.168653
0 -81.327359
35.168784
0 -81.327323
35.168982
0 -81.327281
35.169217
0 -81.327259
35.169338
0 -81.327182
35.169766
0 -81.32716
35.169913
0 -81.327132
35.170085
0 -81.32693
35.171192
0 -81.326781
35.172025
0 -81.326744
35.17223
0 -81.326698
35.172489
0 -81.326641
35.172805
0 -81.32659
35.173088
0 -81.326576
35.173167
0 -81.326548
35.173317
0 -81.326539
35.173365
0 -81.326517
35.173485
0 -81.326494
35.173608
0 -81.32649
35.173629
0 -81.326488
35.173638
0 -81.326459
35.173798
0 -81.326444
35.173878
0 -81.32643
35.173952
0 -81.326405
35.174124
0 -81.326379
35.174295
0 -81.326376
35.174319
0 -81.32634
35.174607
0 -81.326276
35.175018
0 -81.325843
35.178335
0 -81.324197
35.189475
0 -81.324524
35.201283
0 -81.324612
35.20447
0 -81.324552
35.2095
0 -81.324541
35.210378
0 -81.324535
35.218076
0 -81.324453
35.219521
0 -81.323635
35.230949
0 -81.323626
35.231367
0 -81.323626
35.23153
0 -81.323638
35.241315
0 -81.323617
35.24347
0 -81.323538
35.246081
0 -81.323522
35.246612
0 -81.323491
35.246904
0 -81.323366
35.247678
0 -81.323034
35.249649
0 -81.322451
35.252679
0 -81.321879
35.256761
0 -81.321866
35.256853
0 -81.321314
35.260221
0 -81.325073
35.262694
0 -81.326321
35.262686
0 -81.326754
35.262686
0 -81.33154
35.265326
0 -81.336286
35.268054
0 -81.34809
35.274433
0 -81.349203
35.274812
0 -81.352888
35.276607
0 -81.355773
35.280829
0 -81.356203
35.288089
0 -81.355128
35.294384
0 -81.356095
35.297701
0 -81.359857
35.301968
0 -81.364925
35.311225
0 -81.366471
35.314229
0 -81.366586
35.315656
0 -81.365131
35.320182
0 -81.363631
35.323695
0 -81.362745
35.32476
0 -81.356629
35.330645
0 -81.365867
35.336263
0 -81.371656
35.339728
0 -81.382891
35.346207
0 -81.387973
35.348561
0 -81.39889
35.353168
0 -81.411094
35.367357
0 -81.456505
35.419616
0 -81.458721
35.423593
0 -81.459027
35.424288
0 -81.469209
35.447522
0 -81.475512
35.460178
0 -81.477631
35.46432
0 -81.484324
35.475836
0 -81.48666
35.479339
0 -81.490776
35.485515
0 -81.495261
35.494077
0 -81.500588
35.502331
0 -81.505961
35.511429
0 -81.512457
35.522413
0 -81.509533
35.53631
0 -81.507554
35.545725
0 -81.509085
35.546896
0 -81.519387
35.557891
0 -81.53776
35.564472
0 -81.538392
35.564734
0 -81.545316
35.564807
0 -81.546354
35.564952
0 -81.548934
35.563881
0 -81.551034
35.563917
0 -81.554058
35.563128
0 -81.555416
35.562165
0 -81.56083
35.562959
0 -81.566295
35.560026
0 -81.566991
35.558264
0 -81.573023
35.558485
0 -81.574205
35.559718
0 -81.576613
35.559753
0 -81.577463
35.561292
0 -81.578974
35.562096
0 -81.5775
35.564255
0 -81.577012
35.566338
0 -81.577831
35.56678
0 -81.58082
35.5675
0 -81.583015
35.566292
0 -81.590957
35.564878
0 -81.59231
35.56644
0 -81.594185
35.566565
0 -81.595596
35.568328
0 -81.59491
35.570001
0 -81.596349
35.571209
0 -81.597641
35.571266
0 -81.601242
35.56904
0 -81.60489
35.567963
0 -81.607193
35.566831
0 -81.609697
35.566763
0 -81.611491
35.567536
0 -81.617422
35.565388
0 -81.618251
35.567044
0 -81.620915
35.566289
0 -81.625497
35.566365
0 -81.632576
35.565391
0 -81.633087
35.566776
0 -81.634343
35.566682
0 -81.634712
35.565149
0 -81.638699
35.563809
0 -81.645354
35.562132
0 -81.648442
35.561656
0 -81.653315
35.562994
0 -81.656609
35.565363
0 -81.660047
35.565378
0 -81.662036
35.567324
0 -81.663242
35.567347
0 -81.667361
35.566147
0 -81.670865
35.566605
0 -81.672994
35.568392
0 -81.673835
35.568232
0 -81.675124
35.571003
0 -81.677703
35.572629
0 -81.679412
35.575469
0 -81.680759
35.576431
0 -81.68401
35.576912
0 -81.684823
35.578447
0 -81.686225
35.57895
0 -81.688467
35.581309
0 -81.688496
35.582706
0 -81.689981
35.583027
0 -81.690991
35.584309
0 -81.69242
35.583233
0 -81.692329
35.579789
0 -81.694779
35.51521
0 -81.696028
35.486001
0 -81.700376
35.399928
0 -81.700916
35.387089
0 -81.701396
35.376596
0 -81.701718
35.373929
0 -81.70285
35.357194
0 -81.707201
35.346823
0 -81.709606
35.341095
0 -81.728506
35.295556
0 -81.735212
35.27945
0 -81.740895
35.265679
0 -81.743242
35.259999
0 -81.747408
35.250123
0 -81.749504
35.245928
0 -81.749822
35.244577
0 -81.757161
35.227898
0 -81.758502
35.224856
0 -81.759619
35.222201
0 -81.759849
35.22118
0 -81.7680621414498
35.1803869517964
0 