-90.959317
34.13035
0 -90.958467
34.125105
0 -90.955974
34.120125
0 -90.799346
34.120614
0 -90.791377
34.12061
0 -90.781558
34.120712
0 -90.76477
34.119506
0 -90.6942
34.119411
0 -90.690272
34.119122
0 -90.659457
34.118867
0 -90.659687
34.075106
0 -90.660276
34.002316
0 -90.660168
34.000094
0 -90.660357
33.987585
0 -90.657002
33.987586
0 -90.628526
33.987531
0 -90.624361
33.987119
0 -90.590625
33.986897
0 -90.577802
33.986732
0 -90.503506
33.986144
0 -90.499995
33.98599
0 -90.474461
33.985901
0 -90.45659
33.985738
0 -90.451012
33.985689
0 -90.45053
34.000112
0 -90.45094
34.013088
0 -90.450989
34.041452
0 -90.451069
34.058232
0 -90.450981
34.072932
0 -90.450816
34.112717
0 -90.450703
34.153676
0 -90.450843
34.172769
0 -90.450706
34.174531
0 -90.450429
34.218154
0 -90.450792
34.223317
0 -90.450451
34.230326
0 -90.450572
34.262402
0 -90.433859
34.261563
0 -90.399014
34.261524
0 -90.399032
34.279519
0 -90.399071
34.320086
0 -90.399822
34.334878
0 -90.399482
34.393619
0 -90.399404
34.407334
0 -90.397526
34.422609
0 -90.399498
34.423807
0 -90.493294
34.479949
0 -90.500101
34.484394
0 -90.569347
34.524867
0 -90.578493
34.516296
0 -90.5797559867619
34.5145861253569
0 -90.581062
34.512818
0 -90.58353
34.504085
0 -90.586525
34.500103
0 -90.587490456876
34.4965056046236
0 -90.588942
34.491097
0 -90.589921
34.484793
0 -90.588346
34.470562
0 -90.585477
34.461247
0 -90.583717
34.458829
0 -90.576893
34.454351
0 -90.573959
34.451875
0 -90.56733
34.440383
0 -90.5666737771211
34.4377633443054
0 -90.565826
34.434379
0 -90.566505
34.429528
0 -90.568397
34.424805
0 -90.5698486841688
34.422435183704
0 -90.571145
34.420319
0 -90.575336
34.415152
0 -90.5801849857429
34.4109775689111
0 -90.580677
34.410554
0 -90.613944
34.390723
0 -90.61848
34.388767
0 -90.631586
34.387193
0 -90.63494
34.386363
0 -90.641398
34.383869
0 -90.658542
34.375705
0 -90.655346
34.371846
0 -90.666788
34.35582
0 -90.666862
34.348569
0 -90.6608744046578
34.3366930153703
0 -90.660404
34.33576
0 -90.657371
34.327287
0 -90.657488
34.322231
0 -90.661395
34.315398
0 -90.669343
34.31302
0 -90.678097
34.313031
0 -90.686003
34.315771
0 -90.690005
34.318584
0 -90.693129
34.32257
0 -90.693686
34.32968
0 -90.691551
34.338618
0 -90.68162
34.35291
0 -90.676159
34.369558
0 -90.676245
34.371111
0 -90.678603
34.371122
0 -90.690497
34.368606
0 -90.700147
34.365855
0 -90.712088
34.363805
0 -90.7130177282342
34.3637944126572
0 -90.724909
34.363659
0 -90.729131
34.364206
0 -90.7336653420393
34.3653024500294
0 -90.741616
34.367225
0 -90.750107
34.367919
0 -90.756197
34.367256
0 -90.762085
34.364754
0 -90.765764
34.362109
0 -90.767061
34.360271
0 -90.768445
34.353469
0 -90.767732
34.346872
0 -90.767108
34.345264
0 -90.765174
34.342818
0 -90.748942
34.331045
0 -90.744713
34.324872
0 -90.742694
34.320263
0 -90.74061
34.313469
0 -90.740889
34.306538
0 -90.743082
34.302257
0 -90.752681
34.289266
0 -90.755271
34.286848
0 -90.765165
34.280524
0 -90.772266
34.279943
0 -90.7767231943719
34.2803761597423
0 -90.797569
34.282402
0 -90.802928
34.282465
0 -90.812829
34.279438
0 -90.820919
34.27784
0 -90.824478
34.27624
0 -90.828267
34.27365
0 -90.830612
34.271245
0 -90.832407
34.267491
0 -90.8335284493208
34.2632196660809
0 -90.836972
34.250104
0 -90.839981
34.236114
0 -90.840128
34.230104
0 -90.839509
34.226201
0 -90.840009
34.223077
0 -90.842151
34.21688
0 -90.844824
34.210999
0 -90.847808
34.20653
0 -90.852764
34.209403
0 -90.856708
34.211598
0 -90.867064
34.212141
0 -90.87912
34.21545
0 -90.89456
34.22438
0 -90.898286
34.227253
0 -90.900078
34.229621
0 -90.904279
34.24096
0 -90.905934
34.243529
0 -90.907082
34.244492
0 -90.912396
34.245932
0 -90.923152
34.24653
0 -90.929015
34.244541
0 -90.933511
34.240218
0 -90.936404
34.236698
0 -90.937152
34.23411
0 -90.936988
34.227041
0 -90.93522
34.21905
0 -90.93268
34.214824
0 -90.916048
34.196916
0 -90.9118
34.193897
0 -90.891871
34.184766
0 -90.887884
34.18198
0 -90.882701
34.184364
0 -90.877475
34.185633
0 -90.87383
34.18322
0 -90.869651
34.182965
0 -90.864566
34.183882
0 -90.859087
34.186288
0 -90.8556
34.18688
0 -90.847108
34.186053
0 -90.838205
34.183804
0 -90.828388
34.184784
0 -90.816572
34.183023
0 -90.812374
34.180767
0 -90.810016
34.178437
0 -90.8092482325233
34.1769608790588
0 -90.808685
34.175878
0 -90.807164
34.16746
0 -90.807813
34.161474
0 -90.810884
34.155903
0 -90.815878
34.149879
0 -90.822593
34.144054
0 -90.825708
34.142011
0 -90.830285
34.139813
0 -90.836099
34.137876
0 -90.847168
34.136884
0 -90.853471
34.137511
0 -90.86458
34.140555
0 -90.86788
34.142146
0 -90.876836
34.14813
0 -90.883073
34.151502
0 -90.894385
34.160953
0 -90.903577
34.164332
0 -90.91001
34.165508
0 -90.938064
34.148754
0 -90.9543
34.138498
0 -90.959317
34.13035
0 