-97.494419
44.96367
0 -97.494663
44.934703
0 -97.493828
44.902219
0 -97.494184
44.891286
0 -97.49122
44.891278
0 -97.491196
44.876449
0 -97.491346
44.804035
0 -97.471297
44.804104
0 -97.435727
44.803935
0 -97.430572
44.804029
0 -97.410321
44.804087
0 -97.370076
44.803944
0 -97.309717
44.80413
0 -97.289323
44.804167
0 -97.278446
44.804194
0 -97.248576
44.804233
0 -97.127168
44.803342
0 -97.127007
44.803344
0 -97.116974
44.803488
0 -97.107936
44.803559
0 -97.097579
44.803643
0 -97.070953
44.803924
0 -97.066468
44.803955
0 -97.01588
44.804228
0 -97.00598
44.804351
0 -96.986354
44.804341
0 -96.98119
44.804337
0 -96.944279
44.804371
0 -96.934521
44.804383
0 -96.934118
44.804383
0 -96.92524
44.804369
0 -96.88457
44.804436
0 -96.884571
44.816022
0 -96.884552
44.818976
0 -96.884524
44.826232
0 -96.884429
44.83349
0 -96.884385
44.841569
0 -96.884366
44.848184
0 -96.884373
44.855299
0 -96.884343
44.862528
0 -96.884317
44.877044
0 -96.884295
44.890039
0 -96.882681
44.890024
0 -96.882525
44.904477
0 -96.882538
44.908085
0 -96.88228
44.947867
0 -96.882178
44.961863
0 -96.88207
44.962436
0 -96.88197
44.963298
0 -96.88229
44.966101
0 -96.882345
44.97687
0 -96.882666
44.997956
0 -96.882832
45.005498
0 -96.882796
45.049234
0 -96.882802
45.063772
0 -96.883948
45.150224
0 -96.915367
45.150285
0 -97.005081
45.150467
0 -97.077555
45.15091
0 -97.082468
45.151323
0 -97.107761
45.151634
0 -97.113186
45.151706
0 -97.123787
45.151683
0 -97.16464
45.151741
0 -97.17421
45.151713
0 -97.195276
45.151716
0 -97.205487
45.151797
0 -97.220657
45.151818
0 -97.226281
45.151826
0 -97.231511
45.151851
0 -97.238011
45.151869
0 -97.240152
45.151188
0 -97.240234
45.151185
0 -97.300096
45.151526
0 -97.371371
45.151882
0 -97.412349
45.151723
0 -97.42244
45.1517
0 -97.481675
45.151656
0 -97.485454
45.15156
0 -97.486788
45.15164
0 -97.494254
45.151631
0 -97.494053
45.067986
0 -97.494048
45.064785
0 -97.494047
45.057221
0 -97.494181
45.042796
0 -97.493901
45.028365
0 -97.494082
45.021415
0 -97.494298
44.978183
0 -97.494419
44.96367
0 