-86.196365
31.425431
0 -86.196091
31.410348
0 -86.195056
31.353359
0 -86.195044
31.352681
0 -86.194779
31.336812
0 -86.194631
31.327933
0 -86.193888
31.283526
0 -86.193336
31.250169
0 -86.19358
31.243716
0 -86.193714
31.243119
0 -86.19382
31.233665
0 -86.193676
31.228766
0 -86.193847
31.219627
0 -86.193542
31.213028
0 -86.194003
31.211362
0 -86.193476
31.192213
0 -86.141674
31.192693
0 -86.125482
31.192754
0 -86.125405
31.182057
0 -86.116736
31.182099
0 -86.116735
31.183885
0 -86.116734
31.193015
0 -86.058535
31.194082
0 -86.01306
31.195318
0 -85.99994
31.19566
0 -85.999042
31.195777
0 -85.96611
31.195935
0 -85.960322
31.195962
0 -85.949976
31.196191
0 -85.949386
31.196123
0 -85.938287
31.196344
0 -85.865347
31.196374
0 -85.791402
31.196349
0 -85.791291
31.209854
0 -85.791137
31.281213
0 -85.791378
31.291686
0 -85.791361
31.291777
0 -85.791214
31.293551
0 -85.791167
31.29534
0 -85.791089
31.297603
0 -85.790525
31.317495
0 -85.790434
31.320267
0 -85.790354
31.322656
0 -85.790327
31.323452
0 -85.790116
31.330082
0 -85.7901
31.336276
0 -85.790064
31.337277
0 -85.789963
31.341922
0 -85.789866
31.350574
0 -85.789785
31.356562
0 -85.789594
31.372698
0 -85.789815
31.383145
0 -85.789837
31.385469
0 -85.789372
31.48743
0 -85.789308
31.490925
0 -85.78914
31.540617
0 -85.789141
31.587866
0 -85.789142
31.617964
0 -85.878888
31.618547
0 -85.90446
31.618775
0 -85.926702
31.618966
0 -85.980098
31.619189
0 -85.999948
31.619311
0 -86.004044
31.619067
0 -86.058021
31.618793
0 -86.094925
31.618405
0 -86.123834
31.618167
0 -86.124952
31.618044
0 -86.145895
31.617741
0 -86.144761
31.570994
0 -86.14395
31.537675
0 -86.150314
31.537601
0 -86.156768
31.537527
0 -86.156561
31.530203
0 -86.182098
31.530047
0 -86.194784
31.529949
0 -86.194724
31.52446
0 -86.193951
31.440072
0 -86.196365
31.425431
0 