-95.958916
38.112782
0 -95.959046
38.040195
0 -95.830319
38.03968
0 -95.811923
38.039728
0 -95.738904
38.039136
0 -95.702314
38.03929
0 -95.701616
38.039013
0 -95.665608
38.039056
0 -95.646743
38.039149
0 -95.641942
38.039203
0 -95.6282
38.038754
0 -95.626864
38.038807
0 -95.611924
38.038542
0 -95.609764
38.038457
0 -95.599702
38.038581
0 -95.574759
38.038175
0 -95.573709
38.038322
0 -95.547052
38.038007
0 -95.54594
38.038037
0 -95.51897
38.03823
0 -95.518728
38.103718
0 -95.518097
38.13993
0 -95.51794
38.154436
0 -95.517802
38.169308
0 -95.517593
38.181894
0 -95.517812
38.183849
0 -95.51749
38.198368
0 -95.517406
38.206818
0 -95.516975
38.248483
0 -95.516815
38.250019
0 -95.516757
38.259296
0 -95.507474
38.259248
0 -95.507728
38.273796
0 -95.507647
38.274245
0 -95.507849
38.314045
0 -95.507968
38.346583
0 -95.507907
38.36119
0 -95.50819
38.365407
0 -95.508328
38.390278
0 -95.508282
38.397902
0 -95.508166
38.41953
0 -95.508267
38.433933
0 -95.526755
38.433969
0 -95.599864
38.43413
0 -95.639927
38.434332
0 -95.65564
38.434532
0 -95.67386
38.43449
0 -95.684238
38.434177
0 -95.691088
38.434178
0 -95.691886
38.434062
0 -95.706836
38.434408
0 -95.711812
38.434179
0 -95.728303
38.434127
0 -95.738168
38.434102
0 -95.802282
38.43382
0 -95.820353
38.43377
0 -95.820796
38.433544
0 -95.821217
38.433828
0 -95.822365
38.433757
0 -95.950282
38.434105
0 -95.950298
38.430832
0 -95.950427
38.419534
0 -95.9505
38.390507
0 -95.950528
38.346963
0 -95.950621
38.346411
0 -95.950358
38.318107
0 -95.95036
38.317876
0 -95.950373
38.314428
0 -95.950396
38.3116
0 -95.950322
38.303875
0 -95.949994
38.259706
0 -95.958502
38.259718
0 -95.95876
38.251035
0 -95.958563
38.249491
0 -95.958623
38.221583
0 -95.958716
38.20732
0 -95.958838
38.199937
0 -95.958852
38.185417
0 -95.958862
38.170939
0 -95.95856
38.156256
0 -95.958916
38.112782
0 