-88.139246
34.587795
0 -88.139988
34.581703
0 -88.120075
34.581468
0 -88.088232
34.579951
0 -87.972798
34.575976
0 -87.850188
34.57345
0 -87.81273
34.572873
0 -87.80063
34.572688
0 -87.733538
34.571587
0 -87.68876
34.570513
0 -87.684018
34.570394
0 -87.681671
34.57043
0 -87.6711
34.570085
0 -87.669302
34.570034
0 -87.666882
34.569966
0 -87.637926
34.56915
0 -87.634277
34.56915
0 -87.627061
34.569254
0 -87.605149
34.568627
0 -87.600753
34.568237
0 -87.597932
34.568203
0 -87.529667
34.567081
0 -87.524406
34.56693
0 -87.524341
34.570023
0 -87.523211
34.57005
0 -87.522422
34.568067
0 -87.52051
34.568383
0 -87.517815
34.56623
0 -87.515665
34.568132
0 -87.515996
34.568997
0 -87.518587
34.570231
0 -87.519475
34.571496
0 -87.519234
34.574461
0 -87.518558
34.577482
0 -87.51771
34.578404
0 -87.514716
34.579128
0 -87.511328
34.578569
0 -87.510035
34.579664
0 -87.507789
34.582979
0 -87.507123
34.585925
0 -87.509242
34.588245
0 -87.512028
34.58928
0 -87.509324
34.594114
0 -87.510861
34.594926
0 -87.513912
34.59476
0 -87.514485
34.595588
0 -87.514525
34.598325
0 -87.511243
34.599305
0 -87.511795
34.602259
0 -87.51089
34.60363
0 -87.509139
34.604635
0 -87.508559
34.602548
0 -87.506445
34.605075
0 -87.505751
34.608022
0 -87.502717
34.60948
0 -87.504079
34.610886
0 -87.503494
34.611755
0 -87.504334
34.612645
0 -87.503888
34.613833
0 -87.507044
34.61556
0 -87.506615
34.616911
0 -87.504258
34.616616
0 -87.502399
34.618191
0 -87.501842
34.619751
0 -87.499829
34.621573
0 -87.500701
34.62243
0 -87.499552
34.622901
0 -87.498978
34.624474
0 -87.497044
34.623532
0 -87.494868
34.623249
0 -87.494134
34.624134
0 -87.497002
34.62576
0 -87.496152
34.626126
0 -87.492503
34.62565
0 -87.492723
34.627364
0 -87.490776
34.626314
0 -87.491136
34.627692
0 -87.489829
34.627336
0 -87.487909
34.627777
0 -87.487128
34.629839
0 -87.484175
34.629614
0 -87.483475
34.630305
0 -87.483384
34.631647
0 -87.485779
34.632709
0 -87.484051
34.634205
0 -87.486055
34.63521
0 -87.483445
34.635404
0 -87.482931
34.636235
0 -87.484656
34.637364
0 -87.482486
34.637054
0 -87.481601
34.637961
0 -87.481394
34.636847
0 -87.479965
34.636566
0 -87.477545
34.637296
0 -87.476863
34.638106
0 -87.477911
34.640226
0 -87.479516
34.641419
0 -87.482517
34.642544
0 -87.482325
34.644336
0 -87.484282
34.645675
0 -87.48371
34.647973
0 -87.479732
34.650479
0 -87.477224
34.651481
0 -87.468223
34.648703
0 -87.464189
34.646519
0 -87.459496
34.644349
0 -87.458675
34.644576
0 -87.459002
34.64646
0 -87.460508
34.64646
0 -87.460655
34.648699
0 -87.459921
34.649784
0 -87.456282
34.64782
0 -87.455316
34.648229
0 -87.454837
34.650247
0 -87.44955
34.648897
0 -87.448775
34.650086
0 -87.447674
34.64938
0 -87.44577
34.650968
0 -87.444917
34.653908
0 -87.447698
34.658725
0 -87.445205
34.65958
0 -87.445309
34.660376
0 -87.443566
34.660981
0 -87.443665
34.661832
0 -87.445476
34.663367
0 -87.447877
34.664292
0 -87.44849
34.666068
0 -87.447675
34.670215
0 -87.44552
34.673309
0 -87.443121
34.675214
0 -87.443907
34.676584
0 -87.447269
34.679363
0 -87.450899
34.676822
0 -87.45175
34.676667
0 -87.45258
34.678354
0 -87.452014
34.679293
0 -87.450277
34.679387
0 -87.449835
34.680925
0 -87.451138
34.682385
0 -87.452113
34.685513
0 -87.453359
34.686468
0 -87.452772
34.692664
0 -87.452009
34.694896
0 -87.45095
34.696299
0 -87.448168
34.696887
0 -87.445877
34.69874
0 -87.443785
34.698831
0 -87.438495
34.699816
0 -87.437402
34.700956
0 -87.436049
34.703485
0 -87.433397
34.704795
0 -87.431744
34.706259
0 -87.426907
34.708646
0 -87.426175
34.709601
0 -87.42629
34.711058
0 -87.426923
34.712627
0 -87.42916
34.714278
0 -87.429379
34.715826
0 -87.43104
34.717168
0 -87.43306
34.717485
0 -87.432937
34.719379
0 -87.43349
34.722435
0 -87.433054
34.723629
0 -87.434283
34.723999
0 -87.433861
34.725973
0 -87.4352
34.726008
0 -87.43605
34.72704
0 -87.435638
34.729803
0 -87.433244
34.730774
0 -87.432231
34.733459
0 -87.432117
34.737433
0 -87.428513
34.737901
0 -87.427648
34.738682
0 -87.424273
34.737961
0 -87.424498
34.739198
0 -87.422498
34.741
0 -87.425217
34.744626
0 -87.426211
34.747091
0 -87.426524
34.750136
0 -87.427851
34.751907
0 -87.419655
34.757342
0 -87.417499
34.759361
0 -87.416228
34.762407
0 -87.415888
34.765065
0 -87.416095
34.766999
0 -87.418732
34.769127
0 -87.420619
34.770175
0 -87.424591
34.771703
0 -87.427107
34.773052
0 -87.432947
34.772678
0 -87.434391
34.773614
0 -87.43291
34.777153
0 -87.431618
34.779087
0 -87.433685
34.78087
0 -87.431808
34.781723
0 -87.429279
34.781495
0 -87.428556
34.781954
0 -87.426155
34.786411
0 -87.4262
34.788241
0 -87.428777
34.794307
0 -87.428737
34.795186
0 -87.42651
34.800022
0 -87.430621
34.801323
0 -87.435334
34.803907
0 -87.44998
34.80828
0 -87.466075
34.811595
0 -87.468235
34.811929
0 -87.47812
34.812424
0 -87.484508
34.813709
0 -87.486607
34.814467
0 -87.491362
34.817339
0 -87.495815
34.819228
0 -87.502436
34.821238
0 -87.508219
34.82271
0 -87.508997
34.823122
0 -87.512995
34.828898
0 -87.514185
34.830179
0 -87.516978
34.831377
0 -87.520334
34.832125
0 -87.524363
34.832384
0 -87.530085
34.831354
0 -87.535486
34.829546
0 -87.544092
34.830446
0 -87.54629
34.830431
0 -87.553626
34.826886
0 -87.555941
34.826103
0 -87.566286
34.826027
0 -87.572326
34.824476
0 -87.580637
34.821802
0 -87.584746
34.819188
0 -87.585877
34.817774
0 -87.588007
34.813038
0 -87.589485
34.81074
0 -87.591475
34.809253
0 -87.596095
34.807103
0 -87.604851
34.803771
0 -87.613694
34.79903
0 -87.618681
34.798254
0 -87.620284
34.797481
0 -87.624699
34.796041
0 -87.637219
34.793568
0 -87.642627
34.793073
0 -87.648213
34.79069
0 -87.653991
34.787866
0 -87.658145
34.78658
0 -87.66475
34.784242
0 -87.668205
34.782702
0 -87.669596
34.782437
0 -87.671051
34.782542
0 -87.672981
34.782585
0 -87.677448
34.781636
0 -87.691582
34.77738
0 -87.693876
34.776765
0 -87.694193
34.776628
0 -87.694807
34.776362
0 -87.698449
34.775367
0 -87.707572
34.772919
0 -87.711481
34.770365
0 -87.716647
34.76558
0 -87.718562
34.76276
0 -87.719709
34.761071
0 -87.721771
34.75804
0 -87.725267
34.754355
0 -87.729554
34.747862
0 -87.730617
34.746972
0 -87.733718
34.745229
0 -87.741058
34.743955
0 -87.74693
34.742589
0 -87.750795
34.740872
0 -87.7603
34.735578
0 -87.761033
34.735303
0 -87.767331
34.734589
0 -87.772706
34.734639
0 -87.780131
34.733389
0 -87.787018
34.732564
0 -87.79326
34.732061
0 -87.798906
34.731931
0 -87.806963
34.732061
0 -87.811032
34.733389
0 -87.818254
34.73512
0 -87.824525
34.737455
0 -87.83124
34.739591
0 -87.835833
34.741239
0 -87.840685
34.743779
0 -87.846423
34.747625
0 -87.848651
34.749585
0 -87.855333
34.757189
0 -87.861315
34.762983
0 -87.869708
34.768812
0 -87.873812
34.771261
0 -87.875033
34.772435
0 -87.882899
34.777184
0 -87.888294
34.781095
0 -87.897068
34.788195
0 -87.904877
34.793518
0 -87.908754
34.795571
0 -87.91419
34.798898
0 -87.917414
34.801483
0 -87.92029
34.804468
0 -87.922863
34.808029
0 -87.925433
34.812364
0 -87.927634
34.816658
0 -87.929272
34.820725
0 -87.930233
34.823867
0 -87.932703
34.836401
0 -87.933456
34.838902
0 -87.934326
34.841452
0 -87.937212
34.847365
0 -87.939203
34.850379
0 -87.9495
34.864471
0 -87.951328
34.866096
0 -87.952269
34.867663
0 -87.954778
34.869498
0 -87.957767
34.87241
0 -87.959988
34.87333
0 -87.962826
34.875072
0 -87.973222
34.88255
0 -87.977473
34.883016
0 -87.982171
34.885139
0 -87.986612
34.886745
0 -87.988166
34.887307
0 -87.994561
34.888649
0 -87.996338
34.890181
0 -87.998942
34.890628
0 -88.012229
34.895536
0 -88.023228
34.900746
0 -88.031275
34.904242
0 -88.035167
34.905532
0 -88.040871
34.906613
0 -88.047969
34.906536
0 -88.050792
34.90618
0 -88.058395
34.90435
0 -88.063711
34.902068
0 -88.072453
34.896734
0 -88.075227
34.895441
0 -88.079079
34.894421
0 -88.084592
34.893892
0 -88.092815
34.89415
0 -88.097583
34.894675
0 -88.097888
34.892202
0 -88.104828239252
34.8343853294572
0 -88.10756
34.811628
0 -88.116418
34.746303
0 -88.118407
34.724292
0 -88.120809790864
34.7088908621916
0 -88.1229228444129
34.6953468499391
0 -88.1308067668013
34.6448133736411
0 -88.134263
34.62266
0 -88.1343641919509
34.6219004926397
0 -88.138719
34.589215
0 -88.139246
34.587795
0 