-81.8457752770578
26.3303814585148
0 -81.844555
26.327712
0 -81.833142
26.294518
0 -81.8317428813733
26.2880332585542
0 -81.8283490468612
26.2723032561788
0 -81.8244378378609
26.2541752871673
0 -81.8243847639228
26.2539292960416
0 -81.8243256281234
26.2536552089401
0 -81.820675
26.236735
0 -81.8202658452098
26.2336047805974
0 -81.8201164584563
26.2324619042939
0 -81.818511
26.2201794201811
0 -81.8184013091482
26.2193402354986
0 -81.8172971481919
26.2108929042396
0 -81.81681
26.207166
0 -81.8156587900174
26.1893750962731
0 -81.8146585051397
26.1739166028381
0 -81.81461
26.173167
0 -81.8097707024669
26.1556418236647
0 -81.808833
26.152246
0 -81.8018665584406
26.0924230965535
0 -81.801748
26.091405
0 -81.7961070186323
26.0788430575725
0 -81.784957
26.054013
0 -81.77316
26.033018
0 -81.762439
26.00607
0 -81.757864
25.998723
0 -81.752589
25.993431
0 -81.749167
25.991645
0 -81.747232
25.984072
0 -81.745056
25.978888
0 -81.7411475310051
25.9765966806057
0 -81.739589
25.975683
0 -81.7389062853917
25.973841681358
0 -81.738163
25.971837
0 -81.744581
25.970127
0 -81.7529
25.961152
0 -81.755514
25.957306
0 -81.7534266132711
25.9518631632538
0 -81.753137
25.951108
0 -81.7502219327323
25.9492474080533
0 -81.7460297811471
25.9465716950209
0 -81.745496
25.946231
0 -81.738857
25.941104
0 -81.734618
25.936133
0 -81.73195
25.931506
0 -81.729336
25.918449
0 -81.729489
25.909408
0 -81.72857
25.908161
0 -81.7282274654947
25.9081974995784
0 -81.7242749970106
25.908618664253
0 -81.722714
25.908785
0 -81.717961
25.90793
0 -81.7178252195034
25.9050107193241
0 -81.7177024373196
25.9023709023707
0 -81.717687
25.902039
0 -81.713172
25.897568
0 -81.700656
25.873811
0 -81.68954
25.85271
0 -81.6848
25.847205
0 -81.68059
25.845265
0 -81.678287
25.845301
0 -81.677506
25.850356
0 -81.672633
25.856654
0 -81.669608
25.866357
0 -81.6709
25.871794
0 -81.675178
25.876498
0 -81.672088
25.881845
0 -81.663821
25.885605
0 -81.652836
25.892322
0 -81.646078
25.897282
0 -81.6403659999669
25.8921102409547
0 -81.636816
25.888896
0 -81.631642
25.897466
0 -81.622625
25.890658
0 -81.617717
25.891283
0 -81.604965
25.892077
0 -81.59304
25.883336
0 -81.587825
25.879384
0 -81.582483
25.876712
0 -81.581338
25.870816
0 -81.579123
25.864855
0 -81.572738
25.865592
0 -81.569375
25.859417
0 -81.564393
25.856209
0 -81.56133
25.861742
0 -81.552536
25.85832
0 -81.547894
25.849608
0 -81.542355
25.85255
0 -81.534234
25.856609
0 -81.527817
25.849978
0 -81.530006
25.838613
0 -81.522826
25.840994
0 -81.514982
25.838641
0 -81.511535
25.8323
0 -81.505172
25.836153
0 -81.499616
25.834805
0 -81.493045
25.830877
0 -81.491296
25.824779
0 -81.489538
25.822115
0 -81.479447
25.821304
0 -81.476478
25.817247
0 -81.472239
25.81693
0 -81.4701847067891
25.8094742851733
0 -81.4693208827686
25.8063391798615
0 -81.468489
25.80332
0 -81.452459
25.803026
0 -81.39875
25.803407
0 -81.34417
25.803328
0 -81.324904
25.803465
0 -81.321397
25.803719
0 -81.301473
25.804002
0 -81.260697
25.804051
0 -81.25786
25.8042
0 -80.873096
25.805377
0 -80.873187
25.806161
0 -80.872932
25.979434
0 -80.872983
25.999616
0 -80.872748
26.00037
0 -80.879142
26.172544
0 -80.879149
26.172879
0 -80.879809
26.259455
0 -80.999789
26.257105
0 -81.001982
26.256807
0 -81.106801
26.256019
0 -81.26855
26.253045
0 -81.271721
26.422651
0 -81.271768
26.517069
0 -81.386477
26.516424
0 -81.435117
26.515522
0 -81.444441
26.515475
0 -81.452481
26.514825
0 -81.455598
26.514854
0 -81.470419
26.513331
0 -81.563763
26.513324
0 -81.562675
26.451517
0 -81.56218
26.422625
0 -81.56252
26.422619
0 -81.658356
26.421097
0 -81.659506
26.421077
0 -81.658064
26.332368
0 -81.6579
26.317563
0 -81.690494
26.317334
0 -81.73386
26.316854
0 -81.737237
26.316965
0 -81.746167
26.316896
0 -81.754404
26.316753
0 -81.786217
26.316366
0 -81.788111
26.316428
0 -81.789135
26.316281
0 -81.804973
26.316288
0 -81.805169
26.316288
0 -81.819019
26.316245
0 -81.819068
26.322439
0 -81.819119
26.330424
0 -81.821163
26.33043
0 -81.827151
26.330393
0 -81.831651
26.330381
0 -81.838816
26.330288
0 -81.84105
26.33035
0 -81.8457752770578
26.3303814585148
0 