-100.540997
34.750052
0 -100.540703
34.747723
0 -100.469802
34.747622
0 -100.467803
34.7477
0 -100.456768
34.747499
0 -100.415895
34.747525
0 -100.382295
34.747524
0 -100.375398
34.747128
0 -100.274939
34.74713
0 -100.000812
34.746444
0 -100.000381
34.746358
0 -100.000381
34.746461
0 -100.000381979734
34.8533110000002
0 -100.000383603368
35.0303849961589
0 -100.00038460233
35.1393320000036
0 -100.000385
35.182702
0 -100.186033
35.18282
0 -100.341615
35.182881
0 -100.343602
35.182982
0 -100.399354
35.182908
0 -100.485443
35.182959
0 -100.486606
35.18297
0 -100.531908
35.182951
0 -100.538978
35.183144
0 -100.53906
35.125161
0 -100.539624
34.996209
0 -100.539646
34.993913
0 -100.540108
34.92167
0 -100.540391
34.898796
0 -100.540364
34.898316
0 -100.540539
34.897163
0 -100.540541
34.869197
0 -100.540208
34.868235
0 -100.540403
34.867365
0 -100.540404
34.806124
0 -100.540997
34.750052
0 