-96.84393
32.99942
0 -96.843982
32.997312
0 -96.8439
32.992707
0 -96.843979
32.987554
0 -96.842207
32.987536
0 -96.840227
32.987509
0 -96.838963
32.987521
0 -96.829995
32.987406
0 -96.82851
32.987356
0 -96.822716
32.98726
0 -96.813383
32.987136
0 -96.806762
32.98705
0 -96.803375
32.987003
0 -96.8032
32.987
0 -96.793817
32.986876
0 -96.783848
32.986742
0 -96.778672
32.986674
0 -96.771361
32.986576
0 -96.768152
32.986535
0 -96.767999
32.986534
0 -96.756464
32.986398
0 -96.748422
32.986271
0 -96.743536
32.986207
0 -96.738988
32.986138
0 -96.736043
32.986086
0 -96.728176
32.985957
0 -96.728058
32.985954
0 -96.719135
32.985827
0 -96.717933
32.985849
0 -96.711511
32.985731
0 -96.711244
32.985721
0 -96.705485
32.985478
0 -96.699723
32.985461
0 -96.687954
32.985259
0 -96.682467
32.985325
0 -96.682292
32.985325
0 -96.678745
32.985283
0 -96.674373
32.985276
0 -96.672636
32.985246
0 -96.666685
32.985183
0 -96.666226
32.985178
0 -96.665213
32.985173
0 -96.647768
32.984636
0 -96.640897
32.984447
0 -96.629141
32.984246
0 -96.628479
32.984238
0 -96.623647
32.984214
0 -96.622586
32.984194
0 -96.622228
32.984188
0 -96.621819
32.984194
0 -96.613377
32.984021
0 -96.595999
32.983814
0 -96.584179
32.983621
0 -96.583842
32.983608
0 -96.575061
32.983421
0 -96.560119
32.983123
0 -96.559129
32.9831
0 -96.550378
32.982921
0 -96.539646
32.982711
0 -96.527319
32.982553
0 -96.520907
32.982428
0 -96.516866
32.982308
0 -96.516666
32.982303
0 -96.511384
32.982193
0 -96.510883
32.982182
0 -96.506767
32.982036
0 -96.506115
32.982005
0 -96.503025
32.981842
0 -96.489875
32.981878
0 -96.466726
32.982
0 -96.463721
32.982002
0 -96.443949
32.98236
0 -96.437988
32.982104
0 -96.434116
32.982115
0 -96.432282
32.982119
0 -96.419145
32.981994
0 -96.419114
32.982252
0 -96.413342
32.982206
0 -96.413341
32.981955
0 -96.406031
32.98191
0 -96.398079
32.981915
0 -96.396982
32.981916
0 -96.370728
32.982084
0 -96.361592
32.982049
0 -96.357471
32.98203
0 -96.323764
32.98169
0 -96.322703
32.981842
0 -96.303215
32.981552
0 -96.297227
32.981752
0 -96.296991
32.9903
0 -96.296749
33.004495
0 -96.29674
33.004829
0 -96.296756
33.005243
0 -96.296759
33.011034
0 -96.296759
33.011935
0 -96.296623
33.048676
0 -96.296453
33.061479
0 -96.296453
33.061668
0 -96.296451
33.063012
0 -96.296449
33.063507
0 -96.296199
33.075403
0 -96.296183
33.0974
0 -96.296157
33.100481
0 -96.296064
33.101971
0 -96.295814
33.154108
0 -96.2958
33.154336
0 -96.295481
33.186716
0 -96.295466
33.191091
0 -96.295291
33.208301
0 -96.295233
33.210069
0 -96.295223
33.210317
0 -96.295057
33.216119
0 -96.29543
33.230013
0 -96.29529
33.233074
0 -96.295298
33.242865
0 -96.29507
33.244486
0 -96.295248
33.269923
0 -96.295276
33.285418
0 -96.295304
33.291409
0 -96.295312
33.293442
0 -96.295314
33.294452
0 -96.295352
33.31331
0 -96.295413
33.351936
0 -96.310944
33.350135
0 -96.311636
33.350121
0 -96.312114
33.35001
0 -96.322911
33.348617
0 -96.331915
33.347406
0 -96.366381
33.34319
0 -96.384495
33.341119
0 -96.38451
33.361179
0 -96.384599
33.375208
0 -96.384561
33.376262
0 -96.384621
33.396456
0 -96.384737
33.396956
0 -96.384602
33.397826
0 -96.386474
33.398075
0 -96.394773
33.398325
0 -96.40238
33.398079
0 -96.405228
33.39831
0 -96.424706
33.398235
0 -96.429626
33.398426
0 -96.448679
33.398859
0 -96.452913
33.398831
0 -96.520711
33.399339
0 -96.533333
33.399482
0 -96.551599
33.399772
0 -96.552799
33.399634
0 -96.564365
33.399878
0 -96.564782
33.399927
0 -96.567811
33.39995
0 -96.569423
33.399958
0 -96.575795
33.400055
0 -96.57748
33.400086
0 -96.578016
33.400095
0 -96.580203
33.400182
0 -96.583602
33.400259
0 -96.585803
33.400266
0 -96.589828
33.400238
0 -96.610116
33.400486
0 -96.653823
33.401275
0 -96.656486
33.401331
0 -96.727251
33.402918
0 -96.740795
33.403177
0 -96.741561
33.403174
0 -96.745698
33.403276
0 -96.751402
33.403424
0 -96.759507
33.403588
0 -96.759606
33.403593
0 -96.761493
33.403663
0 -96.761646
33.403664
0 -96.76558
33.40372
0 -96.769312
33.403789
0 -96.772156
33.403964
0 -96.806634
33.40485
0 -96.83411
33.405498
0 -96.834458
33.392479
0 -96.835135
33.368236
0 -96.835005
33.367708
0 -96.835013
33.367424
0 -96.835295
33.356805
0 -96.836566
33.308765
0 -96.837044
33.295935
0 -96.837015
33.291807
0 -96.837393
33.277537
0 -96.837356
33.277084
0 -96.837751
33.271733
0 -96.837588
33.269714
0 -96.837795
33.262835
0 -96.837991
33.256223
0 -96.837993
33.256073
0 -96.83825
33.247768
0 -96.838094
33.246371
0 -96.838802
33.219479
0 -96.838803
33.219386
0 -96.838803
33.219335
0 -96.839002
33.214514
0 -96.839357
33.205448
0 -96.839686
33.196365
0 -96.840048
33.182063
0 -96.84018
33.175105
0 -96.840094
33.167994
0 -96.840426
33.152585
0 -96.840455
33.151874
0 -96.841337
33.119262
0 -96.841344
33.119038
0 -96.841411
33.116287
0 -96.841408
33.11609
0 -96.841407
33.116036
0 -96.841452
33.106734
0 -96.84146
33.106282
0 -96.841666
33.09367
0 -96.841849
33.086456
0 -96.841867
33.085576
0 -96.841916
33.083063
0 -96.842369
33.06364
0 -96.842367
33.060139
0 -96.842504
33.05695
0 -96.842539
33.056136
0 -96.842723
33.050105
0 -96.842813
33.045425
0 -96.843207
33.030389
0 -96.843241
33.029781
0 -96.843266
33.025914
0 -96.843267
33.025737
0 -96.843373
33.019038
0 -96.843491
33.01798
0 -96.843518
33.016646
0 -96.843521
33.016492
0 -96.843703
33.012878
0 -96.843724
33.012076
0 -96.843776
33.011336
0 -96.843793
33.010471
0 -96.843793
33.010447
0 -96.843778
33.007779
0 -96.84379
33.006451
0 -96.843829
33.005812
0 -96.84393
32.99942
0 