-96.869116
29.637928
0 -96.874222
29.632706
0 -96.864996
29.632706
0 -96.865566
29.630153
0 -96.86289
29.629742
0 -96.863085
29.628334
0 -96.859075
29.626725
0 -96.859144
29.624376
0 -96.857136
29.62321
0 -96.854581
29.623024
0 -96.850987
29.621513
0 -96.848029
29.620969
0 -96.847242
29.620172
0 -96.848953
29.618918
0 -96.847348
29.61706
0 -96.844497
29.616889
0 -96.842861
29.616082
0 -96.843131
29.61485
0 -96.842338
29.612826
0 -96.843564
29.611056
0 -96.84428
29.609041
0 -96.841261
29.607647
0 -96.840354
29.605227
0 -96.837931
29.603793
0 -96.837566
29.60029
0 -96.836873
29.598569
0 -96.836112
29.598487
0 -96.833324
29.595903
0 -96.833362
29.595298
0 -96.835765
29.592773
0 -96.836311
29.588556
0 -96.838947
29.586163
0 -96.839287
29.585245
0 -96.838745
29.583046
0 -96.83653
29.580907
0 -96.834794
29.579934
0 -96.832812
29.576863
0 -96.793132
29.577378
0 -96.792988
29.577228
0 -96.761287
29.544276
0 -96.757798
29.54065
0 -96.706877
29.487566
0 -96.706155
29.486696
0 -96.705136
29.485468
0 -96.560555
29.335439
0 -96.573182
29.326144
0 -96.658466
29.263876
0 -96.643316
29.25025
0 -96.640315
29.247804
0 -96.625251
29.255951
0 -96.604259
29.265823
0 -96.581596
29.278442
0 -96.580985
29.278782
0 -96.500272
29.323732
0 -96.410639
29.373798
0 -96.400958
29.379297
0 -96.375814
29.393271
0 -96.362455
29.39969
0 -96.353194
29.404736
0 -96.349217
29.406052
0 -96.348621
29.406792
0 -96.347096
29.412234
0 -96.313313
29.500242
0 -96.307672
29.514523
0 -96.235289
29.579729
0 -96.229071
29.585341
0 -96.205456
29.606841
0 -96.204902
29.607636
0 -96.175964
29.63345
0 -96.175422
29.633806
0 -96.177605
29.63539
0 -96.179102
29.637473
0 -96.179505
29.639281
0 -96.180813
29.640903
0 -96.182842
29.641871
0 -96.187823
29.642563
0 -96.189557
29.644685
0 -96.189978
29.647574
0 -96.193241
29.64963
0 -96.195625
29.653518
0 -96.199451
29.656455
0 -96.202359
29.657134
0 -96.20494
29.656085
0 -96.206959
29.655878
0 -96.208905
29.656408
0 -96.211245
29.658041
0 -96.213319
29.660752
0 -96.218592
29.661927
0 -96.220726
29.662775
0 -96.222192
29.664118
0 -96.224679
29.66489
0 -96.226637
29.664552
0 -96.229154
29.663314
0 -96.231301
29.661538
0 -96.234744
29.660748
0 -96.237512
29.65937
0 -96.239089
29.657842
0 -96.240054
29.657776
0 -96.241579
29.658669
0 -96.24389
29.661001
0 -96.245067
29.663151
0 -96.246773
29.664213
0 -96.251278
29.666083
0 -96.256696
29.667061
0 -96.25976
29.66933
0 -96.262628
29.674586
0 -96.261758
29.677147
0 -96.26187
29.678846
0 -96.263179
29.68044
0 -96.263348
29.681716
0 -96.265078
29.683113
0 -96.266304
29.686955
0 -96.269662
29.689055
0 -96.271043
29.690002
0 -96.272194
29.691817
0 -96.272137
29.693422
0 -96.273105
29.696704
0 -96.277159
29.69891
0 -96.277643
29.699723
0 -96.27724
29.701422
0 -96.275539
29.70157
0 -96.273845
29.703713
0 -96.270462
29.705833
0 -96.270273
29.70757
0 -96.271889
29.710765
0 -96.271668
29.712864
0 -96.269923
29.715332
0 -96.270117
29.71658
0 -96.275456
29.718868
0 -96.276853
29.720765
0 -96.276771
29.72176
0 -96.278955
29.724834
0 -96.280523
29.726203
0 -96.283898
29.727705
0 -96.28648
29.728008
0 -96.29007
29.727382
0 -96.291544
29.728064
0 -96.291984
29.73001
0 -96.289955
29.732104
0 -96.2901
29.733308
0 -96.29129
29.734951
0 -96.293236
29.735689
0 -96.295579
29.73587
0 -96.298312
29.737207
0 -96.29857
29.739439
0 -96.29685
29.741675
0 -96.296251
29.743825
0 -96.296918
29.747194
0 -96.296692
29.748457
0 -96.297194
29.749718
0 -96.299994
29.751644
0 -96.303728
29.75241
0 -96.305473
29.753413
0 -96.307882
29.753922
0 -96.311658
29.756187
0 -96.311721
29.75887
0 -96.31397
29.762827
0 -96.31453
29.765944
0 -96.313793
29.768484
0 -96.314121
29.771188
0 -96.316112
29.773255
0 -96.318393
29.773503
0 -96.319376
29.774289
0 -96.319338
29.776345
0 -96.316623
29.777884
0 -96.315047
29.779527
0 -96.314921
29.781144
0 -96.31574
29.783227
0 -96.314657
29.785503
0 -96.315394
29.787278
0 -96.317209
29.788499
0 -96.318066
29.791231
0 -96.319723
29.792006
0 -96.321412
29.792072
0 -96.325383
29.796452
0 -96.327444
29.797491
0 -96.328617
29.798635
0 -96.331276
29.797694
0 -96.333249
29.79876
0 -96.333716
29.800382
0 -96.334932
29.801157
0 -96.337296
29.80119
0 -96.337328
29.802701
0 -96.33637
29.803174
0 -96.332676
29.802839
0 -96.331712
29.803752
0 -96.332078
29.806594
0 -96.331316
29.809046
0 -96.330869
29.814449
0 -96.334872
29.817302
0 -96.337395
29.821204
0 -96.33887
29.82265
0 -96.342275
29.824634
0 -96.342969
29.826332
0 -96.342742
29.828976
0 -96.343159
29.82962
0 -96.344476
29.830147
0 -96.346859
29.828877
0 -96.349488
29.828502
0 -96.352199
29.827342
0 -96.352879
29.824384
0 -96.354782
29.823647
0 -96.355425
29.822075
0 -96.357907
29.819051
0 -96.360694
29.818868
0 -96.361785
29.819984
0 -96.363707
29.818856
0 -96.365404
29.820411
0 -96.366475
29.820521
0 -96.366469
29.821576
0 -96.368575
29.822131
0 -96.369982
29.823669
0 -96.371394
29.823383
0 -96.374572
29.823657
0 -96.376144
29.824169
0 -96.378655
29.823596
0 -96.379327
29.825303
0 -96.382605
29.824887
0 -96.383306
29.823826
0 -96.387354
29.82247
0 -96.388811
29.821459
0 -96.391603
29.82223
0 -96.393331
29.821736
0 -96.393576
29.824111
0 -96.396565
29.822578
0 -96.401317
29.824817
0 -96.405131
29.825544
0 -96.407452
29.823934
0 -96.410112
29.825485
0 -96.411039
29.824688
0 -96.412691
29.824655
0 -96.414689
29.82642
0 -96.41583
29.828092
0 -96.417645
29.828384
0 -96.419165
29.829445
0 -96.421031
29.829269
0 -96.420558
29.830198
0 -96.422197
29.830853
0 -96.422278
29.832788
0 -96.421698
29.83397
0 -96.424006
29.834905
0 -96.423829
29.836664
0 -96.425443
29.837065
0 -96.425007
29.838297
0 -96.42816
29.840925
0 -96.429383
29.840562
0 -96.43188
29.841519
0 -96.433558
29.841162
0 -96.434724
29.841904
0 -96.434062
29.84308
0 -96.43502
29.844427
0 -96.434427
29.845417
0 -96.435209
29.846566
0 -96.434749
29.847945
0 -96.436911
29.849512
0 -96.437902
29.849188
0 -96.439812
29.850563
0 -96.440802
29.853614
0 -96.443911
29.853641
0 -96.443924
29.854873
0 -96.446182
29.854284
0 -96.446693
29.855252
0 -96.449966
29.856417
0 -96.451681
29.855994
0 -96.453409
29.85634
0 -96.454822
29.855686
0 -96.454683
29.854883
0 -96.457704
29.854916
0 -96.460523
29.854674
0 -96.460366
29.855339
0 -96.462737
29.858329
0 -96.464434
29.858994
0 -96.465065
29.860814
0 -96.466692
29.86055
0 -96.468045
29.861113
0 -96.468957
29.861457
0 -96.472761
29.864963
0 -96.473083
29.86653
0 -96.475259
29.867459
0 -96.476736
29.868646
0 -96.478609
29.869102
0 -96.481107
29.868551
0 -96.48409
29.867154
0 -96.485091
29.867335
0 -96.492757
29.873302
0 -96.503717
29.882384
0 -96.52273
29.89717
0 -96.535705
29.907326
0 -96.569844
29.961516
0 -96.645289
29.875228
0 -96.64608
29.873762
0 -96.651189
29.868751
0 -96.665151
29.852267
0 -96.672926
29.843098
0 -96.715154
29.795169
0 -96.717043
29.792706
0 -96.724337
29.785278
0 -96.724737
29.784872
0 -96.750254
29.758794
0 -96.754346
29.755502
0 -96.779939
29.729096
0 -96.80637
29.702072
0 -96.80789
29.700517
0 -96.85044
29.657018
0 -96.869116
29.637928
0 