-84.013858
31.103568
0 -84.013851
31.102436
0 -84.003201
31.102349
0 -84.003627
31.07729
0 -84.003837
31.061124
0 -84.003855
31.044093
0 -84.003876
31.041582
0 -83.93081
31.040646
0 -83.918397
31.040508
0 -83.800953
31.038832
0 -83.795731
31.038733
0 -83.796067
31.026003
0 -83.795235
31.025988
0 -83.781148
31.025846
0 -83.78083
31.038502
0 -83.764435
31.038153
0 -83.736158
31.037679
0 -83.7149
31.037332
0 -83.713089
31.037364
0 -83.669882
31.036486
0 -83.6405
31.035928
0 -83.62037
31.035439
0 -83.619353
31.035305
0 -83.600108
31.034677
0 -83.573959
31.033875
0 -83.573799
31.060539
0 -83.574857
31.078135
0 -83.576969
31.079845
0 -83.576739
31.08051
0 -83.573957
31.080326
0 -83.576651
31.084614
0 -83.573936
31.085001
0 -83.573018
31.086832
0 -83.57156
31.087852
0 -83.570257
31.08657
0 -83.568229
31.088351
0 -83.567161
31.091558
0 -83.569029
31.094067
0 -83.56758
31.094473
0 -83.567426
31.097643
0 -83.569375
31.097744
0 -83.567499
31.100747
0 -83.566598
31.100416
0 -83.565149
31.101633
0 -83.563792
31.101045
0 -83.563247
31.104171
0 -83.562171
31.104354
0 -83.562074
31.103061
0 -83.560117
31.105959
0 -83.559719
31.108401
0 -83.558475
31.109076
0 -83.559543
31.110321
0 -83.557331
31.110501
0 -83.558136
31.11184
0 -83.557759
31.113154
0 -83.558877
31.11509
0 -83.558584
31.116745
0 -83.559435
31.118418
0 -83.558467
31.119502
0 -83.557034
31.122917
0 -83.555731
31.121879
0 -83.555568
31.123117
0 -83.558538
31.125707
0 -83.558655
31.127427
0 -83.557348
31.12738
0 -83.557792
31.130191
0 -83.557092
31.130737
0 -83.557583
31.132453
0 -83.556363
31.1346
0 -83.556916
31.138913
0 -83.555789
31.141914
0 -83.554591
31.14181
0 -83.555915
31.14451
0 -83.553493
31.144011
0 -83.551746
31.14479
0 -83.548432
31.147792
0 -83.543492
31.147986
0 -83.543127
31.151155
0 -83.543781
31.153917
0 -83.543141
31.16009
0 -83.543286
31.162656
0 -83.54223
31.164186
0 -83.542857
31.166434
0 -83.542474
31.169649
0 -83.543376
31.170426
0 -83.541054
31.17419
0 -83.541532
31.177435
0 -83.540547
31.179187
0 -83.53877
31.179959
0 -83.536707
31.18164
0 -83.534042
31.180557
0 -83.532043
31.18084
0 -83.529732
31.184017
0 -83.529015
31.183249
0 -83.52897
31.184348
0 -83.527397
31.184765
0 -83.526268
31.186499
0 -83.5261
31.188519
0 -83.527139
31.189426
0 -83.525737
31.189765
0 -83.525576
31.191561
0 -83.523811
31.190409
0 -83.523254
31.192459
0 -83.521347
31.192944
0 -83.521625
31.194495
0 -83.51932
31.196296
0 -83.520653
31.197355
0 -83.520217
31.199236
0 -83.518588
31.200985
0 -83.515114
31.202612
0 -83.511716
31.205509
0 -83.509961
31.205972
0 -83.510237
31.207832
0 -83.509676
31.21013
0 -83.511892
31.212694
0 -83.511559
31.214003
0 -83.512588
31.216054
0 -83.510422
31.215399
0 -83.511109
31.216306
0 -83.51004
31.219103
0 -83.508636
31.220308
0 -83.508071
31.222122
0 -83.509914
31.223307
0 -83.509822
31.22447
0 -83.511185
31.22537
0 -83.510054
31.226479
0 -83.512062
31.227066
0 -83.513474
31.228489
0 -83.512955
31.231569
0 -83.513611
31.232857
0 -83.513145
31.237753
0 -83.511032
31.241844
0 -83.512054
31.245312
0 -83.509522
31.249014
0 -83.509605
31.251431
0 -83.507568
31.251997
0 -83.507805
31.254312
0 -83.508616
31.2545
0 -83.50753
31.256022
0 -83.507843
31.257833
0 -83.505386
31.25964
0 -83.5065
31.25976
0 -83.507736
31.261021
0 -83.506958
31.263769
0 -83.50576
31.26572
0 -83.506294
31.267382
0 -83.505562
31.269005
0 -83.506165
31.274443
0 -83.507416
31.276005
0 -83.506798
31.276857
0 -83.506989
31.278849
0 -83.506371
31.27977
0 -83.507927
31.282475
0 -83.51033
31.284077
0 -83.511101
31.285284
0 -83.510323
31.286646
0 -83.510307
31.288609
0 -83.511238
31.290188
0 -83.51046
31.292715
0 -83.51091
31.29487
0 -83.5121
31.295734
0 -83.514389
31.298674
0 -83.515106
31.302006
0 -83.514336
31.308641
0 -83.514641
31.310633
0 -83.513336
31.31209
0 -83.512703
31.31481
0 -83.513298
31.315935
0 -83.51329
31.31963
0 -83.513886
31.320974
0 -83.513115
31.322281
0 -83.513023
31.324478
0 -83.512215
31.325428
0 -83.512607
31.327405
0 -83.562004
31.328627
0 -83.564397
31.328813
0 -83.588423
31.329427
0 -83.602031
31.329735
0 -83.65409
31.330661
0 -83.713867
31.331652
0 -83.713975
31.326027
0 -83.714134
31.318365
0 -83.758934
31.318954
0 -83.759086
31.332225
0 -83.775765
31.332319
0 -83.813689
31.332675
0 -83.872689
31.333432
0 -83.872747
31.333411
0 -83.911692
31.333823
0 -83.920686
31.333929
0 -83.931839
31.33402
0 -83.99943
31.334966
0 -83.99994
31.307253
0 -83.999719
31.300853
0 -83.999599
31.29976
0 -84.000126
31.298267
0 -84.000911
31.260357
0 -84.002159
31.181604
0 -84.001973
31.178812
0 -84.002977
31.11189
0 -84.012127
31.111849
0 -84.013737
31.111843
0 -84.013837
31.104562
0 -84.013858
31.103568
0 