-98.646124
29.745181
0 -98.646231
29.743602
0 -98.644736
29.741184
0 -98.642605
29.740207
0 -98.636379
29.74098
0 -98.63288
29.741936
0 -98.628327
29.744261
0 -98.623339
29.743933
0 -98.617826
29.743851
0 -98.616924
29.742916
0 -98.617382
29.739642
0 -98.614343
29.737602
0 -98.612723
29.738236
0 -98.611599
29.740063
0 -98.607473
29.740455
0 -98.606457
29.740042
0 -98.603381
29.739933
0 -98.600469
29.741265
0 -98.599997
29.743031
0 -98.60129
29.744874
0 -98.604739
29.747255
0 -98.603404
29.749522
0 -98.600406
29.74998
0 -98.596972
29.747362
0 -98.593113
29.745679
0 -98.591412
29.747215
0 -98.588493
29.747595
0 -98.587496
29.746418
0 -98.586682
29.742451
0 -98.584772
29.741461
0 -98.582849
29.741137
0 -98.581475
29.742782
0 -98.578928
29.743597
0 -98.579294
29.745478
0 -98.576407
29.747107
0 -98.575216
29.750001
0 -98.574567
29.750419
0 -98.572107
29.749715
0 -98.569768
29.748395
0 -98.568571
29.748329
0 -98.566838
29.751922
0 -98.565545
29.752659
0 -98.562967
29.752153
0 -98.562614
29.751476
0 -98.559304
29.751482
0 -98.558359
29.751975
0 -98.555117
29.755255
0 -98.555451
29.757115
0 -98.554997
29.758633
0 -98.553017
29.76019
0 -98.550489
29.760713
0 -98.548067
29.759997
0 -98.546882
29.757301
0 -98.547867
29.754391
0 -98.547306
29.753615
0 -98.543718
29.752052
0 -98.538996
29.751903
0 -98.536575
29.752843
0 -98.535043
29.752981
0 -98.534015
29.752353
0 -98.533625
29.750505
0 -98.533959
29.74679
0 -98.528286
29.743659
0 -98.528192
29.742228
0 -98.526781
29.740445
0 -98.525381
29.740786
0 -98.526086
29.743416
0 -98.523374
29.745242
0 -98.520241
29.744905
0 -98.517941
29.74414
0 -98.516226
29.743083
0 -98.514491
29.742856
0 -98.509728
29.741259
0 -98.507188
29.739795
0 -98.503974
29.738644
0 -98.50115
29.738241
0 -98.496957
29.73849
0 -98.493023
29.737034
0 -98.492354
29.735934
0 -98.48975
29.73534
0 -98.487935
29.735897
0 -98.485332
29.735832
0 -98.479778
29.73508
0 -98.476991
29.733436
0 -98.473972
29.734366
0 -98.471647
29.736298
0 -98.468471
29.737861
0 -98.465974
29.738538
0 -98.464959
29.738115
0 -98.462127
29.733505
0 -98.459965
29.732543
0 -98.459555
29.731839
0 -98.457494
29.731564
0 -98.452595
29.732802
0 -98.452479
29.733207
0 -98.451203
29.734403
0 -98.448052
29.735817
0 -98.445978
29.735884
0 -98.443671
29.734646
0 -98.442681
29.732286
0 -98.442918
29.730471
0 -98.444606
29.726149
0 -98.444704
29.722466
0 -98.443852
29.71965
0 -98.440841
29.716464
0 -98.438344
29.715627
0 -98.435136
29.716029
0 -98.430926
29.715754
0 -98.42797
29.716683
0 -98.426842
29.71769
0 -98.426968
29.71884
0 -98.430005
29.723285
0 -98.429722
29.723978
0 -98.425908
29.727015
0 -98.421048
29.728879
0 -98.418627
29.729489
0 -98.417253
29.730513
0 -98.416887
29.731695
0 -98.417851
29.733318
0 -98.42048
29.733814
0 -98.421803
29.738842
0 -98.421765
29.740377
0 -98.420673
29.743529
0 -98.418984
29.744937
0 -98.416064
29.746549
0 -98.410834
29.747426
0 -98.407786
29.748599
0 -98.403272
29.748824
0 -98.402087
29.746859
0 -98.398659
29.743497
0 -98.39813
29.742248
0 -98.399752
29.739278
0 -98.398339
29.737615
0 -98.393632
29.736481
0 -98.390972
29.73648
0 -98.388262
29.733943
0 -98.386951
29.733942
0 -98.384353
29.735141
0 -98.376967
29.732618
0 -98.373729
29.730594
0 -98.373248
29.729186
0 -98.3735
29.726022
0 -98.374999
29.724619
0 -98.375644
29.722654
0 -98.37521
29.719975
0 -98.369828
29.720693
0 -98.364366
29.724332
0 -98.359382
29.729037
0 -98.35692
29.732452
0 -98.35672
29.732885
0 -98.355817
29.734072
0 -98.352589
29.734365
0 -98.352456
29.732159
0 -98.350208
29.728748
0 -98.348408
29.727104
0 -98.346283
29.726703
0 -98.341505
29.723337
0 -98.338618
29.721786
0 -98.338088
29.7187
0 -98.338724
29.71705
0 -98.340361
29.715819
0 -98.340367
29.711795
0 -98.34135
29.70965
0 -98.343379
29.70801
0 -98.344689
29.707239
0 -98.347273
29.706777
0 -98.35128
29.704867
0 -98.354557
29.703864
0 -98.35722
29.703912
0 -98.362327
29.70597
0 -98.368087
29.705647
0 -98.371274
29.705
0 -98.375068
29.706369
0 -98.37711
29.705666
0 -98.380487
29.703464
0 -98.380965
29.701485
0 -98.380523
29.699539
0 -98.380827
29.696283
0 -98.379776
29.693961
0 -98.378252
29.692078
0 -98.376711
29.689041
0 -98.376315
29.687055
0 -98.376865
29.683996
0 -98.37754
29.682621
0 -98.381781
29.680455
0 -98.384113
29.678591
0 -98.384341
29.676534
0 -98.383139
29.674701
0 -98.382566
29.67446
0 -98.382419
29.674429
0 -98.381646
29.674085
0 -98.380854
29.671906
0 -98.380541
29.668434
0 -98.378906
29.662949
0 -98.377117
29.662728
0 -98.370994
29.664303
0 -98.367933
29.665493
0 -98.363764
29.666732
0 -98.360802
29.665226
0 -98.359781
29.662987
0 -98.356629
29.658648
0 -98.345108
29.655058
0 -98.342733
29.653442
0 -98.3434
29.650993
0 -98.347618
29.645018
0 -98.347295
29.642394
0 -98.346072
29.639313
0 -98.34509
29.63763
0 -98.344178
29.63638
0 -98.343052
29.634768
0 -98.340541
29.629709
0 -98.340861
29.627541
0 -98.342271
29.62556
0 -98.342715
29.62195
0 -98.345536
29.620041
0 -98.345121
29.618092
0 -98.34234
29.617193
0 -98.339187
29.6131
0 -98.335328
29.611301
0 -98.328565
29.610427
0 -98.328651
29.608233
0 -98.327872
29.605971
0 -98.325102
29.603408
0 -98.320456
29.601939
0 -98.314806
29.602844
0 -98.313494
29.602279
0 -98.313292
29.602236
0 -98.312713
29.602111
0 -98.312222
29.601802
0 -98.310831
29.598083
0 -98.31095
29.59456
0 -98.310928
29.594473
0 -98.296905
29.599817
0 -98.296211
29.6
0 -98.280554
29.606167
0 -98.268089
29.611527
0 -98.261402
29.614135
0 -98.23813
29.62305
0 -98.228331
29.626612
0 -98.202153
29.636265
0 -98.19763
29.638128
0 -98.191775
29.640523
0 -98.18977
29.641367
0 -98.184425
29.64361
0 -98.18
29.645425
0 -98.168796
29.650045
0 -98.151569
29.65721
0 -98.135889
29.663762
0 -98.133888
29.6646
0 -98.126715
29.66761
0 -98.123367
29.669019
0 -98.119391
29.670699
0 -98.1102
29.674715
0 -98.105944
29.676675
0 -98.091303
29.683122
0 -98.090658
29.683332
0 -98.089941
29.683479
0 -98.079007
29.691929
0 -98.069922
29.698917
0 -98.069785
29.699024
0 -98.058883
29.707498
0 -98.058526
29.707738
0 -98.057375
29.708674
0 -98.057184
29.708824
0 -98.052261
29.712613
0 -98.047501
29.716276
0 -98.011955
29.743289
0 -98.009171
29.745073
0 -98.002444
29.750223
0 -98.001106
29.751051
0 -97.999271
29.752444
0 -98.015044
29.801057
0 -98.01518
29.801485
0 -98.018657
29.812175
0 -98.018682
29.812253
0 -98.030523
29.848539
0 -98.071531
29.877729
0 -98.12127
29.912844
0 -98.151587
29.934318
0 -98.188144
29.960341
0 -98.19121
29.962526
0 -98.196608
29.96631
0 -98.198395
29.967524
0 -98.198953
29.967995
0 -98.251333
30.005359
0 -98.252806
30.0063
0 -98.254384
30.007537
0 -98.2976
30.037994
0 -98.324933
30.014194
0 -98.41034
29.940752
0 -98.414018
29.937557
0 -98.46457
29.894274
0 -98.480615
29.880553
0 -98.485901
29.876046
0 -98.500297
29.864295
0 -98.548449
29.824643
0 -98.615064
29.770491
0 -98.615432
29.770194
0 -98.622092
29.764794
0 -98.622492
29.763616
0 -98.62333
29.763647
0 -98.641044
29.74953
0 -98.643414
29.747556
0 -98.645701
29.74566
0 -98.646124
29.745181
0 