-98.826257
34.78196
0 -98.82614
34.739772
0 -98.826213
34.681441
0 -98.826096
34.630603
0 -98.826172
34.602239
0 -98.826008
34.594413
0 -98.826043
34.586957
0 -98.826103
34.543671
0 -98.82607
34.50737
0 -98.818611
34.507422
0 -98.749034
34.507493
0 -98.729158
34.507515
0 -98.685529
34.507468
0 -98.661982
34.50746
0 -98.66214
34.428535
0 -98.662148
34.421345
0 -98.66214
34.420325
0 -98.661956
34.405948
0 -98.609536
34.406143
0 -98.609561
34.420623
0 -98.523377
34.420453
0 -98.504988
34.420452
0 -98.504958
34.449414
0 -98.461489
34.44905
0 -98.409442
34.448849
0 -98.33886
34.448915
0 -98.337098
34.44892
0 -98.330751
34.448929
0 -98.295928
34.449043
0 -98.295887
34.463535
0 -98.244168
34.463723
0 -98.244074
34.470928
0 -98.24412
34.507121
0 -98.238274
34.507101
0 -98.185964
34.506992
0 -98.182275
34.507135
0 -98.178901
34.50696
0 -98.142148
34.506994
0 -98.14212
34.543362
0 -98.142119
34.543757
0 -98.142101
34.550605
0 -98.142046
34.594248
0 -98.14199
34.659261
0 -98.141799
34.681158
0 -98.11575
34.681198
0 -98.115572
34.6812
0 -98.090209
34.681208
0 -98.089098
34.681119
0 -98.089099
34.688395
0 -98.0891
34.688486
0 -98.089052
34.696601
0 -98.089077
34.698068
0 -98.089089
34.811439
0 -98.089083
34.811598
0 -98.089013
34.82624
0 -98.08901
34.834806
0 -98.089036
34.840718
0 -98.089558
34.854929
0 -98.092645
34.854919
0 -98.106561
34.854948
0 -98.138547
34.855108
0 -98.141036
34.854832
0 -98.145368
34.854879
0 -98.147762
34.855182
0 -98.158468
34.855086
0 -98.167543
34.855106
0 -98.17832
34.855107
0 -98.180402
34.854895
0 -98.201211
34.855113
0 -98.235287
34.855153
0 -98.268713
34.855136
0 -98.29924
34.855137
0 -98.303917
34.855144
0 -98.360771
34.855167
0 -98.387202
34.855165
0 -98.391836
34.855177
0 -98.42241
34.855174
0 -98.509834
34.855087
0 -98.545351
34.855104
0 -98.562119
34.855278
0 -98.602816
34.854959
0 -98.619816
34.854953
0 -98.62534
34.854796
0 -98.667683
34.855381
0 -98.672719
34.855481
0 -98.690042
34.855373
0 -98.719826
34.855188
0 -98.739917
34.855064
0 -98.750343
34.855482
0 -98.787368
34.855595
0 -98.789982
34.855673
0 -98.795665
34.855512
0 -98.797619
34.855456
0 -98.826124
34.855466
0 -98.826049
34.793737
0 -98.825916
34.793164
0 -98.826099
34.790306
0 -98.826109
34.783587
0 -98.826257
34.78196
0 