-87.427204
31.26436
0 -87.427455
31.260386
0 -87.365618
31.260576
0 -87.36528
31.260364
0 -87.225866
31.260639
0 -87.163618
31.260744
0 -87.110613
31.260935
0 -87.036472
31.261315
0 -87.018133
31.261272
0 -87.00261
31.261231
0 -86.99997
31.261038
0 -86.871022
31.261902
0 -86.767537
31.261333
0 -86.763961
31.261293
0 -86.765568
31.2593
0 -86.765764
31.256555
0 -86.767056
31.253855
0 -86.772263
31.250655
0 -86.771144
31.246696
0 -86.772372
31.244634
0 -86.772592
31.242588
0 -86.770853
31.241562
0 -86.769467
31.239636
0 -86.768828
31.237321
0 -86.768802
31.232142
0 -86.769113
31.229869
0 -86.768107
31.227233
0 -86.764539
31.224028
0 -86.763569
31.221751
0 -86.763763
31.220463
0 -86.766823
31.216745
0 -86.771161
31.213211
0 -86.772592
31.210657
0 -86.769119
31.208796
0 -86.765893
31.208388
0 -86.765327
31.207015
0 -86.768459
31.205076
0 -86.769758
31.20366
0 -86.771962
31.203138
0 -86.772519
31.202243
0 -86.769524
31.198285
0 -86.767459
31.196619
0 -86.763513
31.197534
0 -86.762899
31.196915
0 -86.765773
31.192627
0 -86.76465
31.191717
0 -86.762197
31.191877
0 -86.762
31.190294
0 -86.763067
31.188534
0 -86.762702
31.186977
0 -86.764738
31.184567
0 -86.766903
31.183631
0 -86.766368
31.182297
0 -86.763512
31.181133
0 -86.760752
31.187622
0 -86.757492
31.192646
0 -86.756671
31.193158
0 -86.751168
31.193249
0 -86.748632
31.192362
0 -86.746703
31.192675
0 -86.743671
31.194822
0 -86.741399
31.195347
0 -86.738743
31.194647
0 -86.738042
31.192143
0 -86.736817
31.191337
0 -86.733943
31.191843
0 -86.73261
31.190007
0 -86.73526
31.189497
0 -86.737189
31.187358
0 -86.736549
31.186038
0 -86.735358
31.18545
0 -86.729994
31.185612
0 -86.727596
31.184853
0 -86.727725
31.186473
0 -86.726971
31.186275
0 -86.725985
31.183825
0 -86.723153
31.185492
0 -86.721346
31.185309
0 -86.721007
31.18346
0 -86.717931
31.185005
0 -86.71665
31.184874
0 -86.716828
31.186456
0 -86.719198
31.189085
0 -86.720888
31.189372
0 -86.721274
31.190743
0 -86.720419
31.191265
0 -86.715955
31.190851
0 -86.713598
31.19038
0 -86.711986
31.191627
0 -86.711208
31.191
0 -86.707676
31.190318
0 -86.706341
31.191454
0 -86.707776
31.192681
0 -86.707852
31.193939
0 -86.706654
31.194851
0 -86.70263
31.193968
0 -86.700282
31.192217
0 -86.70113
31.315663
0 -86.701139
31.324358
0 -86.701642
31.337503
0 -86.699506
31.340804
0 -86.699693
31.342546
0 -86.702737
31.345296
0 -86.699801
31.348069
0 -86.69729
31.347588
0 -86.696009
31.348298
0 -86.69486
31.347428
0 -86.693285
31.347451
0 -86.693178
31.34949
0 -86.690428
31.348757
0 -86.688158
31.350086
0 -86.688318
31.351553
0 -86.68685
31.352859
0 -86.683592
31.352836
0 -86.678704
31.357626
0 -86.680493
31.358496
0 -86.679665
31.360375
0 -86.681241
31.362163
0 -86.679452
31.361682
0 -86.677715
31.363446
0 -86.676834
31.362094
0 -86.674244
31.362598
0 -86.670985
31.365302
0 -86.667459
31.369014
0 -86.667564
31.373598
0 -86.668606
31.375608
0 -86.670717
31.375871
0 -86.66874
31.377475
0 -86.669701
31.378575
0 -86.670422
31.382495
0 -86.672051
31.384168
0 -86.675123
31.385222
0 -86.675414
31.389459
0 -86.673971
31.389435
0 -86.672903
31.388289
0 -86.673034
31.390075
0 -86.671085
31.391289
0 -86.670153
31.391019
0 -86.665825
31.392073
0 -86.666118
31.395052
0 -86.665583
31.397458
0 -86.665823
31.399475
0 -86.663285
31.400804
0 -86.662269
31.40195
0 -86.662082
31.402798
0 -86.664033
31.403761
0 -86.663578
31.405296
0 -86.664754
31.406786
0 -86.667051
31.407955
0 -86.666837
31.410224
0 -86.669054
31.413937
0 -86.669187
31.416321
0 -86.666381
31.416367
0 -86.665366
31.418773
0 -86.66681
31.420996
0 -86.670765
31.422418
0 -86.673009
31.424987
0 -86.673677
31.428028
0 -86.67445
31.429979
0 -86.673301
31.43289
0 -86.671938
31.432431
0 -86.671002
31.433462
0 -86.67167
31.434242
0 -86.674476
31.435686
0 -86.67485
31.436557
0 -86.70122
31.436641
0 -86.701554
31.523946
0 -86.712586
31.523849
0 -86.718424
31.5239
0 -86.720922
31.523951
0 -86.73163
31.524077
0 -86.746203
31.524136
0 -86.749954
31.523685
0 -86.75603
31.523696
0 -86.758571
31.524172
0 -86.765792
31.523824
0 -86.778515
31.523694
0 -86.7794
31.523915
0 -86.80351
31.523852
0 -86.820671
31.525401
0 -86.838022
31.525204
0 -86.839386
31.525204
0 -86.840003
31.529444
0 -86.841555
31.53091
0 -86.84351
31.535654
0 -86.846828
31.53602
0 -86.84953
31.534919
0 -86.852528
31.53627
0 -86.852528
31.53721
0 -86.855418
31.538378
0 -86.856463
31.539729
0 -86.858335
31.539431
0 -86.859032
31.540829
0 -86.858497
31.542088
0 -86.86104
31.54415
0 -86.863151
31.543855
0 -86.864193
31.545416
0 -86.866254
31.54642
0 -86.864944
31.5483
0 -86.866579
31.550817
0 -86.867278
31.553736
0 -86.865777
31.553331
0 -86.867123
31.555324
0 -86.867434
31.558072
0 -86.868784
31.559318
0 -86.867982
31.560465
0 -86.868732
31.563123
0 -86.870098
31.564199
0 -86.869591
31.566193
0 -86.870234
31.567797
0 -86.872294
31.566307
0 -86.874462
31.566764
0 -86.873715
31.569537
0 -86.874038
31.57302
0 -86.875331
31.5735
0 -86.8742
31.574738
0 -86.874565
31.577993
0 -86.876067
31.578405
0 -86.876333
31.580239
0 -86.878635
31.580194
0 -86.881981
31.582419
0 -86.881257
31.583931
0 -86.879999
31.584297
0 -86.880748
31.585993
0 -86.879998
31.586589
0 -86.882754
31.58879
0 -86.883931
31.590624
0 -86.888106
31.592207
0 -86.888212
31.595026
0 -86.889228
31.596653
0 -86.888344
31.598761
0 -86.889575
31.599564
0 -86.889627
31.601627
0 -86.891313
31.604353
0 -86.890295
31.605201
0 -86.890722
31.607241
0 -86.893293
31.609281
0 -86.89439
31.61194
0 -86.893345
31.613613
0 -86.894469
31.614392
0 -86.893745
31.615767
0 -86.896154
31.617991
0 -86.897735
31.617327
0 -86.899394
31.618978
0 -86.89942
31.620651
0 -86.901107
31.621224
0 -86.90266
31.623677
0 -86.902043
31.624729
0 -86.902685
31.62742
0 -86.903917
31.627512
0 -86.904425
31.630285
0 -86.906461
31.632622
0 -86.907226
31.684989
0 -86.905634
31.695179
0 -86.905251
31.703369
0 -86.905176
31.72708
0 -86.905686
31.734798
0 -86.905899
31.753035
0 -86.911502
31.752762
0 -86.913669
31.751981
0 -86.917983
31.749283
0 -86.92161
31.749051
0 -86.923902
31.74854
0 -86.929196
31.746747
0 -86.933897
31.746158
0 -86.937747
31.743481
0 -86.940456
31.742512
0 -86.947493
31.739074
0 -86.948022
31.735881
0 -86.948725
31.734883
0 -86.952748
31.734962
0 -86.95441
31.734498
0 -86.955514
31.732436
0 -86.957051
31.731596
0 -86.961327
31.730479
0 -86.966636
31.730461
0 -86.969458
31.729975
0 -86.975872
31.728035
0 -86.979895
31.726179
0 -86.982642
31.721952
0 -86.988819
31.718407
0 -86.989524
31.718226
0 -86.995371
31.719339
0 -86.999375
31.717986
0 -87.00447
31.714859
0 -87.008496
31.714384
0 -87.012351
31.713444
0 -87.019431
31.714214
0 -87.021726
31.713762
0 -87.024453
31.712553
0 -87.02799
31.713087
0 -87.03968
31.715817
0 -87.043719
31.716331
0 -87.04564
31.717007
0 -87.048903
31.719321
0 -87.0511
31.71834
0 -87.052284
31.716761
0 -87.055874
31.710683
0 -87.057078
31.709222
0 -87.059822
31.70684
0 -87.060954
31.704848
0 -87.061163
31.702814
0 -87.06159
31.692954
0 -87.060799
31.689402
0 -87.058957
31.686097
0 -87.058518
31.682291
0 -87.056928
31.679782
0 -87.05597
31.677432
0 -87.055957
31.677387
0 -87.062647
31.671287
0 -87.064791
31.66983
0 -87.066514
31.67007
0 -87.070479
31.669642
0 -87.074408
31.668562
0 -87.078331
31.666343
0 -87.079077
31.665488
0 -87.083296
31.658732
0 -87.0845
31.657301
0 -87.088997
31.653154
0 -87.091352
31.652263
0 -87.094854
31.652136
0 -87.104719
31.651779
0 -87.108021
31.651205
0 -87.112679
31.649625
0 -87.114905
31.648537
0 -87.121002
31.644345
0 -87.123576
31.64357
0 -87.127478
31.644106
0 -87.132849
31.643102
0 -87.135051
31.642417
0 -87.13632
31.640902
0 -87.136879
31.636405
0 -87.138087
31.630704
0 -87.13945
31.625456
0 -87.139605
31.623897
0 -87.139342
31.62208
0 -87.1374
31.614446
0 -87.137287
31.61335
0 -87.137733
31.612053
0 -87.140044
31.609348
0 -87.140698
31.607344
0 -87.141155
31.600482
0 -87.142616
31.595277
0 -87.143924
31.589485
0 -87.145126
31.587168
0 -87.15198
31.580255
0 -87.154479
31.576428
0 -87.158925
31.56614
0 -87.160782
31.55943
0 -87.160826
31.556818
0 -87.159596
31.550571
0 -87.159868
31.548623
0 -87.160629
31.547472
0 -87.163909
31.544592
0 -87.165351
31.544138
0 -87.165662
31.542897
0 -87.167733
31.534801
0 -87.167456
31.530772
0 -87.165317
31.523675
0 -87.165491
31.521168
0 -87.166581
31.519561
0 -87.177864
31.5041
0 -87.182213
31.498095
0 -87.187625
31.48848
0 -87.188529
31.487349
0 -87.191281
31.485201
0 -87.193452
31.484659
0 -87.195075
31.481621
0 -87.197237
31.479626
0 -87.197929
31.478107
0 -87.197106
31.474619
0 -87.19722
31.472367
0 -87.199001
31.469497
0 -87.201703
31.466942
0 -87.202946
31.465159
0 -87.205931
31.459025
0 -87.208551
31.457285
0 -87.216152
31.456383
0 -87.222417
31.455457
0 -87.227797
31.454363
0 -87.229543
31.453701
0 -87.231229
31.452275
0 -87.234072
31.447875
0 -87.236102
31.446989
0 -87.238738
31.44495
0 -87.240774
31.442202
0 -87.243826
31.438686
0 -87.246498
31.436572
0 -87.254405
31.430743
0 -87.255262
31.42967
0 -87.260518
31.426357
0 -87.266106
31.422114
0 -87.268563
31.420679
0 -87.270582
31.418218
0 -87.271107
31.416198
0 -87.27194
31.413759
0 -87.274381
31.410943
0 -87.27564
31.410345
0 -87.283933
31.40858
0 -87.285288
31.408006
0 -87.292732
31.403513
0 -87.296721
31.401278
0 -87.297955
31.399067
0 -87.303161
31.392755
0 -87.305844
31.390775
0 -87.307443
31.388266
0 -87.309556
31.384096
0 -87.311993
31.381963
0 -87.315317
31.37987
0 -87.318396
31.378198
0 -87.319375
31.375358
0 -87.320282
31.374155
0 -87.324391
31.366293
0 -87.327405
31.361464
0 -87.332179
31.355251
0 -87.335108
31.353762
0 -87.337553
31.352121
0 -87.339871
31.351579
0 -87.343748
31.351851
0 -87.345751
31.350864
0 -87.346527
31.349623
0 -87.346526
31.347227
0 -87.347197
31.342879
0 -87.348009
31.340396
0 -87.349783
31.337505
0 -87.353195
31.333128
0 -87.355203
31.330995
0 -87.356302
31.328695
0 -87.358025
31.324022
0 -87.359013
31.319366
0 -87.360024
31.317496
0 -87.361629
31.316653
0 -87.365993
31.315294
0 -87.368613
31.315201
0 -87.370527
31.313657
0 -87.374903
31.311172
0 -87.380269
31.307972
0 -87.383525
31.306391
0 -87.385843
31.304657
0 -87.386861
31.303164
0 -87.38872
31.302033
0 -87.393206
31.300853
0 -87.394454
31.300212
0 -87.397547
31.297619
0 -87.401434
31.293791
0 -87.403945
31.289367
0 -87.408654
31.285531
0 -87.414407
31.281501
0 -87.417301
31.279963
0 -87.420876
31.276319
0 -87.4227
31.27356
0 -87.425511
31.268299
0 -87.427204
31.26436
0 