-106.678373
37.403596
0 -106.678354
37.228566
0 -106.670662
37.225377
0 -106.597384
37.194974
0 -106.589178
37.140188
0 -106.489062
37.01508
0 -106.481033
37.001783
0 -106.479744
36.999361
0 -106.476280054708
36.9938393288836
0 -106.476229239078
36.9938394779901
0 -106.412085327737
36.9940276932142
0 -106.343139
36.99423
0 -106.293279
36.99389
0 -106.248675
36.994288
0 -106.247705
36.994266
0 -106.201469
36.994122
0 -106.099821830837
36.9947590066649
0 -106.006634
36.995343
0 -105.997472
36.995417
0 -105.996159
36.995418
0 -105.718469674138
36.9958459200375
0 -105.7196
36.996728
0 -105.718021
36.998969
0 -105.718716
36.999872
0 -105.722783
37.000792
0 -105.723354
37.002255
0 -105.723019
37.004053
0 -105.725984
37.005982
0 -105.7267
37.006859
0 -105.726572
37.008102
0 -105.723793
37.010779
0 -105.724705
37.013127
0 -105.727253
37.014786
0 -105.728471
37.014982
0 -105.731525
37.014057
0 -105.733886
37.014817
0 -105.737852
37.013923
0 -105.739118
37.01303
0 -105.741479
37.013675
0 -105.746017
37.014185
0 -105.746516
37.01562
0 -105.745051
37.017162
0 -105.747189
37.01826
0 -105.749221
37.018022
0 -105.750733
37.02136
0 -105.748977
37.023503
0 -105.749714
37.026668
0 -105.75195
37.027943
0 -105.754128
37.027614
0 -105.756703
37.026292
0 -105.760961
37.026147
0 -105.762101
37.027463
0 -105.765181
37.033172
0 -105.765767
37.034923
0 -105.768729
37.036453
0 -105.768795
37.037603
0 -105.7664
37.04026
0 -105.767106
37.041475
0 -105.770593
37.041611
0 -105.770525
37.044613
0 -105.771391
37.045725
0 -105.770306
37.047197
0 -105.7675
37.047832
0 -105.766917
37.049033
0 -105.767882
37.0512
0 -105.765253
37.054775
0 -105.764206
37.05572
0 -105.767724
37.060429
0 -105.770171
37.061166
0 -105.770807
37.062527
0 -105.770357
37.064403
0 -105.766688
37.066235
0 -105.765658
37.068475
0 -105.762724
37.073406
0 -105.761174
37.073976
0 -105.759667
37.077
0 -105.757013
37.078155
0 -105.754404
37.082265
0 -105.753941
37.083521
0 -105.751304
37.086652
0 -105.750206
37.08708
0 -105.748454
37.088966
0 -105.747897
37.092391
0 -105.746064
37.095285
0 -105.742633
37.098764
0 -105.740764
37.101988
0 -105.741646
37.104064
0 -105.744305
37.104937
0 -105.74544
37.106279
0 -105.749162
37.112172
0 -105.749781
37.114647
0 -105.749871
37.119679
0 -105.748724
37.12241
0 -105.74779
37.12859
0 -105.748183
37.133268
0 -105.748834
37.135001
0 -105.748116
37.136641
0 -105.745758
37.140073
0 -105.744096
37.143491
0 -105.74062
37.145045
0 -105.734135
37.149888
0 -105.7323
37.153051
0 -105.731404
37.156249
0 -105.73225
37.159368
0 -105.734167
37.160997
0 -105.735835
37.163337
0 -105.736852
37.163701
0 -105.73791
37.165254
0 -105.736789
37.168531
0 -105.736908
37.170715
0 -105.735142
37.172941
0 -105.730923
37.176025
0 -105.729746
37.179459
0 -105.729818
37.180676
0 -105.732235
37.184553
0 -105.732846
37.188222
0 -105.734641
37.18962
0 -105.737336
37.189644
0 -105.738992
37.191486
0 -105.739001
37.194699
0 -105.736556
37.197173
0 -105.735977
37.199315
0 -105.736442
37.200219
0 -105.738271
37.200807
0 -105.739254
37.202779
0 -105.738011
37.203898
0 -105.738641
37.206332
0 -105.738343
37.207337
0 -105.739899
37.210549
0 -105.739552
37.211843
0 -105.741055
37.213328
0 -105.74425
37.214994
0 -105.745765
37.218131
0 -105.743593
37.221489
0 -105.743768
37.223548
0 -105.746045
37.226577
0 -105.746693
37.230367
0 -105.746054
37.231334
0 -105.741719
37.233912
0 -105.740778
37.236204
0 -105.740878
37.240925
0 -105.743837
37.243939
0 -105.744228
37.246558
0 -105.746099
37.247774
0 -105.746219
37.248905
0 -105.745478
37.251044
0 -105.743523
37.253714
0 -105.742782
37.255384
0 -105.740877
37.255353
0 -105.737579
37.257667
0 -105.736673
37.260141
0 -105.738779
37.263563
0 -105.737653
37.265546
0 -105.736185
37.266447
0 -105.732884
37.266376
0 -105.729677
37.271341
0 -105.723914
37.274611
0 -105.723532
37.275331
0 -105.723647
37.277228
0 -105.725388
37.280075
0 -105.72528
37.281026
0 -105.728383
37.28367
0 -105.728102
37.28507
0 -105.726839
37.286284
0 -105.724162
37.286354
0 -105.721533
37.285201
0 -105.720098
37.285846
0 -105.720538
37.288493
0 -105.720495
37.291129
0 -105.722285
37.292414
0 -105.722278
37.294295
0 -105.723551
37.295154
0 -105.725566
37.295502
0 -105.72784
37.298885
0 -105.728
37.301463
0 -105.729165
37.304871
0 -105.731578
37.304529
0 -105.732244
37.303111
0 -105.734563
37.302699
0 -105.735827
37.303849
0 -105.736677
37.305658
0 -105.738409
37.30676
0 -105.736566
37.308084
0 -105.736535
37.309567
0 -105.737902
37.310955
0 -105.737126
37.313274
0 -105.738193
37.314238
0 -105.741102
37.314507
0 -105.742474
37.315894
0 -105.74161
37.317463
0 -105.739044
37.318156
0 -105.738218
37.318857
0 -105.738935
37.320687
0 -105.743362
37.321943
0 -105.745849
37.323861
0 -105.747587
37.327041
0 -105.747594
37.329649
0 -105.746827
37.331029
0 -105.75059
37.333601
0 -105.750715
37.335967
0 -105.749565
37.337653
0 -105.749434
37.339049
0 -105.750673
37.34146
0 -105.75223
37.341951
0 -105.753278
37.344114
0 -105.75253
37.345559
0 -105.748003
37.348024
0 -105.747272
37.349239
0 -105.749326
37.349036
0 -105.749846
37.350878
0 -105.743339
37.356798
0 -105.750574
37.356977
0 -105.760691
37.356757
0 -105.847692
37.356453
0 -105.851443
37.356273
0 -105.874664
37.356314
0 -105.886684
37.35634
0 -105.927324
37.356364
0 -105.929777
37.356228
0 -105.938265
37.356527
0 -105.947313
37.356616
0 -105.949809
37.35648
0 -105.984566
37.356269
0 -105.985603
37.356302
0 -106.038912
37.356953
0 -106.039331
37.400852
0 -106.075712
37.401045
0 -106.112408
37.401098
0 -106.148866
37.4011
0 -106.173906
37.401084
0 -106.17632
37.400939
0 -106.256945
37.400974
0 -106.350244
37.401278
0 -106.350875
37.401044
0 -106.3654
37.400887
0 -106.487968
37.39935
0 -106.48797
37.401585
0 -106.523589
37.402237
0 -106.523646
37.402166
0 -106.544625
37.402328
0 -106.588461
37.40272
0 -106.614451
37.402319
0 -106.646806
37.403262
0 -106.678373
37.403596
0 