-122.42976
37.965405
0 -122.430087
37.963115
0 -122.42501
37.956913
0 -122.420732
37.954852
0 -122.419306
37.950916
0 -122.422633
37.947168
0 -122.414077
37.945293
0 -122.410987
37.93967
0 -122.413725
37.937262
0 -122.410036
37.932359
0 -122.401955
37.931422
0 -122.401289
37.928426
0 -122.397677
37.92936
0 -122.391497
37.925423
0 -122.390606050989
37.9228678254788
0 -122.39049
37.922535
0 -122.387456
37.920548
0 -122.390546
37.90911
0 -122.385908
37.908136
0 -122.378662
37.907235
0 -122.367582
37.903882
0 -122.363451
37.905172
0 -122.360850361022
37.9081024075022
0 -122.360123
37.908922
0 -122.35228
37.90761
0 -122.344674
37.907235
0 -122.33453
37.908791
0 -122.333748435533
37.9085778065814
0 -122.32373
37.905845
0 -122.326225
37.897733
0 -122.322332
37.895419
0 -122.319005
37.897857
0 -122.31557
37.896961
0 -122.315150304886
37.8968435739156
0 -122.311468
37.897629
0 -122.309315
37.897867
0 -122.308946
37.89797
0 -122.305771
37.898315
0 -122.30528
37.898425
0 -122.301668
37.898525
0 -122.30028
37.898225
0 -122.296207
37.898925
0 -122.293579
37.898625
0 -122.292655
37.898338
0 -122.291079
37.897926
0 -122.289862
37.897825
0 -122.288161
37.898102
0 -122.286934
37.898707
0 -122.286012
37.898987
0 -122.28298
37.900325
0 -122.27988
37.900625
0 -122.27798
37.901626
0 -122.2781
37.903302
0 -122.27618
37.903826
0 -122.274944
37.904527
0 -122.27108
37.905824
0 -122.270237
37.904363
0 -122.268172
37.903973
0 -122.267643
37.904246
0 -122.267076
37.904465
0 -122.263881
37.903675
0 -122.26129
37.901392
0 -122.260703
37.899639
0 -122.258761
37.899091
0 -122.257169
37.899824
0 -122.256274
37.89697
0 -122.255533
37.895966
0 -122.253771
37.89622
0 -122.253082
37.894116
0 -122.249477
37.893086
0 -122.248977
37.891222
0 -122.249779
37.889625
0 -122.248988
37.887117
0 -122.24692
37.885438
0 -122.241971
37.881927
0 -122.238679
37.883325
0 -122.230979
37.881325
0 -122.223878
37.878326
0 -122.221376
37.875325
0 -122.217376
37.871724
0 -122.216276
37.868822
0 -122.219181
37.867226
0 -122.221488
37.865026
0 -122.220389
37.864427
0 -122.214736
37.85951
0 -122.213196
37.857601
0 -122.21238
37.857234
0 -122.210978
37.854526
0 -122.208486
37.85169
0 -122.204094
37.851387
0 -122.200678
37.847589
0 -122.195274
37.843587
0 -122.195287
37.842817
0 -122.196101
37.842005
0 -122.191778
37.839826
0 -122.188925
37.83765
0 -122.188877
37.837626
0 -122.185277
37.837026
0 -122.184443
37.834923
0 -122.184179
37.833922
0 -122.185977
37.831226
0 -122.187077
37.829526
0 -122.186725
37.826877
0 -122.185877
37.825526
0 -122.186677
37.823526
0 -122.185977
37.820726
0 -122.181477
37.819526
0 -122.177873
37.816323
0 -122.176977
37.816227
0 -122.172775
37.815826
0 -122.166873
37.813424
0 -122.157392
37.817952
0 -122.15295
37.815034
0 -122.148808
37.81376
0 -122.145946
37.810723
0 -122.144268
37.807693
0 -122.14026
37.804562
0 -122.138402
37.80433
0 -122.132765
37.804012
0 -122.113812
37.802729
0 -122.106302
37.802194
0 -122.064302
37.799396
0 -122.061681
37.79922
0 -122.045473
37.798126
0 -122.030472
37.787727
0 -122.021972
37.784227
0 -122.017772
37.781227
0 -122.014072
37.780227
0 -122.004809
37.770571
0 -122.004228
37.770058
0 -121.998948
37.764478
0 -121.997771
37.763227
0 -122.010771
37.755127
0 -122.011291
37.754172
0 -122.011771
37.747428
0 -122.001071
37.739028
0 -121.993571
37.738128
0 -121.989971
37.733628
0 -121.983468
37.730864
0 -121.977999
37.729579
0 -121.97407
37.729428
0 -121.97247
37.728528
0 -121.96077
37.718629
0 -121.955261
37.719857
0 -121.949041
37.721278
0 -121.943695
37.722722
0 -121.942383
37.722946
0 -121.940195
37.723484
0 -121.937003
37.724247
0 -121.936352
37.724472
0 -121.929372
37.726078
0 -121.929385
37.726199
0 -121.925909
37.726944
0 -121.917372
37.728955
0 -121.911147
37.730318
0 -121.910459
37.730393
0 -121.910138
37.73046
0 -121.881567
37.737328
0 -121.873542
37.739317
0 -121.870733
37.740086
0 -121.850727
37.744942
0 -121.831835
37.749541
0 -121.812589
37.754225
0 -121.780564
37.761827
0 -121.749599
37.769536
0 -121.73928
37.772122
0 -121.697169
37.782692
0 -121.670362
37.789427
0 -121.666262
37.790427
0 -121.624161
37.799127
0 -121.620293
37.800304
0 -121.58056
37.812467
0 -121.55916
37.818927
0 -121.558905
37.818432
0 -121.556936
37.817218
0 -121.555073
37.817442
0 -121.553311
37.818825
0 -121.55208
37.822497
0 -121.552498
37.824034
0 -121.551154
37.825101
0 -121.552236
37.827127
0 -121.551969
37.830005
0 -121.549459
37.833569
0 -121.546094
37.832448
0 -121.542413
37.833398
0 -121.541499
37.835294
0 -121.538897
37.836759
0 -121.537917
37.838694
0 -121.540272
37.841494
0 -121.537518
37.843488
0 -121.536595
37.844723
0 -121.536797
37.846264
0 -121.534932
37.847536
0 -121.534247
37.849891
0 -121.537209
37.850838
0 -121.538412
37.849251
0 -121.540035
37.848842
0 -121.54201
37.851314
0 -121.541359
37.853113
0 -121.541483
37.855216
0 -121.540346
37.856716
0 -121.541117
37.857745
0 -121.547496
37.855226
0 -121.548994
37.85625
0 -121.551676
37.8604
0 -121.553123
37.860963
0 -121.553742
37.859233
0 -121.555255
37.858007
0 -121.558468
37.857715
0 -121.560619
37.858186
0 -121.562301
37.855682
0 -121.561222
37.854284
0 -121.561977
37.853138
0 -121.56261
37.853354
0 -121.565903
37.857863
0 -121.568017
37.857042
0 -121.570588
37.85801
0 -121.568293
37.859999
0 -121.569812
37.860689
0 -121.571794
37.860483
0 -121.575593
37.859278
0 -121.577575
37.857953
0 -121.578965
37.858497
0 -121.579503
37.861072
0 -121.575463
37.863118
0 -121.573796
37.864324
0 -121.573389
37.865751
0 -121.575145
37.86771
0 -121.578833
37.86995
0 -121.579425
37.8723
0 -121.578194
37.87548
0 -121.57387
37.883395
0 -121.575922
37.887551
0 -121.575532
37.88898
0 -121.574963
37.88945
0 -121.569901
37.890858
0 -121.567679
37.892431
0 -121.566405
37.895214
0 -121.565904
37.897672
0 -121.566951
37.899913
0 -121.568162
37.901017
0 -121.571769
37.902497
0 -121.572626
37.904665
0 -121.570922
37.90596
0 -121.564769
37.909009
0 -121.563289
37.910601
0 -121.563212
37.912217
0 -121.56571
37.915559
0 -121.565594
37.918193
0 -121.565114
37.919173
0 -121.561864
37.920436
0 -121.558262
37.921381
0 -121.556419
37.923302
0 -121.558491
37.926208
0 -121.558899
37.927926
0 -121.557274
37.932247
0 -121.561455
37.935885
0 -121.561937
37.937612
0 -121.56088
37.93988
0 -121.561474
37.941552
0 -121.563235
37.942683
0 -121.563406
37.944273
0 -121.561908
37.944881
0 -121.558175
37.945379
0 -121.557583
37.946496
0 -121.55818
37.947367
0 -121.560683
37.947579
0 -121.56364
37.94611
0 -121.56555
37.944168
0 -121.567409
37.943982
0 -121.568603
37.945459
0 -121.568988
37.947618
0 -121.568515
37.949171
0 -121.563692
37.953512
0 -121.564113
37.955115
0 -121.565261
37.955115
0 -121.573589
37.953756
0 -121.575188
37.955045
0 -121.574501
37.956939
0 -121.571578
37.95753
0 -121.567964
37.957478
0 -121.565586
37.957785
0 -121.565138
37.959849
0 -121.566393
37.960985
0 -121.570124
37.963262
0 -121.573713
37.966434
0 -121.574148
37.971813
0 -121.57555
37.973675
0 -121.577837
37.974596
0 -121.579943
37.976113
0 -121.579993
37.976967
0 -121.576965
37.977759
0 -121.574237
37.977416
0 -121.572706
37.97809
0 -121.572393
37.979045
0 -121.573583
37.980309
0 -121.579527
37.98155
0 -121.582463
37.983922
0 -121.581025
37.989525
0 -121.580026
37.991034
0 -121.577148
37.993385
0 -121.576084
37.994855
0 -121.577362
37.997127
0 -121.5791
37.997871
0 -121.578945
37.99855
0 -121.57783
37.999025
0 -121.57056
37.999025
0 -121.568978
38.00139
0 -121.569096
38.002789
0 -121.570959
38.003292
0 -121.57485
38.003082
0 -121.57758
38.003596
0 -121.578711
38.004255
0 -121.579842
38.006436
0 -121.57991
38.007783
0 -121.577879
38.01082
0 -121.573305
38.011718
0 -121.56815
38.011383
0 -121.566867
38.012709
0 -121.566965
38.013528
0 -121.569029
38.014797
0 -121.571009
38.015259
0 -121.572789
38.01691
0 -121.572052
38.01841
0 -121.570285
38.018684
0 -121.566434
38.018071
0 -121.564491
38.016607
0 -121.561069
38.015441
0 -121.558321
38.015732
0 -121.557554
38.017037
0 -121.558845
38.01943
0 -121.561257
38.021541
0 -121.563304
38.023913
0 -121.56449
38.026218
0 -121.564226
38.029699
0 -121.565674
38.030721
0 -121.568106
38.030796
0 -121.570817
38.029761
0 -121.571809
38.031376
0 -121.571028
38.035238
0 -121.570819
38.038003
0 -121.571269
38.0401
0 -121.572169
38.041412
0 -121.574151
38.042794
0 -121.576042
38.042985
0 -121.577634
38.04296
0 -121.580185
38.041268
0 -121.580786
38.038789
0 -121.577948
38.033817
0 -121.57993
38.032116
0 -121.581686
38.032355
0 -121.583578
38.034381
0 -121.584388
38.036025
0 -121.585078
38.040267
0 -121.584719
38.043545
0 -121.582305
38.051436
0 -121.582427
38.053807
0 -121.583511
38.05928
0 -121.583879
38.059897
0 -121.582244
38.064388
0 -121.582203
38.068423
0 -121.581131
38.069257
0 -121.578489
38.07006
0 -121.574829
38.07184
0 -121.572923
38.074239
0 -121.576749
38.078193
0 -121.577231
38.086008
0 -121.578338
38.091739
0 -121.580022
38.094414
0 -121.581284
38.093937
0 -121.58225
38.09489
0 -121.585283
38.096366
0 -121.604923
38.099878
0 -121.613653
38.09965
0 -121.627376
38.09836
0 -121.628994
38.097261
0 -121.632595
38.088611
0 -121.634243
38.087222
0 -121.638088
38.086131
0 -121.640514
38.086391
0 -121.645183
38.087413
0 -121.646984
38.088328
0 -121.648754
38.090037
0 -121.652064
38.091619
0 -121.661865
38.095618
0 -121.662465
38.095618
0 -121.673065
38.093518
0 -121.679265
38.089319
0 -121.681865
38.082019
0 -121.680249
38.076648
0 -121.679623
38.069469
0 -121.679765
38.065119
0 -121.68147
38.061244
0 -121.684399
38.058521
0 -121.691665
38.05352
0 -121.699765
38.04522
0 -121.704343
38.042484
0 -121.709561
38.039944
0 -121.71246
38.038891
0 -121.716865
38.03772
0 -121.725565
38.03382
0 -121.732565
38.02902
0 -121.737824
38.02663
0 -121.744481
38.025087
0 -121.749084
38.024348
0 -121.750715
38.024234
0 -121.75168
38.024308
0 -121.758251
38.024129
0 -121.765127
38.023195
0 -121.770619
38.021112
0 -121.777485
38.018917
0 -121.78139
38.018612
0 -121.788773
38.018421
0 -121.794862
38.019462
0 -121.798018
38.020863
0 -121.80127
38.021622
0 -121.80931
38.020321
0 -121.814513
38.020756
0 -121.816954
38.021519
0 -121.822671
38.025322
0 -121.823867
38.025692
0 -121.827667
38.02792
0 -121.830317
38.029723
0 -121.832122
38.031101
0 -121.834198
38.034733
0 -121.837936
38.038944
0 -121.840561
38.045269
0 -121.841659
38.051974
0 -121.84204
38.052565
0 -121.846802
38.059955
0 -121.853639
38.064776
0 -121.854524
38.065089
0 -121.862462
38.06603
0 -121.862641
38.064929
0 -121.863648
38.062381
0 -121.867402
38.056895
0 -121.869582
38.054414
0 -121.872708
38.051844
0 -121.874743
38.050676
0 -121.880184
38.048709
0 -121.885177
38.047591
0 -121.889573
38.046657
0 -121.901171
38.045361
0 -121.906801
38.045002
0 -121.90857
38.04502
0 -121.910143
38.044956
0 -121.920794
38.045726
0 -121.925814
38.046474
0 -121.928097
38.046983
0 -121.92846
38.047054
0 -121.931003
38.04761
0 -121.932743
38.04813
0 -121.935428
38.048793
0 -121.937762
38.04983
0 -121.946765
38.052882
0 -121.950911
38.053918
0 -121.950919
38.054978
0 -121.955679
38.057816
0 -121.962208
38.061365
0 -121.972281
38.065538
0 -121.97744
38.06684
0 -121.983158
38.067297
0 -121.987567
38.066809
0 -122.015175
38.063481
0 -122.019826
38.062271
0 -122.028411
38.05919
0 -122.03626
38.060204
0 -122.050386
38.060198
0 -122.061103
38.062137
0 -122.067298
38.060077
0 -122.076148
38.054615
0 -122.079826
38.053173
0 -122.084159
38.051861
0 -122.088746
38.050092
0 -122.092744
38.049352
0 -122.095733
38.048355
0 -122.098726
38.04746
0 -122.099776
38.047008
0 -122.118083
38.03934
0 -122.120095
38.038221
0 -122.121131
38.037891
0 -122.123161
38.036082
0 -122.130174
38.034718
0 -122.131536
38.034492
0 -122.139366
38.032177
0 -122.141533
38.031862
0 -122.146866
38.031727
0 -122.148577
38.031721
0 -122.152147
38.032249
0 -122.156852
38.032946
0 -122.159681
38.033399
0 -122.164577
38.034721
0 -122.165662
38.035399
0 -122.167577
38.036721
0 -122.169536
38.039275
0 -122.174939
38.046431
0 -122.176188
38.047863
0 -122.183863
38.053997
0 -122.194805
38.056533
0 -122.201778
38.05812
0 -122.2137
38.059591
0 -122.225178
38.061006
0 -122.226413
38.061073
0 -122.227991
38.061206
0 -122.232952
38.0621
0 -122.245483
38.063922
0 -122.265347
38.059918
0 -122.269666188168
38.0603362895779
0 -122.269606269537
38.0602582496821
0 -122.268076632176
38.0582660022168
0 -122.262861
38.051473
0 -122.262861
38.0446
0 -122.266952
38.04109
0 -122.271421
38.040941
0 -122.275152
38.03744
0 -122.27556090283
38.0357377945295
0 -122.27560720519
38.0355450442591
0 -122.276816
38.030513
0 -122.283478
38.022674
0 -122.285571490534
38.0225332581764
0 -122.289413
38.022275
0 -122.293929
38.016096
0 -122.295117747547
38.0151988352936
0 -122.300432897743
38.0111874157298
0 -122.300823
38.010893
0 -122.312414155445
38.0114655789703
0 -122.313297364264
38.011509207649
0 -122.31371875588
38.0115300235184
0 -122.315439
38.011615
0 -122.324471
38.005622
0 -122.328404335922
38.0036166363074
0 -122.330390920248
38.0026038003436
0 -122.332552
38.001502
0 -122.340093
38.003694
0 -122.355539
38.008668
0 -122.362025
38.008619
0 -122.364639
38.012926
0 -122.367909
38.01253
0 -122.368891
38.007948
0 -122.366928
37.998458
0 -122.363001
37.994375
0 -122.361905
37.989991
0 -122.367582
37.978168
0 -122.381622803787
37.9717758175562
0 -122.381752
37.971717
0 -122.401004
37.968532
0 -122.401133710423
37.967766
0 -122.40148
37.965721
0 -122.397168234055
37.9615057444678
0 -122.395538
37.959912
0 -122.402906
37.954852
0 -122.408383
37.957544
0 -122.411761
37.960497
0 -122.41265
37.963285
0 -122.418592
37.964784
0 -122.42976
37.965405
0 