-93.059549
38.700905
0 -93.059974
38.693077
0 -93.046662
38.69228
0 -93.043891
38.692137
0 -93.000202
38.689444
0 -92.997001
38.689049
0 -92.975996
38.687569
0 -92.974051
38.687581
0 -92.961924
38.686524
0 -92.958598
38.686442
0 -92.95431
38.686019
0 -92.953597
38.685985
0 -92.950986
38.685803
0 -92.950512
38.68577
0 -92.950502
38.686028
0 -92.932435
38.685515
0 -92.927966
38.685269
0 -92.926233
38.68536
0 -92.915778
38.685109
0 -92.876826
38.684319
0 -92.858181
38.683742
0 -92.839837
38.683974
0 -92.839792
38.684948
0 -92.820722
38.684616
0 -92.79224
38.684181
0 -92.763927
38.683802
0 -92.745305
38.683534
0 -92.731451
38.683893
0 -92.726692
38.684077
0 -92.726706
38.683135
0 -92.713912
38.682701
0 -92.635317
38.680441
0 -92.617147
38.680013
0 -92.616842
38.687949
0 -92.616638
38.693957
0 -92.616652
38.694466
0 -92.594978
38.737609
0 -92.572654
38.781192
0 -92.565598
38.794178
0 -92.554793
38.81473
0 -92.528699
38.865718
0 -92.528162
38.867051
0 -92.520627
38.881517
0 -92.520531
38.881657
0 -92.513043
38.89559
0 -92.505725
38.909067
0 -92.500185
38.919381
0 -92.498377
38.922084
0 -92.50394
38.927644
0 -92.508657
38.93271
0 -92.514987
38.938114
0 -92.523427
38.943359
0 -92.526437
38.944776
0 -92.531947
38.948839
0 -92.536382
38.950936
0 -92.540118
38.953718
0 -92.544946
38.959691
0 -92.553187
38.967276
0 -92.558086
38.970692
0 -92.562079
38.972014
0 -92.564393
38.972229
0 -92.570661
38.971896
0 -92.587451
38.967783
0 -92.590677
38.967554
0 -92.59776
38.967681
0 -92.606998
38.968726
0 -92.612291
38.969748
0 -92.629587
38.973882
0 -92.635028
38.974699
0 -92.6467
38.975875
0 -92.655927
38.976658
0 -92.665822
38.976237
0 -92.675007
38.975623
0 -92.681063
38.975465
0 -92.689466
38.975645
0 -92.693002
38.975957
0 -92.697669
38.977417
0 -92.707198
38.981892
0 -92.715643
38.984011
0 -92.718756
38.984305
0 -92.719421
38.98426
0 -92.720402
38.984194
0 -92.733659
38.983343
0 -92.746012
38.981122
0 -92.754442
38.979199
0 -92.764862
38.974429
0 -92.770922
38.972703
0 -92.774216
38.972182
0 -92.783099
38.971571
0 -92.791809
38.972044
0 -92.796897
38.973042
0 -92.804497
38.975086
0 -92.809713
38.975861
0 -92.81782
38.977942
0 -92.820393
38.978312
0 -92.829152
38.978844
0 -92.832714
38.978937
0 -92.841617
38.979821
0 -92.847561
38.980943
0 -92.852628
38.982183
0 -92.856591
38.98409
0 -92.861851
38.987123
0 -92.866218
38.990993
0 -92.870118
38.995655
0 -92.876046
39.000836
0 -92.87951
39.003236
0 -92.884513
39.00563
0 -92.889185
39.007096
0 -92.894328
39.008359
0 -92.902547
39.01111
0 -92.909654
39.015648
0 -92.914477
39.021188
0 -92.915223
39.022798
0 -92.918175
39.029167
0 -92.921403
39.037601
0 -92.923113
39.040835
0 -92.93065
39.050746
0 -92.934992
39.058909
0 -92.935096
39.06099
0 -92.934569
39.064547
0 -92.946834
39.054741
0 -92.957345
39.046254
0 -92.982653
39.025929
0 -92.985475
39.023665
0 -92.99902
39.01279
0 -93.02563
38.990921
0 -93.025954
38.990657
0 -93.037185
38.98148
0 -93.048245
38.972598
0 -93.04875
38.968517
0 -93.050183
38.936483
0 -93.050133
38.933433
0 -93.050453
38.928244
0 -93.050707
38.924894
0 -93.050511
38.918362
0 -93.052043
38.884247
0 -93.052439
38.875196
0 -93.053643
38.84175
0 -93.053682
38.840654
0 -93.054652
38.820878
0 -93.054501
38.817123
0 -93.054987
38.807728
0 -93.055499
38.797303
0 -93.058962
38.71322
0 -93.05914
38.709524
0 -93.059549
38.700905
0 