-90.736282
31.786134
0 -90.736824
31.698491
0 -90.720924
31.698311
0 -90.719154
31.698449
0 -90.594025
31.698373
0 -90.562243
31.698315
0 -90.548547
31.698824
0 -90.497461
31.699066
0 -90.463356
31.699163
0 -90.451437
31.699246
0 -90.447268
31.699261
0 -90.447186
31.700691
0 -90.419646
31.700481
0 -90.414198
31.700456
0 -90.41412
31.69835
0 -90.41364
31.68528
0 -90.409961
31.685317
0 -90.402497
31.685257
0 -90.397376
31.685223
0 -90.382913
31.685148
0 -90.379409
31.685194
0 -90.380079
31.700205
0 -90.379369
31.700247
0 -90.3793
31.70025
0 -90.375233
31.70027
0 -90.372085
31.700258
0 -90.312064
31.700013
0 -90.279953
31.699865
0 -90.277852
31.700727
0 -90.272402
31.704222
0 -90.269048
31.704518
0 -90.265252
31.70434
0 -90.263619
31.703909
0 -90.261287
31.704293
0 -90.259003
31.703916
0 -90.254944
31.710086
0 -90.251475
31.713236
0 -90.245765
31.71752
0 -90.245191
31.717524
0 -90.242157
31.718638
0 -90.238803
31.72048
0 -90.236622
31.720811
0 -90.229922
31.72373
0 -90.226097
31.723721
0 -90.22407
31.723139
0 -90.220678
31.724274
0 -90.217684
31.724357
0 -90.214107
31.725736
0 -90.206552
31.725419
0 -90.203561
31.725837
0 -90.195422
31.727915
0 -90.193878
31.729087
0 -90.191737
31.729908
0 -90.188837
31.730167
0 -90.184139
31.731462
0 -90.181266
31.732911
0 -90.178228
31.736516
0 -90.172601
31.739756
0 -90.167709
31.740592
0 -90.163714
31.74414
0 -90.159685
31.745497
0 -90.156869
31.745685
0 -90.154472
31.747144
0 -90.147898
31.746349
0 -90.143601
31.74716
0 -90.140963
31.75016
0 -90.137537
31.752625
0 -90.131274
31.756048
0 -90.128363
31.754456
0 -90.126377
31.75248
0 -90.123103
31.751972
0 -90.122565
31.75268
0 -90.121924
31.7536
0 -90.121795
31.755853
0 -90.122549
31.757715
0 -90.124508
31.759524
0 -90.125085
31.761737
0 -90.126232
31.763393
0 -90.128799
31.765916
0 -90.128982
31.768214
0 -90.128115
31.769668
0 -90.125686
31.771426
0 -90.124162
31.774308
0 -90.123233
31.774966
0 -90.121658
31.774754
0 -90.120316
31.772265
0 -90.120445
31.769738
0 -90.119748
31.768045
0 -90.115912
31.76781
0 -90.114114
31.768245
0 -90.112501
31.769705
0 -90.110881
31.773473
0 -90.109043
31.775152
0 -90.107491
31.777685
0 -90.107623
31.779518
0 -90.108835
31.780635
0 -90.110536
31.78343
0 -90.110981
31.789266
0 -90.111534
31.79062
0 -90.112508
31.79127
0 -90.11543
31.791243
0 -90.119475
31.789894
0 -90.123496
31.789143
0 -90.128331
31.788937
0 -90.132448
31.7891
0 -90.137326
31.788833
0 -90.140757
31.789353
0 -90.14222
31.79134
0 -90.143943
31.794284
0 -90.147509
31.796787
0 -90.148753
31.798403
0 -90.150702
31.799872
0 -90.150953
31.800854
0 -90.150656
31.803128
0 -90.149761
31.806163
0 -90.148706
31.807844
0 -90.142273
31.812818
0 -90.13849
31.816911
0 -90.136024
31.818968
0 -90.1362
31.821523
0 -90.137598
31.823759
0 -90.136942
31.826019
0 -90.135968
31.827079
0 -90.134774
31.82739
0 -90.132669
31.826776
0 -90.129724
31.822787
0 -90.128236
31.822945
0 -90.127292
31.825619
0 -90.128262
31.827469
0 -90.131018
31.829748
0 -90.135085
31.832217
0 -90.137906
31.832844
0 -90.141035
31.831358
0 -90.142714
31.83003
0 -90.144646
31.829926
0 -90.145896
31.830994
0 -90.146975
31.833456
0 -90.156247
31.840939
0 -90.158196
31.842068
0 -90.159168
31.844743
0 -90.158942
31.84546
0 -90.156784
31.84542
0 -90.152114
31.844719
0 -90.150352
31.844871
0 -90.147334
31.846034
0 -90.143483
31.846741
0 -90.13891
31.848104
0 -90.136461
31.849951
0 -90.13642
31.854297
0 -90.135784
31.855049
0 -90.132552
31.856923
0 -90.132013
31.858302
0 -90.133022
31.859927
0 -90.136214
31.862601
0 -90.137135
31.864308
0 -90.136894
31.870767
0 -90.138079
31.874429
0 -90.138341
31.875319
0 -90.139836
31.879994
0 -90.141753
31.887391
0 -90.144083
31.891105
0 -90.145716
31.892867
0 -90.15201
31.895467
0 -90.155496
31.897182
0 -90.159156
31.900536
0 -90.163908
31.90261
0 -90.168329
31.903114
0 -90.170276
31.904472
0 -90.170354
31.908453
0 -90.1701
31.914677
0 -90.169786
31.91764
0 -90.168506
31.920978
0 -90.166639
31.923601
0 -90.16647
31.926446
0 -90.168325
31.930549
0 -90.171642
31.934908
0 -90.174092
31.937215
0 -90.178698
31.942663
0 -90.18058
31.94212
0 -90.180296
31.938917
0 -90.183027
31.93737
0 -90.184214
31.937729
0 -90.186967
31.941606
0 -90.188516
31.941541
0 -90.191385
31.93936
0 -90.194528
31.939628
0 -90.198297
31.941904
0 -90.197837
31.942908
0 -90.195658
31.943182
0 -90.192921
31.943462
0 -90.191867
31.944108
0 -90.192811
31.953118
0 -90.193043
31.953088
0 -90.192049
31.953565
0 -90.19097
31.953291
0 -90.19008
31.951982
0 -90.189951
31.949517
0 -90.188081
31.949493
0 -90.187526
31.952021
0 -90.190004
31.955187
0 -90.192165
31.956468
0 -90.194543
31.956541
0 -90.19811
31.957869
0 -90.196993
31.965085
0 -90.197292
31.965973
0 -90.201277
31.967877
0 -90.201802
31.971382
0 -90.20567
31.974217
0 -90.207025
31.976133
0 -90.207023
31.977671
0 -90.205121
31.983633
0 -90.205398
31.98631
0 -90.206096
31.987991
0 -90.207553
31.988947
0 -90.210402
31.989237
0 -90.211425
31.988593
0 -90.212959
31.986378
0 -90.214054
31.986444
0 -90.217009
31.989801
0 -90.217873
31.98992
0 -90.220659
31.988764
0 -90.222428
31.988524
0 -90.222949
31.989159
0 -90.222466
31.992054
0 -90.222794
31.994815
0 -90.224273
31.996597
0 -90.225865
31.998571
0 -90.227125
32.001997
0 -90.228792
32.003802
0 -90.230175
32.006068
0 -90.23193
32.007467
0 -90.232814
32.008919
0 -90.232212
32.00956
0 -90.229604
32.010305
0 -90.225149
32.009783
0 -90.223842
32.010787
0 -90.223127
32.012478
0 -90.21972
32.016077
0 -90.215702
32.021656
0 -90.21365
32.023218
0 -90.213272
32.024299
0 -90.214061
32.025351
0 -90.216984
32.023653
0 -90.218641
32.021994
0 -90.219324
32.019598
0 -90.220928
32.018905
0 -90.225325
32.020622
0 -90.227315
32.021115
0 -90.229254
32.020882
0 -90.232208
32.018859
0 -90.233511
32.017115
0 -90.234294
32.017152
0 -90.236774
32.018706
0 -90.239174
32.019515
0 -90.239602
32.020624
0 -90.238215
32.022818
0 -90.236107
32.022421
0 -90.234066
32.022706
0 -90.233563
32.024277
0 -90.234626
32.025049
0 -90.23664
32.024876
0 -90.239518
32.024013
0 -90.242257
32.022233
0 -90.243586
32.022606
0 -90.243823
32.026326
0 -90.244783
32.028135
0 -90.247752
32.030681
0 -90.247919
32.031521
0 -90.245559
32.033907
0 -90.24416
32.036223
0 -90.242749
32.037364
0 -90.23924
32.03714
0 -90.236739
32.03748
0 -90.234568
32.040651
0 -90.233267
32.043175
0 -90.230038
32.046658
0 -90.230331
32.049728
0 -90.277211
32.049677
0 -90.288434
32.049615
0 -90.289221
32.049922
0 -90.300953
32.049647
0 -90.33407
32.049665
0 -90.338229
32.049667
0 -90.338667
32.049669
0 -90.38239
32.049826
0 -90.463718
32.049669
0 -90.515014
32.050027
0 -90.569888
32.049974
0 -90.571767
32.050051
0 -90.587233
32.049859
0 -90.621587
32.050058
0 -90.655148
32.049958
0 -90.655159
32.048475
0 -90.66139
32.048462
0 -90.661977
32.048463
0 -90.718297
32.048352
0 -90.717065
32.025981
0 -90.714405
31.977629
0 -90.715152
31.972747
0 -90.715843
31.962223
0 -90.71649
31.939617
0 -90.716406
31.904197
0 -90.716782
31.845833
0 -90.716785
31.844583
0 -90.733
31.829976
0 -90.735649
31.815493
0 -90.73611
31.801303
0 -90.736282
31.786134
0 