-66.383033
18.275348
0 -66.382626
18.27432
0 -66.378846
18.274585
0 -66.377013
18.27352
0 -66.375532
18.271387
0 -66.372839
18.269932
0 -66.371899
18.268166
0 -66.368497
18.264617
0 -66.364121
18.259338
0 -66.361687
18.256025
0 -66.357464
18.248967
0 -66.35811
18.246363
0 -66.35799
18.246103
0 -66.357139
18.245691
0 -66.355996
18.245613
0 -66.35375
18.243968
0 -66.352345
18.243962
0 -66.350793
18.241235
0 -66.347414
18.240032
0 -66.341912
18.239718
0 -66.341449
18.239199
0 -66.340121
18.238689
0 -66.335244
18.240053
0 -66.332764
18.241901
0 -66.331926
18.243246
0 -66.330935
18.243772
0 -66.327034
18.244191
0 -66.326127
18.247922
0 -66.320222
18.247719
0 -66.314765
18.249704
0 -66.313299
18.249324
0 -66.312038
18.25036
0 -66.308528
18.251287
0 -66.30731
18.252544
0 -66.305874
18.252805
0 -66.305985
18.254865
0 -66.302908
18.254693
0 -66.302282
18.255394
0 -66.296086
18.257545
0 -66.294321
18.260649
0 -66.291428
18.264403
0 -66.289444
18.268627
0 -66.287876
18.269955
0 -66.287265
18.271691
0 -66.287513
18.273117
0 -66.289092
18.276276
0 -66.288205
18.281399
0 -66.287232
18.283688
0 -66.287469
18.287545
0 -66.285939
18.298905
0 -66.285318
18.303769
0 -66.283782
18.306756
0 -66.282875
18.312671
0 -66.283069
18.314031
0 -66.283187
18.314686
0 -66.278076
18.329975
0 -66.278155
18.331416
0 -66.279394
18.334508
0 -66.284079
18.343841
0 -66.285115
18.34577
0 -66.286529
18.345782
0 -66.286165
18.348277
0 -66.286503
18.349072
0 -66.29011
18.355177
0 -66.291096
18.355912
0 -66.294431
18.35941
0 -66.295503
18.359621
0 -66.297348
18.360959
0 -66.300797
18.364133
0 -66.30388
18.36662
0 -66.304885
18.369633
0 -66.305719
18.369992
0 -66.307036
18.368109
0 -66.307672
18.364938
0 -66.311421
18.364767
0 -66.312506
18.364399
0 -66.313869
18.365615
0 -66.315423
18.365814
0 -66.316685
18.366955
0 -66.318764
18.367411
0 -66.321432
18.365931
0 -66.321875
18.364695
0 -66.323669
18.366706
0 -66.325834
18.36604
0 -66.328841
18.366485
0 -66.329711
18.367581
0 -66.332804
18.366507
0 -66.333462
18.367958
0 -66.338114
18.368053
0 -66.338466
18.367668
0 -66.339333
18.366675
0 -66.340023
18.363981
0 -66.341027
18.362556
0 -66.340976
18.357626
0 -66.343219
18.357793
0 -66.347524
18.360153
0 -66.350273
18.36121
0 -66.352903
18.361365
0 -66.355278
18.360643
0 -66.355228
18.359602
0 -66.354747
18.355126
0 -66.352166
18.354192
0 -66.348675
18.350843
0 -66.348825
18.35013
0 -66.354752
18.346931
0 -66.356626
18.345002
0 -66.357589
18.343226
0 -66.357777
18.337978
0 -66.357316
18.335809
0 -66.358325
18.33072
0 -66.359491
18.330759
0 -66.360659
18.332956
0 -66.365272
18.333229
0 -66.36561
18.332024
0 -66.366899
18.327583
0 -66.368594
18.321739
0 -66.372457
18.309835
0 -66.37302
18.302763
0 -66.373715
18.30146
0 -66.375905
18.300048
0 -66.375561
18.298102
0 -66.377712
18.293976
0 -66.379059
18.292496
0 -66.378401
18.290007
0 -66.378645
18.287444
0 -66.377429
18.286281
0 -66.378649
18.28477
0 -66.380217
18.28381
0 -66.381505
18.280177
0 -66.382452
18.279242
0 -66.382568
18.276352
0 -66.383033
18.275348
0 