-102.000623
45.818919
0 -102.000875
45.731989
0 -102.000384
45.538621
0 -101.99979
45.472414
0 -101.87792
45.472669
0 -101.875463
45.472555
0 -101.869635
45.472871
0 -101.845009
45.472833
0 -101.842097
45.472717
0 -101.71732
45.472619
0 -101.717084
45.47262
0 -101.625475
45.472212
0 -101.624652
45.472381
0 -101.470214
45.472417
0 -101.47019
45.472416
0 -101.429416
45.472606
0 -101.388176
45.472699
0 -101.375475
45.472392
0 -101.346937
45.472571
0 -101.342455
45.472629
0 -101.340047
45.472649
0 -101.302477
45.472536
0 -101.299839
45.472706
0 -101.183467
45.472604
0 -101.182523
45.472557
0 -101.145138
45.47257
0 -101.100063
45.472551
0 -100.977166
45.472714
0 -100.854044
45.472658
0 -100.730494
45.472629
0 -100.604889
45.472633
0 -100.519997
45.472889
0 -100.518192
45.473041
0 -100.512971
45.472947
0 -100.508636
45.472769
0 -100.341924
45.472904
0 -100.342257
45.473892
0 -100.347551
45.481309
0 -100.365258
45.500109
0 -100.370822
45.503924
0 -100.376582
45.507626
0 -100.382131
45.510645
0 -100.386741
45.511909
0 -100.391682
45.511972
0 -100.400929
45.509721
0 -100.409579
45.508846
0 -100.414989
45.509382
0 -100.420764
45.509675
0 -100.427973
45.50967
0 -100.436126
45.509844
0 -100.440307
45.509678
0 -100.443961
45.509858
0 -100.447168
45.510392
0 -100.453889
45.512006
0 -100.460094
45.514167
0 -100.472068
45.519874
0 -100.474831
45.521514
0 -100.479153
45.525103
0 -100.484486
45.532651
0 -100.486561
45.536521
0 -100.48658
45.537705
0 -100.486579
45.541215
0 -100.48597
45.545308
0 -100.485243
45.547203
0 -100.482619
45.551502
0 -100.477542
45.557511
0 -100.475414
45.559445
0 -100.466681
45.565793
0 -100.462113
45.567545
0 -100.458153
45.568694
0 -100.454533
45.570183
0 -100.450689
45.572354
0 -100.44082
45.578955
0 -100.437039
45.582496
0 -100.434152
45.585713
0 -100.432051
45.588855
0 -100.430751
45.591691
0 -100.430079
45.594823
0 -100.429293
45.597574
0 -100.42678
45.603463
0 -100.426327
45.607596
0 -100.42504
45.612264
0 -100.423376
45.616139
0 -100.423016
45.619608
0 -100.423879
45.62305
0 -100.42383
45.624808
0 -100.419767
45.624817
0 -100.417497
45.631292
0 -100.416719
45.634652
0 -100.413096
45.641362
0 -100.406438
45.650011
0 -100.401999
45.653087
0 -100.392403
45.658054
0 -100.387388
45.659443
0 -100.38028
45.660751
0 -100.374937
45.661025
0 -100.354053
45.660516
0 -100.344965
45.661498
0 -100.337288
45.663182
0 -100.323047
45.669911
0 -100.320347
45.671416
0 -100.317783
45.673462
0 -100.315535
45.676686
0 -100.313183
45.681235
0 -100.308849
45.689634
0 -100.308178
45.701162
0 -100.309013
45.707842
0 -100.318381
45.724478
0 -100.32312
45.730915
0 -100.33706
45.749959
0 -100.342365
45.758165
0 -100.351209
45.771844
0 -100.352686
45.775871
0 -100.366759
45.802007
0 -100.375541
45.815951
0 -100.379045
45.82342
0 -100.381152
45.829896
0 -100.382369
45.838614
0 -100.380475
45.854212
0 -100.380638
45.858178
0 -100.383848
45.864802
0 -100.387036
45.869142
0 -100.390626
45.87147
0 -100.398854
45.875043
0 -100.400138
45.875043
0 -100.417516
45.884006
0 -100.431316
45.897337
0 -100.462424
45.919574
0 -100.465879
45.920972
0 -100.471322
45.921778
0 -100.488683
45.93028
0 -100.499353928538
45.9436316399083
0 -100.50354410395
45.9436391720386
0 -100.511793
45.943654
0 -100.511948993993
45.9436539838471
0 -100.627681
45.943642
0 -100.628042082781
45.9436425929878
0 -100.65082
45.94368
0 -100.708144375383
45.9439615273771
0 -100.720865
45.944024
0 -100.750407
45.943649
0 -100.762072
45.943803
0 -100.76211
45.943767
0 -100.769751
45.943766
0 -100.793764000834
45.9437849432018
0 -100.811078660018
45.9437986022645
0 -100.876847194107
45.9438504852683
0 -100.890176
45.943861
0 -100.935582
45.943757
0 -100.938989
45.943848
0 -100.959973045552
45.9438265388567
0 -100.964411
45.943822
0 -100.976426863423
45.943863522648
0 -100.976565
45.943864
0 -100.980693
45.944068
0 -101.079772618243
45.9438815702345
0 -101.101334
45.943841
0 -101.106826
45.943984
0 -101.142571
45.943841
0 -101.146076
45.943842
0 -101.163241
45.943915
0 -101.171074
45.943959
0 -101.175693
45.943983
0 -101.179103
45.943896
0 -101.203787
45.943895
0 -101.205474846343
45.94390585217
0 -101.224006
45.944025
0 -101.271524
45.944209
0 -101.287223
45.944107
0 -101.313272
45.944164
0 -101.32857099704
45.9441654854116
0 -101.333871
45.944166
0 -101.365283
45.944092
0 -101.37069
45.944198
0 -101.373769
45.944265
0 -101.41989
45.943763
0 -101.451839848029
45.9438413711498
0 -101.557276
45.9441
0 -101.562156
45.944237
0 -101.57598516215
45.9442486559516
0 -101.628597
45.944293
0 -101.657631
45.944387
0 -101.680574
45.944329
0 -101.681819
45.944444
0 -101.700267239674
45.9443783235553
0 -101.708785
45.944348
0 -101.721164914813
45.9442114349925
0 -101.72338
45.944187
0 -101.730069
45.944356
0 -101.758611
45.944478
0 -101.764277
45.944412
0 -101.765293
45.944367
0 -101.766177
45.944322
0 -101.790054
45.944442
0 -101.794606
45.944397
0 -101.824194228558
45.9444486454686
0 -101.832991
45.944464
0 -101.852642
45.944457
0 -101.874437659164
45.9445220122013
0 -101.886838
45.944559
0 -101.957439
45.944484
0 -101.973749
45.944456
0 -101.989501
45.944472
0 -101.991336900948
45.9444713164926
0 -101.991516964724
45.9444712494547
0 -101.992187
45.944471
0 -101.9986182554
45.9445558815169
0 -101.998703
45.944557
0 -102.000425
45.944581
0 -102.000656
45.944515
0 -102.000678897073
45.9445150406475
0 -102.000245
45.934631
0 -102.000623
45.818919
0 