-105.771391
37.045725
0 -105.770525
37.044613
0 -105.770593
37.041611
0 -105.767106
37.041475
0 -105.7664
37.04026
0 -105.768795
37.037603
0 -105.768729
37.036453
0 -105.765767
37.034923
0 -105.765181
37.033172
0 -105.762101
37.027463
0 -105.760961
37.026147
0 -105.756703
37.026292
0 -105.754128
37.027614
0 -105.75195
37.027943
0 -105.749714
37.026668
0 -105.748977
37.023503
0 -105.750733
37.02136
0 -105.749221
37.018022
0 -105.747189
37.01826
0 -105.745051
37.017162
0 -105.746516
37.01562
0 -105.746017
37.014185
0 -105.741479
37.013675
0 -105.739118
37.01303
0 -105.737852
37.013923
0 -105.733886
37.014817
0 -105.731525
37.014057
0 -105.728471
37.014982
0 -105.727253
37.014786
0 -105.724705
37.013127
0 -105.723793
37.010779
0 -105.726572
37.008102
0 -105.7267
37.006859
0 -105.725984
37.005982
0 -105.723019
37.004053
0 -105.723354
37.002255
0 -105.722783
37.000792
0 -105.718716
36.999872
0 -105.718021
36.998969
0 -105.7196
36.996728
0 -105.718469674138
36.9958459200375
0 -105.718463007598
36.9958459303107
0 -105.716471
36.995849
0 -105.66472
36.995874
0 -105.62747
36.995679
0 -105.548039072293
36.9958454221772
0 -105.533922
36.995875
0 -105.522323045954
36.9958219749733
0 -105.512485
36.995777
0 -105.508836
36.995895
0 -105.465182
36.995991
0 -105.447255
36.996017
0 -105.442459
36.995994
0 -105.419386296718
36.9958564548338
0 -105.41931
36.995856
0 -105.251296
36.995605
0 -105.220613
36.995169
0 -105.155042271642
36.9953391463601
0 -105.154176
37.293129
0 -105.157113
37.293035
0 -105.164559
37.289117
0 -105.165221
37.290702
0 -105.165472
37.291241
0 -105.16519
37.293127
0 -105.165337
37.295228
0 -105.163393
37.299946
0 -105.164769
37.304431
0 -105.164938
37.308521
0 -105.166919
37.313792
0 -105.165439
37.31678
0 -105.166693
37.321209
0 -105.166692
37.323735
0 -105.165315
37.325988
0 -105.163523
37.327389
0 -105.163096
37.328909
0 -105.163939
37.330968
0 -105.165605
37.33353
0 -105.167277
37.334842
0 -105.167949
37.337031
0 -105.165689
37.341509
0 -105.16405
37.343022
0 -105.164116
37.345216
0 -105.165869
37.347318
0 -105.166424
37.349888
0 -105.16598
37.352513
0 -105.168047
37.354693
0 -105.166976
37.358147
0 -105.168668
37.360241
0 -105.168906
37.361514
0 -105.166457
37.365598
0 -105.165749
37.369823
0 -105.166758
37.372253
0 -105.168412
37.373669
0 -105.168879
37.375638
0 -105.165317
37.381174
0 -105.167167
37.385836
0 -105.166765
37.388396
0 -105.162649
37.390302
0 -105.161433
37.393209
0 -105.158509
37.397109
0 -105.156212
37.39923
0 -105.151324
37.400192
0 -105.144998
37.400235
0 -105.142516
37.400946
0 -105.138567
37.400691
0 -105.132669
37.403606
0 -105.131256
37.406812
0 -105.12972
37.409254
0 -105.130585
37.411655
0 -105.132652
37.411545
0 -105.137127
37.413102
0 -105.138315
37.414234
0 -105.139416
37.415585
0 -105.140526
37.418129
0 -105.140695
37.421811
0 -105.141522
37.423656
0 -105.140913
37.427919
0 -105.142214
37.429171
0 -105.144886
37.428965
0 -105.143951
37.431738
0 -105.144534
37.433515
0 -105.146461
37.436002
0 -105.145906
37.438587
0 -105.146824
37.441092
0 -105.149562
37.443182
0 -105.150987
37.447061
0 -105.152189
37.451554
0 -105.154433
37.453554
0 -105.156185
37.45709
0 -105.159185
37.457114
0 -105.162531
37.454765
0 -105.164507
37.454599
0 -105.168034
37.456028
0 -105.169581
37.456141
0 -105.171427
37.455363
0 -105.17537
37.456288
0 -105.175414
37.457142
0 -105.173468
37.461096
0 -105.175001
37.465288
0 -105.17597
37.470259
0 -105.176685
37.472613
0 -105.176683
37.475594
0 -105.18047
37.478681
0 -105.182196
37.479211
0 -105.180103
37.481579
0 -105.176425
37.483408
0 -105.174816
37.485102
0 -105.174493
37.486976
0 -105.175716
37.489526
0 -105.177612
37.491142
0 -105.172483
37.49922
0 -105.174283
37.502514
0 -105.173385
37.505795
0 -105.174124
37.509299
0 -105.17132
37.513246
0 -105.172515
37.515607
0 -105.171558
37.518122
0 -105.172111
37.519031
0 -105.174334
37.51989
0 -105.173638
37.522998
0 -105.174656
37.525169
0 -105.17638
37.526144
0 -105.177548
37.529727
0 -105.17708
37.530314
0 -105.177714
37.534104
0 -105.179841
37.536126
0 -105.182998
37.538198
0 -105.183788
37.540896
0 -105.182098
37.54258
0 -105.182953
37.544651
0 -105.182917
37.546432
0 -105.178352
37.546319
0 -105.179238
37.54841
0 -105.182609
37.552128
0 -105.183885
37.552638
0 -105.183433
37.553835
0 -105.184017
37.555841
0 -105.188886
37.559478
0 -105.191886
37.562356
0 -105.193062
37.56389
0 -105.194809
37.564655
0 -105.193722
37.565516
0 -105.19351
37.566921
0 -105.19516
37.568106
0 -105.196044
37.569867
0 -105.198297
37.571815
0 -105.201616
37.574023
0 -105.205315
37.574261
0 -105.210072
37.57655
0 -105.211681
37.577661
0 -105.21386
37.577883
0 -105.21426
37.579728
0 -105.218333
37.582439
0 -105.218433
37.583496
0 -105.217157
37.584858
0 -105.2119
37.586089
0 -105.206701
37.58983
0 -105.205707
37.590809
0 -105.20377
37.594449
0 -105.202313
37.594788
0 -105.198752
37.594065
0 -105.196695
37.592754
0 -105.193237
37.592168
0 -105.193363
37.598063
0 -105.194095
37.601035
0 -105.195242
37.601424
0 -105.19635
37.603176
0 -105.195409
37.604673
0 -105.194832
37.607362
0 -105.195645
37.608939
0 -105.19286
37.610478
0 -105.192617
37.611851
0 -105.189993
37.614103
0 -105.188569
37.615139
0 -105.184441
37.615984
0 -105.187549
37.619669
0 -105.191726
37.619262
0 -105.194493
37.619664
0 -105.201507
37.619194
0 -105.205496
37.620627
0 -105.212119
37.623532
0 -105.214534
37.626425
0 -105.215793
37.626381
0 -105.219508
37.624238
0 -105.220027
37.62192
0 -105.221216
37.621171
0 -105.226145
37.620369
0 -105.235978
37.620773
0 -105.236594
37.621665
0 -105.241566
37.623724
0 -105.243362
37.629229
0 -105.245818
37.629956
0 -105.248764
37.629587
0 -105.252199
37.630259
0 -105.253797
37.631694
0 -105.254465
37.633276
0 -105.253644
37.636739
0 -105.255303
37.640258
0 -105.258146
37.640547
0 -105.259229
37.639569
0 -105.263509
37.639114
0 -105.266939
37.638353
0 -105.26711
37.639871
0 -105.268304
37.640612
0 -105.272959
37.641005
0 -105.275994
37.645224
0 -105.278676
37.646352
0 -105.28152
37.645381
0 -105.28492
37.645886
0 -105.287005
37.650953
0 -105.289697
37.650442
0 -105.29082
37.651547
0 -105.294109
37.652827
0 -105.295587
37.654416
0 -105.295406
37.656797
0 -105.297623
37.658143
0 -105.301801
37.653603
0 -105.303197
37.653085
0 -105.309117
37.653434
0 -105.309844
37.650527
0 -105.313356
37.649716
0 -105.315774
37.648155
0 -105.318344
37.648806
0 -105.322289
37.646178
0 -105.327499
37.64434
0 -105.329542
37.642981
0 -105.334945
37.643265
0 -105.337151
37.642641
0 -105.345448
37.642024
0 -105.346955
37.641166
0 -105.34856
37.637758
0 -105.352021
37.638197
0 -105.354509
37.637241
0 -105.355034
37.636158
0 -105.356774
37.636721
0 -105.361115
37.636666
0 -105.364041
37.638454
0 -105.36824
37.638576
0 -105.370305
37.639396
0 -105.370809
37.638249
0 -105.373751
37.635791
0 -105.37689
37.634452
0 -105.37841
37.631692
0 -105.380729
37.62888
0 -105.380797
37.627953
0 -105.384571
37.627605
0 -105.386551
37.626438
0 -105.389669
37.621166
0 -105.391365
37.618355
0 -105.393426
37.617095
0 -105.39615
37.616776
0 -105.399858
37.614238
0 -105.400312
37.613415
0 -105.403256
37.615657
0 -105.4084
37.618
0 -105.414911
37.615883
0 -105.416997
37.617413
0 -105.420905
37.616719
0 -105.423507
37.61678
0 -105.42851
37.613905
0 -105.431583
37.613386
0 -105.436021
37.613578
0 -105.438341
37.613288
0 -105.43995
37.612188
0 -105.442279
37.611851
0 -105.445044
37.607875
0 -105.445885
37.604507
0 -105.448172
37.602409
0 -105.44785
37.600252
0 -105.451302
37.598467
0 -105.452454
37.596197
0 -105.455224
37.593915
0 -105.454528
37.593249
0 -105.454492
37.590483
0 -105.460268
37.58673
0 -105.463321
37.585952
0 -105.464478
37.584609
0 -105.467275
37.584424
0 -105.469855
37.581871
0 -105.471447
37.581263
0 -105.475941
37.580629
0 -105.478843
37.579877
0 -105.480954
37.578655
0 -105.485516
37.577899
0 -105.488341
37.576914
0 -105.490668
37.575462
0 -105.492783
37.572949
0 -105.494227
37.572173
0 -105.49606
37.57006
0 -105.497305
37.56686
0 -105.49631
37.563852
0 -105.572879
37.499897
0 -105.57549
37.497919
0 -105.597019
37.480175
0 -105.603362
37.474125
0 -105.62203
37.459212
0 -105.623723
37.457585
0 -105.743339
37.356798
0 -105.749846
37.350878
0 -105.749326
37.349036
0 -105.747272
37.349239
0 -105.748003
37.348024
0 -105.75253
37.345559
0 -105.753278
37.344114
0 -105.75223
37.341951
0 -105.750673
37.34146
0 -105.749434
37.339049
0 -105.749565
37.337653
0 -105.750715
37.335967
0 -105.75059
37.333601
0 -105.746827
37.331029
0 -105.747594
37.329649
0 -105.747587
37.327041
0 -105.745849
37.323861
0 -105.743362
37.321943
0 -105.738935
37.320687
0 -105.738218
37.318857
0 -105.739044
37.318156
0 -105.74161
37.317463
0 -105.742474
37.315894
0 -105.741102
37.314507
0 -105.738193
37.314238
0 -105.737126
37.313274
0 -105.737902
37.310955
0 -105.736535
37.309567
0 -105.736566
37.308084
0 -105.738409
37.30676
0 -105.736677
37.305658
0 -105.735827
37.303849
0 -105.734563
37.302699
0 -105.732244
37.303111
0 -105.731578
37.304529
0 -105.729165
37.304871
0 -105.728
37.301463
0 -105.72784
37.298885
0 -105.725566
37.295502
0 -105.723551
37.295154
0 -105.722278
37.294295
0 -105.722285
37.292414
0 -105.720495
37.291129
0 -105.720538
37.288493
0 -105.720098
37.285846
0 -105.721533
37.285201
0 -105.724162
37.286354
0 -105.726839
37.286284
0 -105.728102
37.28507
0 -105.728383
37.28367
0 -105.72528
37.281026
0 -105.725388
37.280075
0 -105.723647
37.277228
0 -105.723532
37.275331
0 -105.723914
37.274611
0 -105.729677
37.271341
0 -105.732884
37.266376
0 -105.736185
37.266447
0 -105.737653
37.265546
0 -105.738779
37.263563
0 -105.736673
37.260141
0 -105.737579
37.257667
0 -105.740877
37.255353
0 -105.742782
37.255384
0 -105.743523
37.253714
0 -105.745478
37.251044
0 -105.746219
37.248905
0 -105.746099
37.247774
0 -105.744228
37.246558
0 -105.743837
37.243939
0 -105.740878
37.240925
0 -105.740778
37.236204
0 -105.741719
37.233912
0 -105.746054
37.231334
0 -105.746693
37.230367
0 -105.746045
37.226577
0 -105.743768
37.223548
0 -105.743593
37.221489
0 -105.745765
37.218131
0 -105.74425
37.214994
0 -105.741055
37.213328
0 -105.739552
37.211843
0 -105.739899
37.210549
0 -105.738343
37.207337
0 -105.738641
37.206332
0 -105.738011
37.203898
0 -105.739254
37.202779
0 -105.738271
37.200807
0 -105.736442
37.200219
0 -105.735977
37.199315
0 -105.736556
37.197173
0 -105.739001
37.194699
0 -105.738992
37.191486
0 -105.737336
37.189644
0 -105.734641
37.18962
0 -105.732846
37.188222
0 -105.732235
37.184553
0 -105.729818
37.180676
0 -105.729746
37.179459
0 -105.730923
37.176025
0 -105.735142
37.172941
0 -105.736908
37.170715
0 -105.736789
37.168531
0 -105.73791
37.165254
0 -105.736852
37.163701
0 -105.735835
37.163337
0 -105.734167
37.160997
0 -105.73225
37.159368
0 -105.731404
37.156249
0 -105.7323
37.153051
0 -105.734135
37.149888
0 -105.74062
37.145045
0 -105.744096
37.143491
0 -105.745758
37.140073
0 -105.748116
37.136641
0 -105.748834
37.135001
0 -105.748183
37.133268
0 -105.74779
37.12859
0 -105.748724
37.12241
0 -105.749871
37.119679
0 -105.749781
37.114647
0 -105.749162
37.112172
0 -105.74544
37.106279
0 -105.744305
37.104937
0 -105.741646
37.104064
0 -105.740764
37.101988
0 -105.742633
37.098764
0 -105.746064
37.095285
0 -105.747897
37.092391
0 -105.748454
37.088966
0 -105.750206
37.08708
0 -105.751304
37.086652
0 -105.753941
37.083521
0 -105.754404
37.082265
0 -105.757013
37.078155
0 -105.759667
37.077
0 -105.761174
37.073976
0 -105.762724
37.073406
0 -105.765658
37.068475
0 -105.766688
37.066235
0 -105.770357
37.064403
0 -105.770807
37.062527
0 -105.770171
37.061166
0 -105.767724
37.060429
0 -105.764206
37.05572
0 -105.765253
37.054775
0 -105.767882
37.0512
0 -105.766917
37.049033
0 -105.7675
37.047832
0 -105.770306
37.047197
0 -105.771391
37.045725
0 