-98.661956
34.405948
0 -98.662004
34.333431
0 -98.635393
34.333582
0 -98.60966
34.33372
0 -98.609617
34.319064
0 -98.609598
34.304502
0 -98.609483
34.296269
0 -98.609654
34.274888
0 -98.609826
34.209779
0 -98.609854
34.195277
0 -98.6101579900004
34.1570987199696
0 -98.608853
34.157521
0 -98.603978
34.160249
0 -98.599789
34.160571
0 -98.58554
34.152328
0 -98.577136
34.148962
0 -98.572451
34.145091
0 -98.567215
34.138105
0 -98.560191
34.133202
0 -98.552836
34.133568
0 -98.551982
34.13295
0 -98.550522
34.132194
0 -98.550219
34.130132
0 -98.551046
34.127818
0 -98.551845
34.127131
0 -98.554324
34.126605
0 -98.556252
34.127727
0 -98.558593
34.128254
0 -98.560136
34.126926
0 -98.560977
34.124631
0 -98.560574
34.123567
0 -98.559557
34.123418
0 -98.558027
34.122856
0 -98.55682
34.121079
0 -98.55387
34.119542
0 -98.550917
34.119334
0 -98.536257
34.107343
0 -98.530611
34.099843
0 -98.5282
34.094961
0 -98.504182
34.072371
0 -98.486328
34.062598
0 -98.48204
34.06227
0 -98.475066
34.064269
0 -98.46408
34.073775
0 -98.449034
34.073462
0 -98.446379
34.07543
0 -98.445094
34.080061
0 -98.442808
34.083144
0 -98.433653
34.085348
0 -98.42914
34.085564
0 -98.42523
34.084799
0 -98.423533
34.082843
0 -98.420408
34.082314
0 -98.4172066465269
34.0836697016676
0 -98.416089
34.084143
0 -98.411587
34.088057
0 -98.409596
34.09407
0 -98.411511
34.098615
0 -98.411374
34.100324
0 -98.409318
34.101293
0 -98.406735
34.10114
0 -98.402158
34.098653
0 -98.40051
34.099042
0 -98.399777
34.099973
0 -98.398389
34.104566
0 -98.39816
34.121396
0 -98.400494
34.121778
0 -98.400967
34.122236
0 -98.395024
34.131318
0 -98.388686
34.133217
0 -98.385271
34.13175
0 -98.382959
34.129549
0 -98.380865
34.130534
0 -98.379762
34.131174
0 -98.379927
34.132274
0 -98.381055
34.134771
0 -98.384965
34.136651
0 -98.386232
34.137728
0 -98.387084
34.140912
0 -98.38485
34.143844
0 -98.384546
34.145997
0 -98.381651
34.149202
0 -98.376911
34.150552
0 -98.374461
34.150758
0 -98.370495
34.152135
0 -98.367494
34.156191
0 -98.365621
34.156993
0 -98.364023
34.157109
0 -98.3481544432287
34.1546064260097
0 -98.325445
34.151025
0 -98.32258
34.14972
0 -98.31875
34.146421
0 -98.300209
34.134579
0 -98.293901
34.13302
0 -98.280321
34.13075
0 -98.276878
34.131046
0 -98.272994
34.132213
0 -98.271561
34.132282
0 -98.268972
34.131616
0 -98.268338
34.131662
0 -98.2676640848058
34.1318531679204
0 -98.267291
34.131959
0 -98.266217
34.132051
0 -98.2617
34.131568
0 -98.257955
34.129825
0 -98.256467
34.129481
0 -98.247954
34.130717
0 -98.241013
34.133103
0 -98.231042
34.134023
0 -98.2236
34.125093
0 -98.216463
34.121821
0 -98.203711
34.117676
0 -98.200075
34.116783
0 -98.191455
34.115753
0 -98.16912
34.114171
0 -98.157412
34.120467
0 -98.154354
34.122734
0 -98.142754
34.136359
0 -98.1389788043646
34.1418054010562
0 -98.139155
34.159235
0 -98.139297
34.180984
0 -98.139298
34.181067
0 -98.139226
34.289775
0 -98.139149
34.318711
0 -98.139098
34.333385
0 -98.139074
34.340447
0 -98.139074
34.340597
0 -98.13919
34.36233
0 -98.139191
34.369616
0 -98.139164
34.391304
0 -98.139169
34.398502
0 -98.139194
34.405559
0 -98.138962
34.420238
0 -98.139237
34.507003
0 -98.142148
34.506994
0 -98.178901
34.50696
0 -98.182275
34.507135
0 -98.185964
34.506992
0 -98.238274
34.507101
0 -98.24412
34.507121
0 -98.244074
34.470928
0 -98.244168
34.463723
0 -98.295887
34.463535
0 -98.295928
34.449043
0 -98.330751
34.448929
0 -98.337098
34.44892
0 -98.33886
34.448915
0 -98.409442
34.448849
0 -98.461489
34.44905
0 -98.504958
34.449414
0 -98.504988
34.420452
0 -98.523377
34.420453
0 -98.609561
34.420623
0 -98.609536
34.406143
0 -98.661956
34.405948
0 