-85.013199
33.429828
0 -85.015358
33.425506
0 -84.995773
33.375115
0 -84.995536
33.374688
0 -84.968201
33.302163
0 -84.958646
33.277053
0 -84.958583
33.282365
0 -84.956894
33.282353
0 -84.948815
33.282277
0 -84.94881
33.265653
0 -84.954578
33.265608
0 -84.948988
33.25123
0 -84.939015
33.224693
0 -84.933196
33.224634
0 -84.93226
33.224623
0 -84.894317
33.224244
0 -84.862135
33.223858
0 -84.861977
33.215892
0 -84.862198
33.207541
0 -84.871954
33.207433
0 -84.870345
33.20496
0 -84.870016
33.201639
0 -84.86917
33.198388
0 -84.869904
33.195662
0 -84.867099
33.195915
0 -84.865138
33.198115
0 -84.862382
33.199143
0 -84.862359
33.191173
0 -84.852304
33.191043
0 -84.852345
33.215517
0 -84.85236
33.22359
0 -84.835008
33.223511
0 -84.824733
33.223472
0 -84.812765
33.223406
0 -84.795278
33.223346
0 -84.754291
33.223194
0 -84.747761
33.223173
0 -84.7427
33.223098
0 -84.736834
33.223222
0 -84.715068
33.222969
0 -84.71497
33.231187
0 -84.696779
33.231493
0 -84.696891
33.223065
0 -84.674613
33.222735
0 -84.674514
33.226496
0 -84.669476
33.226428
0 -84.669374
33.229708
0 -84.665998
33.229636
0 -84.651461
33.229481
0 -84.651506
33.222518
0 -84.635725
33.22244
0 -84.621777
33.222149
0 -84.576212
33.221704
0 -84.575955
33.221687
0 -84.565975
33.221535
0 -84.502352
33.221055
0 -84.504279
33.222592
0 -84.50398
33.223322
0 -84.50645
33.226094
0 -84.505957
33.228738
0 -84.504824
33.228526
0 -84.505647
33.226788
0 -84.503831
33.227328
0 -84.502932
33.229256
0 -84.50092
33.231175
0 -84.50029
33.233444
0 -84.502062
33.233831
0 -84.502269
33.236964
0 -84.50407
33.239136
0 -84.506129
33.23892
0 -84.507194
33.23789
0 -84.508513
33.239846
0 -84.507915
33.24254
0 -84.50881
33.243509
0 -84.508926
33.245222
0 -84.507585
33.245883
0 -84.507642
33.248772
0 -84.506586
33.248286
0 -84.504332
33.250109
0 -84.501612
33.251462
0 -84.499708
33.250067
0 -84.498246
33.25002
0 -84.497301
33.252325
0 -84.497043
33.256242
0 -84.497527
33.257422
0 -84.499081
33.259147
0 -84.500422
33.259359
0 -84.502168
33.261417
0 -84.501991
33.263097
0 -84.500212
33.264625
0 -84.501335
33.267716
0 -84.502999
33.270178
0 -84.503895
33.270145
0 -84.502981
33.272056
0 -84.504747
33.274279
0 -84.506585
33.274878
0 -84.507083
33.277046
0 -84.504819
33.279693
0 -84.504406
33.280904
0 -84.505717
33.282666
0 -84.506922
33.282834
0 -84.508539
33.281036
0 -84.511172
33.28201
0 -84.512212
33.280628
0 -84.513371
33.282145
0 -84.512604
33.282941
0 -84.513474
33.285766
0 -84.512826
33.286285
0 -84.514279
33.288767
0 -84.514597
33.290138
0 -84.517416
33.293036
0 -84.517872
33.295094
0 -84.517037
33.298592
0 -84.515517
33.300066
0 -84.514669
33.303195
0 -84.51634
33.304736
0 -84.516601
33.305805
0 -84.518567
33.307951
0 -84.52007
33.308495
0 -84.520686
33.310726
0 -84.520633
33.312789
0 -84.5218
33.312998
0 -84.521294
33.314453
0 -84.517778
33.316271
0 -84.518243
33.318331
0 -84.521579
33.318596
0 -84.522234
33.319087
0 -84.524425
33.321309
0 -84.526272
33.321447
0 -84.528184
33.326942
0 -84.530321
33.32837
0 -84.531708
33.327685
0 -84.535345
33.331822
0 -84.534642
33.335658
0 -84.536681
33.335623
0 -84.54105
33.335563
0 -84.543575
33.336838
0 -84.54458
33.338794
0 -84.545302
33.338514
0 -84.549304
33.338548
0 -84.551878
33.341804
0 -84.555367
33.341209
0 -84.558426
33.34028
0 -84.560415
33.340564
0 -84.562782
33.342557
0 -84.564686
33.34454
0 -84.564903
33.344651
0 -84.565918
33.345623
0 -84.568729
33.347006
0 -84.569341
33.348121
0 -84.571275
33.348529
0 -84.571457
33.350273
0 -84.574563
33.353364
0 -84.574959
33.356129
0 -84.577008
33.358561
0 -84.578608
33.358986
0 -84.581859
33.356616
0 -84.58371
33.356693
0 -84.586047
33.357885
0 -84.586254
33.36029
0 -84.587176
33.361877
0 -84.58647
33.364379
0 -84.589916
33.369692
0 -84.590361
33.371713
0 -84.592245
33.376143
0 -84.592309
33.378248
0 -84.594172
33.381616
0 -84.594954
33.382356
0 -84.597349
33.381458
0 -84.598314
33.384389
0 -84.597639
33.385194
0 -84.599148
33.386892
0 -84.600995
33.386851
0 -84.601471
33.388115
0 -84.60447
33.391289
0 -84.606355
33.391782
0 -84.606153
33.393143
0 -84.608078
33.392471
0 -84.608899
33.393216
0 -84.608379
33.394379
0 -84.606888
33.394982
0 -84.607591
33.395967
0 -84.608737
33.396307
0 -84.609646
33.397019
0 -84.609918
33.397427
0 -84.61034
33.398708
0 -84.60912
33.400405
0 -84.611993
33.400911
0 -84.6131
33.401533
0 -84.615745
33.407832
0 -84.616799
33.413082
0 -84.618211
33.414743
0 -84.619567
33.417645
0 -84.619709
33.420569
0 -84.619362
33.422396
0 -84.619928
33.424463
0 -84.62177
33.427187
0 -84.62183
33.430424
0 -84.624072
33.436928
0 -84.625382
33.437582
0 -84.62614
33.439037
0 -84.62722
33.440078
0 -84.625723
33.443593
0 -84.626308
33.444857
0 -84.625772
33.447823
0 -84.624461
33.448591
0 -84.626219
33.450024
0 -84.626761
33.451943
0 -84.62616
33.454748
0 -84.626615
33.457123
0 -84.626154
33.459097
0 -84.627061
33.460261
0 -84.625165
33.462705
0 -84.626489
33.464835
0 -84.624925
33.465614
0 -84.623304
33.468372
0 -84.624302
33.469958
0 -84.624855
33.472949
0 -84.625951
33.474473
0 -84.625609
33.476795
0 -84.624766
33.47867
0 -84.622417
33.48086
0 -84.618562
33.482515
0 -84.616899
33.486983
0 -84.614839
33.489637
0 -84.613508
33.492461
0 -84.612465
33.494436
0 -84.61106
33.500224
0 -84.609519
33.501035
0 -84.60954
33.502511
0 -84.616339
33.502515
0 -84.616371
33.503257
0 -84.620879
33.503291
0 -84.621031
33.510713
0 -84.631833
33.511094
0 -84.632147
33.511097
0 -84.654284
33.511393
0 -84.654957
33.511401
0 -84.670105
33.511758
0 -84.670726
33.511148
0 -84.670978
33.510016
0 -84.672314
33.511097
0 -84.679428
33.510908
0 -84.680029
33.51147
0 -84.692893
33.511406
0 -84.699835
33.511369
0 -84.710859
33.510967
0 -84.721003
33.510895
0 -84.730537
33.51079
0 -84.747924
33.510638
0 -84.749934
33.510795
0 -84.837018
33.511397
0 -84.850713
33.511457
0 -84.851242
33.510627
0 -84.851261
33.507188
0 -84.852192
33.501772
0 -84.853574
33.498483
0 -84.85529
33.495947
0 -84.857073
33.494484
0 -84.863144
33.492413
0 -84.866614
33.49174
0 -84.868696
33.491731
0 -84.874064
33.492508
0 -84.875478
33.492417
0 -84.877543
33.491667
0 -84.881463
33.487642
0 -84.886111
33.483932
0 -84.893095
33.479621
0 -84.894763
33.478339
0 -84.90055
33.476826
0 -84.902467
33.475848
0 -84.907289
33.471392
0 -84.908788
33.469191
0 -84.909048
33.467081
0 -84.908288
33.461751
0 -84.909346
33.459533
0 -84.91094
33.458869
0 -84.915767
33.457876
0 -84.918259
33.456694
0 -84.919195
33.455651
0 -84.920498
33.452264
0 -84.92041
33.450547
0 -84.91924
33.448512
0 -84.9213
33.445267
0 -84.929805
33.443046
0 -84.932536
33.441736
0 -84.935974
33.437182
0 -84.937426
33.436753
0 -84.943204
33.436534
0 -84.945106
33.437207
0 -84.950103
33.440849
0 -84.954457
33.439318
0 -84.955996
33.440815
0 -84.96142
33.444857
0 -84.966067
33.448759
0 -84.969228
33.450381
0 -84.972878
33.45183
0 -84.973902
33.452679
0 -84.976349
33.45497
0 -84.979481
33.456642
0 -84.981925
33.457344
0 -84.984767
33.457177
0 -84.986211
33.456465
0 -84.988757
33.453581
0 -84.989061
33.45214
0 -84.985199
33.445801
0 -84.985154
33.442691
0 -84.986542
33.441287
0 -84.995014
33.436214
0 -84.997192
33.435032
0 -85.011209
33.431044
0 -85.012461
33.430542
0 -85.013199
33.429828
0 