-97.153331
37.475544
0 -97.151388
37.440986
0 -97.15034
37.412492
0 -97.149513
37.390716
0 -97.150785
37.390743
0 -97.150681
37.361677
0 -97.15064
37.347156
0 -97.150853
37.318102
0 -97.150845
37.303713
0 -97.150739
37.288359
0 -97.150614
37.274729
0 -97.150363
37.250023
0 -97.149943
37.249686
0 -97.149812
37.243807
0 -97.149543
37.223185
0 -97.14975
37.216518
0 -97.150072
37.211591
0 -97.149541
37.201633
0 -97.149412
37.186966
0 -97.149354
37.166495
0 -97.149544
37.165145
0 -97.1494
37.142949
0 -97.149296
37.137323
0 -97.149233
37.128605
0 -97.148843
37.12149
0 -97.149059
37.116654
0 -97.149056
37.115943
0 -97.149007
37.1105
0 -97.148949
37.106905
0 -97.148926
37.104975
0 -97.148913
37.103417
0 -97.148844
37.099646
0 -97.148757
37.093007
0 -97.147721
36.999111
0 -97.122597
36.999036
0 -97.120285
36.999014
0 -97.1114071565137
36.9990173273197
0 -97.104276
36.99902
0 -97.100652
36.998998
0 -97.0455423673474
36.9989998107916
0 -97.039784
36.999
0 -97.030082
36.998929
0 -96.975562
36.999019
0 -96.967371
36.999067
0 -96.934642
36.99907
0 -96.9252940031478
36.9991294945977
0 -96.921915
36.999151
0 -96.917093
36.999182
0 -96.903748155059
36.9991328766659
0 -96.90351
36.999132
0 -96.902083
36.999155
0 -96.87629
36.999233
0 -96.867517
36.999217
0 -96.8674690282009
36.99921696246
0 -96.8229000218444
36.9991820853142
0 -96.822791
36.999182
0 -96.795199
36.99886
0 -96.79206
36.99918
0 -96.749838
36.998988
0 -96.74127
36.999239
0 -96.73659
36.999286
0 -96.7319830041273
36.9992833531125
0 -96.7105846709103
36.9992710589882
0 -96.710482
36.999271
0 -96.705431
36.999203
0 -96.6244880080759
36.9989820415686
0 -96.6073590074175
36.9989352827693
0 -96.5255776738603
36.9987120358304
0 -96.525537
37.070544
0 -96.525465
37.095273
0 -96.525425
37.099638
0 -96.52534
37.143245
0 -96.525401
37.201348
0 -96.525265
37.244305
0 -96.525268
37.259504
0 -96.524873
37.30273
0 -96.52514
37.388546
0 -96.525296
37.403387
0 -96.52545
37.432122
0 -96.525652
37.450234
0 -96.525477
37.455154
0 -96.52569
37.476405
0 -96.539597
37.47641
0 -96.544587
37.476643
0 -96.714886
37.475376
0 -96.715121
37.475375
0 -96.725215
37.475619
0 -96.733757
37.475488
0 -96.751907
37.475667
0 -96.825955
37.476126
0 -96.835068
37.47616
0 -96.875343
37.476095
0 -96.925631
37.475706
0 -96.935147
37.475652
0 -96.936629
37.475703
0 -96.937635
37.475735
0 -96.989968
37.475692
0 -97.008105
37.475785
0 -97.015869
37.475777
0 -97.016721
37.475807
0 -97.017337
37.475809
0 -97.043882
37.475805
0 -97.107791
37.475486
0 -97.108438
37.475487
0 -97.153331
37.475544
0 