-123.217841
46.385128
0 -123.217208
46.369759
0 -123.215327
46.324137
0 -123.21445
46.284039
0 -123.217034
46.249831
0 -123.216133
46.213432
0 -123.214333
46.213332
0 -123.213883
46.199052
0 -123.213054
46.172541
0 -123.166414
46.188973
0 -123.119730298412
46.1855486659199
0 -123.115904
46.185268
0 -123.105021
46.177676
0 -123.072955001104
46.1633673272527
0 -123.051064
46.153599
0 -123.041297
46.146351
0 -123.03382
46.144336
0 -123.022885224802
46.1394405031112
0 -123.022147
46.13911
0 -123.009436
46.136043
0 -123.004233
46.133823
0 -122.966694913215
46.1076189726297
0 -122.962681
46.104817
0 -122.939676274918
46.0965350318481
0 -122.937415175285
46.0957210097251
0 -122.930461538264
46.0932176196547
0 -122.904119
46.083734
0 -122.902954826569
46.0823438200884
0 -122.885933339972
46.0620178719878
0 -122.884478
46.06028
0 -122.88346281138
46.0556700008141
0 -122.88307501286
46.0539089971681
0 -122.881327583221
46.0459738715663
0 -122.878092
46.031281
0 -122.87766154657
46.0309510655119
0 -122.858606334717
46.0163456026836
0 -122.856158
46.014469
0 -122.838578021636
45.9825279259201
0 -122.837638
45.98082
0 -122.833420843631
45.977281441889
0 -122.813998
45.960984
0 -122.812215297032
45.9544589188485
0 -122.811841461838
45.9530906006144
0 -122.806193
45.932416
0 -122.811204257205
45.9138572891451
0 -122.81151
45.912725
0 -122.81006272961
45.9096628567015
0 -122.808350897773
45.9060409527215
0 -122.798928474411
45.8861049333381
0 -122.798091
45.884333
0 -122.796820718279
45.8827157121207
0 -122.794675088814
45.8799839554795
0 -122.785026
45.867699
0 -122.785121333263
45.8643529779321
0 -122.785299579417
45.8580968659956
0 -122.785515
45.850536
0 -122.780438
45.8513
0 -122.777387
45.85298
0 -122.77491
45.85616
0 -122.773254
45.857434
0 -122.765777
45.860202
0 -122.76152
45.861588
0 -122.752297
45.863786
0 -122.751089
45.86436
0 -122.749104
45.865405
0 -122.747037
45.86765
0 -122.743205
45.870121
0 -122.74139
45.87051
0 -122.735857
45.870594
0 -122.72815
45.868454
0 -122.722655
45.866591
0 -122.720479
45.866824
0 -122.719161
45.867465
0 -122.719343
45.8703
0 -122.71992
45.871121
0 -122.721949
45.872784
0 -122.728679
45.877391
0 -122.73183
45.881273
0 -122.734197
45.885759
0 -122.7344
45.888529
0 -122.732627
45.893049
0 -122.732825
45.895602
0 -122.73396
45.89544
0 -122.740335
45.893211
0 -122.744522
45.892636
0 -122.747064
45.893485
0 -122.749446
45.896269
0 -122.748564
45.898528
0 -122.748456
45.898808
0 -122.744473
45.900445
0 -122.741373
45.900608
0 -122.740162
45.900849
0 -122.739639
45.900954
0 -122.737392
45.902374
0 -122.737332
45.905775
0 -122.739534
45.910802
0 -122.740343
45.91393
0 -122.740128
45.914754
0 -122.738996
45.915287
0 -122.732568
45.914027
0 -122.72639
45.915577
0 -122.724994
45.916821
0 -122.723207
45.919527
0 -122.719564
45.923353
0 -122.718531
45.926149
0 -122.720193
45.929295
0 -122.72091
45.931892
0 -122.719712
45.933256
0 -122.717806
45.933732
0 -122.712904
45.931474
0 -122.709691
45.931281
0 -122.704683
45.933281
0 -122.701502
45.934711
0 -122.699326
45.934426
0 -122.695052
45.937427
0 -122.694974
45.940756
0 -122.692946
45.94157
0 -122.689331
45.941331
0 -122.683956
45.939771
0 -122.679237
45.937938
0 -122.675025
45.937309
0 -122.669259
45.936991
0 -122.660904
45.932469
0 -122.659457
45.929595
0 -122.656382
45.927958
0 -122.654862
45.928784
0 -122.653426
45.932132
0 -122.651122
45.934123
0 -122.645084
45.936845
0 -122.642487
45.938104
0 -122.638914
45.93764
0 -122.635645
45.937731
0 -122.634115
45.936474
0 -122.630409
45.935776
0 -122.627175
45.935622
0 -122.620036
45.936849
0 -122.61573
45.935702
0 -122.613071
45.936409
0 -122.610256
45.938181
0 -122.606023
45.939989
0 -122.604522
45.941861
0 -122.601031
45.944774
0 -122.590277
45.948373
0 -122.585448
45.952795
0 -122.583168
45.953706
0 -122.580265
45.954672
0 -122.578026
45.954696
0 -122.572051
45.952566
0 -122.56957
45.95259
0 -122.56458
45.951671
0 -122.560191
45.952163
0 -122.557421
45.953845
0 -122.556033
45.956668
0 -122.554575
45.959819
0 -122.549802
45.962647
0 -122.54687
45.966961
0 -122.542884
45.968953
0 -122.538281
45.970161
0 -122.536065
45.97161
0 -122.532755
45.972839
0 -122.531799
45.974019
0 -122.534836
45.976995
0 -122.534496
45.979217
0 -122.527247
45.981977
0 -122.523005
45.984088
0 -122.521863
45.984145
0 -122.52089
45.984174
0 -122.51791
45.982829
0 -122.515517
45.983113
0 -122.513662
45.984272
0 -122.510669
45.984935
0 -122.508934
45.984246
0 -122.50828
45.981691
0 -122.506397
45.980326
0 -122.501211
45.980008
0 -122.496959
45.980747
0 -122.496562
45.98246
0 -122.498262
45.984716
0 -122.498396
45.98635
0 -122.497484
45.986977
0 -122.493875
45.986778
0 -122.489618
45.983504
0 -122.485917
45.983289
0 -122.484659
45.983625
0 -122.483302
45.986352
0 -122.478753
45.987938
0 -122.477104
45.988089
0 -122.4745
45.987183
0 -122.470126
45.986355
0 -122.468495
45.987001
0 -122.46357
45.986657
0 -122.462695
45.986398
0 -122.452436
45.984955
0 -122.446446
45.983182
0 -122.444816
45.981199
0 -122.444737
45.97777
0 -122.442208
45.975849
0 -122.439196
45.976366
0 -122.435316
45.975103
0 -122.43176
45.975683
0 -122.428909
45.976877
0 -122.426025
45.977394
0 -122.422405
45.977387
0 -122.418487
45.976718
0 -122.41836
45.974013
0 -122.413554
45.973625
0 -122.410821
45.973917
0 -122.40627
45.97327
0 -122.402816
45.972144
0 -122.398515
45.972496
0 -122.394237
45.96991
0 -122.389768
45.966664
0 -122.385357
45.965905
0 -122.382929
45.964844
0 -122.379833
45.961649
0 -122.37515
45.960132
0 -122.372915
45.960758
0 -122.368899
45.961309
0 -122.366894
45.962723
0 -122.363176
45.962712
0 -122.363065
45.959776
0 -122.361031
45.958004
0 -122.357765
45.956915
0 -122.356315
45.95685
0 -122.352134
45.958776
0 -122.350386
45.958284
0 -122.347323
45.95931
0 -122.343478
45.959548
0 -122.339711
45.961563
0 -122.335622
45.963119
0 -122.331874
45.966348
0 -122.328617
45.97105
0 -122.326645
45.972817
0 -122.324381
45.976145
0 -122.325722
45.978712
0 -122.325286
45.982726
0 -122.323844
45.98381
0 -122.319202
45.984866
0 -122.31836
45.985355
0 -122.317478
45.98829
0 -122.3148
45.990829
0 -122.315061
45.992301
0 -122.316634
45.993951
0 -122.322495
45.996422
0 -122.325003
45.999832
0 -122.325147
46.003898
0 -122.323963
46.005812
0 -122.32451
46.007146
0 -122.32836
46.009461
0 -122.328768
46.010811
0 -122.328294
46.011498
0 -122.325431
46.01256
0 -122.322163
46.012602
0 -122.319932
46.011793
0 -122.318496
46.011993
0 -122.317469
46.012659
0 -122.313715
46.016995
0 -122.313731
46.019193
0 -122.315188
46.021577
0 -122.312263
46.026899
0 -122.311711
46.028794
0 -122.305885
46.029574
0 -122.303172
46.032599
0 -122.301574
46.033735
0 -122.297173
46.035303
0 -122.294708
46.037973
0 -122.29475
46.045148
0 -122.295215
46.047376
0 -122.294443
46.049191
0 -122.292562
46.049837
0 -122.288618
46.049382
0 -122.287354
46.049598
0 -122.283427
46.051413
0 -122.281489
46.053983
0 -122.280197
46.054763
0 -122.27653
46.058243
0 -122.272974
46.059404
0 -122.269199
46.059632
0 -122.26432
46.058971
0 -122.25915
46.057793
0 -122.255061
46.056116
0 -122.25162
46.055508
0 -122.251904
46.054005
0 -122.246319
46.053715
0 -122.245633
46.053932
0 -122.245668
46.063248
0 -122.245778
46.128154
0 -122.245771
46.142899
0 -122.246335
46.211351
0 -122.242314
46.211234
0 -122.241008
46.324843
0 -122.239934
46.385268
0 -122.241696
46.385292
0 -122.290519
46.385654
0 -122.302237
46.385709
0 -122.363691
46.385995
0 -122.363922
46.386996
0 -122.410423
46.387275
0 -122.41936
46.387495
0 -122.427202
46.387185
0 -122.489363
46.387354
0 -122.580065
46.387654
0 -122.623402
46.387805
0 -122.628576
46.387427
0 -122.698046
46.387232
0 -122.702614
46.387265
0 -122.878638
46.38732
0 -122.932242
46.387385
0 -122.932576
46.387386
0 -122.943712
46.387389
0 -122.955105
46.387413
0 -122.994844
46.38744
0 -123.011831
46.38803
0 -123.114212
46.38744
0 -123.138897
46.386881
0 -123.217841
46.385128
0 