-102.767687
31.638548
0 -102.767533
31.625179
0 -102.767427
31.624486
0 -102.767382
31.51568
0 -102.767502
31.432791
0 -102.767562
31.361601
0 -102.767365
31.293803
0 -102.76459
31.29421
0 -102.762548
31.293022
0 -102.761748
31.294495
0 -102.760148
31.293131
0 -102.757065
31.291565
0 -102.75595
31.291705
0 -102.757636
31.28992
0 -102.755132
31.290422
0 -102.756487
31.288258
0 -102.75599
31.286724
0 -102.754401
31.285672
0 -102.755154
31.284813
0 -102.757053
31.284996
0 -102.756894
31.283254
0 -102.755945
31.282374
0 -102.753929
31.279261
0 -102.750532
31.280372
0 -102.749497
31.281776
0 -102.746454
31.282554
0 -102.744331
31.281358
0 -102.743225
31.281564
0 -102.744492
31.282908
0 -102.742316
31.28481
0 -102.742082
31.283179
0 -102.739244
31.282596
0 -102.737558
31.283748
0 -102.736891
31.285638
0 -102.734984
31.285591
0 -102.731491
31.286492
0 -102.730463
31.287211
0 -102.729976
31.287703
0 -102.731403
31.289347
0 -102.732595
31.292129
0 -102.73216
31.292975
0 -102.730543
31.293182
0 -102.729181
31.294107
0 -102.729185
31.295264
0 -102.731464
31.295122
0 -102.732277
31.29833
0 -102.729972
31.29779
0 -102.729495
31.298421
0 -102.730795
31.299549
0 -102.730253
31.301151
0 -102.728935
31.299977
0 -102.727197
31.299566
0 -102.726756
31.300434
0 -102.729259
31.302076
0 -102.729445
31.30306
0 -102.726076
31.304619
0 -102.724875
31.308418
0 -102.723055
31.307126
0 -102.721905
31.309675
0 -102.720133
31.309704
0 -102.719026
31.309032
0 -102.717745
31.310793
0 -102.714904
31.310019
0 -102.711787
31.310357
0 -102.711607
31.312292
0 -102.709994
31.312536
0 -102.708332
31.31113
0 -102.70647
31.312045
0 -102.703452
31.314659
0 -102.701357
31.314586
0 -102.698964
31.31611
0 -102.696971
31.318189
0 -102.695853
31.318753
0 -102.690602
31.319997
0 -102.688918
31.321007
0 -102.688719
31.322086
0 -102.686524
31.322166
0 -102.683287
31.323294
0 -102.681677
31.325162
0 -102.679914
31.325349
0 -102.67889
31.32645
0 -102.676497
31.326823
0 -102.677247
31.329272
0 -102.676104
31.330084
0 -102.673244
31.328105
0 -102.671522
31.328208
0 -102.670288
31.326992
0 -102.667909
31.326819
0 -102.666224
31.325136
0 -102.664388
31.321336
0 -102.664387
31.316935
0 -102.665419
31.314054
0 -102.66385
31.315367
0 -102.66198
31.315902
0 -102.660772
31.314335
0 -102.658478
31.314619
0 -102.656689
31.313533
0 -102.655154
31.315676
0 -102.652728
31.312775
0 -102.651049
31.312242
0 -102.650082
31.314085
0 -102.649024
31.314057
0 -102.64808
31.315588
0 -102.647369
31.315017
0 -102.648229
31.313509
0 -102.647457
31.312865
0 -102.646287
31.313581
0 -102.643599
31.311799
0 -102.642306
31.310238
0 -102.641008
31.309682
0 -102.642135
31.308423
0 -102.641703
31.307329
0 -102.640208
31.308116
0 -102.639894
31.306498
0 -102.638015
31.304873
0 -102.635471
31.305444
0 -102.637007
31.301291
0 -102.636844
31.299208
0 -102.635571
31.298108
0 -102.637907
31.296377
0 -102.636225
31.295381
0 -102.635838
31.294178
0 -102.634975
31.293461
0 -102.632037
31.2939
0 -102.629977
31.291352
0 -102.628955
31.291026
0 -102.623598
31.29232
0 -102.622117
31.291111
0 -102.621987
31.289809
0 -102.62048
31.289112
0 -102.619094
31.289677
0 -102.616377
31.289386
0 -102.617074
31.287714
0 -102.616804
31.28582
0 -102.61459
31.285097
0 -102.613476
31.285377
0 -102.612552
31.284567
0 -102.608869
31.286076
0 -102.608088
31.283919
0 -102.61015
31.283586
0 -102.609873
31.282008
0 -102.607142
31.281685
0 -102.606994
31.280969
0 -102.608688
31.28042
0 -102.60618
31.279002
0 -102.605083
31.279228
0 -102.604491
31.276434
0 -102.602728
31.276055
0 -102.603355
31.274071
0 -102.604359
31.273416
0 -102.60412
31.271087
0 -102.603144
31.270584
0 -102.601283
31.272021
0 -102.601629
31.270054
0 -102.599323
31.270427
0 -102.598748
31.268601
0 -102.600198
31.268226
0 -102.600677
31.267097
0 -102.598891
31.265791
0 -102.596597
31.266568
0 -102.5969
31.264847
0 -102.596251
31.263962
0 -102.5956
31.264377
0 -102.59529
31.266343
0 -102.594076
31.26735
0 -102.591766
31.265282
0 -102.591624
31.264138
0 -102.588877
31.263527
0 -102.589287
31.262059
0 -102.588474
31.260203
0 -102.587239
31.260839
0 -102.586157
31.263288
0 -102.583891
31.26288
0 -102.583566
31.265194
0 -102.582395
31.264956
0 -102.581663
31.263363
0 -102.580566
31.262947
0 -102.580194
31.263857
0 -102.582058
31.26558
0 -102.581594
31.267298
0 -102.579844
31.267736
0 -102.578943
31.271745
0 -102.577346
31.271024
0 -102.578091
31.269619
0 -102.575784
31.267735
0 -102.57493
31.268983
0 -102.576134
31.269415
0 -102.576554
31.270807
0 -102.574953
31.272627
0 -102.570919
31.269983
0 -102.569393
31.2708
0 -102.566561
31.26982
0 -102.566272
31.270549
0 -102.567732
31.27183
0 -102.567207
31.27265
0 -102.565965
31.27116
0 -102.564054
31.270865
0 -102.564497
31.269267
0 -102.562424
31.269008
0 -102.560599
31.267573
0 -102.557934
31.267783
0 -102.556723
31.268642
0 -102.555973
31.268133
0 -102.554559
31.268796
0 -102.553267
31.268446
0 -102.549641
31.268988
0 -102.549433
31.267924
0 -102.551225
31.267546
0 -102.550358
31.265791
0 -102.549296
31.265744
0 -102.547703
31.267344
0 -102.547171
31.266433
0 -102.545623
31.266344
0 -102.544306
31.267311
0 -102.543503
31.265088
0 -102.54217
31.26594
0 -102.541741
31.267269
0 -102.540573
31.26721
0 -102.541002
31.265713
0 -102.538237
31.265474
0 -102.538102
31.263889
0 -102.536213
31.265343
0 -102.536165
31.263427
0 -102.53493
31.262196
0 -102.533692
31.262193
0 -102.533161
31.260727
0 -102.53134
31.260956
0 -102.529976
31.262108
0 -102.528579
31.261774
0 -102.527748
31.262422
0 -102.526711
31.261863
0 -102.525313
31.262449
0 -102.524406
31.261874
0 -102.523063
31.262698
0 -102.523231
31.260723
0 -102.52257
31.260599
0 -102.521483
31.262588
0 -102.520365
31.262565
0 -102.519139
31.26104
0 -102.515165
31.260472
0 -102.515158
31.258877
0 -102.511156
31.2595
0 -102.511191
31.258466
0 -102.509233
31.258488
0 -102.50889
31.257183
0 -102.506965
31.256625
0 -102.506679
31.253978
0 -102.504184
31.252876
0 -102.502299
31.252975
0 -102.503231
31.251284
0 -102.501899
31.250675
0 -102.50223
31.248915
0 -102.498978
31.24756
0 -102.501902
31.245813
0 -102.500359
31.245132
0 -102.500396
31.246201
0 -102.498265
31.246236
0 -102.497703
31.245321
0 -102.496098
31.244887
0 -102.497194
31.244217
0 -102.495835
31.243538
0 -102.495506
31.242206
0 -102.494041
31.241525
0 -102.49384
31.24038
0 -102.491008
31.24071
0 -102.489655
31.238006
0 -102.491102
31.235638
0 -102.490101
31.235134
0 -102.488564
31.235791
0 -102.489027
31.234538
0 -102.487685
31.234827
0 -102.487452
31.236004
0 -102.485767
31.235566
0 -102.486049
31.238006
0 -102.484027
31.237528
0 -102.483822
31.23542
0 -102.48214
31.235903
0 -102.481396
31.235341
0 -102.481629
31.233874
0 -102.479254
31.233351
0 -102.47897
31.232384
0 -102.477608
31.231871
0 -102.476482
31.229248
0 -102.474012
31.229451
0 -102.473383
31.227182
0 -102.47248
31.226736
0 -102.472379
31.228422
0 -102.46995
31.227842
0 -102.468945
31.228336
0 -102.467568
31.226924
0 -102.46556
31.226417
0 -102.465678
31.225685
0 -102.468694
31.223431
0 -102.466397
31.222194
0 -102.466963
31.221218
0 -102.465439
31.220664
0 -102.465741
31.219888
0 -102.466622
31.219546
0 -102.46851
31.220581
0 -102.469559
31.21999
0 -102.468363
31.219196
0 -102.467178
31.218548
0 -102.465393
31.218891
0 -102.464362
31.217878
0 -102.463737
31.218851
0 -102.462553
31.218903
0 -102.462948
31.222039
0 -102.461367
31.221616
0 -102.460181
31.222668
0 -102.459124
31.222042
0 -102.458057
31.22357
0 -102.457234
31.222585
0 -102.456093
31.223697
0 -102.455729
31.222107
0 -102.45294
31.220019
0 -102.454414
31.219136
0 -102.452469
31.217668
0 -102.452909
31.216221
0 -102.451475
31.216443
0 -102.451647
31.215299
0 -102.450595
31.213329
0 -102.447866
31.213556
0 -102.448212
31.212616
0 -102.446958
31.212842
0 -102.446575
31.213873
0 -102.44738
31.214621
0 -102.445848
31.214517
0 -102.443641
31.212518
0 -102.442389
31.212798
0 -102.441851
31.209692
0 -102.44011
31.210196
0 -102.440593
31.208581
0 -102.439401
31.208935
0 -102.439121
31.208031
0 -102.440476
31.207229
0 -102.439746
31.205579
0 -102.438022
31.204807
0 -102.437155
31.202336
0 -102.43802
31.20079
0 -102.437811
31.199539
0 -102.438657
31.198397
0 -102.438047
31.197341
0 -102.436107
31.197356
0 -102.433834
31.195573
0 -102.432131
31.19672
0 -102.43187
31.195682
0 -102.433334
31.194254
0 -102.429545
31.193557
0 -102.431199
31.192214
0 -102.4295
31.191185
0 -102.428545
31.189325
0 -102.428186
31.186071
0 -102.429444
31.183249
0 -102.428936
31.181919
0 -102.427576
31.181431
0 -102.427205
31.180021
0 -102.42567
31.179771
0 -102.425107
31.17816
0 -102.426548
31.177712
0 -102.428048
31.176136
0 -102.427735
31.175013
0 -102.428744
31.174641
0 -102.430217
31.175375
0 -102.430101
31.174249
0 -102.42865
31.1738
0 -102.427451
31.171714
0 -102.426214
31.172706
0 -102.425852
31.171294
0 -102.42774
31.168096
0 -102.427862
31.1665
0 -102.425805
31.166493
0 -102.425273
31.163615
0 -102.423451
31.163316
0 -102.425716
31.162003
0 -102.425936
31.159766
0 -102.425052
31.159186
0 -102.423847
31.16027
0 -102.423283
31.158109
0 -102.42344
31.155821
0 -102.424664
31.155016
0 -102.424607
31.153785
0 -102.425629
31.152198
0 -102.424411
31.151725
0 -102.423834
31.149807
0 -102.422872
31.149248
0 -102.424196
31.147609
0 -102.425921
31.148039
0 -102.426215
31.146371
0 -102.428408
31.146842
0 -102.429751
31.146618
0 -102.43004
31.145558
0 -102.42931
31.143603
0 -102.427258
31.142496
0 -102.428557
31.141582
0 -102.427497
31.140006
0 -102.427631
31.139059
0 -102.429304
31.139303
0 -102.430157
31.138656
0 -102.426706
31.137007
0 -102.426058
31.138429
0 -102.425294
31.136973
0 -102.426681
31.135521
0 -102.425519
31.134249
0 -102.427781
31.132169
0 -102.427439
31.131228
0 -102.430127
31.129058
0 -102.428182
31.128533
0 -102.427129
31.12761
0 -102.426867
31.126221
0 -102.428292
31.125824
0 -102.428296
31.12422
0 -102.427219
31.122373
0 -102.425655
31.121935
0 -102.425144
31.119466
0 -102.423046
31.119647
0 -102.421587
31.11857
0 -102.421618
31.117101
0 -102.420143
31.118208
0 -102.419918
31.116265
0 -102.417375
31.113286
0 -102.417342
31.111368
0 -102.415805
31.111806
0 -102.415883
31.110437
0 -102.413601
31.108916
0 -102.414136
31.10803
0 -102.415927
31.108018
0 -102.414621
31.105163
0 -102.413154
31.104219
0 -102.414028
31.103107
0 -102.412685
31.102598
0 -102.412048
31.101263
0 -102.410906
31.100654
0 -102.410676
31.098961
0 -102.41166
31.098014
0 -102.410109
31.096808
0 -102.410894
31.095949
0 -102.409691
31.095108
0 -102.40655
31.094911
0 -102.40674
31.092395
0 -102.405828
31.091663
0 -102.406424
31.089933
0 -102.404184
31.090277
0 -102.406153
31.08787
0 -102.403959
31.087605
0 -102.399427
31.086262
0 -102.398827
31.088203
0 -102.395512
31.086732
0 -102.392251
31.088198
0 -102.388804
31.087156
0 -102.301212
31.086212
0 -102.301119
31.1225
0 -102.300923
31.125147
0 -102.313054
31.370247
0 -102.313863
31.406029
0 -102.315814
31.490898
0 -102.316648
31.526337
0 -102.317033
31.533815
0 -102.316764
31.535604
0 -102.317974
31.643986
0 -102.31805
31.651327
0 -102.329193
31.651276
0 -102.767246
31.651714
0 -102.767687
31.638548
0 