-83.112737
40.993447
0 -83.112271
40.916773
0 -83.112522
40.906517
0 -83.112612
40.90593
0 -83.112665
40.891907
0 -83.112634
40.88812
0 -83.112445
40.871528
0 -83.112425
40.87068
0 -83.112376
40.854747
0 -83.112384
40.848228
0 -83.112324
40.843186
0 -83.112225
40.819111
0 -83.112162
40.804177
0 -83.111815
40.775145
0 -83.111699
40.745998
0 -83.111742
40.734538
0 -83.11163
40.724048
0 -83.11136
40.702915
0 -83.092274
40.70285
0 -83.090577
40.70255
0 -83.08279
40.702904
0 -83.073247
40.702913
0 -83.068214
40.703164
0 -83.004355
40.703232
0 -82.977001
40.703453
0 -82.975734
40.703453
0 -82.957773
40.703287
0 -82.939289
40.704378
0 -82.87193
40.70488
0 -82.858302
40.705019
0 -82.858197
40.712423
0 -82.849249
40.712527
0 -82.813405
40.712497
0 -82.801512
40.712246
0 -82.797468
40.712186
0 -82.796445
40.712177
0 -82.79299
40.712165
0 -82.792592
40.712157
0 -82.792136
40.712155
0 -82.788105
40.712129
0 -82.765021
40.711875
0 -82.727164
40.711203
0 -82.726949
40.738592
0 -82.726751
40.749524
0 -82.726652
40.753
0 -82.72664
40.7541
0 -82.726626
40.755374
0 -82.7266
40.760562
0 -82.726427
40.771769
0 -82.726413
40.776347
0 -82.726254
40.784933
0 -82.726212
40.787395
0 -82.726145
40.795077
0 -82.725689
40.814498
0 -82.724955
40.843284
0 -82.724526
40.901369
0 -82.724521
40.901558
0 -82.724184
40.930462
0 -82.724247
40.937147
0 -82.724263
40.947198
0 -82.724326
40.961993
0 -82.724792
40.995638
0 -82.730226
40.995666
0 -82.762548
40.99583
0 -82.796424
40.99614
0 -82.798077
40.996149
0 -82.804834
40.996242
0 -82.820318
40.996476
0 -82.829512
40.996624
0 -82.852966
40.996943
0 -82.853136
40.99654
0 -82.853184
40.993661
0 -82.862333
40.993672
0 -82.881928
40.993686
0 -82.958694
40.993668
0 -82.973232
40.993669
0 -82.977916
40.993682
0 -83.0163
40.993703
0 -83.07421
40.993616
0 -83.083653
40.993595
0 -83.112737
40.993447
0 