-86.503948
31.568698
0 -86.503749
31.554045
0 -86.499355
31.553933
0 -86.499213
31.525331
0 -86.486137
31.525364
0 -86.415383
31.525572
0 -86.39994
31.527128
0 -86.398604
31.455258
0 -86.398546
31.451944
0 -86.398536
31.451325
0 -86.396144
31.450708
0 -86.395202
31.450787
0 -86.395586
31.452754
0 -86.394148
31.453016
0 -86.390745
31.455945
0 -86.388965
31.456436
0 -86.388735
31.458269
0 -86.387269
31.457375
0 -86.384695
31.458515
0 -86.386478
31.459784
0 -86.384283
31.46131
0 -86.383918
31.46243
0 -86.379283
31.465982
0 -86.379799
31.467934
0 -86.378504
31.468077
0 -86.377523
31.466553
0 -86.375217
31.468126
0 -86.377942
31.469757
0 -86.376969
31.470533
0 -86.377317
31.472314
0 -86.375565
31.47239
0 -86.375556
31.474014
0 -86.373452
31.474059
0 -86.373858
31.472539
0 -86.3703
31.473689
0 -86.369419
31.475232
0 -86.370698
31.476048
0 -86.367465
31.477693
0 -86.367201
31.480163
0 -86.364947
31.48079
0 -86.363756
31.484487
0 -86.364284
31.486762
0 -86.363312
31.487037
0 -86.362803
31.485782
0 -86.361988
31.487327
0 -86.359719
31.486876
0 -86.359163
31.487838
0 -86.358217
31.487472
0 -86.357959
31.486004
0 -86.356153
31.487466
0 -86.354744
31.486342
0 -86.353794
31.484711
0 -86.347792
31.485776
0 -86.34724
31.485289
0 -86.345405
31.48739
0 -86.347723
31.487898
0 -86.345895
31.490272
0 -86.343467
31.488864
0 -86.341298
31.48706
0 -86.340454
31.486879
0 -86.338539
31.48756
0 -86.335671
31.490912
0 -86.336416
31.491693
0 -86.334442
31.494408
0 -86.333578
31.493583
0 -86.3336
31.494991
0 -86.332579
31.495126
0 -86.330621
31.498896
0 -86.329151
31.499675
0 -86.3306
31.500951
0 -86.329789
31.501988
0 -86.328603
31.501347
0 -86.327522
31.502663
0 -86.326233
31.502739
0 -86.323479
31.501526
0 -86.324685
31.503744
0 -86.323732
31.50479
0 -86.321503
31.505273
0 -86.319641
31.505043
0 -86.319135
31.505787
0 -86.319848
31.508953
0 -86.318713
31.509632
0 -86.319772
31.510879
0 -86.319666
31.511987
0 -86.318326
31.511159
0 -86.314922
31.514013
0 -86.31403
31.513975
0 -86.313021
31.51562
0 -86.312294
31.515279
0 -86.309829
31.516522
0 -86.306957
31.519068
0 -86.304374
31.519827
0 -86.304027
31.520773
0 -86.301421
31.52118
0 -86.301087
31.522679
0 -86.299334
31.523192
0 -86.29888
31.525525
0 -86.29942
31.526782
0 -86.297683
31.527088
0 -86.298887
31.528497
0 -86.290938
31.528444
0 -86.289114
31.528604
0 -86.283482
31.528416
0 -86.280155
31.52851
0 -86.278081
31.513346
0 -86.277031
31.455602
0 -86.276055
31.455604
0 -86.260189
31.455716
0 -86.261876
31.441168
0 -86.249953
31.441439
0 -86.245786
31.441314
0 -86.210698
31.44171
0 -86.193951
31.440072
0 -86.194724
31.52446
0 -86.194784
31.529949
0 -86.182098
31.530047
0 -86.156561
31.530203
0 -86.156768
31.537527
0 -86.150314
31.537601
0 -86.14395
31.537675
0 -86.144761
31.570994
0 -86.145895
31.617741
0 -86.162925
31.617561
0 -86.179672
31.616414
0 -86.179106
31.617273
0 -86.180354
31.622028
0 -86.178552
31.623172
0 -86.180057
31.625109
0 -86.17884
31.625908
0 -86.179873
31.626409
0 -86.178677
31.628191
0 -86.177591
31.628196
0 -86.176343
31.62971
0 -86.175316
31.629197
0 -86.174805
31.631625
0 -86.17406
31.630689
0 -86.172957
31.631302
0 -86.170847
31.633994
0 -86.170624
31.632945
0 -86.169073
31.633317
0 -86.168501
31.634406
0 -86.170289
31.635523
0 -86.170683
31.637261
0 -86.169707
31.637289
0 -86.16914
31.63931
0 -86.167878
31.639735
0 -86.167079
31.638408
0 -86.165769
31.639281
0 -86.167619
31.640567
0 -86.165892
31.640161
0 -86.165622
31.641158
0 -86.16303
31.640678
0 -86.16173
31.641307
0 -86.162505
31.643243
0 -86.161145
31.643425
0 -86.161832
31.644598
0 -86.158882
31.64754
0 -86.159794
31.64985
0 -86.158314
31.651421
0 -86.160488
31.651093
0 -86.161308
31.653193
0 -86.161044
31.65577
0 -86.159841
31.657575
0 -86.159821
31.660434
0 -86.157763
31.660232
0 -86.155051
31.661575
0 -86.151046
31.661721
0 -86.151156
31.662481
0 -86.147114
31.663
0 -86.146889
31.674405
0 -86.146992
31.680455
0 -86.147074
31.685481
0 -86.147342
31.776067
0 -86.148339
31.790951
0 -86.161221
31.790824
0 -86.199378
31.79045
0 -86.199408
31.807861
0 -86.198085
31.80898
0 -86.195777
31.809347
0 -86.194892
31.810745
0 -86.192933
31.812005
0 -86.19406
31.813449
0 -86.193202
31.814778
0 -86.193604
31.818925
0 -86.190494
31.822501
0 -86.188243
31.823971
0 -86.185757
31.828647
0 -86.183881
31.830001
0 -86.182949
31.83239
0 -86.183625
31.834049
0 -86.184683
31.834541
0 -86.185833
31.836469
0 -86.186224
31.838723
0 -86.185206
31.841254
0 -86.184915
31.843691
0 -86.183522
31.846475
0 -86.184421
31.850727
0 -86.183463
31.856045
0 -86.182923
31.857523
0 -86.18299
31.861215
0 -86.181783
31.862451
0 -86.182892
31.864342
0 -86.181846
31.865802
0 -86.180268
31.865489
0 -86.179862
31.866785
0 -86.180703
31.869837
0 -86.182286
31.869751
0 -86.181309
31.871717
0 -86.179568
31.872146
0 -86.180021
31.873152
0 -86.178807
31.875623
0 -86.179645
31.878318
0 -86.177389
31.881182
0 -86.178141
31.882534
0 -86.176718
31.88439
0 -86.177496
31.886292
0 -86.176314
31.887552
0 -86.174542
31.888033
0 -86.173091
31.892387
0 -86.174396
31.896868
0 -86.173949
31.899375
0 -86.175631
31.900896
0 -86.176019
31.904816
0 -86.175192
31.906597
0 -86.175478
31.909966
0 -86.175479
31.914867
0 -86.174888
31.915898
0 -86.175049
31.918326
0 -86.177815
31.925109
0 -86.176633
31.926369
0 -86.176659
31.929256
0 -86.175531
31.931273
0 -86.177653
31.934091
0 -86.179802
31.935948
0 -86.17913
31.938972
0 -86.180017
31.941997
0 -86.182005
31.944197
0 -86.182247
31.945893
0 -86.181763
31.949147
0 -86.182624
31.952172
0 -86.183353
31.95295
0 -86.183736
31.955288
0 -86.18463
31.957075
0 -86.185705
31.962037
0 -86.186979
31.963355
0 -86.189518
31.964048
0 -86.191379
31.966453
0 -86.253324
31.965992
0 -86.302217
31.965065
0 -86.302275
31.96829
0 -86.302697
32.03728
0 -86.303513
32.050309
0 -86.303616
32.051664
0 -86.345243
32.051378
0 -86.3549
32.051223
0 -86.406276
32.050731
0 -86.406162
32.043805
0 -86.396505
32.043971
0 -86.396357
32.036985
0 -86.406047
32.036819
0 -86.405005
31.963775
0 -86.414229
31.964844
0 -86.448198
31.964629
0 -86.447505
31.875148
0 -86.447779
31.872947
0 -86.447667
31.870498
0 -86.446619
31.846429
0 -86.44278
31.846411
0 -86.442627
31.842857
0 -86.438363
31.84284
0 -86.438341
31.835539
0 -86.442302
31.83554
0 -86.442279
31.831679
0 -86.446411
31.831661
0 -86.44643
31.830755
0 -86.446431
31.830613
0 -86.446287
31.774172
0 -86.441942
31.774204
0 -86.44235
31.759322
0 -86.44625
31.759406
0 -86.446327
31.750156
0 -86.446087
31.748558
0 -86.445977
31.701164
0 -86.44839
31.685053
0 -86.448635
31.655617
0 -86.456395
31.655551
0 -86.485545
31.655307
0 -86.499533
31.655247
0 -86.499429
31.626296
0 -86.499246
31.568476
0 -86.503948
31.568698
0 