-102.388804
31.087156
0 -102.390534
31.085451
0 -102.388174
31.086575
0 -102.385013
31.085371
0 -102.384033
31.085473
0 -102.382605
31.086835
0 -102.380461
31.085641
0 -102.378123
31.086171
0 -102.377555
31.084775
0 -102.375445
31.085566
0 -102.375258
31.084326
0 -102.373846
31.083434
0 -102.373644
31.085571
0 -102.370932
31.085099
0 -102.370785
31.084338
0 -102.369039
31.083041
0 -102.367371
31.083889
0 -102.366069
31.081574
0 -102.363426
31.082936
0 -102.362488
31.081955
0 -102.360243
31.081288
0 -102.362495
31.079381
0 -102.36034
31.079204
0 -102.358866
31.078398
0 -102.357162
31.076586
0 -102.356405
31.074445
0 -102.354852
31.075789
0 -102.354038
31.073936
0 -102.352072
31.074931
0 -102.351642
31.073334
0 -102.34885
31.072589
0 -102.34817
31.07409
0 -102.347457
31.073019
0 -102.349718
31.070354
0 -102.347368
31.069855
0 -102.345045
31.070208
0 -102.342212
31.069298
0 -102.339612
31.067621
0 -102.33644
31.067694
0 -102.33441
31.066122
0 -102.332329
31.067112
0 -102.330836
31.066634
0 -102.330522
31.068112
0 -102.329717
31.068255
0 -102.328895
31.066063
0 -102.327306
31.066284
0 -102.327578
31.064523
0 -102.326169
31.064329
0 -102.325935
31.062886
0 -102.325056
31.063219
0 -102.322997
31.062664
0 -102.3229
31.061516
0 -102.32084
31.059749
0 -102.320801
31.061851
0 -102.318452
31.06067
0 -102.319969
31.059609
0 -102.318562
31.058002
0 -102.31789
31.056097
0 -102.318814
31.055209
0 -102.317491
31.054791
0 -102.31811
31.053551
0 -102.316807
31.052232
0 -102.315274
31.053064
0 -102.313175
31.052069
0 -102.31192
31.053742
0 -102.311222
31.052653
0 -102.30963
31.054039
0 -102.309217
31.053016
0 -102.30638
31.052738
0 -102.305607
31.051958
0 -102.303733
31.051757
0 -102.304625
31.050372
0 -102.30402
31.049683
0 -102.302715
31.049753
0 -102.302551
31.047346
0 -102.301389
31.046524
0 -102.301754
31.045094
0 -102.299088
31.0434
0 -102.299537
31.042037
0 -102.297288
31.042106
0 -102.298232
31.040991
0 -102.297325
31.040329
0 -102.295535
31.041056
0 -102.295383
31.039696
0 -102.293898
31.039409
0 -102.293831
31.038129
0 -102.292807
31.037877
0 -102.292681
31.036677
0 -102.288937
31.035768
0 -102.288363
31.036799
0 -102.286571
31.036144
0 -102.285148
31.034996
0 -102.28495
31.033988
0 -102.28291
31.034914
0 -102.281442
31.033898
0 -102.280203
31.034377
0 -102.279015
31.032954
0 -102.276415
31.033586
0 -102.274121
31.034923
0 -102.273377
31.034407
0 -102.272058
31.035739
0 -102.269908
31.036232
0 -102.268075
31.034797
0 -102.265961
31.034274
0 -102.265006
31.035432
0 -102.265787
31.036599
0 -102.264433
31.036251
0 -102.261266
31.038706
0 -102.258783
31.038191
0 -102.257862
31.040163
0 -102.255876
31.040895
0 -102.253751
31.040972
0 -102.253235
31.040336
0 -102.249932
31.04016
0 -102.249076
31.040721
0 -102.249207
31.042078
0 -102.24694
31.042262
0 -102.246787
31.04096
0 -102.244644
31.041344
0 -102.241285
31.039284
0 -102.238977
31.039549
0 -102.239568
31.038342
0 -102.23814
31.037058
0 -102.234329
31.037279
0 -102.233341
31.036628
0 -102.231937
31.036902
0 -102.232035
31.035469
0 -102.228609
31.03519
0 -102.227777
31.034224
0 -102.22663
31.034757
0 -102.225677
31.032859
0 -102.223536
31.033939
0 -102.222964
31.032786
0 -102.222005
31.034204
0 -102.220849
31.034402
0 -102.21866
31.033768
0 -102.217845
31.032245
0 -102.215388
31.033387
0 -102.214407
31.031813
0 -102.212738
31.032644
0 -102.209751
31.033352
0 -102.206509
31.032015
0 -102.205585
31.031152
0 -102.20308
31.031206
0 -102.20146
31.03052
0 -102.202651
31.028939
0 -102.201467
31.028188
0 -102.20121
31.026461
0 -102.202805
31.0255
0 -102.200361
31.024617
0 -102.199385
31.023589
0 -102.199333
31.022348
0 -102.201964
31.022492
0 -102.201884
31.021561
0 -102.199829
31.020433
0 -102.200027
31.019239
0 -102.198075
31.017166
0 -102.196317
31.017099
0 -102.197041
31.015508
0 -102.196522
31.014282
0 -102.1944
31.01346
0 -102.194862
31.0123
0 -102.193182
31.010172
0 -102.193402
31.008377
0 -102.194337
31.006609
0 -102.192799
31.006049
0 -102.192868
31.004271
0 -102.191731
31.003788
0 -102.189631
31.003373
0 -102.188259
31.004445
0 -102.188189
31.005877
0 -102.185949
31.006011
0 -102.184997
31.007329
0 -102.185216
31.009166
0 -102.184543
31.010815
0 -102.185492
31.011942
0 -102.184742
31.012239
0 -102.185755
31.01514
0 -102.183836
31.016401
0 -102.181269
31.016676
0 -102.176623
31.014434
0 -102.177038
31.013705
0 -102.175339
31.012055
0 -102.176086
31.011054
0 -102.176418
31.009011
0 -102.174079
31.006969
0 -102.171644
31.007423
0 -102.17315
31.007719
0 -102.172379
31.008448
0 -102.170833
31.007847
0 -102.170389
31.006077
0 -102.167275
31.006089
0 -102.167363
31.007215
0 -102.166356
31.007101
0 -102.16579
31.005788
0 -102.163503
31.005463
0 -102.162142
31.006773
0 -102.160646
31.007098
0 -102.159966
31.00583
0 -102.158595
31.006652
0 -102.156509
31.00678
0 -102.156325
31.007929
0 -102.154876
31.006806
0 -102.154373
31.007787
0 -102.152958
31.006991
0 -102.15193
31.007302
0 -102.149166
31.004291
0 -102.149172
31.002986
0 -102.147521
31.003037
0 -102.146323
31.001443
0 -102.144546
31.000674
0 -102.14528
30.999149
0 -102.143346
30.998862
0 -102.143154
30.996782
0 -102.140435
30.995991
0 -102.139397
30.994925
0 -102.137059
30.995606
0 -102.135119
30.995554
0 -102.13236
30.996705
0 -102.13178
30.998637
0 -102.130484
30.998588
0 -102.127756
31.001183
0 -102.125719
31.000932
0 -102.122839
30.999538
0 -102.12282
30.99856
0 -102.121025
30.998216
0 -102.121025
30.997382
0 -102.119459
30.99636
0 -102.118077
30.996313
0 -102.118855
30.994409
0 -102.117843
30.99389
0 -102.116197
30.994976
0 -102.115311
30.994255
0 -102.114837
30.992204
0 -102.114016
30.991776
0 -102.110625
30.992673
0 -102.110772
30.991593
0 -102.1099
30.990321
0 -102.108187
30.991413
0 -102.106441
30.991873
0 -102.105918
30.993952
0 -102.102759
30.994799
0 -102.100683
30.993077
0 -102.099623
30.994241
0 -102.09716
30.9956
0 -102.095827
30.994872
0 -102.093752
30.994919
0 -102.090811
30.99265
0 -102.090655
30.991457
0 -102.089269
30.990432
0 -102.088449
30.988696
0 -102.086288
30.989954
0 -102.085555
30.98859
0 -102.084149
30.989358
0 -102.08336
30.987795
0 -102.081729
30.986691
0 -102.079144
30.986933
0 -102.075191
30.988794
0 -102.073324
30.989049
0 -102.067007
30.992913
0 -102.069634
30.994063
0 -102.068785
30.995001
0 -102.065794
30.995372
0 -102.064871
30.993813
0 -102.062736
30.995799
0 -102.058116
30.999062
0 -102.056563
30.997351
0 -102.053739
30.999413
0 -102.053094
31.000893
0 -102.050947
31.001366
0 -102.051018
31.002802
0 -102.048878
31.003604
0 -102.047722
31.002968
0 -102.047565
31.001872
0 -102.048776
31.000382
0 -102.046004
30.99975
0 -102.046016
31.001415
0 -102.044714
31.001759
0 -102.043483
30.999352
0 -102.041723
30.998928
0 -102.040067
30.999617
0 -102.038982
30.998877
0 -102.036639
30.998413
0 -102.035282
30.999538
0 -102.033959
30.998597
0 -102.033651
30.996961
0 -102.032599
30.996864
0 -102.032531
30.999003
0 -102.031459
30.999014
0 -102.031282
30.997462
0 -102.030331
30.99721
0 -102.02774
30.998057
0 -102.026459
30.99666
0 -102.026183
30.994976
0 -102.027333
30.992954
0 -102.0262
30.991586
0 -102.024952
30.991298
0 -102.024507
30.990136
0 -102.022748
30.990216
0 -102.021984
30.989302
0 -102.022111
30.987717
0 -102.020987
30.986533
0 -102.019159
30.98656
0 -102.017621
30.985421
0 -102.017482
30.983864
0 -102.015284
30.982909
0 -102.013725
30.982852
0 -102.013157
30.98085
0 -102.011115
30.979335
0 -102.01021
30.979973
0 -102.006336
30.981244
0 -102.007263
30.98398
0 -102.004855
30.985574
0 -102.003129
30.985366
0 -102.001527
30.986885
0 -102.000182
30.985438
0 -101.998882
30.984869
0 -101.997831
30.985392
0 -101.996825
30.987875
0 -101.995078
30.988188
0 -101.993026
30.989337
0 -101.988881
30.988371
0 -101.987713
30.987197
0 -101.98364
30.98717
0 -101.981522
30.986001
0 -101.978857
30.982552
0 -101.976319
30.981805
0 -101.975999
30.980339
0 -101.973479
30.980369
0 -101.970493
30.977806
0 -101.970196
30.976331
0 -101.967171
30.975185
0 -101.965939
30.972631
0 -101.963891
30.971142
0 -101.961123
30.970709
0 -101.958316
30.965461
0 -101.956715
30.963945
0 -101.956274
30.962291
0 -101.956663
30.960813
0 -101.954909
30.960643
0 -101.954067
30.958731
0 -101.951886
30.955676
0 -101.950827
30.956637
0 -101.948475
30.957209
0 -101.945152
30.956605
0 -101.939509
30.957875
0 -101.93618
30.957762
0 -101.935065
30.956248
0 -101.935154
30.953811
0 -101.937579
30.952124
0 -101.938142
30.951129
0 -101.936812
30.950154
0 -101.93476
30.950591
0 -101.933239
30.949595
0 -101.931012
30.949392
0 -101.929744
30.950335
0 -101.92837
30.949902
0 -101.926408
30.948047
0 -101.923835
30.947982
0 -101.921017
30.946405
0 -101.91949
30.944434
0 -101.917756
30.940776
0 -101.918801
30.939424
0 -101.918534
30.938456
0 -101.919419
30.935145
0 -101.917418
30.933956
0 -101.915394
30.933652
0 -101.913877
30.934377
0 -101.912609
30.93136
0 -101.90871
30.929731
0 -101.907888
30.928006
0 -101.902732
30.927336
0 -101.901228
30.927585
0 -101.898501
30.929434
0 -101.895991
30.92878
0 -101.89459
30.929237
0 -101.893342
30.928816
0 -101.891255
30.926942
0 -101.888445
30.927422
0 -101.888047
30.925938
0 -101.885431
30.925266
0 -101.883436
30.925647
0 -101.879481
30.922115
0 -101.877641
30.920096
0 -101.877772
30.917321
0 -101.875703
30.915132
0 -101.875704
30.913511
0 -101.874264
30.91183
0 -101.875793
30.90959
0 -101.877665
30.910134
0 -101.879647
30.908415
0 -101.881199
30.90855
0 -101.881458
30.907551
0 -101.879528
30.906346
0 -101.883157
30.903626
0 -101.882797
30.90287
0 -101.884101
30.900853
0 -101.887974
30.897016
0 -101.88885
30.894653
0 -101.889684
30.893764
0 -101.891095
30.890162
0 -101.888493
30.886735
0 -101.888716
30.885849
0 -101.886701
30.885133
0 -101.883354
30.885792
0 -101.884
30.884348
0 -101.880689
30.883155
0 -101.87855
30.883444
0 -101.877366
30.88155
0 -101.876066
30.880785
0 -101.873148
30.880325
0 -101.872785
30.878777
0 -101.868501
30.878103
0 -101.868244
30.876315
0 -101.866261
30.876146
0 -101.864607
30.876602
0 -101.861722
30.874198
0 -101.860262
30.873872
0 -101.860418
30.872017
0 -101.857954
30.870237
0 -101.858124
30.867941
0 -101.855474
30.865893
0 -101.855907
30.864577
0 -101.854641
30.86309
0 -101.855358
30.862638
0 -101.851599
30.857787
0 -101.8498
30.856591
0 -101.851285
30.855815
0 -101.852663
30.851289
0 -101.851512
30.850365
0 -101.851393
30.847451
0 -101.850256
30.845488
0 -101.847036
30.843797
0 -101.845094
30.841032
0 -101.845264
30.83991
0 -101.846682
30.837359
0 -101.846606
30.836012
0 -101.847496
30.83411
0 -101.846907
30.833242
0 -101.847564
30.831294
0 -101.847209
30.828414
0 -101.846028
30.82749
0 -101.846258
30.825715
0 -101.845254
30.824806
0 -101.842808
30.824987
0 -101.841977
30.824231
0 -101.84222
30.823006
0 -101.840774
30.823002
0 -101.839879
30.821628
0 -101.839819
30.81948
0 -101.838409
30.819317
0 -101.837325
30.816817
0 -101.837515
30.814383
0 -101.835136
30.813795
0 -101.835458
30.811505
0 -101.834103
30.811165
0 -101.833617
30.809648
0 -101.835126
30.808844
0 -101.834271
30.807752
0 -101.833354
30.808908
0 -101.832921
30.808235
0 -101.83331
30.805936
0 -101.832409
30.805421
0 -101.83282
30.804089
0 -101.831469
30.80173
0 -101.831334
30.798606
0 -101.831761
30.795429
0 -101.833608
30.798017
0 -101.834573
30.795739
0 -101.834309
30.794315
0 -101.832625
30.793064
0 -101.832785
30.792087
0 -101.835007
30.78852
0 -101.836789
30.788821
0 -101.836534
30.787192
0 -101.837983
30.785933
0 -101.839894
30.785281
0 -101.840106
30.782579
0 -101.838494
30.78289
0 -101.835925
30.781715
0 -101.834952
30.780288
0 -101.836976
30.779137
0 -101.834749
30.774048
0 -101.834861
30.771281
0 -101.836012
30.770101
0 -101.836351
30.767955
0 -101.838631
30.766796
0 -101.838985
30.763919
0 -101.838411
30.763056
0 -101.836889
30.762168
0 -101.836218
30.760336
0 -101.834528
30.757949
0 -101.832766
30.757004
0 -101.831775
30.757486
0 -101.832941
30.758126
0 -101.832944
30.759204
0 -101.829067
30.755396
0 -101.824949
30.75708
0 -101.823245
30.757332
0 -101.820761
30.755532
0 -101.819294
30.753881
0 -101.817579
30.753619
0 -101.815828
30.752015
0 -101.81622
30.749329
0 -101.815368
30.747668
0 -101.814027
30.747085
0 -101.814229
30.744723
0 -101.813813
30.743192
0 -101.815611
30.740615
0 -101.813532
30.736969
0 -101.814046
30.73596
0 -101.813489
30.73431
0 -101.811906
30.73264
0 -101.809714
30.729226
0 -101.809956
30.727883
0 -101.807952
30.725266
0 -101.808615
30.723635
0 -101.808652
30.721696
0 -101.807682
30.721075
0 -101.80755
30.719468
0 -101.808983
30.718647
0 -101.809544
30.716528
0 -101.809443
30.714299
0 -101.808501
30.712656
0 -101.8084
30.711126
0 -101.809424
30.709724
0 -101.808871
30.707302
0 -101.808664
30.703831
0 -101.810107
30.702852
0 -101.809759
30.702138
0 -101.808072
30.702488
0 -101.807302
30.701085
0 -101.80742
30.699504
0 -101.801567
30.696666
0 -101.798549
30.697004
0 -101.798128
30.696101
0 -101.796471
30.696096
0 -101.794404
30.697252
0 -101.7933
30.69642
0 -101.793052
30.693711
0 -101.794555
30.691834
0 -101.793685
30.690903
0 -101.791725
30.690914
0 -101.790472
30.690304
0 -101.788993
30.690482
0 -101.785562
30.687739
0 -101.78139
30.687381
0 -101.779818
30.685993
0 -101.778365
30.683483
0 -101.776131
30.68137
0 -101.775109
30.67909
0 -101.775928
30.678013
0 -101.775586
30.676518
0 -101.774345
30.67438
0 -101.773205
30.67342
0 -101.773846
30.670731
0 -101.772555
30.668082
0 -101.770385
30.664768
0 -101.770624
30.66287
0 -101.77008
30.659165
0 -101.768987
30.657812
0 -101.76965
30.655938
0 -101.769232
30.65357
0 -101.76842
30.653077
0 -101.767976
30.65467
0 -101.765835
30.655794
0 -101.764227
30.657441
0 -101.763182
30.65666
0 -101.763442
30.654668
0 -101.762852
30.654016
0 -101.761764
30.654167
0 -101.761483
30.655548
0 -101.762083
30.65817
0 -101.760671
30.658323
0 -101.759042
30.657522
0 -101.755659
30.657134
0 -101.753996
30.655545
0 -101.753304
30.650795
0 -101.752326
30.649695
0 -101.750433
30.649691
0 -101.749073
30.650978
0 -101.747283
30.650491
0 -101.745294
30.650771
0 -101.744558
30.652193
0 -101.739153
30.652401
0 -101.736784
30.654048
0 -101.732828
30.652496
0 -101.730989
30.652219
0 -101.728526
30.651228
0 -101.72678
30.651408
0 -101.724304
30.650974
0 -101.723609
30.649896
0 -101.722148
30.649919
0 -101.721153
30.651011
0 -101.718854
30.650358
0 -101.717727
30.651142
0 -101.714003
30.652459
0 -101.712065
30.654643
0 -101.711285
30.654415
0 -101.710905
30.65299
0 -101.709223
30.652688
0 -101.70867
30.649711
0 -101.706776
30.647732
0 -101.706074
30.647726
0 -101.702982
30.646031
0 -101.699895
30.648431
0 -101.698511
30.64855
0 -101.696127
30.647583
0 -101.692655
30.645687
0 -101.69201
30.642915
0 -101.690965
30.640578
0 -101.689683
30.639047
0 -101.686697
30.638119
0 -101.684247
30.637956
0 -101.681424
30.637174
0 -101.675907
30.637456
0 -101.673527
30.639328
0 -101.669744
30.637812
0 -101.670563
30.636543
0 -101.669259
30.633589
0 -101.666682
30.632345
0 -101.666427
30.628972
0 -101.663674
30.626959
0 -101.661178
30.626218
0 -101.659864
30.624772
0 -101.657064
30.623434
0 -101.654234
30.62298
0 -101.652446
30.620471
0 -101.65263
30.619374
0 -101.654242
30.619416
0 -101.655032
30.618678
0 -101.658565
30.61693
0 -101.658628
30.615712
0 -101.65582
30.615474
0 -101.656038
30.615015
0 -101.659612
30.613425
0 -101.659817
30.612651
0 -101.657971
30.611461
0 -101.657939
30.609986
0 -101.659179
30.607965
0 -101.658697
30.606127
0 -101.656261
30.604563
0 -101.656276
30.603627
0 -101.657998
30.600302
0 -101.65824
30.596344
0 -101.659792
30.594391
0 -101.662488
30.593099
0 -101.662625
30.590943
0 -101.663509
30.588727
0 -101.661138
30.586521
0 -101.661012
30.585359
0 -101.659696
30.584596
0 -101.65748
30.584613
0 -101.656714
30.583735
0 -101.655827
30.581926
0 -101.655023
30.578638
0 -101.656326
30.577859
0 -101.655642
30.576476
0 -101.654581
30.576315
0 -101.653427
30.574004
0 -101.651922
30.57296
0 -101.651213
30.571127
0 -101.651266
30.568217
0 -101.649027
30.567706
0 -101.648039
30.565445
0 -101.648485
30.563691
0 -101.646245
30.560763
0 -101.646655
30.556974
0 -101.648467
30.556101
0 -101.648179
30.553567
0 -101.646599
30.550952
0 -101.647665
30.549663
0 -101.649708
30.548731
0 -101.652245
30.549079
0 -101.653587
30.546127
0 -101.655132
30.543693
0 -101.656469
30.542519
0 -101.657066
30.539872
0 -101.658591
30.539136
0 -101.662145
30.536473
0 -101.661423
30.534826
0 -101.662258
30.53328
0 -101.667367
30.530855
0 -101.668135
30.529044
0 -101.667598
30.528024
0 -101.669783
30.527357
0 -101.673233
30.524223
0 -101.676921
30.524616
0 -101.679184
30.523493
0 -101.679959
30.521795
0 -101.679284
30.519709
0 -101.680135
30.518486
0 -101.679583
30.515188
0 -101.67982
30.513594
0 -101.679235
30.510833
0 -101.676945
30.508657
0 -101.676559
30.5078
0 -101.676657
30.50478
0 -101.675111
30.501862
0 -101.676964
30.499449
0 -101.679239
30.498774
0 -101.681107
30.498988
0 -101.682215
30.498232
0 -101.682007
30.496721
0 -101.685273
30.495181
0 -101.689154
30.495606
0 -101.690138
30.494367
0 -101.690689
30.492349
0 -101.691825
30.491418
0 -101.691461
30.488284
0 -101.691744
30.487191
0 -101.691047
30.48532
0 -101.691155
30.483498
0 -101.690038
30.48246
0 -101.690323
30.480948
0 -101.69148
30.480491
0 -101.690255
30.477296
0 -101.686824
30.473684
0 -101.68785
30.473589
0 -101.689266
30.471221
0 -101.689443
30.469814
0 -101.688867
30.46762
0 -101.69004
30.466706
0 -101.693767
30.465367
0 -101.695904
30.464917
0 -101.697665
30.463431
0 -101.698235
30.46168
0 -101.699652
30.459775
0 -101.700101
30.457599
0 -101.705508
30.457485
0 -101.706944
30.45864
0 -101.709672
30.459237
0 -101.71225
30.461523
0 -101.713273
30.462953
0 -101.713659
30.464691
0 -101.715098
30.467105
0 -101.717098
30.465899
0 -101.718709
30.466613
0 -101.721303
30.469516
0 -101.721896
30.471016
0 -101.725589
30.471885
0 -101.726535
30.471042
0 -101.72839
30.470776
0 -101.729638
30.469018
0 -101.731846
30.467339
0 -101.730457
30.464656
0 -101.730946
30.462964
0 -101.730655
30.46153
0 -101.731673
30.459888
0 -101.730354
30.459403
0 -101.728851
30.460046
0 -101.724946
30.456613
0 -101.719249
30.455138
0 -101.718896
30.454462
0 -101.719726
30.451519
0 -101.721273
30.44781
0 -101.720047
30.443129
0 -101.720323
30.442225
0 -101.724341
30.439456
0 -101.726499
30.437662
0 -101.729163
30.434416
0 -101.730702
30.43332
0 -101.732751
30.430105
0 -101.735174
30.428752
0 -101.737232
30.428146
0 -101.739291
30.425155
0 -101.739295
30.423875
0 -101.740552
30.421321
0 -101.740165
30.420584
0 -101.737199
30.418764
0 -101.735204
30.414384
0 -101.73221
30.412064
0 -101.730277
30.410156
0 -101.729641
30.408906
0 -101.728322
30.408152
0 -101.726005
30.408321
0 -101.723345
30.405946
0 -101.721657
30.405706
0 -101.719422
30.406662
0 -101.71795
30.406352
0 -101.716093
30.405053
0 -101.714327
30.404595
0 -101.709595
30.405266
0 -101.704945
30.403661
0 -101.703807
30.402527
0 -101.700942
30.401848
0 -101.699259
30.399136
0 -101.696294
30.39729
0 -101.695255
30.395969
0 -101.694458
30.393294
0 -101.695433
30.389179
0 -101.695273
30.384909
0 -101.695966
30.384124
0 -101.698653
30.383899
0 -101.698637
30.382641
0 -101.697644
30.380773
0 -101.695464
30.378961
0 -101.693131
30.378884
0 -101.691051
30.377681
0 -101.690746
30.375619
0 -101.688147
30.372787
0 -101.686534
30.371534
0 -101.685271
30.369532
0 -101.68222
30.367993
0 -101.681007
30.368254
0 -101.677767
30.366666
0 -101.674959
30.366884
0 -101.673271
30.364815
0 -101.669676
30.364518
0 -101.666187
30.36365
0 -101.663378
30.361499
0 -101.661551
30.359461
0 -101.658402
30.357675
0 -101.658105
30.356684
0 -101.659373
30.35436
0 -101.658485
30.352637
0 -101.657945
30.349557
0 -101.657927
30.345903
0 -101.659212
30.343474
0 -101.658886
30.342622
0 -101.660645
30.341522
0 -101.662612
30.340966
0 -101.665741
30.341117
0 -101.667713
30.340545
0 -101.669557
30.339355
0 -101.676418
30.339979
0 -101.679087
30.341516
0 -101.682053
30.341167
0 -101.683998
30.342401
0 -101.685782
30.342735
0 -101.688474
30.34408
0 -101.689283
30.345438
0 -101.691003
30.346433
0 -101.694414
30.346763
0 -101.700606
30.345928
0 -101.702793
30.344814
0 -101.704501
30.344486
0 -101.705331
30.34358
0 -101.708333
30.343004
0 -101.712444
30.339428
0 -101.715404
30.339822
0 -101.717429
30.338418
0 -101.718334
30.337014
0 -101.721612
30.335038
0 -101.723257
30.334884
0 -101.724859
30.332634
0 -101.728474
30.332045
0 -101.731036
30.328986
0 -101.732563
30.327756
0 -101.734495
30.327134
0 -101.737097
30.326921
0 -101.737934
30.323913
0 -101.739366
30.321946
0 -101.740755
30.321163
0 -101.741068
30.319477
0 -101.740206
30.318977
0 -101.741516
30.315944
0 -101.740841
30.312801
0 -101.742921
30.308981
0 -101.74329
30.306485
0 -101.744399
30.303597
0 -101.744509
30.301277
0 -101.745846
30.299056
0 -101.747297
30.297439
0 -101.748902
30.296522
0 -101.750225
30.296821
0 -101.752866
30.295975
0 -101.758381
30.289685
0 -101.7584
30.288044
0 -101.64828
30.288527
0 -101.633028
30.288047
0 -101.547865
30.28817
0 -101.375391
30.288015
0 -101.250016
30.28825
0 -101.246384
30.28804
0 -101.071221
30.287686
0 -101.005154
30.287333
0 -101.000381
30.288079
0 -100.972067
30.287596
0 -100.960643
30.287776
0 -100.960544
30.349274
0 -100.960732
30.35119
0 -100.960549
30.355314
0 -100.960686
30.356441
0 -100.960618
30.500181
0 -100.960749
30.502348
0 -100.960587
30.706071
0 -100.960501
30.859764
0 -100.960585
30.860039
0 -100.962176
31.08249
0 -101.250391
31.079412
0 -101.274799
31.079379
0 -101.375393
31.079485
0 -101.456382
31.079302
0 -101.776191
31.079784
0 -102.000409
31.082535
0 -102.009444
31.082669
0 -102.048242
31.08316
0 -102.301212
31.086212
0 -102.388804
31.087156
0 