-121.10819
44.262039
0 -121.108639
44.218543
0 -121.102938
44.218442
0 -121.102895
44.202408
0 -121.102791
44.17139
0 -121.102637
44.138042
0 -121.092466
44.137676
0 -121.028362
44.135433
0 -120.987333
44.133843
0 -120.987299
44.124843
0 -120.986835
44.122821
0 -120.986618
44.088368
0 -120.986578
44.088249
0 -120.987059
44.076292
0 -120.98704
44.047648
0 -120.986527
43.960943
0 -120.918109
43.959365
0 -120.829021
43.957447
0 -120.80932
43.958047
0 -120.78872
43.957247
0 -120.751121
43.957248
0 -120.748298
43.957522
0 -120.747946
43.871266
0 -120.692518
43.870855
0 -120.652716
43.871274
0 -120.60711
43.87212
0 -120.603128
43.87195
0 -120.566306
43.872204
0 -120.564538
43.87229
0 -120.3789
43.871955
0 -120.378508
43.785033
0 -120.257893
43.785259
0 -120.258018
43.698762
0 -120.248908
43.697911
0 -120.236199
43.697484
0 -120.214751
43.697522
0 -120.212876
43.697662
0 -120.011718
43.697543
0 -120.001083
43.697877
0 -119.898172
43.698323
0 -119.777526
43.698081
0 -119.77715
43.783706
0 -119.775653
43.959068
0 -119.657577
43.959051
0 -119.657413
43.996052
0 -119.657103
43.999866
0 -119.656798
44.220309
0 -119.654887
44.22032
0 -119.655586
44.306964
0 -119.878095
44.307262
0 -119.898796
44.306662
0 -119.89901
44.389537
0 -119.958557
44.389477
0 -119.970291
44.388999
0 -119.980261
44.3891
0 -119.991281
44.388958
0 -119.996757
44.389228
0 -120.001103
44.389197
0 -120.010466
44.38969
0 -120.020663
44.389651
0 -120.021841
44.438558
0 -120.101185
44.438171
0 -120.385823
44.437556
0 -120.386224
44.476156
0 -120.387324
44.476156
0 -120.385526
44.563954
0 -120.597138
44.562952
0 -120.827342
44.562849
0 -120.827341
44.562568
0 -120.827177
44.476633
0 -120.988721
44.476444
0 -120.98854
44.390045
0 -121.014678
44.390062
0 -121.014703
44.390064
0 -121.107344
44.390542
0 -121.107394
44.374843
0 -121.107997
44.367539
0 -121.108192
44.340103
0 -121.108511
44.334835
0 -121.108233
44.334025
0 -121.108352
44.327166
0 -121.108378
44.326089
0 -121.108439
44.325551
0 -121.10819
44.262039
0 