-101.56358
33.830451
0 -101.563064
33.798143
0 -101.561145
33.667087
0 -101.560657
33.638522
0 -101.559909
33.594996
0 -101.558316
33.500087
0 -101.558118
33.498745
0 -101.558024
33.490695
0 -101.557159
33.417867
0 -101.556986
33.403324
0 -101.556884
33.39476
0 -101.487672
33.395368
0 -101.436483
33.395576
0 -101.385501
33.395909
0 -101.375425
33.395968
0 -101.367867
33.396469
0 -101.333551
33.396545
0 -101.274485
33.396688
0 -101.200343
33.396904
0 -101.162024
33.397025
0 -101.038788
33.397214
0 -101.039954
33.631374
0 -101.041158
33.833625
0 -101.250461
33.832822
0 -101.25171
33.833011
0 -101.300767
33.832536
0 -101.335671
33.832242
0 -101.431147
33.831626
0 -101.465883
33.831289
0 -101.483391
33.83112
0 -101.526722
33.830793
0 -101.56358
33.830451
0 