-104.058402
38.260841
0 -104.058242
38.146492
0 -104.055954
38.146019
0 -104.050406
38.146549
0 -104.047913
38.145238
0 -104.047045
38.141389
0 -104.043984
38.141594
0 -104.036216
38.141397
0 -104.033128
38.140577
0 -104.02719
38.140489
0 -104.022594
38.140914
0 -104.015061
38.142809
0 -104.010227
38.145737
0 -104.007274
38.145257
0 -104.005106
38.143541
0 -104.002561
38.14277
0 -104.000968
38.143332
0 -103.999228
38.145783
0 -103.998287
38.146256
0 -103.994696
38.146654
0 -103.991203
38.145433
0 -103.987599
38.142776
0 -103.984213
38.140914
0 -103.980704
38.140579
0 -103.977753
38.141068
0 -103.974991
38.140336
0 -103.974128
38.138627
0 -103.976957
38.134348
0 -103.976407
38.13299
0 -103.974378
38.132119
0 -103.97003
38.131617
0 -103.966785
38.131674
0 -103.960155
38.130401
0 -103.954947
38.130812
0 -103.95127
38.130204
0 -103.948232
38.128158
0 -103.944586
38.126687
0 -103.940056
38.1258
0 -103.933989
38.124417
0 -103.930879
38.124762
0 -103.929041
38.127328
0 -103.92593
38.129646
0 -103.923399
38.130424
0 -103.921055
38.129504
0 -103.920152
38.129274
0 -103.919903
38.127531
0 -103.918687
38.125542
0 -103.916302
38.124729
0 -103.914396
38.12476
0 -103.91098
38.126563
0 -103.910874
38.127945
0 -103.911733
38.129885
0 -103.913525
38.131624
0 -103.912507
38.134346
0 -103.906194
38.13486
0 -103.902064
38.133975
0 -103.900239
38.13301
0 -103.898512
38.131132
0 -103.899046
38.128473
0 -103.900289
38.127281
0 -103.900662
38.125409
0 -103.895059
38.12474
0 -103.89253
38.125243
0 -103.886846
38.125278
0 -103.883682
38.124577
0 -103.878001
38.124649
0 -103.873249
38.126299
0 -103.868672
38.128809
0 -103.866262
38.12876
0 -103.86349
38.128072
0 -103.861981
38.127134
0 -103.858342
38.125425
0 -103.855083
38.125504
0 -103.850335
38.125048
0 -103.846211
38.123405
0 -103.844592
38.120794
0 -103.841687
38.117346
0 -103.837703
38.114163
0 -103.835616
38.11334
0 -103.831448
38.114205
0 -103.82871
38.11441
0 -103.825908
38.113062
0 -103.82448
38.113039
0 -103.820768
38.113953
0 -103.813765
38.117419
0 -103.81191
38.117845
0 -103.809818
38.117509
0 -103.807316
38.1164
0 -103.803033
38.112533
0 -103.801442
38.112525
0 -103.750674
38.113214
0 -103.74764
38.113077
0 -103.673731
38.112906
0 -103.664686
38.112983
0 -103.619172
38.113355
0 -103.619283
38.171455
0 -103.601075
38.171719
0 -103.58321
38.172753
0 -103.559473
38.172672
0 -103.509364
38.172514
0 -103.509879
38.264091
0 -103.51006
38.265169
0 -103.501764
38.265016
0 -103.501593
38.324396
0 -103.501387
38.326975
0 -103.501747
38.342295
0 -103.506985
38.342256
0 -103.505252
38.491281
0 -103.504653
38.500001
0 -103.504666
38.516409
0 -103.612983
38.517879
0 -103.61299
38.522548
0 -103.677918
38.52221
0 -103.682086
38.522432
0 -103.705251
38.52226
0 -103.706528
38.52194
0 -103.714892
38.521727
0 -103.715476
38.521568
0 -103.719029
38.521796
0 -103.770029
38.522152
0 -103.779153
38.521771
0 -103.79931
38.521839
0 -103.872609
38.522117
0 -103.875508
38.522772
0 -103.88615
38.522633
0 -103.906256
38.522894
0 -103.910516
38.52333
0 -103.919132
38.523113
0 -103.962251
38.523212
0 -103.99902
38.522727
0 -104.053921
38.522393
0 -104.054193
38.519611
0 -104.054725
38.261864
0 -104.057736
38.261639
0 -104.058168
38.261402
0 -104.058402
38.260841
0 