-94.394897
46.217265
0 -94.395718
46.211859
0 -94.394831
46.209394
0 -94.391839
46.206292
0 -94.387843
46.203846
0 -94.386947
46.201793
0 -94.386141
46.197723
0 -94.385044
46.196702
0 -94.380431
46.194456
0 -94.375281
46.190316
0 -94.373918
46.188082
0 -94.368837
46.182658
0 -94.365929
46.179143
0 -94.366036
46.177692
0 -94.370125
46.175603
0 -94.371644
46.173991
0 -94.372055
46.169261
0 -94.370961
46.164919
0 -94.371357
46.163226
0 -94.373524
46.160631
0 -94.374592
46.157093
0 -94.35008
46.157109
0 -94.33461
46.1571
0 -94.32912
46.156847
0 -94.31369
46.15713
0 -94.302549
46.157184
0 -94.29207
46.15717
0 -94.246378
46.157128
0 -94.242947
46.157299
0 -94.237718
46.157025
0 -94.236928
46.156992
0 -94.229687
46.156978
0 -94.18839
46.15705
0 -94.166446
46.156515
0 -94.165766
46.156393
0 -94.141628
46.155917
0 -94.12497
46.155992
0 -94.092641
46.156127
0 -94.082276
46.156243
0 -94.076564
46.156376
0 -94.07236
46.15645
0 -94.06241
46.15639
0 -94.042084
46.156475
0 -94.04002
46.15648
0 -94.035161
46.156612
0 -94.025399
46.156364
0 -93.941679
46.156649
0 -93.9411
46.156587
0 -93.937295
46.156576
0 -93.923286
46.156673
0 -93.914443
46.156777
0 -93.89616
46.15685
0 -93.8958
46.1569
0 -93.810362
46.156585
0 -93.8106
46.214486
0 -93.810912
46.243128
0 -93.807673
46.243102
0 -93.796281
46.243199
0 -93.797259
46.247311
0 -93.798154
46.248289
0 -93.79897
46.248715
0 -93.801416
46.248295
0 -93.804291
46.247214
0 -93.808453
46.248825
0 -93.810407
46.250948
0 -93.810796
46.253265
0 -93.810725
46.286291
0 -93.810632
46.330547
0 -93.810608
46.341824
0 -93.810572
46.357258
0 -93.810533
46.374332
0 -93.810446
46.374959
0 -93.810286
46.40465
0 -93.810113
46.406973
0 -93.81043
46.410916
0 -93.810176
46.412365
0 -93.810164
46.417475
0 -93.810811
46.442351
0 -93.811668
46.482442
0 -93.812168
46.504353
0 -93.811387
46.515974
0 -93.811461
46.58373
0 -93.811464
46.584238
0 -93.799577
46.585368
0 -93.796758
46.585904
0 -93.791237
46.587642
0 -93.785622
46.589708
0 -93.783958
46.58936
0 -93.777905
46.589671
0 -93.777971
46.593254
0 -93.777988
46.594932
0 -93.778278
46.629756
0 -93.777415
46.716384
0 -93.77728
46.724894
0 -93.77702
46.749007
0 -93.777542
46.749958
0 -93.776024
46.802891
0 -93.805212
46.802996
0 -93.902319
46.803442
0 -93.902746
46.803443
0 -93.955111
46.803432
0 -93.955828
46.803473
0 -93.956612
46.80356
0 -94.00892
46.803721
0 -94.029639
46.803266
0 -94.092629
46.803193
0 -94.153987
46.804629
0 -94.159025
46.804709
0 -94.241914
46.805148
0 -94.250261
46.804964
0 -94.277634
46.805201
0 -94.27998
46.805107
0 -94.342895
46.80553
0 -94.34291
46.794289
0 -94.343674
46.788498
0 -94.343617
46.761964
0 -94.343768
46.741851
0 -94.345633
46.718489
0 -94.34601
46.690072
0 -94.346021
46.674945
0 -94.345337
46.645871
0 -94.345346
46.63207
0 -94.345879
46.631344
0 -94.330943
46.631108
0 -94.330884
46.625809
0 -94.330243
46.573268
0 -94.329975
46.561113
0 -94.329941
46.544244
0 -94.329868
46.541531
0 -94.329856
46.538182
0 -94.329848
46.5349
0 -94.329827
46.529226
0 -94.328577
46.456443
0 -94.32788
46.437275
0 -94.328006
46.436474
0 -94.327833
46.405733
0 -94.328162
46.382989
0 -94.32809
46.369302
0 -94.327976
46.362064
0 -94.327506
46.340987
0 -94.327285
46.289746
0 -94.328619
46.288583
0 -94.329851
46.284178
0 -94.331721
46.280381
0 -94.332523
46.279566
0 -94.335293
46.280174
0 -94.33652
46.283234
0 -94.337732
46.284663
0 -94.339351
46.284649
0 -94.34083
46.283296
0 -94.34233
46.280366
0 -94.341679
46.277705
0 -94.338022
46.275562
0 -94.337739
46.273972
0 -94.33977
46.270087
0 -94.34135
46.269223
0 -94.347679
46.268193
0 -94.350526
46.267175
0 -94.354783
46.264214
0 -94.355549
46.262705
0 -94.353616
46.259941
0 -94.354387
46.256032
0 -94.355302
46.255095
0 -94.360467
46.253516
0 -94.363479
46.251971
0 -94.365598
46.249967
0 -94.371183
46.244011
0 -94.372702
46.242954
0 -94.378834
46.240462
0 -94.384737
46.240205
0 -94.388922
46.238166
0 -94.38979
46.236058
0 -94.388981
46.233166
0 -94.390133
46.231863
0 -94.392726
46.230749
0 -94.394384
46.228711
0 -94.395049
46.220838
0 -94.394897
46.217265
0 