-78.465089
37.339677
0 -78.461778
37.338428
0 -78.459742
37.335298
0 -78.457955
37.334238
0 -78.454645
37.335355
0 -78.453549
37.334828
0 -78.451612
37.335561
0 -78.449229
37.335249
0 -78.447826
37.334136
0 -78.446219
37.334845
0 -78.440662
37.327241
0 -78.441549
37.326245
0 -78.442761
37.326604
0 -78.441896
37.324499
0 -78.438708
37.323578
0 -78.43818
37.325208
0 -78.436079
37.326243
0 -78.432902
37.327122
0 -78.427493
37.326475
0 -78.427205
37.326057
0 -78.422924
37.325224
0 -78.420712
37.324392
0 -78.420009
37.323453
0 -78.417929
37.323039
0 -78.415502
37.323301
0 -78.413067
37.324179
0 -78.411624
37.319936
0 -78.409938
37.317873
0 -78.40731
37.318396
0 -78.404466
37.317107
0 -78.404344
37.316171
0 -78.401963
37.315359
0 -78.402182
37.313331
0 -78.40049
37.31202
0 -78.397831
37.30741
0 -78.395239
37.305294
0 -78.392843
37.304651
0 -78.392194
37.304847
0 -78.392317
37.306463
0 -78.389125
37.307309
0 -78.384369
37.306167
0 -78.38112
37.308122
0 -78.379213
37.307896
0 -78.374258
37.307022
0 -78.370866
37.307465
0 -78.365819
37.309158
0 -78.364238
37.310342
0 -78.360761
37.310339
0 -78.359351
37.30926
0 -78.360776
37.307763
0 -78.360416
37.306947
0 -78.358283
37.307142
0 -78.355577
37.305473
0 -78.355379
37.303591
0 -78.35275
37.301606
0 -78.351361
37.303145
0 -78.352399
37.304424
0 -78.352318
37.308625
0 -78.350392
37.310085
0 -78.350054
37.312559
0 -78.348134
37.314474
0 -78.346194
37.315604
0 -78.34332
37.318886
0 -78.342466
37.31916
0 -78.341597
37.31776
0 -78.337292
37.317344
0 -78.334754
37.316716
0 -78.33457
37.315745
0 -78.336013
37.313016
0 -78.335853
37.311267
0 -78.3339
37.309072
0 -78.329642
37.309426
0 -78.325212
37.308954
0 -78.322436
37.309126
0 -78.315618
37.312806
0 -78.311508
37.316595
0 -78.311839
37.318496
0 -78.309953
37.320942
0 -78.306358
37.321428
0 -78.300025
37.324816
0 -78.298444
37.324837
0 -78.29545
37.323596
0 -78.293636
37.323619
0 -78.292349
37.324918
0 -78.293644
37.328596
0 -78.293991
37.332933
0 -78.292038
37.334497
0 -78.290998
37.336215
0 -78.288496
37.33688
0 -78.284467
37.336467
0 -78.282047
37.335347
0 -78.27999
37.337149
0 -78.278663
37.340731
0 -78.278681
37.343306
0 -78.277968
37.346694
0 -78.275692
37.348828
0 -78.272584
37.348441
0 -78.267169
37.346079
0 -78.264359
37.345228
0 -78.261338
37.343328
0 -78.258998
37.342837
0 -78.256684
37.346853
0 -78.256932
37.349288
0 -78.256322
37.352394
0 -78.257249
37.353548
0 -78.259354
37.354441
0 -78.260558
37.356181
0 -78.260271
37.360061
0 -78.259063
37.360645
0 -78.256297
37.360382
0 -78.253352
37.35951
0 -78.247124
37.359065
0 -78.238727
37.363671
0 -78.235039
37.368102
0 -78.233665
37.369642
0 -78.235879
37.372004
0 -78.240383
37.375001
0 -78.240748
37.376252
0 -78.239868
37.377302
0 -78.237097
37.377437
0 -78.234244
37.379449
0 -78.232444
37.381325
0 -78.231258
37.383547
0 -78.227346
37.385329
0 -78.22347
37.385809
0 -78.220344
37.388179
0 -78.218739
37.391356
0 -78.217181
37.397238
0 -78.214989
37.400718
0 -78.209955
37.403677
0 -78.208372
37.405804
0 -78.20625
37.407088
0 -78.204892
37.410011
0 -78.20504
37.415155
0 -78.204746
37.415983
0 -78.201473
37.418949
0 -78.201458
37.42189
0 -78.202233
37.425111
0 -78.20173
37.426326
0 -78.197446
37.427661
0 -78.194715
37.427865
0 -78.188964
37.425341
0 -78.18646
37.428965
0 -78.184953
37.433646
0 -78.186054
37.439259
0 -78.185002
37.444552
0 -78.181616
37.445104
0 -78.179895
37.444921
0 -78.176815
37.443447
0 -78.171415
37.442536
0 -78.169607
37.443285
0 -78.167666
37.44554
0 -78.164231
37.446483
0 -78.159773
37.450108
0 -78.158673
37.453105
0 -78.157392
37.453787
0 -78.153691
37.452765
0 -78.149704
37.452536
0 -78.147668
37.45365
0 -78.146265
37.455403
0 -78.144132
37.455958
0 -78.141186
37.458136
0 -78.14092
37.459041
0 -78.13877
37.459666
0 -78.135412
37.45666
0 -78.132048
37.454686
0 -78.116088
37.516994
0 -78.10857
37.54623
0 -78.095245
37.598138
0 -78.088679
37.623916
0 -78.08964
37.625147
0 -78.088212
37.626292
0 -78.087488
37.628044
0 -78.088165
37.631089
0 -78.09101
37.630761
0 -78.087532
37.633316
0 -78.087219
37.634699
0 -78.088498
37.636304
0 -78.086487
37.63816
0 -78.089466
37.639415
0 -78.087543
37.640512
0 -78.086015
37.639691
0 -78.083972
37.640624
0 -78.081843
37.643495
0 -78.082464
37.645254
0 -78.084089
37.647316
0 -78.081721
37.647588
0 -78.080278
37.648477
0 -78.079413
37.650473
0 -78.080726
37.65172
0 -78.07955
37.653857
0 -78.075012
37.657387
0 -78.072256
37.657357
0 -78.076967
37.662633
0 -78.083163
37.667573
0 -78.083688
37.667914
0 -78.087619
37.669758
0 -78.090803
37.670789
0 -78.095244
37.67064
0 -78.099988
37.670051
0 -78.104962
37.670522
0 -78.107435
37.671602
0 -78.110034
37.674687
0 -78.110422
37.676712
0 -78.110216
37.679353
0 -78.109587
37.680795
0 -78.108415
37.682209
0 -78.10153
37.68634
0 -78.096565
37.691447
0 -78.09182
37.695302
0 -78.09059
37.696796
0 -78.089838
37.699184
0 -78.089659
37.701369
0 -78.091747
37.706936
0 -78.0936
37.709312
0 -78.098633
37.714126
0 -78.100471
37.714773
0 -78.103417
37.716689
0 -78.104406
37.718818
0 -78.107288
37.720086
0 -78.112659
37.720594
0 -78.116385
37.722229
0 -78.117748
37.723376
0 -78.121151
37.727437
0 -78.124896
37.730994
0 -78.127991
37.733406
0 -78.132323
37.736115
0 -78.136095
37.738796
0 -78.142682
37.741638
0 -78.146566
37.742715
0 -78.15493
37.746754
0 -78.159278
37.748528
0 -78.161152
37.749182
0 -78.163696
37.74937
0 -78.168695
37.748652
0 -78.174103
37.747604
0 -78.18099
37.744959
0 -78.183465
37.743608
0 -78.184987
37.742175
0 -78.187407
37.738936
0 -78.190352
37.736361
0 -78.192186
37.735197
0 -78.197749
37.731749
0 -78.202394
37.729619
0 -78.212374
37.723413
0 -78.215546
37.720739
0 -78.219644
37.717801
0 -78.222767
37.715181
0 -78.225302
37.711579
0 -78.226233
37.707768
0 -78.22697
37.702491
0 -78.228778
37.697736
0 -78.233301
37.693743
0 -78.237494
37.691111
0 -78.239748
37.690495
0 -78.244347
37.663238
0 -78.248119
37.640893
0 -78.249021
37.635546
0 -78.278601
37.595163
0 -78.302315
37.563517
0 -78.30759
37.556578
0 -78.340217
37.512087
0 -78.353571
37.494093
0 -78.354491
37.493404
0 -78.37472
37.464898
0 -78.379197
37.459056
0 -78.415052
37.409368
0 -78.416858
37.406475
0 -78.418958
37.403934
0 -78.433486
37.383776
0 -78.465089
37.339677
0 