-103.740253
34.345042
0 -103.740253
34.33331
0 -103.739801
34.332619
0 -103.740017
34.303076
0 -103.736096
34.30298
0 -103.654736
34.303229
0 -103.652934
34.302946
0 -103.472589
34.3034
0 -103.459597
34.303318
0 -103.452398
34.303216
0 -103.433106
34.30336
0 -103.398178
34.303325
0 -103.319679
34.303379
0 -103.319638
34.303378
0 -103.25195
34.303239
0 -103.246933
34.303513
0 -103.242874
34.303528
0 -103.240356
34.303368
0 -103.214715
34.303173
0 -103.19732
34.303101
0 -103.160643
34.302994
0 -103.14357
34.302959
0 -103.043936135446
34.302617062974
0 -103.043978936987
34.312749083575
0 -103.043979
34.312764
0 -103.043955125638
34.3610849856924
0 -103.043947594327
34.3763281317185
0 -103.043947462901
34.3765941336299
0 -103.043946
34.379555
0 -103.043944
34.37966
0 -103.043919
34.380916
0 -103.043776143499
34.3825986725886
0 -103.043693
34.383578
0 -103.04363
34.38469
0 -103.043614
34.384969
0 -103.043613
34.388679
0 -103.043613
34.390442
0 -103.043612422947
34.3905094739898
0 -103.043606062016
34.391253248545
0 -103.043585
34.393716
0 -103.043611
34.397105
0 -103.043610217744
34.3972048214656
0 -103.043583
34.400678
0 -103.043538
34.405463
0 -103.043549915641
34.4190560386443
0 -103.043575550185
34.4482992265586
0 -103.043582
34.455657
0 -103.043588
34.459662
0 -103.043589
34.459774
0 -103.043594
34.46266
0 -103.043386657767
34.525070012152
0 -103.043072
34.619782
0 -103.043268998042
34.6504520175788
0 -103.043277454333
34.6517685515225
0 -103.043277470412
34.6517710547868
0 -103.043286
34.653099
0 -103.042827
34.671188
0 -103.042769
34.747361
0 -103.04277
34.792224
0 -103.042775480951
34.8211330279686
0 -103.042781
34.850243
0 -103.042521
34.899546
0 -103.042552379277
34.9541010774319
0 -103.16515
34.954038
0 -103.283002
34.953947
0 -103.283425
34.923096
0 -103.283711
34.900163
0 -103.284157
34.86499
0 -103.319915
34.865205
0 -103.389578
34.864661
0 -103.38945
34.850109
0 -103.389755
34.821844
0 -103.390274
34.778122
0 -103.443031
34.778255
0 -103.46052
34.778504
0 -103.460622
34.778504
0 -103.495379
34.778699
0 -103.495951
34.715953
0 -103.496024
34.691473
0 -103.583337
34.691819
0 -103.586165
34.691681
0 -103.635246
34.691887
0 -103.705788
34.692446
0 -103.706612
34.60548
0 -103.706528
34.604935
0 -103.738232
34.604671
0 -103.738564
34.565369
0 -103.738708
34.56329
0 -103.738484
34.521544
0 -103.738799
34.400078
0 -103.739017
34.390075
0 -103.739761
34.345906
0 -103.740253
34.345042
0 