-99.376944
35.62445
0 -99.377052
35.551741
0 -99.364129
35.55172
0 -99.364147
35.516031
0 -99.364141
35.508793
0 -99.364148
35.501945
0 -99.364166
35.479801
0 -99.364217
35.465328
0 -99.355544
35.465321
0 -99.240857
35.465405
0 -99.223434
35.465355
0 -99.219206
35.465463
0 -99.169985
35.465457
0 -99.152046
35.465436
0 -99.116912
35.465249
0 -99.046253
35.465173
0 -98.975719
35.465176
0 -98.975672
35.465176
0 -98.975464
35.465177
0 -98.974003
35.465182
0 -98.958467
35.465145
0 -98.958204
35.465145
0 -98.958003
35.465145
0 -98.949526
35.465136
0 -98.861387
35.465069
0 -98.853165
35.465131
0 -98.852316
35.465033
0 -98.851025
35.465078
0 -98.835037
35.465078
0 -98.782308
35.464769
0 -98.729035
35.46445
0 -98.711619
35.464428
0 -98.623336
35.464225
0 -98.623231
35.465153
0 -98.623294
35.514812
0 -98.623297
35.522386
0 -98.623255
35.53626
0 -98.623268
35.536472
0 -98.623365
35.536923
0 -98.623149
35.551597
0 -98.63207
35.551617
0 -98.632185
35.566032
0 -98.632176
35.638524
0 -98.632185
35.65977
0 -98.632212
35.667496
0 -98.632181
35.669387
0 -98.631984
35.717696
0 -98.631687
35.740415
0 -98.631833
35.744699
0 -98.632046
35.750046
0 -98.631985
35.812402
0 -98.69018
35.812377
0 -98.690402
35.812436
0 -98.702502
35.812518
0 -98.709097
35.81244
0 -98.709084
35.811917
0 -98.721678
35.812103
0 -98.723884
35.812001
0 -98.750356
35.812228
0 -98.753942
35.812118
0 -98.831409
35.812857
0 -98.832533
35.812645
0 -98.84458
35.81271
0 -98.878887
35.812593
0 -98.881704
35.812722
0 -99.015024
35.812386
0 -99.017333
35.812092
0 -99.018141
35.812331
0 -99.075111
35.812352
0 -99.110641
35.812412
0 -99.128375
35.812383
0 -99.13163
35.812294
0 -99.14619
35.812402
0 -99.163642
35.812348
0 -99.217071
35.81234
0 -99.253722
35.812324
0 -99.255435
35.812524
0 -99.259637
35.812273
0 -99.265524
35.81226
0 -99.288839
35.812119
0 -99.289827
35.812279
0 -99.375817
35.812188
0 -99.376254
35.776098
0 -99.376256
35.775677
0 -99.376289
35.768819
0 -99.376327
35.754084
0 -99.376565
35.740099
0 -99.376677
35.711008
0 -99.376653
35.704451
0 -99.376723
35.702949
0 -99.376907
35.638871
0 -99.376922
35.631832
0 -99.376944
35.62445
0 