-93.329666
44.779483
0 -93.329668
44.778442
0 -93.32871
44.775799
0 -93.328722
44.767925
0 -93.328726
44.765423
0 -93.328727
44.75837
0 -93.328704
44.74643
0 -93.328651
44.738636
0 -93.328591
44.735703
0 -93.328521
44.732202
0 -93.328482
44.717528
0 -93.326106
44.717556
0 -93.318341
44.717551
0 -93.31841
44.705213
0 -93.318422
44.702715
0 -93.318353
44.681362
0 -93.318556
44.652091
0 -93.318707
44.630578
0 -93.278169
44.630751
0 -93.278069
44.594597
0 -93.278473
44.543957
0 -93.281521
44.543957
0 -93.281593
44.486458
0 -93.281686
44.471998
0 -93.239311
44.471561
0 -93.233887
44.47168
0 -93.221395
44.471388
0 -93.211044
44.471481
0 -93.187781
44.471373
0 -93.185838
44.471355
0 -93.180855
44.47131
0 -93.17778
44.471329
0 -93.16597
44.471344
0 -93.160576
44.471329
0 -93.159731
44.47133
0 -93.156802
44.471343
0 -93.152485
44.471358
0 -93.152124
44.471358
0 -93.14573
44.471297
0 -93.13067
44.471149
0 -93.129791
44.471241
0 -93.100154
44.47175
0 -93.039485
44.471871
0 -93.039403
44.479056
0 -93.039927
44.486438
0 -93.039715
44.512512
0 -93.039339
44.515545
0 -93.03777
44.514721
0 -93.033003
44.514425
0 -93.030533
44.515398
0 -93.026837
44.516224
0 -93.024735
44.518052
0 -93.023192
44.516188
0 -93.017917
44.515036
0 -93.016061
44.515106
0 -93.013076
44.516018
0 -93.007459
44.516275
0 -93.003344
44.515861
0 -92.998624
44.517561
0 -92.984914
44.518822
0 -92.981941
44.518651
0 -92.976383
44.517047
0 -92.973208
44.514692
0 -92.964487
44.514613
0 -92.96231
44.515787
0 -92.959381
44.51539
0 -92.956849
44.514552
0 -92.955141
44.510874
0 -92.956354
44.508556
0 -92.954826
44.507025
0 -92.952685
44.506979
0 -92.951363
44.507703
0 -92.946517
44.512572
0 -92.945157
44.512792
0 -92.938077
44.511429
0 -92.933293
44.512425
0 -92.924751
44.515521
0 -92.922876
44.51794
0 -92.922204
44.517446
0 -92.918764
44.517598
0 -92.918978
44.528792
0 -92.918978
44.532908
0 -92.918977
44.54325
0 -92.913803
44.543386
0 -92.911832
44.543266
0 -92.906799
44.543268
0 -92.8914
44.543278
0 -92.80072
44.5432
0 -92.795319
44.542662
0 -92.7926
44.542971
0 -92.792768
44.550401
0 -92.792502
44.562565
0 -92.792499
44.565215
0 -92.792488
44.579517
0 -92.792526
44.598822
0 -92.792528
44.600687
0 -92.792584
44.629722
0 -92.757344
44.629502
0 -92.742682
44.629501
0 -92.732428
44.629485
0 -92.732043
44.629484
0 -92.732322
44.636287
0 -92.73189
44.658212
0 -92.732414
44.668358
0 -92.732417
44.679754
0 -92.732042
44.7136706398321
0 -92.737259
44.717155
0 -92.7502
44.72212
0 -92.7542
44.722767
0 -92.75699
44.723829
0 -92.766054
44.729604
0 -92.7765968317748
44.7333807383824
0 -92.787906
44.737432
0 -92.802402
44.745167
0 -92.8025794058107
44.7457971094334
0 -92.808088
44.74701
0 -92.812085
44.747223
0 -92.825184
44.750243
0 -92.826547
44.750429
0 -92.828226
44.750315
0 -92.83692
44.747177
0 -92.847749
44.746636
0 -92.849934
44.746524
0 -92.852628
44.747095
0 -92.8553
44.747715
0 -92.858707
44.753021
0 -92.860923
44.755765
0 -92.866558
44.760775
0 -92.872642
44.76745
0 -92.87859
44.772314
0 -92.882559
44.774107
0 -92.883826
44.77439
0 -92.886252
44.774587
0 -92.892027
44.774443
0 -92.898119
44.773683
0 -92.905102
44.773599
0 -92.913316
44.774695
0 -92.919966
44.777814
0 -92.925359
44.780784
0 -92.928629
44.781417
0 -92.93204
44.781095
0 -92.934989
44.779768
0 -92.937473
44.778019
0 -92.939733
44.775671
0 -92.954078
44.771154
0 -92.963848
44.770063
0 -92.974217
44.772362
0 -92.981336
44.774348
0 -92.986071
44.775312
0 -92.99155
44.775331
0 -92.994771
44.774701
0 -93.000729
44.771914
0 -93.005978
44.771685
0 -93.012932
44.773761
0 -93.015961
44.775564
0 -93.017869
44.778021
0 -93.019718
44.781721
0 -93.021521
44.786753
0 -93.021395
44.789707
0 -93.020352
44.794229
0 -93.018382
44.798497
0 -93.015473
44.802625
0 -93.00711
44.811988
0 -93.005103
44.813505
0 -93.004711
44.814873
0 -93.005709
44.81818
0 -93.011059
44.83354
0 -93.011875
44.836716
0 -93.011729
44.837868
0 -93.011215
44.841906
0 -93.010032
44.845989
0 -93.00868
44.852043
0 -93.008641
44.853079
0 -93.008428
44.858711
0 -93.00914
44.861846
0 -93.010076
44.863787
0 -93.012639
44.869102
0 -93.015966
44.882825
0 -93.016466
44.884611
0 -93.020044
44.89075
0 -93.024607
44.894074
0 -93.034733
44.897831
0 -93.036802
44.899865
0 -93.042125
44.905101
0 -93.045179
44.912307
0 -93.050252
44.9195
0 -93.050888
44.919501
0 -93.059647
44.919515
0 -93.064646
44.919526
0 -93.065276
44.919527
0 -93.072895
44.919562
0 -93.073012
44.919562
0 -93.088016
44.919662
0 -93.09091
44.919668
0 -93.090922
44.921345
0 -93.090928
44.922206
0 -93.090935
44.923236
0 -93.09607
44.923287
0 -93.096048
44.921691
0 -93.096024
44.919679
0 -93.105835
44.919748
0 -93.10988
44.91974
0 -93.128629
44.919648
0 -93.131224
44.916023
0 -93.133666
44.908777
0 -93.136513
44.905147
0 -93.138497
44.903963
0 -93.138708
44.903837
0 -93.14911
44.897786
0 -93.15161
44.894748
0 -93.155043
44.892499
0 -93.157451
44.891659
0 -93.164346
44.89034
0 -93.168176
44.888551
0 -93.168919
44.888204
0 -93.172102
44.887399
0 -93.175689
44.887405
0 -93.178539
44.888338
0 -93.17937
44.888311
0 -93.183148
44.886739
0 -93.182381
44.884728
0 -93.179613
44.882748
0 -93.178533
44.88134
0 -93.178771
44.880162
0 -93.180379
44.878642
0 -93.182762
44.877414
0 -93.186212
44.876364
0 -93.188627
44.874096
0 -93.189886
44.871537
0 -93.193352
44.869209
0 -93.197457
44.867118
0 -93.200744
44.864884
0 -93.197918
44.861977
0 -93.19728
44.860114
0 -93.1983
44.858164
0 -93.203247
44.852646
0 -93.207756
44.843626
0 -93.211437
44.839742
0 -93.215321
44.838945
0 -93.220312
44.838833
0 -93.221528
44.838245
0 -93.221915
44.83696
0 -93.219063
44.832238
0 -93.221108
44.830807
0 -93.227673
44.828987
0 -93.230893
44.827482
0 -93.232065
44.826709
0 -93.23492
44.824611
0 -93.239351
44.820199
0 -93.243184
44.817812
0 -93.24685
44.815942
0 -93.249026
44.814463
0 -93.251873
44.811476
0 -93.261714
44.809262
0 -93.27246
44.806874
0 -93.280817
44.806354
0 -93.282364
44.805896
0 -93.284118
44.804473
0 -93.285301
44.802067
0 -93.289828
44.800177
0 -93.290006
44.800129
0 -93.290358
44.800034
0 -93.294105
44.79902
0 -93.298178
44.797425
0 -93.304418
44.794412
0 -93.314122
44.792471
0 -93.319407
44.792817
0 -93.325582
44.792709
0 -93.329615
44.791086
0 -93.329666
44.779483
0 