-94.280696
41.790979
0 -94.280724
41.776568
0 -94.28067
41.731711
0 -94.280496
41.688326
0 -94.280001
41.649831
0 -94.279917
41.637116
0 -94.280002
41.62578
0 -94.279966
41.622853
0 -94.279977
41.620002
0 -94.279995
41.615286
0 -94.280057
41.601312
0 -94.241356
41.600971
0 -94.241361
41.576047
0 -94.24142
41.521843
0 -94.241423
41.517855
0 -94.241516
41.509638
0 -94.241576
41.509172
0 -94.241593
41.503679
0 -94.204266
41.50348
0 -94.203551
41.503555
0 -94.175178
41.503362
0 -94.132061
41.503131
0 -94.127172
41.503103
0 -94.125232
41.503093
0 -94.123452
41.503173
0 -94.080085
41.503142
0 -94.060843
41.503155
0 -94.051172
41.503162
0 -94.012762
41.503191
0 -93.984759
41.50327
0 -93.982211
41.503263
0 -93.925873
41.503225
0 -93.906605
41.50314
0 -93.897118
41.503099
0 -93.88166
41.504541
0 -93.875918
41.505091
0 -93.874672
41.505072
0 -93.86195
41.506091
0 -93.855704
41.506625
0 -93.842883
41.507652
0 -93.838121
41.508047
0 -93.828641
41.508746
0 -93.816471
41.509929
0 -93.814623
41.509926
0 -93.790612
41.511916
0 -93.790523
41.533385
0 -93.790523
41.533758
0 -93.790523
41.535389
0 -93.790527
41.535493
0 -93.790622
41.5438
0 -93.790514
41.563693
0 -93.790526
41.575358
0 -93.790528
41.577344
0 -93.790547
41.5844
0 -93.790601
41.5896
0 -93.790602
41.592167
0 -93.790632
41.600425
0 -93.794331
41.600407
0 -93.800852
41.600436
0 -93.814282
41.600456
0 -93.814267
41.603169
0 -93.814264
41.607689
0 -93.814265
41.607844
0 -93.814297
41.614868
0 -93.814322
41.622059
0 -93.814372
41.62841
0 -93.814463
41.629058
0 -93.814324
41.633088
0 -93.814337
41.643847
0 -93.814406
41.651072
0 -93.814415
41.651965
0 -93.814476
41.658379
0 -93.814465
41.665694
0 -93.814456
41.67294
0 -93.814442
41.677559
0 -93.81441
41.688432
0 -93.814449
41.703253
0 -93.814464
41.705079
0 -93.814481
41.707198
0 -93.814507
41.710167
0 -93.814537
41.717456
0 -93.814417
41.718466
0 -93.814627
41.731933
0 -93.814731
41.749987
0 -93.814691
41.750568
0 -93.81464
41.750703
0 -93.814591
41.753067
0 -93.814609
41.755639
0 -93.814675
41.761107
0 -93.814749
41.768334
0 -93.814892
41.776928
0 -93.814992
41.798608
0 -93.815032
41.803985
0 -93.815033
41.804245
0 -93.815048
41.807097
0 -93.815353
41.845685
0 -93.815589
41.849452
0 -93.81574
41.863308
0 -93.815527
41.863419
0 -93.81728
41.863511
0 -93.862878
41.863435
0 -93.862986
41.863435
0 -93.870906
41.863431
0 -93.875227
41.863728
0 -93.892711
41.863686
0 -93.903699
41.863661
0 -93.91238
41.863397
0 -93.912482
41.863397
0 -93.920732
41.863396
0 -93.921861
41.863358
0 -93.925973
41.863359
0 -93.931094
41.863362
0 -93.950511
41.863293
0 -93.991743
41.863205
0 -93.994234
41.863099
0 -94.017895
41.863114
0 -94.048029
41.863137
0 -94.096437
41.863105
0 -94.120604
41.863133
0 -94.164138
41.863244
0 -94.17322
41.863319
0 -94.202626
41.863326
0 -94.249289
41.863154
0 -94.250299
41.863083
0 -94.251114
41.863131
0 -94.261783
41.863055
0 -94.28034
41.862999
0 -94.280535
41.834405
0 -94.280696
41.790979
0 