-106.151736
48.910599
0 -106.15194
48.823898
0 -106.021358
48.823975
0 -106.020928
48.647181
0 -106.020984
48.63284
0 -106.020984
48.63192
0 -106.021035
48.566326
0 -106.021109
48.564495
0 -106.021307
48.563225
0 -105.999343
48.563236
0 -105.984127
48.563309
0 -105.979216
48.563493
0 -105.949394
48.563387
0 -105.944553
48.563516
0 -105.935065
48.563468
0 -105.932236
48.563229
0 -105.908517
48.563336
0 -105.90754
48.563242
0 -105.904661
48.562481
0 -105.845698
48.563359
0 -105.804432
48.563318
0 -105.79996
48.563278
0 -105.728314
48.563295
0 -105.714308
48.563815
0 -105.625555
48.563808
0 -105.614761
48.5631
0 -105.606386
48.563065
0 -105.589181
48.563184
0 -105.584466
48.563064
0 -105.57558
48.563297
0 -105.453426
48.563167
0 -105.452294
48.563172
0 -105.431738
48.563141
0 -105.409186
48.563308
0 -105.375545
48.563281
0 -105.371331
48.563177
0 -105.344444
48.563292
0 -105.3426
48.563199
0 -105.322755
48.563189
0 -105.182574
48.563161
0 -105.180731
48.563184
0 -105.006404
48.563114
0 -104.973354
48.56319
0 -104.97335
48.6059
0 -104.973396
48.631347
0 -104.973672
48.631758
0 -104.973353
48.632891
0 -104.973472
48.640304
0 -104.973163
48.642864
0 -104.973283
48.650085
0 -104.990515
48.650352
0 -105.038567
48.650232
0 -105.038239
48.715827
0 -105.038446
48.716559
0 -105.03831
48.806753
0 -105.038308
48.910551
0 -105.057815
48.910656
0 -105.057513933746
48.999228720476
0 -105.265192
48.9995
0 -105.277521
48.999457
0 -105.355888
48.999357
0 -105.38749
48.999382
0 -105.391379
48.999475
0 -105.407909
48.99948
0 -105.411972
48.999582
0 -105.522636
48.999591
0 -105.578616
48.999673
0 -105.607542
48.999624
0 -105.612577
48.999703
0 -105.65027
48.999444
0 -105.775808
48.999637
0 -105.834181
48.999707
0 -105.966197
48.999445
0 -106.050543
48.999207
0 -106.112107732136
48.99927949069
0 -106.112003
48.910767
0 -106.151736
48.910599
0 