-79.518798
36.603668
0 -79.519301
36.602947
0 -79.516306
36.600595
0 -79.510453
36.597136
0 -79.509674
36.594607
0 -79.508521
36.595844
0 -79.503369
36.593912
0 -79.50044
36.593144
0 -79.502465
36.591608
0 -79.499813
36.590855
0 -79.498485
36.589551
0 -79.493614
36.582337
0 -79.490487
36.580354
0 -79.48704
36.582844
0 -79.484721
36.58379
0 -79.48115
36.584225
0 -79.478404
36.584126
0 -79.475794
36.583554
0 -79.467722
36.579632
0 -79.462305
36.578976
0 -79.459741
36.578198
0 -79.456646
36.576738
0 -79.457546
36.574438
0 -79.458646
36.573638
0 -79.459446
36.569638
0 -79.462248
36.563939
0 -79.464546
36.565338
0 -79.471546
36.559838
0 -79.472723
36.553164
0 -79.473235
36.550643
0 -79.46989
36.546892
0 -79.468046
36.544638
0 -79.4700466947571
36.5410248370203
0 -79.4658336362435
36.5410546018495
0 -79.4656670203647
36.5410557789737
0 -79.445961
36.541195
0 -79.445687
36.541218
0 -79.4007860935769
36.5411998972906
0 -79.4007581946822
36.5411998860425
0 -79.3893183225759
36.5411952738265
0 -79.3428396979173
36.541176535028
0 -79.3426860764116
36.5411764730924
0 -79.344404
36.544659
0 -79.350019
36.549291
0 -79.346978
36.55304
0 -79.343343
36.559278
0 -79.343842
36.561585
0 -79.346295
36.560842
0 -79.345186
36.562849
0 -79.343329
36.561798
0 -79.33435
36.566007
0 -79.33463
36.567117
0 -79.332064
36.568351
0 -79.333736
36.570393
0 -79.335074
36.569688
0 -79.337178
36.572496
0 -79.334557
36.573871
0 -79.33519
36.572773
0 -79.334395
36.57165
0 -79.33323
36.57267
0 -79.331307
36.572387
0 -79.329017
36.570703
0 -79.327123
36.570073
0 -79.322103
36.571995
0 -79.319987
36.573423
0 -79.318262
36.572836
0 -79.316758
36.569947
0 -79.314143
36.568678
0 -79.312379
36.569908
0 -79.309566
36.569803
0 -79.306998
36.569149
0 -79.30458
36.570237
0 -79.304516
36.571798
0 -79.30269
36.574501
0 -79.302583
36.576913
0 -79.30401
36.577944
0 -79.304612
36.577941
0 -79.304617
36.580774
0 -79.305567
36.582233
0 -79.316227
36.582348
0 -79.316169
36.582809
0 -79.31768
36.582807
0 -79.318501
36.583929
0 -79.320502
36.583431
0 -79.321549
36.582386
0 -79.328394
36.582217
0 -79.329057
36.58855
0 -79.331413
36.588562
0 -79.331081
36.601793
0 -79.347304
36.600242
0 -79.349618
36.599452
0 -79.351239
36.599897
0 -79.354489
36.608513
0 -79.361204
36.609704
0 -79.361624
36.608973
0 -79.36426
36.608109
0 -79.364706
36.607763
0 -79.365731
36.609264
0 -79.368879
36.616835
0 -79.369268
36.634441
0 -79.369401
36.635076
0 -79.370674
36.634967
0 -79.375896
36.636701
0 -79.379212
36.633988
0 -79.383477
36.635777
0 -79.385753
36.637837
0 -79.392049
36.637337
0 -79.391046
36.639537
0 -79.392345
36.643137
0 -79.395645
36.641937
0 -79.398845
36.644537
0 -79.400545
36.643937
0 -79.400303
36.642314
0 -79.400195
36.641901
0 -79.403015
36.641498
0 -79.406446
36.633834
0 -79.404191
36.632587
0 -79.405423
36.629739
0 -79.410244
36.62554
0 -79.410451
36.623637
0 -79.415011
36.618102
0 -79.415308
36.61755
0 -79.414525
36.612651
0 -79.420211
36.606581
0 -79.420911
36.607169
0 -79.422422
36.603348
0 -79.421759
36.603441
0 -79.420048
36.603103
0 -79.422097
36.600681
0 -79.428248
36.598682
0 -79.431096
36.599162
0 -79.433499
36.603082
0 -79.436313
36.605684
0 -79.438118
36.608185
0 -79.443523
36.606561
0 -79.444547
36.609212
0 -79.446758
36.609182
0 -79.447619
36.607033
0 -79.448722
36.607302
0 -79.449509
36.610653
0 -79.452847
36.612238
0 -79.457222
36.611671
0 -79.460164
36.613132
0 -79.462647
36.613638
0 -79.462921
36.612239
0 -79.465157
36.613127
0 -79.466341
36.614583
0 -79.468738
36.613935
0 -79.470776
36.614628
0 -79.475547
36.614238
0 -79.478632
36.616303
0 -79.482348
36.615238
0 -79.484848
36.615738
0 -79.487548
36.612738
0 -79.488248
36.614338
0 -79.491448
36.614838
0 -79.493953
36.614438
0 -79.498119
36.617253
0 -79.499782
36.617024
0 -79.501101
36.61825
0 -79.505095
36.615599
0 -79.50757
36.615215
0 -79.511256
36.611724
0 -79.512262
36.606622
0 -79.511932
36.605768
0 -79.518082
36.605768
0 -79.518238
36.604397
0 -79.518798
36.603668
0 