-75.726807
35.935844
0 -75.727251
35.93362
0 -75.723782
35.925569
0 -75.702165
35.915428
0 -75.6982855548124
35.9111249961954
0 -75.696871
35.909556
0 -75.697672
35.901639
0 -75.681415
35.88398
0 -75.6758976149041
35.8829793513577
0 -75.67283
35.882423
0 -75.663356
35.869835
0 -75.660598
35.862541
0 -75.6604240088447
35.8544086126229
0 -75.660124328522
35.8404014841
0 -75.660086
35.83861
0 -75.675054
35.830204
0 -75.667891
35.82354
0 -75.63898
35.818639
0 -75.624235
35.809387
0 -75.620454
35.809253
0 -75.614361
35.815659
0 -75.616166328927
35.826317814125
0 -75.619772
35.847606
0 -75.6194036622309
35.8486994831696
0 -75.616833
35.856331
0 -75.62767
35.883149
0 -75.6364143389276
35.8944935896264
0 -75.64512
35.905788
0 -75.6479993004918
35.9067994400668
0 -75.648519
35.906982
0 -75.653478
35.904686
0 -75.662019
35.906522
0 -75.662338670256
35.909876624537
0 -75.6625777823573
35.9123858705706
0 -75.6628507316801
35.9152502049221
0 -75.662938
35.916166
0 -75.65954
35.919564
0 -75.6730723608136
35.9277152978858
0 -75.675245
35.929024
0 -75.686358
35.932973
0 -75.69115
35.936932
0 -75.705323
35.939403
0 -75.718266
35.939714
0 -75.726807
35.935844
0 