-84.812411
39.916916
0 -84.8124110112002
39.9169150114569
0 -84.779181
39.916826
0 -84.767409
39.916801
0 -84.761267
39.916793
0 -84.733241
39.916772
0 -84.723185
39.916536
0 -84.704293
39.916528
0 -84.673567
39.916602
0 -84.671614
39.916611
0 -84.661354
39.916671
0 -84.652529
39.916656
0 -84.613383
39.916596
0 -84.60945
39.916836
0 -84.596249
39.916743
0 -84.52954
39.917775
0 -84.525622
39.91784
0 -84.513955
39.918009
0 -84.513725
39.918016
0 -84.505486
39.918135
0 -84.485367
39.918491
0 -84.449591
39.919206
0 -84.446528
39.919262
0 -84.427473
39.919597
0 -84.425902
39.919622
0 -84.426141
39.926898
0 -84.426489
39.942559
0 -84.426587
39.946451
0 -84.42627
39.948865
0 -84.426375
39.963381
0 -84.426572
39.970718
0 -84.427346
39.977811
0 -84.427707
40.005535
0 -84.428501
40.007251
0 -84.428963
40.007243
0 -84.42842
40.010829
0 -84.428731
40.021888
0 -84.428787
40.041533
0 -84.428777
40.050793
0 -84.428917
40.058136
0 -84.429211
40.065293
0 -84.429554
40.07535
0 -84.429566
40.076637
0 -84.42986
40.094449
0 -84.430467
40.114804
0 -84.43068
40.122877
0 -84.430729
40.123522
0 -84.431038
40.136899
0 -84.43108
40.138082
0 -84.431149
40.140891
0 -84.431157
40.141209
0 -84.431188
40.142537
0 -84.431621
40.159846
0 -84.432282
40.18084
0 -84.436332
40.180801
0 -84.432717
40.188911
0 -84.432702
40.192714
0 -84.432575
40.197037
0 -84.432533
40.206306
0 -84.432818
40.215592
0 -84.43357
40.231689
0 -84.433639
40.237617
0 -84.43367
40.240985
0 -84.433982
40.255294
0 -84.433959
40.270149
0 -84.433929
40.270713
0 -84.434135
40.292076
0 -84.434066
40.306613
0 -84.434532
40.325294
0 -84.434607
40.339308
0 -84.434616
40.347373
0 -84.434631
40.354259
0 -84.454821
40.354198
0 -84.463058
40.354229
0 -84.494721
40.354214
0 -84.496007
40.354022
0 -84.515776
40.354037
0 -84.528892
40.35393
0 -84.540049
40.35381
0 -84.552531
40.35367
0 -84.560033
40.353588
0 -84.571442
40.353457
0 -84.58048
40.353371
0 -84.599588
40.353209
0 -84.599697
40.351764
0 -84.618576
40.351728
0 -84.632827
40.351747
0 -84.638217
40.35178
0 -84.639941
40.351799
0 -84.647907
40.351811
0 -84.669648
40.351874
0 -84.691461
40.351972
0 -84.692822
40.351985
0 -84.709858
40.352067
0 -84.8041185884184
40.3527569382653
0 -84.8040750898748
40.3435557042488
0 -84.803917
40.310115
0 -84.8039175091218
40.3100935746936
0 -84.804098
40.302498
0 -84.8047781662653
40.267426954746
0 -84.8056246366088
40.2237808622597
0 -84.805627
40.223659
0 -84.8056276762175
40.2236273313033
0 -84.8058847715445
40.2115870129226
0 -84.8059441037915
40.2088083582013
0 -84.8060895436707
40.201997100794
0 -84.8061641750778
40.198501954019
0 -84.806175
40.197995
0 -84.8063322547471
40.1925930611738
0 -84.80634
40.192327
0 -84.806347
40.192252
0 -84.8063872431327
40.1910875423847
0 -84.8067645656481
40.1801695037759
0 -84.806766
40.180128
0 -84.8067905313116
40.1793059838995
0 -84.808291
40.129027
0 -84.808305
40.127018
0 -84.808706
40.107216
0 -84.8087064482909
40.1071906561305
0 -84.8088853136074
40.0970786069506
0 -84.8089637378921
40.0926449345101
0 -84.8090866138198
40.0856982136642
0 -84.809737
40.048929
0 -84.810099
40.034214
0 -84.8105145471038
40.0196967331205
0 -84.8109329387956
40.0050800896762
0 -84.8109329724325
40.0050789145627
0 -84.811212
39.995331
0 -84.811536425275
39.9728457819829
0 -84.8121895345384
39.9275801836874
0 -84.812193
39.92734
0 -84.812357
39.921764
0 -84.812411
39.916916
0 