-77.029341
40.388681
0 -77.029199
40.38688
0 -77.029144
40.386613
0 -77.028395
40.384425
0 -77.027899
40.383512
0 -77.027007
40.380892
0 -77.023067
40.376399
0 -77.022332
40.375054
0 -77.021539
40.372144
0 -77.02165
40.368368
0 -77.020799
40.36623
0 -77.019178
40.364785
0 -77.013028
40.362143
0 -77.009505
40.359002
0 -77.008191
40.358449
0 -77.002227
40.357584
0 -76.998022
40.356679
0 -76.986409
40.356604
0 -76.981996
40.35732
0 -76.976822
40.356557
0 -76.970625
40.356305
0 -76.96115
40.358033
0 -76.95721
40.357732
0 -76.951737
40.358158
0 -76.94485
40.357531
0 -76.942745
40.357758
0 -76.937547
40.357481
0 -76.933589
40.356045
0 -76.932147
40.354596
0 -76.928521
40.347985
0 -76.92726
40.343464
0 -76.926701
40.341959
0 -76.921206
40.336391
0 -76.917296
40.332737
0 -76.916811
40.331676
0 -76.9163
40.330554
0 -76.91497
40.328484
0 -76.912356
40.324184
0 -76.912271
40.322729
0 -76.913857
40.318386
0 -76.915382
40.315863
0 -76.915595
40.315594
0 -76.917798
40.312126
0 -76.922134
40.302743
0 -76.923196
40.300196
0 -76.924468
40.292225
0 -76.924291
40.289642
0 -76.922063
40.285482
0 -76.920159
40.28301
0 -76.917348
40.280974
0 -76.916306
40.28021
0 -76.914112
40.274466
0 -76.913651
40.272141
0 -76.913911
40.271938
0 -76.913752
40.271129
0 -76.908525
40.265181
0 -76.904577
40.260572
0 -76.898852
40.25556
0 -76.892413
40.251358
0 -76.89233
40.251085
0 -76.890684
40.250112
0 -76.890052
40.249489
0 -76.88886
40.249019
0 -76.884916
40.247265
0 -76.882016
40.245779
0 -76.880634
40.244956
0 -76.878871
40.244
0 -76.873936
40.238438
0 -76.873477
40.237993
0 -76.873248
40.237681
0 -76.868111
40.232952
0 -76.867476
40.232231
0 -76.866473
40.231157
0 -76.859023
40.226328
0 -76.857507
40.226143
0 -76.848956
40.223824
0 -76.84073
40.222048
0 -76.839468
40.221615
0 -76.834785
40.217962
0 -76.833066
40.21608
0 -76.832926
40.214592
0 -76.830223
40.207753
0 -76.828859
40.20502
0 -76.824696
40.202319
0 -76.821638
40.201343
0 -76.817464
40.200881
0 -76.815406
40.201126
0 -76.810609
40.200605
0 -76.808442
40.200663
0 -76.806121
40.200618
0 -76.800585
40.200111
0 -76.795384
40.19734
0 -76.792065
40.194606
0 -76.790189
40.193781
0 -76.787668
40.19155
0 -76.785936
40.190947
0 -76.780628
40.187607
0 -76.775513
40.185194
0 -76.774014
40.184091
0 -76.767369
40.181369
0 -76.763787
40.17947
0 -76.762558
40.178772
0 -76.756379
40.177052
0 -76.752683
40.175803
0 -76.752075
40.175243
0 -76.749694
40.170192
0 -76.748775
40.162385
0 -76.748618
40.161932
0 -76.748259
40.155761
0 -76.745884
40.146123
0 -76.745568
40.139298
0 -76.744725
40.136804
0 -76.744616
40.133211
0 -76.743537
40.13085
0 -76.740557
40.12788
0 -76.732652
40.122732
0 -76.729168
40.12192
0 -76.726887
40.121965
0 -76.72162
40.12007
0 -76.715907
40.131479
0 -76.714587
40.132434
0 -76.713492
40.132255
0 -76.711198
40.133272
0 -76.710558
40.134019
0 -76.70929
40.134642
0 -76.706412
40.135266
0 -76.706999
40.13607
0 -76.710092
40.137084
0 -76.705696
40.143012
0 -76.7038
40.144454
0 -76.699874
40.14511
0 -76.699067
40.145806
0 -76.698916
40.148424
0 -76.696158
40.150117
0 -76.695594
40.154097
0 -76.697664
40.156342
0 -76.692316
40.15741
0 -76.690799
40.156252
0 -76.691644
40.153972
0 -76.689939
40.152238
0 -76.689757
40.150657
0 -76.690486
40.148362
0 -76.68689
40.149436
0 -76.683151
40.151795
0 -76.680859
40.150986
0 -76.680612
40.149063
0 -76.677209
40.148886
0 -76.676173
40.151408
0 -76.676369
40.153055
0 -76.674223
40.1544
0 -76.670563
40.154487
0 -76.6728
40.157499
0 -76.666783
40.16125
0 -76.666364
40.163034
0 -76.664404
40.163097
0 -76.662043
40.163467
0 -76.660988
40.165101
0 -76.654714
40.164042
0 -76.653104
40.16605
0 -76.644103
40.164906
0 -76.643169
40.165625
0 -76.640611
40.167269
0 -76.63841
40.166738
0 -76.636526
40.168348
0 -76.636018
40.170062
0 -76.633887
40.170858
0 -76.633825
40.170097
0 -76.632102
40.170616
0 -76.627899
40.175282
0 -76.627685
40.176739
0 -76.626256
40.178256
0 -76.625478
40.178001
0 -76.621189
40.179841
0 -76.619482
40.179303
0 -76.615948
40.180607
0 -76.614767
40.182452
0 -76.612215
40.183945
0 -76.612987
40.185381
0 -76.611793
40.186251
0 -76.608047
40.188348
0 -76.608092
40.189403
0 -76.606519
40.18999
0 -76.603232
40.189545
0 -76.602929
40.188771
0 -76.599865
40.188264
0 -76.596189
40.188827
0 -76.5955
40.189401
0 -76.592712
40.18938
0 -76.591188
40.190257
0 -76.58789
40.190559
0 -76.586412
40.189484
0 -76.583851
40.190988
0 -76.582682
40.190952
0 -76.581982
40.193467
0 -76.580708
40.194687
0 -76.579051
40.194856
0 -76.575376
40.194175
0 -76.572506
40.194922
0 -76.571195
40.194401
0 -76.567018
40.195554
0 -76.566339
40.196644
0 -76.569417
40.195549
0 -76.581355
40.226349
0 -76.588471
40.245383
0 -76.592173
40.25428
0 -76.595832
40.26387
0 -76.5981
40.269737
0 -76.604396
40.286364
0 -76.604789
40.287429
0 -76.607672
40.295317
0 -76.607807
40.295704
0 -76.610036
40.300968
0 -76.611141
40.3045
0 -76.612647
40.30818
0 -76.624669
40.337409
0 -76.625538
40.339273
0 -76.636269
40.366439
0 -76.644347
40.387274
0 -76.656883
40.419572
0 -76.667771
40.447888
0 -76.668088
40.448714
0 -76.67804
40.474717
0 -76.535414
40.555157
0 -76.54514
40.561118
0 -76.562649
40.571883
0 -76.56948
40.576092
0 -76.577073
40.580677
0 -76.609607
40.600932
0 -76.622898
40.609324
0 -76.639697
40.619836
0 -76.689876
40.651003
0 -76.690247
40.651244
0 -76.701624
40.658082
0 -76.702361
40.65574
0 -76.703924
40.65537
0 -76.713574
40.659595
0 -76.718273
40.658389
0 -76.719988
40.656736
0 -76.72104
40.654112
0 -76.72203
40.653401
0 -76.724788
40.653061
0 -76.730584
40.65389
0 -76.734515
40.655022
0 -76.741224
40.654531
0 -76.743927
40.65485
0 -76.749698
40.65315
0 -76.751659
40.651899
0 -76.751901
40.650826
0 -76.756232
40.648088
0 -76.761378
40.647933
0 -76.767631
40.646837
0 -76.770203
40.646874
0 -76.776718
40.645661
0 -76.778281
40.645986
0 -76.784533
40.642952
0 -76.785853
40.641732
0 -76.790388
40.640784
0 -76.794708
40.640836
0 -76.794558
40.641727
0 -76.798185
40.644752
0 -76.800854
40.645332
0 -76.802492
40.64728
0 -76.804867
40.646839
0 -76.809065
40.64342
0 -76.80984
40.642047
0 -76.809902
40.641916
0 -76.810149
40.634914
0 -76.81114
40.633817
0 -76.813202
40.633309
0 -76.822471
40.633523
0 -76.825119
40.634502
0 -76.827405
40.633946
0 -76.83183
40.629811
0 -76.832705
40.62809
0 -76.836074
40.626272
0 -76.840104
40.625439
0 -76.848056
40.625899
0 -76.855735
40.625867
0 -76.860739
40.626504
0 -76.864254
40.627585
0 -76.86578
40.627244
0 -76.868389
40.625098
0 -76.869299
40.623604
0 -76.869528
40.618383
0 -76.869891
40.617636
0 -76.872387
40.616444
0 -76.875717
40.616416
0 -76.881262
40.617041
0 -76.883426
40.617968
0 -76.886411
40.617758
0 -76.890254
40.616279
0 -76.8914
40.614964
0 -76.889741
40.612909
0 -76.889507
40.611233
0 -76.890875
40.610096
0 -76.898869
40.610452
0 -76.903342
40.611892
0 -76.908031
40.611259
0 -76.913229
40.611096
0 -76.916558
40.61018
0 -76.92066
40.610013
0 -76.921152
40.609117
0 -76.919114
40.606731
0 -76.917769
40.603933
0 -76.918672
40.603466
0 -76.920427
40.604031
0 -76.923857
40.607691
0 -76.92599
40.609169
0 -76.933598
40.611957
0 -76.934939
40.612313
0 -76.93636
40.612521
0 -76.948365
40.627148
0 -76.949414
40.628163
0 -76.950885
40.62713
0 -76.951708
40.623115
0 -76.952942
40.619754
0 -76.953551
40.61477
0 -76.953128
40.611638
0 -76.953105
40.604504
0 -76.953852
40.601441
0 -76.957444
40.594677
0 -76.958755
40.592855
0 -76.961698
40.590028
0 -76.965328
40.587015
0 -76.972276
40.583679
0 -76.976678
40.581665
0 -76.983673
40.578259
0 -76.988161
40.574585
0 -76.99054
40.571602
0 -76.993176
40.567041
0 -76.992436
40.566819
0 -76.99299
40.564027
0 -76.991939
40.561475
0 -76.991315
40.560497
0 -76.991315
40.560706
0 -76.988864
40.557985
0 -76.9868
40.554808
0 -76.987202
40.553419
0 -76.98424
40.547384
0 -76.981989
40.543415
0 -76.980546
40.538332
0 -76.980797
40.535006
0 -76.98153
40.531923
0 -76.982929
40.529695
0 -76.985121
40.527319
0 -76.985663
40.524997
0 -76.985104
40.516349
0 -76.984389
40.514565
0 -76.982298
40.51304
0 -76.978351
40.507149
0 -76.975229
40.504187
0 -76.973945
40.50233
0 -76.971632
40.500849
0 -76.96909
40.497562
0 -76.966284
40.495762
0 -76.964038
40.495319
0 -76.961857
40.493868
0 -76.953046
40.490572
0 -76.949466
40.484527
0 -76.948876
40.480324
0 -76.94876
40.473391
0 -76.949589
40.468625
0 -76.952809
40.462467
0 -76.956617
40.458674
0 -76.961143
40.45579
0 -76.967785
40.453017
0 -76.968945
40.452835
0 -76.969496
40.452732
0 -76.970152
40.45251
0 -76.970986
40.452106
0 -76.971244
40.451969
0 -76.980452
40.447136
0 -76.982133
40.446024
0 -76.986813
40.441838
0 -76.98943
40.438163
0 -76.992101
40.436722
0 -76.994582
40.43581
0 -76.997915
40.43367
0 -77.003235
40.4268
0 -77.01627
40.425173
0 -77.016977
40.420674
0 -77.015847
40.41565
0 -77.012939
40.411256
0 -77.011734
40.407412
0 -77.011887
40.405379
0 -77.013125
40.402349
0 -77.015536
40.400861
0 -77.016013
40.39992
0 -77.021702
40.397783
0 -77.027725
40.392708
0 -77.029341
40.388681
0 