-80.707629
35.855593
0 -80.707837
35.852897
0 -80.707269
35.851917
0 -80.704782
35.852132
0 -80.701546
35.850616
0 -80.699488
35.850492
0 -80.69882
35.85298
0 -80.696446
35.854614
0 -80.69287
35.85437
0 -80.692768
35.860096
0 -80.692112
35.86317
0 -80.690668
35.862965
0 -80.687334
35.859721
0 -80.683603
35.858646
0 -80.682307
35.857582
0 -80.678921
35.857178
0 -80.677013
35.855943
0 -80.675412
35.856145
0 -80.674502
35.857645
0 -80.671473
35.855793
0 -80.668771
35.856281
0 -80.668262
35.854848
0 -80.669622
35.851942
0 -80.672085
35.850557
0 -80.672778
35.849285
0 -80.671675
35.846821
0 -80.668619
35.846277
0 -80.664328
35.844937
0 -80.659838
35.844682
0 -80.655984
35.845638
0 -80.653601
35.84549
0 -80.6498
35.846398
0 -80.645776
35.844559
0 -80.64228
35.844111
0 -80.639224
35.844799
0 -80.631796
35.845784
0 -80.631011
35.845299
0 -80.631271
35.838985
0 -80.630484
35.83841
0 -80.627035
35.838503
0 -80.625626
35.83906
0 -80.622484
35.839018
0 -80.621007
35.837144
0 -80.615906
35.833922
0 -80.6136
35.832104
0 -80.61104
35.831372
0 -80.610009
35.829628
0 -80.610303
35.827731
0 -80.61205
35.826536
0 -80.612509
35.825316
0 -80.609161
35.823194
0 -80.608788
35.82392
0 -80.604463
35.823481
0 -80.603697
35.823942
0 -80.603576
35.826197
0 -80.602456
35.825581
0 -80.6017
35.823391
0 -80.600924
35.823663
0 -80.59995
35.824757
0 -80.59873
35.827433
0 -80.59368
35.826778
0 -80.594449
35.823657
0 -80.593172
35.820654
0 -80.592638
35.818858
0 -80.590281
35.817222
0 -80.587227
35.819515
0 -80.589926
35.821598
0 -80.586633
35.823038
0 -80.583683
35.822175
0 -80.57864
35.818995
0 -80.574693
35.818055
0 -80.570342
35.816263
0 -80.569069
35.81344
0 -80.567486
35.811703
0 -80.564482
35.81084
0 -80.561628
35.809209
0 -80.559179
35.805589
0 -80.557003
35.803914
0 -80.556428
35.802759
0 -80.554256
35.800065
0 -80.546699
35.798221
0 -80.54457
35.793921
0 -80.542879
35.792275
0 -80.538249
35.79026
0 -80.537031
35.79023
0 -80.53584
35.791553
0 -80.533608
35.790589
0 -80.534241
35.788958
0 -80.534023
35.786212
0 -80.532845
35.785325
0 -80.528301
35.783467
0 -80.522932
35.784728
0 -80.520434
35.784264
0 -80.518224
35.781452
0 -80.515406
35.778647
0 -80.508585
35.774766
0 -80.507372
35.774961
0 -80.506652
35.777695
0 -80.503185
35.781819
0 -80.501001
35.783333
0 -80.497287
35.782928
0 -80.496062
35.782492
0 -80.492067
35.778844
0 -80.492009
35.775735
0 -80.490466
35.773004
0 -80.489166
35.768468
0 -80.487132
35.766104
0 -80.486547
35.767374
0 -80.487277
35.770969
0 -80.485523
35.774822
0 -80.483834
35.776239
0 -80.478832
35.77495
0 -80.474851
35.771934
0 -80.471455
35.767692
0 -80.470628
35.764772
0 -80.468907
35.761367
0 -80.469006
35.75767
0 -80.462192
35.750947
0 -80.460774
35.746587
0 -80.458904
35.742811
0 -80.459637
35.746564
0 -80.459036
35.749511
0 -80.457816
35.752868
0 -80.455811
35.755825
0 -80.452716
35.758239
0 -80.450915
35.76655
0 -80.451307
35.76812
0 -80.452335
35.769862
0 -80.454967
35.772948
0 -80.459596
35.774996
0 -80.469818
35.781991
0 -80.473457
35.784646
0 -80.474426
35.786498
0 -80.476686
35.789183
0 -80.476909
35.792496
0 -80.475955
35.795017
0 -80.473862
35.798066
0 -80.471801
35.799412
0 -80.466204
35.801012
0 -80.464621
35.803112
0 -80.464525
35.803989
0 -80.465613
35.809623
0 -80.467094
35.813932
0 -80.467537
35.815317
0 -80.470282
35.820726
0 -80.471744
35.825144
0 -80.47657
35.830064
0 -80.47844
35.831259
0 -80.480183
35.831512
0 -80.485063
35.830509
0 -80.487157
35.831509
0 -80.487303
35.833256
0 -80.48248
35.840048
0 -80.478362
35.842909
0 -80.476719
35.843404
0 -80.474107
35.842462
0 -80.473072
35.841484
0 -80.470166
35.837099
0 -80.468809
35.83472
0 -80.465937
35.831507
0 -80.464086
35.827538
0 -80.461735
35.826714
0 -80.459038
35.826538
0 -80.455255
35.827424
0 -80.452258
35.82982
0 -80.449682
35.832417
0 -80.447963
35.835361
0 -80.445933
35.836607
0 -80.444617
35.836042
0 -80.437749
35.831229
0 -80.435621
35.828216
0 -80.432695
35.828157
0 -80.430297
35.829189
0 -80.429164
35.830307
0 -80.427433
35.833908
0 -80.427095
35.835327
0 -80.426614
35.843474
0 -80.425572
35.848443
0 -80.4244
35.850803
0 -80.422265
35.852416
0 -80.419576
35.852663
0 -80.41558
35.852072
0 -80.41372
35.851129
0 -80.408423
35.846032
0 -80.404026
35.843561
0 -80.400128
35.841857
0 -80.396379
35.841244
0 -80.39149
35.842665
0 -80.389543
35.844039
0 -80.388356
35.845716
0 -80.385605
35.854068
0 -80.385659
35.855193
0 -80.386354
35.857035
0 -80.387011
35.858644
0 -80.387473
35.860928
0 -80.387475
35.860953
0 -80.387482
35.861028
0 -80.387485
35.861054
0 -80.387507
35.861072
0 -80.387535
35.861165
0 -80.387619
35.861445
0 -80.387648
35.861539
0 -80.387656
35.86158
0 -80.38768
35.861706
0 -80.387688
35.861748
0 -80.387692
35.861769
0 -80.387704
35.861834
0 -80.387709
35.861856
0 -80.387566
35.861882
0 -80.387581
35.861986
0 -80.387766
35.86253
0 -80.387783
35.862583
0 -80.388463
35.864611
0 -80.38859
35.865098
0 -80.388798
35.865895
0 -80.388814
35.865951
0 -80.388829
35.866005
0 -80.388854
35.866088
0 -80.388876
35.866168
0 -80.388891
35.866223
0 -80.389059
35.866355
0 -80.389109
35.866679
0 -80.389138
35.866756
0 -80.389387
35.867397
0 -80.389571
35.867675
0 -80.389978
35.868291
0 -80.390053
35.868374
0 -80.39043
35.868791
0 -80.390455
35.868849
0 -80.390698
35.86911
0 -80.391182
35.869627
0 -80.391489
35.869822
0 -80.391791
35.870014
0 -80.392188
35.870266
0 -80.393267
35.870951
0 -80.393392
35.871001
0 -80.39383
35.871176
0 -80.394567
35.871471
0 -80.395838
35.871979
0 -80.39681
35.872271
0 -80.397572
35.8725
0 -80.398222
35.872695
0 -80.399979
35.873223
0 -80.400175
35.873269
0 -80.400836
35.873424
0 -80.402972
35.873923
0 -80.404861
35.874366
0 -80.407442
35.875137
0 -80.409223
35.875925
0 -80.41123
35.876813
0 -80.411287
35.876838
0 -80.411375
35.876878
0 -80.411461
35.876916
0 -80.41152
35.876942
0 -80.412057
35.877179
0 -80.412207
35.877289
0 -80.413959
35.878579
0 -80.414079
35.878657
0 -80.414727
35.879081
0 -80.415051
35.879295
0 -80.415884
35.879847
0 -80.415997
35.87997
0 -80.416187
35.880177
0 -80.41626
35.880257
0 -80.416346
35.880352
0 -80.41637
35.880735
0 -80.416377
35.880864
0 -80.416435
35.881932
0 -80.41639
35.882068
0 -80.41602
35.883205
0 -80.414953
35.8849
0 -80.414658
35.885226
0 -80.413846
35.886127
0 -80.410953
35.889832
0 -80.409259
35.891036
0 -80.407686
35.891514
0 -80.397454
35.892829
0 -80.391641
35.89241
0 -80.389393
35.891751
0 -80.386741
35.890125
0 -80.380523
35.887124
0 -80.378415
35.885518
0 -80.374775
35.884532
0 -80.372098
35.884689
0 -80.368635
35.887385
0 -80.367702
35.889281
0 -80.365423
35.893461
0 -80.365295
35.894801
0 -80.366328
35.896715
0 -80.369126
35.900343
0 -80.371203
35.903882
0 -80.374724
35.911332
0 -80.37513
35.913126
0 -80.37342
35.918194
0 -80.370053
35.922837
0 -80.36853
35.926114
0 -80.368355
35.928217
0 -80.369114
35.930373
0 -80.374049
35.937046
0 -80.375534
35.940524
0 -80.375607
35.941551
0 -80.374686
35.945924
0 -80.374716
35.949451
0 -80.374066
35.952265
0 -80.374778
35.955589
0 -80.377432
35.961366
0 -80.378633
35.963008
0 -80.382395
35.965358
0 -80.385216
35.966236
0 -80.38898
35.966827
0 -80.390481
35.967404
0 -80.392425
35.971529
0 -80.395389
35.97321
0 -80.395752
35.973631
0 -80.400099
35.974924
0 -80.411312
35.980257
0 -80.418105
35.985069
0 -80.419416
35.985818
0 -80.4211
35.9873
0 -80.422319
35.989208
0 -80.422253
35.9934
0 -80.419755
35.996411
0 -80.413889
36.000358
0 -80.413463
36.001131
0 -80.413868
36.00497
0 -80.417436
36.013012
0 -80.417525
36.014196
0 -80.417857
36.015473
0 -80.418323
36.016313
0 -80.418428
36.016453
0 -80.420989
36.018686
0 -80.42563
36.021059
0 -80.428126
36.022076
0 -80.432449
36.024381
0 -80.436225
36.027384
0 -80.441983
36.0306
0 -80.443266
36.031896
0 -80.445609
36.035741
0 -80.446729
36.038308
0 -80.451928
36.042402
0 -80.453122
36.04387
0 -80.456574
36.048639
0 -80.458213
36.053
0 -80.458668
36.057554
0 -80.459664
36.05924
0 -80.46381
36.062545
0 -80.468176
36.062494
0 -80.471932
36.061083
0 -80.473444
36.059944
0 -80.474952
36.05713
0 -80.475065
36.055448
0 -80.474067
36.052807
0 -80.474306
36.050648
0 -80.477542
36.048863
0 -80.483194
36.046198
0 -80.486967
36.043105
0 -80.489639
36.04297
0 -80.492184
36.043553
0 -80.496403
36.046536
0 -80.528152
36.047227
0 -80.549131
36.04725
0 -80.579218
36.048226
0 -80.598315
36.048411
0 -80.624372
36.048895
0 -80.626029
36.048812
0 -80.663657
36.050083
0 -80.680292
36.050682
0 -80.693198
36.051114
0 -80.699777
35.962172
0 -80.700976
35.945811
0 -80.700987
35.945658
0 -80.701224
35.942453
0 -80.701659
35.936561
0 -80.701887
35.933429
0 -80.702409
35.926392
0 -80.702493
35.92523
0 -80.702933
35.919184
0 -80.703206
35.915526
0 -80.703797
35.90757
0 -80.704607
35.896762
0 -80.70508
35.890438
0 -80.705156
35.889437
0 -80.705571
35.88354
0 -80.706111
35.87621
0 -80.706162
35.875509
0 -80.706543
35.870338
0 -80.706555
35.870174
0 -80.707629
35.855593
0 