-87.279173
38.693938
0 -87.279108
38.691821
0 -87.275104
38.68989
0 -87.271583
38.688906
0 -87.267441
38.688946
0 -87.26289
38.688057
0 -87.26109
38.686689
0 -87.261454
38.685863
0 -87.264011
38.684404
0 -87.268296
38.684613
0 -87.272461
38.683259
0 -87.273424
38.681149
0 -87.272603
38.67982
0 -87.268221
38.677006
0 -87.263859
38.674912
0 -87.262359
38.673341
0 -87.26114
38.670903
0 -87.261557
38.66825
0 -87.260592
38.666962
0 -87.256979
38.665953
0 -87.25714
38.667822
0 -87.25497
38.670238
0 -87.254144
38.673721
0 -87.252326
38.676926
0 -87.250028
38.678913
0 -87.246768
38.678758
0 -87.245852
38.677585
0 -87.246
38.674618
0 -87.246912
38.673271
0 -87.253557
38.66704
0 -87.255094
38.666007
0 -87.256655
38.663654
0 -87.257716
38.66351
0 -87.258761
38.661441
0 -87.258621
38.659741
0 -87.25661
38.657097
0 -87.255698
38.655223
0 -87.254492
38.654276
0 -87.250736
38.654365
0 -87.248981
38.656526
0 -87.243493
38.659109
0 -87.241563
38.6606
0 -87.239866
38.660662
0 -87.238893
38.65964
0 -87.238645
38.657844
0 -87.239424
38.65565
0 -87.240462
38.654349
0 -87.240492
38.65181
0 -87.239054
38.650173
0 -87.238655
38.648384
0 -87.239921
38.647346
0 -87.241195
38.64756
0 -87.244241
38.64934
0 -87.24638
38.651498
0 -87.248492
38.652887
0 -87.249725
38.652996
0 -87.251928
38.651616
0 -87.252235
38.647682
0 -87.251756
38.646594
0 -87.250013
38.645171
0 -87.246022
38.645224
0 -87.243506
38.644177
0 -87.242428
38.641379
0 -87.242071
38.637414
0 -87.239277
38.636207
0 -87.236502
38.636276
0 -87.235881
38.635681
0 -87.236519
38.634436
0 -87.238962
38.632672
0 -87.240629
38.632128
0 -87.24314
38.632714
0 -87.248164
38.635544
0 -87.250013
38.635461
0 -87.252376
38.633306
0 -87.252958
38.631454
0 -87.252035
38.629801
0 -87.250432
38.628796
0 -87.248958
38.625597
0 -87.245706
38.623346
0 -87.241755
38.619793
0 -87.238584
38.6145
0 -87.238824
38.610548
0 -87.240689
38.609629
0 -87.244358
38.610332
0 -87.246661
38.612307
0 -87.247829
38.613941
0 -87.250498
38.615065
0 -87.253502
38.614352
0 -87.254805
38.613627
0 -87.255275
38.612364
0 -87.25208
38.609562
0 -87.246928
38.607729
0 -87.245381
38.603679
0 -87.240445
38.605194
0 -87.239316
38.604548
0 -87.239395
38.602394
0 -87.241045
38.600992
0 -87.244144
38.600308
0 -87.24711
38.600518
0 -87.248586
38.599551
0 -87.248676
38.598358
0 -87.2451
38.595582
0 -87.245283
38.594815
0 -87.249074
38.590238
0 -87.249384
38.586889
0 -87.249064
38.585671
0 -87.247294
38.583129
0 -87.246138
38.582341
0 -87.242634
38.58195
0 -87.238459
38.582267
0 -87.23757
38.581037
0 -87.237506
38.577068
0 -87.237832
38.575721
0 -87.239665
38.573472
0 -87.241775
38.571981
0 -87.243375
38.571546
0 -87.246042
38.5717
0 -87.247774
38.570943
0 -87.247587
38.569466
0 -87.24188
38.567175
0 -87.239118
38.565559
0 -87.237258
38.563122
0 -87.238074
38.560647
0 -87.239222
38.560123
0 -87.242155
38.559923
0 -87.247192
38.560651
0 -87.248328
38.559539
0 -87.248227
38.558117
0 -87.246673
38.557005
0 -87.24185
38.555527
0 -87.238268
38.553525
0 -87.237435
38.552387
0 -87.238436
38.549912
0 -87.241263
38.548163
0 -87.242097
38.54493
0 -87.240828
38.545606
0 -87.237629
38.545549
0 -87.235475
38.544975
0 -87.227641
38.540596
0 -87.222515
38.538983
0 -87.220945
38.538829
0 -87.216166
38.54146
0 -87.213278
38.544776
0 -87.210183
38.549622
0 -87.20712
38.551709
0 -87.20371
38.55222
0 -87.200218
38.551639
0 -87.193975
38.549302
0 -87.185417
38.548513
0 -87.182473
38.547582
0 -87.177631
38.545295
0 -87.175588
38.544011
0 -87.17369
38.541662
0 -87.172457
38.53862
0 -87.171509
38.532771
0 -87.170279
38.531842
0 -87.166373
38.532467
0 -87.164405
38.532634
0 -87.162344
38.532431
0 -87.160784
38.53097
0 -87.157576
38.529715
0 -87.154714
38.527381
0 -87.153955
38.526025
0 -87.154189
38.524162
0 -87.155625
38.522864
0 -87.156473
38.520301
0 -87.155604
38.518146
0 -87.153037
38.516434
0 -87.151243
38.515814
0 -87.146054
38.515925
0 -87.138965
38.517392
0 -87.135367
38.519153
0 -87.135726
38.521487
0 -87.13911
38.526272
0 -87.138208
38.529352
0 -87.135492
38.531922
0 -87.134324
38.531751
0 -87.131258
38.530133
0 -87.128812
38.528075
0 -87.127731
38.526208
0 -87.124657
38.524945
0 -87.121967
38.525422
0 -87.119169
38.527045
0 -87.118868
38.528333
0 -87.119641
38.531367
0 -87.119618
38.533071
0 -87.118277
38.535225
0 -87.115088
38.536903
0 -87.110448
38.537609
0 -87.107653
38.537705
0 -87.102146
38.535382
0 -87.100511
38.534406
0 -87.096986
38.531028
0 -87.094419
38.528203
0 -87.093858
38.524337
0 -87.093377
38.5234
0 -87.091392
38.522173
0 -87.085147
38.52096
0 -87.082936
38.521137
0 -87.081835
38.520675
0 -87.082378
38.519084
0 -87.086106
38.516462
0 -87.087342
38.514044
0 -87.085437
38.512244
0 -87.083153
38.511914
0 -87.078372
38.514039
0 -87.075084
38.514981
0 -87.072369
38.5147
0 -87.069499
38.513129
0 -87.068364
38.511163
0 -87.066999
38.506845
0 -87.064783
38.502541
0 -87.063815
38.501657
0 -87.061208
38.500703
0 -87.058686
38.500832
0 -87.055016
38.502298
0 -87.0532
38.503979
0 -87.049836
38.508451
0 -87.045073
38.510865
0 -87.040271
38.511398
0 -87.035477
38.51235
0 -87.033151
38.51218
0 -87.02884
38.508723
0 -87.025385
38.507394
0 -87.023427
38.507225
0 -87.019881
38.507855
0 -87.015936
38.509669
0 -87.012968
38.511957
0 -87.011097
38.512031
0 -87.007604
38.50903
0 -87.004793
38.508286
0 -87.000003
38.509217
0 -86.998017
38.511084
0 -86.996601
38.513069
0 -86.995547
38.513567
0 -86.993951
38.513037
0 -86.983674
38.504989
0 -86.977992
38.502388
0 -86.974763
38.501953
0 -86.968664
38.504226
0 -86.962387
38.504513
0 -86.956217
38.503439
0 -86.955532
38.502163
0 -86.95645
38.49919
0 -86.956349
38.493239
0 -86.955398
38.491706
0 -86.952607
38.490663
0 -86.947663
38.490453
0 -86.945223
38.491189
0 -86.942513
38.492593
0 -86.939774
38.495023
0 -86.93958
38.496707
0 -86.940292
38.4992
0 -86.93908
38.501869
0 -86.936589
38.504262
0 -86.933048
38.505367
0 -86.924186
38.505358
0 -86.92436
38.526519
0 -86.924212
38.530602
0 -86.924063
38.533855
0 -86.923839
38.598266
0 -86.923847
38.61286
0 -86.923981
38.627627
0 -86.923864
38.66465
0 -86.923854
38.665374
0 -86.923689
38.686427
0 -86.923626
38.69399
0 -86.923493
38.710591
0 -86.923339
38.730766
0 -86.923
38.774962
0 -86.922943
38.817238
0 -86.904288
38.817708
0 -86.904251
38.830097
0 -86.904193
38.849631
0 -86.904201
38.891134
0 -86.904204
38.896861
0 -86.904252
38.904204
0 -86.914855
38.904027
0 -86.959608
38.903217
0 -86.995134
38.902727
0 -86.996876
38.902753
0 -87.017356
38.902593
0 -87.03542
38.90246
0 -87.098771
38.903974
0 -87.097066
38.903326
0 -87.09447
38.903255
0 -87.09137
38.901594
0 -87.090694
38.900289
0 -87.091647
38.897542
0 -87.094876
38.896768
0 -87.098395
38.897148
0 -87.101721
38.900832
0 -87.103733
38.901129
0 -87.106456
38.899575
0 -87.107568
38.897255
0 -87.107601
38.895532
0 -87.11023
38.893937
0 -87.112723
38.893977
0 -87.114306
38.895081
0 -87.115454
38.89783
0 -87.11711
38.898983
0 -87.120832
38.8989
0 -87.122473
38.897676
0 -87.122989
38.895716
0 -87.121707
38.893881
0 -87.119136
38.89238
0 -87.116372
38.892108
0 -87.113966
38.890634
0 -87.113445
38.888264
0 -87.113862
38.887663
0 -87.117627
38.88682
0 -87.120942
38.888381
0 -87.12267
38.890317
0 -87.124404
38.891025
0 -87.127199
38.890699
0 -87.12938
38.889102
0 -87.130584
38.886139
0 -87.129366
38.883802
0 -87.125659
38.883346
0 -87.124456
38.880861
0 -87.123573
38.877715
0 -87.120098
38.874769
0 -87.119961
38.873276
0 -87.1207
38.871635
0 -87.122273
38.869966
0 -87.12411
38.869437
0 -87.126004
38.869616
0 -87.127719
38.870588
0 -87.130561
38.875046
0 -87.132721
38.875232
0 -87.134352
38.874488
0 -87.135836
38.871963
0 -87.133514
38.868606
0 -87.133004
38.867335
0 -87.133568
38.865328
0 -87.133064
38.863826
0 -87.13152
38.862758
0 -87.127444
38.862748
0 -87.126414
38.860084
0 -87.127726
38.858686
0 -87.129773
38.85838
0 -87.132282
38.859333
0 -87.136441
38.862413
0 -87.14128
38.864669
0 -87.143709
38.867361
0 -87.146601
38.867287
0 -87.147554
38.865837
0 -87.146049
38.863593
0 -87.142259
38.861962
0 -87.14101
38.860281
0 -87.140947
38.858087
0 -87.143213
38.854947
0 -87.142576
38.85226
0 -87.139521
38.850239
0 -87.139551
38.849543
0 -87.141861
38.847958
0 -87.142288
38.84709
0 -87.140637
38.845779
0 -87.140574
38.843513
0 -87.143803
38.841424
0 -87.144728
38.839541
0 -87.147446
38.838569
0 -87.14932
38.83838
0 -87.152246
38.839992
0 -87.153932
38.842584
0 -87.15482
38.843191
0 -87.16159
38.845005
0 -87.164257
38.844543
0 -87.166384
38.845354
0 -87.168324
38.84669
0 -87.170381
38.846936
0 -87.172466
38.845408
0 -87.174762
38.844792
0 -87.179946
38.84536
0 -87.183633
38.847439
0 -87.18527
38.846634
0 -87.185979
38.844557
0 -87.185098
38.843434
0 -87.182437
38.842324
0 -87.177693
38.842467
0 -87.175267
38.841599
0 -87.172962
38.838981
0 -87.17334
38.836877
0 -87.17465
38.836009
0 -87.174231
38.834911
0 -87.172067
38.833156
0 -87.171509
38.83109
0 -87.173359
38.829404
0 -87.175927
38.829371
0 -87.177921
38.830217
0 -87.179386
38.832236
0 -87.182146
38.834185
0 -87.186034
38.834581
0 -87.186849
38.8338
0 -87.186764
38.831719
0 -87.185886
38.829781
0 -87.186329
38.826709
0 -87.187475
38.825517
0 -87.188967
38.825561
0 -87.190277
38.827507
0 -87.191551
38.83089
0 -87.193565
38.831571
0 -87.195376
38.831316
0 -87.196981
38.830169
0 -87.197648
38.828272
0 -87.197192
38.826562
0 -87.191972
38.824785
0 -87.190175
38.823757
0 -87.18954
38.820175
0 -87.191284
38.818404
0 -87.191633
38.815421
0 -87.192243
38.814688
0 -87.195367
38.815388
0 -87.196816
38.819036
0 -87.196849
38.821512
0 -87.19794
38.824321
0 -87.199758
38.825542
0 -87.201845
38.825998
0 -87.203667
38.825598
0 -87.205206
38.823633
0 -87.205338
38.820802
0 -87.203048
38.816427
0 -87.203083
38.815145
0 -87.204476
38.813808
0 -87.208159
38.811631
0 -87.210482
38.807343
0 -87.212651
38.8075
0 -87.213267
38.807977
0 -87.211712
38.815193
0 -87.211152
38.816837
0 -87.210995
38.820901
0 -87.21244
38.822751
0 -87.214217
38.823536
0 -87.216054
38.823644
0 -87.218733
38.822091
0 -87.218623
38.819052
0 -87.215272
38.81486
0 -87.215285
38.812626
0 -87.21593
38.811627
0 -87.217677
38.812058
0 -87.219869
38.811731
0 -87.22194
38.810461
0 -87.222901
38.80893
0 -87.224463
38.805156
0 -87.225917
38.804233
0 -87.228538
38.804922
0 -87.228719
38.806407
0 -87.227986
38.808016
0 -87.226391
38.81129
0 -87.226737
38.812331
0 -87.228287
38.813463
0 -87.232032
38.813388
0 -87.234939
38.811062
0 -87.237171
38.810905
0 -87.238824
38.81206
0 -87.238727
38.813867
0 -87.237881
38.814753
0 -87.233968
38.815742
0 -87.233885
38.816616
0 -87.235834
38.818329
0 -87.238937
38.819642
0 -87.239915
38.819264
0 -87.2423
38.816106
0 -87.243352
38.811196
0 -87.244406
38.809262
0 -87.2466
38.807701
0 -87.245915
38.806369
0 -87.242292
38.803614
0 -87.240888
38.801539
0 -87.240922
38.800571
0 -87.242729
38.797888
0 -87.241708
38.795135
0 -87.240221
38.78961
0 -87.239778
38.786318
0 -87.24046
38.781175
0 -87.242858
38.779172
0 -87.244248
38.779068
0 -87.246662
38.779844
0 -87.253185
38.779596
0 -87.255551
38.778704
0 -87.256957
38.776622
0 -87.256931
38.77389
0 -87.257661
38.771635
0 -87.257788
38.768599
0 -87.255895
38.765589
0 -87.25285
38.764671
0 -87.250012
38.765152
0 -87.248126
38.766055
0 -87.24588
38.768028
0 -87.243153
38.768839
0 -87.240698
38.76811
0 -87.239193
38.766148
0 -87.242542
38.762943
0 -87.244222
38.760672
0 -87.244601
38.758244
0 -87.244083
38.7558
0 -87.242959
38.75362
0 -87.241544
38.752344
0 -87.239149
38.751129
0 -87.239047
38.749866
0 -87.240652
38.749113
0 -87.243872
38.750047
0 -87.244803
38.751728
0 -87.24622
38.756213
0 -87.2479
38.758232
0 -87.251154
38.758278
0 -87.252964
38.756762
0 -87.252456
38.754274
0 -87.247478
38.750377
0 -87.244819
38.748545
0 -87.245131
38.745463
0 -87.243017
38.743944
0 -87.239085
38.743544
0 -87.238204
38.742676
0 -87.238716
38.741157
0 -87.241292
38.74044
0 -87.243505
38.741084
0 -87.245496
38.742448
0 -87.246906
38.742525
0 -87.248949
38.741699
0 -87.250413
38.740265
0 -87.25133
38.738195
0 -87.254483
38.735654
0 -87.255338
38.733843
0 -87.2551
38.732712
0 -87.252802
38.731414
0 -87.249484
38.73119
0 -87.247796
38.730366
0 -87.247003
38.728892
0 -87.247342
38.726866
0 -87.249995
38.72561
0 -87.253018
38.727033
0 -87.253892
38.729911
0 -87.255656
38.729445
0 -87.258356
38.729893
0 -87.259043
38.73127
0 -87.258852
38.733414
0 -87.26051
38.734038
0 -87.261677
38.733119
0 -87.262829
38.730305
0 -87.262582
38.729457
0 -87.262455
38.7289
0 -87.261949
38.727358
0 -87.2599
38.724415
0 -87.257118
38.721784
0 -87.257043
38.718863
0 -87.258366
38.717449
0 -87.262679
38.715651
0 -87.263877
38.714269
0 -87.264452
38.711001
0 -87.268392
38.709607
0 -87.269632
38.708427
0 -87.269525
38.705741
0 -87.267059
38.701981
0 -87.267012
38.700722
0 -87.269828
38.698213
0 -87.272622
38.696472
0 -87.279173
38.693938
0 