-91.409324
40.812682
0 -91.406371
40.808709
0 -91.402853
40.808398
0 -91.397525
40.808936
0 -91.393531
40.808618
0 -91.391803
40.807774
0 -91.389362
40.805123
0 -91.385755
40.802313
0 -91.384037
40.801395
0 -91.376879
40.799
0 -91.374002
40.797979
0 -91.372618
40.796874
0 -91.369478
40.794553
0 -91.367046
40.792215
0 -91.363872
40.790665
0 -91.360517
40.790763
0 -91.358298
40.791291
0 -91.352684
40.793729
0 -91.350746
40.793642
0 -91.349271
40.791788
0 -91.34787
40.788088
0 -91.346832
40.786473
0 -91.344805
40.785774
0 -91.334764
40.784655
0 -91.330785
40.783087
0 -91.325901
40.780782
0 -91.318847
40.779921
0 -91.316832
40.777812
0 -91.313681
40.773266
0 -91.311674
40.772147
0 -91.30958
40.771733
0 -91.302144
40.772342
0 -91.297574
40.773082
0 -91.295446
40.772939
0 -91.293391
40.772577
0 -91.2908
40.771171
0 -91.289013
40.769632
0 -91.286752
40.766571
0 -91.285532
40.762644
0 -91.285397
40.759558
0 -91.283039
40.754485
0 -91.281828
40.753685
0 -91.277158
40.752875
0 -91.275585
40.753443
0 -91.272872
40.754369
0 -91.263921
40.754198
0 -91.262279
40.753858
0 -91.258026
40.752019
0 -91.253872
40.750614
0 -91.248273
40.750401
0 -91.244421
40.748403
0 -91.23854
40.743216
0 -91.233449
40.737545
0 -91.227087
40.734348
0 -91.219586
40.733176
0 -91.217118
40.732286
0 -91.213148
40.728129
0 -91.212353
40.726161
0 -91.209003
40.724325
0 -91.207499
40.722031
0 -91.206972
40.720561
0 -91.208418
40.717023
0 -91.209814
40.715617
0 -91.20955
40.713993
0 -91.208185
40.71358
0 -91.204685
40.714827
0 -91.200853
40.718697
0 -91.198648
40.719327
0 -91.19682
40.719222
0 -91.194414
40.71805
0 -91.192732
40.714251
0 -91.191119
40.713132
0 -91.188731
40.712997
0 -91.184501
40.709009
0 -91.182551
40.7081
0 -91.180038
40.708303
0 -91.178648
40.709001
0 -91.178912
40.710851
0 -91.180525
40.711946
0 -91.180986
40.713111
0 -91.178005
40.717477
0 -91.177025
40.720376
0 -91.17609
40.721378
0 -91.173969
40.721789
0 -91.171631
40.721251
0 -91.16987
40.720132
0 -91.166689
40.719912
0 -91.16539
40.721864
0 -91.163493
40.722733
0 -91.162326
40.722578
0 -91.161119
40.72156
0 -91.161493
40.718549
0 -91.161136
40.717046
0 -91.156284
40.712914
0 -91.153544
40.710319
0 -91.151634
40.706995
0 -91.150636
40.706203
0 -91.146486
40.706469
0 -91.143474
40.704895
0 -91.141391
40.703849
0 -91.138818
40.700706
0 -91.133219
40.69874
0 -91.130544
40.698147
0 -91.126985
40.698224
0 -91.121688
40.699997
0 -91.119437
40.700008
0 -91.116826
40.69899
0 -91.1124335845794
40.6962786908794
0 -91.11194
40.697018
0 -91.110927
40.703262
0 -91.111095
40.708282
0 -91.113885
40.719532
0 -91.1144732204151
40.7206238812575
0 -91.115158
40.721895
0 -91.115735
40.725168
0 -91.1142491611375
40.7308640420335
0 -91.110424
40.745528
0 -91.1082
40.750935
0 -91.1054895963794
40.7538479486584
0 -91.102486
40.757076
0 -91.098105
40.763233
0 -91.096133
40.767134
0 -91.0936054250217
40.7743082049158
0 -91.091703
40.779708
0 -91.0916659912748
40.7802761689623
0 -91.091246
40.786724
0 -91.0920067009707
40.7913823519838
0 -91.092256
40.792909
0 -91.0947175229598
40.7978382319459
0 -91.097031
40.802471
0 -91.097649
40.805575
0 -91.0972124994174
40.8088593543212
0 -91.096846
40.811617
0 -91.0966576776745
40.8120794723187
0 -91.0934985890928
40.8198374002087
0 -91.092993
40.821079
0 -91.0915695039982
40.8228134136495
0 -91.090072
40.824638
0 -91.078332091716
40.8328384442615
0 -91.077521
40.833405
0 -91.067159
40.841997
0 -91.058749
40.846309
0 -91.05643
40.848387
0 -91.050241
40.858514
0 -91.047344
40.864654
0 -91.044653
40.868356
0 -91.039097
40.873565
0 -91.036789
40.875038
0 -91.0279192464286
40.87898170226
0 -91.027489
40.879173
0 -91.0231492356838
40.8827227178007
0 -91.021562
40.884021
0 -91.0139013709393
40.8956205658247
0 -91.01324
40.896622
0 -91.0117926988919
40.8981626879776
0 -91.009536
40.900565
0 -91.003536
40.905146
0 -90.9985
40.90812
0 -90.985462
40.912141
0 -90.97919
40.915522
0 -90.968995
40.919127
0 -90.965344
40.921633
0 -90.962916
40.924957
0 -90.960462
40.936356
0 -90.9537763662046
40.9507290158554
0 -90.952233
40.954047
0 -90.951967
40.958238
0 -90.952715
40.962087
0 -90.955111
40.969858
0 -90.958089
40.976643
0 -90.958142
40.979767
0 -90.9554600825403
40.9861849990077
0 -90.955201
40.986805
0 -90.949634
40.995248
0 -90.945949
41.006495
0 -90.945054
41.011917
0 -90.945324
41.019279
0 -90.9438890440927
41.0264855532263
0 -90.9432711327646
41.0295887920456
0 -90.942253
41.034702
0 -90.94232
41.038472
0 -90.943652
41.048637
0 -90.944577
41.052255
0 -90.945549
41.06173
0 -90.9489900261598
41.0702495855382
0 -90.949136
41.070611
0 -90.9493828838387
41.0727100123937
0 -91.031783
41.072962
0 -91.102801
41.073024
0 -91.114077
41.073037
0 -91.121241
41.073016
0 -91.170964
41.073067
0 -91.183114
41.073187
0 -91.188404
41.073219
0 -91.217764
41.073624
0 -91.253367
41.074083
0 -91.255521
41.074172
0 -91.265527
41.073975
0 -91.269847
41.074106
0 -91.294344
41.074146
0 -91.308364
41.074168
0 -91.327611
41.074125
0 -91.331858
41.074126
0 -91.37071
41.074112
0 -91.370772
41.059597
0 -91.37089
41.045041
0 -91.371103
41.015923
0 -91.371349
40.986846
0 -91.371206
40.983837
0 -91.371494
40.982492
0 -91.37153
40.972592
0 -91.37163
40.957821
0 -91.371705
40.921512
0 -91.371745
40.908938
0 -91.371824
40.899583
0 -91.371793
40.896937
0 -91.371695
40.877931
0 -91.372095
40.812631
0 -91.377048
40.812465
0 -91.381897
40.812525
0 -91.409324
40.812682
0 