-90.310005
34.875097
0 -90.313476
34.871698
0 -90.3044193945795
34.8605888851081
0 -90.282997
34.860602
0 -90.270476
34.860676
0 -90.267587
34.860502
0 -90.249966
34.860527
0 -90.249253
34.860648
0 -90.226099
34.860515
0 -90.202126
34.860374
0 -90.202259
34.830089
0 -90.201891
34.795109
0 -90.202457
34.772973
0 -90.202397
34.772141
0 -90.200972
34.729213
0 -90.201163
34.727013
0 -90.200199
34.724418
0 -90.19962
34.722408
0 -90.196202
34.720668
0 -90.19582
34.721934
0 -90.198642
34.724487
0 -90.198557
34.725316
0 -90.195407
34.727478
0 -90.1948
34.726495
0 -90.19558
34.72541
0 -90.19246
34.724892
0 -90.193179
34.726045
0 -90.192831
34.728695
0 -90.191636
34.727467
0 -90.188631
34.728362
0 -90.188128
34.729352
0 -90.190056
34.730679
0 -90.187241
34.731331
0 -90.188006
34.732167
0 -90.187191
34.733159
0 -90.185215
34.732893
0 -90.183822
34.733514
0 -90.183817
34.73438
0 -90.187114
34.734776
0 -90.188869
34.737907
0 -90.187944
34.738806
0 -90.187168
34.736905
0 -90.186067
34.736685
0 -90.182687
34.739844
0 -90.182866
34.741387
0 -90.181267
34.743678
0 -90.179359
34.742825
0 -90.178389
34.743149
0 -90.178174
34.744517
0 -90.176628
34.74551
0 -90.175853
34.743916
0 -90.174425
34.74396
0 -90.17469
34.745046
0 -90.172832
34.747793
0 -90.175786
34.747305
0 -90.176233
34.748078
0 -90.174483
34.748188
0 -90.173731
34.75098
0 -90.175215
34.751327
0 -90.174985
34.753491
0 -90.171441
34.754754
0 -90.172514
34.758057
0 -90.171483
34.75901
0 -90.169988
34.758735
0 -90.170308
34.755792
0 -90.168237
34.756477
0 -90.168133
34.758413
0 -90.166594
34.758029
0 -90.16553
34.759117
0 -90.16392
34.758221
0 -90.162636
34.759835
0 -90.160849
34.7602
0 -90.161799
34.758254
0 -90.15861
34.75704
0 -90.158474
34.755383
0 -90.157491
34.754723
0 -90.155563
34.756107
0 -90.153193
34.756748
0 -90.15417
34.759284
0 -90.151007
34.759172
0 -90.149909
34.757109
0 -90.149334
34.759025
0 -90.145455
34.758604
0 -90.144674
34.756685
0 -90.14278
34.756591
0 -90.143443
34.757971
0 -90.140265
34.758128
0 -90.139891
34.761929
0 -90.138984
34.762025
0 -90.135122
34.758831
0 -90.135815
34.760457
0 -90.132903
34.760861
0 -90.132942
34.759913
0 -90.130614
34.760721
0 -90.128906
34.760537
0 -90.127145
34.757409
0 -90.125667
34.758568
0 -90.12367
34.756058
0 -90.121422
34.756427
0 -90.121096
34.752644
0 -90.119224
34.753975
0 -90.117237
34.753959
0 -90.11694
34.752395
0 -90.115877
34.751648
0 -90.114827
34.746558
0 -90.113025
34.744814
0 -90.111925
34.745292
0 -90.109917
34.743768
0 -90.111481
34.742627
0 -90.107057
34.741438
0 -90.107109
34.740602
0 -90.110398
34.737918
0 -90.10901
34.737893
0 -90.106249
34.736666
0 -90.107325
34.733661
0 -90.106546
34.732999
0 -90.10521
34.73311
0 -90.10532
34.735183
0 -90.10273
34.733702
0 -90.101634
34.731515
0 -90.0999
34.730794
0 -90.10031
34.732524
0 -90.098277
34.731783
0 -90.09399
34.731367
0 -90.093293
34.732737
0 -90.09102
34.732027
0 -90.090328
34.733207
0 -90.090617
34.735849
0 -90.086211
34.73346
0 -90.083872
34.732789
0 -90.084017
34.731418
0 -90.080885
34.731454
0 -90.082983
34.729712
0 -90.081188
34.729632
0 -90.081097
34.726888
0 -90.077517
34.725124
0 -90.074657
34.725312
0 -90.074106
34.724392
0 -90.075412
34.723083
0 -90.074388
34.721287
0 -90.072455
34.721425
0 -90.072203
34.722884
0 -90.069311
34.723445
0 -90.069054
34.724017
0 -90.070824
34.725008
0 -90.06979
34.726512
0 -90.066636
34.726838
0 -90.065046
34.728373
0 -90.062892
34.727839
0 -90.060568
34.728177
0 -90.061234
34.726123
0 -90.060097
34.72531
0 -90.057957
34.725568
0 -90.057048
34.724355
0 -90.058377
34.723419
0 -90.059926
34.724431
0 -90.060309
34.722811
0 -90.058017
34.72268
0 -90.059899
34.720866
0 -90.059641
34.720194
0 -90.056755
34.718399
0 -90.054952
34.716399
0 -90.052814
34.715139
0 -90.054054
34.714902
0 -90.054501
34.713775
0 -90.054008
34.712228
0 -90.052671
34.714534
0 -90.051591
34.712504
0 -90.049358
34.712438
0 -90.05009
34.713877
0 -90.04818
34.715104
0 -90.047526
34.714577
0 -90.048497
34.713231
0 -90.047656
34.711503
0 -90.045078
34.714644
0 -90.044323
34.714135
0 -90.0448
34.712661
0 -90.043415
34.712622
0 -90.043191
34.714074
0 -90.040505
34.712711
0 -90.037325
34.712992
0 -90.037482
34.711322
0 -90.039355
34.711747
0 -90.038256
34.70926
0 -90.036366
34.70897
0 -90.035986
34.71042
0 -90.034833
34.710714
0 -90.032993
34.710068
0 -90.032876
34.708624
0 -90.029808
34.708023
0 -90.02872
34.708542
0 -90.027359
34.710207
0 -90.023901
34.710134
0 -90.023873
34.712991
0 -90.021792
34.713718
0 -90.019584
34.712049
0 -90.019326
34.713945
0 -90.017973
34.712909
0 -90.015703
34.713915
0 -90.014417
34.7135
0 -90.012966
34.714349
0 -90.011402
34.713952
0 -90.010567
34.715594
0 -90.009719
34.715242
0 -90.007393
34.717099
0 -90.005977
34.716456
0 -90.002252
34.716566
0 -90.00094
34.716023
0 -89.999966
34.716583
0 -90.00055
34.719628
0 -90.00009
34.720258
0 -89.998769
34.718962
0 -89.998811
34.71772
0 -89.997327
34.717441
0 -89.996895
34.719167
0 -89.995254
34.719304
0 -89.996113
34.718274
0 -89.995365
34.716823
0 -89.992978
34.717375
0 -89.994438
34.718155
0 -89.992634
34.719524
0 -89.991153
34.718751
0 -89.990943
34.72045
0 -89.988765
34.721168
0 -89.986641
34.718972
0 -89.985736
34.719366
0 -89.985661
34.721278
0 -89.98492
34.720549
0 -89.982807
34.7203
0 -89.982351
34.722209
0 -89.984299
34.723244
0 -89.982456
34.724122
0 -89.981849
34.726237
0 -89.981353
34.72441
0 -89.980484
34.724222
0 -89.979811
34.725605
0 -89.977164
34.724247
0 -89.974116
34.723875
0 -89.972981
34.725143
0 -89.971625
34.725451
0 -89.969962
34.724932
0 -89.968854
34.725838
0 -89.967073
34.724224
0 -89.964059
34.723734
0 -89.963773
34.723772
0 -89.962552
34.723994
0 -89.954117
34.726916
0 -89.953639
34.72875
0 -89.955126
34.730403
0 -89.954535
34.734058
0 -89.955901
34.736248
0 -89.955046
34.7382
0 -89.953415
34.738056
0 -89.95176
34.739083
0 -89.952135
34.740439
0 -89.951233
34.740704
0 -89.948581
34.738946
0 -89.947097
34.739971
0 -89.947605
34.742039
0 -89.946368
34.744047
0 -89.945494
34.743096
0 -89.94392
34.743289
0 -89.944127
34.745025
0 -89.94057
34.745821
0 -89.939586
34.747495
0 -89.938376
34.747429
0 -89.938963
34.746139
0 -89.936655
34.746275
0 -89.935826
34.746958
0 -89.934824
34.746218
0 -89.933132
34.748605
0 -89.931948
34.748241
0 -89.9319
34.749422
0 -89.929886
34.751756
0 -89.928873
34.751056
0 -89.927598
34.75198
0 -89.925158
34.751536
0 -89.922631
34.754205
0 -89.922292
34.75569
0 -89.920177
34.757943
0 -89.918908
34.760103
0 -89.915481
34.758172
0 -89.915825
34.7604
0 -89.914505
34.761802
0 -89.916071
34.763591
0 -89.915408
34.76439
0 -89.913014
34.764144
0 -89.912864
34.765413
0 -89.916209
34.766734
0 -89.915719
34.767697
0 -89.914016
34.767968
0 -89.910671
34.77135
0 -89.912202
34.772506
0 -89.908587
34.772641
0 -89.873861
34.77298
0 -89.838477
34.772973
0 -89.829628
34.772872
0 -89.811944
34.772794
0 -89.753114
34.772374
0 -89.749782
34.772226
0 -89.723442
34.772311
0 -89.72387
34.819322
0 -89.723943
34.831048
0 -89.723857
34.878846
0 -89.723902
34.886202
0 -89.724018
34.927631
0 -89.7243244282036
34.9952117286505
0 -89.741785
34.995194
0 -89.7419450298609
34.9951912999718
0 -89.759612330556
34.9948932167928
0 -89.7596157820093
34.9948931585598
0 -89.795187
34.994293
0 -89.7953564592094
34.9942926820712
0 -89.8131287302322
34.9942593388487
0 -89.8306894904269
34.9942263924496
0 -89.8307644094975
34.9942262518911
0 -89.8377794635948
34.9942130906857
0 -89.8483845951183
34.9941931940018
0 -89.848488
34.994193
0 -89.8783097856676
34.9942511438032
0 -89.883365
34.994261
0 -89.8833742390846
34.9942610874477
0 -89.8837478802462
34.9942646239537
0 -89.893402
34.994356
0 -89.8941944936743
34.9943585495775
0 -89.9014606033329
34.9943819258016
0 -89.9188788149853
34.9944379629436
0 -89.9367527187411
34.9944954661193
0 -89.9367552242117
34.9944954741798
0 -89.9558982802345
34.994557060419
0 -89.972195508899
34.9946094911814
0 -89.9899006712899
34.9946664514894
0 -89.9899073593362
34.9946664730059
0 -90.002264951541
34.9947062293347
0 -90.0025384419794
34.9947071091967
0 -90.008136877334
34.9947251202488
0 -90.0081547586774
34.9947251777759
0 -90.0250168365056
34.9947794257475
0 -90.0250722522122
34.9947796040286
0 -90.0313291971037
34.99479973361
0 -90.0607842992266
34.9948944953326
0 -90.0963372057652
34.9950088746566
0 -90.1269475389888
34.9951073529404
0 -90.1276056311953
34.9951094701272
0 -90.1374523893088
34.9951411487056
0 -90.3026450463283
34.9956725996129
0 -90.309297
34.995694
0 -90.304425
34.984939
0 -90.302471
34.982077
0 -90.296422
34.976346
0 -90.293083
34.974574
0 -90.287239
34.972531
0 -90.282234
34.967661
0 -90.27824
34.965077
0 -90.259663
34.957793
0 -90.253969
34.954988
0 -90.250056
34.951196
0 -90.2495204334623
34.9504061356819
0 -90.247832
34.947916
0 -90.246116
34.944316
0 -90.244476
34.937596
0 -90.244725
34.921031
0 -90.246546
34.914168
0 -90.248308
34.909739
0 -90.250095
34.90732
0 -90.279364
34.890077
0 -90.301957
34.880053
0 -90.310005
34.875097
0 