-97.75511
29.007113
0 -97.754691
29.006789
0 -97.740474
28.991377
0 -97.612614
28.854296
0 -97.598366
28.838909
0 -97.596965
28.83745
0 -97.574639
28.8133
0 -97.520667
28.852172
0 -97.515197
28.856141
0 -97.41734
28.925228
0 -97.41137
28.925316
0 -97.409217
28.923823
0 -97.40644
28.92104
0 -97.405594
28.92038
0 -97.403126
28.916705
0 -97.401719
28.915742
0 -97.399244
28.916039
0 -97.397133
28.919247
0 -97.39419
28.919155
0 -97.390544
28.917113
0 -97.384579
28.916836
0 -97.382417
28.915666
0 -97.382732
28.911748
0 -97.384088
28.908265
0 -97.384011
28.907417
0 -97.377995
28.904847
0 -97.374603
28.904734
0 -97.373456
28.904116
0 -97.373533
28.901503
0 -97.372229
28.899349
0 -97.371474
28.899258
0 -97.368271
28.900978
0 -97.366214
28.900589
0 -97.365379
28.898825
0 -97.363269
28.896877
0 -97.358972
28.896697
0 -97.355404
28.897621
0 -97.354855
28.896666
0 -97.355359
28.893449
0 -97.353057
28.891633
0 -97.351703
28.892344
0 -97.350089
28.894957
0 -97.347277
28.894958
0 -97.341287
28.895853
0 -97.339985
28.895647
0 -97.337614
28.892691
0 -97.326676
28.885244
0 -97.324436
28.882449
0 -97.324201
28.881119
0 -97.326076
28.877796
0 -97.326284
28.876512
0 -97.324978
28.874683
0 -97.323379
28.875262
0 -97.317483
28.87569
0 -97.316624
28.876375
0 -97.31238
28.878484
0 -97.310821
28.87776
0 -97.310276
28.876621
0 -97.312626
28.872365
0 -97.311695
28.869608
0 -97.305916
28.864037
0 -97.25058
28.905078
0 -97.16055
28.97093
0 -97.149062
28.979309
0 -97.125266
28.996674
0 -97.079925
29.03009
0 -97.048955
29.052769
0 -97.033188
29.064333
0 -97.027012
29.068571
0 -97.026013
29.068096
0 -97.018425
29.073112
0 -97.017219
29.074266
0 -96.998517
29.087915
0 -96.987281
29.09607
0 -96.976378
29.104046
0 -96.981541
29.109621
0 -96.995426
29.124612
0 -96.996259
29.125253
0 -97.110894
29.250248
0 -97.128959
29.268925
0 -97.137164
29.277453
0 -97.145644
29.286276
0 -97.148614
29.289446
0 -97.150111
29.291022
0 -97.158192
29.299429
0 -97.160889
29.302216
0 -97.202696
29.345587
0 -97.240108
29.384488
0 -97.253742
29.374662
0 -97.289155
29.34871
0 -97.33368
29.316167
0 -97.335207
29.315049
0 -97.379051
29.282973
0 -97.444486
29.235217
0 -97.450564
29.230813
0 -97.556513
29.152313
0 -97.600988
29.118938
0 -97.603331
29.11738
0 -97.613132
29.109765
0 -97.624957
29.100801
0 -97.630208
29.098363
0 -97.655712
29.079511
0 -97.725691
29.028271
0 -97.745589
29.013546
0 -97.751977
29.009365
0 -97.75511
29.007113
0 