-82.553835
37.202841
0 -82.553841149133
37.2028364196534
0 -82.553305
37.199183
0 -82.550616
37.1692
0 -82.548233
37.144544
0 -82.548184
37.1413
0 -82.547375
37.133135
0 -82.546936
37.131621
0 -82.546638
37.129187
0 -82.54622
37.124982
0 -82.543911
37.124992
0 -82.540314
37.120067
0 -82.497426
37.064465
0 -82.496596
37.063416
0 -82.498396
37.061923
0 -82.495633
37.061276
0 -82.494417
37.059826
0 -82.492846
37.056218
0 -82.492982
37.054449
0 -82.494297
37.053415
0 -82.494213
37.051443
0 -82.494917
37.049047
0 -82.493037
37.046263
0 -82.492899
37.04501
0 -82.491575
37.04334
0 -82.489655
37.042276
0 -82.488114
37.042381
0 -82.484158
37.040369
0 -82.480945
37.036519
0 -82.477561
37.034602
0 -82.477288
37.032511
0 -82.478325
37.027022
0 -82.47778
37.025279
0 -82.479298
37.02445
0 -82.477417
37.022676
0 -82.476145
37.02298
0 -82.474452
37.022034
0 -82.472479
37.022639
0 -82.471092
37.022153
0 -82.467075
37.021942
0 -82.450693
37.012566
0 -82.40471
36.986081
0 -82.401782
36.986462
0 -82.398683
36.984335
0 -82.394477
36.982187
0 -82.393243
36.982489
0 -82.390663
36.981418
0 -82.388765
36.979797
0 -82.38661
36.980625
0 -82.38024
36.980286
0 -82.378858
36.980779
0 -82.379017
36.979572
0 -82.380582
36.977573
0 -82.380187
36.975508
0 -82.377923
36.974702
0 -82.373999
36.975164
0 -82.372607
36.976098
0 -82.370887
36.973708
0 -82.367804
36.971924
0 -82.367617
36.970672
0 -82.365377
36.969567
0 -82.365734
36.967819
0 -82.364698
36.965474
0 -82.365393
36.962346
0 -82.363048
36.960488
0 -82.363966
36.96011
0 -82.36219
36.958238
0 -82.363114
36.956563
0 -82.362229
36.955855
0 -82.358182
36.956594
0 -82.357696
36.957769
0 -82.355819
36.956335
0 -82.352525
36.957862
0 -82.347533
36.958638
0 -82.346615
36.959704
0 -82.336071
36.96605
0 -82.328009
36.970905
0 -82.309074
36.98236
0 -82.293572
36.991756
0 -82.292239
36.991684
0 -82.291641
36.993941
0 -82.288374
36.995234
0 -82.287064
36.997349
0 -82.284653
36.998092
0 -82.282718
36.997839
0 -82.279439
36.998734
0 -82.274835
37.001209
0 -82.272149
37.000105
0 -82.270587
36.997025
0 -82.268985
36.996031
0 -82.268443
36.994323
0 -82.26499
36.993022
0 -82.261575
36.989164
0 -82.260126
36.990315
0 -82.258091
36.989088
0 -82.254902
36.990219
0 -82.254053
36.990682
0 -82.253826
36.991755
0 -82.24911
36.993779
0 -82.246933
36.993645
0 -82.247024
36.995427
0 -82.243669
36.995272
0 -82.243267
36.997902
0 -82.24199
37.000727
0 -82.240415
37.002377
0 -82.237025
37.002446
0 -82.234472
37.003397
0 -82.234302
37.004824
0 -82.232374
37.004906
0 -82.206857
37.02333
0 -82.196221
37.03102
0 -82.195365
37.02787
0 -82.193305
37.027444
0 -82.190064
37.027782
0 -82.1871
37.026623
0 -82.184959
37.026703
0 -82.184017
37.027161
0 -82.183197
37.029474
0 -82.183408
37.030995
0 -82.180782
37.033226
0 -82.180471
37.034654
0 -82.178953
37.035844
0 -82.176885
37.036339
0 -82.173772
37.038961
0 -82.172259
37.038258
0 -82.171234
37.039548
0 -82.169585
37.039942
0 -82.168079
37.041276
0 -82.164566
37.039585
0 -82.163172
37.040298
0 -82.161778
37.03887
0 -82.161528
37.037429
0 -82.159775
37.037406
0 -82.156093
37.040226
0 -82.154777
37.040038
0 -82.151745
37.041283
0 -82.148718
37.041691
0 -82.136813
37.050347
0 -82.138343
37.053363
0 -82.13929
37.054388
0 -82.139598
37.057213
0 -82.138524
37.058584
0 -82.136564
37.058778
0 -82.136752
37.060106
0 -82.135935
37.061169
0 -82.137205
37.063277
0 -82.139576
37.064587
0 -82.142757
37.06435
0 -82.14459
37.065052
0 -82.14499
37.067113
0 -82.144011
37.068001
0 -82.141751
37.068484
0 -82.140806
37.069758
0 -82.142008
37.069987
0 -82.144975
37.072115
0 -82.144526
37.073664
0 -82.144889
37.076088
0 -82.145613
37.077081
0 -82.147841
37.07823
0 -82.150908
37.081557
0 -82.152678
37.082277
0 -82.15186
37.083605
0 -82.15201
37.085132
0 -82.154314
37.085501
0 -82.154842
37.086985
0 -82.156953
37.088436
0 -82.157262
37.089463
0 -82.155938
37.090381
0 -82.156644
37.091848
0 -82.15641
37.093452
0 -82.157987
37.095205
0 -82.159131
37.097365
0 -82.1623
37.09858
0 -82.1628
37.099761
0 -82.160358
37.101151
0 -82.160639
37.102096
0 -82.162847
37.103497
0 -82.161578
37.104882
0 -82.161426
37.106288
0 -82.159348
37.106227
0 -82.159155
37.108359
0 -82.157861
37.110228
0 -82.158227
37.110904
0 -82.162651
37.113105
0 -82.168322
37.113975
0 -82.171955
37.115443
0 -82.170462
37.116783
0 -82.171068
37.117719
0 -82.173116
37.118063
0 -82.17176
37.119422
0 -82.17483
37.121435
0 -82.173671
37.123213
0 -82.17354
37.125687
0 -82.174895
37.127286
0 -82.172283
37.129222
0 -82.174201
37.13002
0 -82.175159
37.131537
0 -82.174818
37.132869
0 -82.176362
37.132722
0 -82.179269
37.133886
0 -82.179609
37.13526
0 -82.177286
37.135895
0 -82.177494
37.136749
0 -82.183808
37.136393
0 -82.183262
37.137845
0 -82.181373
37.139107
0 -82.181667
37.140981
0 -82.184157
37.143395
0 -82.187516
37.144106
0 -82.189479
37.145162
0 -82.190046
37.146309
0 -82.189548
37.148489
0 -82.190898
37.14987
0 -82.191546
37.151821
0 -82.19037
37.154428
0 -82.191257
37.156081
0 -82.192561
37.156483
0 -82.194894
37.155055
0 -82.195329
37.157162
0 -82.197378
37.159237
0 -82.201173
37.155885
0 -82.202047
37.155877
0 -82.203036
37.157722
0 -82.200905
37.158307
0 -82.200323
37.159214
0 -82.201554
37.160005
0 -82.204276
37.159704
0 -82.205017
37.160655
0 -82.204423
37.16286
0 -82.206415
37.163952
0 -82.230609
37.202695
0 -82.235997
37.211343
0 -82.23617
37.211996
0 -82.245452
37.250071
0 -82.249953
37.271058
0 -82.250712
37.273282
0 -82.253065
37.273802
0 -82.254734
37.275765
0 -82.25527
37.277979
0 -82.257901
37.279101
0 -82.259469
37.278596
0 -82.262495
37.278674
0 -82.264536
37.279324
0 -82.266453
37.281104
0 -82.269353
37.285083
0 -82.269928
37.289154
0 -82.270704
37.290308
0 -82.274635
37.292367
0 -82.276892
37.292854
0 -82.280075
37.294652
0 -82.28015
37.295899
0 -82.282432
37.299042
0 -82.284736
37.300493
0 -82.287707
37.300823
0 -82.292203
37.305653
0 -82.295147
37.306258
0 -82.296818
37.304703
0 -82.299611
37.304489
0 -82.303848
37.301809
0 -82.306062
37.301012
0 -82.31001
37.298326
0 -82.310931
37.297227
0 -82.314587
37.295737
0 -82.3147177936376
37.2959066788752
0 -82.316028
37.294879
0 -82.317083
37.293635
0 -82.317395
37.290975
0 -82.318957
37.287524
0 -82.324619
37.28318
0 -82.33157
37.282211
0 -82.336942
37.279737
0 -82.341849
37.280886
0 -82.342068
37.274109
0 -82.350948
37.267077
0 -82.355343
37.26522
0 -82.364535
37.264415
0 -82.376595
37.2599
0 -82.3794587171047
37.2600087270769
0 -82.383285
37.260154
0 -82.3844476462711
37.2598982960472
0 -82.385663
37.259631
0 -82.418085
37.251331
0 -82.431022
37.246773
0 -82.435728
37.246491
0 -82.449164
37.243908
0 -82.451998
37.242559
0 -82.457016
37.238288
0 -82.463073
37.238292
0 -82.473275
37.235569
0 -82.486439
37.231204
0 -82.487317
37.230578
0 -82.487219
37.227799
0 -82.4905535610788
37.225678853713
0 -82.491486
37.225086
0 -82.495243
37.225606
0 -82.496308
37.227562
0 -82.498858
37.227044
0 -82.507895
37.222727
0 -82.508342
37.222385
0 -82.5082499813024
37.2219180051095
0 -82.508062
37.220964
0 -82.509431
37.218924
0 -82.5130105432276
37.2169081202373
0 -82.5131658955038
37.2168206309993
0 -82.520117
37.212906
0 -82.524464
37.214957
0 -82.528746
37.213742
0 -82.531787
37.212097
0 -82.532051
37.210808
0 -82.531576
37.209163
0 -82.5340042529309
37.2080846845527
0 -82.536627
37.20692
0 -82.541302
37.20653
0 -82.545804
37.20307
0 -82.550372
37.204458
0 -82.553835
37.202841
0 