-99.0057543501525
45.9399443091284
0 -99.005642
45.939944
0 -98.9734590104526
45.9398077689056
0 -98.905477
45.93952
0 -98.904429
45.93952
0 -98.8803248690827
45.9394083980034
0 -98.8456095246563
45.9392476661453
0 -98.7873381732619
45.9389778701016
0 -98.7769635357959
45.9389298355859
0 -98.7563089495722
45.9388342049627
0 -98.7243745348833
45.9386863487944
0 -98.6318473214516
45.9382579482935
0 -98.625379
45.938228
0 -98.600281789017
45.9380228051478
0 -98.5070055570285
45.9372601784698
0 -98.4763027069497
45.9370091519
0 -98.414518
45.936504
0 -98.3823165064246
45.936459120948
0 -98.3521728242413
45.9364171098569
0 -98.2783009463399
45.9363141550098
0 -98.2574886078365
45.9362851489633
0 -98.18563
45.936185
0 -98.184637
45.936183
0 -98.1743419140115
45.9361827293663
0 -98.1026919940893
45.9361808458578
0 -98.070515
45.93618
0 -98.008202
45.936096
0 -98.0081016551785
45.9360953642803
0 -98.008077
46.022634
0 -98.007952
46.029766
0 -98.007335
46.080438
0 -98.007435
46.109616
0 -98.007261
46.138612
0 -98.006979
46.141719
0 -98.007072
46.185587
0 -98.007039
46.186576
0 -98.006926
46.196509
0 -98.006715
46.282626
0 -98.033436
46.282655
0 -98.034573
46.282796
0 -98.042758
46.282681
0 -98.130818
46.282751
0 -98.151723
46.282781
0 -98.160683
46.282779
0 -98.241282
46.282858
0 -98.251759
46.28287
0 -98.265915
46.282993
0 -98.285463
46.282928
0 -98.337772
46.283136
0 -98.368962
46.283009
0 -98.376606
46.283006
0 -98.410599
46.283002
0 -98.416646
46.282963
0 -98.417057
46.282938
0 -98.430863
46.282892
0 -98.43268
46.282986
0 -98.502762
46.282927
0 -98.506349
46.282916
0 -98.53604
46.282863
0 -98.586504
46.282801
0 -98.630092
46.282769
0 -98.660726
46.282864
0 -98.661459
46.282763
0 -98.673523
46.282852
0 -98.674565
46.283053
0 -98.675338
46.282847
0 -98.692781
46.28282
0 -98.724212
46.282763
0 -98.75461
46.282781
0 -98.775467
46.282805
0 -98.787021
46.282838
0 -98.808254
46.28285
0 -98.859067
46.282884
0 -98.874393
46.282876
0 -98.880806
46.282709
0 -98.911842
46.282875
0 -99.003118
46.282898
0 -99.003103
46.259573
0 -99.002972
46.258818
0 -99.003174
46.222269
0 -99.003321
46.200757
0 -99.003722
46.113696
0 -99.003997
46.099234
0 -99.004716
46.026629
0 -99.004817
46.016149
0 -99.004607
46.015609
0 -99.0057543501525
45.9399443091284
0 