-88.13611
45.819029
0 -88.13559
45.817307
0 -88.133092
45.813947
0 -88.131834
45.811312
0 -88.129461
45.809288
0 -88.124434
45.807326
0 -88.120753
45.806303
0 -88.118823
45.805164
0 -88.116024
45.804079
0 -88.109506
45.803584
0 -88.108331
45.803465
0 -88.107506
45.802668
0 -88.105355
45.800104
0 -88.105518
45.798839
0 -88.106351
45.797573
0 -88.105719
45.796366
0 -88.103878
45.793991
0 -88.103856
45.792581
0 -88.103247
45.791361
0 -88.101721
45.790517
0 -88.099616
45.790186
0 -88.094047
45.785658
0 -88.08859
45.784697
0 -88.0872116827544
45.7848279942396
0 -88.082603
45.785266
0 -88.0822555344793
45.7852273247254
0 -88.079764
45.78495
0 -88.078361
45.784249
0 -88.076375
45.781606
0 -88.072091
45.780261
0 -88.070555
45.779937
0 -88.062719
45.780572
0 -88.058256002738
45.7807197202238
0 -88.050634
45.780972
0 -88.048514
45.782549
0 -88.046049
45.782433
0 -88.045426
45.782991
0 -88.044697
45.783718
0 -88.041744
45.783734
0 -88.040505
45.785076
0 -88.040892
45.786452
0 -88.040042
45.787894
0 -88.040221
45.789236
0 -88.039729
45.789626
0 -88.033568
45.789816
0 -88.031124
45.789233
0 -88.027228
45.78919
0 -88.0236
45.790094
0 -88.0192659775342
45.7917960337727
0 -88.017588
45.792455
0 -88.007043
45.792192
0 -88.0058563387599
45.7926054806779
0 -88.001593
45.794091
0 -87.995876
45.795435
0 -87.993354
45.795613
0 -87.991447
45.795393
0 -87.989831
45.794827
0 -87.9884732547039
45.7935677253792
0 -87.987942
45.793075
0 -87.982617
45.782944
0 -87.98087
45.776977
0 -87.981789
45.775081
0 -87.9829096657051
45.7748118444813
0 -87.983392
45.774696
0 -87.985597
45.774926
0 -87.985972072892
45.7747504283084
0 -87.989829
45.772945
0 -87.9897182314447
45.7723559417867
0 -87.989656
45.772025
0 -87.986429
45.769596
0 -87.976835
45.767015
0 -87.9728848604035
45.7663878792976
0 -87.972451
45.766319
0 -87.96697
45.764021
0 -87.963996
45.760794
0 -87.964725
45.759461
0 -87.963452
45.75822
0 -87.959277
45.757367
0 -87.954459
45.758414
0 -87.948516
45.757844
0 -87.946488
45.756704
0 -87.945478
45.756687
0 -87.944113
45.757422
0 -87.9422399024323
45.7576513722986
0 -87.938413
45.75812
0 -87.934585
45.758094
0 -87.92913
45.760364
0 -87.926611
45.75959
0 -87.921999
45.756989
0 -87.9218799946283
45.7570120644607
0 -87.920028
45.757371
0 -87.918455
45.759154
0 -87.917278
45.759483
0 -87.915406
45.75921
0 -87.91353
45.757372
0 -87.911336
45.756539
0 -87.91
45.756716
0 -87.908933
45.758297
0 -87.907771
45.75928
0 -87.905873
45.759364
0 -87.904657
45.759163
0 -87.902707
45.757932
0 -87.901299
45.756553
0 -87.900005
45.753497
0 -87.898363
45.752503
0 -87.896032
45.752285
0 -87.891905
45.754055
0 -87.885675
45.753957
0 -87.882261
45.754779
0 -87.879812
45.754843
0 -87.877583
45.754488
0 -87.875813
45.753888
0 -87.874436
45.751551
0 -87.873339
45.750439
0 -87.8693814500676
45.7497107744769
0 -87.868111
45.749477
0 -87.865992
45.746537
0 -87.864141
45.745697
0 -87.862211
45.745018
0 -87.861783
45.744359
0 -87.86195
45.743367
0 -87.86305
45.74309
0 -87.863874
45.74266
0 -87.863514
45.741573
0 -87.86432
45.737139
0 -87.85548
45.726943
0 -87.853337
45.725974
0 -87.850429
45.725266
0 -87.8465664373957
45.7225260353855
0 -87.845411
45.722659
0 -87.819389
45.722776
0 -87.79936
45.722866
0 -87.798166
45.722791
0 -87.738081
45.722805
0 -87.71514
45.722699
0 -87.697159
45.722987
0 -87.69761
45.766157
0 -87.696946
45.898842
0 -87.636344
45.898846
0 -87.635043
45.898836
0 -87.617613
45.898842
0 -87.617191
45.937382
0 -87.617039
45.986006
0 -87.617013
45.999953
0 -87.616451
45.999954
0 -87.616181
46.067578
0 -87.616022
46.159751
0 -87.615914
46.246794
0 -87.659214
46.246915
0 -87.67493
46.246751
0 -87.688092
46.24693
0 -87.741074
46.246997
0 -87.804036
46.247434
0 -87.840784
46.247378
0 -87.842731
46.247436
0 -87.857556
46.246976
0 -87.864795
46.246952
0 -87.866544
46.246981
0 -87.86798
46.247011
0 -87.874987
46.246862
0 -87.950334
46.24699
0 -87.992028
46.247115
0 -87.999053
46.247123
0 -88.000043
46.246703
0 -88.117407
46.246618
0 -88.117685
46.087302
0 -88.117703
46.073418
0 -88.117506
45.959266
0 -88.117502
45.942542
0 -88.1168457401249
45.9217028628049
0 -88.115346
45.922211
0 -88.108188
45.922419
0 -88.104686
45.922121
0 -88.102908
45.921869
0 -88.096496
45.917273
0 -88.095034
45.915839
0 -88.094968
45.914669
0 -88.095728
45.913364
0 -88.099172
45.912362
0 -88.101973
45.91055
0 -88.104576
45.906847
0 -88.10571
45.905205
0 -88.105677
45.904387
0 -88.106624
45.902213
0 -88.106993
45.899774
0 -88.105981
45.897091
0 -88.105447
45.896593
0 -88.103629
45.895226
0 -88.102527
45.892222
0 -88.101814
45.883504
0 -88.100218
45.881205
0 -88.098305
45.880267
0 -88.096496
45.879861
0 -88.091962
45.879856
0 -88.084888
45.880668
0 -88.08182
45.880201
0 -88.079594
45.879006
0 -88.078204
45.877367
0 -88.07645
45.876013
0 -88.073944
45.875593
0 -88.071103
45.874644
0 -88.070001
45.87381
0 -88.069885
45.872717
0 -88.072037
45.87215
0 -88.073696
45.871819
0 -88.074102
45.87063
0 -88.075566
45.869935
0 -88.075983
45.868224
0 -88.0744549255214
45.8661466549687
0 -88.074375
45.866038
0 -88.074828
45.864905
0 -88.077534
45.863825
0 -88.081641
45.865087
0 -88.08259
45.864944
0 -88.084985
45.862443
0 -88.087419
45.857459
0 -88.088825
45.85586
0 -88.098326
45.850142
0 -88.106622
45.841072
0 -88.109066
45.839998
0 -88.111726
45.839196
0 -88.113585
45.837729
0 -88.120723
45.832995
0 -88.1219401578011
45.8318398873731
0 -88.123901
45.829979
0 -88.1269664870083
45.8277773730368
0 -88.127808
45.827173
0 -88.13364
45.823128
0 -88.134023731934
45.822742385709
0 -88.135067
45.821694
0 -88.13611
45.819029
0 