-77.900254
37.143885
0 -77.899825
37.132531
0 -77.898892
37.117094
0 -77.891338
37.000149
0 -77.890432
36.997264
0 -77.889813
36.988818
0 -77.888116
36.987899
0 -77.886576
36.988242
0 -77.885463
36.989888
0 -77.882581
36.991672
0 -77.880135
36.990917
0 -77.877851
36.991099
0 -77.87551
36.990113
0 -77.872876
36.991669
0 -77.871573
36.99174
0 -77.866293
36.989813
0 -77.865031
36.988473
0 -77.862288
36.992182
0 -77.860666
36.991241
0 -77.855975
36.990388
0 -77.854517
36.991546
0 -77.85185
36.990919
0 -77.851809
36.98925
0 -77.849925
36.98845
0 -77.850667
36.990532
0 -77.848585
36.992066
0 -77.847329
36.992066
0 -77.84223
36.995957
0 -77.841382
36.995941
0 -77.840869
36.995934
0 -77.838094
36.995364
0 -77.837038
36.994151
0 -77.833929
36.99374
0 -77.834641
36.992756
0 -77.832644
36.991315
0 -77.826882
36.990424
0 -77.823574
36.99102
0 -77.819635
36.989731
0 -77.817584
36.987954
0 -77.814161
36.986215
0 -77.813819
36.984774
0 -77.812193
36.984614
0 -77.810111
36.983378
0 -77.802579
36.984146
0 -77.800268
36.983548
0 -77.794796
36.984453
0 -77.793085
36.982371
0 -77.790433
36.981067
0 -77.786954
36.979991
0 -77.781907
36.979441
0 -77.781252
36.977061
0 -77.780196
36.975825
0 -77.777972
36.974956
0 -77.775406
36.974703
0 -77.773866
36.975801
0 -77.771784
36.976281
0 -77.769931
36.975365
0 -77.76554
36.974655
0 -77.76269
36.971748
0 -77.761808
36.968704
0 -77.761755
36.961611
0 -77.756396
36.95788
0 -77.755257
36.956095
0 -77.750895
36.956436
0 -77.745863
36.959042
0 -77.744321
36.956548
0 -77.746087
36.954969
0 -77.746371
36.953092
0 -77.744574
36.951629
0 -77.743149
36.951836
0 -77.741069
36.95337
0 -77.738842
36.950534
0 -77.738611
36.947285
0 -77.737984
36.946164
0 -77.73363
36.945676
0 -77.729516
36.944474
0 -77.727805
36.943377
0 -77.725323
36.93903
0 -77.725322
36.936879
0 -77.72381
36.935164
0 -77.723352
36.93299
0 -77.71899
36.930086
0 -77.718448
36.929125
0 -77.715683
36.927227
0 -77.714714
36.925351
0 -77.714684
36.92217
0 -77.716649
36.918531
0 -77.716648
36.916609
0 -77.715194
36.914802
0 -77.713541
36.914139
0 -77.704508
36.916498
0 -77.700889
36.91643
0 -77.699806
36.914027
0 -77.696072
36.909429
0 -77.694619
36.906591
0 -77.691284
36.905104
0 -77.689347
36.906226
0 -77.685928
36.9065
0 -77.683706
36.905196
0 -77.676526
36.904395
0 -77.673235
36.901364
0 -77.671084
36.900344
0 -77.665587
36.89547
0 -77.663907
36.894668
0 -77.658036
36.894514
0 -77.654591
36.894552
0 -77.653451
36.896474
0 -77.65157
36.898166
0 -77.649717
36.898143
0 -77.648037
36.896884
0 -77.647924
36.895534
0 -77.646045
36.892833
0 -77.645705
36.888531
0 -77.646476
36.886289
0 -77.647958
36.883635
0 -77.648045
36.881507
0 -77.644943
36.876747
0 -77.641248
36.874439
0 -77.639169
36.873752
0 -77.63464
36.874391
0 -77.63334
36.875148
0 -77.632182
36.877657
0 -77.632266
36.878709
0 -77.638246
36.882236
0 -77.638844
36.883426
0 -77.638073
36.885989
0 -77.636762
36.886743
0 -77.633286
36.887817
0 -77.631207
36.88761
0 -77.62671
36.88127
0 -77.625572
36.880514
0 -77.62316
36.880145
0 -77.619029
36.877844
0 -77.616204
36.879202
0 -77.587131
36.894335
0 -77.463352
36.958659
0 -77.449409
36.966022
0 -77.415268
36.98428
0 -77.412942
36.985363
0 -77.398498
36.992985
0 -77.397417
37.006213
0 -77.394725
37.034038
0 -77.394645
37.035734
0 -77.395717
37.042822
0 -77.396877
37.057918
0 -77.395862
37.112182
0 -77.39607
37.120822
0 -77.396917
37.154173
0 -77.397418
37.157348
0 -77.399203
37.17085
0 -77.404439
37.170725
0 -77.405696
37.169064
0 -77.410603
37.16615
0 -77.41836
37.165574
0 -77.423238
37.164572
0 -77.423704
37.17295
0 -77.421804
37.17335
0 -77.422659
37.178965
0 -77.424004
37.17965
0 -77.422904
37.18115
0 -77.426639
37.184154
0 -77.446205
37.18815
0 -77.449341
37.188479
0 -77.454684
37.187048
0 -77.450905
37.19095
0 -77.445106
37.196658
0 -77.445149
37.196946
0 -77.445805
37.20305
0 -77.441405
37.21135
0 -77.441505
37.21215
0 -77.441886
37.213011
0 -77.443022
37.215891
0 -77.443702
37.216035
0 -77.447506
37.21565
0 -77.447505
37.21662
0 -77.447521
37.22271
0 -77.453578
37.22271
0 -77.459783
37.223532
0 -77.46649
37.225274
0 -77.469705
37.225218
0 -77.472326
37.225577
0 -77.475999
37.225036
0 -77.479595
37.224534
0 -77.4861
37.225353
0 -77.493125
37.224822
0 -77.495131
37.223897
0 -77.49651
37.223337
0 -77.499715
37.224266
0 -77.502368
37.222137
0 -77.509182
37.221048
0 -77.514945
37.218084
0 -77.519026
37.217351
0 -77.522559
37.217142
0 -77.525478
37.220972
0 -77.526229
37.222756
0 -77.536115
37.226335
0 -77.543714
37.226196
0 -77.547221
37.226933
0 -77.549938
37.226478
0 -77.554032
37.226353
0 -77.556696
37.225718
0 -77.557927
37.224614
0 -77.559641
37.22501
0 -77.5604
37.225661
0 -77.562727
37.230751
0 -77.564011
37.231529
0 -77.565912
37.231286
0 -77.567386
37.232007
0 -77.567323
37.2379
0 -77.568198
37.239343
0 -77.569389
37.239903
0 -77.570853
37.23891
0 -77.57212
37.23712
0 -77.575468
37.236432
0 -77.57891
37.237927
0 -77.580443
37.242939
0 -77.583979
37.2461
0 -77.589159
37.246285
0 -77.59044
37.247192
0 -77.591441
37.249402
0 -77.595216
37.250985
0 -77.600494
37.253683
0 -77.602232
37.257611
0 -77.60301
37.260895
0 -77.603283
37.263913
0 -77.60771
37.267793
0 -77.610748
37.269092
0 -77.613349
37.270877
0 -77.615198
37.270839
0 -77.617341
37.269961
0 -77.618954
37.267793
0 -77.620301
37.266779
0 -77.624713
37.266875
0 -77.62761
37.267978
0 -77.629399
37.269547
0 -77.630577
37.26988
0 -77.632613
37.269659
0 -77.637969
37.267137
0 -77.64237
37.263975
0 -77.643509
37.263695
0 -77.646378
37.264701
0 -77.65061
37.265112
0 -77.650554
37.263015
0 -77.65187
37.260767
0 -77.64986
37.257862
0 -77.648942
37.25538
0 -77.650534
37.254964
0 -77.653365
37.25501
0 -77.655967
37.253708
0 -77.65712
37.251266
0 -77.656357
37.24658
0 -77.657709
37.246902
0 -77.659646
37.246296
0 -77.659747
37.245585
0 -77.661378
37.245927
0 -77.661786
37.243781
0 -77.660687
37.241815
0 -77.661326
37.240745
0 -77.663352
37.24019
0 -77.664012
37.240959
0 -77.665557
37.240377
0 -77.666051
37.241174
0 -77.668627
37.240982
0 -77.671161
37.241998
0 -77.673009
37.241844
0 -77.673847
37.240609
0 -77.674987
37.240746
0 -77.675091
37.236941
0 -77.678229
37.2352
0 -77.680489
37.235326
0 -77.681155
37.234404
0 -77.682845
37.235908
0 -77.683332
37.23537
0 -77.685214
37.235793
0 -77.686835
37.235343
0 -77.688139
37.232482
0 -77.687363
37.230878
0 -77.688393
37.23096
0 -77.688709
37.22822
0 -77.686017
37.22816
0 -77.686539
37.227468
0 -77.683895
37.22844
0 -77.680681
37.228896
0 -77.680853
37.228209
0 -77.683167
37.226513
0 -77.684939
37.225931
0 -77.685419
37.224283
0 -77.686607
37.222899
0 -77.689752
37.221482
0 -77.693989
37.222163
0 -77.700835
37.222909
0 -77.702606
37.22075
0 -77.704501
37.220591
0 -77.706066
37.218751
0 -77.708689
37.218778
0 -77.709567
37.217904
0 -77.711099
37.218316
0 -77.712848
37.215839
0 -77.715093
37.214707
0 -77.716522
37.216206
0 -77.718396
37.215634
0 -77.718862
37.213405
0 -77.720715
37.213349
0 -77.721023
37.211279
0 -77.723055
37.210899
0 -77.723637
37.208318
0 -77.724345
37.208933
0 -77.725971
37.207741
0 -77.725572
37.206664
0 -77.726532
37.204402
0 -77.728927
37.202594
0 -77.736511
37.200576
0 -77.747693
37.192729
0 -77.757402
37.192241
0 -77.763708
37.194495
0 -77.766371
37.19505
0 -77.771965
37.195601
0 -77.776158
37.196437
0 -77.784525
37.197032
0 -77.786639
37.196396
0 -77.792906
37.195831
0 -77.795199
37.195052
0 -77.795926
37.192592
0 -77.797052
37.190961
0 -77.799084
37.189764
0 -77.798638
37.187008
0 -77.799448
37.185305
0 -77.804163
37.184004
0 -77.805282
37.177827
0 -77.805982
37.175933
0 -77.808109
37.174461
0 -77.812494
37.171639
0 -77.813859
37.169678
0 -77.817626
37.167965
0 -77.819128
37.168228
0 -77.820651
37.167196
0 -77.824987
37.167201
0 -77.827417
37.169304
0 -77.831149
37.169517
0 -77.831966
37.170308
0 -77.8393
37.168928
0 -77.84151
37.169833
0 -77.844603
37.167729
0 -77.845103
37.165467
0 -77.849253
37.164428
0 -77.852869
37.164883
0 -77.8554
37.164179
0 -77.857032
37.162317
0 -77.857508
37.160428
0 -77.860447
37.158598
0 -77.861162
37.157651
0 -77.863724
37.156647
0 -77.865191
37.155285
0 -77.86652
37.152879
0 -77.868426
37.15211
0 -77.870524
37.150368
0 -77.874152
37.149394
0 -77.875889
37.147933
0 -77.877487
37.148076
0 -77.884402
37.145532
0 -77.888086
37.144633
0 -77.892633
37.146183
0 -77.894965
37.145838
0 -77.896612
37.144812
0 -77.900254
37.143885
0 