-77.119759
38.934343
0 -77.1179
38.932411
0 -77.1168162618117
38.9294932433392
0 -77.1166
38.928911
0 -77.1134
38.925211
0 -77.1073605064009
38.9200221393022
0 -77.1063
38.919111
0 -77.10500272508
38.9163375156884
0 -77.1034
38.912911
0 -77.1012
38.911111
0 -77.1010155931084
38.9109831445552
0 -77.1003969886517
38.9105542454652
0 -77.0937
38.905911
0 -77.0902
38.904211
0 -77.0828392117323
38.9020947733731
0 -77.0822
38.901911
0 -77.0792973903799
38.9016231616772
0 -77.0788780185296
38.9015815745174
0 -77.0783563148089
38.9015298395811
0 -77.0778364966227
38.9014782916244
0 -77.0710548891572
38.9008057910907
0 -77.0706217017928
38.9007628339105
0 -77.070099
38.900711
0 -77.0693711968326
38.9003662511312
0 -77.068199
38.899811
0 -77.067299
38.899211
0 -77.0646579445255
38.8918438452555
0 -77.063499
38.888611
0 -77.058254
38.880069
0 -77.055199
38.880012
0 -77.054099
38.879112
0 -77.051099
38.875212
0 -77.051299
38.873212
0 -77.049099
38.870712
0 -77.046299
38.871312
0 -77.0460041923077
38.8720279615384
0 -77.045599
38.873012
0 -77.046599
38.874912
0 -77.045399
38.875212
0 -77.0434540926829
38.8741006243902
0 -77.043299
38.874012
0 -77.0415899124088
38.8722396128683
0 -77.040599
38.871212
0 -77.039099
38.868112
0 -77.038899
38.865812
0 -77.039299
38.864312
0 -77.034004
38.857142
0 -77.0318317383801
38.8508965123416
0 -77.031698
38.850512
0 -77.034541
38.840473
0 -77.038549
38.839262
0 -77.041699
38.840212
0 -77.044199
38.840212
0 -77.0444892889518
38.8395951359773
0 -77.044999
38.838512
0 -77.044899
38.834712
0 -77.043499
38.833212
0 -77.042599
38.833812
0 -77.041199
38.833712
0 -77.039199
38.832212
0 -77.038098
38.828612
0 -77.039098
38.821413
0 -77.0387883445095
38.8196169981551
0 -77.038098
38.815613
0 -77.037356
38.814187
0 -77.0374469631707
38.8133980626165
0 -77.037999808574
38.8086031505388
0 -77.038195752156
38.806903702118
0 -77.0388005812625
38.8016579274941
0 -77.038898
38.800813
0 -77.0389040820382
38.8002967025371
0 -77.0389291722456
38.7981668227097
0 -77.0389696175543
38.79473346539
0 -77.0389927854341
38.792766769814
0 -77.039006
38.791645
0 -77.0375797152565
38.792777714848
0 -77.0244236516675
38.8032258870216
0 -77.0068218770753
38.8172047166507
0 -77.0014918209193
38.821437695918
0 -77.0014810762983
38.821446228991
0 -77.001397
38.821513
0 -76.999997
38.821913
0 -76.9991308531942
38.8226604965584
0 -76.9984584905661
38.823240754717
0 -76.9961897728544
38.8251986891805
0 -76.992939796838
38.8280034630028
0 -76.992697
38.828213
0 -76.9913437397798
38.8291970867314
0 -76.9890405411314
38.830871965809
0 -76.9873306495444
38.8321153937896
0 -76.9849693143039
38.8338325496209
0 -76.9822714891011
38.8357943999332
0 -76.979497
38.837812
0 -76.9728438537977
38.8431497825041
0 -76.9723265158783
38.8435648398636
0 -76.9708517314095
38.844748051309
0 -76.9708093936019
38.8447820186985
0 -76.9665705107146
38.8481828510603
0 -76.9654382741178
38.8490912382373
0 -76.9634722062731
38.8506686036257
0 -76.9619414862434
38.8518966918631
0 -76.9581489643888
38.8549394112303
0 -76.9581401027746
38.8549465208545
0 -76.953696
38.858512
0 -76.9498609664429
38.8611965234899
0 -76.949696
38.861312
0 -76.9467461839551
38.8636217776563
0 -76.9467019673844
38.8636564003058
0 -76.9436412723316
38.8660529989201
0 -76.9394901437423
38.8693034334956
0 -76.9359441963954
38.8720799964498
0 -76.9349713257387
38.8728417778189
0 -76.9338048141363
38.8737551847548
0 -76.9337188787997
38.8738224742119
0 -76.9298866240579
38.8768232228149
0 -76.9240349501798
38.881405225682
0 -76.9239724376518
38.8814541745108
0 -76.9215846945467
38.8833238353944
0 -76.9208251111037
38.8839186076914
0 -76.920195
38.884412
0 -76.919295
38.885112
0 -76.9185505215439
38.8856900656247
0 -76.9185356627107
38.8857016030717
0 -76.9133033917624
38.8897643075727
0 -76.9132625757576
38.889796
0 -76.9123783884484
38.8904825454401
0 -76.910795
38.891712
0 -76.909395
38.892812
0 -76.9108506791288
38.8939730430124
0 -76.9109558022081
38.8940568886994
0 -76.9122986393994
38.8951279294988
0 -76.9124212248124
38.8952257030633
0 -76.9128718360339
38.8955851085117
0 -76.9199019174646
38.9011922692933
0 -76.9234510631941
38.9040230516873
0 -76.9235292681466
38.9040854275996
0 -76.9275575618494
38.9072983762247
0 -76.9312514680512
38.910244618909
0 -76.9315650148695
38.9104947024166
0 -76.9317916687829
38.9106754805409
0 -76.935096
38.913311
0 -76.9419204562069
38.9185860266153
0 -76.9419210679896
38.9185864994984
0 -76.9439574213069
38.9201605176504
0 -76.9575313620675
38.9306526208473
0 -76.9577049072522
38.9307867642048
0 -76.957718618064
38.9307973621038
0 -76.9587486606847
38.9315935430849
0 -76.9613741668836
38.933622952412
0 -76.9634302539184
38.9352122239235
0 -76.9634357898141
38.9352165029454
0 -76.9668313235132
38.9378411121586
0 -76.9681589175141
38.9388672882342
0 -76.9737462088173
38.9431860367818
0 -76.9738876988498
38.9432954028125
0 -76.9778263031425
38.9463397834696
0 -76.978434328903
38.9468097626111
0 -76.9859369495824
38.9526089827349
0 -76.987925151061
38.9541457814772
0 -76.9895171223131
38.9553763103972
0 -76.9918925205442
38.9572123964546
0 -76.9973644902135
38.9614420060775
0 -76.9974927103214
38.9615411149971
0 -76.9991240258307
38.962802055425
0 -77.0016499141653
38.9647544642014
0 -77.002498
38.96541
0 -77.0025892201687
38.9654839197919
0 -77.0026017595338
38.9654940810016
0 -77.007774574197
38.9696858446079
0 -77.008298
38.97011
0 -77.0085892746401
38.9703377238095
0 -77.0110567340993
38.9722668284776
0 -77.013798
38.97441
0 -77.015598
38.97591
0 -77.0173231309697
38.977226703025
0 -77.0186545534322
38.9782429087594
0 -77.0187064975833
38.9782825550368
0 -77.0205367150986
38.9796794651736
0 -77.0265907040259
38.9843001610361
0 -77.0266345528952
38.9843336286046
0 -77.0266962184868
38.9843806947534
0 -77.0312349218127
38.9878448516806
0 -77.033707359689
38.9897319353213
0 -77.036299
38.99171
0 -77.0364613501893
38.9918274448178
0 -77.036698115899
38.9919987221397
0 -77.040999
38.99511
0 -77.0423889986637
38.9940648882228
0 -77.0465412510744
38.990942893929
0 -77.0516625043103
38.9870923275862
0 -77.0522200614323
38.986673111705
0 -77.0529374996208
38.9861336844956
0 -77.054299
38.98511
0 -77.0625646528884
38.9787553946774
0 -77.0666905196187
38.9755834426199
0 -77.0689510030664
38.9738455907718
0 -77.0695635808711
38.9733746430764
0 -77.0716409840087
38.9717775427368
0 -77.0774366982071
38.9673218177274
0 -77.0774416653451
38.9673179990089
0 -77.0804181742635
38.9650296692579
0 -77.0822402534113
38.9636288611176
0 -77.0827060827257
38.9632707331536
0 -77.0838391710907
38.9623996187416
0 -77.0857801216917
38.9609074226397
0 -77.0858122682884
38.9608827084474
0 -77.0913552852449
38.9566212562027
0 -77.0913993874581
38.9565873505739
0 -77.0915
38.95651
0 -77.0938660590164
38.9545554295082
0 -77.0980898719934
38.9510661927011
0 -77.1005269696602
38.9490529381068
0 -77.1007
38.94891
0 -77.1012777506042
38.9485299009183
0 -77.1045
38.94641
0 -77.1124783010974
38.9401006639136
0 -77.1125318000267
38.9400583563194
0 -77.119759
38.934343
0 