-101.090753
34.749809
0 -101.090749
34.748246
0 -100.944939
34.748281
0 -100.855163
34.748349
0 -100.854394
34.74831
0 -100.84776
34.748311
0 -100.750414
34.748256
0 -100.747714
34.748117
0 -100.740901
34.748033
0 -100.740007
34.748131
0 -100.717972
34.7481
0 -100.700274
34.748074
0 -100.655263
34.748059
0 -100.633295
34.748026
0 -100.572593
34.74787
0 -100.555471
34.747773
0 -100.540703
34.747723
0 -100.540997
34.750052
0 -100.540404
34.806124
0 -100.540403
34.867365
0 -100.540208
34.868235
0 -100.540541
34.869197
0 -100.540539
34.897163
0 -100.540364
34.898316
0 -100.540391
34.898796
0 -100.540108
34.92167
0 -100.539646
34.993913
0 -100.539624
34.996209
0 -100.53906
35.125161
0 -100.538978
35.183144
0 -100.66266
35.183082
0 -100.742289
35.183235
0 -100.74959
35.183265
0 -100.750416
35.18314
0 -100.821283
35.183242
0 -100.856644
35.183327
0 -100.875422
35.183248
0 -100.888149
35.183089
0 -100.905856
35.183144
0 -100.907821
35.182915
0 -100.909921
35.183114
0 -100.971444
35.183256
0 -100.973986
35.183203
0 -101.000427
35.182992
0 -101.001418
35.182842
0 -101.086281
35.18214
0 -101.086739
35.136099
0 -101.086875
35.080059
0 -101.087278
35.027079
0 -101.088474
34.957916
0 -101.089331
34.875052
0 -101.089237
34.874243
0 -101.090753
34.749809
0 