-66.317421
18.451074
0 -66.317283
18.450396
0 -66.314083
18.442642
0 -66.313193
18.440783
0 -66.312113
18.439231
0 -66.308507
18.433846
0 -66.301928
18.433741
0 -66.302232
18.432218
0 -66.301526
18.427475
0 -66.301174
18.426995
0 -66.300425
18.42526
0 -66.299612
18.423711
0 -66.299764
18.420774
0 -66.300816
18.418403
0 -66.30167
18.417959
0 -66.30173
18.417156
0 -66.303289
18.413279
0 -66.303884
18.410933
0 -66.303881
18.410636
0 -66.303663
18.384077
0 -66.301446
18.383471
0 -66.300537
18.384361
0 -66.293893
18.384406
0 -66.291366
18.385057
0 -66.287119
18.385111
0 -66.286441
18.38318
0 -66.282309
18.383101
0 -66.279864
18.383816
0 -66.277153
18.385517
0 -66.276256
18.384398
0 -66.273176
18.384773
0 -66.272108
18.383944
0 -66.271596
18.383741
0 -66.269895
18.384548
0 -66.270039
18.385818
0 -66.267607
18.386583
0 -66.266234
18.386028
0 -66.263431
18.3881
0 -66.259829
18.387118
0 -66.258109
18.387493
0 -66.25769
18.387842
0 -66.257338
18.38949
0 -66.254976
18.390107
0 -66.254149
18.392377
0 -66.253215
18.393239
0 -66.252554
18.394187
0 -66.254098
18.394898
0 -66.254619
18.395353
0 -66.257349
18.397508
0 -66.257554
18.404625
0 -66.258548
18.407864
0 -66.260198
18.409546
0 -66.260037
18.41027
0 -66.258073
18.411501
0 -66.25636
18.41162
0 -66.256105
18.413951
0 -66.257538
18.416251
0 -66.260644
18.417039
0 -66.260906
18.415598
0 -66.262136
18.414579
0 -66.263655
18.416759
0 -66.263722
18.419443
0 -66.264323
18.420579
0 -66.262547
18.422108
0 -66.262226
18.423282
0 -66.260712
18.422403
0 -66.259542
18.424804
0 -66.260129
18.425837
0 -66.262438
18.424437
0 -66.264315
18.42654
0 -66.263334
18.42854
0 -66.262842
18.428916
0 -66.261382
18.430837
0 -66.260296
18.430328
0 -66.257593
18.431153
0 -66.25798
18.434035
0 -66.258212
18.436041
0 -66.257448
18.437857
0 -66.255069
18.43948
0 -66.255438
18.440588
0 -66.259176
18.442571
0 -66.257234
18.446459
0 -66.258916
18.448239
0 -66.259046
18.449974
0 -66.259003
18.451039
0 -66.257999
18.45514
0 -66.256545
18.453495
0 -66.255039
18.454244
0 -66.253973
18.454311
0 -66.251812
18.451617
0 -66.250601
18.451145
0 -66.247761
18.451411
0 -66.245763
18.453719
0 -66.244311
18.454852
0 -66.241308
18.455706
0 -66.238654
18.454817
0 -66.235564
18.452685
0 -66.233526
18.450374
0 -66.231674
18.449741
0 -66.230778
18.450364
0 -66.231747
18.452557
0 -66.231099
18.453832
0 -66.224631
18.458594
0 -66.218368
18.462214
0 -66.214605
18.465
0 -66.212723
18.465596
0 -66.209657
18.465242
0 -66.205851
18.463628
0 -66.203727
18.463642
0 -66.199313
18.464974
0 -66.1989964651607
18.4663551592652
0 -66.199207
18.466318
0 -66.2136596107631
18.4661625287138
0 -66.220123
18.466093
0 -66.228917
18.467896
0 -66.241751
18.469474
0 -66.2478429272565
18.4720235480734
0 -66.2486925240774
18.4723791150142
0 -66.249832
18.472856
0 -66.2541062101174
18.4746574341071
0 -66.2557446864751
18.4753479961322
0 -66.2561220304046
18.4755070337569
0 -66.258057846137
18.4763229142096
0 -66.260528
18.477364
0 -66.267278577233
18.4793857350991
0 -66.26956
18.480069
0 -66.276215
18.478717
0 -66.2769114338205
18.4781556339082
0 -66.278594552145
18.4767989428229
0 -66.2787252702929
18.4766935764067
0 -66.280969
18.474885
0 -66.2812059469429
18.4747774938862
0 -66.2840331184507
18.4734947669671
0 -66.284952193441
18.4730777698987
0 -66.286435
18.472405
0 -66.289607
18.472405
0 -66.290713
18.472405
0 -66.294754
18.474659
0 -66.2967596740975
18.4759271973898
0 -66.299032
18.477364
0 -66.2995228550933
18.4773189649779
0 -66.3064
18.476688
0 -66.311867
18.47759
0 -66.3147921687175
18.476813171283
0 -66.315023
18.474754
0 -66.315447
18.470478
0 -66.317421
18.451074
0 