-96.47072
41.393239
0 -96.470168
41.392345
0 -96.463264
41.384218
0 -96.459511
41.380315
0 -96.453201
41.376898
0 -96.450388
41.375198
0 -96.446746
41.373701
0 -96.445498
41.373131
0 -96.439621
41.370129
0 -96.435083
41.369002
0 -96.424402
41.366121
0 -96.421852
41.364478
0 -96.420345
41.363024
0 -96.415145
41.356136
0 -96.413815
41.353698
0 -96.412905
41.350019
0 -96.409143
41.341868
0 -96.407437
41.336623
0 -96.406973
41.334308
0 -96.406861
41.328737
0 -96.407957
41.321734
0 -96.409679
41.320139
0 -96.409525
41.318307
0 -96.407608
41.314614
0 -96.404937
41.312223
0 -96.400449
41.309422
0 -96.398611
41.309071
0 -96.394306
41.305705
0 -96.390531
41.303196
0 -96.388162
41.301965
0 -96.38522
41.30156
0 -96.38313
41.300828
0 -96.381944
41.300534
0 -96.379084
41.29887
0 -96.375593
41.296605
0 -96.375106
41.29562
0 -96.370402
41.291599
0 -96.36715
41.288527
0 -96.36441
41.285258
0 -96.360566
41.280411
0 -96.350598
41.265192
0 -96.349662
41.262164
0 -96.350038
41.258292
0 -96.350807
41.256248
0 -96.352137
41.254662
0 -96.357135
41.24896
0 -96.35927
41.245132
0 -96.362526
41.24086
0 -96.365474
41.235543
0 -96.365558
41.234136
0 -96.363093
41.226504
0 -96.361378
41.219219
0 -96.361154
41.218851
0 -96.356868
41.212163
0 -96.354308
41.207467
0 -96.353662
41.20676
0 -96.350676
41.204191
0 -96.346196
41.201815
0 -96.336532
41.197955
0 -96.332547
41.195555
0 -96.327399
41.189999
0 -96.31533
41.190238
0 -96.309513
41.190105
0 -96.253479
41.190366
0 -96.24314
41.19036
0 -96.234288
41.190349
0 -96.228431
41.190397
0 -96.215757
41.190504
0 -96.196677
41.190654
0 -96.189382
41.190632
0 -96.186689
41.190625
0 -96.177523
41.190622
0 -96.163098
41.190729
0 -96.158333
41.190762
0 -96.153422
41.190782
0 -96.151908
41.190789
0 -96.149188
41.190788
0 -96.148558
41.190791
0 -96.148043
41.190794
0 -96.146075
41.190801
0 -96.138833
41.19081
0 -96.131776
41.190747
0 -96.129219
41.190732
0 -96.119599
41.190588
0 -96.110464
41.190659
0 -96.108579
41.190598
0 -96.102351
41.190598
0 -96.102278
41.190598
0 -96.10134
41.190593
0 -96.101289
41.190592
0 -96.100799
41.190595
0 -96.095319
41.190627
0 -96.093999
41.190709
0 -96.089762
41.190719
0 -96.088584
41.190726
0 -96.081396
41.190756
0 -96.074917
41.190732
0 -96.071749
41.190728
0 -96.07146
41.190728
0 -96.066782
41.190704
0 -96.062246
41.190704
0 -96.062197
41.190704
0 -96.061905
41.190704
0 -96.051875
41.190698
0 -96.049126
41.19071
0 -96.042911
41.190686
0 -96.033831
41.190713
0 -96.033318
41.190716
0 -96.023825
41.19065
0 -96.023685
41.190651
0 -96.019009
41.190725
0 -96.009408
41.190705
0 -96.009261
41.190702
0 -96.009134
41.1907
0 -96.007049
41.19067
0 -96.005918
41.190668
0 -96.004964
41.190667
0 -95.999821
41.190684
0 -95.992007
41.190726
0 -95.98662
41.190757
0 -95.981898
41.190776
0 -95.977015
41.1908
0 -95.967396
41.190849
0 -95.957693
41.190876
0 -95.952828
41.1909
0 -95.947933
41.190953
0 -95.9398
41.191097
0 -95.939532
41.191097
0 -95.9383
41.1911
0 -95.936841
41.190974
0 -95.93346
41.190982
0 -95.926118
41.19099
0 -95.9232187016371
41.1910461777481
0 -95.92599
41.195698
0 -95.9274848781543
41.2021714896754
0 -95.927491
41.202198
0 -95.9250382399394
41.2106883232867
0 -95.924891
41.211198
0 -95.9246588872832
41.211477482659
0 -95.915091
41.222998
0 -95.912591
41.226998
0 -95.910891
41.231798
0 -95.910891
41.2318814417952
0 -95.910891
41.23189
0 -95.910891
41.233998
0 -95.911391
41.237998
0 -95.9139138185291
41.2432220181664
0 -95.9163664692046
41.2483007392622
0 -95.9170871805789
41.2497931214007
0 -95.921291
41.258498
0 -95.9214264079288
41.2598746472759
0 -95.921891
41.264598
0 -95.920391
41.268398
0 -95.918791
41.269698
0 -95.913991
41.271398
0 -95.9145383725837
41.2717703623019
0 -95.9182262040359
41.2742790911809
0 -95.928691
41.281398
0 -95.929591
41.285097
0 -95.929591
41.290449
0 -95.929591
41.292297
0 -95.927491
41.298397
0 -95.9223739410576
41.3003158971034
0 -95.920291
41.301097
0 -95.9134244849658
41.301001638358
0 -95.9132971252243
41.3009998695955
0 -95.90589
41.300897
0 -95.90429
41.299597
0 -95.90429
41.2975903520562
0 -95.90429
41.293497
0 -95.909304683906
41.284937
0 -95.9093596127537
41.2848432371736
0 -95.912491
41.279498
0 -95.9038524138419
41.2742289893446
0 -95.90249
41.273398
0 -95.8909641080232
41.2779848462648
0 -95.88239
41.281397
0 -95.87689
41.285097
0 -95.872889
41.289497
0 -95.8728840800664
41.2895191397012
0 -95.8727644117647
41.2900576470588
0 -95.871489
41.295797
0 -95.874689
41.307097
0 -95.878189
41.312497
0 -95.883089
41.316697
0 -95.88869
41.319097
0 -95.89929
41.321197
0 -95.9127493633136
41.3202687680473
0 -95.91379
41.320197
0 -95.92209
41.321097
0 -95.92569
41.322197
0 -95.9269377073171
41.3228116341463
0 -95.939291
41.328897
0 -95.9393706921877
41.3289515157479
0 -95.9432291696037
41.3315910189171
0 -95.946891
41.334096
0 -95.953091
41.339896
0 -95.956691
41.345496
0 -95.9566929058394
41.3455665160584
0 -95.9566940330672
41.3456082234861
0 -95.956791
41.349196
0 -95.954891
41.351796
0 -95.952191
41.353496
0 -95.94099
41.357496
0 -95.93549
41.360596
0 -95.93159303492
41.364146568184
0 -95.93099
41.364696
0 -95.92879
41.370096
0 -95.92929
41.374896
0 -95.93519
41.384395
0 -95.9369307120277
41.3909794324524
0 -95.93749
41.393095
0 -95.992971
41.393169
0 -95.996491
41.393195
0 -95.996837
41.393183
0 -96.000291
41.393058
0 -96.004751
41.393064
0 -96.006763
41.393083
0 -96.022083
41.393185
0 -96.023876
41.393154
0 -96.027726
41.393158
0 -96.043105
41.393133
0 -96.052555
41.393151
0 -96.05684
41.393155
0 -96.062303
41.393156
0 -96.069403
41.393163
0 -96.079017
41.393185
0 -96.081527
41.393175
0 -96.096852
41.393151
0 -96.101086
41.393172
0 -96.117447
41.393147
0 -96.12482
41.393137
0 -96.158427
41.393164
0 -96.16216
41.393154
0 -96.168119
41.39316
0 -96.184313
41.39315
0 -96.197011
41.393136
0 -96.232744
41.393122
0 -96.242072
41.39314
0 -96.24384
41.393133
0 -96.278032
41.393034
0 -96.310269
41.393198
0 -96.311443
41.393202
0 -96.329012
41.393136
0 -96.33072
41.393131
0 -96.34822
41.39318
0 -96.440277
41.39319
0 -96.444881
41.393309
0 -96.44594
41.393295
0 -96.464015
41.393311
0 -96.47072
41.393239
0 