-92.015115
33.457485
0 -92.015265
33.454911
0 -92.014919
33.452041
0 -92.013644
33.450072
0 -92.012608
33.447105
0 -92.011662
33.446205
0 -92.006989
33.443922
0 -92.004782
33.44354
0 -91.998528
33.441127
0 -91.996251
33.442107
0 -91.995224
33.438633
0 -91.993534
33.437171
0 -91.992161
33.436977
0 -91.992276
33.435841
0 -91.996043
33.433082
0 -91.999026
33.429428
0 -92.000736
33.426409
0 -91.999026
33.421881
0 -91.999391
33.420037
0 -92.001835
33.417662
0 -92.002087
33.415809
0 -92.000813
33.413362
0 -92.000134
33.411003
0 -91.995373
33.406202
0 -91.990167
33.398214
0 -91.93994
33.397157
0 -91.890827
33.396417
0 -91.872532
33.396343
0 -91.797427
33.394592
0 -91.794423
33.394611
0 -91.768327
33.393657
0 -91.76205
33.39377
0 -91.751692
33.393573
0 -91.641433
33.392195
0 -91.630753
33.392016
0 -91.625934
33.391781
0 -91.606099
33.391424
0 -91.58174
33.39118
0 -91.561704
33.390958
0 -91.561673
33.391561
0 -91.554603
33.391393
0 -91.544857
33.391164
0 -91.543418
33.391135
0 -91.50165
33.390155
0 -91.49945
33.39026
0 -91.45737
33.388974
0 -91.457365
33.389194
0 -91.456815
33.425472
0 -91.454762
33.501798
0 -91.454732
33.501978
0 -91.454418
33.5193
0 -91.454243
33.524584
0 -91.453921
33.534201
0 -91.453813
33.546917
0 -91.4534
33.56335
0 -91.453438
33.563703
0 -91.452625
33.606421
0 -91.45339
33.606631
0 -91.45303
33.62744
0 -91.452509
33.6662
0 -91.4519
33.699979
0 -91.451837
33.703321
0 -91.451823
33.70417
0 -91.451809
33.704987
0 -91.451692
33.71044
0 -91.451549
33.715157
0 -91.451567
33.717502
0 -91.45123
33.736819
0 -91.45121
33.73805
0 -91.451045
33.751499
0 -91.450325
33.780415
0 -91.467808
33.780466
0 -91.477007
33.780495
0 -91.4772
33.780496
0 -91.521194
33.78115
0 -91.524692
33.781213
0 -91.537123
33.781592
0 -91.557648
33.783384
0 -91.619649
33.788797
0 -91.625158
33.789023
0 -91.627154
33.789189
0 -91.644676
33.790657
0 -91.664067
33.792245
0 -91.73574
33.79201
0 -91.748859
33.792095
0 -91.750051
33.792048
0 -91.76871
33.792003
0 -91.769049
33.792001
0 -91.820454
33.791749
0 -91.834382
33.791664
0 -91.839053
33.791771
0 -91.84369
33.791752
0 -91.872992
33.791635
0 -91.879155
33.791508
0 -91.880929
33.791605
0 -91.975974
33.791787
0 -91.975932
33.765658
0 -91.975911
33.751929
0 -91.975763
33.712684
0 -91.975894
33.710709
0 -91.975844
33.704414
0 -91.975852
33.697115
0 -91.976071
33.645741
0 -91.976331
33.639147
0 -91.97589
33.63892
0 -91.976329
33.629118
0 -91.976128
33.626114
0 -91.976448
33.611431
0 -91.976128
33.607915
0 -91.976177
33.60149
0 -91.976099
33.543883
0 -91.97608
33.529687
0 -92.007869
33.529404
0 -92.009222
33.526437
0 -92.009114
33.52426
0 -92.007529
33.52151
0 -92.005484
33.520003
0 -92.002729
33.520187
0 -92.002729
33.519188
0 -92.004974
33.517713
0 -92.004992
33.51606
0 -92.001551
33.516101
0 -91.999827
33.515425
0 -91.999533
33.5146
0 -92.000135
33.512887
0 -92.00237
33.512971
0 -92.005922
33.51184
0 -92.005998
33.51034
0 -92.004951
33.509694
0 -92.001244
33.508854
0 -92.000726
33.508128
0 -92.001051
33.506273
0 -91.999832
33.5036
0 -91.999119
33.50011
0 -91.999763
33.499437
0 -92.002056
33.499177
0 -92.007351
33.49506
0 -92.008278
33.493691
0 -92.007863
33.489801
0 -92.008934
33.486828
0 -92.00859
33.485549
0 -92.006061
33.482652
0 -92.005617
33.479926
0 -92.002558
33.479317
0 -92.002803
33.477373
0 -92.001161
33.476644
0 -92.000134
33.473927
0 -92.000135
33.475411
0 -91.999734
33.473106
0 -92.002798
33.470875
0 -92.006725
33.469622
0 -92.008864
33.467702
0 -92.009608
33.465218
0 -92.009299
33.464173
0 -92.011392
33.46155
0 -92.012751
33.458562
0 -92.015115
33.457485
0 