-91.134439
42.558658
0 -91.134347
42.514986
0 -91.13422
42.493156
0 -91.134219
42.493104
0 -91.134304
42.482294
0 -91.134195
42.471269
0 -91.13089
42.471262
0 -91.130788
42.44367
0 -91.130619
42.402897
0 -91.130616
42.400855
0 -91.130584
42.386308
0 -91.130496
42.382639
0 -91.130356
42.342961
0 -91.130316
42.339439
0 -91.13027
42.332138
0 -91.130225
42.324867
0 -91.130147
42.314679
0 -91.130106
42.303055
0 -91.130079
42.295761
0 -91.126669
42.295757
0 -91.125074
42.295823
0 -91.120981
42.2958
0 -91.052878
42.295754
0 -91.023505
42.295709
0 -91.023448
42.295711
0 -91.014937
42.295724
0 -91.013718
42.295767
0 -91.00782
42.295768
0 -91.004175
42.295731
0 -90.997917
42.295637
0 -90.993348
42.295662
0 -90.988523
42.295567
0 -90.975624
42.295775
0 -90.974854
42.295539
0 -90.974512
42.295466
0 -90.934427
42.295125
0 -90.931922
42.295311
0 -90.89802
42.295236
0 -90.850051
42.294923
0 -90.828181
42.294836
0 -90.792583
42.294779
0 -90.783043
42.294989
0 -90.78184
42.294763
0 -90.771054
42.295049
0 -90.767911
42.295031
0 -90.757132
42.294974
0 -90.75013
42.294699
0 -90.730465
42.295003
0 -90.726196
42.294879
0 -90.714305
42.294872
0 -90.691429
42.294821
0 -90.690022
42.294839
0 -90.686674
42.294884
0 -90.686148
42.294867
0 -90.685262
42.294728
0 -90.683177
42.294642
0 -90.682217
42.29465
0 -90.665551
42.294699
0 -90.665509
42.302099
0 -90.665471
42.309322
0 -90.665029
42.382155
0 -90.625128
42.382308
0 -90.575322
42.382077
0 -90.571075
42.38207
0 -90.548861
42.382086
0 -90.502285
42.381997
0 -90.491119
42.381691
0 -90.473812167653
42.3814582098911
0 -90.474121
42.381729
0 -90.477279
42.383794
0 -90.480148
42.384616
0 -90.484621
42.38453
0 -90.487154
42.385141
0 -90.490334
42.387093
0 -90.495766
42.392406
0 -90.500128
42.395539
0 -90.5066749708131
42.3987172265416
0 -90.506829
42.398792
0 -90.517516
42.403019
0 -90.5273105395828
42.4062556349708
0 -90.548068
42.413115
0 -90.555018
42.416138
0 -90.55755
42.419258
0 -90.558168
42.420984
0 -90.558801
42.428517
0 -90.560439
42.432897
0 -90.565248
42.438742
0 -90.567968
42.440389
0 -90.570736
42.441701
0 -90.582128
42.444437
0 -90.5853037864202
42.4456079946067
0 -90.590416
42.447493
0 -90.606328
42.451505
0 -90.624328
42.458904
0 -90.6409003095658
42.468522287618
0 -90.6430513521351
42.4697707162711
0 -90.646727
42.471904
0 -90.654027
42.478503
0 -90.656327
42.483603
0 -90.656527
42.489203
0 -90.6559328003026
42.4916788320726
0 -90.655927
42.491703
0 -90.655921166089
42.4917081138625
0 -90.648627
42.498102
0 -90.642843
42.508481
0 -90.636927
42.513202
0 -90.636727
42.518702
0 -90.640627
42.527701
0 -90.6421547075735
42.5335803594494
0 -90.643927
42.540401
0 -90.645627
42.5441
0 -90.6464189473038
42.544640387572
0 -90.654127
42.5499
0 -90.659127
42.5579
0 -90.6614240934452
42.567565977793
0 -90.661527
42.567999
0 -90.672727
42.576599
0 -90.6747520439178
42.5778230099097
0 -90.677055
42.579215
0 -90.679375
42.581503
0 -90.685487
42.589614
0 -90.686975
42.591774
0 -90.687775
42.594606
0 -90.687999
42.599198
0 -90.691040548219
42.6076226057811
0 -90.692031
42.610366
0 -90.693999
42.614509
0 -90.700095
42.622461
0 -90.700856
42.626445
0 -90.702671
42.630756
0 -90.706303
42.634169
0 -90.709204
42.636078
0 -90.720209
42.640758
0 -90.731132
42.643437
0 -90.743677
42.64556
0 -90.760389
42.649131
0 -90.7625316298662
42.64967501057
0 -90.769495
42.651443
0 -90.778752
42.652965
0 -90.7793700564291
42.6530252138573
0 -90.7809288685894
42.6531770803998
0 -90.788226
42.653888
0 -90.797017
42.655772
0 -90.8054203075852
42.6571590108358
0 -90.8281534667702
42.6609112402768
0 -90.832702
42.661662
0 -90.84391
42.663071
0 -90.852497
42.664822
0 -90.867125
42.668728
0 -90.8811725240647
42.671316812364
0 -90.88743
42.67247
0 -90.8968978644181
42.6752621751195
0 -90.897299
42.652982
0 -90.897415
42.645714
0 -90.936501
42.646029
0 -90.966281
42.646192
0 -91.014943
42.646338
0 -91.111294
42.645912
0 -91.113419
42.646025
0 -91.127911
42.645848
0 -91.132766
42.645844
0 -91.133941
42.587751
0 -91.134439
42.558658
0 