-110.904347
40.701499
0 -110.903459
40.697583
0 -110.893768
40.679748
0 -110.901931
40.67817
0 -110.902875
40.474622
0 -110.902928
40.431211
0 -110.896592
40.431183
0 -110.896633
40.19861
0 -110.896376
40.082594
0 -110.891904
40.082616
0 -110.891872
39.899146
0 -110.857321
39.898941
0 -110.85749
39.870449
0 -110.857898
39.813016
0 -110.85778
39.813285
0 -110.78006
39.812758
0 -110.573762
39.812069
0 -110.572141
39.812135
0 -110.51811
39.81159
0 -110.5182
39.806632
0 -110.498921
39.806697
0 -110.498001
39.806652
0 -110.341825
39.806738
0 -110.261607
39.806672
0 -110.260802
39.80676
0 -110.063317
39.806335
0 -109.967601
39.805979
0 -109.973628
40.035449
0 -109.9739
40.038687
0 -109.973684
40.039869
0 -109.976084
40.191241
0 -109.9761
40.229769
0 -109.976413
40.258611
0 -109.976416
40.258731
0 -109.976413
40.262129
0 -109.976411
40.265927
0 -109.976403
40.287685
0 -109.976404
40.291316
0 -109.976552
40.3022
0 -109.976496
40.309418
0 -109.976522
40.316711
0 -109.976532
40.331223
0 -109.97656
40.341657
0 -109.976573
40.345693
0 -109.977152
40.403619
0 -109.977612
40.498949
0 -109.977542
40.49995
0 -109.977555
40.54837
0 -109.977505
40.809828
0 -109.981546
40.809364
0 -109.987862
40.807618
0 -109.990795
40.81008
0 -109.992906
40.813166
0 -109.993667
40.8152
0 -109.996675
40.814801
0 -109.998286
40.813578
0 -110.000709
40.81375
0 -110.013211
40.814229
0 -110.017658
40.815385
0 -110.02148
40.819178
0 -110.026373
40.821296
0 -110.030944
40.819559
0 -110.037695
40.81887
0 -110.04621
40.819779
0 -110.047551
40.81729
0 -110.05118
40.813562
0 -110.052787
40.812879
0 -110.055235
40.813081
0 -110.066316
40.814758
0 -110.075872
40.810764
0 -110.080515
40.810501
0 -110.087642
40.811143
0 -110.100392
40.808067
0 -110.103442
40.807881
0 -110.105596
40.808393
0 -110.110203
40.810951
0 -110.111915
40.811474
0 -110.11752
40.810948
0 -110.121995
40.810889
0 -110.124879
40.812689
0 -110.12581
40.812148
0 -110.13041
40.813848
0 -110.16771
40.812547
0 -110.17501
40.817047
0 -110.19191
40.823547
0 -110.19411
40.823947
0 -110.20051
40.820946
0 -110.217711
40.826446
0 -110.220411
40.824846
0 -110.242611
40.828945
0 -110.250711
40.831395
0 -110.250711
40.832946
0 -110.252088
40.83278
0 -110.257677
40.834029
0 -110.260517
40.835476
0 -110.261759
40.835477
0 -110.267657
40.833535
0 -110.271028
40.833336
0 -110.279987
40.829146
0 -110.283402
40.828578
0 -110.289744
40.829053
0 -110.290987
40.829826
0 -110.292054
40.833253
0 -110.294317
40.834228
0 -110.297731
40.832249
0 -110.298306
40.830873
0 -110.300212
40.829228
0 -110.301452
40.826979
0 -110.304245
40.82604
0 -110.307571
40.825941
0 -110.309612
40.825103
0 -110.312538
40.824903
0 -110.315065
40.823931
0 -110.316394
40.822453
0 -110.32065
40.821045
0 -110.327035
40.81994
0 -110.330627
40.820143
0 -110.333954
40.821051
0 -110.340123
40.824176
0 -110.343539
40.823942
0 -110.345618
40.820718
0 -110.349516
40.817327
0 -110.352041
40.815749
0 -110.351193
40.812558
0 -110.349907
40.81229
0 -110.349015
40.809636
0 -110.352336
40.806346
0 -110.353349
40.802786
0 -110.35503
40.800603
0 -110.357998
40.799125
0 -110.360167
40.797009
0 -110.365883
40.795431
0 -110.367562
40.792409
0 -110.372966
40.790193
0 -110.37354
40.788849
0 -110.375002
40.788211
0 -110.376617
40.788907
0 -110.379455
40.787201
0 -110.385708
40.787413
0 -110.390057
40.788056
0 -110.393203
40.787224
0 -110.396219
40.788805
0 -110.396529
40.787699
0 -110.398569
40.78693
0 -110.400386
40.785423
0 -110.40482
40.784457
0 -110.410896
40.784466
0 -110.414889
40.786115
0 -110.416089
40.788868
0 -110.417375
40.788602
0 -110.421812
40.790386
0 -110.424652
40.792168
0 -110.425227
40.790961
0 -110.427975
40.789153
0 -110.428504
40.786201
0 -110.4297
40.785229
0 -110.430185
40.782613
0 -110.432487
40.778623
0 -110.433461
40.778087
0 -110.438871
40.777725
0 -110.439626
40.778967
0 -110.444506
40.780617
0 -110.445084
40.781322
0 -110.449564
40.781596
0 -110.454486
40.7814
0 -110.457637
40.783282
0 -110.458256
40.781907
0 -110.46118
40.780299
0 -110.461755
40.779361
0 -110.461131
40.777078
0 -110.462104
40.775737
0 -110.464276
40.775001
0 -110.467243
40.773226
0 -110.471143
40.771854
0 -110.473315
40.771654
0 -110.475047
40.772998
0 -110.481657
40.77505
0 -110.484281
40.778441
0 -110.487477
40.780289
0 -110.489466
40.777103
0 -110.491722
40.774354
0 -110.49615
40.771639
0 -110.500718
40.767646
0 -110.508123
40.765543
0 -110.511563
40.765597
0 -110.51709
40.76412
0 -110.524657
40.761615
0 -110.526547
40.76223
0 -110.528554
40.764387
0 -110.530248
40.767045
0 -110.53448
40.771663
0 -110.536639
40.77191
0 -110.539951
40.771492
0 -110.54523
40.772863
0 -110.547687
40.774251
0 -110.548666
40.773351
0 -110.549909
40.767893
0 -110.552675
40.764521
0 -110.559634
40.760737
0 -110.561377
40.758365
0 -110.568489
40.756995
0 -110.576643
40.757306
0 -110.579454
40.758528
0 -110.582951
40.761933
0 -110.583248
40.763242
0 -110.588855
40.7625
0 -110.590492
40.761905
0 -110.594977
40.758407
0 -110.600321
40.757395
0 -110.60486
40.75782
0 -110.607331
40.757665
0 -110.608501
40.760051
0 -110.611967
40.762114
0 -110.61803
40.764726
0 -110.621962
40.769138
0 -110.624291
40.770055
0 -110.626349
40.769694
0 -110.629357
40.767759
0 -110.631035
40.7675
0 -110.634378
40.765128
0 -110.63506
40.762244
0 -110.637688
40.759132
0 -110.643333
40.754254
0 -110.64696
40.753563
0 -110.647724
40.751518
0 -110.647595
40.749502
0 -110.650909
40.745576
0 -110.657474
40.740584
0 -110.661644
40.74212
0 -110.666907
40.742191
0 -110.675815
40.739315
0 -110.677409
40.739202
0 -110.682321
40.741218
0 -110.689697
40.74182
0 -110.6905
40.741494
0 -110.69232
40.743335
0 -110.696687
40.746051
0 -110.69768
40.747275
0 -110.700947
40.747587
0 -110.703653
40.749372
0 -110.707847
40.750415
0 -110.711484
40.752747
0 -110.713416
40.752298
0 -110.717009
40.749945
0 -110.720418
40.749488
0 -110.722276
40.747325
0 -110.721905
40.746008
0 -110.726298
40.745358
0 -110.731976
40.746811
0 -110.735915
40.74676
0 -110.741085
40.744841
0 -110.745811
40.745237
0 -110.749139
40.746928
0 -110.751512
40.747652
0 -110.753183
40.746061
0 -110.756183
40.744321
0 -110.757092
40.743191
0 -110.761098
40.741936
0 -110.765028
40.74216
0 -110.766718
40.741679
0 -110.76549
40.737189
0 -110.768305
40.735817
0 -110.772656
40.732919
0 -110.774686
40.731064
0 -110.77715
40.731536
0 -110.781142
40.730885
0 -110.786114
40.731964
0 -110.824762
40.7101
0 -110.848568
40.725486
0 -110.854556
40.722237
0 -110.862928
40.721272
0 -110.864167
40.721221
0 -110.865206
40.723152
0 -110.868557
40.724777
0 -110.870331
40.726684
0 -110.873909
40.726731
0 -110.875114
40.728328
0 -110.879264
40.728554
0 -110.885843
40.727062
0 -110.889914
40.726949
0 -110.89309
40.72733
0 -110.894922
40.72446
0 -110.895081
40.723217
0 -110.892248
40.721294
0 -110.89162
40.71967
0 -110.888911
40.720205
0 -110.887855
40.717936
0 -110.885902
40.71626
0 -110.887756
40.7144
0 -110.891808
40.715095
0 -110.89551
40.713597
0 -110.89777
40.713358
0 -110.900052
40.710057
0 -110.899712
40.709413
0 -110.90148
40.707384
0 -110.904197
40.706411
0 -110.903343
40.705019
0 -110.904347
40.701499
0 