-70.8071
41.458576
0 -70.806625
41.455013
0 -70.805199
41.450381
0 -70.799996
41.446167
0 -70.796078
41.446793
0 -70.790395
41.446535
0 -70.784433
41.450333
0 -70.780513
41.453894
0 -70.776308
41.457664
0 -70.767883
41.457685
0 -70.766426
41.460527
0 -70.761128
41.461112
0 -70.758138
41.463029
0 -70.755664
41.467146
0 -70.757187
41.470687
0 -70.76099
41.473002
0 -70.759802
41.47692
0 -70.756712
41.479057
0 -70.752909
41.478701
0 -70.747205
41.47781
0 -70.739579
41.482365
0 -70.73437
41.486891
0 -70.72575
41.488432
0 -70.722311
41.488279
0 -70.717495
41.489384
0 -70.712266
41.49063
0 -70.709889
41.493657
0 -70.704541
41.49681
0 -70.706086
41.498108
0 -70.707037
41.50149
0 -70.702046
41.503982
0 -70.698005
41.504516
0 -70.693727
41.50683
0 -70.689894
41.504529
0 -70.685537
41.506668
0 -70.681562
41.507269
0 -70.677231
41.509755
0 -70.674712
41.512347
0 -70.675188
41.513949
0 -70.676851
41.516797
0 -70.678278
41.51733
0 -70.682793
41.514305
0 -70.687309
41.512347
0 -70.692063
41.512525
0 -70.69444
41.513949
0 -70.699431
41.513593
0 -70.700382
41.51733
0 -70.698243
41.52089
0 -70.700619
41.521779
0 -70.702521
41.519644
0 -70.707235
41.519947
0 -70.710222
41.518915
0 -70.715202
41.515466
0 -70.718787
41.512874
0 -70.722086
41.509272
0 -70.726465
41.505625
0 -70.730166
41.503176
0 -70.73503
41.503783
0 -70.737602
41.504261
0 -70.743402
41.500956
0 -70.747152
41.499889
0 -70.750057
41.495437
0 -70.754901
41.491016
0 -70.757187
41.490986
0 -70.761751
41.488076
0 -70.767993
41.487788
0 -70.770345
41.484945
0 -70.771394
41.481782
0 -70.775489
41.477098
0 -70.779824
41.47707
0 -70.784153
41.47796
0 -70.787014
41.476687
0 -70.789036
41.471934
0 -70.792447
41.469289
0 -70.798351
41.468806
0 -70.801723
41.467275
0 -70.802964
41.46487
0 -70.801972
41.461912
0 -70.802584
41.459288
0 -70.8071
41.458576
0 