-90.37789
35.995683
0 -90.368718
35.995812
0 -90.342616
35.995895
0 -90.339434
35.996033
0 -90.292376
35.996397
0 -90.2889470498035
35.9964180953312
0 -90.2888
35.996419
0 -90.2483105644692
35.9967167805672
0 -90.2477333226208
35.9967210259068
0 -90.1950312029531
35.9971086249652
0 -90.1860719447437
35.997174516054
0 -90.158812
35.997375
0 -90.127331
35.997635
0 -90.12635
35.997596
0 -90.1194273386762
35.9977642377707
0 -90.1189856619331
35.9977749716067
0 -90.103842
35.998143
0 -90.0546911124938
35.9984616145939
0 -89.9956307584049
35.9988444660882
0 -89.9955324138791
35.9988451035945
0 -89.972563
35.998994
0 -89.965327
35.998813
0 -89.961075
35.999135
0 -89.959893
35.99902
0 -89.959377
35.99902
0 -89.9593753420007
35.9990200098294
0 -89.959285
36.000546
0 -89.959147
36.001234
0 -89.959271
36.052954
0 -89.959557
36.132387
0 -89.959559
36.132525
0 -89.959761
36.146759
0 -89.959197
36.146647
0 -89.960121
36.190824
0 -89.961391
36.23515
0 -89.961393
36.23547
0 -89.961535
36.268193
0 -89.961697
36.293971
0 -89.960856
36.30862
0 -89.960946
36.323105
0 -89.96112
36.349382
0 -89.96117
36.366871
0 -89.96131
36.388803
0 -89.969491
36.389543
0 -89.972478
36.389597
0 -89.971289
36.393135
0 -89.970315
36.397161
0 -89.96807
36.40173
0 -89.968188
36.404508
0 -89.966836
36.408105
0 -89.964002
36.410715
0 -89.963539
36.412378
0 -89.963727
36.413632
0 -89.966134
36.415846
0 -89.965302
36.419371
0 -89.964947
36.422304
0 -89.963174
36.42788
0 -89.963381
36.433093
0 -89.961748
36.437736
0 -89.962426
36.442331
0 -89.961583
36.443976
0 -89.958821
36.447309
0 -89.959083
36.449063
0 -89.957307
36.455466
0 -89.957316
36.459242
0 -89.957425
36.460158
0 -89.96068
36.463284
0 -89.960839
36.466757
0 -89.960056
36.468792
0 -89.957594
36.472393
0 -89.958081
36.47517
0 -89.957922
36.47741
0 -89.956629
36.480619
0 -89.956678
36.482172
0 -89.957587
36.485623
0 -89.957948
36.49507
0 -89.959928
36.498126
0 -89.960707
36.499724
0 -89.959633
36.501361
0 -89.959688
36.504404
0 -89.958839
36.505344
0 -89.958972
36.512624
0 -89.958972
36.515292
0 -89.960284
36.51941
0 -89.96031
36.521736
0 -89.95911
36.523908
0 -89.960492
36.527459
0 -89.958988
36.531656
0 -89.95646
36.534932
0 -89.957514
36.537055
0 -89.956802
36.539526
0 -89.957025
36.541283
0 -89.95488
36.543626
0 -89.95387
36.545644
0 -89.953996
36.550114
0 -89.955645
36.552241
0 -89.956391
36.556841
0 -89.956988
36.56085
0 -89.95659
36.561313
0 -89.956415
36.562454
0 -89.957009
36.565453
0 -89.957389
36.570958
0 -89.957443
36.574578
0 -89.957952
36.574588
0 -89.957666
36.576384
0 -89.95796
36.580089
0 -89.958715
36.582021
0 -89.957613
36.584808
0 -89.957937
36.588265
0 -89.958804
36.589562
0 -89.960432
36.595677
0 -89.961557
36.596877
0 -89.962716
36.600268
0 -89.963248
36.601212
0 -89.962553
36.605089
0 -89.962701
36.606847
0 -89.962148
36.60863
0 -89.962712
36.611881
0 -89.963601
36.613435
0 -89.962809
36.615751
0 -89.963436
36.617381
0 -89.963591
36.620738
0 -89.963284
36.625471
0 -89.958786
36.629331
0 -89.969579
36.629417
0 -89.992353
36.629621
0 -90.019817
36.629943
0 -90.028801
36.630092
0 -90.033313
36.630142
0 -90.051971
36.630345
0 -90.055028
36.630249
0 -90.083548
36.630696
0 -90.137928
36.631212
0 -90.137932
36.630675
0 -90.148398
36.630656
0 -90.146496
36.630416
0 -90.146558
36.629591
0 -90.148054
36.629024
0 -90.150159
36.630334
0 -90.151223
36.630208
0 -90.151484
36.62849
0 -90.153878
36.628825
0 -90.154379
36.630413
0 -90.155472
36.629835
0 -90.155331
36.628694
0 -90.153105
36.626509
0 -90.151347
36.626116
0 -90.150254
36.627604
0 -90.148934
36.627896
0 -90.147281
36.625118
0 -90.147636
36.623514
0 -90.149336
36.622032
0 -90.151616
36.621839
0 -90.152859
36.62252
0 -90.153389
36.623801
0 -90.155453
36.624981
0 -90.156243
36.626275
0 -90.156997
36.626355
0 -90.15643
36.624028
0 -90.156365
36.620552
0 -90.15472
36.619719
0 -90.157134
36.619372
0 -90.157856
36.620763
0 -90.160677
36.622527
0 -90.161152
36.621536
0 -90.159786
36.619679
0 -90.156721
36.618316
0 -90.156044
36.617174
0 -90.158765
36.614202
0 -90.160459
36.613219
0 -90.161886
36.614431
0 -90.162033
36.618697
0 -90.163489
36.619239
0 -90.165079
36.616653
0 -90.168559
36.614975
0 -90.167001
36.613751
0 -90.166629
36.611975
0 -90.167567
36.610075
0 -90.166025
36.609654
0 -90.162473
36.60762
0 -90.161902
36.60587
0 -90.162911
36.604213
0 -90.16429
36.604151
0 -90.168615
36.605392
0 -90.17001
36.604344
0 -90.170275
36.602156
0 -90.175853
36.600697
0 -90.175798
36.602868
0 -90.173494
36.60522
0 -90.174437
36.606335
0 -90.176262
36.605173
0 -90.177413
36.602322
0 -90.17725
36.600208
0 -90.176423
36.599155
0 -90.174842
36.598822
0 -90.17452
36.596936
0 -90.176054
36.596841
0 -90.176103
36.595889
0 -90.173677
36.593285
0 -90.175915
36.592736
0 -90.179704
36.594551
0 -90.179613
36.597271
0 -90.181673
36.596704
0 -90.182544
36.59256
0 -90.184231
36.590279
0 -90.182921
36.590172
0 -90.181044
36.588857
0 -90.181051
36.588138
0 -90.182767
36.587962
0 -90.185693
36.588392
0 -90.186992
36.587629
0 -90.186631
36.586416
0 -90.185038
36.584621
0 -90.185145
36.58223
0 -90.183958
36.582091
0 -90.182166
36.58318
0 -90.180627
36.583117
0 -90.180791
36.582121
0 -90.182372
36.580985
0 -90.185675
36.580544
0 -90.187633
36.578752
0 -90.186924
36.577222
0 -90.18257
36.576055
0 -90.182981
36.574827
0 -90.184687
36.574334
0 -90.185088
36.573417
0 -90.183837
36.571097
0 -90.18068
36.569487
0 -90.181331
36.568469
0 -90.184228
36.565808
0 -90.184347
36.564388
0 -90.182802
36.561768
0 -90.182838
36.560401
0 -90.184217
36.560689
0 -90.187402
36.557282
0 -90.188546
36.554623
0 -90.187081
36.553728
0 -90.187113
36.550887
0 -90.185666
36.548485
0 -90.188328
36.546347
0 -90.188746
36.544624
0 -90.191613
36.543835
0 -90.193447
36.545085
0 -90.193833
36.546712
0 -90.19025
36.547428
0 -90.190916
36.549547
0 -90.191975
36.549488
0 -90.194716
36.547773
0 -90.196032
36.547598
0 -90.198155
36.548468
0 -90.198314
36.546818
0 -90.200004
36.545085
0 -90.199519
36.541715
0 -90.203119
36.540753
0 -90.204222
36.540923
0 -90.204653
36.542773
0 -90.204358
36.54479
0 -90.205264
36.54511
0 -90.209405
36.542726
0 -90.209873
36.541589
0 -90.208516
36.539473
0 -90.209697
36.537326
0 -90.211815
36.537306
0 -90.211572
36.534372
0 -90.208847
36.533111
0 -90.208406
36.531199
0 -90.205875
36.531556
0 -90.205234
36.530316
0 -90.206791
36.528819
0 -90.208398
36.530088
0 -90.209458
36.530121
0 -90.212344
36.528676
0 -90.214561
36.529882
0 -90.215349
36.529705
0 -90.217065
36.527377
0 -90.216717
36.52588
0 -90.214704
36.524445
0 -90.21364
36.522908
0 -90.215312
36.522939
0 -90.218011
36.521848
0 -90.219942
36.522033
0 -90.218834
36.518512
0 -90.216583
36.515651
0 -90.218367
36.513395
0 -90.219504
36.509976
0 -90.220835
36.507799
0 -90.220108
36.507377
0 -90.218656
36.508228
0 -90.216779
36.507701
0 -90.216544
36.506458
0 -90.219131
36.504868
0 -90.218894
36.502935
0 -90.217057
36.502693
0 -90.217941
36.500428
0 -90.2176942566343
36.4978037021766
0 -90.217323
36.497797
0 -90.193943
36.497823
0 -90.152481
36.497952
0 -90.154409
36.496832
0 -90.153871
36.495344
0 -90.155012
36.493648
0 -90.157358
36.494223
0 -90.159048
36.493734
0 -90.159305
36.492446
0 -90.158568
36.491574
0 -90.155997
36.490385
0 -90.156369
36.487748
0 -90.159462
36.487609
0 -90.159305
36.485834
0 -90.157136
36.484317
0 -90.1571758535115
36.4842659998523
0 -90.15946
36.481343
0 -90.159417035222
36.4806990398163
0 -90.159376
36.480084
0 -90.158838
36.479558
0 -90.1568323
36.478911
0 -90.148329
36.476168
0 -90.145382
36.47651
0 -90.1445699581262
36.4762801046843
0 -90.143683
36.476029
0 -90.142269
36.472138
0 -90.142222
36.470554
0 -90.146327
36.46952
0 -90.152888
36.47093
0 -90.1557
36.466103
0 -90.155804
36.463555
0 -90.14462
36.462789
0 -90.143849
36.46325
0 -90.143162
36.46368
0 -90.142475
36.463422
0 -90.14153
36.462993
0 -90.141101
36.461791
0 -90.141315617757
36.4613199438952
0 -90.141568
36.460766
0 -90.141399
36.459874
0 -90.140041
36.457883
0 -90.1380356389894
36.4560591396548
0 -90.137323
36.455411
0 -90.136798695274
36.4503583879964
0 -90.136029
36.442941
0 -90.133993
36.437906
0 -90.134136
36.436602
0 -90.137565
36.431913
0 -90.139039
36.431273
0 -90.14272
36.43116
0 -90.143798
36.428483
0 -90.144139
36.425806
0 -90.143743
36.424433
0 -90.139499
36.421457
0 -90.137771
36.421205
0 -90.13559
36.422897
0 -90.134797
36.42324
0 -90.134231
36.422827
0 -90.1347503939618
36.418327863708
0 -90.134915
36.416902
0 -90.136218
36.415346
0 -90.138653
36.414547
0 -90.138512
36.413952
0 -90.135002
36.413721
0 -90.131038
36.415069
0 -90.128719
36.411659
0 -90.121445
36.410931
0 -90.1198827144581
36.4101796760933
0 -90.115839
36.408235
0 -90.114677
36.406039
0 -90.109495
36.404073
0 -90.1043706227777
36.4046396504978
0 -90.103644
36.40472
0 -90.094353
36.403963
0 -90.080426
36.400763
0 -90.078671
36.399116
0 -90.0775907064311
36.3973451252242
0 -90.0773716635467
36.3969860584577
0 -90.076689
36.395867
0 -90.074227
36.393304
0 -90.072897
36.393007
0 -90.068907
36.38866
0 -90.064514
36.382085
0 -90.063891
36.372982
0 -90.0649560177492
36.3669256521845
0 -90.066297
36.3593
0 -90.070653
36.356097
0 -90.075376
36.350148
0 -90.077723
36.349484
0 -90.077695
36.348478
0 -90.074668
36.344794
0 -90.074074
36.342895
0 -90.075064
36.341774
0 -90.077185
36.341339
0 -90.078231
36.336511
0 -90.075884
36.335184
0 -90.075572
36.33404
0 -90.076986
36.330791
0 -90.07888
36.327977
0 -90.081425
36.325644
0 -90.081961
36.322097
0 -90.079981
36.318619
0 -90.079077
36.318414
0 -90.077296
36.319329
0 -90.076504
36.319237
0 -90.069266
36.313152
0 -90.0672198881285
36.3092370595028
0 -90.06398
36.303038
0 -90.070085
36.29471
0 -90.0717150628007
36.2933660169183
0 -90.0778
36.288349
0 -90.077787901055
36.2883044945558
0 -90.075934
36.281485
0 -90.083731
36.272332
0 -90.086471
36.271531
0 -90.087913
36.271447970268
0 -90.091247
36.271256
0 -90.100175
36.268988
0 -90.105231
36.266835
0 -90.110317
36.26697
0 -90.112945
36.266557
0 -90.114922
36.265595
0 -90.1167057840419
36.259046343026
0 -90.118219
36.253491
0 -90.124476
36.244198
0 -90.125958
36.243416
0 -90.129716
36.243235
0 -90.130565
36.242092
0 -90.130114
36.240307
0 -90.1273186890242
36.2364229889599
0 -90.127264
36.236347
0 -90.12466
36.235549
0 -90.124673
36.233787
0 -90.126366
36.229367
0 -90.132356
36.226442
0 -90.134785
36.226397
0 -90.138089
36.227245
0 -90.14224
36.227522
0 -90.151422
36.219174
0 -90.152497
36.215582
0 -90.15614
36.213706
0 -90.157383
36.213821
0 -90.159415
36.215424
0 -90.161166
36.215767
0 -90.167745
36.21332
0 -90.173281
36.210301
0 -90.179695
36.208262
0 -90.182853
36.205108
0 -90.18579
36.204674
0 -90.188189
36.20536
0 -90.190053
36.201493
0 -90.1904154650741
36.2013642295131
0 -90.193017
36.20044
0 -90.194259
36.200692
0 -90.195247
36.200257
0 -90.197167
36.196002
0 -90.199905
36.196848
0 -90.201655
36.19607
0 -90.201712
36.193187
0 -90.200582
36.192181
0 -90.204449
36.18694
0 -90.2052592426659
36.1865191624976
0 -90.21128
36.183392
0 -90.213509
36.183232
0 -90.21574
36.184582
0 -90.220425
36.184764
0 -90.229339
36.17364
0 -90.231284
36.169246
0 -90.230324
36.167072
0 -90.23537
36.159153
0 -90.231445
36.153868
0 -90.231386
36.147348
0 -90.2346543175342
36.1412192235618
0 -90.235585
36.139474
0 -90.240887
36.137321
0 -90.244317
36.136502
0 -90.245961
36.132857
0 -90.2485382631555
36.1301213170861
0 -90.248808
36.129835
0 -90.253198
36.127383
0 -90.255596
36.127086
0 -90.258755
36.127591
0 -90.260645
36.127409
0 -90.266256
36.120559
0 -90.272378
36.11809
0 -90.278724
36.117406
0 -90.293109
36.114368
0 -90.294492
36.112949
0 -90.298413
36.106748
0 -90.297878
36.104826
0 -90.297991
36.103201
0 -90.29991
36.098236
0 -90.306255
36.094758
0 -90.312373
36.094507
0 -90.319168
36.089976
0 -90.320662
36.087138
0 -90.32007
36.081234
0 -90.318745
36.079313
0 -90.318378
36.076658
0 -90.318491
36.075514
0 -90.320746
36.071326
0 -90.333261
36.067504
0 -90.335466
36.061714
0 -90.3357288768664
36.0595296184194
0 -90.337146
36.047754
0 -90.339343
36.047112
0 -90.343288641401
36.0447289523681
0 -90.347908
36.041939
0 -90.34909
36.040131
0 -90.348297
36.035074
0 -90.350974
36.031572
0 -90.351818
36.028436
0 -90.35131
36.02688
0 -90.351732
36.025347
0 -90.35739
36.01825
0 -90.36443
36.013625
0 -90.37789
35.995683
0 