-73.999911
41.459656
0 -74.000108
41.456549
0 -73.997784
41.452193
0 -73.994832
41.450268
0 -73.986583
41.444893
0 -73.981486
41.438905
0 -73.978588
41.442119
0 -73.977924
41.442757
0 -73.975855
41.444885
0 -73.933775
41.488279
0 -73.918758
41.489783
0 -73.907533
41.490975
0 -73.901886
41.492386
0 -73.897755
41.49277
0 -73.87458
41.495073
0 -73.859995
41.495741
0 -73.85636
41.496224
0 -73.838363
41.498126
0 -73.820807
41.499814
0 -73.814518
41.500457
0 -73.813274
41.500574
0 -73.795561
41.502268
0 -73.77068
41.504413
0 -73.759624
41.505869
0 -73.742474
41.507547
0 -73.715337
41.510049
0 -73.683849
41.513306
0 -73.681501
41.51362
0 -73.673285
41.514701
0 -73.653091
41.517405
0 -73.647635
41.518293
0 -73.645669
41.518579
0 -73.644727
41.518716
0 -73.638376
41.519546
0 -73.6205
41.521994
0 -73.604342
41.523874
0 -73.603169
41.523993
0 -73.580153
41.526382
0 -73.560811
41.526637
0 -73.530067
41.527194
0 -73.5274209249814
41.5543345915292
0 -73.5257261102483
41.5717181781874
0 -73.521041
41.619773
0 -73.520017
41.641197
0 -73.5182376035525
41.6667339816894
0 -73.5179500508434
41.670860790123
0 -73.516785
41.687581
0 -73.5165907759759
41.6897117142119
0 -73.5159914638673
41.6962864046138
0 -73.511921
41.740941
0 -73.5119065463255
41.7412091156621
0 -73.5115449368014
41.7479169723343
0 -73.510961
41.758749
0 -73.5079601692712
41.7915267620213
0 -73.505008
41.823773
0 -73.5049921230769
41.8239000153846
0 -73.504944
41.824285
0 -73.501984
41.858717
0 -73.5009108171378
41.868571326657
0 -73.5009100939961
41.8685779667874
0 -73.4994594107715
41.8818986289734
0 -73.498304
41.892508
0 -73.4965646487039
41.921747111939
0 -73.496527
41.92238
0 -73.4934845021214
41.953339471656
0 -73.492975
41.958524
0 -73.489615
42.000092
0 -73.4882238286054
42.0300472272559
0 -73.487314
42.049638
0 -73.496879
42.049675
0 -73.521416
42.049966
0 -73.523584
42.026267
0 -73.524317
42.018254
0 -73.524706
42.014
0 -73.527072
41.97798
0 -73.530893
41.978487
0 -73.533414
41.978834
0 -73.539639
41.979696
0 -73.556048
41.981756
0 -73.642191
41.995016
0 -73.657333
41.997577
0 -73.672323
42.000091
0 -73.676078
42.000435
0 -73.71093
42.005488
0 -73.733797
42.014725
0 -73.736244
42.015702
0 -73.755669
42.023483
0 -73.790893
42.036808
0 -73.806755
42.042559
0 -73.817151
42.046252
0 -73.818533
42.046739
0 -73.844999
42.056687
0 -73.867712
42.065206
0 -73.870263
42.066037
0 -73.895488
42.07525
0 -73.907785
42.07961
0 -73.908633
42.07841
0 -73.915593
42.080906
0 -73.917098
42.076474
0 -73.929626
42.078778
0 -73.929688
42.078422
0 -73.929754
42.075306
0 -73.926186
42.07193
0 -73.92729
42.066858
0 -73.928314
42.066778
0 -73.928234
42.064874
0 -73.932282
42.061578
0 -73.932877
42.059943
0 -73.932763
42.055034
0 -73.934395
42.044747
0 -73.934171
42.039547
0 -73.936235
42.035835
0 -73.937051
42.032923
0 -73.937171
42.030268
0 -73.937035
42.026827
0 -73.934639
42.023304
0 -73.933819
42.021339
0 -73.933323
42.018491
0 -73.933435
42.015659
0 -73.934315
42.012779
0 -73.936796
42.006651
0 -73.940044
41.999003
0 -73.939788
41.995579
0 -73.940412
41.994347
0 -73.941564
41.992475
0 -73.943336
41.985534
0 -73.943494
41.985167
0 -73.944636
41.981276
0 -73.945855
41.977616
0 -73.947212
41.973372
0 -73.950076
41.965756
0 -73.950877
41.962428
0 -73.952829
41.957067
0 -73.953709
41.952748
0 -73.954205
41.950812
0 -73.955597
41.936188
0 -73.957421
41.926572
0 -73.957938
41.92198
0 -73.958301
41.920332
0 -73.961101
41.918316
0 -73.964237
41.913916
0 -73.964413
41.913148
0 -73.964189
41.910156
0 -73.962781
41.90582
0 -73.962221
41.90102
0 -73.961835
41.900508
0 -73.960829
41.899052
0 -73.955213
41.892908
0 -73.954301
41.891436
0 -73.945629
41.882188
0 -73.941885
41.8763
0 -73.940317
41.872748
0 -73.939581
41.870044
0 -73.939389
41.865852
0 -73.940349
41.862284
0 -73.941933
41.859244
0 -73.946589
41.854236
0 -73.948477
41.8507
0 -73.948941
41.848636
0 -73.949373
41.843916
0 -73.949789
41.836972
0 -73.948685
41.828332
0 -73.949741
41.821212
0 -73.948452
41.816642
0 -73.948333
41.815741
0 -73.949357
41.811341
0 -73.949725
41.803389
0 -73.949597
41.800125
0 -73.952014
41.791581
0 -73.951982
41.790477
0 -73.952446
41.787965
0 -73.951614
41.770621
0 -73.951134
41.769421
0 -73.946589
41.763677
0 -73.943514
41.759979
0 -73.941709
41.757357
0 -73.940989
41.755741
0 -73.940829
41.754317
0 -73.941503
41.743004
0 -73.941741
41.739021
0 -73.941081
41.735993
0 -73.941081
41.732693
0 -73.94208
41.727036
0 -73.942301
41.725789
0 -73.944435
41.714634
0 -73.944971
41.710582
0 -73.945672
41.705663
0 -73.946069
41.702886
0 -73.946682
41.699396
0 -73.945782
41.695593
0 -73.943482
41.690293
0 -73.942482
41.684093
0 -73.943282
41.679393
0 -73.945182
41.675893
0 -73.947033
41.668826
0 -73.947382
41.667493
0 -73.947382
41.661893
0 -73.946882
41.656393
0 -73.948182
41.652493
0 -73.948982
41.644793
0 -73.948782
41.642193
0 -73.950644
41.632639
0 -73.951482
41.627693
0 -73.952582
41.625193
0 -73.952082
41.613993
0 -73.952274
41.609154
0 -73.952582
41.595293
0 -73.953282
41.590193
0 -73.953307
41.589977
0 -73.954146
41.583271
0 -73.954725
41.58179
0 -73.956831
41.576656
0 -73.959467
41.571443
0 -73.961913
41.568149
0 -73.964781
41.565311
0 -73.970214
41.562276
0 -73.972707
41.560356
0 -73.973372
41.559797
0 -73.977889
41.555234
0 -73.979933
41.55235
0 -73.982805
41.549195
0 -73.98593
41.545621
0 -73.987866
41.542789
0 -73.988753
41.541219
0 -73.992949
41.529821
0 -73.994547
41.527138
0 -73.996536
41.522649
0 -73.997484
41.516493
0 -73.997184
41.513393
0 -73.99725
41.509769
0 -73.997884
41.505685
0 -73.997789
41.502784
0 -73.997075
41.50172
0 -73.994784
41.498293
0 -73.995029
41.497332
0 -73.997609
41.487212
0 -73.998584
41.483393
0 -73.99825
41.480625
0 -73.997584
41.475093
0 -73.998898
41.462984
0 -73.999911
41.459656
0 