-98.803325
28.05748
0 -98.803068
28.01263
0 -98.802282
27.792957
0 -98.802222
27.775191
0 -98.801947
27.7503
0 -98.799235
27.504338
0 -98.798499
27.391144
0 -98.798323
27.354029
0 -98.750297
27.354386
0 -98.749467
27.354471
0 -98.749403
27.355951
0 -98.749377
27.35667
0 -98.693521
27.357149
0 -98.678781
27.35722
0 -98.67082
27.357285
0 -98.648793
27.357514
0 -98.625027
27.357727
0 -98.624929
27.338067
0 -98.60675
27.338153
0 -98.589478
27.338236
0 -98.589537
27.358695
0 -98.552617
27.359101
0 -98.552448
27.343764
0 -98.522346
27.343285
0 -98.522293
27.343284
0 -98.523284
27.26515
0 -98.232464
27.262487
0 -98.232667
27.320285
0 -98.232741
27.341218
0 -98.232878
27.387099
0 -98.233072
27.461142
0 -98.233131
27.483708
0 -98.233235
27.500923
0 -98.233721
27.645077
0 -98.233719
27.655391
0 -98.233716
27.704918
0 -98.234133
27.711332
0 -98.234166
27.743745
0 -98.234133
27.74694
0 -98.234361
27.754942
0 -98.23436
27.755352
0 -98.234426
27.763
0 -98.23444
27.770564
0 -98.234445
27.771074
0 -98.234486
27.77822
0 -98.23485
27.869628
0 -98.234886
27.870264
0 -98.235089
27.928947
0 -98.235172
27.950518
0 -98.235497
28.057966
0 -98.334323
28.0578
0 -98.465029
28.05758
0 -98.499178
28.057539
0 -98.50029
28.057476
0 -98.803325
28.05748
0 