-99.118404
32.124739
0 -99.118665
32.079585
0 -99.067885
32.079194
0 -99.054579
32.079094
0 -99.00273
32.078697
0 -99.000392
32.079182
0 -98.996735
32.07931
0 -98.979003
32.078992
0 -98.971432
32.078857
0 -98.963992
32.078723
0 -98.954712
32.078558
0 -98.929383
32.078106
0 -98.924401
32.078018
0 -98.887067
32.096004
0 -98.847106
32.115143
0 -98.835607
32.120244
0 -98.824767
32.125051
0 -98.781578
32.145884
0 -98.78143
32.145956
0 -98.756302
32.158235
0 -98.750333
32.161508
0 -98.711206
32.180116
0 -98.70255
32.184241
0 -98.660238
32.204451
0 -98.625331
32.223054
0 -98.622177
32.224514
0 -98.588784
32.241779
0 -98.554895
32.259594
0 -98.551158
32.261436
0 -98.53768
32.268083
0 -98.534527
32.269639
0 -98.521429
32.276096
0 -98.520887
32.2764
0 -98.500329
32.286627
0 -98.474685
32.299084
0 -98.474761
32.311644
0 -98.475039
32.348111
0 -98.475232
32.373379
0 -98.47554
32.376289
0 -98.475372
32.388087
0 -98.475202
32.392833
0 -98.475326
32.408208
0 -98.475235
32.459884
0 -98.475125
32.460167
0 -98.475177
32.513039
0 -98.495775
32.513026
0 -98.500409
32.513388
0 -98.573016
32.515261
0 -98.576256
32.515163
0 -98.724762
32.515246
0 -98.744316
32.515296
0 -98.750338
32.515618
0 -98.795485
32.515213
0 -98.933138
32.51502
0 -98.937009
32.515024
0 -99.000346
32.515009
0 -99.00127
32.51469
0 -99.018842
32.51471
0 -99.09605
32.514768
0 -99.114293
32.514811
0 -99.114049
32.500126
0 -99.114652
32.495353
0 -99.115055
32.459136
0 -99.115231
32.426718
0 -99.11593
32.386471
0 -99.116261
32.377514
0 -99.116379
32.375129
0 -99.116174
32.374726
0 -99.117187
32.281737
0 -99.117219
32.278184
0 -99.117546
32.25044
0 -99.11732
32.249247
0 -99.117649
32.18452
0 -99.118613
32.125458
0 -99.118404
32.124739
0 