-170.561009
-14.283769
0 -170.561707
-14.285706
0 -170.559871
-14.286857
0 -170.558675
-14.288055
0 -170.557236
-14.288682
0 -170.556068
-14.288574
0 -170.554512
-14.287452
0 -170.553391
-14.288408
0 -170.551376
-14.289141
0 -170.550577
-14.289178
0 -170.549593
-14.288767
0 -170.548218
-14.288258
0 -170.54592
-14.285685
0 -170.545733
-14.283224
0 -170.546725
-14.281412
0 -170.548965
-14.279643
0 -170.54985
-14.279644
0 -170.550603
-14.279942
0 -170.552051
-14.278567
0 -170.553467
-14.278259
0 -170.555351
-14.278456
0 -170.557347
-14.278938
0 -170.558489
-14.279715
0 -170.560153
-14.281005
0 -170.560676
-14.28211
0 -170.561009
-14.283769
0 