-99.708373
45.332348
0 -99.708987
45.245866
0 -99.667866
45.245636
0 -99.585872
45.245438
0 -99.573445
45.245364
0 -99.52246
45.245307
0 -99.50396
45.245339
0 -99.491357
45.245338
0 -99.470956
45.245313
0 -99.462457
45.245273
0 -99.450428
45.245254
0 -99.439851
45.245235
0 -99.368521
45.245132
0 -99.348118
45.245101
0 -99.339253
45.245039
0 -99.327573
45.245075
0 -99.277945
45.245033
0 -99.277356
45.245073
0 -99.216034
45.244929
0 -99.205692
45.244938
0 -99.194702
45.244981
0 -99.103055
45.245215
0 -99.090348
45.245146
0 -99.082609
45.245105
0 -99.062081
45.245108
0 -99.036067
45.245042
0 -99.031166
45.245026
0 -99.020779
45.244972
0 -98.969646
45.244925
0 -98.957986
45.244914
0 -98.918453
45.244873
0 -98.897317
45.244824
0 -98.87632
45.24481
0 -98.845827
45.244705
0 -98.836457
45.244617
0 -98.780403
45.244101
0 -98.722481
45.243764
0 -98.72241
45.272732
0 -98.722386
45.287048
0 -98.722165
45.316677
0 -98.722186
45.330654
0 -98.722236
45.359554
0 -98.722205
45.388597
0 -98.72217
45.417173
0 -98.722494
45.489798
0 -98.722362
45.490251
0 -98.722319
45.504581
0 -98.722174
45.591242
0 -98.725002
45.591252
0 -98.841661
45.592263
0 -98.843068
45.592302
0 -98.966347
45.592416
0 -99.034815
45.59237
0 -99.092145
45.59239
0 -99.153617
45.59256
0 -99.201087
45.592586
0 -99.214783
45.592593
0 -99.218856
45.592822
0 -99.219174
45.592603
0 -99.275417
45.592666
0 -99.277748
45.592784
0 -99.338186
45.592834
0 -99.382554
45.59272
0 -99.461054
45.592968
0 -99.584875
45.593107
0 -99.594104
45.59311
0 -99.707705
45.593391
0 -99.707936
45.549725
0 -99.707908
45.506626
0 -99.708013
45.50617
0 -99.708214
45.502257
0 -99.70799
45.499686
0 -99.708145
45.44855
0 -99.708235
45.419773
0 -99.708393
45.347277
0 -99.708449
45.339447
0 -99.708373
45.332348
0 