-98.48554
38.783951
0 -98.486108
38.696878
0 -98.479958
38.696916
0 -98.479913
38.681528
0 -98.479896
38.608991
0 -98.480083
38.565398
0 -98.480377
38.521841
0 -98.380891
38.521904
0 -98.378039
38.521625
0 -98.36947
38.52179
0 -98.257057
38.522176
0 -98.201561
38.522104
0 -98.1644
38.522133
0 -98.159598
38.522136
0 -98.145939
38.52219
0 -98.127521
38.522206
0 -98.090488
38.522216
0 -98.081166
38.522228
0 -98.034989
38.522245
0 -98.018181
38.522249
0 -98.01693
38.522419
0 -97.924269
38.522755
0 -97.924832
38.595255
0 -97.92472
38.598091
0 -97.924795
38.60988
0 -97.924859
38.638546
0 -97.92481
38.638682
0 -97.92516
38.69682
0 -97.92846
38.696974
0 -97.928443
38.755093
0 -97.928348
38.755599
0 -97.92847
38.783964
0 -97.928595
38.871102
0 -98.021459
38.871177
0 -98.040056
38.871017
0 -98.07693
38.870962
0 -98.077007
38.871
0 -98.100507
38.870855
0 -98.102194
38.871008
0 -98.113477
38.870718
0 -98.12533
38.871023
0 -98.126786
38.870918
0 -98.15071
38.870788
0 -98.16555
38.870727
0 -98.169578
38.870407
0 -98.225195
38.870996
0 -98.24835
38.871548
0 -98.262787
38.871146
0 -98.318656
38.870779
0 -98.355729
38.87073
0 -98.374443
38.870807
0 -98.392925
38.870986
0 -98.484861
38.870791
0 -98.485355
38.798374
0 -98.485614
38.794502
0 -98.48554
38.783951
0 