-111.307127
38.672276
0 -111.307027
38.585777
0 -111.305527
38.585777
0 -111.305825
38.510178
0 -111.305858
38.499978
0 -110.833423
38.49998
0 -110.025402
38.499981
0 -110.028361
38.501633
0 -110.031062
38.501759
0 -110.04082
38.505217
0 -110.043877
38.506977
0 -110.045778
38.508967
0 -110.046089
38.511859
0 -110.045589
38.514612
0 -110.043431
38.516586
0 -110.040039
38.518018
0 -110.037212
38.518645
0 -110.033081
38.518107
0 -110.028536
38.515076
0 -110.022574
38.512904
0 -110.018427
38.512886
0 -110.015723
38.513984
0 -110.013935
38.517169
0 -110.013169
38.524458
0 -110.012435
38.525127
0 -110.011409
38.525122
0 -110.00068
38.521786
0 -109.996925
38.52293
0 -109.994848
38.524223
0 -109.994091
38.525237
0 -109.994283
38.527118
0 -109.996532
38.529722
0 -110.00068
38.53322
0 -110.004388
38.537358
0 -110.005684
38.539918
0 -110.005426
38.543815
0 -110.00355
38.547099
0 -110.002075
38.548941
0 -110.00068
38.549453
0 -109.997224
38.552256
0 -109.992737
38.555438
0 -109.990944
38.55701
0 -109.988101
38.561061
0 -109.988045
38.563942
0 -109.990271
38.56674
0 -109.994233
38.568663
0 -109.996665
38.568642
0 -110.000681
38.567282
0 -110.007134
38.563539
0 -110.012114
38.561117
0 -110.014891
38.561365
0 -110.018286
38.563698
0 -110.020953
38.573758
0 -110.022168
38.576015
0 -110.025322
38.577195
0 -110.029238
38.574902
0 -110.032131
38.572561
0 -110.034283
38.571327
0 -110.036976
38.571439
0 -110.038679
38.572185
0 -110.044284
38.577369
0 -110.046615
38.577863
0 -110.055426
38.577932
0 -110.057683
38.578849
0 -110.058608
38.580365
0 -110.057897
38.58374
0 -110.050782
38.592096
0 -110.034179
38.604092
0 -110.033063
38.604356
0 -110.030699
38.604239
0 -110.028246
38.602525
0 -110.025577
38.599965
0 -110.019475
38.591193
0 -110.01651
38.588559
0 -110.012975
38.587099
0 -110.008784
38.587013
0 -110.005312
38.58767
0 -110.000679
38.589248
0 -109.999134
38.590069
0 -109.997824
38.591423
0 -109.99628
38.594694
0 -109.996147
38.598056
0 -109.996929
38.608847
0 -109.997629
38.612027
0 -109.998824
38.615682
0 -110.000452
38.618046
0 -110.00297
38.620324
0 -110.006458
38.622154
0 -110.01218
38.62374
0 -110.014786
38.623837
0 -110.01642
38.623206
0 -110.017867
38.62012
0 -110.018615
38.615756
0 -110.02066
38.611462
0 -110.022818
38.609824
0 -110.025952
38.608964
0 -110.033954
38.608897
0 -110.039154
38.609037
0 -110.047463
38.606196
0 -110.052268
38.60514
0 -110.05595
38.604953
0 -110.06056
38.60598
0 -110.064773
38.608147
0 -110.067567
38.611048
0 -110.06883
38.613069
0 -110.068712
38.616127
0 -110.067538
38.617836
0 -110.065471
38.619038
0 -110.061875
38.619125
0 -110.050914
38.61562
0 -110.047836
38.615339
0 -110.044579
38.615697
0 -110.042856
38.616696
0 -110.042026
38.618205
0 -110.041712
38.619548
0 -110.042334
38.621366
0 -110.047506
38.628781
0 -110.049454
38.633426
0 -110.048342
38.637768
0 -110.045117
38.643184
0 -110.039829
38.646708
0 -110.037766
38.649559
0 -110.036344
38.652311
0 -110.036207
38.654597
0 -110.03731
38.656684
0 -110.039954
38.658474
0 -110.042686
38.65939
0 -110.04508
38.659464
0 -110.046838
38.658259
0 -110.047403
38.655874
0 -110.047677
38.651236
0 -110.049144
38.647744
0 -110.051763
38.646017
0 -110.053938
38.645943
0 -110.05616
38.646185
0 -110.05791
38.646963
0 -110.059481
38.649858
0 -110.059305
38.651102
0 -110.055588
38.657702
0 -110.055682
38.659999
0 -110.057258
38.66155
0 -110.06008
38.661827
0 -110.065524
38.65791
0 -110.068393
38.656439
0 -110.070489
38.656276
0 -110.072708
38.657425
0 -110.074198
38.659379
0 -110.07402
38.661227
0 -110.069517
38.665115
0 -110.068569
38.667398
0 -110.068731
38.669987
0 -110.070519
38.672177
0 -110.07291
38.673293
0 -110.074792
38.673264
0 -110.07859
38.671916
0 -110.08169
38.669619
0 -110.084176
38.667306
0 -110.088716
38.665032
0 -110.09107
38.664634
0 -110.093505
38.665313
0 -110.094826
38.666762
0 -110.095121
38.668208
0 -110.088559
38.674175
0 -110.087012
38.676591
0 -110.086918
38.679078
0 -110.08828
38.681233
0 -110.097839
38.688015
0 -110.099798
38.690641
0 -110.100434
38.692659
0 -110.099957
38.694574
0 -110.098111
38.696923
0 -110.093998
38.698929
0 -110.08825
38.703553
0 -110.086703
38.705768
0 -110.085967
38.708321
0 -110.086344
38.710977
0 -110.087535
38.712997
0 -110.090825
38.714519
0 -110.097414
38.714535
0 -110.102253
38.713438
0 -110.105811
38.71143
0 -110.108206
38.709608
0 -110.113526
38.706507
0 -110.117936
38.705577
0 -110.12034
38.705822
0 -110.122083
38.706595
0 -110.123063
38.70811
0 -110.123058
38.70969
0 -110.121599
38.711434
0 -110.119585
38.712472
0 -110.113895
38.712189
0 -110.111114
38.712317
0 -110.107385
38.714325
0 -110.106267
38.716104
0 -110.10622
38.717684
0 -110.110526
38.722972
0 -110.113292
38.728189
0 -110.113416
38.729937
0 -110.11294
38.731651
0 -110.109505
38.73534
0 -110.103748
38.742485
0 -110.10082
38.748192
0 -110.096559
38.749976
0 -110.092334
38.750874
0 -110.088045
38.750941
0 -110.083861
38.751952
0 -110.082208
38.752868
0 -110.081708
38.75397
0 -110.081939
38.756666
0 -110.088289
38.764911
0 -110.089098
38.768491
0 -110.090544
38.770633
0 -110.107398
38.777325
0 -110.114
38.782543
0 -110.117018
38.785315
0 -110.119236
38.789186
0 -110.121298
38.791131
0 -110.121639
38.792428
0 -110.120615
38.794053
0 -110.118601
38.795704
0 -110.115877
38.796537
0 -110.11099
38.797393
0 -110.106497
38.799419
0 -110.105061
38.80134
0 -110.104689
38.803026
0 -110.106126
38.810654
0 -110.109928
38.816401
0 -110.113686
38.818815
0 -110.123728
38.820518
0 -110.124637
38.821878
0 -110.124027
38.823989
0 -110.119356
38.827518
0 -110.119068
38.829484
0 -110.12075
38.831514
0 -110.125686
38.83366
0 -110.13116
38.834445
0 -110.136791
38.83473
0 -110.140328
38.835988
0 -110.143948
38.839028
0 -110.146004
38.842994
0 -110.144655
38.846567
0 -110.138793
38.854406
0 -110.137338
38.857138
0 -110.135944
38.860744
0 -110.137023
38.865326
0 -110.138115
38.867861
0 -110.140061
38.869166
0 -110.142727
38.869373
0 -110.145561
38.868206
0 -110.147469
38.866219
0 -110.151384
38.863356
0 -110.157801
38.861939
0 -110.160628
38.862551
0 -110.162529
38.863922
0 -110.162775
38.86594
0 -110.161692
38.872405
0 -110.162376
38.874973
0 -110.162414
38.878669
0 -110.159824
38.887861
0 -110.159843
38.891156
0 -110.163392
38.895509
0 -110.165101
38.898987
0 -110.172789
38.904907
0 -110.179252
38.907248
0 -110.178975
38.909197
0 -110.177135
38.911239
0 -110.176655
38.912495
0 -110.178827
38.918725
0 -110.176707
38.92427
0 -110.174469
38.926057
0 -110.169904
38.927089
0 -110.155049
38.926104
0 -110.149276
38.924104
0 -110.140451
38.924322
0 -110.136006
38.926131
0 -110.13468
38.927967
0 -110.134734
38.933612
0 -110.139437
38.9423
0 -110.141562
38.945152
0 -110.149744
38.947908
0 -110.152642
38.949696
0 -110.152656
38.951816
0 -110.149877
38.955108
0 -110.142767
38.956874
0 -110.139183
38.958564
0 -110.137839
38.960193
0 -110.138691
38.963242
0 -110.14189
38.966271
0 -110.146196
38.969099
0 -110.149292
38.971896
0 -110.150423
38.974264
0 -110.150957
38.978171
0 -110.150353
38.979793
0 -110.134167
38.97964
0 -110.124517
38.979981
0 -110.119812
38.97982
0 -110.119763
38.983398
0 -110.1057
38.983385
0 -110.105688
38.979796
0 -110.096329
38.979684
0 -110.069114
38.978983
0 -110.069134
38.964448
0 -110.050505
38.964452
0 -110.05051
38.957188
0 -110.041199
38.957192
0 -110.041198
38.949932
0 -110.003984
38.949911
0 -110.003977
38.964446
0 -110.022587
38.964451
0 -110.022559
38.978971
0 -110.041184
38.978975
0 -110.041176
38.993516
0 -110.059811
38.993544
0 -110.059807
38.986248
0 -110.096336
38.986257
0 -110.09632
39.001676
0 -110.133899
39.001736
0 -110.133943
38.994378
0 -110.140795
38.994396
0 -110.143267
38.995263
0 -110.147782
38.99602
0 -110.147811
38.997211
0 -110.150178
38.997237
0 -110.150252
39.002149
0 -110.145387
39.000983
0 -110.142847
39.000951
0 -110.137964
39.004123
0 -110.137966
39.005385
0 -110.13967
39.008623
0 -110.141121
39.009448
0 -110.143718
39.009617
0 -110.147892
39.009371
0 -110.150265
39.010687
0 -110.152699
39.012949
0 -110.153728
39.014654
0 -110.153328
39.016704
0 -110.150782
39.017226
0 -110.146515
39.017583
0 -110.143772
39.018898
0 -110.142255
39.020287
0 -110.139803
39.023084
0 -110.140302
39.025388
0 -110.146036
39.028393
0 -110.14983
39.029848
0 -110.152856
39.030459
0 -110.156222
39.032654
0 -110.156922
39.034641
0 -110.156796
39.036283
0 -110.154928
39.038174
0 -110.149741
39.039961
0 -110.146394
39.044795
0 -110.14508
39.048054
0 -110.141532
39.055476
0 -110.139869
39.05765
0 -110.139584
39.061526
0 -110.140311
39.065686
0 -110.140106
39.070962
0 -110.142104
39.073174
0 -110.145155
39.074175
0 -110.146122
39.075981
0 -110.145349
39.077365
0 -110.14049
39.081107
0 -110.140296
39.08237
0 -110.142796
39.08527
0 -110.142296
39.08757
0 -110.138896
39.08887
0 -110.129396
39.089869
0 -110.122233
39.09272
0 -110.119814
39.09416
0 -110.117571
39.096005
0 -110.118105
39.099951
0 -110.118073
39.102017
0 -110.115517
39.106591
0 -110.111214
39.111788
0 -110.109332
39.112977
0 -110.110849
39.115182
0 -110.112956
39.11597
0 -110.113101
39.11805
0 -110.114796
39.120869
0 -110.114006
39.12588
0 -110.112457
39.129434
0 -110.110189
39.131492
0 -110.106517
39.133156
0 -110.10402
39.13337
0 -110.101174
39.134645
0 -110.099411
39.136276
0 -110.099755
39.137912
0 -110.102572
39.142608
0 -110.104401
39.143562
0 -110.10785
39.144108
0 -110.110072
39.145062
0 -110.112605
39.146914
0 -110.113125
39.148371
0 -110.112819
39.150276
0 -110.116148
39.152564
0 -110.11567
39.155968
0 -110.113611
39.15909
0 -110.112261
39.160501
0 -110.109981
39.161387
0 -110.105429
39.162065
0 -110.101712
39.164433
0 -110.098784
39.167715
0 -110.098471
39.168791
0 -110.100086
39.171702
0 -110.102603
39.17516
0 -110.105297
39.178248
0 -110.10502
39.181488
0 -110.101565
39.186614
0 -110.098763
39.189509
0 -110.094589
39.191225
0 -110.090802
39.193215
0 -110.085913
39.192625
0 -110.08008
39.192956
0 -110.078835
39.193533
0 -110.07736
39.196845
0 -110.073406
39.201038
0 -110.072881
39.20292
0 -110.072361
39.205816
0 -110.073256
39.209599
0 -110.077715
39.218436
0 -110.076986
39.220824
0 -110.077047
39.222544
0 -110.077943
39.223462
0 -110.077834
39.22619
0 -110.075345
39.228057
0 -110.072939
39.228843
0 -110.070292
39.228489
0 -110.068482
39.227567
0 -110.066752
39.224222
0 -110.064963
39.223284
0 -110.06244
39.223238
0 -110.060167
39.224098
0 -110.05457
39.228283
0 -110.053654
39.231209
0 -110.054433
39.233436
0 -110.058294
39.238221
0 -110.058849
39.244062
0 -110.05944
39.245334
0 -110.061408
39.246847
0 -110.063572
39.249966
0 -110.062486
39.252226
0 -110.061151
39.25456
0 -110.06036
39.258803
0 -110.060884
39.264441
0 -110.062699
39.266698
0 -110.072487
39.270267
0 -110.074294
39.271142
0 -110.075846
39.274623
0 -110.07727
39.275869
0 -110.07749
39.277189
0 -110.076987
39.279918
0 -110.075874
39.281473
0 -110.073562
39.281926
0 -110.072759
39.284307
0 -110.073546
39.286234
0 -110.073369
39.287695
0 -110.070463
39.291335
0 -110.067328
39.293831
0 -110.063829
39.294649
0 -110.05457
39.298391
0 -110.05264
39.298861
0 -110.049667
39.300553
0 -110.049245
39.301508
0 -110.049556
39.304456
0 -110.052945
39.307638
0 -110.055693
39.308269
0 -110.057995
39.307451
0 -110.059554
39.307459
0 -110.061932
39.310083
0 -110.06195
39.31153
0 -110.061707
39.31269
0 -110.061254
39.313759
0 -110.060562
39.31452
0 -110.060403
39.314905
0 -110.059778
39.315257
0 -110.059252
39.315419
0 -110.058787
39.315864
0 -110.058227
39.316135
0 -110.056382
39.316958
0 -110.055671
39.319201
0 -110.059291
39.325767
0 -110.05917
39.328966
0 -110.058251
39.33001
0 -110.0557
39.330755
0 -110.054584
39.330026
0 -110.053343
39.327079
0 -110.052143
39.32567
0 -110.04955
39.325281
0 -110.047861
39.325888
0 -110.045627
39.330946
0 -110.042472
39.334146
0 -110.038665
39.337205
0 -110.037095
39.337359
0 -110.035024
39.340702
0 -110.035691
39.342223
0 -110.034894
39.347193
0 -110.034074
39.348968
0 -110.031316
39.350936
0 -110.028922
39.351451
0 -110.025554
39.350301
0 -110.023142
39.351119
0 -110.022166
39.352018
0 -110.021627
39.354939
0 -110.023447
39.356838
0 -110.023882
39.358045
0 -110.022952
39.359842
0 -110.019823
39.362579
0 -110.021725
39.367098
0 -110.024175
39.369706
0 -110.024104
39.371358
0 -110.025694
39.376408
0 -110.025118
39.377505
0 -110.022613
39.377878
0 -110.019114
39.378916
0 -110.017267
39.383235
0 -110.01723
39.385086
0 -110.021162
39.390107
0 -110.018932
39.392976
0 -110.019745
39.395461
0 -110.017879
39.397675
0 -110.017672
39.399544
0 -110.016103
39.401467
0 -110.013438
39.406528
0 -110.010133
39.409816
0 -110.010617
39.416322
0 -110.010945
39.417191
0 -110.012207
39.418581
0 -110.015523
39.420681
0 -110.018569
39.421672
0 -110.021352
39.421825
0 -110.023434
39.423094
0 -110.022535
39.425633
0 -110.021161
39.426659
0 -110.020738
39.428503
0 -110.022018
39.431118
0 -110.021016
39.436068
0 -110.021801
39.437711
0 -110.023619
39.438482
0 -110.023846
39.440554
0 -110.022978
39.446297
0 -110.021567
39.44822
0 -110.020412
39.45198
0 -110.019741
39.45295
0 -110.016456
39.453826
0 -110.015558
39.455332
0 -110.016576
39.456959
0 -110.019651
39.458136
0 -110.023531
39.460701
0 -110.02414
39.461695
0 -110.025197
39.466594
0 -110.024118
39.469269
0 -110.066139
39.469257
0 -110.497681
39.46991
0 -110.603821
39.469789
0 -110.627311
39.469867
0 -110.628211
39.469267
0 -110.644583
39.469313
0 -110.758201
39.469331
0 -110.85675
39.469448
0 -111.000722
39.469777
0 -111.077417
39.469577
0 -111.07743
39.467331
0 -111.0812
39.467533
0 -111.080948
39.470325
0 -111.081753
39.472716
0 -111.081368
39.474173
0 -111.079199
39.476524
0 -111.076484
39.477941
0 -111.075207
39.479197
0 -111.074978
39.480372
0 -111.077449
39.484203
0 -111.07391
39.487318
0 -111.07364
39.488172
0 -111.074486
39.491054
0 -111.075759
39.49251
0 -111.077789
39.4935
0 -111.08019
39.49535
0 -111.082599
39.501098
0 -111.082671
39.505609
0 -111.083735
39.50616
0 -111.085255
39.508481
0 -111.08428
39.511263
0 -111.086558
39.513846
0 -111.08661
39.51809
0 -111.085828
39.521604
0 -111.086252
39.5224
0 -111.088185
39.523585
0 -111.089365
39.526194
0 -111.091331
39.528885
0 -111.093511
39.529336
0 -111.096377
39.532412
0 -111.097578
39.535303
0 -111.098488
39.536037
0 -111.100228
39.536681
0 -111.10342
39.536163
0 -111.104075
39.536854
0 -111.106777
39.537564
0 -111.107094
39.538618
0 -111.107686
39.539663
0 -111.106837
39.540688
0 -111.108223
39.542036
0 -111.108229
39.544599
0 -111.106628
39.546404
0 -111.108022
39.548446
0 -111.11042
39.549689
0 -111.113226
39.550547
0 -111.115718
39.551922
0 -111.114452
39.555275
0 -111.118416
39.558195
0 -111.117567
39.559739
0 -111.119901
39.561803
0 -111.119231
39.563187
0 -111.119737
39.565256
0 -111.115729
39.566664
0 -111.113705
39.568923
0 -111.11486
39.56995
0 -111.11672
39.570288
0 -111.12043
39.572594
0 -111.1209
39.574342
0 -111.120114
39.57724
0 -111.122286
39.578703
0 -111.123025
39.580159
0 -111.123581
39.584384
0 -111.124403
39.585613
0 -111.125459
39.591311
0 -111.12755
39.593242
0 -111.128073
39.595457
0 -111.127608
39.598113
0 -111.129277
39.600869
0 -111.130987
39.605058
0 -111.131434
39.60723
0 -111.13
39.608629
0 -111.131727
39.611402
0 -111.131953
39.613844
0 -111.136888
39.615263
0 -111.137869
39.615034
0 -111.137938
39.613228
0 -111.139578
39.609453
0 -111.140755
39.608346
0 -111.147239
39.607574
0 -111.148634
39.606428
0 -111.14736
39.601419
0 -111.148235
39.600303
0 -111.150918
39.600632
0 -111.152194
39.599993
0 -111.15297
39.598263
0 -111.155005
39.596652
0 -111.159113
39.595947
0 -111.160911
39.596344
0 -111.164326
39.59858
0 -111.166043
39.602058
0 -111.170258
39.603281
0 -111.171321
39.605384
0 -111.171564
39.607314
0 -111.173991
39.609431
0 -111.175584
39.614013
0 -111.177158
39.615045
0 -111.179092
39.615353
0 -111.183368
39.616883
0 -111.186239
39.619495
0 -111.186674
39.620925
0 -111.186258
39.624344
0 -111.187231
39.62699
0 -111.189213
39.627547
0 -111.19121
39.629372
0 -111.191933
39.632386
0 -111.19037
39.634334
0 -111.192749
39.6384
0 -111.192848
39.640662
0 -111.194122
39.642354
0 -111.195883
39.642414
0 -111.1984
39.644452
0 -111.200953
39.644998
0 -111.2021
39.647654
0 -111.201683
39.648166
0 -111.201481
39.652039
0 -111.200633
39.653895
0 -111.201615
39.654041
0 -111.20031
39.65594
0 -111.201008
39.657145
0 -111.204122
39.658243
0 -111.209325
39.661742
0 -111.210337
39.66434
0 -111.210513
39.666739
0 -111.212428
39.668425
0 -111.214804
39.669841
0 -111.216877
39.669834
0 -111.217766
39.672164
0 -111.222121
39.675664
0 -111.222435
39.676863
0 -111.221723
39.679519
0 -111.220113
39.681073
0 -111.221852
39.682865
0 -111.221476
39.684594
0 -111.222181
39.685962
0 -111.221575
39.689705
0 -111.222264
39.69256
0 -111.224442
39.693395
0 -111.228903
39.693135
0 -111.22981
39.693974
0 -111.230023
39.697406
0 -111.229691
39.699411
0 -111.232508
39.699479
0 -111.235456
39.700184
0 -111.23663
39.702746
0 -111.241381
39.703727
0 -111.243112
39.70348
0 -111.24745
39.704368
0 -111.247207
39.582336
0 -111.247275
39.467152
0 -111.282693
39.46728
0 -111.301222
39.467302
0 -111.301033
39.422593
0 -111.300894
39.389143
0 -111.300821
39.29451
0 -111.299723
39.294536
0 -111.299639
39.211257
0 -111.299764
39.117804
0 -111.29936
39.032264
0 -111.299384
39.017793
0 -111.298195
39.017769
0 -111.298856
38.789123
0 -111.298628
38.749976
0 -111.299328
38.744476
0 -111.299227
38.672276
0 -111.307127
38.672276
0 