-87.61589
31.244458
0 -87.61598
31.242412
0 -87.615869
31.241045
0 -87.615788
31.068838
0 -87.615562
31.066152
0 -87.615417
31.041002
0 -87.615422
31.040726
0 -87.615366
31.026505
0 -87.615312
31.010195
0 -87.61553
31.007724
0 -87.615431
30.997361
0 -87.609445
30.997395
0 -87.598928356737
30.9974544633663
0 -87.598928
30.997457
0 -87.571281
30.99787
0 -87.548543
30.997927
0 -87.51952
30.997586
0 -87.514910818753
30.9976582879967
0 -87.4983756803156
30.9979176164912
0 -87.4884222032622
30.9980737216384
0 -87.4837736214982
30.9981466275723
0 -87.480243
30.998202
0 -87.479703
30.998197
0 -87.478706
30.998213
0 -87.4778008656509
30.9982103214084
0 -87.466879
30.998178
0 -87.466827
30.998178
0 -87.461783
30.998201
0 -87.461638
30.998202
0 -87.458658
30.998386
0 -87.455705
30.998318
0 -87.449811
30.998272
0 -87.432292
30.998205
0 -87.425774
30.99809
0 -87.367842
30.998292
0 -87.364011
30.998218
0 -87.3638727343641
30.9982184302701
0 -87.355656
30.998244
0 -87.3478772559728
30.9982540449584
0 -87.333973
30.998272
0 -87.312183
30.998435
0 -87.30403
30.998191
0 -87.301567
30.998434
0 -87.2977209676648
30.9984041688752
0 -87.290995
30.998352
0 -87.288905
30.998345
0 -87.2762740065311
30.9983027902622
0 -87.2664842854257
30.9982700753722
0 -87.265564
30.998267
0 -87.26054
30.998195
0 -87.259689
30.998172
0 -87.25796
30.998263
0 -87.257002
30.998194
0 -87.255592
30.998216
0 -87.25498
30.998285
0 -87.2492407224799
30.9976571472641
0 -87.2399697516361
30.9966429421853
0 -87.2383167408441
30.9964621097818
0 -87.237685
30.996393
0 -87.2295406412137
30.9968814475167
0 -87.224746
30.997169
0 -87.1748002724822
30.9986850890056
0 -87.1640837991927
30.9990103846443
0 -87.1630833253631
30.9990407537559
0 -87.162614
30.999055
0 -87.1505897595909
30.9993173890697
0 -87.140755
30.999532
0 -87.124969
30.998802
0 -87.118873
30.999427
0 -87.1150729857602
30.9994055190278
0 -87.0969117097547
30.9993028557637
0 -87.0761079929049
30.999185255135
0 -87.0709929924211
30.9991563407215
0 -87.068633
30.999143
0 -87.064063
30.999191
0 -87.053737
30.999131
0 -87.039989
30.999594
0 -87.036366
30.999348
0 -87.027107
30.999255
0 -87.0241722401182
30.9992628697183
0 -87.004359
30.999316
0 -86.998477
30.998661
0 -86.92781
30.997704
0 -86.9062578463152
30.9976350113795
0 -86.888135
30.997577
0 -86.872989
30.997631
0 -86.831934
30.997378
0 -86.830497
30.997401
0 -86.785918
30.996978
0 -86.785692460564
30.9969741853795
0 -86.74524
30.99629
0 -86.728392
30.996739
0 -86.727293
30.996882
0 -86.725379
30.996872
0 -86.706261
30.994703
0 -86.6883130015449
30.9945961283541
0 -86.688063
31.000179
0 -86.688596
31.000417
0 -86.70022
31.000418
0 -86.700747
31.122936
0 -86.700442
31.125171
0 -86.700282
31.192217
0 -86.70263
31.193968
0 -86.706654
31.194851
0 -86.707852
31.193939
0 -86.707776
31.192681
0 -86.706341
31.191454
0 -86.707676
31.190318
0 -86.711208
31.191
0 -86.711986
31.191627
0 -86.713598
31.19038
0 -86.715955
31.190851
0 -86.720419
31.191265
0 -86.721274
31.190743
0 -86.720888
31.189372
0 -86.719198
31.189085
0 -86.716828
31.186456
0 -86.71665
31.184874
0 -86.717931
31.185005
0 -86.721007
31.18346
0 -86.721346
31.185309
0 -86.723153
31.185492
0 -86.725985
31.183825
0 -86.726971
31.186275
0 -86.727725
31.186473
0 -86.727596
31.184853
0 -86.729994
31.185612
0 -86.735358
31.18545
0 -86.736549
31.186038
0 -86.737189
31.187358
0 -86.73526
31.189497
0 -86.73261
31.190007
0 -86.733943
31.191843
0 -86.736817
31.191337
0 -86.738042
31.192143
0 -86.738743
31.194647
0 -86.741399
31.195347
0 -86.743671
31.194822
0 -86.746703
31.192675
0 -86.748632
31.192362
0 -86.751168
31.193249
0 -86.756671
31.193158
0 -86.757492
31.192646
0 -86.760752
31.187622
0 -86.763512
31.181133
0 -86.766368
31.182297
0 -86.766903
31.183631
0 -86.764738
31.184567
0 -86.762702
31.186977
0 -86.763067
31.188534
0 -86.762
31.190294
0 -86.762197
31.191877
0 -86.76465
31.191717
0 -86.765773
31.192627
0 -86.762899
31.196915
0 -86.763513
31.197534
0 -86.767459
31.196619
0 -86.769524
31.198285
0 -86.772519
31.202243
0 -86.771962
31.203138
0 -86.769758
31.20366
0 -86.768459
31.205076
0 -86.765327
31.207015
0 -86.765893
31.208388
0 -86.769119
31.208796
0 -86.772592
31.210657
0 -86.771161
31.213211
0 -86.766823
31.216745
0 -86.763763
31.220463
0 -86.763569
31.221751
0 -86.764539
31.224028
0 -86.768107
31.227233
0 -86.769113
31.229869
0 -86.768802
31.232142
0 -86.768828
31.237321
0 -86.769467
31.239636
0 -86.770853
31.241562
0 -86.772592
31.242588
0 -86.772372
31.244634
0 -86.771144
31.246696
0 -86.772263
31.250655
0 -86.767056
31.253855
0 -86.765764
31.256555
0 -86.765568
31.2593
0 -86.763961
31.261293
0 -86.767537
31.261333
0 -86.871022
31.261902
0 -86.99997
31.261038
0 -87.00261
31.261231
0 -87.018133
31.261272
0 -87.036472
31.261315
0 -87.110613
31.260935
0 -87.163618
31.260744
0 -87.225866
31.260639
0 -87.36528
31.260364
0 -87.365618
31.260576
0 -87.427455
31.260386
0 -87.466484
31.260154
0 -87.46707
31.2602
0 -87.489206
31.260076
0 -87.490173
31.257787
0 -87.492719
31.255325
0 -87.4982
31.253475
0 -87.49924
31.252122
0 -87.502146
31.251597
0 -87.50292
31.250933
0 -87.505722
31.250459
0 -87.507724
31.248731
0 -87.511432
31.248503
0 -87.518929
31.246924
0 -87.52301
31.247911
0 -87.525891
31.246674
0 -87.527492
31.245414
0 -87.529974
31.242596
0 -87.533762
31.241497
0 -87.53603
31.23728
0 -87.537772
31.23663
0 -87.539631
31.235127
0 -87.541551
31.234898
0 -87.542938
31.2335
0 -87.547206
31.231965
0 -87.548993
31.230041
0 -87.554033
31.229537
0 -87.559287
31.227291
0 -87.560114
31.228529
0 -87.561981
31.229216
0 -87.563154
31.22846
0 -87.563555
31.229423
0 -87.565475
31.229308
0 -87.567289
31.231622
0 -87.568276
31.232057
0 -87.570543
31.230636
0 -87.57441
31.232744
0 -87.57745
31.232331
0 -87.579024
31.233546
0 -87.580518
31.233729
0 -87.581265
31.236135
0 -87.585079
31.237418
0 -87.586546
31.238953
0 -87.5874
31.238747
0 -87.592949
31.240189
0 -87.595056
31.240486
0 -87.599404
31.240439
0 -87.600258
31.241539
0 -87.601885
31.241378
0 -87.602952
31.242822
0 -87.605353
31.242706
0 -87.608739
31.241032
0 -87.612527
31.24197
0 -87.615435
31.243803
0 -87.61589
31.244458
0 