-92.633839
30.483319
0 -92.631987
30.481147
0 -92.629063
30.480614
0 -92.620642
30.481097
0 -92.615842
30.481084
0 -92.606297
30.480912
0 -92.605775
30.480902
0 -92.600845
30.480824
0 -92.600715
30.480815
0 -92.600277
30.480807
0 -92.592066
30.480663
0 -92.591137
30.480647
0 -92.587304
30.480581
0 -92.564294
30.480536
0 -92.493259
30.480499
0 -92.493021
30.481575
0 -92.491
30.482856
0 -92.490694
30.484303
0 -92.48954
30.485768
0 -92.488389
30.48576
0 -92.487964
30.487186
0 -92.48566
30.489212
0 -92.484503
30.488721
0 -92.483642
30.489933
0 -92.483933
30.491169
0 -92.482015
30.49052
0 -92.48241
30.491305
0 -92.480339
30.491663
0 -92.477984
30.492938
0 -92.478514
30.494515
0 -92.477488
30.495355
0 -92.475869
30.494393
0 -92.473331
30.495264
0 -92.471608
30.494647
0 -92.471493
30.493614
0 -92.470045
30.49375
0 -92.469035
30.494722
0 -92.464347
30.495318
0 -92.464859
30.496709
0 -92.464839
30.498886
0 -92.462857
30.499624
0 -92.462719
30.501945
0 -92.464147
30.503298
0 -92.463372
30.505935
0 -92.464807
30.507448
0 -92.463971
30.508266
0 -92.463606
30.510471
0 -92.464325
30.512697
0 -92.464218
30.514029
0 -92.462509
30.514767
0 -92.461288
30.516001
0 -92.462235
30.517604
0 -92.460076
30.5181
0 -92.460659
30.519238
0 -92.459932
30.522009
0 -92.46143
30.523958
0 -92.461117
30.524624
0 -92.459285
30.524678
0 -92.458169
30.526091
0 -92.458914
30.52793
0 -92.457648
30.528028
0 -92.457013
30.527094
0 -92.455134
30.527246
0 -92.454276
30.528595
0 -92.452691
30.527854
0 -92.45248
30.530625
0 -92.450155
30.530842
0 -92.449972
30.532724
0 -92.448751
30.532858
0 -92.449371
30.534194
0 -92.446893
30.533826
0 -92.445458
30.534726
0 -92.443968
30.533276
0 -92.443474
30.534339
0 -92.441215
30.533406
0 -92.440957
30.53454
0 -92.43811
30.534843
0 -92.437289
30.536172
0 -92.435574
30.535715
0 -92.434618
30.536787
0 -92.433248
30.536568
0 -92.430692
30.533737
0 -92.430197
30.534813
0 -92.428343
30.534583
0 -92.426502
30.535964
0 -92.427287
30.536892
0 -92.426796
30.538518
0 -92.42604
30.538353
0 -92.424543
30.536776
0 -92.42112
30.537295
0 -92.42078
30.53882
0 -92.418838
30.538987
0 -92.417641
30.537981
0 -92.415311
30.538623
0 -92.371653
30.53879
0 -92.371406
30.538831
0 -92.359761
30.538745
0 -92.313226
30.539013
0 -92.262719
30.538738
0 -92.262305
30.568152
0 -92.213901
30.568227
0 -92.21314
30.568111
0 -92.2113
30.568057
0 -92.211233
30.573913
0 -92.211403
30.588706
0 -92.211683
30.613182
0 -92.211517
30.617168
0 -92.210417
30.619456
0 -92.207733
30.620254
0 -92.206162
30.622163
0 -92.206099
30.623065
0 -92.203945
30.625197
0 -92.204289
30.627716
0 -92.205345
30.629586
0 -92.20447
30.632934
0 -92.205117
30.635395
0 -92.203374
30.637051
0 -92.204672
30.639211
0 -92.204673
30.640747
0 -92.202955
30.64393
0 -92.200284
30.647799
0 -92.200851
30.65116
0 -92.200451
30.656155
0 -92.197568
30.65682
0 -92.193956
30.659333
0 -92.190271
30.663267
0 -92.187057
30.66593
0 -92.185428
30.666579
0 -92.180764
30.665786
0 -92.178664
30.666848
0 -92.177009
30.671699
0 -92.176755
30.673223
0 -92.174393
30.676006
0 -92.173286
30.675549
0 -92.172536
30.673871
0 -92.172424
30.684735
0 -92.172528
30.718166
0 -92.172517
30.740147
0 -92.172414
30.762461
0 -92.172415
30.767935
0 -92.176649
30.7682
0 -92.182372
30.770208
0 -92.18555
30.774224
0 -92.188598
30.777025
0 -92.191129
30.778372
0 -92.19753
30.779636
0 -92.199295
30.781434
0 -92.202793
30.782254
0 -92.206915
30.78475
0 -92.208005
30.786681
0 -92.207585
30.787748
0 -92.21023
30.792247
0 -92.211343
30.793131
0 -92.211358
30.831618
0 -92.212711
30.848607
0 -92.237698
30.84821
0 -92.238219
30.892208
0 -92.280715
30.935954
0 -92.280738
30.965071
0 -92.290947
30.965087
0 -92.311028
30.965082
0 -92.314567
30.96507
0 -92.316801
30.963313
0 -92.330877
30.963236
0 -92.32789
30.966111
0 -92.325401
30.970327
0 -92.327597
30.971769
0 -92.330496
30.973052
0 -92.332056
30.973193
0 -92.335606
30.972565
0 -92.337726
30.971157
0 -92.340842
30.969859
0 -92.343988
30.9704
0 -92.344705
30.97097
0 -92.344739
30.973841
0 -92.342001
30.975126
0 -92.340329
30.977441
0 -92.340323
30.97925
0 -92.341763
30.981503
0 -92.344365
30.981723
0 -92.345012
30.982877
0 -92.34734
30.98289
0 -92.349496
30.983661
0 -92.352669
30.98412
0 -92.355081
30.984113
0 -92.358276
30.985164
0 -92.360138
30.98671
0 -92.360419
30.988794
0 -92.359067
30.990161
0 -92.359957
30.991285
0 -92.36202
30.992211
0 -92.364881
30.991701
0 -92.366411
30.989982
0 -92.367958
30.990627
0 -92.371271
30.991071
0 -92.370611
30.992559
0 -92.372049
30.992945
0 -92.374136
30.992603
0 -92.373608
30.996001
0 -92.374313
30.996546
0 -92.376768
30.995504
0 -92.37797
30.996197
0 -92.376735
30.997795
0 -92.376929
31.00007
0 -92.379273
30.998695
0 -92.38021
31.000374
0 -92.382742
31.001431
0 -92.384501
31.000016
0 -92.386045
31.001263
0 -92.38819
31.00156
0 -92.39036
30.999357
0 -92.392233
30.998091
0 -92.394933
30.99759
0 -92.400833
30.99579
0 -92.404131
30.9951
0 -92.405236
30.995568
0 -92.408863
30.993064
0 -92.409474
30.991674
0 -92.408065
30.989831
0 -92.409433
30.987791
0 -92.410961
30.985607
0 -92.411846
30.982361
0 -92.412944
30.981354
0 -92.413555
30.979157
0 -92.416088
30.976734
0 -92.418651
30.974968
0 -92.420361
30.975075
0 -92.424923
30.97337
0 -92.427212
30.972996
0 -92.431149
30.97094
0 -92.433697
30.970989
0 -92.436612
30.969044
0 -92.43887
30.969792
0 -92.440564
30.968872
0 -92.44093
30.966721
0 -92.442959
30.965344
0 -92.445797
30.964596
0 -92.450085
30.964398
0 -92.451643
30.963383
0 -92.452161
30.962204
0 -92.456464
30.957985
0 -92.459669
30.955754
0 -92.461454
30.955788
0 -92.465971
30.957291
0 -92.469373
30.957573
0 -92.469999
30.954186
0 -92.47302
30.951954
0 -92.475126
30.951153
0 -92.477186
30.951233
0 -92.479135
30.952391
0 -92.48033
30.952271
0 -92.480621
30.950118
0 -92.481536
30.948997
0 -92.481718
30.945386
0 -92.482305
30.944742
0 -92.482436
30.941424
0 -92.481612
30.940564
0 -92.481742
30.939309
0 -92.48077
30.935507
0 -92.479628
30.934568
0 -92.481276
30.932871
0 -92.481146
30.930676
0 -92.48041
30.929692
0 -92.480039
30.926959
0 -92.478858
30.925127
0 -92.479916
30.923603
0 -92.481281
30.923053
0 -92.480655
30.921832
0 -92.480578
30.91983
0 -92.482073
30.919286
0 -92.48022
30.918229
0 -92.482159
30.917255
0 -92.482961
30.913526
0 -92.48638
30.911819
0 -92.487246
30.90908
0 -92.489791
30.907874
0 -92.490874
30.906669
0 -92.492756
30.90603
0 -92.492883
30.90487
0 -92.495186
30.904902
0 -92.496231
30.903449
0 -92.495108
30.902949
0 -92.495286
30.901535
0 -92.497748
30.90215
0 -92.498602
30.900109
0 -92.500325
30.900247
0 -92.500929
30.898878
0 -92.5015
30.899765
0 -92.503442
30.898419
0 -92.505755
30.898482
0 -92.507517
30.897568
0 -92.509043
30.895841
0 -92.510242
30.896721
0 -92.511849
30.895455
0 -92.513739
30.896211
0 -92.515327
30.894638
0 -92.517753
30.894963
0 -92.518976
30.893081
0 -92.51938
30.893967
0 -92.522885
30.893971
0 -92.523689
30.894407
0 -92.524646
30.893328
0 -92.526424
30.89356
0 -92.525379
30.895307
0 -92.526577
30.89652
0 -92.527116
30.899626
0 -92.52803
30.898844
0 -92.531126
30.899198
0 -92.53273
30.898636
0 -92.53631
30.898207
0 -92.537038
30.899211
0 -92.537964
30.898212
0 -92.540529
30.897915
0 -92.540933
30.898656
0 -92.543663
30.898855
0 -92.545607
30.899476
0 -92.544411
30.900049
0 -92.545075
30.901251
0 -92.54677
30.901321
0 -92.548091
30.90313
0 -92.549831
30.902423
0 -92.551702
30.902781
0 -92.552189
30.901574
0 -92.553849
30.900298
0 -92.555071
30.900736
0 -92.557379
30.899354
0 -92.561884
30.898259
0 -92.561046
30.898007
0 -92.597741
30.896101
0 -92.59834
30.877393
0 -92.598521
30.80182
0 -92.598423
30.750195
0 -92.597953
30.743785
0 -92.598325
30.706343
0 -92.598402
30.688685
0 -92.598171
30.626408
0 -92.597736
30.601022
0 -92.597402
30.583928
0 -92.597353
30.581623
0 -92.5935
30.579924
0 -92.592837
30.578274
0 -92.591062
30.576716
0 -92.591405
30.575066
0 -92.589869
30.573553
0 -92.590107
30.572843
0 -92.58804
30.571284
0 -92.586318
30.571285
0 -92.584358
30.570345
0 -92.584595
30.568282
0 -92.582874
30.567343
0 -92.582741
30.566013
0 -92.585627
30.564156
0 -92.583429
30.562919
0 -92.586633
30.561497
0 -92.585256
30.559022
0 -92.586342
30.557647
0 -92.588327
30.557532
0 -92.590263
30.554964
0 -92.592963
30.557233
0 -92.59434
30.557301
0 -92.593519
30.555581
0 -92.593968
30.553702
0 -92.591935
30.551592
0 -92.593385
30.550722
0 -92.593066
30.54898
0 -92.595158
30.548705
0 -92.593622
30.546917
0 -92.593014
30.545246
0 -92.594235
30.545605
0 -92.595554
30.544649
0 -92.596878
30.545107
0 -92.599235
30.544143
0 -92.599128
30.54263
0 -92.60077
30.541414
0 -92.601616
30.53887
0 -92.5991
30.539146
0 -92.599443
30.535249
0 -92.601455
30.534471
0 -92.603842
30.534581
0 -92.605162
30.533232
0 -92.604287
30.531932
0 -92.605584
30.530619
0 -92.605186
30.52945
0 -92.608046
30.53016
0 -92.609078
30.529036
0 -92.610085
30.529678
0 -92.612069
30.527958
0 -92.614558
30.528461
0 -92.616755
30.527291
0 -92.616146
30.526214
0 -92.619745
30.524471
0 -92.619401
30.5236
0 -92.620619
30.52266
0 -92.619559
30.52195
0 -92.619611
30.520253
0 -92.622127
30.520917
0 -92.623582
30.51883
0 -92.62329
30.517982
0 -92.619873
30.516609
0 -92.619157
30.514111
0 -92.617172
30.514662
0 -92.617833
30.512828
0 -92.615874
30.513035
0 -92.616614
30.510788
0 -92.615396
30.509597
0 -92.617221
30.507831
0 -92.61632
30.506662
0 -92.614494
30.507443
0 -92.61415
30.506457
0 -92.615049
30.505356
0 -92.617087
30.50531
0 -92.618806
30.502879
0 -92.617085
30.501895
0 -92.6178
30.501161
0 -92.62124
30.500643
0 -92.622799
30.498375
0 -92.621819
30.496793
0 -92.622825
30.496014
0 -92.624573
30.496288
0 -92.621844
30.494044
0 -92.624014
30.492714
0 -92.624543
30.491109
0 -92.625529
30.490993
0 -92.626558
30.48916
0 -92.629337
30.488795
0 -92.630347
30.487873
0 -92.629285
30.486869
0 -92.630002
30.484134
0 -92.63069
30.48334
0 -92.633839
30.483319
0 