-77.334798
38.853832
0 -77.334822
38.851492
0 -77.331506
38.851639
0 -77.330426
38.848853
0 -77.331247
38.847333
0 -77.325298
38.846287
0 -77.322692
38.843196
0 -77.318751
38.841578
0 -77.318693
38.835172
0 -77.316224
38.836408
0 -77.311923
38.835708
0 -77.311862
38.836782
0 -77.308049
38.83688
0 -77.307859
38.835742
0 -77.303983
38.836079
0 -77.303161
38.832797
0 -77.301326
38.833103
0 -77.302284
38.83534
0 -77.297162
38.834984
0 -77.296756
38.83588
0 -77.296656
38.835874
0 -77.296681
38.837313
0 -77.288295
38.836235
0 -77.287257
38.836122
0 -77.287347
38.838631
0 -77.28647
38.838617
0 -77.286078
38.841721
0 -77.278535
38.840676
0 -77.278598
38.841977
0 -77.27052
38.840902
0 -77.269977
38.843339
0 -77.271744
38.848488
0 -77.270972
38.851304
0 -77.269006
38.852302
0 -77.268842
38.854415
0 -77.269809
38.855593
0 -77.268727
38.859563
0 -77.268919
38.862775
0 -77.268929
38.862795
0 -77.26994
38.86504
0 -77.270597
38.866075
0 -77.274178
38.866267
0 -77.28507
38.86705
0 -77.291659
38.867498
0 -77.291461
38.868241
0 -77.290699
38.870997
0 -77.292749
38.871617
0 -77.297607
38.870404
0 -77.303139
38.869208
0 -77.304754
38.863383
0 -77.307546
38.863178
0 -77.308768
38.864826
0 -77.311402
38.86659
0 -77.316035
38.867018
0 -77.322391
38.865986
0 -77.328788
38.864848
0 -77.328813
38.863893
0 -77.333327
38.85642
0 -77.334798
38.853832
0 