-104.054779188357
43.4778151089155
0 -104.054766
43.428914
0 -104.054614748733
43.3911360109704
0 -104.054614
43.390949
0 -104.054403
43.325914
0 -104.054218
43.30437
0 -104.053884
43.297047
0 -104.053876
43.289801
0 -104.053028
43.000587
0 -103.991077
43.001691
0 -103.96627
43.001708
0 -103.924921
43.000918
0 -103.860309183441
43.0011313085724
0 -103.815573
43.001279
0 -103.813939
43.001378
0 -103.715084
43.000983
0 -103.652919
43.001409
0 -103.618334
43.000679
0 -103.576966
43.000746
0 -103.576329
43.000807
0 -103.543351071726
43.0007899847446
0 -103.506556
43.000771
0 -103.506151
43.000771
0 -103.505219
43.00077
0 -103.505099997425
43.0007699609789
0 -103.404579
43.000737
0 -103.346848865442
43.0008655910448
0 -103.340829
43.000879
0 -103.32462007376
43.0008715923973
0 -103.132955
43.000784
0 -103.13174
43.000783
0 -103.000896634493
43.0004736411923
0 -103.000562
43.091049
0 -103.000762
43.091332
0 -103.000819
43.130031
0 -103.000809
43.188318
0 -103.000798
43.287007
0 -103.000693
43.372601
0 -103.000867
43.374982
0 -103.000871
43.390582
0 -103.000785
43.476847
0 -103.152402
43.47694
0 -103.152468
43.477012
0 -103.223131
43.477123
0 -103.243927
43.47708
0 -103.250475
43.477364
0 -103.342216
43.477819
0 -103.352755
43.477806
0 -103.35283
43.477765
0 -103.465417
43.477616
0 -103.5793
43.477665
0 -103.584936
43.477672
0 -103.693798
43.477948
0 -103.73834
43.477911
0 -103.8159
43.477863
0 -103.936205
43.478807
0 -103.996932
43.478386
0 -104.000484
43.478113
0 -104.054779188357
43.4778151089155
0 