-104.905878
46.48218
0 -104.90578
46.44506
0 -104.905292
46.313478
0 -104.885551
46.313262
0 -104.885473
46.253225
0 -104.885501
46.180321
0 -104.88584
46.136693
0 -104.87552
46.136502
0 -104.857731
46.136762
0 -104.851332
46.136323
0 -104.842263
46.136375
0 -104.835057
46.136687
0 -104.51584
46.136344
0 -104.515807
46.125
0 -104.51656
46.115338
0 -104.516475
46.09826
0 -104.51626
46.054611
0 -104.472973
46.05469
0 -104.470235
46.054493
0 -104.467844
46.0547
0 -104.456445
46.054742
0 -104.452698
46.054924
0 -104.39029
46.054964
0 -104.390877
45.970305
0 -104.3288
45.971218
0 -104.328737
45.968179
0 -104.20383
45.967962
0 -104.203833
45.968872
0 -104.135312
45.968983
0 -104.134663
45.882036
0 -104.082978
45.881959
0 -104.044029991783
45.8819710865992
0 -104.04403
45.881975
0 -104.045443
45.94531
0 -104.046822
46.000199
0 -104.045800515655
46.11911303879
0 -104.045759
46.123946
0 -104.045237
46.125002
0 -104.045331055396
46.2058989650559
0 -104.045417428128
46.2801880776595
0 -104.045469
46.324545
0 -104.045462
46.341895
0 -104.045481
46.366871
0 -104.046103
46.383916
0 -104.045045
46.509788
0 -104.045098454436
46.5409289933406
0 -104.045250370652
46.6294309444348
0 -104.045270989713
46.6414430068147
0 -104.079912
46.641515
0 -104.080941
46.641583
0 -104.129111
46.641574
0 -104.133233
46.641388
0 -104.177298
46.641613
0 -104.182713
46.641437
0 -104.240088
46.641565
0 -104.245917
46.641273
0 -104.249495
46.641567
0 -104.325395
46.641355
0 -104.353874
46.641446
0 -104.354375
46.670497
0 -104.417546
46.670472
0 -104.417782
46.684892
0 -104.580887
46.684946
0 -104.581907
46.684804
0 -104.607017
46.684926
0 -104.607036
46.670387
0 -104.607032
46.655877
0 -104.732843
46.656264
0 -104.733058
46.625007
0 -104.732855
46.622585
0 -104.732853
46.612672
0 -104.733077
46.482239
0 -104.749682
46.482317
0 -104.752654
46.482455
0 -104.864849
46.481751
0 -104.875513
46.482189
0 -104.880631
46.482194
0 -104.886233
46.482017
0 -104.905878
46.48218
0 