-110.213586
47.409301
0 -110.213329
47.405002
0 -110.213418
47.359107
0 -110.211599
47.359103
0 -110.127952
47.358973
0 -110.127913
47.272017
0 -110.124631
47.271948
0 -110.064777
47.272102
0 -110.002886
47.272123
0 -110.000337
47.272244
0 -110.000131
47.22886
0 -109.875749
47.229244
0 -109.872395
47.228976
0 -109.872552
47.201493
0 -109.872631
47.18781
0 -109.872449
47.185462
0 -109.838027
47.185505
0 -109.801878
47.185567
0 -109.756905
47.185574
0 -109.756098
47.0542
0 -109.755772
46.984677
0 -109.755404
46.896214
0 -109.776435
46.896141
0 -109.776156
46.881706
0 -109.792049
46.881667
0 -109.79205
46.87496
0 -109.791666
46.867133
0 -109.797346
46.867047
0 -109.797204
46.838198
0 -109.79865
46.838189
0 -109.798623
46.830828
0 -109.83557
46.831026
0 -109.835424
46.809133
0 -109.83002
46.809114
0 -109.829987
46.802051
0 -109.798631
46.801999
0 -109.798698
46.794851
0 -109.787816
46.794917
0 -109.787692
46.780207
0 -109.756279
46.780416
0 -109.756279
46.780325
0 -109.756273
46.763506
0 -109.756141
46.762096
0 -109.756275
46.744334
0 -109.750739
46.744232
0 -109.746007
46.744276
0 -109.746006
46.693744
0 -109.655738
46.693705
0 -109.62613
46.693638
0 -109.582502
46.693698
0 -109.500733
46.693814
0 -109.49949
46.693729
0 -109.389163
46.693661
0 -109.388963
46.751009
0 -109.315898
46.751502
0 -109.19631
46.751401
0 -109.193082
46.751397
0 -109.192299
46.751324
0 -109.125722
46.751099
0 -109.124638
46.751231
0 -109.009802
46.750432
0 -109.002841
46.750341
0 -108.998439
46.750999
0 -108.995015
46.750734
0 -108.798438
46.749967
0 -108.793486
46.749653
0 -108.768187
46.749661
0 -108.764331
46.749465
0 -108.695241
46.749224
0 -108.694659
46.749491
0 -108.63095
46.749414
0 -108.630479
46.83663
0 -108.610805
46.836669
0 -108.609007
46.985362
0 -108.610429
47.000962
0 -108.609711
47.037959
0 -108.608546
47.097826
0 -108.619936
47.097738
0 -108.625692
47.097915
0 -108.706191
47.09812
0 -108.710432
47.098309
0 -108.736711
47.098196
0 -108.736105
47.16619
0 -108.736546
47.171377
0 -108.736217
47.178701
0 -108.736391
47.18431
0 -108.718123
47.184273
0 -108.718349
47.225515
0 -108.71846
47.237954
0 -108.719298
47.24998
0 -108.719223
47.270267
0 -108.590492
47.270463
0 -108.590901
47.306262
0 -108.46404
47.306993
0 -108.464046
47.308029
0 -108.336515
47.307754
0 -108.336471
47.3149
0 -108.314955
47.314908
0 -108.314541
47.486458
0 -108.315577
47.499994
0 -108.315349
47.530721
0 -108.312931
47.53076
0 -108.312615
47.583452
0 -108.316676
47.585193
0 -108.324877
47.584782
0 -108.329534
47.583653
0 -108.333185
47.581761
0 -108.333417
47.580689
0 -108.332051
47.579225
0 -108.325687
47.576149
0 -108.323907
47.573583
0 -108.323566
47.570876
0 -108.333754
47.567308
0 -108.338908
47.56631
0 -108.350059
47.567119
0 -108.350551
47.573003
0 -108.351649
47.576374
0 -108.355679
47.579529
0 -108.357919
47.579651
0 -108.36087
47.577661
0 -108.36439
47.576066
0 -108.370538
47.575816
0 -108.376926
47.576926
0 -108.380015
47.579427
0 -108.380742
47.581573
0 -108.379318
47.584919
0 -108.379423
47.586741
0 -108.383038
47.589916
0 -108.386342
47.592007
0 -108.391857
47.5938
0 -108.396893
47.594106
0 -108.400487
47.595186
0 -108.402485
47.59536
0 -108.405414
47.594467
0 -108.40585
47.593184
0 -108.40544
47.590431
0 -108.406002
47.588216
0 -108.407293
47.587034
0 -108.412458
47.5849
0 -108.417872
47.584226
0 -108.424522
47.584747
0 -108.42828
47.586241
0 -108.428378
47.588361
0 -108.421942
47.594708
0 -108.421463
47.596956
0 -108.422361
47.600924
0 -108.425143
47.604153
0 -108.426587
47.604866
0 -108.42974
47.604419
0 -108.433679
47.601445
0 -108.436019
47.60105
0 -108.437902
47.601487
0 -108.440718
47.603701
0 -108.441307
47.605417
0 -108.438151
47.61003
0 -108.440017
47.61356
0 -108.442461
47.61477
0 -108.444936
47.615351
0 -108.450943
47.616377
0 -108.456908
47.615726
0 -108.459953
47.613794
0 -108.461199
47.611821
0 -108.461103
47.609951
0 -108.461715
47.60722
0 -108.463169
47.605434
0 -108.466495
47.602918
0 -108.470167
47.601155
0 -108.474541
47.598274
0 -108.477325
47.597402
0 -108.47987
47.598459
0 -108.490404
47.600768
0 -108.493688
47.600723
0 -108.499724
47.599685
0 -108.505486
47.599934
0 -108.509227
47.601199
0 -108.510199
47.603144
0 -108.509265
47.605047
0 -108.506824
47.607596
0 -108.506727
47.608776
0 -108.507894
47.610996
0 -108.509843
47.613142
0 -108.521008
47.618703
0 -108.52674
47.620645
0 -108.527817
47.620593
0 -108.529566
47.619034
0 -108.531185
47.616015
0 -108.538516
47.61394
0 -108.547981
47.6141
0 -108.554873
47.61308
0 -108.562866
47.610906
0 -108.572422
47.609483
0 -108.574528
47.609739
0 -108.576437
47.610654
0 -108.578711
47.613596
0 -108.580908
47.615182
0 -108.584441
47.615817
0 -108.588012
47.615847
0 -108.590207
47.614826
0 -108.592604
47.614674
0 -108.595766
47.615936
0 -108.600261
47.620667
0 -108.605059
47.623345
0 -108.608029
47.624102
0 -108.610972
47.624329
0 -108.615282
47.622847
0 -108.620593
47.621483
0 -108.624991
47.620703
0 -108.628442
47.619656
0 -108.631376
47.619525
0 -108.641576
47.620522
0 -108.648716
47.620912
0 -108.656879
47.621982
0 -108.660777
47.621163
0 -108.664243
47.619803
0 -108.66888
47.619126
0 -108.6714
47.619556
0 -108.675337
47.622191
0 -108.67863
47.626445
0 -108.68167
47.628721
0 -108.686034
47.631114
0 -108.6883
47.631485
0 -108.696956
47.629531
0 -108.70208
47.629851
0 -108.70872
47.632121
0 -108.710291
47.633605
0 -108.711305
47.638432
0 -108.71295
47.641638
0 -108.715457
47.644004
0 -108.716819
47.644425
0 -108.72284
47.647953
0 -108.726235
47.649414
0 -108.728213
47.649439
0 -108.731507
47.648701
0 -108.734143
47.647605
0 -108.737233
47.647254
0 -108.744211
47.647621
0 -108.749459
47.646916
0 -108.753607
47.644526
0 -108.755437
47.643842
0 -108.762339
47.643519
0 -108.766441
47.643919
0 -108.771619
47.645523
0 -108.780868
47.652073
0 -108.782866
47.653204
0 -108.786231
47.655911
0 -108.788781
47.660474
0 -108.78982
47.662943
0 -108.788413
47.665784
0 -108.783814
47.669814
0 -108.782298
47.672106
0 -108.781524
47.675583
0 -108.782303
47.678476
0 -108.78406
47.682104
0 -108.787332
47.684117
0 -108.790131
47.685344
0 -108.796278
47.690164
0 -108.800142
47.691319
0 -108.803689
47.692826
0 -108.810622
47.697983
0 -108.815707
47.705229
0 -108.818359
47.70738
0 -108.821449
47.709084
0 -108.828729
47.711904
0 -108.835327
47.714807
0 -108.839759
47.717732
0 -108.844864
47.719847
0 -108.84858
47.720781
0 -108.857377
47.722065
0 -108.861062
47.723402
0 -108.862331
47.72463
0 -108.88005
47.730725
0 -108.88369
47.732227
0 -108.88934
47.733621
0 -108.891022
47.734407
0 -108.892384
47.735118
0 -108.900532
47.735859
0 -108.905179
47.735915
0 -108.909562
47.735371
0 -108.919407
47.735396
0 -108.929659
47.733171
0 -108.936652
47.728798
0 -108.939372
47.728323
0 -108.943659
47.729125
0 -108.945635
47.730364
0 -108.948975
47.733491
0 -108.950006
47.736901
0 -108.949202
47.739267
0 -108.946064
47.74253
0 -108.94142
47.745106
0 -108.939266
47.745987
0 -108.930873
47.74824
0 -108.922486
47.752882
0 -108.921122
47.754514
0 -108.920422
47.756494
0 -108.920749
47.757868
0 -108.924171
47.760567
0 -108.929961
47.763332
0 -108.935704
47.766757
0 -108.939188
47.769471
0 -108.945661
47.772897
0 -108.947139
47.776202
0 -108.946535
47.779301
0 -108.944348
47.781545
0 -108.94195
47.782889
0 -108.939117
47.785116
0 -108.937748
47.787819
0 -108.93902
47.790216
0 -108.942745
47.791824
0 -108.946678
47.792495
0 -108.95103
47.792622
0 -108.955897
47.792156
0 -108.959958
47.792624
0 -108.962793
47.79333
0 -108.965394
47.794311
0 -108.967893
47.796035
0 -108.971457
47.799568
0 -108.97402
47.801469
0 -108.978383
47.802658
0 -108.983384
47.802866
0 -108.987752
47.801993
0 -108.989856
47.80202
0 -108.995265
47.803424
0 -109.000719
47.803119
0 -109.007926
47.80074
0 -109.015471
47.800153
0 -109.018435
47.799034
0 -109.02133
47.797326
0 -109.025654
47.794176
0 -109.030258
47.792451
0 -109.037088
47.792117
0 -109.040138
47.792374
0 -109.044797
47.793292
0 -109.058873
47.798107
0 -109.0659
47.801067
0 -109.070409
47.801372
0 -109.072713
47.801141
0 -109.076109
47.800379
0 -109.079473
47.79891
0 -109.084348
47.796174
0 -109.087909
47.795251
0 -109.090549
47.795171
0 -109.098538
47.792987
0 -109.10268
47.790915
0 -109.106199
47.789589
0 -109.114462
47.788274
0 -109.120209
47.785708
0 -109.127101
47.784109
0 -109.130736
47.781779
0 -109.132768
47.781122
0 -109.139956
47.780423
0 -109.148558
47.780537
0 -109.153163
47.780405
0 -109.160341
47.77981
0 -109.163681
47.780045
0 -109.166083
47.780846
0 -109.169327
47.784353
0 -109.171621
47.785588
0 -109.179293
47.788032
0 -109.190276
47.790903
0 -109.193934
47.7914
0 -109.199101
47.791275
0 -109.206501
47.789991
0 -109.209256
47.790152
0 -109.2116
47.790984
0 -109.216549
47.793473
0 -109.221586
47.79388
0 -109.226574
47.794689
0 -109.229905
47.794923
0 -109.236295
47.794638
0 -109.242658
47.793356
0 -109.24749
47.793194
0 -109.250742
47.7939
0 -109.255355
47.794035
0 -109.260742
47.793353
0 -109.265372
47.792386
0 -109.269753
47.79237
0 -109.274171
47.793239
0 -109.275945
47.792936
0 -109.27958
47.791043
0 -109.282609
47.788215
0 -109.28394
47.786431
0 -109.284474
47.783916
0 -109.284078
47.782165
0 -109.281814
47.778544
0 -109.281933
47.776942
0 -109.282886
47.776041
0 -109.288089
47.772832
0 -109.290598
47.772225
0 -109.297874
47.771261
0 -109.301081
47.770263
0 -109.303702
47.768465
0 -109.306113
47.766249
0 -109.308988
47.761664
0 -109.312838
47.758383
0 -109.316084
47.75691
0 -109.318876
47.756172
0 -109.323294
47.755639
0 -109.329625
47.75542
0 -109.334874
47.754679
0 -109.34202
47.751782
0 -109.347548
47.751255
0 -109.349699
47.750787
0 -109.360642
47.747305
0 -109.366004
47.744229
0 -109.369936
47.742977
0 -109.372001
47.742814
0 -109.379153
47.743264
0 -109.38567
47.742937
0 -109.38797
47.742244
0 -109.389703
47.741049
0 -109.390203
47.738381
0 -109.391163
47.736289
0 -109.393473
47.734671
0 -109.400284
47.731443
0 -109.403972
47.730483
0 -109.411506
47.724617
0 -109.417243
47.722265
0 -109.425315
47.720153
0 -109.427906
47.7199
0 -109.43076
47.720652
0 -109.432807
47.723269
0 -109.436685
47.725727
0 -109.442299
47.726402
0 -109.446058
47.726349
0 -109.449644
47.725863
0 -109.454837
47.723731
0 -109.458748
47.723556
0 -109.464006
47.725093
0 -109.465608
47.728043
0 -109.46948
47.730718
0 -109.472156
47.731454
0 -109.474679
47.731474
0 -109.481258
47.729748
0 -109.483867
47.729993
0 -109.487237
47.730941
0 -109.490018
47.733044
0 -109.49123
47.734483
0 -109.493966
47.735935
0 -109.499012
47.736748
0 -109.505152
47.738794
0 -109.50784
47.741766
0 -109.510907
47.74451
0 -109.514499
47.746004
0 -109.518413
47.746522
0 -109.522816
47.745983
0 -109.529425
47.743404
0 -109.535712
47.739771
0 -109.538454
47.738894
0 -109.54303
47.738949
0 -109.549106
47.740991
0 -109.553528
47.744282
0 -109.555942
47.744904
0 -109.561681
47.744525
0 -109.567731
47.745303
0 -109.571939
47.745471
0 -109.576606
47.747134
0 -109.579712
47.7478
0 -109.582964
47.747587
0 -109.58784
47.745851
0 -109.590486
47.743888
0 -109.593178
47.742841
0 -109.597615
47.740238
0 -109.602376
47.735001
0 -109.604029
47.733759
0 -109.608155
47.732197
0 -109.609869
47.732065
0 -109.613571
47.732831
0 -109.615217
47.733915
0 -109.616393
47.735574
0 -109.618445
47.736632
0 -109.622581
47.737765
0 -109.62799
47.738868
0 -109.633538
47.739449
0 -109.638836
47.738607
0 -109.645874
47.736286
0 -109.649149
47.735501
0 -109.661381
47.73518
0 -109.665206
47.735688
0 -109.67078
47.735709
0 -109.677536
47.734749
0 -109.681602
47.733859
0 -109.686897
47.731664
0 -109.691058
47.728554
0 -109.692511
47.724321
0 -109.694409
47.721473
0 -109.697401
47.718373
0 -109.704235
47.714225
0 -109.711726
47.710993
0 -109.714621
47.708062
0 -109.718919
47.704419
0 -109.72371
47.702377
0 -109.728866
47.702944
0 -109.742307
47.703361
0 -109.747153
47.703654
0 -109.750746
47.702915
0 -109.75342
47.702897
0 -109.757653
47.704561
0 -109.76095
47.707575
0 -109.769699
47.709732
0 -109.772319
47.709779
0 -109.783767
47.708018
0 -109.787095
47.708592
0 -109.794831
47.711462
0 -109.799644
47.71275
0 -109.805826
47.712272
0 -109.813427
47.712099
0 -109.818224
47.713072
0 -109.823401
47.715579
0 -109.826409
47.716235
0 -109.829547
47.715955
0 -109.829623
47.715278
0 -109.830575
47.711525
0 -109.834599
47.712726
0 -109.836744
47.711841
0 -109.833216
47.708717
0 -109.838807
47.70672
0 -109.838851
47.704688
0 -109.836581
47.702296
0 -109.834418
47.702371
0 -109.833492
47.701376
0 -109.835919
47.700602
0 -109.838151
47.701007
0 -109.840657
47.699121
0 -109.836632
47.698545
0 -109.836872
47.697101
0 -109.838292
47.697011
0 -109.839715
47.698324
0 -109.840972
47.697856
0 -109.841021
47.695991
0 -109.839094
47.696228
0 -109.838098
47.694295
0 -109.840786
47.693048
0 -109.840409
47.691202
0 -109.837393
47.692067
0 -109.836375
47.689763
0 -109.833511
47.688724
0 -109.832267
47.689174
0 -109.831047
47.687827
0 -109.832553
47.68732
0 -109.835957
47.6874
0 -109.834767
47.684967
0 -109.836137
47.682626
0 -109.839121
47.682273
0 -109.839183
47.681625
0 -109.836313
47.681115
0 -109.833454
47.679597
0 -109.837044
47.678653
0 -109.839665
47.676764
0 -109.840042
47.673144
0 -109.841045
47.671724
0 -109.839014
47.672658
0 -109.835914
47.671124
0 -109.838098
47.668675
0 -109.83734
47.667346
0 -109.836429
47.668547
0 -109.833681
47.667784
0 -109.834426
47.666971
0 -109.834166
47.664049
0 -109.836732
47.664318
0 -109.838845
47.663802
0 -109.838324
47.662256
0 -109.83382
47.6611
0 -109.834913
47.660574
0 -109.835014
47.657724
0 -109.832192
47.656235
0 -109.833074
47.655347
0 -109.839094
47.65448
0 -109.839608
47.652435
0 -109.838515
47.651428
0 -109.835082
47.651104
0 -109.831364
47.648646
0 -109.832005
47.648046
0 -109.83213
47.644565
0 -109.832853
47.64311
0 -109.835616
47.642983
0 -109.838779
47.640247
0 -109.837518
47.639291
0 -109.838536
47.636639
0 -109.839861
47.635565
0 -109.837348
47.634607
0 -109.836226
47.635083
0 -109.835253
47.632854
0 -109.832081
47.632109
0 -109.834375
47.630208
0 -109.837293
47.63051
0 -109.83789
47.628148
0 -109.836112
47.626162
0 -109.836542
47.62519
0 -109.840437
47.624734
0 -109.842544
47.622143
0 -109.838454
47.622868
0 -109.837029
47.622087
0 -109.839035
47.620436
0 -109.839037
47.619355
0 -109.842408
47.619002
0 -109.839115
47.617464
0 -109.838463
47.616293
0 -109.84248
47.616472
0 -109.84395
47.61525
0 -109.845174
47.612846
0 -109.84196
47.610464
0 -109.848408
47.605356
0 -109.848526
47.603705
0 -109.845507
47.602489
0 -109.843515
47.600828
0 -109.844065
47.59983
0 -109.846534
47.60011
0 -109.849274
47.599484
0 -109.850012
47.598591
0 -109.848812
47.597297
0 -109.846667
47.597708
0 -109.845566
47.595969
0 -109.847595
47.595099
0 -109.850916
47.595844
0 -109.849763
47.594131
0 -109.847708
47.593915
0 -109.845881
47.590494
0 -109.848375
47.591322
0 -109.851595
47.591039
0 -109.853322
47.585583
0 -109.851957
47.584632
0 -109.848216
47.583755
0 -109.850667
47.58264
0 -109.851869
47.580315
0 -109.850523
47.57972
0 -109.847617
47.580205
0 -109.84799
47.57852
0 -109.843075
47.576945
0 -109.843844
47.575321
0 -109.845367
47.575008
0 -109.847783
47.575715
0 -109.84843
47.573411
0 -109.847619
47.572342
0 -109.849547
47.572012
0 -109.849806
47.570433
0 -109.848777
47.571519
0 -109.844854
47.571169
0 -109.847941
47.568996
0 -109.847429
47.567422
0 -109.849966
47.567498
0 -109.851042
47.565562
0 -109.849859
47.56492
0 -109.845329
47.565487
0 -109.846827
47.562974
0 -109.849185
47.563347
0 -109.849979
47.562436
0 -109.849653
47.56112
0 -109.84766
47.561373
0 -109.846825
47.560287
0 -109.844046
47.560704
0 -109.846013
47.557726
0 -109.848387
47.557599
0 -109.848482
47.554483
0 -109.849227
47.553688
0 -109.84793
47.55269
0 -109.845192
47.552362
0 -109.845839
47.551166
0 -109.844639
47.549664
0 -109.846218
47.547519
0 -109.845601
47.54578
0 -109.848647
47.545609
0 -109.848013
47.543032
0 -109.848766
47.542538
0 -109.852071
47.54314
0 -109.85459
47.542081
0 -109.852152
47.54229
0 -109.851519
47.540727
0 -109.849332
47.541002
0 -109.849453
47.54019
0 -109.851598
47.538807
0 -109.851842
47.539915
0 -109.853697
47.540117
0 -109.855545
47.541296
0 -109.857286
47.540758
0 -109.855939
47.538334
0 -109.858458
47.537949
0 -109.860289
47.538409
0 -109.860749
47.536626
0 -109.859631
47.535969
0 -109.861904
47.533993
0 -109.863889
47.53425
0 -109.863053
47.532155
0 -109.864857
47.530668
0 -109.865976
47.532011
0 -109.868129
47.531078
0 -109.868509
47.52991
0 -109.871537
47.529579
0 -109.869842
47.526755
0 -109.87175
47.524407
0 -109.874286
47.525376
0 -109.874242
47.523062
0 -109.875749
47.523181
0 -109.877926
47.525403
0 -109.878256
47.526664
0 -109.881936
47.523946
0 -109.883846
47.524846
0 -109.885554
47.524666
0 -109.886235
47.523525
0 -109.888291
47.524212
0 -109.888973
47.52232
0 -109.891265
47.521849
0 -109.891636
47.52406
0 -109.890121
47.525008
0 -109.891658
47.525853
0 -109.893587
47.524412
0 -109.895942
47.526003
0 -109.896972
47.523804
0 -109.901221
47.526411
0 -109.902881
47.526395
0 -109.902389
47.523323
0 -109.905491
47.523072
0 -109.907039
47.519875
0 -109.908123
47.521795
0 -109.911839
47.52179
0 -109.915564
47.521209
0 -109.91516
47.520359
0 -109.912115
47.520348
0 -109.910044
47.518702
0 -109.911194
47.517797
0 -109.913897
47.518587
0 -109.913664
47.516629
0 -109.915007
47.517491
0 -109.916958
47.517436
0 -109.917356
47.516087
0 -109.91959
47.516032
0 -109.922529
47.514656
0 -109.918894
47.514398
0 -109.919697
47.512659
0 -109.920554
47.513658
0 -109.923558
47.514272
0 -109.923388
47.512665
0 -109.92682
47.513401
0 -109.927695
47.512304
0 -109.93035
47.512287
0 -109.929614
47.509863
0 -109.931476
47.509874
0 -109.932763
47.511915
0 -109.934811
47.511608
0 -109.935337
47.510472
0 -109.934601
47.508662
0 -109.937329
47.507137
0 -109.934892
47.505876
0 -109.934852
47.504878
0 -109.937078
47.503282
0 -109.93622
47.502459
0 -109.937733
47.501318
0 -109.93932
47.502069
0 -109.941165
47.50049
0 -109.943836
47.500172
0 -109.945908
47.501471
0 -109.947163
47.500511
0 -109.945339
47.499111
0 -109.946407
47.497515
0 -109.948325
47.499445
0 -109.950084
47.500165
0 -109.95136
47.498518
0 -109.95637
47.498309
0 -109.956968
47.496702
0 -109.956506
47.494958
0 -109.962066
47.494803
0 -109.962689
47.494265
0 -109.962906
47.490673
0 -109.964136
47.489641
0 -109.966256
47.491418
0 -109.967268
47.491149
0 -109.967549
47.487957
0 -109.969434
47.487402
0 -109.971264
47.488328
0 -109.971111
47.489793
0 -109.974818
47.491097
0 -109.975941
47.489353
0 -109.977382
47.489857
0 -109.979081
47.488694
0 -109.976904
47.488223
0 -109.976967
47.486374
0 -109.980634
47.488018
0 -109.981555
47.486219
0 -109.983836
47.484814
0 -109.981286
47.483301
0 -109.984514
47.483245
0 -109.985855
47.481473
0 -109.986212
47.482443
0 -109.990735
47.482809
0 -109.990038
47.481509
0 -109.988655
47.481751
0 -109.987756
47.48049
0 -109.99044
47.478657
0 -109.994269
47.480317
0 -109.993393
47.478195
0 -109.997156
47.479142
0 -109.994982
47.48137
0 -109.99761
47.480014
0 -109.999059
47.481121
0 -110.001216
47.478695
0 -110.001996
47.476655
0 -110.003251
47.475641
0 -110.005523
47.476624
0 -110.00443
47.477666
0 -110.008692
47.478145
0 -110.007073
47.47912
0 -110.009994
47.479637
0 -110.010287
47.477635
0 -110.012276
47.478481
0 -110.012472
47.476386
0 -110.010241
47.475398
0 -110.012532
47.473802
0 -110.015735
47.47365
0 -110.014723
47.474928
0 -110.017828
47.47624
0 -110.017886
47.475308
0 -110.019689
47.476334
0 -110.019476
47.478819
0 -110.022333
47.477909
0 -110.021128
47.476636
0 -110.024923
47.476616
0 -110.023384
47.478842
0 -110.027178
47.479095
0 -110.027212
47.476918
0 -110.028732
47.477736
0 -110.028351
47.478822
0 -110.030948
47.479354
0 -110.033029
47.476942
0 -110.031144
47.477023
0 -110.028524
47.474993
0 -110.03138
47.475087
0 -110.033467
47.474287
0 -110.035895
47.472313
0 -110.037318
47.474409
0 -110.040093
47.473213
0 -110.039139
47.472528
0 -110.041874
47.471821
0 -110.04049
47.471261
0 -110.042554
47.46978
0 -110.04375
47.471283
0 -110.046573
47.472107
0 -110.046954
47.470818
0 -110.04545
47.468953
0 -110.046154
47.468196
0 -110.047699
47.46954
0 -110.050376
47.469562
0 -110.049705
47.467823
0 -110.047287
47.467795
0 -110.047975
47.465783
0 -110.049471
47.465722
0 -110.052512
47.466924
0 -110.052836
47.465525
0 -110.05587
47.462876
0 -110.057552
47.463858
0 -110.057544
47.461955
0 -110.059048
47.463858
0 -110.060003
47.462992
0 -110.058579
47.461922
0 -110.059631
47.460688
0 -110.060447
47.462125
0 -110.063747
47.461341
0 -110.064597
47.462191
0 -110.066546
47.461489
0 -110.067249
47.460035
0 -110.066044
47.457962
0 -110.069061
47.458247
0 -110.071058
47.459832
0 -110.072773
47.459338
0 -110.072263
47.457791
0 -110.076921
47.457385
0 -110.074851
47.455356
0 -110.078918
47.45524
0 -110.08246
47.453002
0 -110.080171
47.452388
0 -110.080809
47.450973
0 -110.079062
47.448559
0 -110.083639
47.448125
0 -110.085255
47.447055
0 -110.085166
47.445245
0 -110.087842
47.445843
0 -110.089418
47.443895
0 -110.089993
47.445047
0 -110.093655
47.444503
0 -110.096241
47.443016
0 -110.097898
47.441205
0 -110.100452
47.440771
0 -110.101261
47.441456
0 -110.102796
47.440233
0 -110.106371
47.442656
0 -110.108506
47.443308
0 -110.108942
47.442402
0 -110.10633
47.44101
0 -110.107533
47.439183
0 -110.109441
47.439495
0 -110.110305
47.438381
0 -110.112895
47.441381
0 -110.113557
47.440788
0 -110.112278
47.438995
0 -110.112914
47.435961
0 -110.115324
47.436865
0 -110.118096
47.436568
0 -110.119898
47.435223
0 -110.119225
47.433068
0 -110.120694
47.431723
0 -110.122764
47.431662
0 -110.124568
47.433405
0 -110.126145
47.432619
0 -110.125804
47.434226
0 -110.127476
47.435116
0 -110.12945
47.433658
0 -110.12782
47.431726
0 -110.130664
47.432616
0 -110.13098
47.431739
0 -110.128517
47.429642
0 -110.130401
47.428776
0 -110.131418
47.430335
0 -110.132858
47.429057
0 -110.136479
47.429092
0 -110.137569
47.430628
0 -110.138161
47.428791
0 -110.139624
47.429242
0 -110.138478
47.426992
0 -110.140548
47.426428
0 -110.140288
47.427333
0 -110.143142
47.426599
0 -110.147085
47.428361
0 -110.146246
47.426606
0 -110.147862
47.427045
0 -110.14607
47.424253
0 -110.147549
47.423957
0 -110.151403
47.425472
0 -110.150895
47.424062
0 -110.152595
47.420563
0 -110.155965
47.420723
0 -110.157089
47.419621
0 -110.155877
47.418968
0 -110.158156
47.417784
0 -110.157842
47.416166
0 -110.159419
47.415338
0 -110.15949
47.416753
0 -110.161592
47.415881
0 -110.162318
47.418553
0 -110.164265
47.419102
0 -110.166327
47.417149
0 -110.167805
47.418203
0 -110.170618
47.416821
0 -110.213293
47.416659
0 -110.213586
47.409301
0 