-85.4620817189037
34.2863854944266
0 -85.458693
34.269437
0 -85.458071
34.265736
0 -85.455371
34.252854
0 -85.455057
34.250689
0 -85.444715014064
34.1999256811405
0 -85.4447082365293
34.1998924138202
0 -85.42947
34.125096
0 -85.428222
34.114397
0 -85.4278886333432
34.11263966956
0 -85.4218527741544
34.0808218531424
0 -85.374954
34.080295
0 -85.374093
34.080489
0 -85.353236
34.080237
0 -85.283318
34.079393
0 -85.25807
34.079133
0 -85.257624
34.100668
0 -85.23304
34.10053
0 -85.210039
34.100318
0 -85.210034
34.097623
0 -85.157361
34.097267
0 -85.157521
34.083463
0 -85.150331
34.083409
0 -85.122472
34.083145
0 -85.121958
34.096749
0 -85.111687
34.096426
0 -85.100694
34.096674
0 -85.060366
34.096484
0 -85.046871
34.096412
0 -85.046428
34.117882
0 -85.045259
34.166171
0 -85.045282
34.167485
0 -85.045249
34.183818
0 -85.044889
34.207257
0 -85.044658
34.213622
0 -85.026316
34.213248
0 -85.023813
34.213385
0 -85.024101
34.246177
0 -85.023947
34.251201
0 -85.015606
34.251131
0 -85.015528
34.258206
0 -85.023891
34.258289
0 -85.023533
34.275462
0 -85.023219
34.305261
0 -85.023295
34.316932
0 -85.023021
34.319713
0 -85.023342
34.32599
0 -85.023102
34.347112
0 -85.005235
34.34708
0 -85.005607
34.369142
0 -85.005775
34.392446
0 -85.01893
34.392316
0 -85.020557
34.391096
0 -85.023888
34.391788
0 -85.027031
34.393993
0 -85.026873
34.399644
0 -85.031714
34.399792
0 -85.031709
34.401353
0 -85.03388
34.401417
0 -85.041831
34.401326
0 -85.086761
34.401264
0 -85.087595
34.401315
0 -85.096373
34.403148
0 -85.100278
34.404243
0 -85.104444
34.404278
0 -85.10535
34.405342
0 -85.107774
34.41094
0 -85.107403
34.415106
0 -85.10612
34.416863
0 -85.103105
34.418627
0 -85.101062
34.420933
0 -85.097599
34.42262
0 -85.093021
34.42325
0 -85.090475
34.423989
0 -85.088712
34.42502
0 -85.090194
34.425758
0 -85.089237
34.428745
0 -85.090595
34.429483
0 -85.091344
34.431399
0 -85.09332
34.432632
0 -85.092224
34.433605
0 -85.093864
34.436634
0 -85.095687
34.438092
0 -85.094372
34.439673
0 -85.095543
34.441326
0 -85.098038
34.442608
0 -85.099266
34.442509
0 -85.101873
34.444381
0 -85.102092
34.445145
0 -85.101189
34.44736
0 -85.1
34.448025
0 -85.09988
34.449296
0 -85.101272
34.450392
0 -85.102234
34.453086
0 -85.106596
34.456565
0 -85.107771
34.457091
0 -85.108836
34.45949
0 -85.110109
34.459754
0 -85.112324
34.461696
0 -85.111401
34.463379
0 -85.090067
34.463527
0 -85.089997
34.541915
0 -85.063507
34.542548
0 -85.064169
34.574885
0 -85.069295
34.575035
0 -85.069159
34.587184
0 -85.107748
34.587483
0 -85.109548
34.583684
0 -85.109748
34.582384
0 -85.112749
34.577984
0 -85.114849
34.574084
0 -85.115249
34.571184
0 -85.116449
34.569984
0 -85.117749
34.566684
0 -85.119649
34.563484
0 -85.121249
34.558684
0 -85.123549
34.553984
0 -85.124649
34.550885
0 -85.125549
34.549885
0 -85.127049
34.547185
0 -85.129149
34.544285
0 -85.129949
34.541885
0 -85.132249
34.539185
0 -85.136749
34.531885
0 -85.140149
34.527385
0 -85.142549
34.523285
0 -85.145149
34.519585
0 -85.145849
34.517385
0 -85.14765
34.514985
0 -85.14795
34.513586
0 -85.15005
34.508686
0 -85.15085
34.504886
0 -85.15225
34.501386
0 -85.152966
34.500086
0 -85.156564
34.495539
0 -85.157587
34.492444
0 -85.159135
34.489266
0 -85.1599
34.485153
0 -85.16115
34.480492
0 -85.161001
34.478638
0 -85.162853
34.472321
0 -85.164396
34.469433
0 -85.165321
34.46637
0 -85.169188
34.457432
0 -85.17009
34.454651
0 -85.172755
34.45129
0 -85.177175
34.445034
0 -85.178926
34.440464
0 -85.178943
34.438528
0 -85.180336
34.43734
0 -85.180321
34.436316
0 -85.202788
34.431529
0 -85.204695
34.429334
0 -85.215078
34.429586
0 -85.214566
34.422806
0 -85.218049
34.422654
0 -85.22231
34.420807
0 -85.222437
34.415533
0 -85.241341
34.415518
0 -85.241444
34.408422
0 -85.249087
34.408195
0 -85.249208
34.40173
0 -85.250799
34.401529
0 -85.252211
34.402614
0 -85.254102
34.402044
0 -85.258411
34.399932
0 -85.259269
34.39898
0 -85.26366
34.39865
0 -85.265399
34.395644
0 -85.268416
34.395067
0 -85.272293
34.393354
0 -85.273908
34.39378
0 -85.276928
34.392163
0 -85.280215
34.389541
0 -85.281435
34.389729
0 -85.283654
34.388508
0 -85.290145
34.387189
0 -85.294478
34.38535
0 -85.298178
34.38515
0 -85.300677
34.383294
0 -85.303068
34.382203
0 -85.305907
34.381809
0 -85.308501
34.380147
0 -85.311197
34.379535
0 -85.313851
34.378397
0 -85.317117
34.376451
0 -85.321175
34.375584
0 -85.322629
34.375662
0 -85.330087
34.371868
0 -85.334881
34.369748
0 -85.337091
34.36755
0 -85.338871
34.36383
0 -85.341549
34.361082
0 -85.343674
34.359727
0 -85.346724
34.356248
0 -85.349591
34.352778
0 -85.351985
34.348
0 -85.3548
34.345385
0 -85.360621
34.339416
0 -85.363197
34.33902
0 -85.363303
34.338336
0 -85.366387
34.331728
0 -85.369477
34.327562
0 -85.369285
34.326367
0 -85.372847
34.322605
0 -85.373239
34.319003
0 -85.375257
34.317082
0 -85.375613
34.314811
0 -85.377109
34.31148
0 -85.379394
34.309061
0 -85.382818
34.303283
0 -85.382391
34.300907
0 -85.378958
34.298798
0 -85.378391
34.297356
0 -85.378815
34.296215
0 -85.383028
34.291922
0 -85.387351
34.286097
0 -85.396775
34.286159
0 -85.4620817189037
34.2863854944266
0 