-78.490771
37.797588
0 -78.491567
37.796712
0 -78.490135
37.796886
0 -78.487031
37.796117
0 -78.484161
37.792796
0 -78.480656
37.783649
0 -78.477904
37.778438
0 -78.474577
37.773277
0 -78.473728
37.771168
0 -78.470155
37.765889
0 -78.4677
37.763129
0 -78.464149
37.7602
0 -78.460201
37.7579
0 -78.455752
37.756172
0 -78.451728
37.754908
0 -78.447909
37.751642
0 -78.444811
37.750769
0 -78.442599
37.749491
0 -78.43818
37.748964
0 -78.435801
37.746718
0 -78.433768
37.745587
0 -78.422201
37.740478
0 -78.41855
37.740082
0 -78.412991
37.738527
0 -78.408549
37.73818
0 -78.405292
37.735109
0 -78.390004
37.734793
0 -78.386829
37.733929
0 -78.385096
37.733746
0 -78.383837
37.733546
0 -78.377787
37.734059
0 -78.369467
37.731796
0 -78.365395
37.731836
0 -78.363991
37.731194
0 -78.361334
37.728022
0 -78.35843
37.727133
0 -78.353787
37.723303
0 -78.350885
37.721559
0 -78.348445
37.720712
0 -78.347042
37.720586
0 -78.344228
37.718846
0 -78.33981
37.717727
0 -78.33605
37.716157
0 -78.332925
37.715543
0 -78.328825
37.715643
0 -78.324226
37.714565
0 -78.320925
37.713943
0 -78.308424
37.710043
0 -78.306623
37.709843
0 -78.305223
37.709843
0 -78.302422
37.710463
0 -78.300524
37.710643
0 -78.290043
37.708252
0 -78.284124
37.705444
0 -78.279924
37.702944
0 -78.271233
37.697378
0 -78.269305
37.695526
0 -78.265493
37.693791
0 -78.261569
37.692483
0 -78.257724
37.691644
0 -78.252823
37.691244
0 -78.249723
37.691294
0 -78.248207
37.69068
0 -78.24091
37.690337
0 -78.239748
37.690495
0 -78.237494
37.691111
0 -78.233301
37.693743
0 -78.228778
37.697736
0 -78.22697
37.702491
0 -78.226233
37.707768
0 -78.225302
37.711579
0 -78.222767
37.715181
0 -78.219644
37.717801
0 -78.215546
37.720739
0 -78.212374
37.723413
0 -78.202394
37.729619
0 -78.197749
37.731749
0 -78.192186
37.735197
0 -78.190352
37.736361
0 -78.187407
37.738936
0 -78.184987
37.742175
0 -78.183465
37.743608
0 -78.18099
37.744959
0 -78.174103
37.747604
0 -78.168695
37.748652
0 -78.163696
37.74937
0 -78.161152
37.749182
0 -78.159278
37.748528
0 -78.159064
37.749097
0 -78.15777
37.752744
0 -78.151822
37.770443
0 -78.147134
37.777497
0 -78.146026
37.778855
0 -78.064924
37.902771
0 -78.06331
37.905108
0 -78.064727
37.905831
0 -78.11545
37.925665
0 -78.124723
37.929291
0 -78.125923
37.929941
0 -78.133923
37.932941
0 -78.137623
37.93464
0 -78.142123
37.93624
0 -78.146023
37.93804
0 -78.152524
37.94034
0 -78.173929
37.950196
0 -78.180982
37.951004
0 -78.193025
37.95244
0 -78.195959
37.953628
0 -78.205125
37.95734
0 -78.219157
37.969208
0 -78.220092
37.970102
0 -78.227941
37.976686
0 -78.230126
37.97854
0 -78.243826
37.98254
0 -78.249125
37.983539
0 -78.258027
37.98624
0 -78.267124
37.988339
0 -78.272532
37.990116
0 -78.276527
37.99154
0 -78.282431
37.994342
0 -78.287428
37.99714
0 -78.306607
38.006399
0 -78.31025
38.002728
0 -78.315792
37.996221
0 -78.324794
37.986037
0 -78.325117
37.985667
0 -78.351257
37.955882
0 -78.366615
37.938356
0 -78.420702
37.875173
0 -78.467413
37.823354
0 -78.468115
37.822571
0 -78.476386
37.813396
0 -78.488624
37.799948
0 -78.490771
37.797588
0 