-88.885217
43.702793
0 -88.886052
43.63354
0 -88.870747
43.633346
0 -88.765415
43.633082
0 -88.76401
43.633091
0 -88.759002
43.633107
0 -88.756003
43.633099
0 -88.744841
43.63311
0 -88.74119
43.633127
0 -88.736803
43.633144
0 -88.729794
43.633183
0 -88.728128
43.633186
0 -88.717245
43.633215
0 -88.716883
43.633216
0 -88.715969
43.633221
0 -88.715147
43.633225
0 -88.67464
43.633179
0 -88.644835
43.633026
0 -88.644648
43.633025
0 -88.644547
43.633023
0 -88.635115
43.632952
0 -88.60162
43.632658
0 -88.59664
43.632605
0 -88.590914
43.632542
0 -88.585297
43.63248
0 -88.550671
43.632124
0 -88.541703
43.632051
0 -88.521835
43.631897
0 -88.513045
43.631852
0 -88.500757
43.631814
0 -88.491146
43.631773
0 -88.490698
43.631771
0 -88.401041
43.630933
0 -88.400953
43.620346
0 -88.400872
43.613529
0 -88.400426
43.543532
0 -88.391047
43.543456
0 -88.290883
43.542908
0 -88.281033
43.542844
0 -88.270557
43.542859
0 -88.265682
43.542869
0 -88.244931
43.542892
0 -88.236391
43.542919
0 -88.160873
43.542943
0 -88.160395
43.582728
0 -88.160733
43.583277
0 -88.160419
43.584088
0 -88.160146
43.607139
0 -88.160035
43.617277
0 -88.159975
43.63045
0 -88.159927
43.631287
0 -88.160223
43.659227
0 -88.16073
43.692725
0 -88.160616
43.71761
0 -88.160438
43.731808
0 -88.160665
43.764699
0 -88.160749
43.775536
0 -88.16091
43.782864
0 -88.161068
43.790067
0 -88.161135
43.797333
0 -88.161152
43.804497
0 -88.161161
43.808237
0 -88.161162
43.808737
0 -88.161169
43.811715
0 -88.161187
43.815362
0 -88.161198
43.819009
0 -88.16131
43.833532
0 -88.162274
43.891511
0 -88.162273
43.891623
0 -88.161865
43.920514
0 -88.161654
43.937683
0 -88.231473
43.93753
0 -88.285988
43.937683
0 -88.314948
43.937665
0 -88.404187
43.9382
0 -88.403774
43.918735
0 -88.403195
43.892977
0 -88.46757
43.893415
0 -88.49342
43.893607
0 -88.507159
43.893658
0 -88.508926
43.893666
0 -88.524007
43.893711
0 -88.544065
43.893721
0 -88.583588
43.894258
0 -88.630359
43.894626
0 -88.631217
43.894647
0 -88.636621
43.894641
0 -88.64442
43.894635
0 -88.644517
43.894635
0 -88.654042
43.894649
0 -88.674493
43.894712
0 -88.764839
43.894899
0 -88.765265
43.8949
0 -88.837187
43.894978
0 -88.847586
43.895056
0 -88.854827
43.895112
0 -88.885697
43.895184
0 -88.88539
43.867277
0 -88.885425
43.858966
0 -88.885704
43.808032
0 -88.885526
43.785767
0 -88.885447
43.77434
0 -88.885295
43.757124
0 -88.885181
43.720826
0 -88.885217
43.702793
0 