-79.522024
41.465219
0 -79.521599
41.440554
0 -79.478163
41.440134
0 -79.47805
41.411114
0 -79.477822
41.386479
0 -79.472956
41.386458
0 -79.472611
41.38656
0 -79.400439
41.386579
0 -79.400509
41.417437
0 -79.400303
41.435074
0 -79.399923
41.436154
0 -79.369201
41.436264
0 -79.357586
41.436241
0 -79.35759
41.432433
0 -79.214829
41.431132
0 -79.207196
41.430922
0 -79.207073
41.422759
0 -79.207108
41.422014
0 -79.20709
41.417031
0 -79.207421
41.407962
0 -79.207738
41.398979
0 -79.208878
41.331861
0 -79.206052
41.330934
0 -79.204542
41.328483
0 -79.202506
41.32679
0 -79.19729
41.325811
0 -79.195959
41.324706
0 -79.1925
41.324188
0 -79.191087
41.324599
0 -79.188002
41.326678
0 -79.18618
41.328523
0 -79.186065
41.331138
0 -79.186781
41.333738
0 -79.187005
41.33731
0 -79.18466
41.33899
0 -79.179638
41.339168
0 -79.176513
41.337346
0 -79.17514
41.335969
0 -79.176172
41.332174
0 -79.175572
41.326959
0 -79.174291
41.325421
0 -79.17172
41.32591
0 -79.168897
41.328072
0 -79.166906
41.330478
0 -79.166646
41.332131
0 -79.169167
41.339649
0 -79.168558
41.34242
0 -79.166411
41.343865
0 -79.162724
41.343214
0 -79.160612
41.34183
0 -79.159928
41.339945
0 -79.162814
41.335305
0 -79.163096
41.333404
0 -79.162436
41.331828
0 -79.159026
41.3294
0 -79.157123
41.328635
0 -79.154733
41.32865
0 -79.150598
41.330818
0 -79.148233
41.331657
0 -79.145318
41.335305
0 -79.141555
41.338996
0 -79.139791
41.341431
0 -79.138521
41.341575
0 -79.136517
41.341391
0 -79.132186
41.338959
0 -79.128435
41.334928
0 -79.126686
41.333755
0 -79.123898
41.330956
0 -79.120763
41.329102
0 -79.117118
41.32772
0 -79.11525
41.325766
0 -79.111898
41.325016
0 -79.106743
41.3261
0 -79.105885
41.326703
0 -79.104484
41.331309
0 -79.107231
41.336407
0 -79.104977
41.341526
0 -79.102751
41.342365
0 -79.099659
41.342587
0 -79.096843
41.341741
0 -79.095096
41.340658
0 -79.094806
41.356954
0 -79.094765
41.365909
0 -79.095017
41.367767
0 -79.093737
41.417463
0 -79.093588
41.423286
0 -79.065154
41.423194
0 -79.06352
41.453207
0 -78.976658
41.451761
0 -78.976657
41.436963
0 -78.958957
41.437061
0 -78.958989
41.452691
0 -78.9586
41.525492
0 -78.957413
41.578349
0 -78.956042
41.623402
0 -79.091622
41.626343
0 -79.204994
41.626405
0 -79.210193
41.626422
0 -79.227595
41.6262
0 -79.29221
41.62585
0 -79.401967
41.625976
0 -79.402653
41.625968
0 -79.493454
41.624716
0 -79.51207
41.624559
0 -79.511261
41.506429
0 -79.511432
41.496927
0 -79.512072
41.47348
0 -79.512276
41.46524
0 -79.522024
41.465219
0 