-96.088912
29.601658
0 -96.08439
29.601054
0 -96.075824
29.59674
0 -96.072862
29.594196
0 -96.071353
29.592464
0 -96.067064
29.59103
0 -96.065372
29.591684
0 -96.062322
29.591524
0 -96.059562
29.588518
0 -96.059795
29.586935
0 -96.061059
29.586204
0 -96.061273
29.584736
0 -96.062763
29.583719
0 -96.062788
29.582126
0 -96.061902
29.580691
0 -96.062581
29.579009
0 -96.061959
29.577816
0 -96.063103
29.575909
0 -96.061242
29.57271
0 -96.059998
29.56866
0 -96.057936
29.567274
0 -96.056904
29.567417
0 -96.053434
29.565213
0 -96.047361
29.563756
0 -96.044495
29.561947
0 -96.044911
29.557902
0 -96.044126
29.556308
0 -96.041876
29.55335
0 -96.042914
29.550718
0 -96.041499
29.549717
0 -96.041337
29.546738
0 -96.043041
29.545315
0 -96.043267
29.543485
0 -96.040936
29.541918
0 -96.041137
29.540516
0 -96.04362
29.540577
0 -96.047102
29.540028
0 -96.046807
29.53927
0 -96.048001
29.53827
0 -96.049202
29.539122
0 -96.048699
29.540149
0 -96.050088
29.540787
0 -96.050986
29.540375
0 -96.051345
29.538473
0 -96.055147
29.539864
0 -96.056323
29.539491
0 -96.054563
29.535192
0 -96.055312
29.532904
0 -96.054652
29.531114
0 -96.055507
29.530103
0 -96.054684
29.528108
0 -96.055564
29.525612
0 -96.055017
29.525442
0 -96.05234
29.525414
0 -96.051195
29.52423
0 -96.050813
29.523161
0 -96.054735
29.519764
0 -96.05579
29.518088
0 -96.053095
29.516208
0 -96.05471
29.51462
0 -96.05307
29.511942
0 -96.050142
29.511371
0 -96.047089
29.509705
0 -96.04565
29.510227
0 -96.039976
29.509638
0 -96.036306
29.510814
0 -96.034119
29.510202
0 -96.031745
29.508961
0 -96.030495
29.507817
0 -96.027761
29.508998
0 -96.024318
29.507024
0 -96.024992
29.503809
0 -96.022969
29.503248
0 -96.022418
29.501893
0 -96.025232
29.499148
0 -96.026445
29.496719
0 -96.026258
29.495026
0 -96.028834
29.49485
0 -96.031139
29.495638
0 -96.033628
29.493138
0 -96.035519
29.492287
0 -96.039835
29.492227
0 -96.040815
29.492596
0 -96.042794
29.491481
0 -96.045615
29.492536
0 -96.047205
29.491256
0 -96.051143
29.492845
0 -96.053053
29.494269
0 -96.056415
29.490757
0 -96.058369
29.490285
0 -96.059681
29.491868
0 -96.059594
29.489878
0 -96.060317
29.487361
0 -96.058652
29.486091
0 -96.058778
29.484855
0 -96.059965
29.484124
0 -96.059243
29.482618
0 -96.057723
29.481342
0 -96.059507
29.479837
0 -96.060676
29.476473
0 -96.058829
29.47462
0 -96.059627
29.473329
0 -96.057058
29.473593
0 -96.056223
29.472202
0 -96.053742
29.472762
0 -96.052159
29.471828
0 -96.049992
29.472179
0 -96.048893
29.469216
0 -96.049359
29.466485
0 -96.047978
29.46184
0 -96.043613
29.461493
0 -96.04308
29.460372
0 -96.043639
29.457964
0 -96.041623
29.457118
0 -96.039469
29.457337
0 -96.038941
29.458568
0 -96.037805
29.457529
0 -96.037479
29.456457
0 -96.03888
29.453924
0 -96.037737
29.452994
0 -96.03363
29.452955
0 -96.032769
29.454136
0 -96.029473
29.452052
0 -96.029581
29.44948
0 -96.031566
29.44792
0 -96.03659
29.44569
0 -96.036453
29.444272
0 -96.035291
29.443007
0 -96.033941
29.4431
0 -96.031776
29.441335
0 -96.029496
29.441032
0 -96.022363
29.441481
0 -96.020453
29.441217
0 -96.0189
29.43972
0 -96.018648
29.437368
0 -96.017531
29.437384
0 -96.017051
29.437277
0 -96.016745
29.437216
0 -96.015314
29.435922
0 -96.012446
29.434985
0 -96.012238
29.433723
0 -96.009873
29.431541
0 -96.008365
29.429479
0 -96.003848
29.428865
0 -96.001234
29.43104
0 -95.997359
29.431645
0 -95.994931
29.432971
0 -95.995019
29.43372
0 -95.992024
29.433792
0 -95.99039
29.430342
0 -95.98802
29.428106
0 -95.98822
29.425917
0 -95.986229
29.422659
0 -95.987415
29.421603
0 -95.988223
29.418718
0 -95.987683
29.417684
0 -95.986145
29.417915
0 -95.985316
29.416959
0 -95.985485
29.415651
0 -95.983796
29.414904
0 -95.982847
29.413289
0 -95.982061
29.410766
0 -95.978879
29.410465
0 -95.975703
29.411258
0 -95.97343
29.411445
0 -95.972407
29.410704
0 -95.972262
29.409434
0 -95.970761
29.408429
0 -95.971721
29.406801
0 -95.972505
29.404317
0 -95.972058
29.402322
0 -95.969691
29.399223
0 -95.969119
29.396134
0 -95.970073
29.395567
0 -95.969282
29.394842
0 -95.969525
29.392017
0 -95.968056
29.390874
0 -95.967051
29.387126
0 -95.968237
29.384861
0 -95.968412
29.383449
0 -95.967219
29.382861
0 -95.967389
29.38197
0 -95.965223
29.38113
0 -95.963836
29.379987
0 -95.963033
29.380954
0 -95.961401
29.380405
0 -95.960335
29.381422
0 -95.957994
29.381076
0 -95.957096
29.379372
0 -95.955929
29.38001
0 -95.95463
29.379411
0 -95.954441
29.37724
0 -95.952421
29.377241
0 -95.949635
29.374609
0 -95.949452
29.373887
0 -95.947494
29.372914
0 -95.948247
29.371743
0 -95.946427
29.368204
0 -95.944952
29.366456
0 -95.943859
29.361152
0 -95.942648
29.361378
0 -95.94214
29.360097
0 -95.940935
29.359729
0 -95.940176
29.360993
0 -95.936524
29.358355
0 -95.938764
29.357706
0 -95.938482
29.356305
0 -95.939548
29.35525
0 -95.93951
29.352534
0 -95.940231
29.351721
0 -95.941938
29.352523
0 -95.94446
29.351676
0 -95.945985
29.352891
0 -95.947358
29.349725
0 -95.949096
29.351467
0 -95.949767
29.350923
0 -95.950256
29.348037
0 -95.952584
29.348042
0 -95.952194
29.346162
0 -95.95338
29.345079
0 -95.952219
29.342524
0 -95.949577
29.341013
0 -95.949495
29.338479
0 -95.950643
29.336577
0 -95.949463
29.335318
0 -95.944313
29.332203
0 -95.942412
29.331873
0 -95.940356
29.331726
0 -95.93747
29.330137
0 -95.936009
29.330335
0 -95.932935
29.328626
0 -95.931593
29.328478
0 -95.925457
29.329691
0 -95.923381
29.329449
0 -95.919392
29.326272
0 -95.918924
29.323579
0 -95.916606
29.319368
0 -95.914606
29.31865
0 -95.912745
29.318605
0 -95.908985
29.317759
0 -95.906587
29.316916
0 -95.903807
29.317009
0 -95.900494
29.315682
0 -95.898265
29.314382
0 -95.895602
29.315231
0 -95.894468
29.31498
0 -95.892853
29.312372
0 -95.892753
29.310937
0 -95.896154
29.306728
0 -95.895678
29.303924
0 -95.896519
29.301
0 -95.897541
29.299283
0 -95.895505
29.296933
0 -95.892935
29.295134
0 -95.89281
29.294052
0 -95.890923
29.292138
0 -95.889752
29.28751
0 -95.887697
29.284392
0 -95.88595
29.281
0 -95.884671
29.279213
0 -95.884943
29.274294
0 -95.882813
29.271743
0 -95.880187
29.270769
0 -95.879486
29.269097
0 -95.8796
29.266761
0 -95.878466
29.265942
0 -95.877043
29.265743
0 -95.87424
29.266538
0 -95.872311
29.266739
0 -95.868927
29.269241
0 -95.867629
29.269088
0 -95.865102
29.267275
0 -95.861278
29.267799
0 -95.856934
29.267971
0 -95.853529
29.265883
0 -95.850927
29.266313
0 -95.849748
29.264224
0 -95.847656
29.26259
0 -95.79782
29.307971
0 -95.784013
29.296249
0 -95.752866
29.324503
0 -95.750241
29.323535
0 -95.747213
29.322711
0 -95.672785
29.299527
0 -95.669468
29.29876
0 -95.66509
29.298891
0 -95.66442
29.296621
0 -95.663642
29.295708
0 -95.661397
29.294278
0 -95.659898
29.29452
0 -95.656023
29.292177
0 -95.654619
29.290951
0 -95.653342
29.293483
0 -95.65273
29.294397
0 -95.650999
29.294732
0 -95.648491
29.29366
0 -95.646797
29.294286
0 -95.64385
29.293823
0 -95.641755
29.294328
0 -95.64065
29.296637
0 -95.63727
29.296839
0 -95.637634
29.295723
0 -95.636211
29.295003
0 -95.635753
29.295569
0 -95.634888
29.294194
0 -95.632699
29.293644
0 -95.631333
29.29267
0 -95.630398
29.293241
0 -95.629106
29.292856
0 -95.627362
29.293806
0 -95.626535
29.293146
0 -95.625179
29.295108
0 -95.624019
29.295659
0 -95.622722
29.298651
0 -95.620816
29.299839
0 -95.62167
29.301108
0 -95.622024
29.305094
0 -95.623492
29.306501
0 -95.627943
29.309062
0 -95.628194
29.309502
0 -95.625777
29.312981
0 -95.622269
29.315072
0 -95.621078
29.316562
0 -95.620137
29.316409
0 -95.616117
29.319363
0 -95.615773
29.32082
0 -95.614826
29.321607
0 -95.614539
29.32336
0 -95.613315
29.323575
0 -95.610443
29.325704
0 -95.610011
29.326556
0 -95.60796
29.327349
0 -95.607039
29.329185
0 -95.605244
29.329445
0 -95.604975
29.330737
0 -95.60394
29.330391
0 -95.603161
29.328302
0 -95.599597
29.327594
0 -95.596366
29.327633
0 -95.595306
29.328288
0 -95.594365
29.327722
0 -95.590793
29.327485
0 -95.589765
29.329061
0 -95.589106
29.33462
0 -95.5883
29.335908
0 -95.587187
29.336904
0 -95.581182
29.339119
0 -95.5792
29.34062
0 -95.578837
29.342863
0 -95.581343
29.346181
0 -95.58264
29.349905
0 -95.582102
29.351546
0 -95.580266
29.352538
0 -95.576101
29.352855
0 -95.574061
29.354663
0 -95.573968
29.356394
0 -95.575483
29.357894
0 -95.580483
29.360863
0 -95.580837
29.362084
0 -95.579946
29.363492
0 -95.57794
29.365102
0 -95.577077
29.368087
0 -95.575722
29.372688
0 -95.57574
29.37593
0 -95.574583
29.377627
0 -95.572341
29.383826
0 -95.57034
29.386165
0 -95.56729
29.389695
0 -95.566652
29.390224
0 -95.565568
29.390792
0 -95.562884
29.391098
0 -95.558857
29.390488
0 -95.556204
29.391489
0 -95.553034
29.393544
0 -95.547577
29.395197
0 -95.54725
29.397131
0 -95.548853
29.399412
0 -95.549863
29.402619
0 -95.549121
29.403806
0 -95.546923
29.40514
0 -95.545825
29.407735
0 -95.546985
29.410645
0 -95.548949
29.413479
0 -95.5496
29.415412
0 -95.551925
29.419644
0 -95.55596
29.422779
0 -95.556322
29.423591
0 -95.555936
29.425344
0 -95.552783
29.427278
0 -95.551775
29.428817
0 -95.551301
29.43193
0 -95.550088
29.435211
0 -95.549906
29.437191
0 -95.550622
29.438306
0 -95.540992
29.43849
0 -95.538949
29.437762
0 -95.535703
29.438527
0 -95.462503
29.43924
0 -95.45029
29.484162
0 -95.446702
29.497546
0 -95.446141
29.499549
0 -95.443224
29.510214
0 -95.439637
29.522878
0 -95.436888
29.532945
0 -95.433736
29.544495
0 -95.424118
29.580233
0 -95.430715
29.58336
0 -95.431027
29.583509
0 -95.431318
29.583733
0 -95.44697
29.590978
0 -95.453255
29.594019
0 -95.456379
29.595467
0 -95.465045
29.599599
0 -95.475911
29.604676
0 -95.476919
29.605033
0 -95.484428
29.608545
0 -95.490899
29.611774
0 -95.49282
29.612633
0 -95.495038
29.61339
0 -95.508614
29.61978
0 -95.510338
29.62057
0 -95.518044
29.62415
0 -95.518683
29.624457
0 -95.520645
29.625401
0 -95.520921
29.625533
0 -95.521421
29.625833
0 -95.536992
29.63284
0 -95.537948
29.633282
0 -95.543772
29.63597
0 -95.54619
29.637073
0 -95.547921
29.638032
0 -95.550055
29.638899
0 -95.551607
29.639646
0 -95.554652
29.641011
0 -95.557728
29.642434
0 -95.559622
29.643432
0 -95.565479
29.64596
0 -95.571345
29.648741
0 -95.575883
29.650917
0 -95.581739
29.653595
0 -95.582706
29.653972
0 -95.583126
29.654127
0 -95.586828
29.656076
0 -95.592198
29.658583
0 -95.594894
29.659833
0 -95.596998
29.660778
0 -95.597839
29.661037
0 -95.610025
29.66699
0 -95.616075
29.670411
0 -95.618923
29.671932
0 -95.621848
29.673572
0 -95.623178
29.674298
0 -95.634199
29.680561
0 -95.634746
29.680777
0 -95.635465
29.681323
0 -95.643468
29.685829
0 -95.643636
29.685934
0 -95.64373
29.68599
0 -95.647481
29.688199
0 -95.650743
29.690123
0 -95.651986
29.690853
0 -95.652188
29.69096
0 -95.654265
29.691655
0 -95.664693
29.697534
0 -95.669229
29.700134
0 -95.670083
29.700623
0 -95.670389
29.700766
0 -95.670852
29.700692
0 -95.670872
29.700852
0 -95.670872
29.700991
0 -95.671264
29.701188
0 -95.675702
29.703725
0 -95.68333
29.708001
0 -95.687082
29.710078
0 -95.688349
29.710862
0 -95.70192
29.718352
0 -95.708212
29.721851
0 -95.711041
29.72346
0 -95.730396
29.734296
0 -95.731353
29.734876
0 -95.732472
29.735552
0 -95.733614
29.73627
0 -95.73867
29.739308
0 -95.742539
29.741181
0 -95.751446
29.746472
0 -95.766369
29.754796
0 -95.770703
29.757344
0 -95.776103
29.760204
0 -95.786976
29.766344
0 -95.797328
29.772145
0 -95.799076
29.773125
0 -95.80168
29.774586
0 -95.80189
29.774702
0 -95.812471
29.780594
0 -95.812648
29.780714
0 -95.82622
29.78828
0 -95.854564
29.777426
0 -95.858637
29.775817
0 -95.858867
29.77573
0 -95.872777
29.770474
0 -95.902261
29.759617
0 -95.920592
29.752614
0 -95.950931
29.740769
0 -95.971287
29.740454
0 -95.97094
29.728554
0 -95.972563
29.728642
0 -95.988739
29.728381
0 -96.032711
29.727944
0 -96.032324
29.72619
0 -96.033432
29.719613
0 -96.032609
29.717686
0 -96.031339
29.71709
0 -96.027723
29.716892
0 -96.025002
29.717122
0 -96.015966
29.719611
0 -96.011605
29.719843
0 -96.009729
29.71916
0 -96.00766
29.717679
0 -96.006498
29.714865
0 -96.005827
29.711862
0 -96.004574
29.708583
0 -96.00468
29.706766
0 -96.005986
29.703855
0 -96.007579
29.702938
0 -96.011683
29.70258
0 -96.014193
29.702938
0 -96.01985
29.705288
0 -96.021572
29.705626
0 -96.022639
29.70501
0 -96.02236
29.702082
0 -96.019294
29.699747
0 -96.016214
29.696635
0 -96.014524
29.693589
0 -96.013999
29.69111
0 -96.014074
29.688743
0 -96.014751
29.685928
0 -96.015031
29.682672
0 -96.016637
29.680061
0 -96.018853
29.678897
0 -96.021445
29.678897
0 -96.022741
29.680212
0 -96.02401
29.684404
0 -96.028324
29.687613
0 -96.031208
29.688468
0 -96.035905
29.688356
0 -96.04059
29.687535
0 -96.047862
29.684586
0 -96.055174
29.682878
0 -96.057222
29.681943
0 -96.059565
29.679328
0 -96.060001
29.675963
0 -96.059678
29.675112
0 -96.057538
29.672725
0 -96.053968
29.671929
0 -96.052452
29.670563
0 -96.051174
29.668666
0 -96.048665
29.666558
0 -96.046084
29.665513
0 -96.04384
29.665793
0 -96.038895
29.669714
0 -96.036165
29.672582
0 -96.033691
29.674205
0 -96.030906
29.675187
0 -96.029664
29.675223
0 -96.02652
29.674042
0 -96.025045
29.672398
0 -96.021794
29.671407
0 -96.018498
29.669814
0 -96.016769
29.667491
0 -96.016039
29.663716
0 -96.018178
29.660342
0 -96.020859
29.658745
0 -96.023948
29.658339
0 -96.027112
29.659111
0 -96.030454
29.660404
0 -96.03254
29.659557
0 -96.033125
29.658249
0 -96.03185
29.655566
0 -96.02941
29.654278
0 -96.024965
29.650009
0 -96.021707
29.647643
0 -96.017536
29.64546
0 -96.0163
29.644208
0 -96.014753
29.641669
0 -96.015081
29.639343
0 -96.018776
29.637442
0 -96.01931
29.635541
0 -96.018032
29.632674
0 -96.017429
29.629015
0 -96.016438
29.627104
0 -96.018021
29.625936
0 -96.018876
29.62459
0 -96.02272
29.624443
0 -96.023664
29.62324
0 -96.023459
29.620256
0 -96.024781
29.617623
0 -96.024793
29.617453
0 -96.02485
29.602877
0 -96.088912
29.601658
0 