-99.266306
47.41439
0 -99.26628
47.327194
0 -99.255071
47.327126
0 -99.250392
47.326894
0 -99.227809
47.326748
0 -99.138496
47.326869
0 -99.101823
47.326859
0 -99.010713
47.326817
0 -98.974296
47.326791
0 -98.943835
47.326809
0 -98.925451
47.326782
0 -98.90419
47.326766
0 -98.882826
47.326764
0 -98.848152
47.326735
0 -98.830327
47.326886
0 -98.801154
47.32669
0 -98.754959
47.326658
0 -98.721067
47.326649
0 -98.659376
47.326652
0 -98.657524
47.326575
0 -98.627224
47.326584
0 -98.605813
47.326566
0 -98.594323
47.326547
0 -98.57393
47.326552
0 -98.541914
47.326575
0 -98.499246
47.326538
0 -98.499484
47.41341
0 -98.499938
47.494339
0 -98.500072
47.495339
0 -98.499985
47.500341
0 -98.500122
47.528959
0 -98.50007
47.530203
0 -98.500085
47.587228
0 -98.512814
47.587096
0 -98.513549
47.587253
0 -98.517363
47.58711
0 -98.550989
47.587142
0 -98.554162
47.587263
0 -98.6281
47.587265
0 -98.666902
47.5874
0 -98.667633
47.587346
0 -98.755883
47.587569
0 -98.797736
47.587579
0 -98.798766
47.58752
0 -98.883422
47.587352
0 -98.9049
47.587364
0 -98.947476
47.587371
0 -99.01033
47.587398
0 -99.096051
47.587678
0 -99.138165
47.587823
0 -99.180984
47.587765
0 -99.191786
47.587747
0 -99.213721
47.587716
0 -99.223895
47.587692
0 -99.265846
47.587618
0 -99.266004
47.551582
0 -99.266152
47.50076
0 -99.266306
47.41439
0 