-95.308718
32.994562
0 -95.308957
32.962572
0 -95.301241
32.962587
0 -95.288268
32.962452
0 -95.276347
32.962398
0 -95.271942
32.96237
0 -95.231193
32.962196
0 -95.172947
32.961829
0 -95.17259
32.963292
0 -95.174246
32.963666
0 -95.175837
32.965325
0 -95.175178
32.966617
0 -95.173561
32.967425
0 -95.173933
32.969184
0 -95.172648
32.969437
0 -95.171748
32.972513
0 -95.169466
32.972624
0 -95.167738
32.973674
0 -95.167373
32.974784
0 -95.165038
32.975322
0 -95.164895
32.97685
0 -95.163936
32.977058
0 -95.164438
32.978499
0 -95.16254
32.98019
0 -95.161901
32.981921
0 -95.162005
32.982956
0 -95.163967
32.984758
0 -95.162585
32.984977
0 -95.161834
32.986483
0 -95.163588
32.988507
0 -95.161371
32.989589
0 -95.161853
32.992063
0 -95.162681
32.9927
0 -95.161435
32.994717
0 -95.159654
32.9947
0 -95.158871
32.995486
0 -95.157613
32.994695
0 -95.158636
32.997267
0 -95.157527
32.99775
0 -95.156103
33.000763
0 -95.156263
33.001409
0 -95.154135
33.002889
0 -95.152138
33.002735
0 -95.151695
33.006054
0 -95.153158
33.008311
0 -95.154411
33.007866
0 -95.15365
33.012448
0 -95.152206
33.01345
0 -95.149976
33.015659
0 -95.148953
33.015875
0 -95.147365
33.018701
0 -95.148078
33.019582
0 -95.147452
33.020871
0 -95.1457
33.021456
0 -95.142623
33.023862
0 -95.141054
33.02431
0 -95.141115
33.025835
0 -95.138714
33.026226
0 -95.137355
33.029086
0 -95.137213
33.030938
0 -95.133943
33.031321
0 -95.131884
33.029809
0 -95.129154
33.031362
0 -95.130336
33.032162
0 -95.128934
33.033772
0 -95.12613
33.034581
0 -95.125949
33.053024
0 -95.125573
33.11907
0 -95.124939
33.160953
0 -95.124531
33.257151
0 -95.124637
33.275336
0 -95.124934
33.313048
0 -95.124867
33.314909
0 -95.124946
33.335682
0 -95.125451
33.389454
0 -95.128076
33.388014
0 -95.129987
33.388129
0 -95.131161
33.386916
0 -95.133919
33.386093
0 -95.137685
33.387034
0 -95.138532
33.38582
0 -95.140061
33.385317
0 -95.143308
33.386485
0 -95.144481
33.388181
0 -95.145983
33.388044
0 -95.146229
33.386991
0 -95.144946
33.386487
0 -95.144456
33.384448
0 -95.142928
33.38328
0 -95.145603
33.382044
0 -95.146585
33.382961
0 -95.148933
33.382755
0 -95.15008
33.381679
0 -95.154038
33.382139
0 -95.153438
33.380764
0 -95.155076
33.38104
0 -95.156004
33.380077
0 -95.157805
33.380398
0 -95.160535
33.379873
0 -95.162282
33.380102
0 -95.158105
33.383124
0 -95.160943
33.382965
0 -95.160807
33.384178
0 -95.162226
33.384887
0 -95.164628
33.384706
0 -95.165583
33.385506
0 -95.166702
33.384704
0 -95.166102
33.382737
0 -95.169896
33.382783
0 -95.170825
33.379783
0 -95.17249
33.379783
0 -95.173281
33.382897
0 -95.175109
33.382118
0 -95.174618
33.380425
0 -95.176229
33.380378
0 -95.175738
33.378479
0 -95.177006
33.377798
0 -95.178249
33.378731
0 -95.178139
33.380173
0 -95.17975
33.381455
0 -95.182233
33.380423
0 -95.18308
33.37722
0 -95.185017
33.377265
0 -95.184499
33.37825
0 -95.186328
33.37944
0 -95.188485
33.378959
0 -95.18843
33.37786
0 -95.185973
33.375799
0 -95.187985
33.37493
0 -95.189167
33.375385
0 -95.1907
33.374021
0 -95.193347
33.374296
0 -95.196868
33.373838
0 -95.19826
33.374226
0 -95.198828
33.375464
0 -95.196836
33.375844
0 -95.198474
33.376989
0 -95.198419
33.377974
0 -95.19539
33.377218
0 -95.194243
33.377446
0 -95.196754
33.379759
0 -95.198201
33.379623
0 -95.201067
33.38095
0 -95.204724
33.380446
0 -95.206389
33.380629
0 -95.206362
33.379461
0 -95.209091
33.37898
0 -95.211465
33.379896
0 -95.212448
33.378636
0 -95.214222
33.379002
0 -95.215586
33.37804
0 -95.216159
33.376116
0 -95.217059
33.375909
0 -95.218152
33.378886
0 -95.219462
33.378222
0 -95.223011
33.378152
0 -95.222819
33.377029
0 -95.220252
33.375611
0 -95.222002
33.37511
0 -95.22645
33.374817
0 -95.229651
33.375557
0 -95.227817
33.373993
0 -95.229053
33.373412
0 -95.227741
33.371888
0 -95.228175
33.370666
0 -95.229237
33.371288
0 -95.231794
33.37007
0 -95.230787
33.371656
0 -95.233709
33.373627
0 -95.234997
33.373215
0 -95.233864
33.37156
0 -95.2343
33.370707
0 -95.236643
33.370869
0 -95.236855
33.36927
0 -95.238294
33.369276
0 -95.239423
33.370738
0 -95.240533
33.370061
0 -95.240644
33.368229
0 -95.24225
33.367936
0 -95.244516
33.369113
0 -95.245243
33.37013
0 -95.246378
33.369768
0 -95.250936
33.370683
0 -95.251954
33.369472
0 -95.251846
33.367938
0 -95.254165
33.368236
0 -95.25613
33.367686
0 -95.256266
33.369565
0 -95.257248
33.370527
0 -95.260169
33.369704
0 -95.258778
33.368307
0 -95.258997
33.366933
0 -95.260962
33.366934
0 -95.261917
33.367345
0 -95.262489
33.369247
0 -95.262106
33.370598
0 -95.263742
33.371693
0 -95.265578
33.372447
0 -95.266437
33.370798
0 -95.267564
33.371035
0 -95.266908
33.373072
0 -95.268354
33.372752
0 -95.268784
33.374208
0 -95.271376
33.376643
0 -95.272796
33.375773
0 -95.272584
33.373395
0 -95.274194
33.373395
0 -95.275749
33.374403
0 -95.278451
33.373694
0 -95.279154
33.376576
0 -95.280546
33.376966
0 -95.282206
33.376677
0 -95.283269
33.374834
0 -95.284926
33.374622
0 -95.285336
33.377557
0 -95.289818
33.375587
0 -95.290343
33.376525
0 -95.289109
33.377839
0 -95.29177
33.378677
0 -95.292465
33.380072
0 -95.2941
33.379308
0 -95.295989
33.379873
0 -95.29558
33.381179
0 -95.297587
33.380805
0 -95.299116
33.382738
0 -95.300098
33.382426
0 -95.301532
33.378332
0 -95.304382
33.379239
0 -95.30664
33.378027
0 -95.30792
33.377622
0 -95.308593
33.37719
0 -95.308291
33.329759
0 -95.308219
33.322156
0 -95.307925
33.302031
0 -95.307716
33.300334
0 -95.307884
33.255938
0 -95.307894
33.204807
0 -95.307895
33.204521
0 -95.308061
33.185923
0 -95.307984
33.166321
0 -95.308072
33.078206
0 -95.308204
33.066644
0 -95.308344
33.050296
0 -95.30839
33.041772
0 -95.308455
33.024549
0 -95.308718
32.994562
0 