-77.530859
38.308789
0 -77.532686
38.308467
0 -77.529618
38.30838
0 -77.526039
38.307112
0 -77.522074
38.306585
0 -77.516344
38.306402
0 -77.514803
38.305331
0 -77.51551
38.301376
0 -77.517992
38.297525
0 -77.516805
38.295128
0 -77.515483
38.295566
0 -77.514043
38.296178
0 -77.513349
38.296012
0 -77.512788
38.294789
0 -77.507563
38.292143
0 -77.509404
38.28677
0 -77.511659
38.279985
0 -77.508319
38.280572
0 -77.503854
38.280147
0 -77.501605
38.279037
0 -77.498645
38.280076
0 -77.497909
38.28291
0 -77.494565
38.282363
0 -77.493929
38.279508
0 -77.492813
38.278804
0 -77.494708
38.273834
0 -77.492045
38.273637
0 -77.482807
38.273028
0 -77.48244
38.272969
0 -77.482601
38.272739
0 -77.477464
38.271348
0 -77.473388
38.270245
0 -77.470999
38.273314
0 -77.468806
38.276993
0 -77.467151
38.27978
0 -77.465027
38.278969
0 -77.461054
38.277804
0 -77.46065
38.275934
0 -77.458865
38.27284
0 -77.457468
38.271292
0 -77.45057
38.274849
0 -77.451395
38.275686
0 -77.452547
38.277139
0 -77.454509
38.283729
0 -77.451739
38.284502
0 -77.449795
38.28311
0 -77.448283
38.283423
0 -77.447126
38.284614
0 -77.449572
38.288417
0 -77.451998
38.294357
0 -77.454608
38.299209
0 -77.455692
38.301341
0 -77.458106
38.30429
0 -77.460356
38.308281
0 -77.463946
38.311388
0 -77.463298
38.311399
0 -77.464902
38.31628
0 -77.467053
38.31866
0 -77.471358
38.319528
0 -77.474726
38.321021
0 -77.477401
38.319038
0 -77.478996
38.316693
0 -77.481386
38.316477
0 -77.48383
38.317325
0 -77.489565
38.321976
0 -77.490036
38.321612
0 -77.490373
38.321772
0 -77.498754
38.32543
0 -77.502307
38.325902
0 -77.503735
38.32644
0 -77.506552
38.326084
0 -77.507416
38.325453
0 -77.512518
38.325356
0 -77.514046
38.324363
0 -77.517956
38.322909
0 -77.522863
38.322812
0 -77.527185
38.320655
0 -77.528301
38.319124
0 -77.528023
38.31768
0 -77.526079
38.315801
0 -77.525802
38.312666
0 -77.526243
38.309531
0 -77.529058
38.308631
0 -77.530289
38.309172
0 -77.530859
38.308789
0 