-77.677164
39.324534
0 -77.6771230127463
39.3240773739412
0 -77.675846
39.324192
0 -77.671341
39.321675
0 -77.66613
39.317008
0 -77.650997
39.310784
0 -77.645454773488
39.3094686587009
0 -77.6439956278579
39.3091223584361
0 -77.6432760350391
39.3089515768646
0 -77.640282
39.308241
0 -77.6395286286667
39.3081582931256
0 -77.636101
39.307782
0 -77.6316976325714
39.3066768993558
0 -77.6316568943776
39.3066666754067
0 -77.615939
39.302722
0 -77.6068567654845
39.3035959355057
0 -77.6059
39.303688
0 -77.6053602452529
39.3035489792639
0 -77.603949181926
39.3031855418631
0 -77.598892
39.301883
0 -77.592739
39.30129
0 -77.588235
39.301955
0 -77.5830918701483
39.30368257225
0 -77.578491
39.305228
0 -77.570041
39.30635
0 -77.566596
39.306121
0 -77.5658310251171
39.3056199030448
0 -77.56321
39.303903
0 -77.561826
39.301913
0 -77.562768
39.294501
0 -77.560854
39.286152
0 -77.553114
39.279268
0 -77.5512682504984
39.276234161256
0 -77.551054
39.275882
0 -77.5465968639478
39.2721617291822
0 -77.5465552833747
39.2721270228168
0 -77.545846
39.271535
0 -77.544258
39.26966
0 -77.543228
39.266937
0 -77.540581
39.264947
0 -77.534461
39.262361
0 -77.522486
39.259086
0 -77.520986
39.258491
0 -77.519634
39.257232
0 -77.508427
39.25263
0 -77.496606
39.251045
0 -77.486813
39.247586
0 -77.484664
39.246123
0 -77.480807
39.241664
0 -77.4802430566701
39.2412434231264
0 -77.471213
39.234509
0 -77.46021
39.228359
0 -77.45812
39.22614
0 -77.45768
39.22502
0 -77.457943
39.222023
0 -77.4589223494682
39.2203363986735
0 -77.454754
39.221663
0 -77.431508
39.232173
0 -77.396429
39.247992
0 -77.337016
39.275696
0 -77.324984
39.281175
0 -77.313839
39.286462
0 -77.303578
39.29112
0 -77.299767
39.292557
0 -77.285683
39.299402
0 -77.28373
39.300379
0 -77.267626
39.308194
0 -77.262529
39.31028
0 -77.261694
39.310614
0 -77.2441
39.318885
0 -77.223842
39.328577
0 -77.21749
39.331409
0 -77.197807
39.340381
0 -77.191566
39.343081
0 -77.187721
39.345005
0 -77.175291
39.350611
0 -77.171459
39.352487
0 -77.168801
39.353502
0 -77.16808
39.353957
0 -77.169734
39.355102
0 -77.167277
39.359065
0 -77.167377
39.359325
0 -77.166364
39.363633
0 -77.165796
39.365444
0 -77.164376
39.368138
0 -77.158185
39.373451
0 -77.159191
39.374094
0 -77.156317
39.378549
0 -77.156119
39.378939
0 -77.155815
39.380203
0 -77.155907
39.381901
0 -77.156204
39.3829
0 -77.153878
39.388182
0 -77.153804
39.388695
0 -77.15381
39.389682
0 -77.154384
39.391298
0 -77.154027
39.392238
0 -77.153118
39.394229
0 -77.150043
39.401196
0 -77.148348
39.405291
0 -77.146997
39.412544
0 -77.147198
39.413038
0 -77.148147
39.416431
0 -77.148037
39.417755
0 -77.14717
39.419005
0 -77.144746
39.420539
0 -77.140454
39.424136
0 -77.137854
39.427175
0 -77.135939
39.430217
0 -77.134194
39.43169
0 -77.133448
39.432401
0 -77.130213
39.439175
0 -77.126705
39.443833
0 -77.126572
39.444817
0 -77.123827
39.451465
0 -77.11605
39.460344
0 -77.118941
39.463105
0 -77.119951
39.465585
0 -77.119251
39.468685
0 -77.118679
39.473691
0 -77.117073
39.475472
0 -77.117686
39.478619
0 -77.1102
39.486004
0 -77.108489
39.489476
0 -77.106839
39.491661
0 -77.107711
39.494556
0 -77.108927
39.495345
0 -77.109998
39.49748
0 -77.112432
39.497494
0 -77.115286
39.499373
0 -77.121646
39.50439
0 -77.124903
39.505368
0 -77.129084
39.509169
0 -77.129755
39.50956
0 -77.133552
39.508551
0 -77.134312
39.50955
0 -77.13468
39.511896
0 -77.136267
39.512814
0 -77.138058
39.516037
0 -77.136951
39.517403
0 -77.138487
39.520518
0 -77.14067
39.521331
0 -77.143824
39.521794
0 -77.146561
39.521669
0 -77.14734
39.522196
0 -77.149914
39.521944
0 -77.150927
39.523279
0 -77.15026
39.524409
0 -77.150316
39.526271
0 -77.151152
39.527281
0 -77.151668
39.529593
0 -77.151143
39.530773
0 -77.15234
39.532498
0 -77.153879
39.533322
0 -77.155963
39.53369
0 -77.158856
39.533042
0 -77.162092
39.532449
0 -77.165246
39.533007
0 -77.165322
39.534001
0 -77.168669
39.533741
0 -77.170207
39.534226
0 -77.171278
39.535703
0 -77.170406
39.536592
0 -77.171462
39.539233
0 -77.169
39.542291
0 -77.169468
39.543384
0 -77.171603
39.543823
0 -77.171751
39.546645
0 -77.169616
39.549851
0 -77.169154
39.551751
0 -77.169445
39.554118
0 -77.171494
39.554639
0 -77.173267
39.55655
0 -77.173168
39.557808
0 -77.175082
39.559883
0 -77.181005
39.559697
0 -77.182587
39.55934
0 -77.183516
39.560537
0 -77.187077
39.562936
0 -77.18697
39.566675
0 -77.189233
39.56847
0 -77.191128
39.570985
0 -77.194469
39.572241
0 -77.198024
39.57543
0 -77.199585
39.576672
0 -77.200125
39.578588
0 -77.206993
39.57946
0 -77.211087
39.578871
0 -77.212569
39.577883
0 -77.215639
39.574511
0 -77.217534
39.574549
0 -77.220237
39.575432
0 -77.222103
39.576398
0 -77.222601
39.577929
0 -77.220501
39.57832
0 -77.219111
39.579962
0 -77.220028
39.581872
0 -77.222512
39.583101
0 -77.22608
39.583204
0 -77.229993
39.583433
0 -77.232257
39.584352
0 -77.232628
39.585533
0 -77.230493
39.58677
0 -77.227762
39.586971
0 -77.227842
39.588321
0 -77.230731
39.589015
0 -77.234433
39.588063
0 -77.238006
39.584403
0 -77.239049
39.584917
0 -77.238778
39.588975
0 -77.242533
39.591157
0 -77.246247
39.593039
0 -77.248399
39.595069
0 -77.250225
39.598783
0 -77.250004
39.600266
0 -77.250847
39.601589
0 -77.25348
39.602831
0 -77.256509
39.603771
0 -77.258014
39.603745
0 -77.260157
39.602511
0 -77.262033
39.599435
0 -77.261192
39.59678
0 -77.2596
39.594982
0 -77.260093
39.594013
0 -77.262759
39.59406
0 -77.263701
39.594767
0 -77.266417
39.598734
0 -77.270008
39.600044
0 -77.27092
39.601223
0 -77.269786
39.603519
0 -77.270071
39.604971
0 -77.271574
39.606221
0 -77.276239
39.606249
0 -77.279864
39.607058
0 -77.283214
39.607236
0 -77.28582
39.607745
0 -77.287346
39.606487
0 -77.287747
39.604516
0 -77.290506
39.604508
0 -77.290304
39.60664
0 -77.294006
39.610328
0 -77.295734
39.611401
0 -77.29977
39.612284
0 -77.30163
39.613548
0 -77.303496
39.615814
0 -77.305182
39.616854
0 -77.307416
39.619101
0 -77.305684
39.620475
0 -77.301795
39.621203
0 -77.299485
39.623577
0 -77.300552
39.625156
0 -77.301785
39.625739
0 -77.305352
39.626419
0 -77.30778
39.628181
0 -77.309562
39.630764
0 -77.309775
39.636143
0 -77.311355
39.638029
0 -77.31151
39.639138
0 -77.309717
39.640523
0 -77.30708
39.641118
0 -77.3026
39.640213
0 -77.299981
39.639289
0 -77.298433
39.638136
0 -77.298328
39.636186
0 -77.297537
39.634943
0 -77.295482
39.633605
0 -77.294471
39.631723
0 -77.291457
39.63058
0 -77.283843
39.630916
0 -77.279969
39.630783
0 -77.2772
39.631289
0 -77.275846
39.63266
0 -77.279217
39.636281
0 -77.277263
39.638888
0 -77.276077
39.639628
0 -77.272028
39.640938
0 -77.271267
39.642
0 -77.272366
39.643544
0 -77.275472
39.646335
0 -77.275617
39.647125
0 -77.272471
39.651545
0 -77.269878
39.653545
0 -77.266145
39.655072
0 -77.265357
39.656153
0 -77.265216
39.658152
0 -77.266601
39.66141
0 -77.266419
39.662021
0 -77.26469
39.663764
0 -77.262151
39.665168
0 -77.255839
39.663211
0 -77.255245
39.663708
0 -77.254905
39.667285
0 -77.254234
39.667817
0 -77.249283
39.667477
0 -77.245068
39.669579
0 -77.243186
39.669926
0 -77.240716
39.6721
0 -77.236786
39.674565
0 -77.234468
39.677603
0 -77.234378
39.679013
0 -77.236372
39.68118
0 -77.235961
39.68521
0 -77.236805
39.686252
0 -77.238662
39.686934
0 -77.24238
39.690383
0 -77.243998
39.690865
0 -77.244437
39.692281
0 -77.24299
39.695013
0 -77.239662
39.695673
0 -77.237019
39.694722
0 -77.229364
39.694325
0 -77.225968
39.693839
0 -77.217783
39.696342
0 -77.216261
39.697413
0 -77.215194
39.699223
0 -77.216159
39.701354
0 -77.218643
39.702965
0 -77.224319
39.704526
0 -77.226637
39.706637
0 -77.226557
39.708471
0 -77.225743
39.709846
0 -77.223704
39.710729
0 -77.218535
39.711396
0 -77.215442
39.713006
0 -77.215441
39.714671
0 -77.214594
39.716862
0 -77.215709
39.719238
0 -77.217024
39.719998
0 -77.2172435391061
39.719998
0 -77.239807
39.719998
0 -77.243307
39.719998
0 -77.2435770761935
39.7199980239177
0 -77.2930099912856
39.72000240165
0 -77.3069409915306
39.7200036353662
0 -77.3202591801895
39.7200048148124
0 -77.3505779909227
39.7200074998177
0 -77.3506753876148
39.720007508443
0 -77.3630643048384
39.7200086055938
0 -77.3695209900657
39.7200091773918
0 -77.3802426371882
39.7200101268907
0 -77.4074199864032
39.7200125336911
0 -77.4594270595719
39.7200171393884
0 -77.469145
39.720018
0 -77.473992
39.71368
0 -77.476815
39.712005
0 -77.479766
39.708915
0 -77.486239
39.704619
0 -77.486743
39.703027
0 -77.487601
39.701245
0 -77.489662
39.698793
0 -77.490537
39.695568
0 -77.491674
39.694915
0 -77.493519
39.69259
0 -77.495798
39.691498
0 -77.496888
39.690396
0 -77.499656
39.689506
0 -77.503158
39.689231
0 -77.505592
39.687461
0 -77.50836
39.684072
0 -77.499708
39.684061
0 -77.497082
39.683133
0 -77.496199
39.682008
0 -77.493057
39.677555
0 -77.492874
39.676425
0 -77.49466
39.674633
0 -77.49678
39.671695
0 -77.497047
39.669467
0 -77.498443
39.667541
0 -77.504567
39.664313
0 -77.504508
39.661692
0 -77.508262
39.658866
0 -77.512077
39.654205
0 -77.513229
39.651344
0 -77.513236
39.649917
0 -77.516113
39.647003
0 -77.517234
39.644714
0 -77.520004
39.640815
0 -77.525764
39.637531
0 -77.526518
39.635993
0 -77.52626
39.635002
0 -77.530357
39.63169
0 -77.53276
39.631183
0 -77.535469
39.63165
0 -77.53756
39.632735
0 -77.54068
39.633561
0 -77.545411
39.63335
0 -77.547508
39.632305
0 -77.548446
39.631225
0 -77.550018
39.626632
0 -77.550765
39.625312
0 -77.556197
39.624022
0 -77.559097
39.623034
0 -77.570182
39.619998
0 -77.573722
39.613037
0 -77.574752
39.61161
0 -77.575706
39.609714
0 -77.577644
39.60305
0 -77.577751
39.601608
0 -77.577919
39.598793
0 -77.581054
39.591735
0 -77.581977
39.58876
0 -77.585304
39.583297
0 -77.58451
39.581607
0 -77.585708
39.575363
0 -77.586761
39.571365
0 -77.587821
39.570377
0 -77.589308
39.567092
0 -77.591407
39.565208
0 -77.593971
39.563919
0 -77.594467
39.562294
0 -77.593833
39.561298
0 -77.59452
39.559051
0 -77.594337
39.555702
0 -77.594856
39.552986
0 -77.595909
39.551109
0 -77.597358
39.550281
0 -77.598731
39.550724
0 -77.599418
39.549709
0 -77.598419
39.5475
0 -77.598214
39.544044
0 -77.597068
39.541975
0 -77.597704
39.540781
0 -77.602654
39.539318
0 -77.606072
39.536719
0 -77.606595
39.535555
0 -77.607388
39.53535
0 -77.609965
39.53216
0 -77.610461
39.530476
0 -77.613484
39.528667
0 -77.613135
39.527885
0 -77.614801
39.525994
0 -77.614347
39.524249
0 -77.61482
39.522153
0 -77.618117
39.518577
0 -77.618448
39.517141
0 -77.620384
39.513118
0 -77.619781
39.511791
0 -77.621261
39.510452
0 -77.622604
39.507598
0 -77.62117
39.506553
0 -77.621215
39.50428
0 -77.622833
39.501873
0 -77.623077
39.500423
0 -77.619902
39.49689
0 -77.61441
39.491551
0 -77.614997
39.490242
0 -77.62017
39.484695
0 -77.621078
39.484325
0 -77.622024
39.481754
0 -77.620666
39.47789
0 -77.618005
39.474821
0 -77.616728
39.470721
0 -77.616156
39.468371
0 -77.618453
39.466197
0 -77.620567
39.465442
0 -77.621734
39.463962
0 -77.621856
39.459674
0 -77.626811
39.457106
0 -77.628554
39.451547
0 -77.626907
39.448455
0 -77.629264
39.4486
0 -77.633842
39.446819
0 -77.634689
39.445549
0 -77.634628
39.443016
0 -77.637008
39.438529
0 -77.637969
39.434665
0 -77.637725
39.432086
0 -77.638305
39.430324
0 -77.637741
39.424823
0 -77.638076
39.422779
0 -77.639793
39.416881
0 -77.640922
39.414733
0 -77.640037
39.408428
0 -77.63932
39.407356
0 -77.640068
39.405767
0 -77.640151
39.403591
0 -77.641548
39.39965
0 -77.64304
39.396817
0 -77.645333
39.391389
0 -77.646086
39.390315
0 -77.647079
39.387229
0 -77.647857
39.383247
0 -77.649694
39.380631
0 -77.651552
39.375112
0 -77.654334
39.371422
0 -77.656177
39.368397
0 -77.657701
39.366948
0 -77.658843
39.365437
0 -77.660672
39.363119
0 -77.661867
39.360117
0 -77.664591
39.355618
0 -77.666887
39.350732
0 -77.671516
39.345605
0 -77.673442
39.344225
0 -77.67396
39.343061
0 -77.675254
39.338024
0 -77.676371
39.330325
0 -77.677164
39.324534
0 