-96.496713
31.796191
0 -96.494025
31.792284
0 -96.471094
31.758977
0 -96.462534
31.746498
0 -96.452217
31.731376
0 -96.42149
31.686261
0 -96.409725
31.668997
0 -96.394669
31.646896
0 -96.381483
31.627543
0 -96.375254
31.618428
0 -96.373057
31.615545
0 -96.337684
31.563247
0 -96.294608
31.499712
0 -96.251037
31.436723
0 -96.246138
31.427615
0 -96.245358
31.426656
0 -96.236629
31.413392
0 -96.170684
31.443692
0 -96.165463
31.446432
0 -96.146718
31.454635
0 -96.142751
31.456447
0 -96.142475
31.456604
0 -96.091855
31.479759
0 -96.079774
31.485313
0 -96.058572
31.49507
0 -95.99245
31.525444
0 -95.902497
31.566368
0 -95.891227
31.571491
0 -95.864156
31.583507
0 -95.841139
31.59391
0 -95.841035
31.593957
0 -95.7873
31.618385
0 -95.788971
31.622188
0 -95.788167
31.626173
0 -95.79017
31.627723
0 -95.793782
31.628167
0 -95.795636
31.62893
0 -95.796653
31.631059
0 -95.796733
31.632132
0 -95.795103
31.638252
0 -95.792327
31.64314
0 -95.789737
31.646212
0 -95.789679
31.648776
0 -95.790625
31.653016
0 -95.791665
31.654136
0 -95.794081
31.66031
0 -95.793723
31.661033
0 -95.790683
31.663068
0 -95.790263
31.66399
0 -95.790665
31.667342
0 -95.79009
31.670143
0 -95.788981
31.671916
0 -95.784353
31.675894
0 -95.782216
31.678975
0 -95.780164
31.68281
0 -95.779678
31.684579
0 -95.780888
31.685368
0 -95.787903
31.687313
0 -95.788427
31.688667
0 -95.787127
31.691537
0 -95.787553
31.692596
0 -95.788749
31.692317
0 -95.79078
31.689453
0 -95.791354
31.685635
0 -95.792614
31.681856
0 -95.794369
31.679977
0 -95.794999
31.678093
0 -95.794815
31.676164
0 -95.795439
31.674935
0 -95.800316
31.675132
0 -95.802063
31.674376
0 -95.804622
31.671369
0 -95.805732
31.671075
0 -95.809
31.672108
0 -95.810561
31.673461
0 -95.816465
31.681272
0 -95.817307
31.683106
0 -95.819889
31.686668
0 -95.821283
31.686967
0 -95.823067
31.686525
0 -95.824287
31.686866
0 -95.827123
31.689754
0 -95.829638
31.69187
0 -95.831204
31.693723
0 -95.833102
31.694907
0 -95.835324
31.695597
0 -95.84553
31.696049
0 -95.850497
31.697865
0 -95.852779
31.697805
0 -95.85516
31.696471
0 -95.857538
31.69295
0 -95.858822
31.690108
0 -95.860954
31.687746
0 -95.862206
31.687465
0 -95.863701
31.690671
0 -95.865395
31.692007
0 -95.872512
31.693008
0 -95.875347
31.694822
0 -95.877027
31.69864
0 -95.879401
31.699356
0 -95.880632
31.700369
0 -95.88044
31.70335
0 -95.879423
31.703517
0 -95.877032
31.702378
0 -95.87485
31.702949
0 -95.875784
31.705138
0 -95.87751
31.707127
0 -95.87769
31.708634
0 -95.875667
31.711731
0 -95.876092
31.715252
0 -95.875933
31.717219
0 -95.875016
31.719028
0 -95.871336
31.719869
0 -95.869681
31.719648
0 -95.867137
31.718189
0 -95.86661
31.719099
0 -95.867023
31.719962
0 -95.866629
31.722764
0 -95.86882
31.724652
0 -95.86874
31.725745
0 -95.866985
31.727432
0 -95.86692
31.728143
0 -95.867028
31.728634
0 -95.868864
31.732011
0 -95.869538
31.734751
0 -95.869869
31.738604
0 -95.870508
31.739508
0 -95.871446
31.739583
0 -95.875039
31.738411
0 -95.875134
31.736107
0 -95.876287
31.733333
0 -95.87714
31.732568
0 -95.878891
31.732585
0 -95.880822
31.734671
0 -95.881151
31.735847
0 -95.880889
31.738703
0 -95.879515
31.741159
0 -95.875617
31.743415
0 -95.873078
31.743897
0 -95.868825
31.741444
0 -95.86679
31.741983
0 -95.86685
31.743463
0 -95.868833
31.74599
0 -95.871666
31.745297
0 -95.873245
31.747082
0 -95.873362
31.75029
0 -95.873848
31.753497
0 -95.874718
31.754673
0 -95.875937
31.755503
0 -95.878697
31.756392
0 -95.882735
31.756438
0 -95.886343
31.757772
0 -95.889509
31.756466
0 -95.891058
31.756708
0 -95.892776
31.758416
0 -95.895147
31.75844
0 -95.897824
31.756138
0 -95.898529
31.753155
0 -95.900079
31.752132
0 -95.901568
31.75327
0 -95.901928
31.754841
0 -95.900498
31.757995
0 -95.901776
31.760485
0 -95.903336
31.761824
0 -95.902935
31.762535
0 -95.899477
31.761337
0 -95.898033
31.76246
0 -95.896544
31.765261
0 -95.896687
31.766105
0 -95.897965
31.766963
0 -95.902178
31.767592
0 -95.903924
31.767399
0 -95.90693
31.765861
0 -95.908587
31.76566
0 -95.911495
31.766351
0 -95.914343
31.765564
0 -95.91589
31.765882
0 -95.918531
31.767158
0 -95.919741
31.768391
0 -95.921018
31.768202
0 -95.921268
31.767015
0 -95.924241
31.76585
0 -95.925777
31.766638
0 -95.930431
31.772335
0 -95.930766
31.774264
0 -95.932335
31.773999
0 -95.932937
31.770823
0 -95.933846
31.769809
0 -95.935849
31.770042
0 -95.937036
31.771683
0 -95.938127
31.774159
0 -95.938991
31.774664
0 -95.942023
31.775113
0 -95.948698
31.775094
0 -95.952224
31.775678
0 -95.953019
31.776284
0 -95.953197
31.779755
0 -95.954301
31.781251
0 -95.955705
31.78182
0 -95.959317
31.782072
0 -95.960463
31.782592
0 -95.961006
31.784064
0 -95.960703
31.78709
0 -95.961963
31.788973
0 -95.963066
31.789426
0 -95.96739
31.788102
0 -95.969418
31.788095
0 -95.972715
31.788729
0 -95.975318
31.787783
0 -95.977994
31.784395
0 -95.979537
31.784084
0 -95.980568
31.784561
0 -95.983574
31.788002
0 -95.983449
31.789979
0 -95.981718
31.792628
0 -95.979617
31.794439
0 -95.978528
31.796098
0 -95.976181
31.802196
0 -95.976181
31.803977
0 -95.975398
31.807546
0 -95.974955
31.811945
0 -95.976798
31.814568
0 -95.976152
31.81651
0 -95.973232
31.819136
0 -95.97376
31.820641
0 -95.976424
31.821611
0 -95.977578
31.824203
0 -95.977972
31.827163
0 -95.97791
31.833241
0 -95.978493
31.834259
0 -95.984395
31.836867
0 -95.985637
31.83885
0 -95.98801
31.840327
0 -95.990116
31.83963
0 -95.992023
31.839617
0 -95.993222
31.840652
0 -95.994543
31.843359
0 -95.993565
31.84586
0 -95.990868
31.848507
0 -95.988192
31.855762
0 -95.987619
31.858784
0 -95.986275
31.860174
0 -95.982376
31.861815
0 -95.980083
31.862398
0 -95.977899
31.868746
0 -95.976665
31.870734
0 -95.97436
31.872091
0 -95.972169
31.871797
0 -95.969729
31.870648
0 -95.96832
31.87087
0 -95.968119
31.87246
0 -95.970056
31.874897
0 -95.969759
31.876739
0 -95.97029
31.877187
0 -95.974597
31.877192
0 -95.977263
31.877542
0 -95.97953
31.876782
0 -95.981965
31.875305
0 -95.987318
31.873117
0 -95.988442
31.873667
0 -95.989259
31.875966
0 -95.991374
31.875878
0 -95.991579
31.874079
0 -95.988805
31.872237
0 -95.989117
31.868676
0 -95.989899
31.868082
0 -95.991391
31.868749
0 -95.992579
31.868348
0 -95.992924
31.866778
0 -95.994127
31.866258
0 -95.997506
31.868062
0 -96.000236
31.868121
0 -96.001267
31.869281
0 -96.001033
31.872336
0 -96.003283
31.871996
0 -96.004831
31.872639
0 -96.0051
31.875141
0 -96.003972
31.876949
0 -96.006654
31.881021
0 -96.007907
31.881136
0 -96.009372
31.879266
0 -96.013534
31.875458
0 -96.018597
31.871972
0 -96.019929
31.871645
0 -96.024265
31.87312
0 -96.027622
31.877875
0 -96.027607
31.881215
0 -96.026584
31.883189
0 -96.026716
31.886172
0 -96.025486
31.889215
0 -96.025004
31.892016
0 -96.023311
31.896186
0 -96.021571
31.898068
0 -96.019472
31.903771
0 -96.018358
31.903885
0 -96.01664
31.902741
0 -96.015759
31.903263
0 -96.01589
31.905144
0 -96.014667
31.906663
0 -96.013579
31.911114
0 -96.011816
31.911389
0 -96.010098
31.908739
0 -96.009282
31.90608
0 -96.008332
31.905262
0 -96.00718
31.906176
0 -96.007322
31.908064
0 -96.006533
31.908533
0 -96.004614
31.907734
0 -96.002919
31.906242
0 -96.001341
31.90717
0 -96.002616
31.911435
0 -96.002669
31.912795
0 -96.004806
31.916358
0 -96.004264
31.919055
0 -96.005218
31.919087
0 -96.006569
31.917729
0 -96.008329
31.91852
0 -96.00617
31.924292
0 -96.006536
31.925068
0 -96.00998
31.928412
0 -96.013442
31.929918
0 -96.012702
31.931317
0 -96.010407
31.933639
0 -96.01131
31.934529
0 -96.016401
31.934718
0 -96.019763
31.936902
0 -96.020889
31.938224
0 -96.019923
31.940163
0 -96.017888
31.941169
0 -96.015118
31.944612
0 -96.014512
31.9461
0 -96.015944
31.948467
0 -96.019272
31.949091
0 -96.020709
31.950569
0 -96.020463
31.952473
0 -96.019358
31.95414
0 -96.019754
31.955211
0 -96.02193
31.957299
0 -96.025342
31.95732
0 -96.028975
31.957916
0 -96.030014
31.957321
0 -96.029318
31.955925
0 -96.029812
31.954779
0 -96.033335
31.952884
0 -96.034896
31.952563
0 -96.040837
31.952134
0 -96.040674
31.950808
0 -96.039046
31.950497
0 -96.037652
31.949505
0 -96.037751
31.948391
0 -96.040529
31.946453
0 -96.041451
31.944927
0 -96.042532
31.945317
0 -96.043751
31.949502
0 -96.044799
31.950967
0 -96.04734
31.951747
0 -96.050197
31.949143
0 -96.053354
31.947823
0 -96.054688
31.948225
0 -96.056853
31.953021
0 -96.058735
31.953992
0 -96.061559
31.954823
0 -96.062172
31.95634
0 -96.061883
31.959552
0 -96.06046
31.960547
0 -96.058358
31.959765
0 -96.057211
31.96022
0 -96.057131
31.962139
0 -96.055892
31.96365
0 -96.052478
31.964028
0 -96.051254
31.963597
0 -96.050394
31.961161
0 -96.047614
31.960065
0 -96.044976
31.959752
0 -96.043816
31.960289
0 -96.042914
31.962793
0 -96.044175
31.964125
0 -96.046584
31.965207
0 -96.047295
31.966013
0 -96.046794
31.967884
0 -96.04575
31.968858
0 -96.046441
31.970182
0 -96.049436
31.969474
0 -96.051256
31.969513
0 -96.054124
31.970519
0 -96.055583
31.972045
0 -96.055627
31.973023
0 -96.054405
31.974501
0 -96.054733
31.975328
0 -96.057985
31.97482
0 -96.061314
31.975379
0 -96.061735
31.977784
0 -96.063641
31.979135
0 -96.064804
31.980664
0 -96.063048
31.982008
0 -96.061849
31.985159
0 -96.060785
31.986929
0 -96.059715
31.987422
0 -96.057627
31.98671
0 -96.056498
31.987766
0 -96.056726
31.990869
0 -96.053785
31.993021
0 -96.051554
31.995826
0 -96.048953
31.997591
0 -96.049209
31.998563
0 -96.051208
32.000764
0 -96.052668
32.004055
0 -96.052786
32.005895
0 -96.053215
32.009384
0 -96.05478
32.012526
0 -96.120491
31.980805
0 -96.153581
31.96475
0 -96.248657
31.918424
0 -96.302146
31.892304
0 -96.302738
31.892076
0 -96.322849
31.882226
0 -96.333058
31.877243
0 -96.335699
31.875965
0 -96.337171
31.875162
0 -96.339492
31.874072
0 -96.339683
31.873983
0 -96.340177
31.873736
0 -96.343493
31.872071
0 -96.351257
31.868174
0 -96.377915
31.854857
0 -96.454629
31.816965
0 -96.454908
31.816828
0 -96.455171
31.816697
0 -96.496713
31.796191
0 