-93.648441
43.572036
0 -93.6485330413135
43.4995586947376
0 -93.617131
43.499548
0 -93.6169108065024
43.499547847402
0 -93.6045520677199
43.4995392825755
0 -93.576728
43.49952
0 -93.558631
43.499521
0 -93.532178
43.499472
0 -93.5284830459956
43.499471000283
0 -93.528482
43.499471
0 -93.4984250755418
43.499456492362
0 -93.497405
43.499456
0 -93.4973499498203
43.4994557652059
0 -93.488261
43.499417
0 -93.482009
43.499482
0 -93.4785403376168
43.4994511004546
0 -93.472804
43.4994
0 -93.468563
43.499473
0 -93.428509
43.499478
0 -93.4086159852097
43.4994827245404
0 -93.399035
43.499485
0 -93.3986130480857
43.4994845721948
0 -93.3799233976097
43.499465623282
0 -93.3536890743447
43.4994390250371
0 -93.298923076548
43.499383499327
0 -93.2890430978566
43.4993734822936
0 -93.2718
43.499356
0 -93.2716540197297
43.4993567173394
0 -93.2609841972866
43.4994091482888
0 -93.228861
43.499567
0 -93.2288570001427
43.4995670000978
0 -93.2260580010533
43.4995670685558
0 -93.2010980001878
43.4995676790277
0 -93.1691729999379
43.4995684598497
0 -93.1412202466295
43.4995691435185
0 -93.1004559982424
43.4995701405309
0 -93.0653588213722
43.499570998938
0 -93.0491919967323
43.4995713943464
0 -93.049405
43.551345
0 -93.049331
43.579418
0 -93.049331
43.586809
0 -93.04933
43.590726
0 -93.049371
43.601308
0 -93.049306
43.623025
0 -93.049239
43.637539
0 -93.04943
43.651968
0 -93.049392
43.666605
0 -93.049374
43.673786
0 -93.04934
43.686589
0 -93.049245
43.715351
0 -93.049258
43.717362
0 -93.049326
43.739021
0 -93.049452
43.760959
0 -93.049524
43.848443
0 -93.050386
43.848463
0 -93.085572
43.848436
0 -93.165856
43.84832
0 -93.169428
43.848313
0 -93.200664
43.848249
0 -93.229345
43.848202
0 -93.250458
43.848189
0 -93.285416
43.848154
0 -93.286509
43.848153
0 -93.289507
43.848151
0 -93.309139
43.848159
0 -93.406642
43.84812
0 -93.408927
43.848112
0 -93.508771
43.848069
0 -93.527095
43.847997
0 -93.528604
43.847996
0 -93.542665
43.847993
0 -93.562947
43.848039
0 -93.607121
43.848071
0 -93.607925
43.848071
0 -93.617164
43.848078
0 -93.647285
43.848141
0 -93.64829
43.848139
0 -93.648013
43.847606
0 -93.64809
43.840693
0 -93.6481
43.784162
0 -93.648282
43.782424
0 -93.648312
43.767921
0 -93.648304
43.760652
0 -93.648303
43.760297
0 -93.648442
43.705883
0 -93.648414
43.673413
0 -93.648428
43.658967
0 -93.648516
43.644432
0 -93.648438
43.594326
0 -93.648422
43.586489
0 -93.648441
43.572036
0 