-99.41388
29.091335
0 -99.413383
29.03308
0 -99.412345
28.920603
0 -99.411981
28.883326
0 -99.411735
28.838022
0 -99.411596
28.819232
0 -99.40968
28.716267
0 -99.409684
28.712098
0 -99.409759
28.707642
0 -99.409366
28.703522
0 -99.409021
28.640566
0 -99.395736
28.640784
0 -99.214562
28.644065
0 -99.213682
28.643888
0 -99.205866
28.644111
0 -99.179068
28.644122
0 -99.177155
28.644168
0 -99.161901
28.64422
0 -99.161249
28.644185
0 -99.117349
28.644616
0 -99.053798
28.645155
0 -98.800841
28.647487
0 -98.802839
28.846522
0 -98.803069
28.867275
0 -98.80396
28.949712
0 -98.804349
28.984468
0 -98.804458
29.000245
0 -98.804612
29.001433
0 -98.804733
29.021569
0 -98.80472
29.033452
0 -98.804724
29.034322
0 -98.8049
29.090434
0 -98.863111
29.090316
0 -98.87208
29.09024
0 -98.875305
29.090636
0 -98.905573
29.090593
0 -98.913201
29.090628
0 -98.955407
29.090875
0 -99.077697
29.090946
0 -99.09132
29.090958
0 -99.120777
29.091002
0 -99.125323
29.090604
0 -99.191259
29.091047
0 -99.192524
29.090872
0 -99.200379
29.090815
0 -99.233818
29.090938
0 -99.247993
29.091023
0 -99.253227
29.091533
0 -99.41388
29.091335
0 