-100.783018
40.54166
0 -100.782819
40.525536
0 -100.782047
40.503781
0 -100.782053
40.503194
0 -100.7815
40.489447
0 -100.781248
40.488051
0 -100.781172
40.481215
0 -100.781088
40.473736
0 -100.780725
40.437378
0 -100.780058
40.404523
0 -100.780154
40.400988
0 -100.779862
40.398636
0 -100.779814
40.393032
0 -100.779571
40.375005
0 -100.778017
40.361648
0 -100.777885
40.35656
0 -100.777376
40.349466
0 -100.758435
40.349507
0 -100.758099
40.3495
0 -100.665203
40.349678
0 -100.649083
40.34973
0 -100.609301
40.349736
0 -100.587883
40.349664
0 -100.552555
40.350053
0 -100.533755
40.35007
0 -100.514598
40.350019
0 -100.500424
40.349979
0 -100.498734
40.350259
0 -100.440257
40.350819
0 -100.422735
40.350996
0 -100.366968
40.351502
0 -100.365753
40.35146
0 -100.333705
40.350935
0 -100.326756
40.350482
0 -100.310071
40.349891
0 -100.300918
40.349568
0 -100.296575
40.349656
0 -100.269568
40.349259
0 -100.26893
40.349239
0 -100.25423
40.349571
0 -100.252662
40.349498
0 -100.250127
40.349587
0 -100.243353
40.349773
0 -100.21315
40.349894
0 -100.197807
40.350027
0 -100.156741
40.350519
0 -100.094798
40.351245
0 -100.094934
40.358819
0 -100.09504
40.394961
0 -100.095095
40.438656
0 -100.089374
40.4387
0 -100.086017
40.438952
0 -100.075745
40.438505
0 -100.044122
40.43866
0 -100.037759
40.43854
0 -100.02843
40.438485
0 -100.018854
40.438429
0 -99.981193
40.438291
0 -99.981282
40.460202
0 -99.981305
40.467418
0 -99.981651
40.525437
0 -99.981728
40.554097
0 -99.981786
40.612604
0 -99.981401
40.626922
0 -99.981743
40.700003
0 -100.095519
40.70015
0 -100.109452
40.700202
0 -100.185121
40.700216
0 -100.185628
40.700257
0 -100.204567
40.700269
0 -100.209314
40.700284
0 -100.223311
40.700254
0 -100.256502
40.700269
0 -100.257525
40.70038
0 -100.258984
40.700275
0 -100.322957
40.700217
0 -100.336929
40.700215
0 -100.361849
40.700326
0 -100.362698
40.70026
0 -100.436691
40.700326
0 -100.451329
40.700262
0 -100.458846
40.700053
0 -100.463729
40.700271
0 -100.550603
40.700291
0 -100.560756
40.70029
0 -100.564543
40.700276
0 -100.583771
40.700179
0 -100.60983
40.700114
0 -100.668056
40.700113
0 -100.777833
40.700135
0 -100.779227
40.692008
0 -100.779927
40.682308
0 -100.781932
40.612981
0 -100.781932
40.612945
0 -100.7817
40.598341
0 -100.781788
40.591109
0 -100.781685
40.569074
0 -100.782537
40.556613
0 -100.783018
40.54166
0 