-100.197807
40.350027
0 -100.195351
40.276467
0 -100.195257
40.270471
0 -100.195216
40.263648
0 -100.195094
40.233968
0 -100.194649
40.175602
0 -100.194329
40.160961
0 -100.194326
40.160884
0 -100.194112
40.118471
0 -100.193967
40.109892
0 -100.193894
40.108551
0 -100.19383
40.102541
0 -100.1937
40.08865
0 -100.193623
40.087947
0 -100.193245
40.030582
0 -100.193291
40.030407
0 -100.193596885795
40.0015728385343
0 -100.19359
40.001573
0 -100.190323
40.001586
0 -100.188181
40.001541
0 -100.177823
40.001593
0 -100.177794883236
40.0015929864604
0 -100.145890034853
40.0015776227234
0 -100.137250032523
40.0015734621419
0 -100.131523507268
40.0015707045413
0 -100.127210044963
40.0015686273993
0 -100.099189029792
40.001555133917
0 -100.080715024444
40.0015462377845
0 -100.042975064497
40.0015280641573
0 -100.032247054946
40.0015228980987
0 -99.990926
40.001503
0 -99.986611
40.00155
0 -99.9576989985665
40.0017477904583
0 -99.948167
40.001813
0 -99.944417
40.001584
0 -99.930433
40.001516
0 -99.906658
40.001512
0 -99.8546011747661
40.0014494806778
0 -99.8500809010537
40.0014440519094
0 -99.8322154810704
40.0014225958575
0 -99.813401
40.0014
0 -99.77564
40.001647
0 -99.772121
40.001804
0 -99.764214
40.001551
0 -99.756835
40.001342
0 -99.746628
40.00182
0 -99.7411603496972
40.0018226091453
0 -99.731959
40.001827
0 -99.719639
40.001808
0 -99.628346
40.001866
0 -99.6282545420969
40.0018659613449
0 -99.628497
40.011468
0 -99.628593
40.016308
0 -99.628744
40.019843
0 -99.628612
40.023239
0 -99.62898
40.038175
0 -99.629097
40.045506
0 -99.629456
40.070732
0 -99.629722
40.081805
0 -99.629925
40.089056
0 -99.629917
40.110393
0 -99.629974
40.120042
0 -99.629716
40.125727
0 -99.629751
40.132651
0 -99.629764
40.135069
0 -99.629788
40.139132
0 -99.630002
40.147025
0 -99.629855
40.152288
0 -99.629928
40.155395
0 -99.63007
40.161463
0 -99.629825
40.175864
0 -99.629876
40.184935
0 -99.629905
40.190925
0 -99.63037
40.238294
0 -99.630672
40.246433
0 -99.630683
40.246727
0 -99.630616
40.25586
0 -99.630461
40.258622
0 -99.630625
40.259805
0 -99.630632
40.261719
0 -99.630628
40.263559
0 -99.630459
40.35112
0 -99.642209
40.3512
0 -99.692423
40.351205
0 -99.722119
40.351237
0 -99.726037
40.351239
0 -99.736122
40.351224
0 -99.742689
40.351201
0 -99.745474
40.35117
0 -99.754917
40.351102
0 -99.755093
40.351102
0 -99.7612
40.351108
0 -99.781588
40.351034
0 -99.855067
40.351088
0 -99.867723
40.351111
0 -99.896171
40.351108
0 -99.932077
40.351281
0 -99.968067
40.351238
0 -99.981186
40.351229
0 -100.075959
40.351256
0 -100.080979
40.351218
0 -100.084523
40.351227
0 -100.094798
40.351245
0 -100.156741
40.350519
0 -100.197807
40.350027
0 