-80.949599
36.662992
0 -80.950021
36.655284
0 -80.948847
36.65332
0 -80.947754
36.648361
0 -80.945491
36.647496
0 -80.945328
36.647437
0 -80.940444
36.64567
0 -80.921711
36.643533
0 -80.931655
36.628494
0 -80.931024
36.625445
0 -80.928806
36.625128
0 -80.924487
36.626024
0 -80.921073
36.625549
0 -80.921016
36.627622
0 -80.916043
36.629343
0 -80.914556
36.640048
0 -80.917468
36.64507
0 -80.917219
36.64705
0 -80.914841
36.649544
0 -80.914173
36.650246
0 -80.902343
36.66327
0 -80.900242
36.663898
0 -80.900219
36.665606
0 -80.894966
36.671371
0 -80.888758
36.675437
0 -80.877274
36.692215
0 -80.878301
36.692618
0 -80.883689
36.694731
0 -80.884507
36.695053
0 -80.889397
36.692612
0 -80.891142
36.695963
0 -80.896789
36.694156
0 -80.899839
36.694206
0 -80.903168
36.692941
0 -80.903168
36.691664
0 -80.901972
36.691698
0 -80.901972
36.690072
0 -80.898982
36.690216
0 -80.897957
36.688622
0 -80.90549
36.686853
0 -80.905373
36.688447
0 -80.90706
36.691113
0 -80.907932
36.690658
0 -80.910521
36.694951
0 -80.914568
36.694973
0 -80.917573
36.694133
0 -80.916341
36.693299
0 -80.916477
36.690969
0 -80.91564
36.689247
0 -80.917047
36.689096
0 -80.917318
36.686379
0 -80.91845
36.683269
0 -80.91791
36.681178
0 -80.916646
36.681144
0 -80.917421
36.679774
0 -80.9189
36.679021
0 -80.920037
36.678153
0 -80.920497
36.678139
0 -80.923382
36.680384
0 -80.923607
36.680629
0 -80.923618
36.681028
0 -80.923482
36.681698
0 -80.923336
36.681969
0 -80.925188
36.682312
0 -80.929119
36.679843
0 -80.931291
36.677478
0 -80.931881
36.676143
0 -80.929991
36.672144
0 -80.930109
36.67111
0 -80.931006
36.67097
0 -80.932271
36.671593
0 -80.930851
36.669879
0 -80.931898
36.669292
0 -80.932875
36.668765
0 -80.938375
36.672016
0 -80.936572
36.675429
0 -80.938429
36.678572
0 -80.940583
36.678535
0 -80.944109
36.676303
0 -80.943635
36.673925
0 -80.940333
36.672597
0 -80.941485
36.671335
0 -80.943483
36.671353
0 -80.945235
36.670541
0 -80.947533
36.66692
0 -80.948207
36.664673
0 -80.949599
36.662992
0 