-117.861944
46.560071
0 -117.863261
46.470935
0 -117.822119
46.471216
0 -117.779521
46.471447
0 -117.751032
46.47144
0 -117.749455
46.471234
0 -117.737301
46.471366
0 -117.737144
46.44933
0 -117.737298
46.441886
0 -117.716674
46.441709
0 -117.716794
46.397868
0 -117.695327
46.397923
0 -117.695631
46.38341
0 -117.674077
46.383253
0 -117.675113
46.337628
0 -117.626021
46.338216
0 -117.623981
46.338385
0 -117.611815
46.338496
0 -117.611845
46.33459
0 -117.613009
46.120572
0 -117.603598
46.120705
0 -117.603163
45.998887
0 -117.504833
45.998317
0 -117.480130482302
45.9978704967484
0 -117.479939
45.999864
0 -117.480045
46.121993
0 -117.419591
46.121921
0 -117.419405
46.124872
0 -117.419593
46.27714
0 -117.419662
46.277545
0 -117.419626
46.279291
0 -117.419513
46.29412
0 -117.420844
46.294158
0 -117.420914
46.323408
0 -117.42074
46.32523
0 -117.420741
46.33866
0 -117.419338
46.383304
0 -117.399358
46.383842
0 -117.398511
46.397942
0 -117.355856
46.397683
0 -117.356128
46.412183
0 -117.247446
46.411148
0 -117.228758
46.411293
0 -117.228896
46.462314
0 -117.233169
46.464095
0 -117.234319
46.465816
0 -117.236853
46.467827
0 -117.237872
46.470056
0 -117.238411
46.470534
0 -117.239687
46.476322
0 -117.238611
46.482146
0 -117.236946
46.484565
0 -117.235237
46.488971
0 -117.233915
46.490288
0 -117.233389
46.493031
0 -117.232077
46.497028
0 -117.231818
46.499881
0 -117.231259
46.500632
0 -117.23205
46.501663
0 -117.232541
46.505567
0 -117.234395
46.508016
0 -117.236013
46.509369
0 -117.240523
46.516591
0 -117.241887
46.519425
0 -117.244438
46.522186
0 -117.246028
46.52775
0 -117.245843
46.528716
0 -117.246754
46.531663
0 -117.249365
46.534964
0 -117.250115
46.53808
0 -117.251302
46.540682
0 -117.252602
46.542282
0 -117.253602
46.544782
0 -117.256802
46.546682
0 -117.259002
46.548982
0 -117.262403
46.551182
0 -117.264203
46.551582
0 -117.268103
46.554582
0 -117.270303
46.555382
0 -117.274304
46.557682
0 -117.280404
46.559881
0 -117.284714
46.562895
0 -117.289905
46.568381
0 -117.292205
46.571481
0 -117.296305
46.574781
0 -117.306206
46.579381
0 -117.309706
46.579781
0 -117.312806
46.580981
0 -117.316507
46.580881
0 -117.318307
46.581281
0 -117.326807
46.580781
0 -117.337964
46.582137
0 -117.342702
46.583776
0 -117.345892
46.585499
0 -117.3494
46.588042
0 -117.3526
46.591923
0 -117.353087
46.593813
0 -117.355282
46.597109
0 -117.356157
46.599426
0 -117.359353
46.602404
0 -117.362032
46.604192
0 -117.367265
46.606465
0 -117.371162
46.609111
0 -117.37741
46.611183
0 -117.381211
46.613981
0 -117.383512
46.615181
0 -117.385512
46.617881
0 -117.387812
46.622481
0 -117.388412
46.624881
0 -117.388812
46.628281
0 -117.388412
46.633381
0 -117.385812
46.636581
0 -117.385712
46.643081
0 -117.38504
46.647061
0 -117.38541
46.648847
0 -117.38775
46.65129
0 -117.392004
46.653714
0 -117.397589
46.655066
0 -117.410264
46.656575
0 -117.41264
46.655988
0 -117.420569
46.65506
0 -117.423037
46.655448
0 -117.429261
46.657543
0 -117.434461
46.6607
0 -117.435601
46.661901
0 -117.441012
46.665672
0 -117.444622
46.669526
0 -117.447793
46.673728
0 -117.452735
46.686131
0 -117.452916
46.688459
0 -117.454087
46.691433
0 -117.458188
46.695122
0 -117.459505
46.696725
0 -117.462756
46.698775
0 -117.465177
46.699775
0 -117.468145
46.70002
0 -117.475331
46.70033
0 -117.476813
46.700151
0 -117.478982
46.699726
0 -117.484082
46.69776
0 -117.487695
46.696332
0 -117.493021
46.693364
0 -117.49659
46.69006
0 -117.49717
46.687009
0 -117.498747
46.683453
0 -117.50102
46.68158
0 -117.50232
46.68168
0 -117.50632
46.68008
0 -117.512021
46.67818
0 -117.523221
46.67718
0 -117.527222
46.67738
0 -117.534022
46.67808
0 -117.542223
46.68028
0 -117.548023
46.68068
0 -117.555224
46.679979
0 -117.560524
46.678979
0 -117.576925
46.674879
0 -117.581125
46.674879
0 -117.584226
46.675379
0 -117.595626
46.673279
0 -117.601227
46.672679
0 -117.608527
46.673378
0 -117.615428
46.674678
0 -117.620028
46.676678
0 -117.626228
46.679778
0 -117.630429
46.683678
0 -117.633329
46.687678
0 -117.64043
46.694979
0 -117.64323
46.697579
0 -117.64773
46.699379
0 -117.654031
46.701179
0 -117.660131
46.701979
0 -117.672232
46.701878
0 -117.681133
46.703678
0 -117.687333
46.703178
0 -117.692233
46.700578
0 -117.698634
46.698678
0 -117.705434
46.698278
0 -117.721335
46.696477
0 -117.731636
46.693877
0 -117.739636
46.695077
0 -117.744237
46.693277
0 -117.751037
46.690027
0 -117.756169
46.684386
0 -117.758674
46.679886
0 -117.760391
46.674426
0 -117.761037
46.666376
0 -117.762637
46.661176
0 -117.765238
46.654975
0 -117.768438
46.650175
0 -117.772638
46.645075
0 -117.777936
46.639974
0 -117.780939
46.637675
0 -117.783039
46.636575
0 -117.789139
46.631774
0 -117.794339
46.628374
0 -117.79964
46.625974
0 -117.80434
46.624474
0 -117.814141
46.622974
0 -117.818541
46.622773
0 -117.823142
46.622173
0 -117.828142
46.622073
0 -117.831643
46.622373
0 -117.836343
46.623473
0 -117.841643
46.624173
0 -117.849153
46.624785
0 -117.851844
46.624772
0 -117.852843
46.560171
0 -117.861944
46.560071
0 