-93.406994
34.408543
0 -93.407227
34.396853
0 -93.351485
34.396563
0 -93.350494
34.396799
0 -93.319181
34.395815
0 -93.301856
34.395257
0 -93.297854
34.395128
0 -93.268305
34.39519
0 -93.26415
34.395017
0 -93.256177
34.394974
0 -93.24741
34.39497
0 -93.240142
34.394742
0 -93.229653
34.394415
0 -93.194217
34.392823
0 -93.125244
34.392057
0 -93.122544
34.391919
0 -93.115251
34.391558
0 -93.104845
34.391335
0 -93.104745
34.391338
0 -93.087606
34.391726
0 -93.080955
34.391536
0 -93.075181
34.391176
0 -93.07075
34.391244
0 -93.055334
34.39054
0 -93.053179
34.390437
0 -92.983583
34.389466
0 -92.983147
34.390039
0 -92.9656
34.38976
0 -92.964172
34.389567
0 -92.948071
34.389255
0 -92.947189
34.411122
0 -92.94684
34.41861
0 -92.947938
34.418672
0 -92.947882
34.444775
0 -92.947878
34.449063
0 -92.944615
34.448883
0 -92.943166
34.448914
0 -92.939521
34.448878
0 -92.93049
34.44867
0 -92.929977
34.448661
0 -92.92612
34.44859
0 -92.913462
34.448361
0 -92.914456
34.462854
0 -92.914456
34.46595
0 -92.915386
34.491694
0 -92.915079
34.506114
0 -92.879894
34.505431
0 -92.875172
34.505114
0 -92.793197
34.503606
0 -92.793323
34.504185
0 -92.793022
34.506261
0 -92.792793
34.51836
0 -92.791928
34.551327
0 -92.791498
34.561985
0 -92.808952
34.562248
0 -92.808634
34.570237
0 -92.808423
34.577165
0 -92.808028
34.590406
0 -92.876976
34.59112
0 -92.876161
34.613335
0 -92.876044
34.616541
0 -92.875902
34.620425
0 -92.875827
34.623039
0 -92.875456
34.635124
0 -92.88637
34.635498
0 -92.892749
34.63591
0 -92.899583
34.63586
0 -92.907254
34.635577
0 -92.929996
34.63609
0 -92.933378
34.636347
0 -92.944477
34.636517
0 -92.948335
34.636307
0 -92.949492
34.636456
0 -92.952806
34.636318
0 -92.959059
34.636781
0 -92.959734
34.637004
0 -92.979902
34.637222
0 -92.97999
34.64775
0 -92.980002
34.653836
0 -92.979783
34.654924
0 -92.97899
34.665303
0 -92.979246
34.666334
0 -92.979
34.674372
0 -92.979109
34.675155
0 -92.979431
34.67629
0 -92.97894
34.684777
0 -92.969765
34.685241
0 -92.96949
34.701246
0 -92.969403
34.714176
0 -92.969091
34.728358
0 -92.96925
34.772266
0 -92.991896
34.771988
0 -93.040023
34.771892
0 -93.075178
34.771892
0 -93.083165
34.771892
0 -93.162059
34.771992
0 -93.269886
34.771993
0 -93.287785
34.773193
0 -93.358392
34.773297
0 -93.375188
34.773102
0 -93.394456
34.772355
0 -93.394289
34.743393
0 -93.393889
34.685218
0 -93.402189
34.685193
0 -93.402682
34.657497
0 -93.40291
34.646594
0 -93.403503
34.610417
0 -93.403555
34.601992
0 -93.40361
34.597846
0 -93.403969
34.573309
0 -93.404214
34.56109
0 -93.404795
34.524141
0 -93.405284
34.514001
0 -93.405302
34.513336
0 -93.406084
34.474455
0 -93.406468
34.445206
0 -93.4068
34.423909
0 -93.406873
34.419209
0 -93.407069
34.408676
0 -93.406994
34.408543
0 