-79.4876499280808
39.2799539963283
0 -79.487651
39.279933
0 -79.486737
39.278149
0 -79.4868325987092
39.2758446616539
0 -79.487274
39.265205
0 -79.486179
39.26497
0 -79.485874
39.264905
0 -79.486873
39.205961
0 -79.486862069471
39.2059587475202
0 -79.476037
39.203728
0 -79.473215
39.202107
0 -79.469793
39.203734
0 -79.469156
39.2073
0 -79.465451
39.209398
0 -79.461063
39.211441
0 -79.457117
39.211222
0 -79.454561
39.210201
0 -79.452685
39.211719
0 -79.450474
39.214029
0 -79.445991
39.215979
0 -79.43983
39.217074
0 -79.436922
39.219167
0 -79.432633
39.224075
0 -79.430717
39.224452
0 -79.429095
39.223716
0 -79.425627
39.225725
0 -79.424413
39.228171
0 -79.425059
39.233686
0 -79.420469
39.235722
0 -79.42035
39.23888
0 -79.412051
39.240546
0 -79.409137
39.243457
0 -79.407647
39.246609
0 -79.403351
39.250553
0 -79.400243
39.250858
0 -79.398364
39.252945
0 -79.399432
39.25516
0 -79.397985
39.25637
0 -79.395736
39.256376
0 -79.394303
39.257883
0 -79.39286
39.261823
0 -79.390922
39.261164
0 -79.387376
39.263549
0 -79.387023
39.26554
0 -79.387753
39.267462
0 -79.385645
39.268497
0 -79.384489
39.2674
0 -79.381857
39.266865
0 -79.379756
39.269988
0 -79.378809
39.271818
0 -79.376154
39.273154
0 -79.372595
39.274025
0 -79.361343
39.274924
0 -79.3576803684354
39.2764268170473
0 -79.357095
39.276667
0 -79.356087
39.277996
0 -79.35375
39.278039
0 -79.3534198401598
39.2785399994973
0 -79.352059
39.280605
0 -79.350983
39.285244
0 -79.34616
39.284521
0 -79.343801
39.286096
0 -79.343625
39.287148
0 -79.345599
39.289733
0 -79.347034
39.290583
0 -79.347219
39.292361
0 -79.3466496258151
39.293114666657
0 -79.3465001492844
39.2933125250779
0 -79.346011
39.29396
0 -79.3455704065333
39.2938474068285
0 -79.344344
39.293534
0 -79.341207478281
39.2937603845711
0 -79.340049
39.293844
0 -79.338087
39.296769
0 -79.33238
39.299919
0 -79.326246
39.301077
0 -79.321813
39.299898
0 -79.319965
39.301714
0 -79.317047
39.304038
0 -79.314768
39.304381
0 -79.3128290806177
39.3036296823586
0 -79.302311
39.299554
0 -79.298953
39.300068
0 -79.29271
39.298729
0 -79.290236
39.299323
0 -79.290161
39.303516
0 -79.283723
39.30964
0 -79.284207
39.314781
0 -79.282037
39.323048
0 -79.274325
39.327724
0 -79.2717708583258
39.3283226498251
0 -79.270835
39.328542
0 -79.269365
39.330732
0 -79.269466
39.335262
0 -79.267556
39.336294
0 -79.259781
39.334237
0 -79.255306
39.335874
0 -79.253891
39.337222
0 -79.253895
39.339081
0 -79.256642
39.340538
0 -79.2572873627889
39.3423158935883
0 -79.25736
39.342516
0 -79.255866
39.344454
0 -79.253578
39.346204
0 -79.253494
39.348083
0 -79.253715
39.351137
0 -79.25672
39.35502
0 -79.256308
39.357227
0 -79.252574
39.355924
0 -79.249426
39.355639
0 -79.247999
39.357342
0 -79.242292
39.359426
0 -79.239328
39.359312
0 -79.237452
39.358514
0 -79.232919
39.359622
0 -79.2323403053116
39.3618748570559
0 -79.231648
39.36457
0 -79.229247
39.363662
0 -79.228804
39.364456
0 -79.220357
39.363157
0 -79.21428
39.363482
0 -79.21313
39.366885
0 -79.212072
39.370772
0 -79.202943
39.377872
0 -79.198915
39.386265
0 -79.197131
39.388595
0 -79.193508
39.38867
0 -79.189465
39.3865
0 -79.1891439796269
39.3864109422763
0 -79.184952
39.385248
0 -79.180972
39.386638
0 -79.176959
39.389028
0 -79.1798512602662
39.3928666678884
0 -79.181158
39.394601
0 -79.178639
39.396632
0 -79.174414
39.395236
0 -79.171364
39.391206
0 -79.165187
39.387147
0 -79.162052
39.388321
0 -79.16193
39.391857
0 -79.165593
39.397134
0 -79.166497
39.400888
0 -79.164512
39.405679
0 -79.160349
39.408052
0 -79.1599438099568
39.4088857681174
0 -79.159015
39.410797
0 -79.159213
39.413021
0 -79.160148
39.41638
0 -79.15535
39.418299
0 -79.151241
39.416968
0 -79.149649
39.414451
0 -79.149581
39.407767
0 -79.149752
39.405726
0 -79.147558
39.404674
0 -79.143751
39.405202
0 -79.1416
39.407524
0 -79.141094
39.410349
0 -79.142435
39.414357
0 -79.14231
39.416687
0 -79.139601
39.418031
0 -79.136499
39.418887
0 -79.1320289948396
39.41785128574
0 -79.130651
39.417532
0 -79.128381
39.417481
0 -79.127866
39.419066
0 -79.127343
39.422608
0 -79.129404
39.426637
0 -79.129047
39.429542
0 -79.124036
39.433204
0 -79.12156
39.432786
0 -79.115495
39.431682
0 -79.11223
39.430882
0 -79.110602
39.4327
0 -79.113459
39.436723
0 -79.116574
39.438058
0 -79.116369
39.440482
0 -79.11407
39.443321
0 -79.107933
39.445748
0 -79.104217
39.448358
0 -79.1033692575107
39.449726609442
0 -79.102469
39.45118
0 -79.103009
39.454847
0 -79.101863
39.457275
0 -79.105256
39.457614
0 -79.107905
39.457092
0 -79.108572
39.45875
0 -79.107186
39.462006
0 -79.103835
39.463067
0 -79.095428
39.462548
0 -79.094549
39.465184
0 -79.096959
39.468236
0 -79.100544
39.468766
0 -79.103603
39.470028
0 -79.105264
39.472132
0 -79.105208
39.474239
0 -79.10319
39.476004
0 -79.100477
39.477004
0 -79.094857
39.474666
0 -79.091329
39.472407
0 -79.08327
39.471379
0 -79.0751304148962
39.4731222041853
0 -79.068627
39.474515
0 -79.06782
39.476767
0 -79.0679282821561
39.4790878794865
0 -79.067933
39.479189
0 -79.066832
39.480882
0 -79.059181
39.496643
0 -79.054931
39.505641
0 -79.054458
39.506252
0 -79.042555
39.525749
0 -79.042472
39.525882
0 -79.041633
39.527778
0 -79.019302
39.566413
0 -79.006843
39.588817
0 -79.005658
39.590593
0 -79.001068
39.599613
0 -78.996833
39.607681
0 -78.991241
39.617206
0 -78.969245
39.656669
0 -78.961974
39.669452
0 -78.958106
39.676044
0 -78.949478
39.6921
0 -78.94538
39.699437
0 -78.938827
39.709739
0 -78.937305
39.712833
0 -78.935966
39.71471
0 -78.9311750012923
39.722775001289
0 -78.931176
39.722775
0 -78.9606568868381
39.7228028384201
0 -79.045548
39.722883
0 -79.0487740816136
39.7228694929524
0 -79.056578130826
39.7228368187437
0 -79.0873745362456
39.722707879503
0 -79.0874259406306
39.7227076642817
0 -79.2083523359916
39.7222013663104
0 -79.2491102123564
39.7220307201081
0 -79.2998352716135
39.7218183430293
0 -79.3176437116504
39.7217437821608
0 -79.3350050147162
39.7216710933777
0 -79.3924583826357
39.7214305460304
0 -79.476662
39.721078
0 -79.4765963183779
39.6637021175458
0 -79.476574
39.644206
0 -79.476968
39.642986
0 -79.477764
39.642282
0 -79.477888644888
39.6297730598018
0 -79.4782396103499
39.5945513507875
0 -79.4786222866335
39.5561472507613
0 -79.478866
39.531689
0 -79.482366
39.531689
0 -79.482354
39.524682
0 -79.482648
39.521364
0 -79.482708322654
39.5151685415231
0 -79.4827608153671
39.5097772597699
0 -79.4827999953411
39.5057532673608
0 -79.4833048163456
39.4539054562505
0 -79.4833325227411
39.4510598615843
0 -79.4833329128003
39.4510198004206
0 -79.4836435328231
39.4191174664811
0 -79.483644203739
39.4190485598385
0 -79.4837081837429
39.4124774720145
0 -79.4839973665872
39.3827768507004
0 -79.484304961574
39.3511852040943
0 -79.4843106283024
39.3506032008494
0 -79.484372
39.3443
0 -79.486072
39.3443
0 -79.4864761052465
39.3181243557042
0 -79.486812
39.296367
0 -79.4876499280808
39.2799539963283
0 