-97.668483
34.693492
0 -97.668425
34.681344
0 -97.599434
34.681284
0 -97.598497
34.681175
0 -97.598007
34.681216
0 -97.562757
34.681147
0 -97.562757
34.67761
0 -97.562899
34.616094
0 -97.562886
34.572567
0 -97.56286
34.56518
0 -97.563082
34.528636
0 -97.563294
34.515519
0 -97.562944
34.511533
0 -97.563183
34.507026
0 -97.562323
34.507036
0 -97.509346
34.506988
0 -97.48558
34.506959
0 -97.483914
34.50678
0 -97.456861
34.506938
0 -97.435922
34.506768
0 -97.405054
34.506846
0 -97.35285
34.506866
0 -97.35211
34.506788
0 -97.341556
34.50688
0 -97.317167
34.50687
0 -97.28229
34.506852
0 -97.186491
34.506647
0 -97.185881
34.506743
0 -97.177382
34.506655
0 -97.172464
34.506657
0 -97.171064
34.506652
0 -97.149066
34.506516
0 -97.143958
34.506532
0 -97.143371
34.508825
0 -97.144025
34.509914
0 -97.148765
34.512186
0 -97.150331
34.513285
0 -97.153095
34.516788
0 -97.150153
34.518356
0 -97.14807
34.518286
0 -97.145224
34.518964
0 -97.143872
34.521316
0 -97.144896
34.522315
0 -97.146496
34.522512
0 -97.149808
34.521423
0 -97.153292
34.521226
0 -97.156792
34.521777
0 -97.158054
34.522714
0 -97.159076
34.52505
0 -97.159184
34.528054
0 -97.160347
34.529716
0 -97.161671
34.530254
0 -97.164932
34.530699
0 -97.165726
34.532477
0 -97.161667
34.532876
0 -97.16021
34.534866
0 -97.160641
34.538025
0 -97.16243
34.542769
0 -97.163686
34.547405
0 -97.163343
34.548506
0 -97.159513
34.549437
0 -97.158449
34.5501
0 -97.157504
34.552163
0 -97.158403
34.553392
0 -97.162534
34.556469
0 -97.164765
34.559197
0 -97.164313
34.559761
0 -97.159373
34.561427
0 -97.157438
34.562801
0 -97.157314
34.563995
0 -97.158415
34.564693
0 -97.164108
34.563116
0 -97.169622
34.56315
0 -97.171558
34.563713
0 -97.173167
34.565067
0 -97.174129
34.568196
0 -97.175465
34.569554
0 -97.176025
34.57159
0 -97.174337
34.574311
0 -97.171932
34.574211
0 -97.167468
34.572376
0 -97.165189
34.572508
0 -97.164306
34.573638
0 -97.164309
34.575034
0 -97.167963
34.576103
0 -97.170219
34.577282
0 -97.171613
34.578577
0 -97.173001
34.581073
0 -97.173064
34.583747
0 -97.174196
34.584851
0 -97.174401
34.586205
0 -97.173519
34.586814
0 -97.168906
34.585845
0 -97.167418
34.58608
0 -97.167061
34.588181
0 -97.170223
34.590109
0 -97.171495
34.593265
0 -97.173979
34.595011
0 -97.175956
34.595659
0 -97.180529
34.595036
0 -97.184844
34.595303
0 -97.18596
34.596198
0 -97.18935
34.596011
0 -97.190278
34.596374
0 -97.19134
34.597443
0 -97.192877
34.600639
0 -97.192352
34.602694
0 -97.190454
34.604637
0 -97.190676
34.605607
0 -97.192644
34.6067
0 -97.195453
34.606737
0 -97.196664
34.607228
0 -97.198015
34.608759
0 -97.199007
34.611469
0 -97.198216
34.613815
0 -97.195806
34.614928
0 -97.194838
34.616145
0 -97.195344
34.618249
0 -97.197424
34.62087
0 -97.200073
34.622762
0 -97.162298
34.622573
0 -97.161112
34.622654
0 -97.142371
34.622594
0 -97.142551
34.625084
0 -97.142671
34.637126
0 -97.090193
34.636997
0 -97.072639
34.637001
0 -97.019725
34.637038
0 -97.002661
34.636803
0 -97.002588
34.636799
0 -96.932328
34.636811
0 -96.932262
34.637296
0 -96.932455
34.638506
0 -96.932515
34.680425
0 -96.932491
34.694964
0 -96.932594
34.765889
0 -96.93249
34.767595
0 -96.932426
34.796627
0 -96.932438
34.81128
0 -96.932433
34.811406
0 -96.932471
34.854455
0 -96.98364
34.854766
0 -97.000298
34.854781
0 -97.002776
34.854962
0 -97.037609
34.85489
0 -97.05572
34.854909
0 -97.090451
34.854935
0 -97.107293
34.854948
0 -97.14233
34.855081
0 -97.142732
34.855082
0 -97.195128
34.855231
0 -97.230159
34.855217
0 -97.247819
34.855228
0 -97.265454
34.85525
0 -97.283047
34.855244
0 -97.286404
34.855165
0 -97.300206
34.855187
0 -97.324994
34.855184
0 -97.335907
34.855274
0 -97.352546
34.85528
0 -97.353153
34.855279
0 -97.388134
34.855279
0 -97.405506
34.855291
0 -97.405692
34.855291
0 -97.424038
34.85531
0 -97.474163
34.855303
0 -97.483721
34.855274
0 -97.485677
34.855265
0 -97.495869
34.855336
0 -97.496356
34.85511
0 -97.564007
34.855225
0 -97.585402
34.855129
0 -97.606732
34.85521
0 -97.607655
34.855206
0 -97.6093
34.855217
0 -97.620062
34.855218
0 -97.621323
34.855221
0 -97.635046
34.855213
0 -97.652349
34.855196
0 -97.654497
34.855419
0 -97.655023
34.855175
0 -97.668099
34.855164
0 -97.668162
34.847927
0 -97.668136
34.847436
0 -97.668027
34.835244
0 -97.668181
34.824594
0 -97.668196
34.817312
0 -97.668194
34.812102
0 -97.668044
34.804833
0 -97.668227
34.790011
0 -97.668483
34.693492
0 