-101.557618
33.053168
0 -101.557596
33.033882
0 -101.557434
32.961025
0 -101.442447
32.961944
0 -101.173378
32.963597
0 -101.096099
32.967436
0 -101.03866
32.970225
0 -101.038504
32.974307
0 -101.038516
33.000098
0 -101.038634
33.055889
0 -101.038663
33.099815
0 -101.038569
33.140212
0 -101.03876
33.249545
0 -101.038864
33.250093
0 -101.038862
33.252272
0 -101.038883
33.305705
0 -101.038855
33.365142
0 -101.038788
33.397214
0 -101.162024
33.397025
0 -101.200343
33.396904
0 -101.274485
33.396688
0 -101.333551
33.396545
0 -101.367867
33.396469
0 -101.375425
33.395968
0 -101.385501
33.395909
0 -101.436483
33.395576
0 -101.487672
33.395368
0 -101.556884
33.39476
0 -101.556651
33.37509
0 -101.556787
33.373336
0 -101.557192
33.241163
0 -101.557223
33.234409
0 -101.557228
33.23335
0 -101.557469
33.16613
0 -101.557521
33.091282
0 -101.557618
33.053168
0 