-91.644818
38.155468
0 -91.644893
38.153679
0 -91.630554
38.153519
0 -91.608101
38.15329
0 -91.589527
38.153249
0 -91.580252
38.152793
0 -91.566357
38.152747
0 -91.538016
38.15249
0 -91.534384
38.152593
0 -91.534636
38.167105
0 -91.535119
38.196383
0 -91.535333
38.210936
0 -91.535115
38.210976
0 -91.470209
38.210859
0 -91.460616
38.210528
0 -91.44008
38.21036
0 -91.433099
38.210937
0 -91.424832
38.211639
0 -91.42483
38.209876
0 -91.41887
38.21013
0 -91.405235
38.209953
0 -91.367482
38.209741
0 -91.367101
38.224488
0 -91.366638
38.242861
0 -91.367065
38.250064
0 -91.366653
38.256094
0 -91.36648
38.263811
0 -91.366274
38.283085
0 -91.36599
38.285204
0 -91.365966
38.289222
0 -91.365953
38.289407
0 -91.365948
38.293158
0 -91.365898
38.299846
0 -91.365565
38.322086
0 -91.365436
38.33147
0 -91.367037
38.331491
0 -91.366827
38.393121
0 -91.366928
38.393947
0 -91.366833
38.419915
0 -91.367753
38.420296
0 -91.36777
38.434604
0 -91.367665
38.461479
0 -91.367794
38.509374
0 -91.36852
38.509366
0 -91.36832
38.546312
0 -91.368337
38.55365
0 -91.367821
38.569216
0 -91.368002
38.5837
0 -91.368358
38.598592
0 -91.368692
38.623014
0 -91.368853
38.625044
0 -91.36842
38.665575
0 -91.368417
38.688158
0 -91.369192
38.699324
0 -91.375159
38.701287
0 -91.382347
38.704044
0 -91.388082
38.705614
0 -91.395134
38.70799
0 -91.397327
38.708444
0 -91.405369
38.709219
0 -91.418637
38.709778
0 -91.426741
38.709736
0 -91.438677
38.709437
0 -91.442845
38.709182
0 -91.450484
38.707813
0 -91.4576
38.70627
0 -91.457955
38.708064
0 -91.452796
38.709383
0 -91.455194
38.709624
0 -91.455664
38.710344
0 -91.46008
38.709376
0 -91.462589
38.708102
0 -91.468176
38.708024
0 -91.470103
38.707479
0 -91.472339
38.707621
0 -91.479281
38.711722
0 -91.485101
38.713307
0 -91.487792
38.713114
0 -91.490596
38.712294
0 -91.494438
38.709695
0 -91.496533
38.709464
0 -91.498229
38.707925
0 -91.499248
38.705881
0 -91.501074
38.704687
0 -91.502407
38.702875
0 -91.503419
38.699981
0 -91.502602
38.695
0 -91.522725
38.688241
0 -91.524638
38.68741
0 -91.53579
38.681796
0 -91.545313
38.676882
0 -91.546289
38.676627
0 -91.547142
38.676406
0 -91.552196
38.676322
0 -91.558185
38.676635
0 -91.575975
38.680843
0 -91.582568
38.681421
0 -91.587665
38.682185
0 -91.593042
38.684062
0 -91.602885
38.688293
0 -91.606557
38.69016
0 -91.61311
38.694547
0 -91.616032
38.696523
0 -91.619734
38.698536
0 -91.625169
38.70073
0 -91.633862
38.70281
0 -91.640372
38.703792
0 -91.640287
38.676526
0 -91.640413
38.675926
0 -91.640577
38.674195
0 -91.640595
38.667534
0 -91.641374
38.641081
0 -91.641099
38.633182
0 -91.641335
38.626563
0 -91.641166
38.621827
0 -91.641308
38.617307
0 -91.641963
38.582064
0 -91.642169
38.556926
0 -91.642369
38.542515
0 -91.642422
38.505181
0 -91.642399
38.504655
0 -91.642849
38.483909
0 -91.643133
38.46528
0 -91.643244
38.45804
0 -91.643556
38.437723
0 -91.643577
38.436446
0 -91.643786
38.422951
0 -91.644478
38.378035
0 -91.644491
38.377301
0 -91.644352
38.357424
0 -91.644392
38.348073
0 -91.64461
38.316403
0 -91.644697
38.304394
0 -91.644661
38.303393
0 -91.644666
38.301645
0 -91.644657
38.299815
0 -91.644729
38.28851
0 -91.644557
38.265673
0 -91.644764
38.262009
0 -91.644792
38.243181
0 -91.644718
38.227719
0 -91.644837
38.18337
0 -91.644818
38.155468
0 