-81.455574
35.419616
0 -81.456505
35.419616
0 -81.411094
35.367357
0 -81.39889
35.353168
0 -81.387973
35.348561
0 -81.382891
35.346207
0 -81.371656
35.339728
0 -81.365867
35.336263
0 -81.356629
35.330645
0 -81.362745
35.32476
0 -81.363631
35.323695
0 -81.365131
35.320182
0 -81.366586
35.315656
0 -81.366471
35.314229
0 -81.364925
35.311225
0 -81.359857
35.301968
0 -81.356095
35.297701
0 -81.355128
35.294384
0 -81.356203
35.288089
0 -81.355773
35.280829
0 -81.352888
35.276607
0 -81.349203
35.274812
0 -81.34809
35.274433
0 -81.336286
35.268054
0 -81.33154
35.265326
0 -81.326754
35.262686
0 -81.326321
35.262686
0 -81.325073
35.262694
0 -81.321314
35.260221
0 -81.321866
35.256853
0 -81.321879
35.256761
0 -81.322451
35.252679
0 -81.323034
35.249649
0 -81.323366
35.247678
0 -81.323491
35.246904
0 -81.323522
35.246612
0 -81.323538
35.246081
0 -81.323617
35.24347
0 -81.323638
35.241315
0 -81.323626
35.23153
0 -81.323626
35.231367
0 -81.323635
35.230949
0 -81.324453
35.219521
0 -81.324535
35.218076
0 -81.324541
35.210378
0 -81.324552
35.2095
0 -81.324612
35.20447
0 -81.324524
35.201283
0 -81.324197
35.189475
0 -81.325843
35.178335
0 -81.326276
35.175018
0 -81.32634
35.174607
0 -81.326376
35.174319
0 -81.326379
35.174295
0 -81.326405
35.174124
0 -81.32643
35.173952
0 -81.326444
35.173878
0 -81.326459
35.173798
0 -81.326488
35.173638
0 -81.32649
35.173629
0 -81.326494
35.173608
0 -81.326517
35.173485
0 -81.326539
35.173365
0 -81.326548
35.173317
0 -81.326576
35.173167
0 -81.32659
35.173088
0 -81.326641
35.172805
0 -81.326698
35.172489
0 -81.326744
35.17223
0 -81.326781
35.172025
0 -81.32693
35.171192
0 -81.327132
35.170085
0 -81.32716
35.169913
0 -81.327182
35.169766
0 -81.327259
35.169338
0 -81.327281
35.169217
0 -81.327323
35.168982
0 -81.327359
35.168784
0 -81.327382
35.168653
0 -81.327401
35.168549
0 -81.327458
35.168215
0 -81.327561
35.167611
0 -81.327598
35.167348
0 -81.327643
35.167021
0 -81.327707
35.166455
0 -81.327861
35.16517
0 -81.327864
35.165147
0 -81.327904
35.164811
0 -81.327996
35.164068
0 -81.328037
35.163467
0 -81.3280393754573
35.163405284384
0 -81.290672
35.161967
0 -81.2694460893412
35.1611497855407
0 -81.2675191735729
35.1610755977495
0 -81.2665313056272
35.1610375640471
0 -81.2654920071096
35.1609975502267
0 -81.2652385668739
35.1609877925759
0 -81.241686
35.160081
0 -81.239358
35.159974
0 -81.2155723920697
35.1589024236899
0 -81.2097584282028
35.1586404961426
0 -81.1807275297203
35.157332611847
0 -81.1806493060276
35.1573290877556
0 -81.138207
35.155417
0 -81.1298191939235
35.1550394000772
0 -81.11084
35.154185
0 -81.109295
35.154115
0 -81.0927843815354
35.1530493998819
0 -81.0927124023487
35.1530447543242
0 -81.077253
35.152047
0 -81.0567617204493
35.1507247067734
0 -81.043625
35.149877
0 -81.04287
35.149248
0 -81.033195
35.148685
0 -81.031371
35.148164
0 -81.023993
35.147978
0 -81.020286
35.150938
0 -81.018056
35.153432
0 -81.016613
35.153865
0 -81.01259
35.152396
0 -81.009532
35.152917
0 -81.008063
35.153789
0 -81.005851
35.156562
0 -81.005408
35.161007
0 -81.006686
35.164643
0 -81.006646
35.16488
0 -81.005173
35.166664
0 -81.003783
35.169088
0 -81.002558
35.172253
0 -81.002532
35.173056
0 -81.002442
35.17589
0 -81.002411
35.176229
0 -81.002142
35.179176
0 -81.00212
35.179425
0 -81.001959
35.180805
0 -81.001962
35.182489
0 -81.001964
35.183869
0 -81.001965
35.184172
0 -81.002326
35.185033
0 -81.004496
35.187641
0 -81.005061
35.189821
0 -81.006245
35.195293
0 -81.006516
35.198797
0 -81.00618
35.203021
0 -81.005268
35.205885
0 -81.005364
35.208205
0 -81.006244
35.210362
0 -81.009316
35.214108
0 -81.013956
35.220588
0 -81.014468
35.222012
0 -81.014436
35.223468
0 -81.013732
35.225644
0 -81.011038
35.234067
0 -81.010692
35.241484
0 -81.008979
35.24574
0 -81.00802
35.248075
0 -81.008092
35.248754
0 -81.008836
35.250763
0 -81.01122
35.252475
0 -81.013791
35.257687
0 -81.01426
35.259259
0 -81.01506
35.269195
0 -81.013444
35.274107
0 -81.011124
35.278267
0 -81.009348
35.280555
0 -81.007588
35.286091
0 -81.006322
35.292334
0 -81.004212
35.296714
0 -81.003836
35.297932
0 -81.001972
35.300874
0 -81.0009
35.305386
0 -80.996484
35.308138
0 -80.993604
35.312218
0 -80.993411
35.313386
0 -80.991221
35.31805
0 -80.989205
35.320721
0 -80.988523
35.321291
0 -80.983628
35.324814
0 -80.982741
35.325657
0 -80.981674
35.327212
0 -80.980881
35.330436
0 -80.981768
35.333174
0 -80.983268
35.335261
0 -80.984667
35.33634
0 -80.985315
35.338938
0 -80.983443
35.341609
0 -80.976485
35.343931
0 -80.974877
35.344877
0 -80.973762
35.346718
0 -80.972734
35.350321
0 -80.971557
35.350955
0 -80.96932
35.35099
0 -80.966227
35.349433
0 -80.963829
35.346912
0 -80.96238
35.346879
0 -80.95962
35.348775
0 -80.956871
35.350064
0 -80.95243
35.350765
0 -80.945246
35.35015
0 -80.94361
35.350512
0 -80.942918
35.350699
0 -80.939077
35.353648
0 -80.935495
35.35624
0 -80.933437
35.357273
0 -80.931325
35.357597
0 -80.929341
35.357248
0 -80.927008
35.357635
0 -80.923381
35.35918
0 -80.922882
35.360334
0 -80.924211
35.361656
0 -80.926704
35.362489
0 -80.930591
35.363058
0 -80.933665
35.362976
0 -80.936753
35.362212
0 -80.942273
35.365118
0 -80.947968
35.366008
0 -80.950939
35.366876
0 -80.954351
35.369276
0 -80.956024
35.372632
0 -80.958195
35.374894
0 -80.962069
35.375711
0 -80.963844
35.374979
0 -80.966247
35.372457
0 -80.967493
35.369211
0 -80.969339
35.367092
0 -80.974601
35.364304
0 -80.976226
35.364219
0 -80.979305
35.365095
0 -80.981567
35.366286
0 -80.983567
35.368087
0 -80.985694
35.371817
0 -80.986602
35.375137
0 -80.986951
35.379025
0 -80.985126
35.38136
0 -80.983656
35.381641
0 -80.979718
35.381404
0 -80.975282
35.383103
0 -80.971283
35.385785
0 -80.967336
35.387864
0 -80.965137
35.388672
0 -80.958169
35.390684
0 -80.955226
35.393174
0 -80.954237
35.397425
0 -80.955388
35.400833
0 -80.973994
35.40174
0 -81.007116
35.403418
0 -81.02625
35.403732
0 -81.030628
35.403962
0 -81.054619
35.405223
0 -81.083744
35.406213
0 -81.094174
35.406597
0 -81.104039
35.40696
0 -81.122578
35.407675
0 -81.122818
35.407666
0 -81.124801
35.407596
0 -81.162352
35.408953
0 -81.199174
35.41029
0 -81.202973
35.410516
0 -81.203749
35.410543
0 -81.214344
35.410908
0 -81.218012
35.411034
0 -81.240738
35.411751
0 -81.241132
35.411767
0 -81.245735
35.411927
0 -81.249802
35.412795
0 -81.289613
35.414239
0 -81.300355
35.414611
0 -81.317651
35.415255
0 -81.319176
35.415307
0 -81.343062
35.416124
0 -81.361484
35.416755
0 -81.363633
35.416832
0 -81.40982
35.418162
0 -81.410604
35.418188
0 -81.455574
35.419616
0 