-76.95056
36.470856
0 -76.950384
36.469621
0 -76.947256
36.467147
0 -76.946822
36.464726
0 -76.949066
36.457483
0 -76.948407
36.453811
0 -76.946927
36.451097
0 -76.946364
36.449152
0 -76.945158
36.441081
0 -76.945425
36.438096
0 -76.946676
36.432466
0 -76.946593
36.431075
0 -76.946275
36.425679
0 -76.947239
36.41549
0 -76.944866
36.411524
0 -76.941852
36.408429
0 -76.934177
36.402648
0 -76.93294
36.401819
0 -76.931821
36.40107
0 -76.924412
36.39774
0 -76.919091
36.395801
0 -76.905747
36.389971
0 -76.903945
36.38968
0 -76.895408
36.390397
0 -76.892758
36.38981
0 -76.888708
36.387228
0 -76.884781
36.383943
0 -76.88248
36.382717
0 -76.879711
36.382568
0 -76.873553
36.383106
0 -76.867739
36.38143
0 -76.860592
36.378862
0 -76.856255
36.376905
0 -76.851846
36.375417
0 -76.848184
36.374913
0 -76.845178
36.374906
0 -76.842489
36.374878
0 -76.837767
36.374015
0 -76.833498
36.372421
0 -76.827663
36.368771
0 -76.824563
36.365633
0 -76.822879
36.3646
0 -76.820764
36.364017
0 -76.809652
36.363008
0 -76.807862
36.362733
0 -76.79881
36.360669
0 -76.794503
36.359915
0 -76.790144
36.359994
0 -76.787439
36.36194
0 -76.783578
36.362879
0 -76.77967
36.362462
0 -76.775555
36.360609
0 -76.774447
36.359837
0 -76.770489
36.35587
0 -76.769175
36.354855
0 -76.765992
36.353386
0 -76.762156
36.352687
0 -76.760038
36.351393
0 -76.758142
36.349688
0 -76.753825
36.344033
0 -76.750729
36.34091
0 -76.749674
36.340243
0 -76.740983
36.331163
0 -76.739177
36.328864
0 -76.73776
36.326357
0 -76.736446
36.324891
0 -76.734267
36.32343
0 -76.729103
36.320608
0 -76.72638
36.318692
0 -76.723849
36.316236
0 -76.720937
36.312867
0 -76.715414
36.307268
0 -76.713543
36.305808
0 -76.709037
36.30306
0 -76.703623
36.300914
0 -76.699922
36.29984
0 -76.698882
36.299181
0 -76.696601
36.296211
0 -76.688425
36.299036
0 -76.68431
36.300459
0 -76.683518
36.301416
0 -76.681191
36.300057
0 -76.679323
36.301484
0 -76.677489
36.300644
0 -76.677096
36.301522
0 -76.675168
36.301359
0 -76.675793
36.303129
0 -76.67293
36.303083
0 -76.67252
36.304063
0 -76.675235
36.30443
0 -76.675065
36.30665
0 -76.672406
36.306535
0 -76.672237
36.30784
0 -76.674612
36.308939
0 -76.673594
36.310908
0 -76.671897
36.310565
0 -76.672066
36.312076
0 -76.670255
36.314731
0 -76.669576
36.31512
0 -76.666691
36.313929
0 -76.665135
36.315669
0 -76.664542
36.31386
0 -76.662788
36.314501
0 -76.659168
36.31315
0 -76.657442
36.314637
0 -76.656424
36.313561
0 -76.654274
36.314087
0 -76.653369
36.312645
0 -76.65453
36.310699
0 -76.652521
36.311248
0 -76.651644
36.310698
0 -76.650371
36.311636
0 -76.650284
36.31594
0 -76.649859
36.31752
0 -76.64703
36.3199
0 -76.644286
36.319396
0 -76.642163
36.319921
0 -76.642417
36.322898
0 -76.640917
36.324202
0 -76.640774
36.326606
0 -76.640037
36.328803
0 -76.635848
36.329901
0 -76.633132
36.330106
0 -76.627984
36.328432
0 -76.62541
36.32811
0 -76.622631
36.328658
0 -76.613518
36.324106
0 -76.608961
36.323055
0 -76.605595
36.323835
0 -76.6037
36.323676
0 -76.601634
36.322577
0 -76.597249
36.322785
0 -76.595241
36.323633
0 -76.59394
36.325739
0 -76.593998
36.328052
0 -76.592301
36.330341
0 -76.585739
36.333525
0 -76.583617
36.333801
0 -76.580023
36.334969
0 -76.576911
36.335244
0 -76.570719
36.334287
0 -76.5696
36.335915
0 -76.559674
36.351892
0 -76.556837
36.355186
0 -76.539147
36.357238
0 -76.45369
36.378042
0 -76.467276
36.410685
0 -76.476473
36.432781
0 -76.487533
36.459353
0 -76.491405
36.468648
0 -76.491477
36.510536
0 -76.5413936846299
36.5503144526429
0 -76.541687
36.550312
0 -76.5579958525281
36.5505203890175
0 -76.575496
36.550744
0 -76.5755249999365
36.5507440429212
0 -76.632863803292
36.5508289068714
0 -76.7150774820633
36.550950586731
0 -76.738329
36.550985
0 -76.749678
36.550381
0 -76.7552920320161
36.5504303611519
0 -76.781296
36.550659
0 -76.7813349998352
36.5506589198281
0 -76.807078
36.550606
0 -76.915897
36.552093
0 -76.916989
36.550742
0 -76.917318
36.546046
0 -76.916048
36.543815
0 -76.921637
36.53787
0 -76.920174
36.534683
0 -76.920227
36.532397
0 -76.924312
36.532091
0 -76.924926
36.530761
0 -76.92275
36.528914
0 -76.921296
36.529012
0 -76.918009
36.5307
0 -76.915957
36.530606
0 -76.914099
36.528233
0 -76.910311
36.526973
0 -76.904741
36.522277
0 -76.903121
36.5193
0 -76.903646
36.517898
0 -76.905328
36.517018
0 -76.906618
36.514753
0 -76.906405
36.512627
0 -76.906698
36.509945
0 -76.909986
36.505778
0 -76.911927
36.504543
0 -76.914406
36.504323
0 -76.917247
36.505318
0 -76.918881
36.505372
0 -76.920561
36.503872
0 -76.922012
36.496288
0 -76.924667
36.489474
0 -76.926771
36.486993
0 -76.930189
36.485385
0 -76.934244
36.484755
0 -76.935687
36.482748
0 -76.936213
36.480337
0 -76.935646
36.478344
0 -76.933354
36.474079
0 -76.9343
36.47137
0 -76.936617
36.470647
0 -76.946495
36.472205
0 -76.94907
36.472064
0 -76.95056
36.470856
0 