-86.193476
31.192213
0 -86.193177
31.190277
0 -86.193276
31.125121
0 -86.191731
31.063867
0 -86.191122
31.039543
0 -86.190869
31.017377
0 -86.190559
31.01363
0 -86.190239
31.00306
0 -86.186934
31.003081
0 -86.186876
31.000937
0 -86.187522
31.00018
0 -86.1872472578628
30.9940490694821
0 -86.180232
30.994005
0 -86.175204
30.993798
0 -86.168979
30.993706
0 -86.162886
30.993682
0 -86.1327395143734
30.9931803018294
0 -86.116918
30.992917
0 -86.056213
30.993133
0 -86.052462
30.993247
0 -86.035039
30.99332
0 -85.998643
30.99287
0 -85.9972899798363
30.9928776855665
0 -85.9656625094903
30.9930573392277
0 -85.9358412897118
30.9932267328358
0 -85.9358369815805
30.9932267573073
0 -85.893543
30.993467
0 -85.8311249866156
30.9940624465768
0 -85.8311224511907
30.9940624707639
0 -85.772671867107
30.9946200694171
0 -85.749932
30.994837
0 -85.749619
30.995292
0 -85.7456723399541
30.9953176885335
0 -85.7416280289593
30.9953440126702
0 -85.6922076032916
30.9956656867558
0 -85.6522020289331
30.9959260802344
0 -85.6462550538674
30.9959647886781
0 -85.6314371471168
30.9960612373942
0 -85.5833993142329
30.9963739122803
0 -85.5832890482388
30.9963746299939
0 -85.5794903431535
30.996399355499
0 -85.498272
30.996928
0 -85.4979920209678
30.9969323496585
0 -85.4926481766373
30.9970153697974
0 -85.4882980060804
30.9970829525603
0 -85.488299
31.000181
0 -85.487871
31.003009
0 -85.485909
31.068599
0 -85.485571
31.081818
0 -85.485644
31.082305
0 -85.485294
31.125998
0 -85.485349
31.134158
0 -85.485426
31.140653
0 -85.485426
31.141411
0 -85.485563
31.168576
0 -85.485589
31.17154
0 -85.485596
31.187645
0 -85.485744
31.189447
0 -85.48576
31.199886
0 -85.522349
31.198016
0 -85.527489
31.198045
0 -85.542022
31.197396
0 -85.561771
31.196278
0 -85.585733
31.194875
0 -85.590885
31.194868
0 -85.601187
31.195114
0 -85.605133
31.194856
0 -85.659523
31.194966
0 -85.710866
31.195179
0 -85.791402
31.196349
0 -85.865347
31.196374
0 -85.938287
31.196344
0 -85.949386
31.196123
0 -85.949976
31.196191
0 -85.960322
31.195962
0 -85.96611
31.195935
0 -85.999042
31.195777
0 -85.99994
31.19566
0 -86.01306
31.195318
0 -86.058535
31.194082
0 -86.116734
31.193015
0 -86.116735
31.183885
0 -86.116736
31.182099
0 -86.125405
31.182057
0 -86.125482
31.192754
0 -86.141674
31.192693
0 -86.193476
31.192213
0 