-89.206182
36.013764
0 -89.206297
36.011814
0 -89.204059
36.011737
0 -89.204119
36.010298
0 -89.202429
36.009469
0 -89.197973
36.008447
0 -89.196648
36.007041
0 -89.195045
36.007277
0 -89.192272
36.003928
0 -89.191236
36.00235
0 -89.188844
35.99976
0 -89.187272
36.000212
0 -89.185138
35.998811
0 -89.186635
35.997355
0 -89.186051
35.99598
0 -89.184953
35.996186
0 -89.18368
35.994964
0 -89.184743
35.99425
0 -89.183935
35.991692
0 -89.183026
35.991448
0 -89.183993
35.99008
0 -89.184048
35.987082
0 -89.178729
35.985834
0 -89.178468
35.982665
0 -89.176189
35.983159
0 -89.17651
35.982354
0 -89.172945
35.980957
0 -89.172014
35.979326
0 -89.169989
35.978603
0 -89.167149
35.976676
0 -89.163666
35.978335
0 -89.162317
35.97713
0 -89.159589
35.976542
0 -89.158445
35.974922
0 -89.157223
35.975184
0 -89.15646
35.973844
0 -89.15505
35.975121
0 -89.153985
35.974173
0 -89.151756
35.974609
0 -89.15105
35.972097
0 -89.150338
35.972408
0 -89.148945
35.970877
0 -89.148262
35.968838
0 -89.145209
35.967485
0 -89.143311
35.969723
0 -89.141161
35.968421
0 -89.139829
35.969336
0 -89.13627
35.968202
0 -89.135958
35.967841
0 -89.135723
35.958056
0 -89.135354
35.956575
0 -89.13207
35.93918
0 -89.124693
35.920972
0 -89.125416
35.921198
0 -89.126574
35.917707
0 -89.129088
35.916395
0 -89.13027
35.914894
0 -89.130437
35.912721
0 -89.129613
35.911557
0 -89.130013
35.909805
0 -89.127086
35.907319
0 -89.13016
35.903975
0 -89.129701
35.899882
0 -89.127688
35.897194
0 -89.125066
35.894945
0 -89.122374
35.894429
0 -89.123274
35.892036
0 -89.121492
35.891046
0 -89.122392
35.88971
0 -89.120847
35.88947
0 -89.121686
35.887667
0 -89.120166
35.887334
0 -89.119311
35.886001
0 -89.116172
35.88571
0 -89.116215
35.88279
0 -89.114984
35.882227
0 -89.115471
35.880689
0 -89.11488
35.879247
0 -89.113024
35.878651
0 -89.111999
35.875333
0 -89.109501
35.872601
0 -89.111427
35.872346
0 -89.111821
35.871083
0 -89.110788
35.868797
0 -89.111104
35.867549
0 -89.109983
35.867061
0 -89.11082
35.866066
0 -89.110016
35.865006
0 -89.11094
35.864215
0 -89.109818
35.862353
0 -89.107888
35.862299
0 -89.10608
35.8637
0 -89.105201
35.861421
0 -89.103481
35.862394
0 -89.100099
35.8615
0 -89.100788
35.863032
0 -89.099614
35.863247
0 -89.099154
35.861379
0 -89.098284
35.862214
0 -89.096887
35.861396
0 -89.09474
35.861424
0 -89.092737
35.862705
0 -89.091859
35.862491
0 -89.091966
35.860458
0 -89.089848
35.862486
0 -89.089287
35.861168
0 -89.087377
35.860954
0 -89.087998
35.859663
0 -89.08691
35.858575
0 -89.086857
35.860356
0 -89.084783
35.860955
0 -89.08169
35.859697
0 -89.081083
35.858358
0 -89.07792
35.857226
0 -89.076599
35.857592
0 -89.072207
35.857515
0 -89.06991
35.855759
0 -89.068648
35.856133
0 -89.066037
35.855139
0 -89.065299
35.852762
0 -89.065603
35.851514
0 -89.064024
35.8517
0 -89.063936
35.850629
0 -89.06005
35.848063
0 -89.056372
35.849804
0 -89.053477
35.850035
0 -89.051381
35.849414
0 -89.047353
35.850009
0 -89.046078
35.849199
0 -89.04511
35.848106
0 -89.042991
35.848957
0 -89.039077
35.848775
0 -89.035925
35.850824
0 -89.032936
35.851895
0 -89.030486
35.851664
0 -89.026578
35.852465
0 -89.026281
35.853569
0 -89.021914
35.854491
0 -89.021428
35.853341
0 -89.021452
35.847101
0 -89.019273
35.839751
0 -89.015229
35.839482
0 -89.006579
35.839227
0 -89.00656
35.832682
0 -88.993581
35.832472
0 -88.993586
35.829264
0 -88.990772
35.829391
0 -88.990693
35.832418
0 -88.988092
35.832361
0 -88.988158
35.827838
0 -88.978535
35.827936
0 -88.978478
35.830592
0 -88.976063
35.830549
0 -88.976064
35.829887
0 -88.972958
35.829835
0 -88.972719
35.832073
0 -88.967381
35.832069
0 -88.967581
35.830497
0 -88.966271
35.83002
0 -88.966393
35.826897
0 -88.963679
35.826786
0 -88.963522
35.827418
0 -88.961013
35.826289
0 -88.96052
35.823948
0 -88.957444
35.822238
0 -88.955329
35.823579
0 -88.95432
35.822835
0 -88.955597
35.821998
0 -88.955369
35.820549
0 -88.952446
35.819435
0 -88.950272
35.81698
0 -88.949197
35.81687
0 -88.949296
35.815696
0 -88.948377
35.813633
0 -88.945531
35.813279
0 -88.943959
35.814611
0 -88.940783
35.815085
0 -88.938711
35.814152
0 -88.938712
35.814138
0 -88.937764
35.812249
0 -88.935818
35.812233
0 -88.934637
35.811499
0 -88.932719
35.81052
0 -88.932044
35.807856
0 -88.929535
35.808614
0 -88.92936
35.807086
0 -88.925765
35.806064
0 -88.924652
35.803657
0 -88.920956
35.803443
0 -88.920427
35.802252
0 -88.918803
35.801932
0 -88.917519
35.800595
0 -88.916181
35.797307
0 -88.911121
35.797343
0 -88.893013
35.79657
0 -88.887522
35.796335
0 -88.878457
35.79593
0 -88.86761
35.795687
0 -88.830115
35.794569
0 -88.801767
35.793689
0 -88.789107
35.793289
0 -88.787847
35.793249
0 -88.760634
35.792366
0 -88.706811
35.791075
0 -88.706002
35.796042
0 -88.706671
35.798649
0 -88.705789
35.814734
0 -88.705234
35.82485
0 -88.704617
35.828331
0 -88.704165
35.838044
0 -88.703815
35.841174
0 -88.703835
35.848652
0 -88.702076
35.861647
0 -88.701765
35.868399
0 -88.701844
35.875066
0 -88.697836
35.942113
0 -88.697833
35.942171
0 -88.696883
35.959822
0 -88.695955
35.993588
0 -88.695735
36.000064
0 -88.695417
36.00181
0 -88.693972
36.040167
0 -88.693481
36.044717
0 -88.692734
36.062156
0 -88.692709
36.062746
0 -88.693268
36.064109
0 -88.694255
36.063552
0 -88.694426
36.066432
0 -88.695459
36.066046
0 -88.69683
36.063948
0 -88.698479
36.064784
0 -88.70115
36.067308
0 -88.70327
36.06719
0 -88.704157
36.068115
0 -88.707642
36.069713
0 -88.70927
36.07184
0 -88.713464
36.073526
0 -88.714234
36.076363
0 -88.718201
36.07901
0 -88.720828
36.078435
0 -88.724148
36.080452
0 -88.724006
36.081495
0 -88.725737
36.081874
0 -88.72761
36.080587
0 -88.730248
36.079829
0 -88.736558
36.084257
0 -88.735492
36.086296
0 -88.737434
36.087132
0 -88.738133
36.08591
0 -88.740008
36.086721
0 -88.741153
36.08881
0 -88.742654
36.089139
0 -88.743064
36.090887
0 -88.746746
36.091244
0 -88.746941
36.092545
0 -88.748613
36.091444
0 -88.748863
36.093411
0 -88.749795
36.092543
0 -88.750424
36.093708
0 -88.748793
36.09473
0 -88.74609
36.094415
0 -88.744097
36.093554
0 -88.747473
36.096193
0 -88.747843
36.097883
0 -88.750873
36.100058
0 -88.752396
36.099985
0 -88.753171
36.102024
0 -88.751682
36.105
0 -88.754621
36.105078
0 -88.75392
36.107401
0 -88.755523
36.107249
0 -88.756719
36.108358
0 -88.75832
36.108253
0 -88.758559
36.109921
0 -88.760067
36.107893
0 -88.760892
36.109537
0 -88.762462
36.109545
0 -88.764361
36.110722
0 -88.764961
36.109705
0 -88.766886
36.112352
0 -88.768408
36.111802
0 -88.770668
36.112418
0 -88.772402
36.112195
0 -88.773445
36.110918
0 -88.774916
36.111724
0 -88.775715
36.110283
0 -88.777765
36.110968
0 -88.780896
36.110839
0 -88.780732
36.113617
0 -88.782068
36.112578
0 -88.785055
36.112777
0 -88.786987
36.111967
0 -88.790386
36.112639
0 -88.791769
36.112383
0 -88.792788
36.114024
0 -88.795319
36.113386
0 -88.797875
36.114572
0 -88.799282
36.113849
0 -88.803347
36.116844
0 -88.804232
36.118077
0 -88.806
36.117231
0 -88.809192
36.117799
0 -88.811027
36.116651
0 -88.812967
36.116618
0 -88.815355
36.117776
0 -88.816179
36.119105
0 -88.819244
36.117972
0 -88.823029
36.119701
0 -88.823861
36.120707
0 -88.825675
36.120435
0 -88.826259
36.121825
0 -88.828153
36.120658
0 -88.828785
36.121733
0 -88.830354
36.121015
0 -88.832242
36.122584
0 -88.833398
36.121124
0 -88.83529
36.120909
0 -88.837851
36.124533
0 -88.840323
36.125283
0 -88.840884
36.123495
0 -88.841837
36.125064
0 -88.843169
36.125064
0 -88.842094
36.127787
0 -88.843065
36.128193
0 -88.845293
36.127482
0 -88.844588
36.128993
0 -88.846846
36.129383
0 -88.846592
36.130161
0 -88.848173
36.131305
0 -88.846706
36.131603
0 -88.848124
36.133657
0 -88.848288
36.135661
0 -88.84965
36.136259
0 -88.851011
36.135814
0 -88.852914
36.136643
0 -88.853015
36.135126
0 -88.854676
36.136802
0 -88.85525
36.135126
0 -88.856408
36.13479
0 -88.85735
36.135328
0 -88.858456
36.13769
0 -88.859714
36.135816
0 -88.862045
36.138013
0 -88.863515
36.137699
0 -88.864431
36.139276
0 -88.864303
36.140726
0 -88.865651
36.140434
0 -88.866194
36.14294
0 -88.869705
36.145872
0 -88.87115
36.148431
0 -88.871259
36.14964
0 -88.872689
36.150947
0 -88.873434
36.150628
0 -88.874608
36.15249
0 -88.876193
36.153597
0 -88.875528
36.15496
0 -88.877364
36.154312
0 -88.878
36.156197
0 -88.877869
36.159367
0 -88.880388
36.160517
0 -88.880272
36.161923
0 -88.881816
36.162874
0 -88.883585
36.162886
0 -88.884194
36.163831
0 -88.88338
36.164924
0 -88.884178
36.167551
0 -88.886841
36.167475
0 -88.886921
36.168843
0 -88.88871
36.168355
0 -88.889062
36.169685
0 -88.887794
36.170409
0 -88.889514
36.172152
0 -88.891338
36.171119
0 -88.891127
36.172779
0 -88.892679
36.172027
0 -88.892766
36.173971
0 -88.894533
36.176835
0 -88.896274
36.178088
0 -88.897785
36.178325
0 -88.897975
36.177171
0 -88.899222
36.177726
0 -88.90061
36.179869
0 -88.901776
36.178199
0 -88.903165
36.178584
0 -88.902704
36.179853
0 -88.903661
36.181882
0 -88.90639
36.18114
0 -88.909671
36.184043
0 -88.908207
36.184995
0 -88.910535
36.18568
0 -88.912346
36.1871
0 -88.913361
36.186351
0 -88.917482
36.188374
0 -88.918334
36.188248
0 -88.920082
36.190016
0 -88.921242
36.19205
0 -88.925215
36.191196
0 -88.927317
36.191632
0 -88.928586
36.192802
0 -88.931864
36.193569
0 -88.93308
36.194567
0 -88.933038
36.196983
0 -88.93441
36.197157
0 -88.937465
36.199256
0 -88.938782
36.200763
0 -88.939495
36.203088
0 -88.9407
36.203893
0 -88.943899
36.20592
0 -88.944429
36.207613
0 -88.946384
36.20936
0 -88.949627
36.210395
0 -88.95096
36.211299
0 -88.954636
36.217627
0 -88.953544
36.218248
0 -88.95427
36.220011
0 -88.958304
36.22066
0 -88.957857
36.221779
0 -88.959839
36.222834
0 -88.961232
36.201635
0 -88.997935
36.202229
0 -89.000065
36.202106
0 -89.003805
36.202163
0 -89.027326
36.202467
0 -89.027933
36.202477
0 -89.03709
36.202604
0 -89.092369
36.203293
0 -89.154464
36.204678
0 -89.158446
36.13442
0 -89.159163
36.112625
0 -89.156663
36.111832
0 -89.157328
36.108659
0 -89.157513
36.104176
0 -89.159552
36.104211
0 -89.161877
36.058322
0 -89.163862
36.02619
0 -89.169157
36.026402
0 -89.172925
36.023711
0 -89.174925
36.023833
0 -89.176756
36.022559
0 -89.178523
36.022204
0 -89.17948
36.022725
0 -89.181285
36.02133
0 -89.182658
36.02233
0 -89.18301
36.021291
0 -89.185735
36.020215
0 -89.18631
36.022462
0 -89.187284
36.020649
0 -89.188743
36.022084
0 -89.189355
36.020564
0 -89.190786
36.02011
0 -89.191963
36.020687
0 -89.193314
36.019884
0 -89.194855
36.017157
0 -89.196322
36.019167
0 -89.197759
36.018804
0 -89.198192
36.017558
0 -89.200287
36.016775
0 -89.20101
36.017429
0 -89.203059
36.016198
0 -89.203173
36.013308
0 -89.204762
36.012633
0 -89.206182
36.013764
0 