-120.653558655822
45.7372374222175
0 -120.649368
45.732947
0 -120.649368
45.730246
0 -120.646168
45.726146
0 -120.646068
45.723946
0 -120.643668
45.722346
0 -120.640368
45.721046
0 -120.638568
45.720846
0 -120.635868
45.721546
0 -120.631668
45.720646
0 -120.629067
45.721346
0 -120.624467
45.722047
0 -120.618567
45.721447
0 -120.612267
45.717847
0 -120.609967
45.715847
0 -120.606167
45.714547
0 -120.605467
45.713947
0 -120.604166
45.710547
0 -120.603466
45.706647
0 -120.603766
45.704747
0 -120.602466
45.702847
0 -120.600466
45.702247
0 -120.593766
45.701548
0 -120.587066
45.701648
0 -120.583366
45.700048
0 -120.577565
45.698648
0 -120.574265
45.696048
0 -120.572265
45.695448
0 -120.569465
45.693748
0 -120.567465
45.690648
0 -120.566965
45.686048
0 -120.560065
45.682348
0 -120.558264
45.681648
0 -120.556464
45.679448
0 -120.553064
45.678348
0 -120.552064
45.677548
0 -120.551164
45.672548
0 -120.549064
45.670148
0 -120.547364
45.669048
0 -120.544783
45.669195
0 -120.539245
45.671165
0 -120.535308
45.671852
0 -120.531013
45.671899
0 -120.528516
45.671177
0 -120.524742
45.668983
0 -120.520924
45.667379
0 -120.517573
45.666867
0 -120.515688
45.66608
0 -120.513313
45.66596
0 -120.510188
45.665119
0 -120.507818
45.663294
0 -120.503299
45.658886
0 -120.4995
45.656136
0 -120.497056
45.655383
0 -120.494514
45.655796
0 -120.490376
45.655752
0 -120.488694
45.654991
0 -120.488616
45.654793
0 -120.488452
45.654245
0 -120.489167
45.651913
0 -120.492051
45.648977
0 -120.492059
45.64887
0 -120.491733
45.64348
0 -120.489713
45.643092
0 -120.485316
45.644945
0 -120.48244
45.645079
0 -120.482315
45.64507
0 -120.480068
45.645078
0 -120.47945
45.644828
0 -120.478358
45.642526
0 -120.478484
45.639839
0 -120.479675
45.639234
0 -120.482368
45.639259
0 -120.486319
45.637152
0 -120.486155
45.636078
0 -120.483156
45.634366
0 -120.479409
45.63327
0 -120.477812
45.631168
0 -120.477224
45.627535
0 -120.471556
45.625983
0 -120.469843
45.624849
0 -120.469952
45.622531
0 -120.468713
45.619904
0 -120.46728
45.61915
0 -120.464773
45.619607
0 -120.456274
45.622397
0 -120.451885
45.625827
0 -120.449703
45.626444
0 -120.44371
45.626925
0 -120.440313
45.625918
0 -120.438103
45.623059
0 -120.439221
45.621657
0 -120.445399
45.617027
0 -120.446442
45.613577
0 -120.444153
45.607642
0 -120.442791
45.606013
0 -120.438104
45.601739
0 -120.433124
45.598517
0 -120.426362
45.597011
0 -120.420896
45.597667
0 -120.41483
45.596686
0 -120.410404
45.594972
0 -120.409851
45.594126
0 -120.409008
45.589076
0 -120.408979
45.583226
0 -120.407322
45.579752
0 -120.405598
45.577603
0 -120.404828
45.574637
0 -120.40261
45.56965
0 -120.402645
45.56684
0 -120.405184
45.565035
0 -120.406905
45.562748
0 -120.407334
45.559277
0 -120.404973
45.555698
0 -120.401681
45.55406
0 -120.395888
45.552806
0 -120.392604
45.551754
0 -120.390947
45.549925
0 -120.388249
45.548736
0 -120.385893
45.546259
0 -120.385378
45.542976
0 -120.384077
45.540952
0 -120.380519
45.53806
0 -120.376156
45.537454
0 -120.370056
45.53785
0 -120.365755
45.537276
0 -120.359156
45.53505
0 -120.35783
45.533781
0 -120.357689
45.531794
0 -120.358855
45.53045
0 -120.362256
45.53055
0 -120.367461
45.531465
0 -120.372139
45.530644
0 -120.375793
45.528385
0 -120.376156
45.527588
0 -120.380486
45.523731
0 -120.380493
45.521584
0 -120.379476
45.519364
0 -120.377717
45.518001
0 -120.375543
45.517903
0 -120.369238
45.51615
0 -120.365031
45.514129
0 -120.364691
45.513351
0 -120.361305
45.511064
0 -120.360032
45.508339
0 -120.360961
45.505791
0 -120.364955
45.49725
0 -120.368855
45.49495
0 -120.373427
45.493714
0 -120.377756
45.49295
0 -120.382056
45.49445
0 -120.386686
45.496787
0 -120.394456
45.49705
0 -120.399056
45.49695
0 -120.405557
45.49745
0 -120.409557
45.49825
0 -120.414957
45.49875
0 -120.422581
45.50051
0 -120.426856
45.49795
0 -120.426057
45.49395
0 -120.423357
45.49195
0 -120.424257
45.48605
0 -120.423257
45.48365
0 -120.420557
45.48285
0 -120.417857
45.48305
0 -120.412857
45.48255
0 -120.411057
45.48185
0 -120.407256
45.47445
0 -120.407022
45.473147
0 -120.409948
45.470332
0 -120.415158
45.468934
0 -120.421852
45.467958
0 -120.422869
45.467402
0 -120.425925
45.468009
0 -120.426509
45.469199
0 -120.429017
45.47096
0 -120.429824
45.472238
0 -120.43323
45.472994
0 -120.438779
45.475768
0 -120.441284
45.478877
0 -120.446592
45.48369
0 -120.449907
45.485275
0 -120.45441
45.485194
0 -120.459937
45.480212
0 -120.462291
45.478808
0 -120.46966
45.476929
0 -120.472759
45.476149
0 -120.477559
45.472649
0 -120.481228
45.471983
0 -120.483859
45.470249
0 -120.490359
45.468949
0 -120.495859
45.465349
0 -120.493459
45.462649
0 -120.491759
45.462049
0 -120.489859
45.462449
0 -120.486359
45.461749
0 -120.482359
45.459549
0 -120.481559
45.456549
0 -120.483459
45.455349
0 -120.489859
45.453649
0 -120.493659
45.451849
0 -120.495159
45.450549
0 -120.496859
45.446949
0 -120.496059
45.444049
0 -120.492159
45.443649
0 -120.487859
45.442549
0 -120.484435
45.440716
0 -120.482941
45.438548
0 -120.483658
45.435549
0 -120.486758
45.434349
0 -120.492259
45.434249
0 -120.493959
45.434549
0 -120.501159
45.433999
0 -120.501859
45.433249
0 -120.505859
45.431749
0 -120.506459
45.430649
0 -120.506059
45.428249
0 -120.502959
45.427949
0 -120.494059
45.428249
0 -120.489058
45.426949
0 -120.484158
45.422849
0 -120.482958
45.420549
0 -120.484258
45.419249
0 -120.489258
45.416849
0 -120.492258
45.417349
0 -120.495759
45.418649
0 -120.498759
45.419049
0 -120.501159
45.418749
0 -120.502659
45.417249
0 -120.506259
45.407749
0 -120.507959
45.405749
0 -120.509659
45.405049
0 -120.514759
45.404349
0 -120.519859
45.405449
0 -120.525059
45.405249
0 -120.527559
45.403449
0 -120.528659
45.400349
0 -120.519359
45.396349
0 -120.518459
45.394649
0 -120.523059
45.388849
0 -120.525259
45.387249
0 -120.528159
45.386549
0 -120.530159
45.385449
0 -120.532059
45.383249
0 -120.532559
45.381549
0 -120.529759
45.380449
0 -120.522659
45.381849
0 -120.515159
45.381149
0 -120.513358
45.380649
0 -120.512558
45.378649
0 -120.513158
45.376849
0 -120.514958
45.375649
0 -120.516659
45.375749
0 -120.521859
45.377849
0 -120.524059
45.376849
0 -120.523459
45.373549
0 -120.524459
45.372549
0 -120.527059
45.371849
0 -120.532059
45.371249
0 -120.534459
45.370249
0 -120.534659
45.368449
0 -120.531859
45.366149
0 -120.530659
45.363849
0 -120.533659
45.358149
0 -120.533659
45.352949
0 -120.535559
45.351749
0 -120.540159
45.349949
0 -120.543059
45.347649
0 -120.543359
45.346049
0 -120.541459
45.345249
0 -120.533958
45.344149
0 -120.532458
45.343649
0 -120.531258
45.342049
0 -120.530458
45.339249
0 -120.531258
45.336549
0 -120.530758
45.335149
0 -120.530958
45.332249
0 -120.531958
45.331449
0 -120.534358
45.331449
0 -120.539658
45.330649
0 -120.541258
45.329349
0 -120.539358
45.327749
0 -120.535158
45.328449
0 -120.529458
45.328149
0 -120.527358
45.324249
0 -120.528058
45.320949
0 -120.527458
45.319149
0 -120.530358
45.317549
0 -120.538758
45.315849
0 -120.540458
45.314749
0 -120.540758
45.311549
0 -120.538858
45.309749
0 -120.531858
45.309049
0 -120.525558
45.305749
0 -120.524658
45.304049
0 -120.524057
45.30015
0 -120.524457
45.29915
0 -120.527757
45.295949
0 -120.531558
45.294749
0 -120.534658
45.295049
0 -120.536858
45.296349
0 -120.537758
45.297849
0 -120.538558
45.302749
0 -120.540358
45.304349
0 -120.542258
45.304549
0 -120.545458
45.302549
0 -120.548158
45.298349
0 -120.547758
45.296449
0 -120.546658
45.295549
0 -120.544258
45.291449
0 -120.542758
45.288049
0 -120.543158
45.285649
0 -120.544858
45.284449
0 -120.547358
45.284449
0 -120.553358
45.283249
0 -120.555558
45.281249
0 -120.553158
45.279649
0 -120.549158
45.281049
0 -120.547858
45.281049
0 -120.542858
45.279649
0 -120.541758
45.279049
0 -120.540257
45.276049
0 -120.540289
45.274864
0 -120.541857
45.271849
0 -120.545158
45.269049
0 -120.546358
45.267249
0 -120.547057
45.262949
0 -120.544657
45.261649
0 -120.541657
45.261649
0 -120.538157
45.262449
0 -120.535957
45.26185
0 -120.533657
45.25905
0 -120.534457
45.25585
0 -120.535757
45.25495
0 -120.540657
45.253249
0 -120.542857
45.253849
0 -120.550957
45.253349
0 -120.554457
45.252749
0 -120.556057
45.250449
0 -120.552057
45.246649
0 -120.550658
45.24415
0 -120.551139
45.242426
0 -120.550357
45.240849
0 -120.546457
45.237249
0 -120.544157
45.236649
0 -120.542956
45.235149
0 -120.541656
45.231949
0 -120.543656
45.228449
0 -120.545356
45.223949
0 -120.544856
45.222449
0 -120.541956
45.220249
0 -120.540056
45.219849
0 -120.534156
45.22325
0 -120.530056
45.22465
0 -120.528456
45.22465
0 -120.525956
45.22385
0 -120.524455
45.22255
0 -120.523855
45.22035
0 -120.524455
45.21885
0 -120.527555
45.21675
0 -120.529355
45.21635
0 -120.533055
45.21665
0 -120.537556
45.21785
0 -120.540256
45.217049
0 -120.542856
45.213649
0 -120.543008
45.212507
0 -120.541755
45.210349
0 -120.540955
45.209949
0 -120.536755
45.21115
0 -120.534055
45.21125
0 -120.532555
45.21065
0 -120.531655
45.20605
0 -120.529055
45.20475
0 -120.524155
45.20445
0 -120.521555
45.20535
0 -120.520455
45.20445
0 -120.521254
45.20265
0 -120.519354
45.20105
0 -120.516054
45.19925
0 -120.509454
45.19785
0 -120.506254
45.19615
0 -120.502854
45.19555
0 -120.497954
45.19575
0 -120.493553
45.19765
0 -120.48849
45.197233
0 -120.484853
45.19485
0 -120.481653
45.19335
0 -120.480953
45.19125
0 -120.481153
45.18895
0 -120.482353
45.18665
0 -120.487153
45.18365
0 -120.487653
45.18075
0 -120.485552
45.17955
0 -120.483352
45.17945
0 -120.480152
45.18015
0 -120.474752
45.17975
0 -120.472652
45.17765
0 -120.473652
45.17565
0 -120.476752
45.17325
0 -120.480152
45.17235
0 -120.482552
45.17235
0 -120.484052
45.17155
0 -120.483552
45.17025
0 -120.480252
45.16895
0 -120.476852
45.16835
0 -120.472951
45.16595
0 -120.469547
45.164946
0 -120.468551
45.16355
0 -120.468951
45.16215
0 -120.471551
45.15955
0 -120.474951
45.15775
0 -120.476251
45.15645
0 -120.476751
45.15415
0 -120.476251
45.15185
0 -120.475351
45.15105
0 -120.466995
45.146686
0 -120.464991
45.144196
0 -120.46295
45.14405
0 -120.457069
45.145483
0 -120.45225
45.14545
0 -120.44886
45.143185
0 -120.450097
45.140883
0 -120.453041
45.139253
0 -120.45505
45.13945
0 -120.45865
45.13885
0 -120.46045
45.13795
0 -120.46215
45.13505
0 -120.465706
45.130127
0 -120.463787
45.125985
0 -120.460249
45.12315
0 -120.458449
45.12065
0 -120.458449
45.11945
0 -120.461049
45.11625
0 -120.460549
45.11165
0 -120.461249
45.10865
0 -120.463448
45.10515
0 -120.463648
45.10375
0 -120.462548
45.10115
0 -120.464548
45.10015
0 -120.467448
45.10155
0 -120.468449
45.10285
0 -120.468849
45.10695
0 -120.470649
45.10855
0 -120.476849
45.11165
0 -120.479249
45.11015
0 -120.482849
45.10505
0 -120.486949
45.10435
0 -120.491949
45.10585
0 -120.494749
45.10575
0 -120.498149
45.10455
0 -120.50115
45.1041
0 -120.50345
45.10265
0 -120.506864
45.102778
0 -120.51005
45.10135
0 -120.51485
45.09465
0 -120.512249
45.09095
0 -120.508549
45.08725
0 -120.504449
45.08565
0 -120.503549
45.08295
0 -120.498348
45.07845
0 -120.494548
45.07465
0 -120.495748
45.07005
0 -120.495247
45.068549
0 -120.461428
45.068742
0 -120.402245
45.066751
0 -120.309342
45.066966
0 -120.297342
45.066951
0 -120.254841
45.065752
0 -120.235139
45.066153
0 -120.214636
45.067648
0 -120.188492
45.067461
0 -120.131882
45.06718
0 -120.128406
45.065163
0 -120.107836
45.065754
0 -120.086465
45.065777
0 -120.068034
45.066054
0 -120.005371
45.065628
0 -120.000044
45.065606
0 -119.91023
45.065658
0 -119.91023
45.066558
0 -119.890329
45.068158
0 -119.876528
45.068352
0 -119.850928
45.068383
0 -119.790426
45.067761
0 -119.790327
45.08146
0 -119.760426
45.081261
0 -119.760125
45.16758
0 -119.764248
45.167847
0 -119.780144
45.169283
0 -119.883034
45.169657
0 -119.882993
45.189274
0 -119.883201
45.19089
0 -119.882986
45.192813
0 -119.882037
45.255956
0 -119.898472
45.256155
0 -120.00674
45.257454
0 -120.005711
45.350614
0 -120.00538
45.385918
0 -120.00471
45.517116
0 -119.999243
45.517431
0 -119.998748
45.684931
0 -119.998764
45.687979
0 -119.999502134311
45.8124813815411
0 -120.001148
45.811902
0 -120.055126988288
45.7909759697879
0 -120.07015
45.785152
0 -120.141352
45.773152
0 -120.170453
45.761951
0 -120.191102009491
45.7435056923978
0 -120.210754
45.725951
0 -120.211471022503
45.7259037923197
0 -120.282156
45.72125
0 -120.288656
45.72015
0 -120.329057
45.71105
0 -120.40396
45.699249
0 -120.453095517243
45.6962407797663
0 -120.482362
45.694449
0 -120.505863
45.700048
0 -120.521964
45.709848
0 -120.553305780858
45.7336671182754
0 -120.559465
45.738348
0 -120.591166
45.746547
0 -120.634968
45.745847
0 -120.653558655822
45.7372374222175
0 