-97.77853
28.668027
0 -97.778336
28.667649
0 -97.773875
28.669018
0 -97.773377
28.667851
0 -97.772004
28.668324
0 -97.769866
28.664599
0 -97.766641
28.664807
0 -97.765532
28.661726
0 -97.762302
28.659947
0 -97.763351
28.658539
0 -97.762553
28.657928
0 -97.759921
28.65796
0 -97.758518
28.655974
0 -97.7554
28.655037
0 -97.754593
28.654165
0 -97.753575
28.651901
0 -97.752455
28.647625
0 -97.753779
28.644199
0 -97.753368
28.642641
0 -97.751953
28.641887
0 -97.750483
28.639235
0 -97.746592
28.636564
0 -97.744659
28.636939
0 -97.742357
28.635675
0 -97.739899
28.632628
0 -97.738945
28.63264
0 -97.737915
28.630346
0 -97.736571
28.63026
0 -97.731603
28.628063
0 -97.731158
28.62663
0 -97.732214
28.625996
0 -97.731406
28.625
0 -97.731935
28.623515
0 -97.730975
28.622734
0 -97.729378
28.622982
0 -97.728336
28.620908
0 -97.72856
28.616804
0 -97.729606
28.612584
0 -97.728882
28.610493
0 -97.727129
28.608662
0 -97.726873
28.607424
0 -97.72499
28.604547
0 -97.723811
28.604003
0 -97.720781
28.601132
0 -97.719894
28.596973
0 -97.721745
28.595806
0 -97.719688
28.594063
0 -97.719021
28.592693
0 -97.716452
28.591208
0 -97.715978
28.588941
0 -97.714027
28.587726
0 -97.713048
28.586406
0 -97.714007
28.583886
0 -97.71243
28.582351
0 -97.712517
28.580118
0 -97.711631
28.578038
0 -97.712653
28.576283
0 -97.710004
28.574803
0 -97.708365
28.574776
0 -97.70829
28.573329
0 -97.709156
28.572053
0 -97.709018
28.56862
0 -97.707903
28.568301
0 -97.706164
28.5696
0 -97.705933
28.567465
0 -97.704475
28.566348
0 -97.70354
28.563075
0 -97.704998
28.561122
0 -97.703698
28.560939
0 -97.701888
28.561194
0 -97.701626
28.560413
0 -97.703365
28.557904
0 -97.702299
28.555802
0 -97.700292
28.554851
0 -97.698971
28.552078
0 -97.698815
28.550846
0 -97.701027
28.550614
0 -97.699986
28.548612
0 -97.698802
28.547768
0 -97.698441
28.545267
0 -97.696945
28.541856
0 -97.695332
28.541499
0 -97.693506
28.542071
0 -97.691793
28.541075
0 -97.686105
28.540024
0 -97.684928
28.539276
0 -97.684772
28.537197
0 -97.683071
28.536399
0 -97.680423
28.536382
0 -97.679533
28.535177
0 -97.671608
28.535776
0 -97.669771
28.535512
0 -97.668575
28.534439
0 -97.668077
28.532018
0 -97.668401
28.530841
0 -97.662552
28.527935
0 -97.659213
28.527329
0 -97.655563
28.52861
0 -97.653919
28.527323
0 -97.654081
28.525304
0 -97.652188
28.52362
0 -97.649896
28.523135
0 -97.646595
28.520928
0 -97.644889
28.520812
0 -97.641861
28.522109
0 -97.642869
28.523683
0 -97.642452
28.524304
0 -97.640147
28.524359
0 -97.638814
28.523434
0 -97.637001
28.524996
0 -97.633886
28.524802
0 -97.630191
28.527056
0 -97.627413
28.527236
0 -97.62654
28.528265
0 -97.623189
28.528012
0 -97.623392
28.529538
0 -97.622264
28.529357
0 -97.619796
28.527152
0 -97.617673
28.528225
0 -97.616283
28.526631
0 -97.612601
28.525053
0 -97.610401
28.523233
0 -97.608626
28.523487
0 -97.608422
28.526188
0 -97.607438
28.5267
0 -97.60588
28.526354
0 -97.60477
28.52422
0 -97.601494
28.523423
0 -97.599525
28.523627
0 -97.59506
28.52508
0 -97.590755
28.523909
0 -97.58627
28.524372
0 -97.584134
28.522535
0 -97.582446
28.522238
0 -97.577058
28.522547
0 -97.573613
28.520903
0 -97.571539
28.519533
0 -97.569203
28.516848
0 -97.568953
28.515402
0 -97.565509
28.515077
0 -97.563024
28.516408
0 -97.561585
28.515534
0 -97.560925
28.514125
0 -97.559131
28.514395
0 -97.558496
28.514054
0 -97.557487
28.508398
0 -97.556105
28.503986
0 -97.553932
28.502864
0 -97.553608
28.500894
0 -97.554165
28.499354
0 -97.554085
28.497555
0 -97.552516
28.494964
0 -97.55259
28.494326
0 -97.554733
28.49223
0 -97.554882
28.490706
0 -97.553943
28.488324
0 -97.553999
28.486872
0 -97.55512
28.484903
0 -97.553962
28.484055
0 -97.552349
28.481866
0 -97.551709
28.476859
0 -97.552817
28.475391
0 -97.553172
28.473696
0 -97.551597
28.472117
0 -97.551392
28.468475
0 -97.551692
28.46754
0 -97.553858
28.465565
0 -97.554624
28.462925
0 -97.553685
28.458452
0 -97.553916
28.455278
0 -97.552441
28.451344
0 -97.551369
28.450441
0 -97.548027
28.451316
0 -97.546571
28.450254
0 -97.544654
28.449929
0 -97.541829
28.446689
0 -97.538337
28.446154
0 -97.53535
28.448105
0 -97.533818
28.447798
0 -97.531907
28.446301
0 -97.529194
28.446394
0 -97.525508
28.44735
0 -97.522048
28.446915
0 -97.520343
28.445688
0 -97.520599
28.444081
0 -97.523064
28.442773
0 -97.523879
28.440738
0 -97.521199
28.437634
0 -97.520292
28.433508
0 -97.518861
28.432236
0 -97.516353
28.431878
0 -97.513696
28.432587
0 -97.510472
28.432178
0 -97.508219
28.4327
0 -97.505299
28.434586
0 -97.503941
28.437099
0 -97.502049
28.437813
0 -97.499749
28.437513
0 -97.498038
28.438256
0 -97.4937
28.438836
0 -97.490924
28.438066
0 -97.489473
28.437148
0 -97.48521
28.436391
0 -97.4805
28.433889
0 -97.478561
28.431007
0 -97.474253
28.42642
0 -97.470469
28.425145
0 -97.469205
28.423291
0 -97.469118
28.422114
0 -97.470156
28.41906
0 -97.468134
28.417564
0 -97.465563
28.416773
0 -97.464922
28.41559
0 -97.464224
28.411283
0 -97.460229
28.407851
0 -97.456726
28.407362
0 -97.454169
28.407879
0 -97.452203
28.409497
0 -97.450428
28.409213
0 -97.448551
28.406889
0 -97.448078
28.40453
0 -97.447238
28.403248
0 -97.445477
28.402676
0 -97.444581
28.403022
0 -97.444189
28.40492
0 -97.442796
28.408716
0 -97.441061
28.409353
0 -97.437869
28.409739
0 -97.434645
28.410631
0 -97.431104
28.413029
0 -97.429271
28.413018
0 -97.426874
28.411681
0 -97.424286
28.407593
0 -97.420547
28.404182
0 -97.419048
28.404369
0 -97.41728
28.405942
0 -97.410237
28.40802
0 -97.408228
28.406529
0 -97.406231
28.405879
0 -97.400463
28.405696
0 -97.39805
28.404078
0 -97.397882
28.403038
0 -97.400222
28.400998
0 -97.401399
28.397918
0 -97.401717
28.395674
0 -97.40137
28.393836
0 -97.399373
28.392191
0 -97.395778
28.392261
0 -97.393961
28.393493
0 -97.392604
28.3961
0 -97.391315
28.39698
0 -97.389219
28.39688
0 -97.388032
28.394921
0 -97.389258
28.39298
0 -97.388394
28.391208
0 -97.385869
28.389793
0 -97.383953
28.389677
0 -97.380587
28.390792
0 -97.376737
28.390075
0 -97.375579
28.388684
0 -97.375113
28.389172
0 -97.161563
28.552719
0 -97.160751
28.553475
0 -97.16311
28.556629
0 -97.161644
28.558401
0 -97.162387
28.559208
0 -97.16442
28.559492
0 -97.164311
28.560986
0 -97.161191
28.561636
0 -97.160201
28.562628
0 -97.161108
28.563881
0 -97.162779
28.56349
0 -97.164214
28.564791
0 -97.163565
28.565621
0 -97.160611
28.565318
0 -97.159032
28.564215
0 -97.157796
28.565597
0 -97.158729
28.567656
0 -97.154642
28.567402
0 -97.153588
28.569076
0 -97.153968
28.570173
0 -97.157104
28.571541
0 -97.157242
28.57363
0 -97.158613
28.574474
0 -97.160845
28.571451
0 -97.162676
28.571624
0 -97.163212
28.575576
0 -97.164509
28.577353
0 -97.16643
28.577981
0 -97.167321
28.576426
0 -97.169963
28.577187
0 -97.170695
28.578689
0 -97.170372
28.579748
0 -97.16868
28.580515
0 -97.165935
28.580759
0 -97.166315
28.58239
0 -97.167859
28.583709
0 -97.169505
28.583881
0 -97.171283
28.585218
0 -97.171237
28.586714
0 -97.169703
28.586783
0 -97.165717
28.585207
0 -97.165067
28.583915
0 -97.161982
28.585062
0 -97.1623
28.585873
0 -97.169711
28.58953
0 -97.171559
28.593639
0 -97.175071
28.593779
0 -97.176117
28.595212
0 -97.175372
28.597561
0 -97.175347
28.599164
0 -97.179621
28.603809
0 -97.180941
28.606309
0 -97.182359
28.610602
0 -97.169848
28.710709
0 -97.167731
28.727846
0 -97.167816
28.728371
0 -97.169189
28.731977
0 -97.169519
28.734375
0 -97.170695
28.736868
0 -97.172
28.737405
0 -97.176632
28.736826
0 -97.177972
28.736935
0 -97.178246
28.738865
0 -97.177007
28.741009
0 -97.175709
28.742111
0 -97.172642
28.743485
0 -97.167836
28.74792
0 -97.166214
28.752189
0 -97.166402
28.754064
0 -97.167827
28.757183
0 -97.167859
28.758881
0 -97.165937
28.762268
0 -97.164112
28.764748
0 -97.162221
28.770238
0 -97.162358
28.772104
0 -97.161748
28.773391
0 -97.158933
28.776156
0 -97.160054
28.778599
0 -97.160649
28.78258
0 -97.161635
28.783537
0 -97.169923
28.785605
0 -97.173236
28.787668
0 -97.176325
28.790734
0 -97.177487
28.794146
0 -97.179422
28.798032
0 -97.183208
28.802968
0 -97.186654
28.809821
0 -97.189435
28.811733
0 -97.190544
28.813344
0 -97.190648
28.816147
0 -97.188572
28.820154
0 -97.189243
28.824392
0 -97.188393
28.827344
0 -97.187059
28.829928
0 -97.186286
28.832603
0 -97.186665
28.834079
0 -97.189684
28.83696
0 -97.194753
28.838515
0 -97.195431
28.839025
0 -97.198177
28.843674
0 -97.198984
28.84585
0 -97.201197
28.849357
0 -97.20177
28.852428
0 -97.203514
28.854445
0 -97.204998
28.85504
0 -97.209642
28.855234
0 -97.210701
28.85568
0 -97.215177
28.859783
0 -97.216576
28.860639
0 -97.21916
28.861315
0 -97.224155
28.862156
0 -97.228193
28.863311
0 -97.231971
28.865303
0 -97.236241
28.864889
0 -97.237282
28.863445
0 -97.236344
28.861268
0 -97.233896
28.859206
0 -97.233166
28.856616
0 -97.234076
28.854851
0 -97.234987
28.854118
0 -97.23923
28.853818
0 -97.242719
28.855147
0 -97.250268
28.857537
0 -97.252292
28.857892
0 -97.254453
28.857274
0 -97.255157
28.855716
0 -97.254821
28.851613
0 -97.255603
28.848634
0 -97.260264
28.847192
0 -97.261877
28.847789
0 -97.267057
28.848685
0 -97.271404
28.847403
0 -97.277183
28.847084
0 -97.281036
28.847436
0 -97.284219
28.84699
0 -97.286815
28.845115
0 -97.289757
28.845803
0 -97.293193
28.847408
0 -97.29603
28.845782
0 -97.300508
28.844109
0 -97.303059
28.845071
0 -97.30462
28.847363
0 -97.30488
28.850732
0 -97.304203
28.851351
0 -97.300324
28.851763
0 -97.298632
28.852428
0 -97.297695
28.853642
0 -97.299569
28.855637
0 -97.299699
28.85676
0 -97.298241
28.858249
0 -97.297746
28.860862
0 -97.299463
28.862352
0 -97.304748
28.863453
0 -97.305916
28.864037
0 -97.311695
28.869608
0 -97.312626
28.872365
0 -97.310276
28.876621
0 -97.310821
28.87776
0 -97.31238
28.878484
0 -97.316624
28.876375
0 -97.317483
28.87569
0 -97.323379
28.875262
0 -97.324978
28.874683
0 -97.326284
28.876512
0 -97.326076
28.877796
0 -97.324201
28.881119
0 -97.324436
28.882449
0 -97.326676
28.885244
0 -97.337614
28.892691
0 -97.339985
28.895647
0 -97.341287
28.895853
0 -97.347277
28.894958
0 -97.350089
28.894957
0 -97.351703
28.892344
0 -97.353057
28.891633
0 -97.355359
28.893449
0 -97.354855
28.896666
0 -97.355404
28.897621
0 -97.358972
28.896697
0 -97.363269
28.896877
0 -97.365379
28.898825
0 -97.366214
28.900589
0 -97.368271
28.900978
0 -97.371474
28.899258
0 -97.372229
28.899349
0 -97.373533
28.901503
0 -97.373456
28.904116
0 -97.374603
28.904734
0 -97.377995
28.904847
0 -97.384011
28.907417
0 -97.384088
28.908265
0 -97.382732
28.911748
0 -97.382417
28.915666
0 -97.384579
28.916836
0 -97.390544
28.917113
0 -97.39419
28.919155
0 -97.397133
28.919247
0 -97.399244
28.916039
0 -97.401719
28.915742
0 -97.403126
28.916705
0 -97.405594
28.92038
0 -97.40644
28.92104
0 -97.409217
28.923823
0 -97.41137
28.925316
0 -97.41734
28.925228
0 -97.515197
28.856141
0 -97.520667
28.852172
0 -97.574639
28.8133
0 -97.606673
28.790497
0 -97.653782
28.756962
0 -97.77853
28.668027
0 