-97.840383
29.376791
0 -97.858782
29.35289
0 -97.787643
29.281392
0 -97.773308
29.266481
0 -97.772508
29.265641
0 -97.771334
29.264411
0 -97.771082
29.26384
0 -97.768831
29.261872
0 -97.766999
29.259899
0 -97.766439
29.259429
0 -97.757701
29.250234
0 -97.734087
29.227229
0 -97.728443
29.221748
0 -97.688995
29.18343
0 -97.625298
29.121338
0 -97.621438
29.117863
0 -97.613132
29.109765
0 -97.603331
29.11738
0 -97.600988
29.118938
0 -97.556513
29.152313
0 -97.450564
29.230813
0 -97.444486
29.235217
0 -97.379051
29.282973
0 -97.335207
29.315049
0 -97.33368
29.316167
0 -97.289155
29.34871
0 -97.253742
29.374662
0 -97.240108
29.384488
0 -97.239601
29.385512
0 -97.229184
29.419242
0 -97.211244
29.478298
0 -97.204794
29.500238
0 -97.202331
29.507527
0 -97.202631
29.519227
0 -97.202635
29.519381
0 -97.203744
29.559316
0 -97.204087
29.580613
0 -97.197872
29.585472
0 -97.148402
29.624138
0 -97.142643
29.628101
0 -97.143262
29.628089
0 -97.130517
29.643296
0 -97.133444
29.645806
0 -97.13625
29.647665
0 -97.179139
29.679924
0 -97.270441
29.748965
0 -97.272686
29.750229
0 -97.317893
29.784658
0 -97.409777
29.734258
0 -97.451439
29.711354
0 -97.511049
29.678588
0 -97.595145
29.632185
0 -97.597695
29.630745
0 -97.599632
29.631176
0 -97.599947
29.632367
0 -97.598583
29.633651
0 -97.598629
29.635155
0 -97.600368
29.635713
0 -97.60003
29.637613
0 -97.602272
29.63954
0 -97.603731
29.641786
0 -97.606368
29.640434
0 -97.604644
29.63648
0 -97.60585
29.635093
0 -97.607492
29.635401
0 -97.609104
29.636994
0 -97.611885
29.636879
0 -97.615969
29.634898
0 -97.617497
29.633553
0 -97.618456
29.633809
0 -97.618836
29.635547
0 -97.617894
29.63688
0 -97.618077
29.637931
0 -97.61674
29.639421
0 -97.616242
29.641117
0 -97.617161
29.64318
0 -97.617477
29.645105
0 -97.621229
29.644026
0 -97.62199
29.642948
0 -97.624692
29.642993
0 -97.628168
29.642304
0 -97.627676
29.640225
0 -97.629429
29.639783
0 -97.630188
29.643199
0 -97.629951
29.644413
0 -97.631131
29.645606
0 -97.630369
29.64682
0 -97.631707
29.646614
0 -97.633879
29.647507
0 -97.632965
29.648884
0 -97.633176
29.649863
0 -97.640024
29.640803
0 -97.664987
29.60772
0 -97.683873
29.582812
0 -97.727647
29.525021
0 -97.732981
29.518496
0 -97.739639
29.509381
0 -97.746585
29.500335
0 -97.750277
29.494144
0 -97.753859
29.488582
0 -97.803891
29.424004
0 -97.840125
29.37719
0 -97.840383
29.376791
0 