-93.040902
44.254743
0 -93.041159
44.196726
0 -93.000819
44.196899
0 -93.000204
44.196703
0 -92.9855
44.196829
0 -92.973835
44.196876
0 -92.968048
44.196868
0 -92.96631
44.196339
0 -92.964916
44.196883
0 -92.925209
44.196918
0 -92.920189
44.196904
0 -92.886865
44.196854
0 -92.83174
44.196758
0 -92.79894
44.196547
0 -92.791203
44.19644
0 -92.785941
44.196419
0 -92.782682
44.196336
0 -92.689004
44.195613
0 -92.678717
44.195516
0 -92.671357
44.195596
0 -92.665548
44.195468
0 -92.65992
44.195471
0 -92.64852
44.19542
0 -92.64666
44.19542
0 -92.645414
44.195472
0 -92.634733
44.195381
0 -92.623569
44.19527
0 -92.616236
44.195201
0 -92.613718
44.195202
0 -92.604498
44.194994
0 -92.602366
44.195117
0 -92.601711
44.195108
0 -92.600802
44.195103
0 -92.600055
44.19509
0 -92.557136
44.194903
0 -92.550871
44.194916
0 -92.550887
44.223493
0 -92.550889
44.266081
0 -92.550879
44.271481
0 -92.551183
44.274253
0 -92.551201
44.281537
0 -92.550865
44.303234
0 -92.550744
44.346545
0 -92.550752
44.360272
0 -92.550733
44.368521
0 -92.516239
44.368329
0 -92.50621
44.368288
0 -92.491147
44.36829
0 -92.430629
44.368291
0 -92.430504
44.386492
0 -92.430633
44.387961
0 -92.430264
44.451048
0 -92.430271
44.455157
0 -92.416453
44.454998
0 -92.410338
44.455282
0 -92.370444
44.455078
0 -92.368896
44.454972
0 -92.309342
44.454778
0 -92.299317
44.454556
0 -92.293719
44.454506
0 -92.278998
44.454442
0 -92.275224
44.454463
0 -92.274282
44.454442
0 -92.24201
44.454254
0 -92.244884
44.456842
0 -92.249071
44.459524
0 -92.262476
44.465149
0 -92.276784
44.473649
0 -92.282364
44.477707
0 -92.291005
44.485464
0 -92.297122
44.492732
0 -92.302215
44.500298
0 -92.302961
44.503601
0 -92.302466
44.516487
0 -92.303046
44.518646
0 -92.303527
44.519822
0 -92.307957
44.524475
0 -92.310827
44.528756
0 -92.3136566353984
44.5368314514545
0 -92.314071
44.538014
0 -92.3162276738383
44.5409661360087
0 -92.317357
44.542512
0 -92.3176652740891
44.5428019998018
0 -92.319938
44.54494
0 -92.329013
44.550895
0 -92.3357321459891
44.5538368145163
0 -92.336114
44.554004
0 -92.347567
44.557149
0 -92.361518
44.558935
0 -92.368298
44.559182
0 -92.3756429963747
44.5586561433026
0 -92.38904
44.557697
0 -92.399281
44.558292
0 -92.4111137387536
44.559839208439
0 -92.415089
44.560359
0 -92.420702
44.562041
0 -92.425774
44.564602
0 -92.431101
44.565786
0 -92.433256
44.5655
0 -92.440745
44.562833
0 -92.455105
44.561886
0 -92.470209
44.565036
0 -92.4740458099426
44.5661878962392
0 -92.481001
44.568276
0 -92.48474
44.568067
0 -92.490472
44.566205
0 -92.492404352565
44.5661227475827
0 -92.493808
44.566063
0 -92.4972254635184
44.5670371976801
0 -92.508759
44.570325
0 -92.512564
44.571801
0 -92.518358
44.575183
0 -92.520878
44.5752
0 -92.527337
44.573554
0 -92.5341073991291
44.5703281461392
0 -92.540551
44.567258
0 -92.544346
44.566986
0 -92.5466658241526
44.5674894405673
0 -92.54806
44.567792
0 -92.549957
44.568988
0 -92.55151
44.571607
0 -92.551182
44.573449
0 -92.5511533524499
44.5734978175686
0 -92.549685
44.576
0 -92.54928
44.577704
0 -92.549777
44.58113
0 -92.560796
44.594956
0 -92.567226
44.60177
0 -92.5682386971984
44.6025813502464
0 -92.569434
44.603539
0 -92.572943
44.604649
0 -92.577148
44.605054
0 -92.5788305217332
44.6039517604392
0 -92.57885
44.603939
0 -92.581591
44.600863
0 -92.584711
44.599861
0 -92.586216
44.600088
0 -92.588797
44.601698
0 -92.590467
44.605936
0 -92.601516
44.612052
0 -92.607141
44.612433
0 -92.614569
44.61173
0 -92.618025
44.61287
0 -92.621456
44.615017
0 -92.623163
44.618224
0 -92.623348
44.620713
0 -92.622571
44.623518
0 -92.619774
44.629214
0 -92.6197789069644
44.6341023179234
0 -92.619779
44.634195
0 -92.621733
44.638983
0 -92.632105
44.649027
0 -92.655807
44.65804
0 -92.660988
44.660884
0 -92.664699
44.66338
0 -92.6719091145924
44.6695667093669
0 -92.686511
44.682096
0 -92.6946902406265
44.6881115938075
0 -92.696491
44.689436
0 -92.6993160590554
44.6921710526865
0 -92.700948
44.693751
0 -92.713198
44.701085
0 -92.732042
44.7136706398321
0 -92.732417
44.679754
0 -92.732414
44.668358
0 -92.73189
44.658212
0 -92.732322
44.636287
0 -92.732043
44.629484
0 -92.732428
44.629485
0 -92.742682
44.629501
0 -92.757344
44.629502
0 -92.792584
44.629722
0 -92.792528
44.600687
0 -92.792526
44.598822
0 -92.792488
44.579517
0 -92.792499
44.565215
0 -92.792502
44.562565
0 -92.792768
44.550401
0 -92.7926
44.542971
0 -92.795319
44.542662
0 -92.80072
44.5432
0 -92.8914
44.543278
0 -92.906799
44.543268
0 -92.911832
44.543266
0 -92.913803
44.543386
0 -92.918977
44.54325
0 -92.918978
44.532908
0 -92.918978
44.528792
0 -92.918764
44.517598
0 -92.922204
44.517446
0 -92.922876
44.51794
0 -92.924751
44.515521
0 -92.933293
44.512425
0 -92.938077
44.511429
0 -92.945157
44.512792
0 -92.946517
44.512572
0 -92.951363
44.507703
0 -92.952685
44.506979
0 -92.954826
44.507025
0 -92.956354
44.508556
0 -92.955141
44.510874
0 -92.956849
44.514552
0 -92.959381
44.51539
0 -92.96231
44.515787
0 -92.964487
44.514613
0 -92.973208
44.514692
0 -92.976383
44.517047
0 -92.981941
44.518651
0 -92.984914
44.518822
0 -92.998624
44.517561
0 -93.003344
44.515861
0 -93.007459
44.516275
0 -93.013076
44.516018
0 -93.016061
44.515106
0 -93.017917
44.515036
0 -93.023192
44.516188
0 -93.024735
44.518052
0 -93.026837
44.516224
0 -93.030533
44.515398
0 -93.033003
44.514425
0 -93.03777
44.514721
0 -93.039339
44.515545
0 -93.039715
44.512512
0 -93.039927
44.486438
0 -93.039403
44.479056
0 -93.039485
44.471871
0 -93.039481
44.457452
0 -93.039762
44.418054
0 -93.039782
44.410844
0 -93.03979
44.407031
0 -93.039797
44.403747
0 -93.039823
44.399821
0 -93.040116
44.389612
0 -93.040122
44.388525
0 -93.040222
44.378213
0 -93.040237
44.370979
0 -93.040337
44.341906
0 -93.04037
44.338188
0 -93.040401
44.334746
0 -93.040467
44.327329
0 -93.040478
44.320139
0 -93.040536
44.305595
0 -93.040582
44.298269
0 -93.040711
44.283764
0 -93.040775
44.272874
0 -93.040687
44.256192
0 -93.040902
44.254743
0 