-85.111401
34.463379
0 -85.112324
34.461696
0 -85.110109
34.459754
0 -85.108836
34.45949
0 -85.107771
34.457091
0 -85.106596
34.456565
0 -85.102234
34.453086
0 -85.101272
34.450392
0 -85.09988
34.449296
0 -85.1
34.448025
0 -85.101189
34.44736
0 -85.102092
34.445145
0 -85.101873
34.444381
0 -85.099266
34.442509
0 -85.098038
34.442608
0 -85.095543
34.441326
0 -85.094372
34.439673
0 -85.095687
34.438092
0 -85.093864
34.436634
0 -85.092224
34.433605
0 -85.09332
34.432632
0 -85.091344
34.431399
0 -85.090595
34.429483
0 -85.089237
34.428745
0 -85.090194
34.425758
0 -85.088712
34.42502
0 -85.090475
34.423989
0 -85.093021
34.42325
0 -85.097599
34.42262
0 -85.101062
34.420933
0 -85.103105
34.418627
0 -85.10612
34.416863
0 -85.107403
34.415106
0 -85.107774
34.41094
0 -85.10535
34.405342
0 -85.104444
34.404278
0 -85.100278
34.404243
0 -85.096373
34.403148
0 -85.087595
34.401315
0 -85.086761
34.401264
0 -85.041831
34.401326
0 -85.03388
34.401417
0 -85.031709
34.401353
0 -85.031714
34.399792
0 -85.026873
34.399644
0 -85.027031
34.393993
0 -85.023888
34.391788
0 -85.020557
34.391096
0 -85.01893
34.392316
0 -85.005775
34.392446
0 -84.995599
34.392529
0 -84.98926
34.392453
0 -84.989916
34.384558
0 -84.980054
34.384772
0 -84.979632
34.397631
0 -84.970777
34.397733
0 -84.970441
34.384378
0 -84.953743
34.38419
0 -84.952546
34.398955
0 -84.934756
34.398747
0 -84.932611
34.398721
0 -84.928564
34.398687
0 -84.91939
34.398731
0 -84.89619
34.398598
0 -84.896282
34.396297
0 -84.895722
34.396311
0 -84.889753
34.396458
0 -84.87494
34.396779
0 -84.862863
34.396601
0 -84.837157
34.397715
0 -84.825931
34.397627
0 -84.798977
34.397345
0 -84.734118
34.396495
0 -84.733878
34.412968
0 -84.69917
34.412887
0 -84.653232
34.41259
0 -84.653644
34.445556
0 -84.653733
34.455789
0 -84.644432
34.455789
0 -84.644532
34.462989
0 -84.653291
34.463197
0 -84.653569
34.471587
0 -84.654366
34.548946
0 -84.654522
34.582897
0 -84.654523
34.583187
0 -84.681962
34.583335
0 -84.682004
34.589835
0 -84.698489
34.590448
0 -84.701634
34.590729
0 -84.705263
34.590767
0 -84.70554
34.598456
0 -84.731221
34.598613
0 -84.731289
34.612726
0 -84.723069
34.612774
0 -84.722796
34.605049
0 -84.714383
34.605094
0 -84.714121
34.619012
0 -84.715618
34.620268
0 -84.715692
34.622876
0 -84.721521
34.621871
0 -84.725587
34.62165
0 -84.734253
34.622996
0 -84.736631
34.6239
0 -84.740192
34.624049
0 -84.742003
34.623677
0 -84.744625
34.623837
0 -84.745715
34.622012
0 -84.745739
34.617419
0 -84.746186
34.614793
0 -84.746194
34.610502
0 -84.746523
34.610024
0 -84.748407
34.609102
0 -84.756279
34.610013
0 -84.758688
34.612069
0 -84.761985
34.614393
0 -84.76401
34.615178
0 -84.766579
34.615455
0 -84.769598
34.614437
0 -84.773928
34.613761
0 -84.776541
34.61276
0 -84.779065
34.61294
0 -84.779475
34.608332
0 -84.779654
34.608322
0 -84.802198
34.60839
0 -84.863793
34.608597
0 -84.863908
34.615759
0 -84.867949
34.615743
0 -84.90825
34.615789
0 -84.908299
34.634061
0 -84.913456
34.634128
0 -84.913503
34.631572
0 -84.915748
34.629414
0 -84.920352
34.628577
0 -84.925422
34.626984
0 -84.927876
34.625403
0 -84.925381
34.620234
0 -84.926119
34.616164
0 -84.933688
34.615735
0 -84.964323
34.615802
0 -85.050448
34.615983
0 -85.050446
34.622482
0 -85.055206
34.622383
0 -85.06038
34.62245
0 -85.060499
34.587184
0 -85.069159
34.587184
0 -85.069295
34.575035
0 -85.064169
34.574885
0 -85.063507
34.542548
0 -85.089997
34.541915
0 -85.090067
34.463527
0 -85.111401
34.463379
0 