-72.334401
43.61925
0 -72.334745
43.614519
0 -72.3327
43.610313
0 -72.329522
43.608393
0 -72.328232
43.606839
0 -72.3281597051148
43.6063085825
0 -72.327665
43.602679
0 -72.328514
43.600805
0 -72.32962
43.600201
0 -72.304197
43.596797
0 -72.251187
43.590583
0 -72.224893
43.587271
0 -72.208145
43.585162
0 -72.171164
43.574021
0 -72.151476
43.567916
0 -72.106464
43.55349
0 -72.119867
43.538288
0 -72.090906
43.528939
0 -72.069504
43.553288
0 -72.067261
43.543994
0 -71.999528
43.536158
0 -71.997473
43.536521
0 -71.93522
43.528449
0 -71.930959
43.533013
0 -71.905768
43.560056
0 -71.89221
43.5746
0 -71.867833
43.596303
0 -71.864053
43.599442
0 -71.849503
43.611313
0 -71.81794
43.544618
0 -71.816853
43.545312
0 -71.816348
43.546904
0 -71.818085
43.547944
0 -71.817212
43.54931
0 -71.814925
43.551076
0 -71.810171
43.550835
0 -71.808987
43.552359
0 -71.807498
43.553088
0 -71.803858
43.552887
0 -71.802211
43.554144
0 -71.801321
43.556786
0 -71.799556
43.558414
0 -71.797572
43.559498
0 -71.793375
43.558413
0 -71.790083
43.558965
0 -71.78658
43.561425
0 -71.785542
43.561618
0 -71.782504
43.560647
0 -71.781202
43.559459
0 -71.777758
43.553187
0 -71.76057
43.567722
0 -71.757112
43.566524
0 -71.755581
43.565507
0 -71.749484
43.567644
0 -71.746653
43.566686
0 -71.74484
43.565219
0 -71.743087
43.566085
0 -71.743146
43.568019
0 -71.741618
43.568568
0 -71.735752
43.569327
0 -71.733731
43.567627
0 -71.730524
43.567656
0 -71.728522
43.56549
0 -71.730295
43.565077
0 -71.72952
43.563651
0 -71.72775
43.563524
0 -71.724618
43.565267
0 -71.723758
43.567017
0 -71.724589
43.569534
0 -71.722404
43.572237
0 -71.717282
43.574573
0 -71.715562
43.577839
0 -71.715844
43.578804
0 -71.721839
43.583869
0 -71.724697
43.585718
0 -71.729148
43.586449
0 -71.731281
43.588273
0 -71.731446
43.590105
0 -71.731471
43.590714
0 -71.730273
43.59303
0 -71.728084
43.59496
0 -71.725902
43.595746
0 -71.722396
43.595318
0 -71.719717
43.595402
0 -71.716635
43.598813
0 -71.714384
43.600826
0 -71.71039
43.601675
0 -71.708054
43.601533
0 -71.705924
43.599048
0 -71.705014
43.595966
0 -71.702667
43.594547
0 -71.689273
43.594907
0 -71.685687
43.595466
0 -71.677797
43.600366
0 -71.669918
43.604407
0 -71.664429
43.604657
0 -71.663153
43.605066
0 -71.662658
43.607406
0 -71.665194
43.611652
0 -71.664517
43.614597
0 -71.662326
43.616401
0 -71.653275
43.619426
0 -71.650918
43.621222
0 -71.654054
43.625449
0 -71.655319
43.629086
0 -71.656995
43.630125
0 -71.656427
43.631704
0 -71.654232
43.633715
0 -71.652061
43.636979
0 -71.653407
43.639832
0 -71.653524
43.641141
0 -71.65151
43.642592
0 -71.651481
43.645648
0 -71.652556
43.647212
0 -71.654354
43.652964
0 -71.65488
43.660951
0 -71.653957
43.663034
0 -71.651207
43.665603
0 -71.649942
43.667348
0 -71.648626
43.671033
0 -71.648352
43.673063
0 -71.65105
43.679248
0 -71.651106
43.681506
0 -71.648462
43.684761
0 -71.648057
43.686154
0 -71.64215
43.686674
0 -71.622752
43.68836
0 -71.582088
43.691931
0 -71.522193
43.697182
0 -71.532369
43.765028
0 -71.537965
43.796563
0 -71.543649
43.796226
0 -71.560558
43.875146
0 -71.564615
43.89311
0 -71.499515
43.900096
0 -71.494968
43.900103
0 -71.361889
43.915549
0 -71.378161
44.000081
0 -71.378654
44.001664
0 -71.381917
44.017385
0 -71.382691
44.019711
0 -71.382619
44.022529
0 -71.346863
44.069008
0 -71.366734
44.068986
0 -71.381797
44.097778
0 -71.376539
44.103925
0 -71.376294
44.119489
0 -71.378556
44.125068
0 -71.387589
44.155501
0 -71.412851
44.166367
0 -71.425485
44.210835
0 -71.415801
44.212082
0 -71.443312
44.249291
0 -71.469681
44.260014
0 -71.505752
44.25557
0 -71.507337
44.262994
0 -71.575752
44.254699
0 -71.579747
44.272243
0 -71.587113
44.304786
0 -71.686754
44.336498
0 -71.696665
44.332326
0 -71.7647338276513
44.4066225349829
0 -71.764977
44.406587
0 -71.767888
44.405445
0 -71.772801
44.403097
0 -71.775399
44.401126
0 -71.778613
44.399799
0 -71.790688
44.40026
0 -71.793924
44.399271
0 -71.802353
44.39338
0 -71.803488
44.39189
0 -71.803489
44.390384
0 -71.799899
44.385951
0 -71.800316
44.384276
0 -71.803461
44.383335
0 -71.808828
44.383862
0 -71.81313
44.382801
0 -71.814388
44.381932
0 -71.815773
44.375464
0 -71.815251
44.374594
0 -71.812424
44.372532
0 -71.812235
44.371492
0 -71.812832
44.370448
0 -71.81549
44.368836
0 -71.816157
44.367559
0 -71.814991
44.363686
0 -71.812473
44.358477
0 -71.812206
44.357356
0 -71.812902
44.355547
0 -71.814351
44.354541
0 -71.818838
44.352939
0 -71.826246
44.352006
0 -71.833261
44.350136
0 -71.8376465554663
44.3477833941919
0 -71.844319
44.344204
0 -71.8455852375817
44.3436963772554
0 -71.852628
44.340873
0 -71.861941
44.340109
0 -71.86991
44.336962
0 -71.872472
44.336628
0 -71.875863
44.33737
0 -71.881895
44.340209
0 -71.902332
44.347499
0 -71.906909
44.348284
0 -71.917434
44.346535
0 -71.925088
44.342024
0 -71.92911
44.337577
0 -71.935395
44.33577
0 -71.939049
44.335844
0 -71.945163
44.337744
0 -71.958119
44.337544
0 -71.963133
44.336556
0 -71.98112
44.3375
0 -71.984617
44.336243
0 -71.986484
44.331218
0 -71.988306
44.329768
0 -72.002314
44.324871
0 -72.009977
44.321951
0 -72.014543
44.321032
0 -72.01913
44.320383
0 -72.025783
44.322054
0 -72.029061
44.322398
0 -72.033136
44.320365
0 -72.033806
44.317349
0 -72.032341
44.315752
0 -72.032317
44.306677
0 -72.032541
44.303752
0 -72.033465
44.301878
0 -72.0347413597117
44.3004301462345
0 -72.03703
44.297834
0 -72.039004
44.296463
0 -72.046302
44.291983
0 -72.0531600799259
44.2905419572593
0 -72.053355
44.290501
0 -72.0574254669721
44.2873617674627
0 -72.05888
44.28624
0 -72.065434
44.277235
0 -72.067774
44.270976
0 -72.066464
44.268331
0 -72.064544
44.267997
0 -72.060846
44.269972
0 -72.05874
44.270005
0 -72.058475
44.267886
0 -72.058969
44.265911
0 -72.059832
44.264984
0 -72.060378
44.264951
0 -72.061174
44.263377
0 -72.059782
44.256018
0 -72.0596564291525
44.2558208849887
0 -72.05399
44.246926
0 -72.050112
44.244046
0 -72.04846
44.241212
0 -72.047889
44.238493
0 -72.050656
44.233581
0 -72.053582
44.22604
0 -72.0539
44.222703
0 -72.052662
44.218841
0 -72.0528703988966
44.2181238304173
0 -72.053233
44.216876
0 -72.058605
44.208215
0 -72.058066
44.206067
0 -72.058987
44.202114
0 -72.060067
44.200446
0 -72.063561
44.198457
0 -72.064577
44.196949
0 -72.066166
44.189773
0 -72.061338
44.184951
0 -72.057496
44.179444
0 -72.053021
44.167903
0 -72.051523
44.166219
0 -72.048969
44.165039
0 -72.047593
44.161801
0 -72.046568
44.161403
0 -72.045111
44.161749
0 -72.042359
44.161701
0 -72.042387
44.160817
0 -72.044004
44.158155
0 -72.043505
44.156918
0 -72.0430090406988
44.1567693004586
0 -72.042381
44.156581
0 -72.040167
44.157023
0 -72.038551
44.156063
0 -72.0392319450997
44.1555815863946
0 -72.039349658537
44.1554983655148
0 -72.041073
44.15428
0 -72.0412608429802
44.1540490737675
0 -72.042708
44.15227
0 -72.042867
44.151288
0 -72.0423453433501
44.1429538858973
0 -72.041983
44.137165
0 -72.037859
44.133782
0 -72.034242
44.132524
0 -72.033703
44.131541
0 -72.037506
44.124708
0 -72.038839
44.124628
0 -72.040728
44.125668
0 -72.041948
44.125653
0 -72.04643
44.123911
0 -72.052342
44.119891
0 -72.0525793942387
44.1191030098651
0 -72.054675
44.112147
0 -72.054831
44.110137
0 -72.053098702506
44.1037125901545
0 -72.052391
44.101088
0 -72.050997
44.098848
0 -72.048334
44.096905
0 -72.044909
44.096402
0 -72.044023
44.09703
0 -72.043495
44.098005
0 -72.043475
44.100631
0 -72.041338
44.102987
0 -72.03925
44.103947
0 -72.03569
44.103151
0 -72.03198
44.101665
0 -72.030479
44.100224
0 -72.030176
44.099348
0 -72.030133
44.098305
0 -72.031305
44.092239
0 -72.031726
44.091272
0 -72.033677
44.089585
0 -72.036153
44.088515
0 -72.040212
44.088178
0 -72.043377
44.088209
0 -72.044131
44.087635
0 -72.043949
44.086691
0 -72.041122
44.085248
0 -72.037243
44.083673
0 -72.031925
44.08214
0 -72.030182
44.079683
0 -72.03104
44.078395
0 -72.0315457879644
44.0780934437655
0 -72.032729
44.077388
0 -72.033973
44.077002
0 -72.036163
44.07664
0 -72.03851
44.076863
0 -72.040068
44.078017
0 -72.041247
44.079129
0 -72.043175
44.079466
0 -72.046369
44.078231
0 -72.051141
44.077256
0 -72.052494
44.076716
0 -72.05226
44.075469
0 -72.050621
44.074394
0 -72.048475
44.072479
0 -72.047602
44.070479
0 -72.048289
44.069136
0 -72.053482
44.06473
0 -72.056341
44.059582
0 -72.057173
44.058646
0 -72.058863
44.057921
0 -72.065415
44.058344
0 -72.067612
44.058034
0 -72.0676268446947
44.0580029496861
0 -72.06915
44.054817
0 -72.068405
44.054021
0 -72.062713
44.051618
0 -72.06215
44.049931
0 -72.066422
44.049299
0 -72.074881
44.045892
0 -72.077372
44.044591
0 -72.078989
44.042886
0 -72.079595
44.041429
0 -72.079397
44.039531
0 -72.075486
44.034614
0 -72.075004
44.032789
0 -72.075648
44.031654
0 -72.0789797792729
44.0302057334807
0 -72.0796423637437
44.0299177195318
0 -72.079996
44.029764
0 -72.081357
44.028529
0 -72.081864
44.026952
0 -72.081673
44.023638
0 -72.082432
44.022154
0 -72.084871
44.021308
0 -72.090478
44.024299
0 -72.09203
44.024459
0 -72.094056
44.023179
0 -72.0951
44.021831
0 -72.095669
44.019683
0 -72.095193
44.016666
0 -72.090504
44.012736
0 -72.089807
44.011274
0 -72.090059
44.009903
0 -72.09123
44.009125
0 -72.093257
44.009376
0 -72.093384
44.01045
0 -72.095247
44.01358
0 -72.098897
44.015477
0 -72.102475
44.014882
0 -72.105292
44.012663
0 -72.104941
44.009395
0 -72.103576
44.004231
0 -72.103765
44.002837
0 -72.109019
44.000535
0 -72.116985
43.99448
0 -72.116706
43.991954
0 -72.112813
43.98802
0 -72.111756
43.984943
0 -72.112307330881
43.977965734941
0 -72.11249
43.975654
0 -72.113078
43.97279
0 -72.114702
43.969478
0 -72.114726
43.968332
0 -72.114273
43.967513
0 -72.110945
43.966959
0 -72.107042
43.969513
0 -72.104972
43.96995
0 -72.096161
43.968132
0 -72.091104
43.966443
0 -72.090214
43.965814
0 -72.090357
43.965409
0 -72.098563
43.963833
0 -72.100543
43.962478
0 -72.100894
43.960851
0 -72.098955
43.958879
0 -72.098689
43.95766
0 -72.098846291973
43.9574645101158
0 -72.0989196887439
43.9573732891466
0 -72.104421
43.950536
0 -72.105875
43.94937
0 -72.110872
43.947654
0 -72.115268
43.947629
0 -72.117839
43.946828
0 -72.118698
43.94536
0 -72.118985
43.943225
0 -72.116766
43.935278
0 -72.116767
43.933923
0 -72.118013
43.923292
0 -72.11919
43.920952
0 -72.121002
43.918956
0 -72.131511831958
43.9123053574885
0 -72.135117
43.910024
0 -72.145041
43.905288
0 -72.151324
43.901704
0 -72.155724
43.89712
0 -72.158585
43.892762
0 -72.159216
43.888313
0 -72.160819
43.887223
0 -72.167224
43.886113
0 -72.1693138391699
43.8862830312934
0 -72.170604
43.886388
0 -72.171648
43.885361
0 -72.172785
43.883716
0 -72.173576
43.87967
0 -72.171904
43.876149
0 -72.16978
43.873425
0 -72.1689773887712
43.8719357799465
0 -72.168605043617
43.8712449051487
0 -72.167476
43.86915
0 -72.174774
43.866386
0 -72.179386
43.866181
0 -72.182956
43.865335
0 -72.184788
43.863393
0 -72.187916
43.856126
0 -72.187379
43.853612
0 -72.182864
43.845109
0 -72.182203
43.834032
0 -72.183337
43.830699
0 -72.186238
43.826931
0 -72.188255
43.822888
0 -72.18857
43.821153
0 -72.186424
43.815857
0 -72.184184
43.812524
0 -72.1840637983823
43.8119099971421
0 -72.183333
43.808177
0 -72.184847
43.804698
0 -72.190754
43.800807
0 -72.193184
43.794697
0 -72.195552
43.791492
0 -72.197036
43.790006
0 -72.20407
43.786097
0 -72.2053
43.784474
0 -72.205521
43.782279
0 -72.20476
43.771263
0 -72.2051908982407
43.7709541507745
0 -72.205193205817
43.7709524968036
0 -72.207535
43.769274
0 -72.210815
43.767696
0 -72.216491
43.766507
0 -72.218099
43.765729
0 -72.220116
43.763626
0 -72.222069
43.759831
0 -72.223645
43.757842
0 -72.232713
43.748286
0 -72.245068
43.743093
0 -72.2620262273273
43.7351917765985
0 -72.264245
43.734158
0 -72.27118
43.734138
0 -72.276072
43.727054
0 -72.279855
43.724633
0 -72.2825228200801
43.7223300514742
0 -72.284805
43.72036
0 -72.28695
43.717252
0 -72.292215
43.711333
0 -72.294894
43.709003
0 -72.299715
43.706558
0 -72.3012729692352
43.7046599664139
0 -72.302867
43.702718
0 -72.305326
43.69577
0 -72.3054971404507
43.6926359596721
0 -72.3055042034119
43.6925066179227
0 -72.3059960843141
43.6834989603048
0 -72.30602
43.683061
0 -72.304351
43.681141
0 -72.303092
43.678078
0 -72.303408
43.674055
0 -72.304322
43.669507
0 -72.305771
43.666535
0 -72.3091225218676
43.6620325906429
0 -72.310841
43.659724
0 -72.312887
43.658444
0 -72.31402
43.656158
0 -72.315059
43.649415
0 -72.3147165666544
43.6485969965983
0 -72.313863
43.646558
0 -72.314083
43.64281
0 -72.315247
43.641164
0 -72.322517
43.638901
0 -72.327395
43.636774
0 -72.329126
43.635563
0 -72.3295022094636
43.6349183714247
0 -72.32966
43.634648
0 -72.329471
43.632843
0 -72.327362
43.631174
0 -72.327236
43.630534
0 -72.328966
43.626991
0 -72.33236
43.62507
0 -72.334401
43.61925
0 