-73.389966
44.61962
0 -73.390231
44.618353
0 -73.38982
44.61721
0 -73.382932
44.612184
0 -73.380726
44.605239
0 -73.376849
44.599598
0 -73.376332
44.597218
0 -73.376806
44.595455
0 -73.377897
44.593848
0 -73.38164
44.590583
0 -73.381848
44.589316
0 -73.377794
44.585128
0 -73.375666
44.582038
0 -73.374389
44.575455
0 -73.367275
44.567545
0 -73.3616072569287
44.5636027365224
0 -73.3614860172538
44.5635184068807
0 -73.356684
44.564017
0 -73.326746
44.570171
0 -73.313533
44.57288
0 -73.293811
44.578405
0 -73.281194
44.583414
0 -73.275754
44.586129
0 -73.267742
44.591029
0 -73.26559
44.592611
0 -73.258378
44.600378
0 -73.254334
44.606847
0 -73.254465
44.607897
0 -73.257022
44.628962
0 -73.255577
44.632138
0 -73.254875
44.636165
0 -73.252756
44.641041
0 -73.249574
44.642808
0 -73.242007
44.644252
0 -73.23802
44.64558
0 -73.23599
44.646686
0 -73.233762
44.648653
0 -73.233209
44.649791
0 -73.233642
44.671439
0 -73.232928
44.675557
0 -73.228098
44.688192
0 -73.227941
44.690224
0 -73.228668
44.705976
0 -73.229363
44.709142
0 -73.228854
44.722866
0 -73.232021
44.730016
0 -73.235709
44.736451
0 -73.24164
44.742544
0 -73.249575
44.750043
0 -73.254501
44.756627
0 -73.256321
44.759444
0 -73.257769
44.763342
0 -73.258869
44.768477
0 -73.258997
44.773111
0 -73.258552
44.776181
0 -73.256107
44.782498
0 -73.252995
44.788215
0 -73.250582
44.792186
0 -73.244552
44.800982
0 -73.24188
44.80437
0 -73.236082
44.810205
0 -73.233569
44.812165
0 -73.227418
44.816319
0 -73.224392
44.817968
0 -73.216357
44.82067
0 -73.212552
44.821519
0 -73.208864
44.823471
0 -73.207812
44.825001
0 -73.206933
44.829212
0 -73.204674
44.831685
0 -73.202501
44.835487
0 -73.202919
44.837941
0 -73.203876
44.840132
0 -73.207234
44.845239
0 -73.207554
44.846389
0 -73.206959
44.852402
0 -73.205594
44.856609
0 -73.203368
44.861555
0 -73.203276
44.866397
0 -73.20073
44.869436
0 -73.198575
44.871408
0 -73.196582
44.875042
0 -73.196362
44.880249
0 -73.195948
44.882419
0 -73.19402
44.886844
0 -73.191821
44.893956
0 -73.19141
44.902657
0 -73.191709
44.906798
0 -73.192787
44.9087
0 -73.194939
44.910486
0 -73.19802
44.910379
0 -73.206444
44.911179
0 -73.208966
44.91193
0 -73.216611
44.915444
0 -73.224434
44.918107
0 -73.226274
44.919505
0 -73.230777
44.927437
0 -73.233094
44.931877
0 -73.233863
44.935997
0 -73.235157
44.938013
0 -73.238811
44.941428
0 -73.240563
44.945392
0 -73.240994
44.949575
0 -73.239145
44.953452
0 -73.232268
44.957469
0 -73.229711
44.959308
0 -73.226726
44.96244
0 -73.222589
44.968188
0 -73.219936
44.972861
0 -73.198425
45.002021
0 -73.195109
45.007345
0 -73.1919281003889
45.0136206780541
0 -73.241061
45.012752
0 -73.249323
45.012181
0 -73.343124
45.01084
0 -73.3482238892326
44.9989017541974
0 -73.350188
44.994304
0 -73.3533554203241
44.9902589667629
0 -73.353429
44.990165
0 -73.354633
44.987352
0 -73.354112
44.984062
0 -73.3537167558164
44.982960087586
0 -73.352886
44.980644
0 -73.350218
44.976222
0 -73.34474
44.970468
0 -73.338734
44.965886
0 -73.338243
44.96475
0 -73.337906
44.960541
0 -73.339603
44.94337
0 -73.338482
44.924112
0 -73.338979
44.917681
0 -73.3395342002786
44.9168851346264
0 -73.341106
44.914632
0 -73.3427866086322
44.9138023071632
0 -73.347837
44.911309
0 -73.353657
44.907346
0 -73.356218
44.904492
0 -73.35808
44.901325
0 -73.360327
44.897236
0 -73.362229
44.891463
0 -73.3630566734973
44.8882495527549
0 -73.366459
44.87504
0 -73.369103
44.86668
0 -73.371967
44.862414
0 -73.375709
44.860745
0 -73.379822
44.857037
0 -73.381397
44.848805
0 -73.381359
44.845021
0 -73.379452
44.83801
0 -73.378717
44.837358
0 -73.375345
44.836307
0 -73.371329
44.830742
0 -73.369647
44.829136
0 -73.3680566215151
44.8280601203749
0 -73.365678
44.826451
0 -73.35808
44.82331
0 -73.354945
44.8215
0 -73.353472
44.820386
0 -73.3502
44.816394
0 -73.3411277344487
44.8091445485274
0 -73.335443
44.804602
0 -73.33443
44.802188
0 -73.333933
44.7992
0 -73.333154
44.788759
0 -73.333771
44.785192
0 -73.335713
44.782086
0 -73.344254
44.776282
0 -73.347072
44.772988
0 -73.348694
44.768246
0 -73.3520072158159
44.7606747727517
0 -73.3539193370929
44.7563052702748
0 -73.354361
44.755296
0 -73.357671
44.751018
0 -73.363791
44.745254
0 -73.365561
44.741786
0 -73.365068
44.725646
0 -73.36556
44.700297
0 -73.3657837501815
44.6988278681129
0 -73.365977
44.697559
0 -73.364661
44.696394
0 -73.361323
44.695369
0 -73.361308
44.694523
0 -73.365297
44.687546
0 -73.370142
44.684853
0 -73.369685
44.683758
0 -73.367414
44.681292
0 -73.367209
44.678513
0 -73.3704090158919
44.6777022743243
0 -73.371089
44.67753
0 -73.371843
44.676956
0 -73.3719437459439
44.6760095764247
0 -73.37198
44.675669
0 -73.371800465581
44.675131137091
0 -73.37101
44.672763
0 -73.37272
44.668739
0 -73.370065
44.666071
0 -73.369669
44.663478
0 -73.37059
44.662518
0 -73.373063
44.662713
0 -73.374134
44.66234
0 -73.375931
44.660315
0 -73.377209
44.658142
0 -73.379074
44.656772
0 -73.378968
44.65518
0 -73.378014
44.653846
0 -73.377973
44.652918
0 -73.380906
44.648871
0 -73.383974
44.647605
0 -73.384483
44.646683
0 -73.383157
44.645764
0 -73.378561
44.641475
0 -73.379748
44.64036
0 -73.386783
44.636369
0 -73.387169
44.635542
0 -73.3864312296218
44.6329290148338
0 -73.385899
44.631044
0 -73.386497
44.626924
0 -73.387346
44.623672
0 -73.389966
44.61962
0 