-97.903418
48.08658
0 -97.903599
48.020897
0 -97.882179
48.020803
0 -97.882101
48.00548
0 -97.882076
47.991038
0 -97.882072
47.984308
0 -97.882076
47.976567
0 -97.882051
47.955212
0 -97.882056
47.938861
0 -97.882066
47.933142
0 -97.882041
47.929054
0 -97.88207
47.917948
0 -97.882077
47.896907
0 -97.882091
47.88227
0 -97.882091
47.875098
0 -97.882104
47.860601
0 -97.882101
47.852353
0 -97.882112
47.845994
0 -97.882553
47.788148
0 -97.882291
47.780842
0 -97.882393
47.759227
0 -97.882796
47.754077
0 -97.882405
47.672179
0 -97.856479
47.671984
0 -97.779497
47.672215
0 -97.771145
47.672189
0 -97.753763
47.672193
0 -97.738216
47.672191
0 -97.728297
47.672182
0 -97.643955
47.672158
0 -97.641302
47.672158
0 -97.625224
47.672087
0 -97.60096
47.672081
0 -97.547347
47.672089
0 -97.506919
47.672066
0 -97.496356
47.672059
0 -97.472745
47.672051
0 -97.410507
47.672058
0 -97.367645
47.672051
0 -97.346267
47.672139
0 -97.293381
47.672172
0 -97.270857
47.672197
0 -97.260935
47.672189
0 -97.26037
47.672201
0 -97.239018
47.672194
0 -97.218372
47.672142
0 -97.115777
47.672106
0 -97.101995
47.672104
0 -97.101662
47.672104
0 -97.090246
47.672094
0 -97.06841
47.672118
0 -97.026716
47.672064
0 -96.980978
47.672082
0 -96.962201
47.672103
0 -96.8868409518261
47.6720526683322
0 -96.886038
47.672445
0 -96.8851318202406
47.6737846128113
0 -96.885116
47.673808
0 -96.886811
47.674245
0 -96.891922
47.673157
0 -96.895271
47.67357
0 -96.896724
47.674758
0 -96.896009
47.678288
0 -96.899108
47.685558
0 -96.899352
47.689473
0 -96.900264
47.690775
0 -96.901719
47.691621
0 -96.902971
47.691576
0 -96.905273
47.689246
0 -96.907236
47.688493
0 -96.908928
47.688722
0 -96.909909
47.689522
0 -96.910144
47.691235
0 -96.907266
47.693976
0 -96.907604
47.695119
0 -96.909769
47.697313
0 -96.911527
47.700512
0 -96.912846
47.701746
0 -96.914365
47.701582
0 -96.917883
47.699226
0 -96.920546
47.699649
0 -96.9208
47.701401
0 -96.917897
47.703319
0 -96.915242
47.703527
0 -96.912948
47.704721
0 -96.911881
47.706745
0 -96.912754
47.708319
0 -96.91654
47.708626
0 -96.920119
47.710383
0 -96.9202175693923
47.7113643022174
0 -96.920321
47.712394
0 -96.919066
47.714433
0 -96.919868
47.716982
0 -96.922315
47.717928
0 -96.924005
47.717294
0 -96.926239
47.715018
0 -96.928541
47.714261
0 -96.930853
47.715387
0 -96.930657
47.717561
0 -96.928379
47.718744
0 -96.923311
47.720387
0 -96.919471
47.722515
0 -96.918556
47.723863
0 -96.919131
47.724731
0 -96.92396
47.726137
0 -96.925366
47.730233
0 -96.930574
47.734352
0 -96.932809
47.737139
0 -96.933316
47.738716
0 -96.933011
47.739949
0 -96.929319
47.742988
0 -96.928506
47.744884
0 -96.928505
47.748037
0 -96.929051
47.750331
0 -96.931379
47.751772
0 -96.934463
47.752956
0 -96.93847
47.75388
0 -96.939753
47.755292
0 -96.938087
47.756398
0 -96.934617
47.755389
0 -96.932178
47.754742
0 -96.929866
47.754827
0 -96.928804
47.755724
0 -96.930428
47.756699
0 -96.935555
47.758276
0 -96.9371225458238
47.759581607828
0 -96.937859
47.760195
0 -96.9378687254732
47.7602324160564
0 -96.9380811838335
47.7610497905818
0 -96.938435
47.762411
0 -96.936909
47.764536
0 -96.934773
47.766457
0 -96.935174
47.767466
0 -96.939179
47.768397
0 -96.945419
47.772372
0 -96.946773
47.775091
0 -96.949585
47.775228
0 -96.952604
47.774556
0 -96.955671
47.774748
0 -96.956635
47.776188
0 -96.953188
47.778389
0 -96.952673
47.779777
0 -96.956501
47.779798
0 -96.95879
47.780335
0 -96.959583
47.781783
0 -96.957641
47.784182
0 -96.95833
47.785708
0 -96.961926
47.783292
0 -96.9644
47.782995
0 -96.965316
47.783474
0 -96.96535
47.784937
0 -96.963521
47.78729
0 -96.961554
47.788707
0 -96.957283
47.790147
0 -96.957216
47.79097
0 -96.95786
47.792021
0 -96.963523
47.794601
0 -96.966068
47.797297
0 -96.96712
47.799852
0 -96.971698
47.798255
0 -96.973952
47.797683
0 -96.976611
47.797982
0 -96.977222
47.799474
0 -96.976176
47.801544
0 -96.972997
47.801795
0 -96.972109
47.802556
0 -96.974175
47.803576
0 -96.979125
47.804015
0 -96.9833892414096
47.805365030606
0 -96.983446
47.805383
0 -96.986192
47.80695
0 -96.991007
47.807672
0 -96.991129
47.809365
0 -96.987994
47.809943
0 -96.981545
47.809026
0 -96.978894
47.809882
0 -96.977946
47.811619
0 -96.980391
47.815662
0 -96.980726
47.820411
0 -96.98015
47.822379
0 -96.978655
47.822526
0 -96.975598
47.822107
0 -96.974184
47.822978
0 -96.974958
47.824517
0 -96.97676
47.825296
0 -96.981683
47.825785
0 -96.984247
47.825265
0 -96.987105
47.82555
0 -96.986679
47.826568
0 -96.982442
47.828391
0 -96.981725
47.830421
0 -96.984764
47.832982
0 -96.986685
47.837639
0 -96.989043
47.838105
0 -96.992963
47.837911
0 -96.994207
47.838844
0 -96.992348
47.842155
0 -96.993232
47.84285
0 -96.996125
47.841819
0 -96.998295
47.841724
0 -96.99789
47.843163
0 -96.996364
47.844398
0 -96.993974
47.845974
0 -96.9940095190528
47.8460026210692
0 -96.996528
47.848032
0 -96.9965980987955
47.8481741794418
0 -96.997483
47.849969
0 -96.996816
47.854405
0 -96.9974554960697
47.8565608914942
0 -96.998144
47.858882
0 -96.9995680827065
47.8601908427406
0 -97.000356
47.860915
0 -97.001759
47.861266
0 -97.005557
47.863977
0 -97.005857
47.865277
0 -97.003356
47.865877
0 -97.001556
47.867377
0 -97.002456
47.868677
0 -97.005356
47.870177
0 -97.0159720071017
47.8714164188291
0 -97.017356
47.871578
0 -97.021256
47.872578
0 -97.023156
47.873978
0 -97.023156
47.874978
0 -97.018955
47.876878
0 -97.017955
47.878478
0 -97.019355
47.880278
0 -97.023355
47.882078
0 -97.025355
47.884278
0 -97.024955
47.886878
0 -97.019155
47.889778
0 -97.018955
47.891078
0 -97.024955
47.894978
0 -97.0239617273528
47.8980571452063
0 -97.023955
47.898078
0 -97.020155
47.900478
0 -97.020255
47.902178
0 -97.024155
47.905278
0 -97.024955
47.908178
0 -97.023555
47.908478
0 -97.020355
47.906378
0 -97.0176510609457
47.9057676300103
0 -97.017254
47.905678
0 -97.015054
47.907178
0 -97.015354
47.910278
0 -97.017254
47.913078
0 -97.0213318708325
47.9148346212817
0 -97.023754
47.915878
0 -97.018054
47.918078
0 -97.017754
47.919778
0 -97.0208468302924
47.9218052333009
0 -97.0216165419116
47.9223097501605
0 -97.0246533784144
47.9243002816498
0 -97.0285143705308
47.9268310159782
0 -97.029654
47.927578
0 -97.035754
47.930179
0 -97.0373342399343
47.9332407148726
0 -97.0373363254717
47.9332447556014
0 -97.037354
47.933279
0 -97.035554
47.936579
0 -97.036054
47.939379
0 -97.039154
47.940479
0 -97.0394574015152
47.9405103863636
0 -97.044954
47.941079
0 -97.051054
47.943379
0 -97.054554
47.946279
0 -97.055554
47.949079
0 -97.0553258688525
47.9500485573771
0 -97.0551551636363
47.9507740545454
0 -97.055154
47.950779
0 -97.052554
47.954779
0 -97.052454
47.957179
0 -97.054054
47.959679
0 -97.059054
47.96208
0 -97.0614302696629
47.9635651685393
0 -97.061454
47.96358
0 -97.061854
47.96448
0 -97.061554
47.96588
0 -97.057854
47.96898
0 -97.057153
47.97048
0 -97.059353
47.97398
0 -97.059153
47.97538
0 -97.056481
47.980556
0 -97.053537
47.987948
0 -97.053089
47.990252
0 -97.0534533130514
47.9913198141162
0 -97.053553
47.991612
0 -97.054945
47.992924
0 -97.062257
47.995948
0 -97.064289
47.998508
0 -97.066762
48.009558
0 -97.065411
48.011337
0 -97.063012
48.013179
0 -97.063289
48.014989
0 -97.064927
48.015658
0 -97.069284
48.016176
0 -97.070654
48.016918
0 -97.072239
48.019107
0 -97.0721836195239
48.0194933125891
0 -97.0720186390601
48.0206441519223
0 -97.071911
48.021395
0 -97.068987
48.026267
0 -97.068711
48.027694
0 -97.070411
48.041765
0 -97.072257
48.048068
0 -97.074015
48.051212
0 -97.075641
48.052725
0 -97.082895
48.055794
0 -97.0841477399421
48.0565374985528
0 -97.086986
48.058222
0 -97.095153
48.066837
0 -97.097772
48.07108
0 -97.103052
48.071669
0 -97.104483
48.072428
0 -97.104697
48.073094
0 -97.104154
48.074578
0 -97.100771
48.077452
0 -97.099431
48.082106
0 -97.099798
48.085884
0 -97.102165
48.089122
0 -97.104736
48.090103
0 -97.108046
48.090537
0 -97.109857
48.091395
0 -97.108894
48.092873
0 -97.104027
48.093806
0 -97.102303
48.094882
0 -97.102249
48.096694
0 -97.104183
48.097901
0 -97.108428
48.099824
0 -97.109535
48.104723
0 -97.11147
48.105913
0 -97.113194
48.106188
0 -97.119773
48.105381
0 -97.123205
48.106648
0 -97.1232056848537
48.1066500144504
0 -97.1235901865782
48.107781
0 -97.123666
48.108004
0 -97.123135
48.109497
0 -97.12104
48.112281
0 -97.120592
48.113365
0 -97.120702
48.114987
0 -97.121586
48.116925
0 -97.126862
48.124277
0 -97.128279
48.127185
0 -97.129453
48.133133
0 -97.132176
48.135829
0 -97.133468
48.137101
0 -97.13252
48.137641
0 -97.127652
48.136193
0 -97.124898
48.136193
0 -97.123093
48.136969
0 -97.122326
48.138597
0 -97.123675
48.140319
0 -97.126626
48.14152
0 -97.131914
48.142392
0 -97.137911
48.143237
0 -97.140708
48.142206
0 -97.143569
48.140997
0 -97.146122
48.141649
0 -97.146667
48.143203
0 -97.145887
48.145104
0 -97.140295
48.150894
0 -97.123646
48.157021
0 -97.12102
48.159086
0 -97.121167
48.161102
0 -97.123704
48.162506
0 -97.127392
48.162748
0 -97.131967
48.161472
0 -97.134502
48.160295
0 -97.137985
48.15954
0 -97.14195
48.160202
0 -97.144242
48.16249
0 -97.145199
48.166706
0 -97.146331
48.168583
0 -97.147511
48.172407
0 -97.146381843197
48.173223
0 -97.145243
48.174046
0 -97.13895
48.174656
0 -97.136415
48.176043
0 -97.135994
48.178897
0 -97.137044
48.181173
0 -97.139577
48.182649
0 -97.142938
48.182686
0 -97.146768
48.182058
0 -97.148458
48.182433
0 -97.14981
48.183498
0 -97.149766
48.185374
0 -97.147758
48.187617
0 -97.142922
48.190996
0 -97.1427077263577
48.1912282823957
0 -97.141518
48.192518
0 -97.141233
48.193602
0 -97.145694
48.193774
0 -97.187715
48.193784
0 -97.190845
48.193659
0 -97.211054
48.193715
0 -97.24398
48.193892
0 -97.254522
48.193912
0 -97.29764
48.194244
0 -97.309649
48.194525
0 -97.325707
48.194623
0 -97.328771
48.194508
0 -97.38379
48.19496
0 -97.427129
48.19494
0 -97.469179
48.194849
0 -97.470691
48.194789
0 -97.514043
48.194703
0 -97.622579
48.194802
0 -97.643881
48.194802
0 -97.727747
48.19486
0 -97.73064
48.194751
0 -97.747944
48.194829
0 -97.750355
48.194677
0 -97.773612
48.194797
0 -97.773883
48.194798
0 -97.849413
48.195025
0 -97.850339
48.194903
0 -97.860498
48.194894
0 -97.89734
48.194915
0 -97.903434
48.194897
0 -97.903348
48.180436
0 -97.903504
48.176629
0 -97.903272
48.158609
0 -97.90348
48.15142
0 -97.903343
48.150906
0 -97.903425
48.107976
0 -97.903439
48.100792
0 -97.903454
48.093465
0 -97.903418
48.08658
0 