-113.878857
46.502625
0 -113.878329
46.497401
0 -113.873627
46.495684
0 -113.866315
46.492376
0 -113.865827
46.49192
0 -113.867488
46.485889
0 -113.866898
46.482324
0 -113.865911
46.481026
0 -113.862905
46.48041
0 -113.864247
46.475264
0 -113.863842
46.474305
0 -113.859791
46.472978
0 -113.857013
46.469992
0 -113.856894
46.465987
0 -113.855967
46.464035
0 -113.855676
46.459536
0 -113.85469
46.457642
0 -113.851774
46.454543
0 -113.850956
46.451374
0 -113.849101
46.448028
0 -113.849328
46.445675
0 -113.850031
46.44454
0 -113.849146
46.440624
0 -113.851502
46.438944
0 -113.856135
46.434947
0 -113.855202
46.431724
0 -113.856948
46.427795
0 -113.858555
46.422996
0 -113.858443
46.421502
0 -113.857017
46.419184
0 -113.852656
46.417848
0 -113.845688
46.416759
0 -113.839781
46.414881
0 -113.836058
46.414577
0 -113.835032
46.411071
0 -113.833861
46.409691
0 -113.831721
46.409059
0 -113.825865
46.40988
0 -113.820009
46.407348
0 -113.821182
46.404425
0 -113.820932
46.402725
0 -113.81754
46.400761
0 -113.816531
46.399082
0 -113.816388
46.397351
0 -113.810844
46.395706
0 -113.809014
46.390207
0 -113.807719
46.387852
0 -113.801489
46.386358
0 -113.800076
46.384793
0 -113.799748
46.382085
0 -113.797794
46.379156
0 -113.797495
46.374922
0 -113.796985
46.373839
0 -113.794492
46.372729
0 -113.79002
46.372234
0 -113.78557
46.369782
0 -113.786637
46.366538
0 -113.783001
46.364298
0 -113.782032
46.359518
0 -113.782792
46.356894
0 -113.785218
46.353751
0 -113.786057
46.351514
0 -113.786019
46.346214
0 -113.784815
46.34377
0 -113.785313
46.338479
0 -113.783398
46.334414
0 -113.783132
46.332488
0 -113.781154
46.329325
0 -113.778582
46.32811
0 -113.777908
46.324475
0 -113.776568
46.323408
0 -113.771599
46.321381
0 -113.772442
46.320336
0 -113.774345
46.315121
0 -113.774379
46.31351
0 -113.775525
46.312362
0 -113.776202
46.309923
0 -113.780477
46.30663
0 -113.782355
46.304695
0 -113.782619
46.303439
0 -113.781441
46.302172
0 -113.782031
46.300723
0 -113.785216
46.296511
0 -113.784101
46.294703
0 -113.784422
46.291724
0 -113.785646
46.289133
0 -113.785287
46.287151
0 -113.784117
46.284964
0 -113.78049
46.283988
0 -113.778237
46.282419
0 -113.77614
46.281898
0 -113.773203
46.279997
0 -113.769715
46.27919
0 -113.767159
46.277846
0 -113.760072
46.275626
0 -113.755363
46.275291
0 -113.750143
46.27259
0 -113.749828
46.269754
0 -113.752493
46.267167
0 -113.754803
46.263304
0 -113.757231
46.26024
0 -113.761178
46.258088
0 -113.762144
46.256343
0 -113.761738
46.25195
0 -113.763768
46.246174
0 -113.765977
46.245638
0 -113.773237
46.245301
0 -113.774582
46.24394
0 -113.775195
46.24126
0 -113.778024
46.237982
0 -113.778192
46.236329
0 -113.7751
46.231151
0 -113.775082
46.228396
0 -113.776002
46.227738
0 -113.780515
46.226923
0 -113.788928
46.223548
0 -113.796792
46.221932
0 -113.799926
46.219143
0 -113.802905
46.219222
0 -113.808757
46.218068
0 -113.813701
46.216613
0 -113.816026
46.216269
0 -113.819033
46.214672
0 -113.821129
46.212549
0 -113.82307
46.209001
0 -113.823005
46.206335
0 -113.82395
46.203848
0 -113.82378
46.202149
0 -113.821502
46.20056
0 -113.821142
46.198451
0 -113.81975
46.196261
0 -113.819842
46.19419
0 -113.818051
46.191494
0 -113.814871
46.190038
0 -113.812377
46.189691
0 -113.809329
46.190627
0 -113.806455
46.192585
0 -113.804862
46.191048
0 -113.802561
46.1914
0 -113.801164
46.19078
0 -113.801313
46.189595
0 -113.799927
46.186751
0 -113.797943
46.185425
0 -113.795041
46.184838
0 -113.794021
46.18378
0 -113.78971
46.182556
0 -113.788617
46.181088
0 -113.785564
46.181509
0 -113.784804
46.180812
0 -113.78752
46.178154
0 -113.7888
46.177623
0 -113.789776
46.175757
0 -113.791594
46.174683
0 -113.790181
46.172524
0 -113.79021
46.170977
0 -113.792155
46.168767
0 -113.790782
46.167148
0 -113.790558
46.163532
0 -113.789969
46.162593
0 -113.791976
46.159738
0 -113.792362
46.15802
0 -113.795112
46.153267
0 -113.795077
46.152155
0 -113.793561
46.150086
0 -113.787182
46.146843
0 -113.78574
46.145136
0 -113.784147
46.144484
0 -113.78012
46.144499
0 -113.780598
46.141572
0 -113.780194
46.140559
0 -113.777633
46.13922
0 -113.778325
46.136751
0 -113.777001
46.134092
0 -113.772736
46.133592
0 -113.770737
46.132749
0 -113.767754
46.129664
0 -113.76422
46.122417
0 -113.759514
46.11919
0 -113.757886
46.117752
0 -113.755764
46.114263
0 -113.754205
46.113574
0 -113.753097
46.11214
0 -113.753863
46.110032
0 -113.754106
46.106953
0 -113.755643
46.104646
0 -113.757075
46.103805
0 -113.761837
46.103149
0 -113.767184
46.101434
0 -113.767913
46.099962
0 -113.768232
46.096641
0 -113.770018
46.091778
0 -113.771766
46.088929
0 -113.7711
46.086163
0 -113.772742
46.084706
0 -113.774158
46.082957
0 -113.77885
46.080835
0 -113.781178
46.078272
0 -113.785187
46.076163
0 -113.788013
46.0737
0 -113.786152
46.06984
0 -113.786545
46.068346
0 -113.789062
46.066877
0 -113.793118
46.063341
0 -113.792428
46.06126
0 -113.792799
46.057648
0 -113.79564
46.054042
0 -113.798064
46.051791
0 -113.802875
46.049434
0 -113.803543
46.048615
0 -113.801789
46.045052
0 -113.801878
46.04261
0 -113.803746
46.038076
0 -113.800139
46.035494
0 -113.795444
46.034895
0 -113.791815
46.035293
0 -113.787592
46.034593
0 -113.78323
46.032314
0 -113.776925
46.031571
0 -113.772633
46.029865
0 -113.769583
46.028084
0 -113.768154
46.028183
0 -113.765273
46.029244
0 -113.761451
46.029828
0 -113.758617
46.037108
0 -113.755628
46.040997
0 -113.75615
46.041927
0 -113.754782
46.04541
0 -113.753475
46.046749
0 -113.74927
46.048206
0 -113.744524
46.048807
0 -113.739585
46.045663
0 -113.732995
46.038807
0 -113.724834
46.038422
0 -113.717972
46.039109
0 -113.714037
46.038749
0 -113.71041
46.039159
0 -113.705223
46.038667
0 -113.698653
46.037465
0 -113.695092
46.037238
0 -113.689916
46.03573
0 -113.687489
46.03545
0 -113.688129
46.031503
0 -113.69061
46.028592
0 -113.690862
46.026455
0 -113.689746
46.025226
0 -113.68627
46.023571
0 -113.677288
46.022667
0 -113.671946
46.023464
0 -113.671278
46.022585
0 -113.675176
46.017815
0 -113.67635
46.015466
0 -113.672577
46.012911
0 -113.671503
46.011472
0 -113.673342
46.007279
0 -113.67095
46.00434
0 -113.668343
46.002175
0 -113.667711
45.998283
0 -113.668497
45.996731
0 -113.670145
45.995674
0 -113.669736
45.993359
0 -113.667315
45.991641
0 -113.664076
45.986897
0 -113.663872
45.980843
0 -113.660964
45.977962
0 -113.657329
45.976714
0 -113.654641
45.97252
0 -113.650965
45.96779
0 -113.648219
45.965062
0 -113.643863
45.963278
0 -113.642441
45.964924
0 -113.63865
45.965866
0 -113.635325
45.966134
0 -113.632629
45.965759
0 -113.629546
45.966052
0 -113.627987
45.968777
0 -113.625903
45.96988
0 -113.62037
45.96964
0 -113.61608
45.970278
0 -113.615113
45.969894
0 -113.613455
45.966987
0 -113.61359
45.964808
0 -113.61276
45.96281
0 -113.613461
45.960109
0 -113.612993
45.956776
0 -113.610599
45.954441
0 -113.608735
45.949609
0 -113.605563
45.948057
0 -113.599757
45.949986
0 -113.596027
45.949819
0 -113.592581
45.948907
0 -113.588906
45.946529
0 -113.5842
45.947131
0 -113.579438
45.94408
0 -113.580226
45.940024
0 -113.579318
45.938631
0 -113.574757
45.938916
0 -113.570321
45.941215
0 -113.563302
45.941987
0 -113.562864
45.942564
0 -113.557554
45.94509
0 -113.55453
45.947155
0 -113.550383
45.94633
0 -113.547126
45.946672
0 -113.543827
45.946128
0 -113.540664
45.944977
0 -113.53784
45.9445
0 -113.531946
45.945104
0 -113.526385
45.945059
0 -113.524922
45.942946
0 -113.522118
45.941267
0 -113.519112
45.940912
0 -113.517481
45.939898
0 -113.517109
45.941683
0 -113.51394
45.94516
0 -113.508871
45.944392
0 -113.506888
45.945566
0 -113.504477
45.948325
0 -113.501619
45.947944
0 -113.500202
45.948435
0 -113.49287
45.945218
0 -113.491014
45.94539
0 -113.486662
45.942753
0 -113.480172
45.939683
0 -113.477668
45.942122
0 -113.474852
45.946493
0 -113.473077
45.948356
0 -113.473002
45.95102
0 -113.471432
45.953213
0 -113.46835
45.953952
0 -113.463276
45.956037
0 -113.459316
45.962279
0 -113.460506
45.963667
0 -113.468062
45.967989
0 -113.468135
45.971008
0 -113.466325
45.972709
0 -113.46251
45.974347
0 -113.462534
45.97776
0 -113.459713
45.980657
0 -113.458155
45.984339
0 -113.453013
45.982302
0 -113.451341
45.982449
0 -113.448717
45.98166
0 -113.446133
45.981949
0 -113.441862
45.981002
0 -113.436549
45.983874
0 -113.435034
45.98609
0 -113.432698
45.985293
0 -113.427838
45.986098
0 -113.42308
45.988585
0 -113.42074
45.98848
0 -113.41493
45.989868
0 -113.413338
45.996069
0 -113.411097
45.999578
0 -113.406821
45.99908
0 -113.40299
45.999267
0 -113.399182
46.00047
0 -113.398434
46.003673
0 -113.394489
46.007221
0 -113.395537
46.009924
0 -113.397145
46.012164
0 -113.396742
46.014229
0 -113.388024
46.01581
0 -113.384158
46.017206
0 -113.378208
46.018443
0 -113.375082
46.016113
0 -113.372757
46.013298
0 -113.368769
46.010711
0 -113.367804
46.009528
0 -113.364502
46.007682
0 -113.362523
46.007058
0 -113.360178
46.007595
0 -113.352782
46.010239
0 -113.347066
46.008687
0 -113.343703
46.008557
0 -113.338503
46.006158
0 -113.33583
46.005365
0 -113.332183
46.009339
0 -113.331015
46.012114
0 -113.327931
46.015578
0 -113.321141
46.017083
0 -113.316859
46.01884
0 -113.314714
46.020222
0 -113.312115
46.023879
0 -113.308817
46.026198
0 -113.304725
46.026536
0 -113.3033
46.028998
0 -113.297711
46.030765
0 -113.293095
46.033352
0 -113.290422
46.036178
0 -113.285503
46.038218
0 -113.283953
46.041864
0 -113.282927
46.04297
0 -113.278175
46.045342
0 -113.278489
46.047547
0 -113.279441
46.048772
0 -113.279368
46.051303
0 -113.280309
46.052446
0 -113.280062
46.054808
0 -113.280714
46.056137
0 -113.280728
46.057
0 -113.278499
46.05785
0 -113.276035
46.058337
0 -113.274361
46.059484
0 -113.274374
46.135746
0 -113.284916
46.135753
0 -113.284652
46.222761
0 -113.160262
46.222669
0 -113.160281
46.223314
0 -113.125884
46.223201
0 -113.03716
46.223078
0 -113.036834
46.266822
0 -113.03668
46.359735
0 -113.036897
46.396538
0 -113.036129
46.396555
0 -113.03612
46.402011
0 -113.03609
46.411056
0 -113.036308
46.483635
0 -113.038287
46.483651
0 -113.038128
46.546949
0 -113.038691
46.736132
0 -113.040791
46.736932
0 -113.042992
46.736632
0 -113.045392
46.737232
0 -113.048692
46.736832
0 -113.051892
46.732732
0 -113.058469
46.72924
0 -113.061464
46.730805
0 -113.068467
46.726922
0 -113.075204
46.72414
0 -113.076377
46.721408
0 -113.078749
46.71979
0 -113.079814
46.720268
0 -113.084357
46.719939
0 -113.087456
46.72117
0 -113.090616
46.7218
0 -113.09458
46.721065
0 -113.097645
46.718885
0 -113.103575
46.717431
0 -113.107563
46.715426
0 -113.111625
46.714692
0 -113.115791
46.71359
0 -113.120108
46.717639
0 -113.125896
46.719431
0 -113.126696
46.720231
0 -113.127496
46.722931
0 -113.130096
46.723931
0 -113.132097
46.726331
0 -113.136297
46.726431
0 -113.138497
46.728031
0 -113.142397
46.728831
0 -113.143597
46.728131
0 -113.149798
46.730931
0 -113.158362
46.728466
0 -113.161452
46.727951
0 -113.163602
46.731623
0 -113.167748
46.733853
0 -113.168562
46.733881
0 -113.171791
46.732573
0 -113.175877
46.732046
0 -113.177171
46.730825
0 -113.178494
46.731046
0 -113.181849
46.733581
0 -113.181757
46.736378
0 -113.182795
46.737181
0 -113.183824
46.739758
0 -113.181892
46.746548
0 -113.179578
46.748783
0 -113.173597
46.75253
0 -113.172897
46.75383
0 -113.175897
46.75523
0 -113.178199
46.75783
0 -113.178499
46.760231
0 -113.180599
46.761731
0 -113.184899
46.762431
0 -113.1883
46.766432
0 -113.192701
46.769831
0 -113.195301
46.770431
0 -113.198502
46.769731
0 -113.200302
46.771531
0 -113.202502
46.772031
0 -113.204302
46.773631
0 -113.204702
46.775431
0 -113.207402
46.775631
0 -113.209602
46.778231
0 -113.212201
46.779931
0 -113.217202
46.780731
0 -113.220102
46.782331
0 -113.222102
46.781331
0 -113.223402
46.783431
0 -113.226002
46.782531
0 -113.227602
46.782932
0 -113.229802
46.787232
0 -113.230602
46.788032
0 -113.232602
46.788132
0 -113.234202
46.789032
0 -113.234902
46.791932
0 -113.237202
46.796232
0 -113.240403
46.798132
0 -113.242703
46.801232
0 -113.240503
46.805532
0 -113.241203
46.806632
0 -113.241602
46.812232
0 -113.242502
46.814632
0 -113.245303
46.815732
0 -113.247203
46.817532
0 -113.249103
46.820632
0 -113.253903
46.820232
0 -113.256303
46.820432
0 -113.258603
46.822032
0 -113.259628
46.824609
0 -113.26401
46.824945
0 -113.265404
46.825932
0 -113.266768
46.823477
0 -113.271345
46.818067
0 -113.271701
46.815945
0 -113.27257
46.814895
0 -113.276363
46.812612
0 -113.278563
46.812227
0 -113.282995
46.809581
0 -113.291406
46.806932
0 -113.291604
46.832132
0 -113.303005
46.832132
0 -113.340387
46.832029
0 -113.416213
46.831931
0 -113.416513
46.80263
0 -113.45698
46.802694
0 -113.479917
46.80273
0 -113.479916
46.802438
0 -113.479889
46.788228
0 -113.479817
46.744929
0 -113.544921
46.745028
0 -113.544421
46.730928
0 -113.551321
46.731228
0 -113.551253
46.727901
0 -113.551021
46.716628
0 -113.667726
46.716026
0 -113.667582
46.699444
0 -113.667621
46.680685
0 -113.667387
46.677945
0 -113.667225
46.658426
0 -113.793331
46.658324
0 -113.793331
46.661032
0 -113.827831
46.661023
0 -113.825732
46.659024
0 -113.825332
46.657524
0 -113.822532
46.653624
0 -113.822932
46.651124
0 -113.822032
46.649124
0 -113.821632
46.646024
0 -113.818232
46.644224
0 -113.817132
46.641924
0 -113.817832
46.640424
0 -113.817532
46.638424
0 -113.815631
46.636124
0 -113.811131
46.633624
0 -113.808331
46.632624
0 -113.804631
46.630524
0 -113.803731
46.629124
0 -113.803602
46.622314
0 -113.805607
46.618769
0 -113.810369
46.618709
0 -113.812801
46.617976
0 -113.815014
46.616203
0 -113.816114
46.615337
0 -113.815729
46.614198
0 -113.812872
46.611684
0 -113.811036
46.609137
0 -113.80984
46.603947
0 -113.808195
46.60207
0 -113.808346
46.600698
0 -113.809715
46.598357
0 -113.809489
46.593838
0 -113.811488
46.591733
0 -113.811158
46.589088
0 -113.81184
46.588319
0 -113.813152
46.588119
0 -113.817137
46.588895
0 -113.820917
46.589603
0 -113.824562
46.58857
0 -113.826902
46.586063
0 -113.82841
46.585128
0 -113.836135
46.583766
0 -113.83672
46.583097
0 -113.835806
46.580351
0 -113.831302
46.576965
0 -113.828453
46.572342
0 -113.828604
46.570702
0 -113.830019
46.568562
0 -113.834787
46.565355
0 -113.836495
46.562478
0 -113.836946
46.560737
0 -113.8368
46.558128
0 -113.840108
46.555722
0 -113.840695
46.554149
0 -113.840463
46.550702
0 -113.842504
46.549767
0 -113.845232
46.546256
0 -113.845191
46.544147
0 -113.846802
46.540902
0 -113.845119
46.536114
0 -113.848484
46.530126
0 -113.848343
46.528854
0 -113.846311
46.526977
0 -113.846315
46.523627
0 -113.846904
46.520273
0 -113.849145
46.519074
0 -113.849165
46.516795
0 -113.848965
46.51511
0 -113.851588
46.513876
0 -113.855419
46.513749
0 -113.86022
46.513122
0 -113.861238
46.513426
0 -113.866137
46.512732
0 -113.868179
46.511162
0 -113.872014
46.50963
0 -113.874002
46.509532
0 -113.875931
46.508576
0 -113.87672
46.505353
0 -113.878857
46.502625
0 