-97.226418
45.181612
0 -97.226211
45.166382
0 -97.226281
45.151826
0 -97.220657
45.151818
0 -97.205487
45.151797
0 -97.195276
45.151716
0 -97.17421
45.151713
0 -97.16464
45.151741
0 -97.123787
45.151683
0 -97.113186
45.151706
0 -97.107761
45.151634
0 -97.082468
45.151323
0 -97.077555
45.15091
0 -97.005081
45.150467
0 -96.915367
45.150285
0 -96.883948
45.150224
0 -96.882802
45.063772
0 -96.882796
45.049234
0 -96.882832
45.005498
0 -96.882666
44.997956
0 -96.882345
44.97687
0 -96.801024
44.977283
0 -96.78786
44.977172
0 -96.780826
44.976949
0 -96.760488
44.976036
0 -96.699681
44.976829
0 -96.679426
44.976839
0 -96.673546
44.977264
0 -96.63865
44.976791
0 -96.51693
44.976988
0 -96.490272
44.977242
0 -96.488864
44.977327
0 -96.455533
44.977345
0 -96.4520920423924
44.9774935816171
0 -96.4520965487705
44.9794688367675
0 -96.45224
45.042347
0 -96.452177
45.050185
0 -96.45221
45.051602
0 -96.4522126803531
45.0641800034777
0 -96.4522130929103
45.0661159972099
0 -96.4522132573302
45.0668875648654
0 -96.4522178100577
45.0882519975803
0 -96.452219
45.093836
0 -96.452026
45.095138
0 -96.452418
45.122677
0 -96.452353
45.124071
0 -96.4523292033581
45.1505348083496
0 -96.4523266357183
45.1533902334682
0 -96.452304
45.178563
0 -96.452162
45.203109
0 -96.452152
45.204849
0 -96.452315
45.208986
0 -96.4526424628695
45.2400138816363
0 -96.452947585722
45.2689249938184
0 -96.452949
45.269059
0 -96.4528760483708
45.2760868275174
0 -96.4528044690961
45.2829824486595
0 -96.452791
45.28428
0 -96.4528890243925
45.2891936502542
0 -96.4529377188688
45.2916345490935
0 -96.453067
45.298115
0 -96.454094
45.301546
0 -96.4543250259353
45.3017168958973
0 -96.4555348933899
45.3026118663432
0 -96.456941
45.303652
0 -96.457781
45.30761
0 -96.46191
45.313884
0 -96.466644
45.317162
0 -96.468027
45.318619
0 -96.468756
45.320564
0 -96.469246
45.324941
0 -96.4698540743201
45.3258282200783
0 -96.4703867757911
45.3266054662554
0 -96.480871
45.326524
0 -96.487664
45.326996
0 -96.488822
45.326573
0 -96.50939
45.326666
0 -96.513162
45.326989
0 -96.514424
45.326718
0 -96.524517
45.326666
0 -96.544912
45.32664
0 -96.555404
45.326628
0 -96.575997
45.326633
0 -96.616714
45.326628
0 -96.625331
45.326475
0 -96.73981
45.326264
0 -96.7603
45.326225
0 -96.801333
45.326143
0 -96.862336
45.326016
0 -96.866082
45.326044
0 -96.866267
45.32606
0 -96.933119
45.326429
0 -96.992946
45.32688
0 -97.002721
45.306667
0 -97.007177
45.297886
0 -97.007543
45.296866
0 -97.029778
45.296978
0 -97.041158
45.296991
0 -97.103077
45.297095
0 -97.107972
45.297106
0 -97.175301
45.297276
0 -97.185591
45.297333
0 -97.226244
45.297647
0 -97.225979
45.239228
0 -97.226066
45.209924
0 -97.226112
45.182837
0 -97.226418
45.181612
0 