-84.845962
43.466158
0 -84.845625
43.440074
0 -84.845721
43.437304
0 -84.845407
43.415498
0 -84.845368
43.411993
0 -84.84515
43.3971
0 -84.845005
43.379177
0 -84.845174
43.357855
0 -84.845137
43.350239
0 -84.845204
43.33383
0 -84.845234
43.328402
0 -84.845573
43.292231
0 -84.835305
43.2922
0 -84.835592
43.263727
0 -84.836356
43.205656
0 -84.83648
43.191309
0 -84.83653
43.184239
0 -84.836583
43.180524
0 -84.836689
43.17218
0 -84.836714
43.162371
0 -84.836889
43.118851
0 -84.783997
43.118491
0 -84.783163
43.118486
0 -84.719321
43.118115
0 -84.709399
43.118056
0 -84.699707
43.118025
0 -84.680202
43.117968
0 -84.635192
43.117792
0 -84.630252
43.117785
0 -84.61549
43.117747
0 -84.608606
43.117746
0 -84.600525
43.117714
0 -84.592652
43.117706
0 -84.582789
43.117725
0 -84.570737
43.117735
0 -84.542364
43.117762
0 -84.483715
43.117637
0 -84.480436
43.117647
0 -84.367795
43.117938
0 -84.367891
43.128452
0 -84.368067
43.146913
0 -84.368109
43.154431
0 -84.368186
43.163371
0 -84.36827
43.172059
0 -84.368323
43.176075
0 -84.368325
43.176651
0 -84.368332
43.179472
0 -84.368399
43.186672
0 -84.36859
43.205031
0 -84.368676
43.214577
0 -84.368982
43.248594
0 -84.369408
43.292096
0 -84.369461
43.302343
0 -84.369594
43.321129
0 -84.369808
43.379101
0 -84.36983
43.386595
0 -84.36985
43.389612
0 -84.369925
43.458711
0 -84.369876
43.466044
0 -84.488684
43.466168
0 -84.523552
43.466183
0 -84.528485
43.466165
0 -84.60754
43.466006
0 -84.6583
43.466057
0 -84.662364
43.466054
0 -84.667261
43.46605
0 -84.673695
43.466072
0 -84.682283
43.46608
0 -84.68716
43.466112
0 -84.718118
43.466184
0 -84.726798
43.466236
0 -84.736895
43.466235
0 -84.742504
43.466238
0 -84.746672
43.466234
0 -84.766636
43.466288
0 -84.786682
43.466274
0 -84.796665
43.466263
0 -84.802274
43.466257
0 -84.829909
43.466222
0 -84.836323
43.466225
0 -84.845962
43.466158
0 