-88.819595
36.755906
0 -88.81913
36.744751
0 -88.816758
36.696278
0 -88.816287
36.682894
0 -88.816857
36.654961
0 -88.816989
36.636522
0 -88.816921
36.588389
0 -88.816962
36.575012
0 -88.816993
36.561751
0 -88.8167651860365
36.5028152435007
0 -88.799594
36.502757
0 -88.747523
36.502834
0 -88.7470291345229
36.5028313675201
0 -88.7152667366377
36.5026620625605
0 -88.715255
36.502662
0 -88.6614646923627
36.5022455678855
0 -88.661133
36.502243
0 -88.577283
36.50194
0 -88.545192
36.501814
0 -88.5448912453585
36.5018099850588
0 -88.516427
36.50143
0 -88.5163456859488
36.5014314866172
0 -88.51227
36.501506
0 -88.51192
36.501457
0 -88.48921
36.501068
0 -88.4890752146435
36.5010676761135
0 -88.488108
36.589064
0 -88.487698
36.61193
0 -88.487034
36.658897
0 -88.486463
36.699047
0 -88.485697
36.750328
0 -88.485659
36.774686
0 -88.485018
36.816815
0 -88.484456
36.853717
0 -88.484103
36.942096
0 -88.54509
36.942539
0 -88.562786
36.942999
0 -88.573401
36.943293
0 -88.583297
36.94348
0 -88.608465
36.94259
0 -88.674153
36.942688
0 -88.688515
36.942729
0 -88.699804
36.942774
0 -88.709431
36.944587
0 -88.709378
36.946357
0 -88.725495
36.946566
0 -88.812897
36.946864
0 -88.813155
36.855677
0 -88.813263
36.840728
0 -88.813458
36.839643
0 -88.813152
36.829368
0 -88.813256
36.827521
0 -88.813104
36.818087
0 -88.813229
36.773115
0 -88.817236
36.767754
0 -88.819595
36.755906
0 