-96.944611
33.949217
0 -96.944703
33.798011
0 -96.94402
33.720035
0 -96.943746
33.677987
0 -96.943567
33.654266
0 -96.943488
33.640618
0 -96.943346
33.606011
0 -96.94335
33.598391
0 -96.943347
33.593086
0 -96.943357
33.578311
0 -96.943374
33.536991
0 -96.943461
33.483845
0 -96.943665
33.445238
0 -96.94371
33.437583
0 -96.943814
33.422955
0 -96.943839
33.419273
0 -96.94386
33.41641
0 -96.939535
33.416273
0 -96.939429
33.416271
0 -96.939318
33.416266
0 -96.919346
33.41496
0 -96.87593
33.41352
0 -96.868263
33.413925
0 -96.841098
33.413377
0 -96.841171
33.405589
0 -96.834776
33.405489
0 -96.83411
33.405498
0 -96.806634
33.40485
0 -96.772156
33.403964
0 -96.769312
33.403789
0 -96.76558
33.40372
0 -96.761646
33.403664
0 -96.761493
33.403663
0 -96.759606
33.403593
0 -96.759507
33.403588
0 -96.751402
33.403424
0 -96.745698
33.403276
0 -96.741561
33.403174
0 -96.740795
33.403177
0 -96.727251
33.402918
0 -96.656486
33.401331
0 -96.653823
33.401275
0 -96.610116
33.400486
0 -96.589828
33.400238
0 -96.585803
33.400266
0 -96.583602
33.400259
0 -96.580203
33.400182
0 -96.578016
33.400095
0 -96.57748
33.400086
0 -96.575795
33.400055
0 -96.569423
33.399958
0 -96.567811
33.39995
0 -96.564782
33.399927
0 -96.564365
33.399878
0 -96.552799
33.399634
0 -96.551599
33.399772
0 -96.533333
33.399482
0 -96.520711
33.399339
0 -96.452913
33.398831
0 -96.448679
33.398859
0 -96.429626
33.398426
0 -96.424706
33.398235
0 -96.405228
33.39831
0 -96.40238
33.398079
0 -96.394773
33.398325
0 -96.386474
33.398075
0 -96.384602
33.397826
0 -96.384327
33.426578
0 -96.384087
33.42982
0 -96.384104
33.436541
0 -96.384104
33.437474
0 -96.384083
33.440537
0 -96.384053
33.441846
0 -96.383028
33.493039
0 -96.382837
33.500108
0 -96.383174
33.507675
0 -96.383058
33.511647
0 -96.383048
33.51202
0 -96.383036
33.512475
0 -96.3829
33.513494
0 -96.382811
33.522839
0 -96.382796
33.524425
0 -96.382816
33.545713
0 -96.382889
33.546968
0 -96.38261
33.559483
0 -96.382584
33.562796
0 -96.382324
33.598397
0 -96.382266
33.600888
0 -96.381743
33.618658
0 -96.381705
33.620254
0 -96.381604
33.624698
0 -96.379552
33.720985
0 -96.3794039922769
33.7258163072446
0 -96.384116
33.730141
0 -96.403507
33.746289
0 -96.408469
33.751192
0 -96.4118730854082
33.7556871295874
0 -96.413408
33.757714
0 -96.416146
33.766099
0 -96.417562
33.769038
0 -96.419205722102
33.7717759381074
0 -96.419961
33.773034
0 -96.422643
33.776041
0 -96.430214
33.778654
0 -96.436714
33.779329
0 -96.441206
33.780327
0 -96.448045
33.781031
0 -96.4486706614633
33.7809185586092
0 -96.45051
33.780588
0 -96.456254
33.776035
0 -96.4571133726479
33.7757970426771
0 -96.459154
33.775232
0 -96.467872
33.775795
0 -96.473092
33.775445
0 -96.48606
33.77301
0 -96.500268
33.772583
0 -96.502286
33.77346
0 -96.511914
33.781478
0 -96.515912
33.787795
0 -96.5159151034182
33.7885305101122
0 -96.5159483938132
33.7964203337206
0 -96.515959
33.798934
0 -96.516584
33.803168
0 -96.519911
33.811347
0 -96.523863
33.818114
0 -96.526655
33.820891
0 -96.529234
33.822127
0 -96.5320921136834
33.8228181109375
0 -96.5322256788429
33.8228504078832
0 -96.532865
33.823005
0 -96.533674926774
33.822833996831
0 -96.5374925073778
33.8220279753461
0 -96.5465604888912
33.8201134151355
0 -96.551223
33.819129
0 -96.566298
33.818511
0 -96.572937
33.819098
0 -96.587067
33.828009
0 -96.592926
33.830916
0 -96.601258
33.834327
0 -96.623155
33.841483
0 -96.62929
33.845488
0 -96.630022
33.847541
0 -96.629747
33.850866
0 -96.628969
33.852407
0 -96.625399
33.856542
0 -96.6174395363048
33.8639354284111
0 -96.61197
33.869016
0 -96.601686
33.872823
0 -96.597348
33.875101
0 -96.590112
33.880665
0 -96.587494
33.884251
0 -96.5873434435115
33.8845823794876
0 -96.58536
33.888948
0 -96.585452
33.891281
0 -96.587934
33.894784
0 -96.5885189157485
33.8948810582175
0 -96.592948
33.895616
0 -96.607562
33.894735
0 -96.6262173962632
33.8945028423579
0 -96.628294
33.894477
0 -96.630117
33.895422
0 -96.64405
33.905962
0 -96.645951221609
33.9072462784364
0 -96.659896
33.916666
0 -96.66441
33.917267
0 -96.667187
33.91694
0 -96.670618
33.914914
0 -96.673449
33.912278
0 -96.675306
33.909114
0 -96.6782986558143
33.9022650039775
0 -96.680947
33.896204
0 -96.683464
33.884217
0 -96.682103
33.876645
0 -96.682209
33.873876
0 -96.684727
33.862905
0 -96.688191
33.854613
0 -96.690708
33.849959
0 -96.6919140053451
33.8484749577809
0 -96.6931029507083
33.8470119086141
0 -96.699574
33.839049
0 -96.7022011641094
33.8368818451704
0 -96.704457
33.835021
0 -96.708134
33.83306
0 -96.712422
33.831633
0 -96.746038
33.825699
0 -96.754041
33.824658
0 -96.761588
33.824406
0 -96.766235
33.825458
0 -96.7679359661585
33.8265506664569
0 -96.769378
33.827477
0 -96.770676
33.829621
0 -96.776766
33.841976
0 -96.777202
33.848162
0 -96.779588
33.857939
0 -96.780569
33.860098
0 -96.783485
33.863534
0 -96.7868593685454
33.8652075817306
0 -96.794276
33.868886
0 -96.7983890294503
33.8697218550823
0 -96.812778
33.872646
0 -96.832157
33.874835
0 -96.8338917485549
33.8736844418831
0 -96.837413
33.871349
0 -96.839778
33.868396
0 -96.840819
33.863645
0 -96.841592
33.852894
0 -96.845896
33.848975
0 -96.850593
33.847211
0 -96.85609
33.84749
0 -96.866438
33.853149
0 -96.875281
33.860505
0 -96.88301
33.868019
0 -96.8926863575097
33.8896230392742
0 -96.895728
33.896414
0 -96.897194
33.902954
0 -96.896469
33.913318
0 -96.8972554142074
33.9187168274379
0 -96.899442
33.933728
0 -96.902434
33.942018
0 -96.905253
33.947219
0 -96.907387
33.950025
0 -96.9100841561795
33.9527125942178
0 -96.911336
33.95396
0 -96.9163
33.957798
0 -96.918618
33.958926
0 -96.922114
33.959579
0 -96.924268
33.959159
0 -96.932252
33.955688
0 -96.9347906714179
33.9543587870584
0 -96.944611
33.949217
0 