-101.086364
35.241151
0 -101.086281
35.18214
0 -101.001418
35.182842
0 -101.000427
35.182992
0 -100.973986
35.183203
0 -100.971444
35.183256
0 -100.909921
35.183114
0 -100.907821
35.182915
0 -100.905856
35.183144
0 -100.888149
35.183089
0 -100.875422
35.183248
0 -100.856644
35.183327
0 -100.821283
35.183242
0 -100.750416
35.18314
0 -100.74959
35.183265
0 -100.742289
35.183235
0 -100.66266
35.183082
0 -100.538978
35.183144
0 -100.538283
35.312669
0 -100.538481
35.328567
0 -100.538782
35.374368
0 -100.538589
35.375047
0 -100.538802
35.388332
0 -100.539122
35.431386
0 -100.539372
35.48841
0 -100.539723
35.531681
0 -100.540215
35.552325
0 -100.54011
35.561356
0 -100.540158
35.619296
0 -100.669696
35.61993
0 -100.786565
35.620485
0 -100.800008
35.620125
0 -100.802885
35.620233
0 -100.848797
35.619949
0 -100.866022
35.619737
0 -100.875423
35.619152
0 -100.954322
35.619261
0 -101.085935
35.619102
0 -101.086192
35.500045
0 -101.086038
35.500045
0 -101.086037
35.476584
0 -101.086114
35.475642
0 -101.085951
35.444545
0 -101.086031
35.371854
0 -101.086076
35.357177
0 -101.086175
35.328149
0 -101.086364
35.241151
0 