-90.136787
33.721648
0 -90.137011
33.676944
0 -90.127775
33.676956
0 -89.979143
33.676246
0 -89.949393
33.676308
0 -89.927475
33.676487
0 -89.922387
33.676472
0 -89.878344
33.676532
0 -89.875083
33.676536
0 -89.873409
33.67649
0 -89.809873
33.67667
0 -89.78689
33.676727
0 -89.764666
33.676799
0 -89.734395
33.676892
0 -89.724335
33.676938
0 -89.721357
33.676965
0 -89.704927
33.677141
0 -89.680991
33.677268
0 -89.663407
33.677051
0 -89.506872
33.677605
0 -89.507051
33.711333
0 -89.506927
33.71398
0 -89.507135
33.721819
0 -89.507147
33.722162
0 -89.507263
33.762458
0 -89.507314
33.838202
0 -89.507339
33.856416
0 -89.507353
33.867469
0 -89.717329
33.867142
0 -89.76905
33.867334
0 -89.769326
33.874393
0 -89.769296
33.897137
0 -89.779185
33.897238
0 -89.781342
33.897065
0 -89.926099
33.897957
0 -89.926126
33.892739
0 -89.925942
33.875099
0 -89.926142
33.871799
0 -89.926294
33.823854
0 -89.978268
33.82396
0 -89.979284
33.809662
0 -89.995939
33.809711
0 -90.042099
33.810083
0 -90.118325
33.810387
0 -90.136491
33.809319
0 -90.136787
33.721648
0 