-66.225001
17.92604
0 -66.225275
17.924652
0 -66.219909
17.916939
0 -66.2185125907007
17.9152277574047
0 -66.214418
17.917176
0 -66.207763
17.922603
0 -66.201821
17.925769
0 -66.197068
17.930066
0 -66.196117
17.935267
0 -66.192076
17.937528
0 -66.188273
17.937076
0 -66.1879355189735
17.9369995241352
0 -66.183282
17.935945
0 -66.1774886140902
17.9361417400775
0 -66.176627
17.936171
0 -66.1752098162361
17.9357966620726
0 -66.1728582196831
17.9351755063679
0 -66.172349
17.935041
0 -66.1706025377574
17.9344725102975
0 -66.1639073274387
17.9322931570715
0 -66.163317
17.932101
0 -66.160916481017
17.9308991458325
0 -66.158801
17.92984
0 -66.1583890215622
17.9298586550044
0 -66.1543863540009
17.9300399018224
0 -66.15381
17.930066
0 -66.1478961668293
17.9338835548161
0 -66.147155
17.934362
0 -66.1442199178654
17.9370078634566
0 -66.142639
17.938433
0 -66.138361
17.940242
0 -66.1379832954217
17.9403702470473
0 -66.135033
17.941372
0 -66.1335111578987
17.9430485200297
0 -66.130517
17.946347
0 -66.125288
17.947025
0 -66.120772
17.94906
0 -66.115543
17.949512
0 -66.112216
17.949286
0 -66.1077
17.952452
0 -66.10461
17.954261
0 -66.0978904015867
17.9579363877931
0 -66.095103
17.959461
0 -66.087022
17.964887
0 -66.081555
17.966922
0 -66.077515
17.966922
0 -66.075613
17.965792
0 -66.0741810639502
17.9658406277306
0 -66.0699387387042
17.9659846946736
0 -66.070837
17.968335
0 -66.070837
17.968833
0 -66.070904
17.970931
0 -66.069793
17.973885
0 -66.072367
17.978311
0 -66.072394
17.978805
0 -66.071876
17.987031
0 -66.071709
17.989681
0 -66.071631
17.990928
0 -66.071601
17.991838
0 -66.07161
17.993732
0 -66.073345
17.99606
0 -66.075278
17.99619
0 -66.076059
17.998021
0 -66.076325
18.000492
0 -66.077203
18.000133
0 -66.079774
18.001796
0 -66.081271
18.004458
0 -66.082029
18.010271
0 -66.08385
18.012918
0 -66.085704
18.012934
0 -66.088373
18.015054
0 -66.091438
18.01804
0 -66.091665
18.021127
0 -66.095136
18.022048
0 -66.091151
18.0248
0 -66.089357
18.024547
0 -66.088256
18.026264
0 -66.085598
18.027468
0 -66.082235
18.030934
0 -66.082263
18.032958
0 -66.085713
18.036186
0 -66.085025
18.039305
0 -66.087363
18.043558
0 -66.086399
18.044658
0 -66.085543
18.048348
0 -66.086777
18.049774
0 -66.089399
18.056256
0 -66.087982
18.059119
0 -66.087816
18.061238
0 -66.084267
18.062772
0 -66.081068
18.063915
0 -66.079125
18.067313
0 -66.079992
18.068929
0 -66.079164
18.070408
0 -66.081144
18.074107
0 -66.080235
18.074822
0 -66.075087
18.075518
0 -66.074543
18.076407
0 -66.070171
18.079709
0 -66.06832
18.078723
0 -66.067145
18.080955
0 -66.065796
18.082099
0 -66.064119
18.084683
0 -66.062042
18.088727
0 -66.060053
18.090735
0 -66.059925
18.09299
0 -66.060856
18.094836
0 -66.060292
18.095481
0 -66.060512
18.09875
0 -66.061413
18.09978
0 -66.059873
18.100953
0 -66.058015
18.104288
0 -66.055122
18.105434
0 -66.053146
18.107293
0 -66.054146
18.107211
0 -66.055999
18.105751
0 -66.057309
18.105564
0 -66.060167
18.103744
0 -66.060834
18.104075
0 -66.063958
18.102713
0 -66.066509
18.103029
0 -66.068571
18.101828
0 -66.071306
18.102056
0 -66.072762
18.102893
0 -66.073051
18.104704
0 -66.073904
18.105397
0 -66.074583
18.105828
0 -66.077957
18.103112
0 -66.079966
18.103851
0 -66.082724
18.104066
0 -66.084388
18.105254
0 -66.08598
18.105314
0 -66.087721
18.1064
0 -66.087773
18.107354
0 -66.090091
18.107584
0 -66.093931
18.107166
0 -66.095352
18.106152
0 -66.095534
18.104859
0 -66.097313
18.10484
0 -66.096344
18.104955
0 -66.097457
18.106789
0 -66.098287
18.106826
0 -66.098848
18.105597
0 -66.100809
18.105941
0 -66.101534
18.10467
0 -66.10257
18.105032
0 -66.102708
18.102785
0 -66.103989
18.101538
0 -66.105192
18.101221
0 -66.105648
18.099391
0 -66.109254
18.099964
0 -66.109016
18.098931
0 -66.109032
18.098034
0 -66.111407
18.09527
0 -66.112796
18.091758
0 -66.112707
18.090159
0 -66.116307
18.092202
0 -66.12213
18.093778
0 -66.12634
18.097156
0 -66.128055
18.094219
0 -66.128028
18.092642
0 -66.128157
18.090856
0 -66.129006
18.088809
0 -66.127995
18.087163
0 -66.127581
18.086337
0 -66.126109
18.082486
0 -66.12416
18.082038
0 -66.123681
18.07921
0 -66.124838
18.077306
0 -66.126022
18.077797
0 -66.126113
18.076342
0 -66.125076
18.074364
0 -66.123441
18.074367
0 -66.121356
18.072823
0 -66.122215
18.071402
0 -66.120874
18.069823
0 -66.121778
18.067719
0 -66.12002
18.062422
0 -66.120697
18.061725
0 -66.122083
18.061848
0 -66.122006
18.060683
0 -66.123222
18.059931
0 -66.122946
18.056941
0 -66.123734
18.054459
0 -66.125232
18.05165
0 -66.127756
18.048432
0 -66.127973
18.045761
0 -66.129605
18.042349
0 -66.128516
18.040067
0 -66.128518
18.039494
0 -66.128748
18.039169
0 -66.133567
18.038587
0 -66.135193
18.037336
0 -66.137773
18.037777
0 -66.138987
18.036917
0 -66.140508
18.037683
0 -66.142559
18.038206
0 -66.143202
18.040789
0 -66.143969
18.041358
0 -66.146923
18.04173
0 -66.14842
18.042382
0 -66.150087
18.0421
0 -66.153521
18.042651
0 -66.155739
18.043419
0 -66.15738
18.046117
0 -66.157954
18.048961
0 -66.160685
18.0498
0 -66.162509
18.049427
0 -66.166145
18.050063
0 -66.171631
18.039498
0 -66.17482
18.032906
0 -66.177026
18.032547
0 -66.177476
18.03234
0 -66.178015
18.031939
0 -66.180926
18.028826
0 -66.179952
18.02574
0 -66.182281
18.024539
0 -66.184025
18.025486
0 -66.189063
18.024202
0 -66.190163
18.021918
0 -66.19126
18.021988
0 -66.192509
18.020322
0 -66.195386
18.019707
0 -66.196611
18.020562
0 -66.198426
18.019312
0 -66.200349
18.018947
0 -66.201524
18.017987
0 -66.201578
18.016828
0 -66.203006
18.015657
0 -66.203621
18.013041
0 -66.205592
18.01298
0 -66.205656
18.011875
0 -66.205657
18.011709
0 -66.205805
17.989008
0 -66.205886
17.982648
0 -66.206095
17.969451
0 -66.20621
17.962893
0 -66.206258
17.953399
0 -66.20961
17.953178
0 -66.214708
17.950348
0 -66.218802
17.947744
0 -66.219796
17.947011
0 -66.221281
17.945592
0 -66.222593
17.94321
0 -66.222513
17.942076
0 -66.220584
17.938477
0 -66.218943
17.936379
0 -66.218414
17.935032
0 -66.221327
17.930246
0 -66.225001
17.92604
0 