-135.085227
58.266554
0 -135.086415
58.263429
0 -135.084514
58.259678
0 -135.080948
58.258052
0 -135.078334
58.257052
0 -135.078096
58.254051
0 -135.076908
58.251549
0 -135.079047
58.247547
0 -135.074056
58.24417
0 -135.071679
58.240542
0 -135.066688
58.237289
0 -135.063835
58.233786
0 -135.061934
58.231909
0 -135.057418
58.228405
0 -135.052189
58.225902
0 -135.051476
58.223899
0 -135.048862
58.223148
0 -135.047436
58.22465
0 -135.046723
58.227028
0 -135.048862
58.229281
0 -135.05314
58.235913
0 -135.055517
58.239041
0 -135.065262
58.244295
0 -135.06954
58.246672
0 -135.071679
58.249548
0 -135.071917
58.252175
0 -135.072392
58.258427
0 -135.072154
58.259678
0 -135.074769
58.263054
0 -135.076908
58.265054
0 -135.085227
58.266554
0 