-102.090415
34.313132
0 -102.08901
34.159278
0 -102.088816
34.13755
0 -102.087792
34.041178
0 -102.087626
34.026563
0 -102.086437
33.886401
0 -102.086397
33.882364
0 -102.086082
33.865649
0 -102.085733
33.824675
0 -102.001501
33.825574
0 -102.000451
33.825536
0 -101.974715
33.825944
0 -101.905457
33.82665
0 -101.875449
33.827039
0 -101.871412
33.826896
0 -101.854143
33.82712
0 -101.83672
33.827336
0 -101.836639
33.827339
0 -101.819287
33.827565
0 -101.770154
33.828204
0 -101.757137
33.828374
0 -101.735042
33.828643
0 -101.700569
33.829089
0 -101.693056
33.829186
0 -101.631013
33.829988
0 -101.57876
33.830312
0 -101.56358
33.830451
0 -101.563814
33.910072
0 -101.564464
34.021314
0 -101.564488
34.033133
0 -101.564532
34.059691
0 -101.564563
34.074228
0 -101.564859
34.131301
0 -101.56504
34.1898
0 -101.564856
34.312493
0 -101.76227
34.31298
0 -101.846979
34.313067
0 -101.873919
34.31311
0 -101.875422
34.313009
0 -101.99802
34.313039
0 -102.009091
34.313092
0 -102.090415
34.313132
0 