-83.468297
36.187288
0 -83.468697
36.185388
0 -83.466903
36.181941
0 -83.465697
36.178488
0 -83.467097
36.174688
0 -83.458695
36.155289
0 -83.429127
36.15463
0 -83.426814
36.15457
0 -83.426
36.15455
0 -83.416898
36.154317
0 -83.408535
36.154101
0 -83.393894
36.155191
0 -83.39097
36.151758
0 -83.390994
36.145691
0 -83.389893
36.145589
0 -83.387594
36.142691
0 -83.386393
36.142391
0 -83.384493
36.147091
0 -83.381193
36.145091
0 -83.378692
36.146891
0 -83.383493
36.150191
0 -83.383893
36.149091
0 -83.388293
36.15359
0 -83.372994
36.153792
0 -83.341013
36.146017
0 -83.331791
36.143792
0 -83.331391
36.145892
0 -83.330409
36.145527
0 -83.310927
36.141656
0 -83.301658
36.139739
0 -83.301056
36.139615
0 -83.293689
36.138193
0 -83.28747
36.135766
0 -83.282788
36.133894
0 -83.281963
36.132624
0 -83.281486
36.13251
0 -83.280445
36.13226
0 -83.274501
36.130794
0 -83.266238
36.125093
0 -83.264517
36.124487
0 -83.259101
36.120629
0 -83.25535
36.117069
0 -83.241986
36.101294
0 -83.240487
36.096193
0 -83.239186
36.092894
0 -83.234585
36.085094
0 -83.233885
36.084495
0 -83.228453
36.081353
0 -83.225484
36.082795
0 -83.225184
36.084195
0 -83.225284
36.088495
0 -83.226887
36.092501
0 -83.229084
36.095495
0 -83.232785
36.099894
0 -83.234585
36.103694
0 -83.234985
36.105894
0 -83.243986
36.118094
0 -83.245779
36.121177
0 -83.246086
36.123694
0 -83.244887
36.125194
0 -83.242887
36.126394
0 -83.240787
36.126494
0 -83.238887
36.125894
0 -83.233386
36.123294
0 -83.228186
36.121994
0 -83.225586
36.121594
0 -83.222966
36.122607
0 -83.220986
36.125094
0 -83.219686
36.127494
0 -83.219186
36.132292
0 -83.219787
36.134793
0 -83.22309
36.139792
0 -83.224892
36.143392
0 -83.225593
36.146793
0 -83.224894
36.149093
0 -83.221892
36.150995
0 -83.219195
36.151095
0 -83.217194
36.150196
0 -83.212088
36.145592
0 -83.209087
36.142082
0 -83.211984
36.146394
0 -83.210286
36.144793
0 -83.208771
36.142466
0 -83.202981
36.138788
0 -83.199381
36.134489
0 -83.197482
36.132788
0 -83.196581
36.129793
0 -83.195281
36.128892
0 -83.188682
36.126993
0 -83.185282
36.125394
0 -83.179504
36.125184
0 -83.176411
36.126016
0 -83.175308
36.126895
0 -83.174639
36.131562
0 -83.175584
36.134939
0 -83.177082
36.138834
0 -83.178582
36.146721
0 -83.178985
36.153011
0 -83.180785
36.157703
0 -83.181285
36.160499
0 -83.181984
36.161995
0 -83.185586
36.165595
0 -83.187687
36.169495
0 -83.187786
36.173895
0 -83.186186
36.176295
0 -83.185014
36.176866
0 -83.178986
36.178495
0 -83.173386
36.180395
0 -83.170186
36.182295
0 -83.168186
36.182295
0 -83.166085
36.180894
0 -83.161586
36.183595
0 -83.153485
36.184995
0 -83.152185
36.184095
0 -83.149785
36.184194
0 -83.148086
36.186092
0 -83.146088
36.186291
0 -83.14459
36.188289
0 -83.142691
36.187289
0 -83.139484
36.188893
0 -83.138685
36.190195
0 -83.139285
36.191195
0 -83.138651
36.194296
0 -83.137085
36.197295
0 -83.131985
36.199595
0 -83.132352
36.202834
0 -83.130408
36.204429
0 -83.127386
36.203277
0 -83.127404
36.201859
0 -83.124842
36.201287
0 -83.125086
36.202918
0 -83.121505
36.207829
0 -83.118224
36.212939
0 -83.11673
36.214444
0 -83.116334
36.215645
0 -83.111954
36.220759
0 -83.109963
36.222264
0 -83.107863
36.223073
0 -83.104573
36.225484
0 -83.102485
36.227488
0 -83.100087
36.228895
0 -83.09874
36.230257
0 -83.098563
36.232172
0 -83.096294
36.233266
0 -83.093515
36.232333
0 -83.091685
36.233396
0 -83.090685
36.234796
0 -83.090285
36.237796
0 -83.088885
36.238096
0 -83.087485
36.239896
0 -83.084785
36.241896
0 -83.082312
36.242296
0 -83.08179
36.243216
0 -83.081726
36.244752
0 -83.083244
36.246782
0 -83.087712
36.249725
0 -83.088255
36.250083
0 -83.089557
36.250882
0 -83.092184
36.252496
0 -83.094685
36.250996
0 -83.094091
36.253474
0 -83.096286
36.257496
0 -83.100487
36.261995
0 -83.102586
36.261795
0 -83.102893
36.266023
0 -83.099285
36.266794
0 -83.098985
36.269795
0 -83.102086
36.270095
0 -83.101886
36.273394
0 -83.104669
36.276303
0 -83.103437
36.277005
0 -83.103533
36.278285
0 -83.105254
36.278069
0 -83.105933
36.276041
0 -83.107887
36.277688
0 -83.110318
36.277452
0 -83.109468
36.282398
0 -83.114147
36.284047
0 -83.119482
36.283613
0 -83.121459
36.284371
0 -83.121064
36.289152
0 -83.125804
36.290398
0 -83.127287
36.290393
0 -83.134458
36.296285
0 -83.144389
36.308794
0 -83.14579
36.307894
0 -83.151689
36.318192
0 -83.151789
36.320292
0 -83.15079
36.321193
0 -83.148688
36.321293
0 -83.144888
36.319093
0 -83.14549
36.323793
0 -83.148588
36.322993
0 -83.15089
36.325894
0 -83.152189
36.326393
0 -83.159889
36.332893
0 -83.15919
36.336194
0 -83.15739
36.337393
0 -83.15859
36.339493
0 -83.15429
36.342293
0 -83.16259
36.345292
0 -83.165491
36.342192
0 -83.174291
36.338892
0 -83.176166
36.341385
0 -83.178722
36.341184
0 -83.179876
36.338092
0 -83.179544
36.334435
0 -83.177649
36.329831
0 -83.180531
36.333972
0 -83.181191
36.335692
0 -83.182491
36.336192
0 -83.182091
36.331092
0 -83.181091
36.327792
0 -83.18039
36.323393
0 -83.17909
36.321393
0 -83.17679
36.320093
0 -83.17469
36.317493
0 -83.17499
36.313493
0 -83.17689
36.312093
0 -83.17879
36.311693
0 -83.18079
36.312093
0 -83.190091
36.318192
0 -83.192191
36.319892
0 -83.196691
36.322192
0 -83.199891
36.322492
0 -83.201591
36.321892
0 -83.202391
36.320192
0 -83.201691
36.318392
0 -83.198691
36.315992
0 -83.197191
36.314392
0 -83.196391
36.311292
0 -83.196591
36.310293
0 -83.198791
36.307993
0 -83.200291
36.306993
0 -83.205491
36.306392
0 -83.209991
36.305392
0 -83.212391
36.302292
0 -83.212991
36.297292
0 -83.213491
36.295892
0 -83.215591
36.293492
0 -83.218791
36.293492
0 -83.224391
36.295592
0 -83.228192
36.296492
0 -83.231792
36.296692
0 -83.237592
36.295192
0 -83.239892
36.293292
0 -83.240092
36.291892
0 -83.238692
36.290792
0 -83.235592
36.290292
0 -83.232107
36.287996
0 -83.231391
36.284792
0 -83.232291
36.282392
0 -83.233291
36.281892
0 -83.234191
36.281792
0 -83.237692
36.282792
0 -83.240792
36.282992
0 -83.244992
36.284692
0 -83.249431
36.287161
0 -83.250792
36.288292
0 -83.255292
36.289092
0 -83.259989
36.288989
0 -83.263286
36.288487
0 -83.265983
36.286687
0 -83.267281
36.285087
0 -83.26628
36.28259
0 -83.265476
36.276995
0 -83.267073
36.274296
0 -83.27237
36.273993
0 -83.276568
36.276688
0 -83.278766
36.275688
0 -83.278964
36.27309
0 -83.278662
36.268995
0 -83.278359
36.264297
0 -83.278559
36.263997
0 -83.280357
36.262597
0 -83.284111
36.261996
0 -83.285554
36.261995
0 -83.287892
36.262293
0 -83.290157
36.262692
0 -83.291459
36.263792
0 -83.292161
36.266692
0 -83.290663
36.271996
0 -83.291566
36.275798
0 -83.292968
36.277398
0 -83.29487
36.277997
0 -83.298971
36.276094
0 -83.301471
36.273291
0 -83.30297
36.270188
0 -83.30507
36.268186
0 -83.308072
36.268484
0 -83.310274
36.270084
0 -83.310476
36.273385
0 -83.312279
36.276486
0 -83.315181
36.276784
0 -83.317483
36.278784
0 -83.319988
36.283685
0 -83.319689
36.285287
0 -83.31799
36.287789
0 -83.318391
36.290289
0 -83.320624
36.293319
0 -83.322295
36.29499
0 -83.328977
36.296149
0 -83.330195
36.29569
0 -83.331795
36.29389
0 -83.332795
36.29079
0 -83.332995
36.28649
0 -83.333495
36.28409
0 -83.334695
36.28279
0 -83.338295
36.28139
0 -83.340995
36.27949
0 -83.344195
36.27919
0 -83.348896
36.28119
0 -83.355196
36.28259
0 -83.358696
36.28199
0 -83.362996
36.27899
0 -83.364396
36.27599
0 -83.363396
36.27259
0 -83.362296
36.27169
0 -83.361796
36.26899
0 -83.362296
36.26759
0 -83.365596
36.26579
0 -83.369396
36.26539
0 -83.375596
36.26569
0 -83.377496
36.26529
0 -83.381502
36.265431
0 -83.384197
36.265689
0 -83.385997
36.265389
0 -83.387697
36.264589
0 -83.389831
36.262743
0 -83.392297
36.260189
0 -83.394497
36.255489
0 -83.397097
36.253189
0 -83.407397
36.249589
0 -83.409497
36.248789
0 -83.411297
36.247289
0 -83.416297
36.241289
0 -83.419897
36.236289
0 -83.421697
36.231689
0 -83.420897
36.228689
0 -83.416697
36.223089
0 -83.415896
36.220689
0 -83.416096
36.219389
0 -83.424397
36.212789
0 -83.426597
36.211489
0 -83.432297
36.209889
0 -83.433432
36.209889
0 -83.434197
36.209889
0 -83.437561
36.211483
0 -83.438797
36.212289
0 -83.439097
36.213889
0 -83.437997
36.218489
0 -83.439097
36.221089
0 -83.441898
36.222789
0 -83.443898
36.222189
0 -83.447398
36.219889
0 -83.449498
36.217989
0 -83.450398
36.216089
0 -83.450798
36.213289
0 -83.450597
36.208889
0 -83.451016
36.20607
0 -83.451197
36.203189
0 -83.450297
36.200589
0 -83.447297
36.196289
0 -83.446897
36.194889
0 -83.447197
36.192589
0 -83.449097
36.190289
0 -83.453597
36.188889
0 -83.460297
36.188089
0 -83.465897
36.188888
0 -83.468297
36.187288
0 