-73.065913
42.38903
0 -73.068595
42.38073
0 -73.064372
42.339722
0 -73.062663
42.328893
0 -73.051885
42.323633
0 -73.049844
42.32174
0 -73.04731
42.320934
0 -73.044822
42.319178
0 -73.040723
42.320184
0 -73.038538
42.314723
0 -73.035041
42.312961
0 -73.03123
42.30929
0 -73.028189
42.308254
0 -73.025893
42.308282
0 -73.024052
42.309339
0 -73.022203
42.309516
0 -73.020671
42.3084
0 -73.018822
42.30868
0 -73.016672
42.311189
0 -73.014616
42.309444
0 -73.012955
42.306899
0 -73.010854
42.304995
0 -73.008936
42.304496
0 -73.005439
42.305158
0 -73.005893
42.306136
0 -73.003573
42.30813
0 -73.003379
42.309702
0 -73.002241
42.310291
0 -73.001803
42.311954
0 -73.000067
42.312693
0 -72.953813
42.343868
0 -72.953253
42.343838
0 -72.895637
42.340809
0 -72.89476
42.331474
0 -72.885208
42.332612
0 -72.880799
42.268536
0 -72.880602
42.265382
0 -72.881183
42.264904
0 -72.894566
42.253812
0 -72.912302
42.239133
0 -72.87218
42.216439
0 -72.868418
42.223748
0 -72.864308
42.232091
0 -72.857641
42.240491
0 -72.856692
42.240604
0 -72.813416
42.245007
0 -72.812459
42.234976
0 -72.793414
42.236854
0 -72.793292
42.235274
0 -72.791987
42.217302
0 -72.782111
42.217271
0 -72.781039
42.199749
0 -72.766556
42.197235
0 -72.726096
42.190207
0 -72.703391
42.186279
0 -72.686861
42.18339
0 -72.686235
42.189073
0 -72.690455
42.213083
0 -72.670006
42.216506
0 -72.667733
42.225461
0 -72.656536
42.227739
0 -72.651842
42.237639
0 -72.634585
42.273943
0 -72.613138
42.286265
0 -72.609202
42.285477
0 -72.605633
42.28479
0 -72.601333
42.28129
0 -72.598933
42.26809
0 -72.600206
42.265341
0 -72.607918
42.26017
0 -72.61803
42.248075
0 -72.620189
42.243576
0 -72.623934
42.233691
0 -72.620934
42.229291
0 -72.612934
42.224991
0 -72.610234
42.218491
0 -72.607991
42.216346
0 -72.607888
42.216268
0 -72.602233
42.213291
0 -72.596151
42.211838
0 -72.593433
42.211691
0 -72.592418
42.211691
0 -72.572202
42.213804
0 -72.546356
42.216489
0 -72.541264
42.216987
0 -72.52429
42.218734
0 -72.498531
42.221592
0 -72.498095
42.221592
0 -72.48063
42.223492
0 -72.47837
42.223602
0 -72.447145
42.22734
0 -72.403947
42.231847
0 -72.402922
42.226276
0 -72.395492
42.185812
0 -72.390304
42.186254
0 -72.360766
42.189522
0 -72.358219
42.189802
0 -72.360423
42.190237
0 -72.361447
42.194141
0 -72.358871
42.194381
0 -72.360711
42.196909
0 -72.363383
42.197037
0 -72.362311
42.198397
0 -72.362887
42.201085
0 -72.364455
42.202893
0 -72.364407
42.206972
0 -72.361783
42.20694
0 -72.362663
42.205884
0 -72.360935
42.205213
0 -72.359127
42.206076
0 -72.357511
42.208252
0 -72.354775
42.208732
0 -72.353478
42.206956
0 -72.35135
42.207324
0 -72.349238
42.209916
0 -72.346238
42.210743
0 -72.345414
42.213052
0 -72.34567
42.216316
0 -72.342374
42.218604
0 -72.336326
42.219356
0 -72.335638
42.220156
0 -72.333875
42.220719
0 -72.294493
42.231433
0 -72.291567
42.232221
0 -72.281295
42.23502
0 -72.27767
42.233103
0 -72.273772
42.235847
0 -72.27122
42.23622
0 -72.268211
42.229318
0 -72.257614
42.229874
0 -72.249755
42.239017
0 -72.247013
42.242094
0 -72.221218
42.245252
0 -72.218068
42.248605
0 -72.214821
42.249041
0 -72.214584
42.247571
0 -72.21046
42.247205
0 -72.211079
42.251262
0 -72.211275
42.255635
0 -72.216138
42.256144
0 -72.216629
42.259779
0 -72.217665
42.268124
0 -72.217879
42.270089
0 -72.217709
42.270083
0 -72.212941
42.269925
0 -72.212128
42.282672
0 -72.207245
42.28521
0 -72.204007
42.288797
0 -72.203363
42.291162
0 -72.210815
42.29446
0 -72.213946
42.29429
0 -72.216862
42.294133
0 -72.216773
42.296507
0 -72.215575
42.299611
0 -72.212591
42.302053
0 -72.213026
42.305204
0 -72.212722
42.308399
0 -72.210795
42.31138
0 -72.232873
42.308008
0 -72.244566
42.306087
0 -72.261537
42.303296
0 -72.261978
42.305264
0 -72.268653
42.303524
0 -72.274639
42.301963
0 -72.280138
42.329077
0 -72.277152
42.329396
0 -72.278471
42.336508
0 -72.2814
42.336222
0 -72.284239
42.352057
0 -72.288734
42.352024
0 -72.291981
42.351752
0 -72.295765
42.350297
0 -72.296241
42.349504
0 -72.301126
42.348411
0 -72.303927
42.34558
0 -72.306382
42.346053
0 -72.306794
42.344244
0 -72.31233
42.342752
0 -72.314599
42.343526
0 -72.314782
42.339777
0 -72.318134
42.339199
0 -72.320048
42.336663
0 -72.323061
42.333884
0 -72.322584
42.331169
0 -72.324985
42.330676
0 -72.32612
42.328142
0 -72.32458
42.326216
0 -72.325884
42.325177
0 -72.327394
42.326792
0 -72.328267
42.325104
0 -72.3274
42.323477
0 -72.327344
42.3198
0 -72.330857
42.319669
0 -72.333193
42.319024
0 -72.334805
42.317652
0 -72.335001
42.315228
0 -72.339112
42.314303
0 -72.341989
42.314435
0 -72.343597
42.311887
0 -72.346316
42.309751
0 -72.348402
42.309113
0 -72.350326
42.310278
0 -72.351463
42.309741
0 -72.350146
42.308027
0 -72.3526
42.307676
0 -72.350197
42.306877
0 -72.349555
42.305286
0 -72.350373
42.304168
0 -72.351495
42.303899
0 -72.351754
42.306193
0 -72.354017
42.305765
0 -72.355942
42.303401
0 -72.358069
42.305805
0 -72.360324
42.30745
0 -72.360409
42.308609
0 -72.358632
42.308898
0 -72.359013
42.309849
0 -72.357472
42.31024
0 -72.356371
42.312162
0 -72.356887
42.313131
0 -72.354467
42.31569
0 -72.355295
42.319196
0 -72.353009
42.321067
0 -72.353896
42.322148
0 -72.353513
42.324336
0 -72.351314
42.324906
0 -72.353463
42.327668
0 -72.351291
42.329455
0 -72.352697
42.332043
0 -72.351157
42.334549
0 -72.351567
42.33587
0 -72.352963
42.336149
0 -72.352853
42.338162
0 -72.355396
42.340678
0 -72.355041
42.342879
0 -72.35629
42.343233
0 -72.359226
42.34553
0 -72.358254
42.349392
0 -72.359012
42.350044
0 -72.356794
42.350295
0 -72.357869
42.353182
0 -72.357241
42.354395
0 -72.358935
42.356682
0 -72.357174
42.359615
0 -72.359135
42.363709
0 -72.358517
42.365022
0 -72.357044
42.365262
0 -72.356392
42.366558
0 -72.358543
42.367053
0 -72.360674
42.368832
0 -72.361255
42.371548
0 -72.36276
42.372172
0 -72.363843
42.373775
0 -72.364383
42.376043
0 -72.363873
42.378415
0 -72.365098
42.377708
0 -72.366525
42.379091
0 -72.366688
42.380754
0 -72.36515
42.382291
0 -72.367022
42.384264
0 -72.366968
42.385145
0 -72.36376
42.386816
0 -72.365782
42.388522
0 -72.365568
42.390627
0 -72.367693
42.392157
0 -72.367138
42.394521
0 -72.368877
42.396351
0 -72.367897
42.397328
0 -72.36898
42.39839
0 -72.369409
42.400406
0 -72.368374
42.402307
0 -72.366605
42.40328
0 -72.370275
42.408057
0 -72.371519
42.408692
0 -72.369917
42.409918
0 -72.370413
42.41097
0 -72.37359
42.413319
0 -72.372076
42.415712
0 -72.374227
42.417082
0 -72.375448
42.42043
0 -72.375022
42.420819
0 -72.483786
42.40747
0 -72.484048
42.408613
0 -72.489931
42.433715
0 -72.530968
42.428853
0 -72.540492
42.427629
0 -72.54421
42.427081
0 -72.575926
42.423181
0 -72.581106
42.422504
0 -72.585554
42.423176
0 -72.62244
42.41518
0 -72.629014
42.414323
0 -72.669193
42.409658
0 -72.669657
42.409644
0 -72.704345
42.405536
0 -72.704188
42.407511
0 -72.700959
42.45291
0 -72.757715
42.44596
0 -72.757124
42.452397
0 -72.76596
42.451638
0 -72.76513
42.455837
0 -72.759056
42.456471
0 -72.758302
42.460939
0 -72.76431
42.460079
0 -72.763746
42.46361
0 -72.773545
42.465494
0 -72.773261
42.466799
0 -72.8099
42.473232
0 -72.831475
42.476392
0 -72.855644
42.48098
0 -72.871157
42.484173
0 -72.875155
42.507249
0 -72.87032
42.52515
0 -72.875461
42.525897
0 -72.876658
42.531733
0 -72.876948
42.541213
0 -72.876947
42.541152
0 -72.975379
42.555933
0 -72.97914
42.541657
0 -72.978981
42.541631
0 -72.968551
42.539954
0 -72.978547
42.500085
0 -72.979341
42.497867
0 -72.986473
42.466706
0 -72.988153
42.466848
0 -72.992643
42.449094
0 -73.003176
42.40959
0 -73.003592
42.408438
0 -73.009192
42.387766
0 -73.011704
42.379767
0 -73.065913
42.38903
0 