-73.074845
42.106146
0 -73.074837
42.104111
0 -73.074167
42.101867
0 -73.073087
42.094213
0 -73.062863
42.072829
0 -73.061879
42.07044
0 -73.058486
42.067467
0 -73.058449
42.066117
0 -73.060467
42.064841
0 -73.061366
42.062217
0 -73.060836
42.061308
0 -73.057178
42.059289
0 -73.05469
42.058536
0 -73.053737
42.057581
0 -73.053405
42.054999
0 -73.054346
42.052912
0 -73.054871
42.050257
0 -73.056786
42.048017
0 -73.056618
42.046938
0 -73.054929
42.044972
0 -73.054512
42.041973
0 -73.053254
42.039861
0 -73.0087448685276
42.0388598449713
0 -72.999549
42.038653
0 -72.9789998367308
42.0385103226942
0 -72.863733
42.03771
0 -72.863619
42.037709
0 -72.847142
42.036894
0 -72.8348899331935
42.0367481464027
0 -72.813541
42.036494
0 -72.816741
41.997595
0 -72.7949311397096
41.9999503706965
0 -72.7747567856785
42.0021291137822
0 -72.770521087532
42.0025865508845
0 -72.766739
42.002995
0 -72.7663047683742
42.006396481069
0 -72.766139
42.007695
0 -72.763265
42.009742
0 -72.763238
42.012795
0 -72.761238
42.014595
0 -72.759738
42.016995
0 -72.761354
42.018183
0 -72.76231
42.019775
0 -72.762151
42.021527
0 -72.760558
42.021846
0 -72.758151
42.020865
0 -72.757467
42.020947
0 -72.754038
42.025395
0 -72.751738
42.030195
0 -72.753538
42.032095
0 -72.757538
42.033295
0 -72.755838
42.036195
0 -72.7516053156989
42.0362368951743
0 -72.7191636634986
42.0365580031471
0 -72.7141341571442
42.0366077852784
0 -72.7127828019134
42.0366211610132
0 -72.6994515854077
42.0367531135994
0 -72.695927
42.036788
0 -72.6860801113328
42.0359686227736
0 -72.6729633546716
42.0348771539801
0 -72.643134
42.032395
0 -72.6169090913866
42.0312029925632
0 -72.6169046708038
42.0312027916334
0 -72.607933
42.030795
0 -72.606933
42.024995
0 -72.590233
42.024695
0 -72.589829
42.024695
0 -72.582332
42.024695
0 -72.5742849478112
42.0295103220767
0 -72.573231
42.030141
0 -72.5634267784983
42.031044031843
0 -72.560977008977
42.0312696713683
0 -72.5608880730993
42.0312778629345
0 -72.5529908645778
42.0320052466196
0 -72.552858204224
42.0320174654912
0 -72.5501111622106
42.0322704857245
0 -72.5315724231202
42.0339780228017
0 -72.5281470614453
42.0342935206376
0 -72.528131
42.034295
0 -72.50919168706
42.0342165401236
0 -72.4597281051111
42.0340116273826
0 -72.4596911701656
42.0340114743722
0 -72.4581852392999
42.0340052357536
0 -72.45668
42.033999
0 -72.4416397890708
42.0337735024706
0 -72.3974306450291
42.033110675812
0 -72.3669917600491
42.0326543063241
0 -72.3218210714148
42.03197706325
0 -72.3212572907063
42.0319686104991
0 -72.317148
42.031907
0 -72.2706746240338
42.031713890667
0 -72.249523
42.031626
0 -72.2412901545176
42.0315261233387
0 -72.2050807834552
42.0310868498098
0 -72.1988271821625
42.0310109843245
0 -72.1500724858968
42.0304195173409
0 -72.1432410250888
42.0303366415602
0 -72.1357150080095
42.0302453397788
0 -72.135491
42.05293
0 -72.135388
42.063146
0 -72.13518
42.083514
0 -72.134954
42.090665
0 -72.134954
42.111502
0 -72.134955
42.111834
0 -72.135213
42.11305
0 -72.135042
42.140398
0 -72.135023
42.161708
0 -72.141843
42.160898
0 -72.199304
42.153588
0 -72.200626
42.161287
0 -72.207907
42.163879
0 -72.256035
42.181075
0 -72.263876
42.183885
0 -72.263092
42.189949
0 -72.263204
42.192317
0 -72.264398
42.193529
0 -72.264691
42.196725
0 -72.264108
42.199501
0 -72.262792
42.202534
0 -72.261019
42.205003
0 -72.257504
42.207809
0 -72.239127
42.226812
0 -72.221218
42.245252
0 -72.247013
42.242094
0 -72.249755
42.239017
0 -72.257614
42.229874
0 -72.268211
42.229318
0 -72.27122
42.23622
0 -72.273772
42.235847
0 -72.27767
42.233103
0 -72.281295
42.23502
0 -72.291567
42.232221
0 -72.294493
42.231433
0 -72.333875
42.220719
0 -72.335638
42.220156
0 -72.336326
42.219356
0 -72.342374
42.218604
0 -72.34567
42.216316
0 -72.345414
42.213052
0 -72.346238
42.210743
0 -72.349238
42.209916
0 -72.35135
42.207324
0 -72.353478
42.206956
0 -72.354775
42.208732
0 -72.357511
42.208252
0 -72.359127
42.206076
0 -72.360935
42.205213
0 -72.362663
42.205884
0 -72.361783
42.20694
0 -72.364407
42.206972
0 -72.364455
42.202893
0 -72.362887
42.201085
0 -72.362311
42.198397
0 -72.363383
42.197037
0 -72.360711
42.196909
0 -72.358871
42.194381
0 -72.361447
42.194141
0 -72.360423
42.190237
0 -72.358219
42.189802
0 -72.360766
42.189522
0 -72.390304
42.186254
0 -72.395492
42.185812
0 -72.402922
42.226276
0 -72.403947
42.231847
0 -72.447145
42.22734
0 -72.47837
42.223602
0 -72.48063
42.223492
0 -72.498095
42.221592
0 -72.498531
42.221592
0 -72.52429
42.218734
0 -72.541264
42.216987
0 -72.546356
42.216489
0 -72.572202
42.213804
0 -72.592418
42.211691
0 -72.593433
42.211691
0 -72.596151
42.211838
0 -72.602233
42.213291
0 -72.607888
42.216268
0 -72.607991
42.216346
0 -72.610234
42.218491
0 -72.612934
42.224991
0 -72.620934
42.229291
0 -72.623934
42.233691
0 -72.620189
42.243576
0 -72.61803
42.248075
0 -72.607918
42.26017
0 -72.600206
42.265341
0 -72.598933
42.26809
0 -72.601333
42.28129
0 -72.605633
42.28479
0 -72.609202
42.285477
0 -72.613138
42.286265
0 -72.634585
42.273943
0 -72.651842
42.237639
0 -72.656536
42.227739
0 -72.667733
42.225461
0 -72.670006
42.216506
0 -72.690455
42.213083
0 -72.686235
42.189073
0 -72.686861
42.18339
0 -72.703391
42.186279
0 -72.726096
42.190207
0 -72.766556
42.197235
0 -72.781039
42.199749
0 -72.782111
42.217271
0 -72.791987
42.217302
0 -72.793292
42.235274
0 -72.793414
42.236854
0 -72.812459
42.234976
0 -72.813416
42.245007
0 -72.856692
42.240604
0 -72.857641
42.240491
0 -72.864308
42.232091
0 -72.868418
42.223748
0 -72.87218
42.216439
0 -72.912302
42.239133
0 -72.894566
42.253812
0 -72.881183
42.264904
0 -72.880602
42.265382
0 -72.880799
42.268536
0 -72.885208
42.332612
0 -72.89476
42.331474
0 -72.895637
42.340809
0 -72.953253
42.343838
0 -72.953813
42.343868
0 -73.000067
42.312693
0 -73.000377
42.312351
0 -73.001846
42.25109
0 -73.00426
42.25134
0 -73.00566
42.246952
0 -73.007993
42.238409
0 -73.034916
42.143682
0 -73.071124
42.148011
0 -73.070125
42.146008
0 -73.070295
42.144917
0 -73.071966
42.14363
0 -73.070516
42.140123
0 -73.068909
42.138486
0 -73.06849
42.135795
0 -73.06983
42.133458
0 -73.069507
42.131363
0 -73.068446
42.129855
0 -73.066206
42.124247
0 -73.064259
42.122845
0 -73.061178
42.119245
0 -73.06109
42.118401
0 -73.062601
42.116373
0 -73.064363
42.115349
0 -73.069265
42.113879
0 -73.07242
42.11195
0 -73.072995
42.1106
0 -73.071933
42.109578
0 -73.071867
42.108163
0 -73.073046
42.106913
0 -73.074845
42.106146
0 