-80.667957
40.582496
0 -80.667781
40.578096
0 -80.666917
40.573664
0 -80.662708
40.570176
0 -80.655316
40.565184
0 -80.652436
40.562544
0 -80.64138
40.548417
0 -80.6381693946354
40.5446479441193
0 -80.633107
40.538705
0 -80.630483
40.537921
0 -80.627507
40.535793
0 -80.6260204364162
40.5315124132948
0 -80.623289329261
40.5236481408842
0 -80.622195
40.520497
0 -80.6214704169451
40.5159462649598
0 -80.620883
40.512257
0 -80.618003
40.502049
0 -80.6135568408794
40.4958144361264
0 -80.609058
40.489506
0 -80.60245
40.484226
0 -80.5997942180974
40.482872007998
0 -80.599194
40.482566
0 -80.598039100627
40.4802874147507
0 -80.595494
40.475266
0 -80.594794
40.471366
0 -80.5949365072309
40.470489032425
0 -80.596094
40.463366
0 -80.5964834700073
40.4624808408924
0 -80.598294
40.458366
0 -80.6028794069666
40.4519031390747
0 -80.6028924180247
40.4518848007549
0 -80.604395
40.449767
0 -80.604895
40.446667
0 -80.611195
40.437767
0 -80.6114681704896
40.4370468232546
0 -80.612295
40.434867
0 -80.6129948717672
40.4293680075431
0 -80.612995
40.429367
0 -80.612295
40.418567
0 -80.6125319470831
40.4121101919866
0 -80.6126588688745
40.4086515731697
0 -80.612695
40.407667
0 -80.6118851899509
40.404247802015
0 -80.611795
40.403867
0 -80.612195
40.402667
0 -80.615195
40.399867
0 -80.628096
40.395867
0 -80.6296993745958
40.3950066526559
0 -80.613419
40.39633
0 -80.60347
40.397
0 -80.596872
40.397772
0 -80.594984
40.397942
0 -80.593792
40.39805
0 -80.589894
40.398446
0 -80.584971
40.398875
0 -80.576566
40.399584
0 -80.575283
40.399663
0 -80.573784
40.399755
0 -80.566901
40.399727
0 -80.559294
40.39955
0 -80.533919
40.399598
0 -80.5179873274459
40.3996439826186
0 -80.5179643550745
40.4044978691627
0 -80.5178748599629
40.4234075023955
0 -80.5178748497501
40.4234096602671
0 -80.51769
40.462467
0 -80.5178072290569
40.463476973413
0 -80.518381993078
40.4684287865177
0 -80.51899
40.473667
0 -80.5189953454551
40.4773632987013
0 -80.519054
40.517922
0 -80.519057
40.517922
0 -80.5190569826715
40.5185479989199
0 -80.5190558459397
40.5596130052828
0 -80.519055
40.590173
0 -80.519086
40.590161
0 -80.519086
40.592271
0 -80.519086
40.616385
0 -80.519039
40.616391
0 -80.5189939001297
40.637447001928
0 -80.518991
40.638801
0 -80.521917
40.636992
0 -80.52566
40.636068
0 -80.530093
40.636255
0 -80.532737
40.63559
0 -80.539541
40.632122
0 -80.545892
40.629702
0 -80.551126
40.628847
0 -80.5529530262932
40.6278630261771
0 -80.56072
40.62368
0 -80.563419473156
40.6213566332163
0 -80.56784
40.617552
0 -80.571936
40.615456
0 -80.5751550315233
40.614629781909
0 -80.576736
40.614224
0 -80.579856
40.614304
0 -80.5805278407164
40.6145202982026
0 -80.583633
40.61552
0 -80.5890445274637
40.6200056007113
0 -80.5890482694592
40.6200087024414
0 -80.592049
40.622496
0 -80.594065
40.623664
0 -80.598764
40.625263
0 -80.603876
40.625064
0 -80.6101983248557
40.6233079724465
0 -80.616002
40.621696
0 -80.627171
40.619936
0 -80.6325023396092
40.6170855440647
0 -80.634355
40.616095
0 -80.6371248891581
40.613440339113
0 -80.639379
40.61128
0 -80.6444545687516
40.6043429046002
0 -80.644963
40.603648
0 -80.651716
40.597744
0 -80.653972
40.59648
0 -80.655188
40.596544
0 -80.6570650823556
40.5952858254927
0 -80.662564
40.5916
0 -80.665892
40.587728
0 -80.667957
40.582496
0 