-99.312579
44.634207
0 -99.312483
44.547485
0 -99.300495
44.54738
0 -99.300605
44.52853
0 -99.300697
44.455947
0 -99.300242
44.412433
0 -99.300306
44.368388
0 -99.300411
44.34009
0 -99.300252
44.310598
0 -99.300309
44.281765
0 -99.30027
44.250003
0 -99.300569
44.248488
0 -99.300451
44.237864
0 -99.30018
44.19483
0 -99.288596
44.194811
0 -99.236878
44.194922
0 -99.236719
44.196428
0 -99.203502
44.196424
0 -99.185839
44.196477
0 -99.166799
44.196562
0 -99.165333
44.196568
0 -99.165269
44.19666
0 -99.087486
44.196573
0 -99.085349
44.196786
0 -99.064395
44.196648
0 -99.045846
44.196555
0 -99.044927
44.196532
0 -99.035669
44.196522
0 -98.977467
44.196519
0 -98.945772
44.196398
0 -98.943206
44.196495
0 -98.942508
44.196391
0 -98.925953
44.196575
0 -98.908041
44.196652
0 -98.907628
44.196494
0 -98.885097
44.196388
0 -98.868603
44.196994
0 -98.847082
44.196892
0 -98.842763
44.196383
0 -98.827924
44.196587
0 -98.82288
44.196347
0 -98.820532
44.196559
0 -98.807838
44.196664
0 -98.700453
44.196727
0 -98.700801
44.198798
0 -98.700784
44.198945
0 -98.701164
44.283907
0 -98.70117
44.320333
0 -98.701262
44.35629
0 -98.701303
44.370698
0 -98.701352
44.42836
0 -98.701358
44.450546
0 -98.70134
44.453784
0 -98.701359
44.456718
0 -98.701353
44.460897
0 -98.701353
44.460987
0 -98.701346
44.472065
0 -98.701337
44.490229
0 -98.701337
44.538065
0 -98.701331
44.547292
0 -98.705714
44.547283
0 -98.7057
44.561726
0 -98.705682
44.569123
0 -98.705666
44.57624
0 -98.70572
44.612038
0 -98.705762
44.634159
0 -98.705739
44.641535
0 -98.705546
44.721109
0 -98.705513
44.735589
0 -98.705488
44.77906
0 -98.705535
44.808039
0 -98.705357
44.89687
0 -98.716498
44.896925
0 -98.777584
44.897029
0 -98.818277
44.89705
0 -98.825119
44.897055
0 -98.828503
44.897062
0 -98.838707
44.897037
0 -98.946899
44.89701
0 -98.961046
44.89703
0 -98.987881
44.897058
0 -99.067251
44.897148
0 -99.083417
44.897147
0 -99.093686
44.89715
0 -99.205699
44.897155
0 -99.311754
44.897227
0 -99.311934
44.854101
0 -99.312067
44.852532
0 -99.311898
44.851138
0 -99.311763
44.822495
0 -99.311764
44.808997
0 -99.311783
44.722028
0 -99.312079
44.678262
0 -99.312579
44.634207
0 