-82.055487
27.473096
0 -82.055753
27.338264
0 -81.95052
27.3373
0 -81.858943
27.336709
0 -81.858829
27.340262
0 -81.841062
27.34012
0 -81.829029
27.340122
0 -81.805822
27.34013
0 -81.805477
27.340127
0 -81.7315
27.340167
0 -81.724207
27.340233
0 -81.713862
27.340259
0 -81.679427
27.340325
0 -81.661709
27.340571
0 -81.56423
27.340619
0 -81.563696
27.34068
0 -81.564013
27.348648
0 -81.563704
27.35799
0 -81.563897
27.373395
0 -81.56362
27.376991
0 -81.563936
27.411901
0 -81.56379
27.414913
0 -81.563711
27.430516
0 -81.563885
27.434176
0 -81.563562
27.485478
0 -81.56356
27.493975
0 -81.563692
27.559267
0 -81.56357
27.591571
0 -81.563463
27.613923
0 -81.563318
27.646647
0 -81.661941
27.646479
0 -81.662271
27.646479
0 -81.741321
27.646277
0 -81.817918
27.646201
0 -81.822686
27.646196
0 -81.83432
27.64622
0 -81.878269
27.646244
0 -81.879257
27.646292
0 -81.891572
27.646214
0 -81.895124
27.646118
0 -81.909362
27.646455
0 -81.926751
27.646375
0 -81.948974
27.646287
0 -82.054349
27.646382
0 -82.054467
27.595246
0 -82.055487
27.473096
0 