-104.045443
45.94531
0 -104.04403
45.881975
0 -104.044029991783
45.8819710865992
0 -104.044009
45.871974
0 -104.043814
45.868385
0 -104.042597
45.749998
0 -104.041937
45.557915
0 -104.041647
45.550691
0 -104.041662233375
45.5481733584006
0 -104.04171494278
45.539461999702
0 -104.041717
45.539122
0 -104.041145
45.503367
0 -104.041274
45.499994
0 -104.041764
45.490789
0 -104.041055328017
45.4697972089179
0 -104.040816
45.462708
0 -104.04041
45.393474
0 -104.040114
45.374214
0 -104.040265
45.345356
0 -104.040358
45.335946
0 -104.040135756343
45.2128906789637
0 -104.00049
45.212787
0 -103.966536
45.212999
0 -103.50807
45.212777
0 -103.500466
45.212773
0 -103.487153
45.213266
0 -103.426689
45.213156
0 -103.000648
45.212989
0 -103.000448
45.212524
0 -102.957281
45.212851
0 -102.957443
45.250063
0 -102.956472
45.259349
0 -102.957201
45.299481
0 -102.95702
45.372676
0 -102.956831
45.375241
0 -102.95687
45.386364
0 -102.950571
45.386331
0 -102.950232
45.441997
0 -102.950567
45.443454
0 -102.950237
45.44362
0 -102.950414
45.472867
0 -102.950772
45.502223
0 -102.950951
45.519775
0 -102.95147
45.521877
0 -102.951027
45.523079
0 -102.950973
45.531236
0 -102.950962
45.560107
0 -102.950882
45.564297
0 -102.9505
45.56517
0 -102.950859
45.565861
0 -102.950206
45.647207
0 -102.950323
45.731149
0 -102.95002
45.732879
0 -102.942448
45.732864
0 -102.942603
45.801982
0 -102.943128
45.80589
0 -102.942681
45.806408
0 -102.942701
45.819893
0 -102.94262
45.848454
0 -102.942366
45.850664
0 -102.942605
45.853135
0 -102.942069771231
45.9450917983927
0 -102.953806
45.945121045981
0 -102.989902
45.945211
0 -102.995345
45.945166
0 -102.995667903231
45.9451674824132
0 -103.026058
45.945307
0 -103.047779
45.945335
0 -103.078477
45.945289
0 -103.097872
45.945262
0 -103.120072395522
45.9452594225746
0 -103.140939
45.945257
0 -103.161251
45.945309
0 -103.210634
45.945222
0 -103.218396
45.945208
0 -103.245116814097
45.9451840026785
0 -103.252742271519
45.9451771544383
0 -103.284092
45.945149
0 -103.284109
45.945152
0 -103.369029
45.945152
0 -103.369148
45.945152
0 -103.37546
45.944797
0 -103.411325
45.945264
0 -103.41804
45.945186
0 -103.432393
45.945313
0 -103.434851
45.945291
0 -103.493975328656
45.9452146236964
0 -103.55871
45.945131
0 -103.577083
45.945283
0 -103.618333974136
45.9452573709299
0 -103.660779
45.945231
0 -103.660779
45.945241
0 -103.668479
45.945242
0 -103.74279271535
45.9452554053454
0 -104.045443
45.94531
0 