-73.020539
42.000094
0 -73.029537
41.966606
0 -73.001401
41.968372
0 -72.957767
41.970548
0 -72.88706
41.973121
0 -72.902244
41.931995
0 -72.902968
41.931361
0 -72.905945
41.921696
0 -72.906645
41.920196
0 -72.915346
41.896797
0 -72.940647
41.895196
0 -72.943894
41.884815
0 -72.946178
41.877234
0 -72.946342
41.874027
0 -72.953647
41.853885
0 -72.953849
41.848453
0 -72.953651
41.84668
0 -72.951187
41.842697
0 -72.946526
41.843628
0 -72.942245
41.843445
0 -72.939095
41.842506
0 -72.936502
41.840263
0 -72.939559
41.83169
0 -72.949024
41.806431
0 -72.98414
41.802082
0 -72.999549
41.800023
0 -73.016936
41.798183
0 -73.012711
41.777117
0 -73.012221
41.77502
0 -73.003293
41.736434
0 -72.99895
41.714398
0 -72.99855
41.712498
0 -72.99585
41.699597
0 -72.99354
41.690123
0 -72.991372
41.679889
0 -72.989473
41.66958
0 -72.989283
41.66873
0 -72.987636
41.660433
0 -72.985842
41.652076
0 -72.98555
41.649399
0 -72.98325
41.639598
0 -72.971145
41.640499
0 -72.963931
41.641318
0 -72.960209
41.641969
0 -72.947752
41.643222
0 -72.938501
41.644311
0 -72.938147
41.640297
0 -72.93499
41.617692
0 -72.933644
41.607794
0 -72.93376
41.607108
0 -72.938046
41.590597
0 -72.942615
41.571126
0 -72.945512
41.55958
0 -72.94635
41.556797
0 -72.928538
41.558891
0 -72.926399
41.558919
0 -72.915648
41.560396
0 -72.90347
41.561708
0 -72.903213
41.561747
0 -72.883885
41.563812
0 -72.879256
41.563152
0 -72.879791
41.562751
0 -72.873956
41.559154
0 -72.871916
41.554873
0 -72.869514
41.554531
0 -72.868227
41.552236
0 -72.867806
41.54898
0 -72.862537
41.547841
0 -72.859753
41.547727
0 -72.854669
41.546527
0 -72.85329
41.546664
0 -72.852707
41.546291
0 -72.849831
41.54533
0 -72.844147
41.544697
0 -72.845149
41.547411
0 -72.845731
41.553346
0 -72.848541
41.567329
0 -72.840244
41.569098
0 -72.827644
41.570999
0 -72.829644
41.562397
0 -72.825743
41.564298
0 -72.826141
41.555897
0 -72.825142
41.555397
0 -72.821243
41.554195
0 -72.819145
41.554298
0 -72.80996
41.562284
0 -72.809243
41.561997
0 -72.805243
41.566598
0 -72.801243
41.573098
0 -72.779721
41.575936
0 -72.767821
41.577339
0 -72.752181
41.578894
0 -72.752941
41.592497
0 -72.74284
41.594398
0 -72.739077
41.594794
0 -72.731671
41.595779
0 -72.72994
41.601498
0 -72.727041
41.602398
0 -72.723679
41.603045
0 -72.714538
41.60431
0 -72.715924
41.606424
0 -72.7151
41.608074
0 -72.713644
41.610736
0 -72.712567
41.616684
0 -72.711274
41.617693
0 -72.713079
41.619286
0 -72.713287
41.620839
0 -72.715799
41.623725
0 -72.715914
41.624999
0 -72.713897
41.627705
0 -72.688425
41.631399
0 -72.675884
41.633093
0 -72.67587
41.633095
0 -72.650837
41.636899
0 -72.648764
41.637097
0 -72.647136
41.637199
0 -72.634036
41.639199
0 -72.627836
41.640199
0 -72.630524
41.633282
0 -72.577189
41.639002
0 -72.559926
41.640955
0 -72.54423
41.642696
0 -72.532132
41.643999
0 -72.521832
41.645499
0 -72.505431
41.646999
0 -72.504875
41.645534
0 -72.481842
41.60818
0 -72.481537
41.607741
0 -72.472602
41.592388
0 -72.46673
41.583899
0 -72.42886
41.588986
0 -72.427729
41.589198
0 -72.417229
41.590598
0 -72.410629
41.601798
0 -72.409485
41.608595
0 -72.409508
41.620046
0 -72.408971
41.622628
0 -72.407881
41.625096
0 -72.40848
41.626562
0 -72.409217
41.630749
0 -72.413774
41.634869
0 -72.413852
41.636916
0 -72.415728
41.639299
0 -72.415892
41.640206
0 -72.42084
41.648053
0 -72.427529
41.659699
0 -72.429429
41.662299
0 -72.437329
41.666598
0 -72.448129
41.671898
0 -72.451629
41.687099
0 -72.452229
41.688799
0 -72.452972
41.69205
0 -72.460129
41.727299
0 -72.463899
41.745572
0 -72.465129
41.750198
0 -72.468724
41.770475
0 -72.471062
41.784371
0 -72.472281
41.79096
0 -72.473468
41.798264
0 -72.47364
41.799141
0 -72.476029
41.812997
0 -72.485404
41.812233
0 -72.487364
41.811751
0 -72.502559
41.810176
0 -72.507531
41.809698
0 -72.506428
41.815506
0 -72.50543
41.820298
0 -72.505255
41.821308
0 -72.504435
41.824674
0 -72.502632
41.833589
0 -72.49905
41.850308
0 -72.498733
41.853329
0 -72.49681
41.860616
0 -72.501927
41.859457
0 -72.515142
41.857461
0 -72.51833
41.856899
0 -72.51733
41.869897
0 -72.516924
41.873639
0 -72.515928
41.892422
0 -72.515226
41.899467
0 -72.514628
41.916631
0 -72.514128
41.932564
0 -72.51333
41.945401
0 -72.505528
41.946397
0 -72.492729
41.947497
0 -72.498928
41.977893
0 -72.499406
41.98159
0 -72.499722
41.984223
0 -72.503215
42.00322
0 -72.503903
42.006475
0 -72.50539
42.013567
0 -72.505935
42.016478
0 -72.508637
42.031135
0 -72.50919168706
42.0342165401236
0 -72.528131
42.034295
0 -72.5281470614453
42.0342935206376
0 -72.5315724231202
42.0339780228017
0 -72.5501111622106
42.0322704857245
0 -72.552858204224
42.0320174654912
0 -72.5529908645778
42.0320052466196
0 -72.5608880730993
42.0312778629345
0 -72.560977008977
42.0312696713683
0 -72.5634267784983
42.031044031843
0 -72.573231
42.030141
0 -72.5742849478112
42.0295103220767
0 -72.582332
42.024695
0 -72.589829
42.024695
0 -72.590233
42.024695
0 -72.606933
42.024995
0 -72.607933
42.030795
0 -72.6169046708038
42.0312027916334
0 -72.6169090913866
42.0312029925632
0 -72.643134
42.032395
0 -72.6729633546716
42.0348771539801
0 -72.6860801113328
42.0359686227736
0 -72.695927
42.036788
0 -72.6994515854077
42.0367531135994
0 -72.7127828019134
42.0366211610132
0 -72.7141341571442
42.0366077852784
0 -72.7191636634986
42.0365580031471
0 -72.7516053156989
42.0362368951743
0 -72.755838
42.036195
0 -72.757538
42.033295
0 -72.753538
42.032095
0 -72.751738
42.030195
0 -72.754038
42.025395
0 -72.757467
42.020947
0 -72.758151
42.020865
0 -72.760558
42.021846
0 -72.762151
42.021527
0 -72.76231
42.019775
0 -72.761354
42.018183
0 -72.759738
42.016995
0 -72.761238
42.014595
0 -72.763238
42.012795
0 -72.763265
42.009742
0 -72.766139
42.007695
0 -72.7663047683742
42.006396481069
0 -72.766739
42.002995
0 -72.770521087532
42.0025865508845
0 -72.7747567856785
42.0021291137822
0 -72.7949311397096
41.9999503706965
0 -72.816741
41.997595
0 -72.813541
42.036494
0 -72.8348899331935
42.0367481464027
0 -72.847142
42.036894
0 -72.863619
42.037709
0 -72.863733
42.03771
0 -72.9789998367308
42.0385103226942
0 -72.999549
42.038653
0 -73.0087448685276
42.0388598449713
0 -73.020539
42.000094
0 