-97.702164
38.073582
0 -97.702006
38.072221
0 -97.701904
38.064726
0 -97.701894
38.043205
0 -97.701905
38.014098
0 -97.702163
37.999611
0 -97.702006
37.985053
0 -97.701994
37.981548
0 -97.701962
37.970854
0 -97.701962
37.965195
0 -97.701962
37.96399
0 -97.701963
37.95984
0 -97.701964
37.956034
0 -97.701997
37.940484
0 -97.701971
37.934853
0 -97.701949
37.919669
0 -97.701926
37.912437
0 -97.701969
37.911325
0 -97.701841
37.912457
0 -97.592106
37.912391
0 -97.592073
37.912391
0 -97.582682
37.912373
0 -97.50041
37.912311
0 -97.482045
37.91228
0 -97.482017
37.91228
0 -97.454177
37.912315
0 -97.446041
37.912302
0 -97.445457
37.912194
0 -97.438644
37.91237
0 -97.429413
37.912344
0 -97.422496
37.912289
0 -97.421966
37.912288
0 -97.408869
37.912262
0 -97.408769
37.912262
0 -97.403646
37.912252
0 -97.372015
37.912202
0 -97.372007
37.912202
0 -97.363531
37.912186
0 -97.354482
37.912197
0 -97.351889
37.912002
0 -97.349724
37.91221
0 -97.331736
37.912241
0 -97.313798
37.912266
0 -97.304355
37.912297
0 -97.299882
37.912301
0 -97.290581
37.912279
0 -97.263186
37.912313
0 -97.244341
37.912366
0 -97.152476
37.912733
0 -97.152681
37.933648
0 -97.152531
37.93622
0 -97.15273
37.947648
0 -97.152558
37.948725
0 -97.152591
37.956509
0 -97.152582
37.95819
0 -97.152554
37.961603
0 -97.152602
37.966198
0 -97.152805
37.999989
0 -97.152807
38.000371
0 -97.152785
38.044044
0 -97.152913
38.087704
0 -97.15294
38.090828
0 -97.152979
38.095413
0 -97.153329
38.131335
0 -97.153093
38.174634
0 -97.179934
38.174644
0 -97.185605
38.175081
0 -97.188619
38.174717
0 -97.190914
38.174914
0 -97.226658
38.174868
0 -97.227052
38.174867
0 -97.245038
38.17485
0 -97.258664
38.17488
0 -97.263462
38.174895
0 -97.278963
38.174709
0 -97.290905
38.174523
0 -97.298579
38.174448
0 -97.300252
38.174499
0 -97.30062
38.174422
0 -97.307595
38.174345
0 -97.334012
38.174076
0 -97.37175
38.173673
0 -97.393093
38.17336
0 -97.395938
38.173618
0 -97.408542
38.173663
0 -97.443444
38.17377
0 -97.448096
38.173593
0 -97.454493
38.1738
0 -97.479817
38.173751
0 -97.482244
38.173889
0 -97.537523
38.173969
0 -97.592145
38.174163
0 -97.638368
38.174052
0 -97.64738
38.173969
0 -97.701841
38.173814
0 -97.701815
38.130285
0 -97.701721
38.086698
0 -97.702164
38.073582
0 