-83.288896
36.378789
0 -83.287495
36.375089
0 -83.283095
36.37149
0 -83.273295
36.37019
0 -83.272595
36.36639
0 -83.271217
36.363001
0 -83.26823
36.355641
0 -83.267194
36.35309
0 -83.264894
36.35119
0 -83.264498
36.344993
0 -83.264506
36.344752
0 -83.265218
36.334292
0 -83.265394
36.327991
0 -83.265635
36.327837
0 -83.273694
36.322691
0 -83.273389
36.31867
0 -83.272795
36.317585
0 -83.263793
36.305391
0 -83.263132
36.304125
0 -83.255292
36.289092
0 -83.250792
36.288292
0 -83.249431
36.287161
0 -83.244992
36.284692
0 -83.240792
36.282992
0 -83.237692
36.282792
0 -83.234191
36.281792
0 -83.233291
36.281892
0 -83.232291
36.282392
0 -83.231391
36.284792
0 -83.232107
36.287996
0 -83.235592
36.290292
0 -83.238692
36.290792
0 -83.240092
36.291892
0 -83.239892
36.293292
0 -83.237592
36.295192
0 -83.231792
36.296692
0 -83.228192
36.296492
0 -83.224391
36.295592
0 -83.218791
36.293492
0 -83.215591
36.293492
0 -83.213491
36.295892
0 -83.212991
36.297292
0 -83.212391
36.302292
0 -83.209991
36.305392
0 -83.205491
36.306392
0 -83.200291
36.306993
0 -83.198791
36.307993
0 -83.196591
36.310293
0 -83.196391
36.311292
0 -83.197191
36.314392
0 -83.198691
36.315992
0 -83.201691
36.318392
0 -83.202391
36.320192
0 -83.201591
36.321892
0 -83.199891
36.322492
0 -83.196691
36.322192
0 -83.192191
36.319892
0 -83.190091
36.318192
0 -83.18079
36.312093
0 -83.17879
36.311693
0 -83.17689
36.312093
0 -83.17499
36.313493
0 -83.17469
36.317493
0 -83.17679
36.320093
0 -83.17909
36.321393
0 -83.18039
36.323393
0 -83.181091
36.327792
0 -83.182091
36.331092
0 -83.182491
36.336192
0 -83.181191
36.335692
0 -83.180531
36.333972
0 -83.177649
36.329831
0 -83.179544
36.334435
0 -83.179876
36.338092
0 -83.178722
36.341184
0 -83.176166
36.341385
0 -83.174291
36.338892
0 -83.165491
36.342192
0 -83.16259
36.345292
0 -83.15429
36.342293
0 -83.15859
36.339493
0 -83.15739
36.337393
0 -83.15919
36.336194
0 -83.159889
36.332893
0 -83.152189
36.326393
0 -83.15089
36.325894
0 -83.148588
36.322993
0 -83.14549
36.323793
0 -83.144888
36.319093
0 -83.148688
36.321293
0 -83.15079
36.321193
0 -83.151789
36.320292
0 -83.151689
36.318192
0 -83.14579
36.307894
0 -83.144389
36.308794
0 -83.134458
36.296285
0 -83.127287
36.290393
0 -83.125804
36.290398
0 -83.121064
36.289152
0 -83.121459
36.284371
0 -83.119482
36.283613
0 -83.114147
36.284047
0 -83.109468
36.282398
0 -83.110318
36.277452
0 -83.107887
36.277688
0 -83.105933
36.276041
0 -83.105254
36.278069
0 -83.103533
36.278285
0 -83.103437
36.277005
0 -83.104669
36.276303
0 -83.101886
36.273394
0 -83.102086
36.270095
0 -83.098985
36.269795
0 -83.099285
36.266794
0 -83.102893
36.266023
0 -83.102586
36.261795
0 -83.100487
36.261995
0 -83.096286
36.257496
0 -83.094091
36.253474
0 -83.094685
36.250996
0 -83.092184
36.252496
0 -83.089557
36.250882
0 -83.088255
36.250083
0 -83.087712
36.249725
0 -83.083244
36.246782
0 -83.081726
36.244752
0 -83.08179
36.243216
0 -83.082312
36.242296
0 -83.079966
36.242478
0 -83.077173
36.24307
0 -83.075757
36.242591
0 -83.073679
36.241932
0 -83.069976
36.245959
0 -83.06654
36.248131
0 -83.064965
36.247441
0 -83.061674
36.247995
0 -83.061811
36.249845
0 -83.060984
36.250594
0 -83.061285
36.252294
0 -83.054284
36.255795
0 -83.047982
36.261595
0 -83.049282
36.265696
0 -83.047182
36.267096
0 -83.042484
36.267396
0 -83.040945
36.268221
0 -83.040475
36.26988
0 -83.03571
36.274131
0 -83.031705
36.276696
0 -83.028669
36.273299
0 -83.02395
36.274147
0 -83.023512
36.272737
0 -83.023597
36.271815
0 -83.022035
36.270635
0 -83.021483
36.269697
0 -83.014983
36.272797
0 -83.012683
36.274697
0 -83.003083
36.280997
0 -83.001683
36.282697
0 -82.999883
36.283047
0 -82.995783
36.285597
0 -82.991883
36.288397
0 -82.990883
36.289597
0 -82.987783
36.291597
0 -82.980383
36.298697
0 -82.976683
36.301697
0 -82.977738
36.302747
0 -82.976353
36.30519
0 -82.974134
36.305632
0 -82.971715
36.306496
0 -82.971943
36.309998
0 -82.969883
36.313797
0 -82.967583
36.316397
0 -82.965281
36.315397
0 -82.962383
36.315697
0 -82.957283
36.318797
0 -82.949083
36.326397
0 -82.946683
36.327997
0 -82.942283
36.331897
0 -82.937183
36.334797
0 -82.932988
36.333062
0 -82.93361
36.331302
0 -82.932982
36.330297
0 -82.931082
36.330797
0 -82.931182
36.332497
0 -82.929689
36.33332
0 -82.927882
36.333997
0 -82.926482
36.333297
0 -82.925382
36.331097
0 -82.924382
36.330697
0 -82.922282
36.331897
0 -82.920182
36.331097
0 -82.917682
36.329098
0 -82.916082
36.328598
0 -82.913082
36.330198
0 -82.911282
36.330498
0 -82.907982
36.332898
0 -82.907182
36.334798
0 -82.903882
36.338598
0 -82.902482
36.339198
0 -82.900182
36.341898
0 -82.898582
36.342698
0 -82.894626
36.346917
0 -82.890282
36.349698
0 -82.885082
36.353398
0 -82.883982
36.351798
0 -82.880382
36.353998
0 -82.878682
36.354098
0 -82.874282
36.353098
0 -82.871982
36.354498
0 -82.870182
36.356898
0 -82.866582
36.359098
0 -82.863882
36.358898
0 -82.861331
36.361131
0 -82.859782
36.364298
0 -82.858182
36.365098
0 -82.856782
36.363598
0 -82.856482
36.361498
0 -82.854581
36.360498
0 -82.850281
36.363298
0 -82.842881
36.369198
0 -82.840081
36.370598
0 -82.837081
36.367098
0 -82.834181
36.368698
0 -82.831881
36.367298
0 -82.830581
36.365599
0 -82.829081
36.365699
0 -82.827517
36.367163
0 -82.825581
36.368499
0 -82.820281
36.368099
0 -82.818581
36.366299
0 -82.817481
36.365999
0 -82.814981
36.363899
0 -82.813281
36.363399
0 -82.812781
36.364099
0 -82.809281
36.365599
0 -82.804881
36.368499
0 -82.801881
36.370099
0 -82.799081
36.372299
0 -82.79548
36.374199
0 -82.786884
36.381141
0 -82.783274
36.38575
0 -82.779718
36.388243
0 -82.77825
36.386003
0 -82.775586
36.384882
0 -82.77498
36.383899
0 -82.76708
36.381899
0 -82.76068
36.3838
0 -82.75858
36.3832
0 -82.75608
36.3834
0 -82.75148
36.3858
0 -82.74678
36.3894
0 -82.74468
36.3915
0 -82.740379
36.3945
0 -82.736579
36.3977
0 -82.734779
36.3988
0 -82.730079
36.4027
0 -82.726879
36.4045
0 -82.721894
36.403904
0 -82.719379
36.4036
0 -82.715579
36.4016
0 -82.713679
36.4036
0 -82.709678
36.4055
0 -82.708278
36.4073
0 -82.702566
36.410412
0 -82.698878
36.4127
0 -82.694378
36.4145
0 -82.688578
36.4177
0 -82.686578
36.4199
0 -82.683677
36.421
0 -82.680577
36.421
0 -82.679577
36.4219
0 -82.676177
36.4234
0 -82.677577
36.4274
0 -82.680178
36.4304
0 -82.680677
36.4318
0 -82.683671
36.431196
0 -82.68617
36.433687
0 -82.687368
36.434184
0 -82.688269
36.435783
0 -82.687367
36.436484
0 -82.687367
36.43989
0 -82.688769
36.440892
0 -82.689069
36.443898
0 -82.691073
36.443597
0 -82.694066
36.444593
0 -82.694771
36.446898
0 -82.696978
36.447898
0 -82.698079
36.452399
0 -82.702279
36.455799
0 -82.700679
36.456199
0 -82.695379
36.458699
0 -82.693479
36.460299
0 -82.692279
36.462099
0 -82.690479
36.463399
0 -82.687878
36.463999
0 -82.685178
36.465699
0 -82.681978
36.468299
0 -82.678278
36.470699
0 -82.672178
36.473599
0 -82.670578
36.473799
0 -82.665478
36.476099
0 -82.656077
36.481099
0 -82.653877
36.480899
0 -82.65231
36.482232
0 -82.650077
36.483099
0 -82.645977
36.4854
0 -82.643577
36.4862
0 -82.638877
36.4888
0 -82.634776
36.4918
0 -82.626776
36.4954
0 -82.626476
36.4965
0 -82.627782
36.498031
0 -82.630934
36.500489
0 -82.629076
36.5024
0 -82.628706
36.503686
0 -82.629881
36.50666
0 -82.631224
36.506447
0 -82.629148
36.50972
0 -82.628569
36.51239
0 -82.627676
36.513599
0 -82.624876
36.5151
0 -82.618076
36.516
0 -82.613462
36.518319
0 -82.610175
36.5193
0 -82.610779
36.527936
0 -82.611081
36.532158
0 -82.611284
36.534525
0 -82.611985
36.545532
0 -82.612263
36.548065
0 -82.61495
36.554195
0 -82.614989
36.554294
0 -82.615266
36.555001
0 -82.616331
36.557869
0 -82.612977
36.560757
0 -82.612426
36.562897
0 -82.612962
36.564391
0 -82.615707
36.567455
0 -82.616968
36.568778
0 -82.617702
36.57077
0 -82.617709
36.573022
0 -82.616576
36.579199
0 -82.615963
36.579771
0 -82.613576
36.579299
0 -82.612576
36.578399
0 -82.611616
36.575547
0 -82.610176
36.572699
0 -82.608774
36.571538
0 -82.60684
36.572449
0 -82.605076
36.574199
0 -82.601576
36.575199
0 -82.600004
36.576568
0 -82.600569
36.578819
0 -82.601479
36.579976
0 -82.602354
36.581062
0 -82.604185
36.584556
0 -82.606026
36.589394
0 -82.607145
36.591348
0 -82.609176
36.594099
0 -82.6092738296029
36.5940984451484
0 -82.609743327719
36.5940957823372
0 -82.6327125330041
36.5939655099114
0 -82.6476819055257
36.593880609435
0 -82.6508573607116
36.5938625994845
0 -82.6540512579729
36.5938444849377
0 -82.6540774589595
36.5938443363359
0 -82.679879
36.593698
0 -82.6881447837838
36.593698
0 -82.69578
36.593698
0 -82.699544998708
36.5936997615272
0 -82.8282784668806
36.5937599919602
0 -82.830433
36.593761
0 -82.834236
36.592582
0 -82.847087
36.587253
0 -82.849782
36.586436
0 -82.852815
36.58499
0 -82.855602
36.584184
0 -82.861881
36.581367
0 -82.863503
36.580936
0 -82.870279
36.578332
0 -82.874526
36.577129
0 -82.875325
36.576545
0 -82.884029
36.573171
0 -82.888261
36.570876
0 -82.891076
36.569926
0 -82.896553
36.567366
0 -82.900367
36.565315
0 -82.911408
36.560216
0 -82.913711
36.558882
0 -82.918874
36.557298
0 -82.919686
36.556544
0 -82.923037
36.555131
0 -82.925614
36.554431
0 -82.930381
36.552035
0 -82.935806
36.549659
0 -82.9366
36.549146
0 -82.94006
36.54795
0 -82.942691
36.546294
0 -82.949673
36.543252
0 -82.950519
36.543005
0 -82.960772
36.555155
0 -82.963981
36.553917
0 -82.970376
36.552192
0 -82.97432
36.548678
0 -82.980942
36.545862
0 -82.982668
36.545972
0 -82.98388
36.544489
0 -82.99016
36.561895
0 -82.995742
36.560306
0 -82.998308
36.559251
0 -83.000288
36.561891
0 -83.004589
36.563991
0 -83.010789
36.563691
0 -83.022989
36.555891
0 -83.027189
36.551191
0 -83.034088
36.548991
0 -83.040489
36.551891
0 -83.072929
36.536415
0 -83.103792
36.52169
0 -83.103394
36.519385
0 -83.105992
36.51739
0 -83.109593
36.51659
0 -83.112997
36.515082
0 -83.113393
36.51399
0 -83.115593
36.51359
0 -83.119393
36.51429
0 -83.120919
36.513912
0 -83.122382
36.512067
0 -83.124431
36.512174
0 -83.125529
36.511112
0 -83.125498
36.510198
0 -83.123376
36.507504
0 -83.125832
36.504869
0 -83.127464
36.502402
0 -83.134432
36.497301
0 -83.137323
36.495782
0 -83.140583
36.495033
0 -83.145114
36.492369
0 -83.144993
36.490145
0 -83.145683
36.489359
0 -83.149031
36.487899
0 -83.152853
36.485256
0 -83.153705
36.484169
0 -83.155894
36.48419
0 -83.156894
36.48299
0 -83.158
36.483477
0 -83.157296
36.481375
0 -83.158794
36.48029
0 -83.157794
36.47959
0 -83.163194
36.47789
0 -83.162694
36.47369
0 -83.167194
36.47129
0 -83.165094
36.46709
0 -83.163894
36.46679
0 -83.162193
36.46179
0 -83.163593
36.46159
0 -83.166094
36.45909
0 -83.168594
36.45999
0 -83.170194
36.45869
0 -83.178394
36.45559
0 -83.180373
36.455734
0 -83.178824
36.451234
0 -83.184094
36.45289
0 -83.187294
36.45269
0 -83.187794
36.45159
0 -83.190094
36.45149
0 -83.191994
36.45059
0 -83.193494
36.44869
0 -83.195594
36.44799
0 -83.199294
36.44789
0 -83.200094
36.44839
0 -83.203097
36.445857
0 -83.202151
36.44382
0 -83.204071
36.442803
0 -83.206937
36.441559
0 -83.202894
36.43499
0 -83.201796
36.43469
0 -83.200998
36.432392
0 -83.197494
36.43169
0 -83.195894
36.42859
0 -83.196194
36.42629
0 -83.193894
36.42429
0 -83.197023
36.423286
0 -83.20017
36.421466
0 -83.202199
36.42147
0 -83.208971
36.41654
0 -83.212806
36.414785
0 -83.213894
36.413889
0 -83.216194
36.41339
0 -83.222794
36.41019
0 -83.223894
36.41029
0 -83.227894
36.40929
0 -83.229295
36.40939
0 -83.234095
36.40789
0 -83.235495
36.40609
0 -83.239295
36.40579
0 -83.246095
36.40329
0 -83.250095
36.40219
0 -83.251295
36.40089
0 -83.254595
36.400689
0 -83.258795
36.399089
0 -83.261495
36.398589
0 -83.273096
36.395589
0 -83.274696
36.395489
0 -83.279196
36.394289
0 -83.280595
36.394689
0 -83.277596
36.390489
0 -83.277596
36.388389
0 -83.275996
36.386389
0 -83.274996
36.386489
0 -83.274095
36.384689
0 -83.279096
36.383089
0 -83.282496
36.382389
0 -83.288896
36.378789
0 