-85.2939021634333
33.4280793192012
0 -85.2815955010878
33.3640693388547
0 -85.2626626417576
33.2655948768441
0 -85.2521537013376
33.2109352907707
0 -85.2521437878869
33.2108837284737
0 -85.2365086541145
33.1295615488779
0 -85.117402
33.163654
0 -85.11754
33.178496
0 -85.107851
33.178458
0 -85.10798
33.195098
0 -85.097561
33.19509
0 -85.097578
33.186628
0 -85.087712
33.186588
0 -85.087685
33.17474
0 -85.088036
33.171701
0 -85.064533
33.178482
0 -85.063447
33.179856
0 -85.060537
33.181199
0 -85.059219
33.183152
0 -85.055826
33.183686
0 -85.053824
33.183202
0 -85.049451
33.181449
0 -85.047132
33.181295
0 -85.044655
33.181978
0 -85.041791
33.185367
0 -85.040768
33.188302
0 -84.990389
33.206215
0 -84.939015
33.224693
0 -84.948988
33.25123
0 -84.954578
33.265608
0 -84.94881
33.265653
0 -84.948815
33.282277
0 -84.956894
33.282353
0 -84.958583
33.282365
0 -84.958646
33.277053
0 -84.968201
33.302163
0 -84.995536
33.374688
0 -84.995773
33.375115
0 -85.015358
33.425506
0 -85.080699
33.426428
0 -85.099121
33.426631
0 -85.116129
33.426789
0 -85.197543
33.427225
0 -85.266313
33.427973
0 -85.270624
33.427981
0 -85.2939021634333
33.4280793192012
0 