-93.969035
33.740698
0 -93.969748
33.739859
0 -93.968833
33.737513
0 -93.967033
33.736344
0 -93.964328
33.737295
0 -93.963106
33.736126
0 -93.963068
33.734626
0 -93.964724
33.733038
0 -93.967909
33.731898
0 -93.969161
33.729675
0 -93.969431
33.728111
0 -93.96794
33.722861
0 -93.96537
33.719918
0 -93.96462
33.713951
0 -93.962956
33.712346
0 -93.961599
33.711943
0 -93.959472
33.712733
0 -93.958827
33.713951
0 -93.959038
33.717805
0 -93.957805
33.722434
0 -93.95971
33.726901
0 -93.95918
33.727901
0 -93.957438
33.72882
0 -93.955186
33.728804
0 -93.953742
33.728223
0 -93.952915
33.726578
0 -93.951367
33.721296
0 -93.952773
33.718466
0 -93.955978
33.714725
0 -93.955806
33.712435
0 -93.951592
33.709443
0 -93.951434
33.706902
0 -93.953103
33.705605
0 -93.95599
33.705057
0 -93.961263
33.707049
0 -93.964333
33.706621
0 -93.966739
33.704122
0 -93.966893
33.701494
0 -93.966354
33.700083
0 -93.961448
33.696365
0 -93.960849
33.695179
0 -93.961178
33.691893
0 -93.963614
33.687214
0 -93.963374
33.682955
0 -93.963648
33.682071
0 -93.967906
33.677367
0 -93.967873
33.675164
0 -93.966973
33.672308
0 -93.965637
33.669736
0 -93.963954
33.667981
0 -93.961675
33.66661
0 -93.959123
33.665819
0 -93.954625
33.662723
0 -93.951278
33.661715
0 -93.948419
33.661425
0 -93.946024
33.659437
0 -93.945465
33.657003
0 -93.94573
33.654362
0 -93.943964
33.649852
0 -93.942205
33.648247
0 -93.938964
33.647633
0 -93.937627
33.648367
0 -93.935087
33.651503
0 -93.932807
33.652663
0 -93.931056
33.654114
0 -93.930065
33.656198
0 -93.930208
33.657461
0 -93.932476
33.659864
0 -93.932235
33.662566
0 -93.929858
33.663605
0 -93.924385
33.663329
0 -93.92044
33.665384
0 -93.914924
33.664424
0 -93.913259
33.662942
0 -93.913711
33.661132
0 -93.915164
33.659455
0 -93.914954
33.658116
0 -93.909492
33.655638
0 -93.904995
33.652564
0 -93.90314
33.651031
0 -93.902151
33.648885
0 -93.902122
33.647328
0 -93.904601
33.642903
0 -93.911904
33.640188
0 -93.913223
33.636524
0 -93.915575
33.632895
0 -93.916691
33.630819
0 -93.916465
33.629604
0 -93.91535
33.628644
0 -93.911582
33.628135
0 -93.90886
33.630237
0 -93.906852
33.632802
0 -93.906584
33.635615
0 -93.905537
33.636501
0 -93.901074
33.638047
0 -93.89814
33.639344
0 -93.89562
33.639641
0 -93.892942
33.63898
0 -93.891228
33.637703
0 -93.888551
33.632715
0 -93.887534
33.630048
0 -93.885998
33.628111
0 -93.884499
33.627183
0 -93.881769
33.627205
0 -93.879816
33.628325
0 -93.877359
33.633379
0 -93.876002
33.634072
0 -93.873169
33.634109
0 -93.868136
33.632493
0 -93.863924
33.63041
0 -93.861117
33.627825
0 -93.860589
33.626534
0 -93.860625
33.623628
0 -93.861626
33.619795
0 -93.861024
33.618316
0 -93.859166
33.616506
0 -93.857071
33.615377
0 -93.852738
33.613823
0 -93.850681
33.614349
0 -93.847724
33.61794
0 -93.84429
33.618326
0 -93.841228
33.617512
0 -93.839836
33.616474
0 -93.837812
33.61325
0 -93.83507
33.608022
0 -93.833419
33.607032
0 -93.831821
33.606866
0 -93.825884
33.609853
0 -93.824206
33.612417
0 -93.821012
33.613918
0 -93.818946
33.613991
0 -93.817847
33.613229
0 -93.816689
33.611789
0 -93.814523
33.608358
0 -93.813265
33.60598
0 -93.812503
33.603351
0 -93.812452
33.598069
0 -93.814557
33.589895
0 -93.815274
33.588554
0 -93.819782
33.584026
0 -93.82143
33.582044
0 -93.823944
33.580116
0 -93.8268
33.57674
0 -93.828002
33.573432
0 -93.827443
33.569688
0 -93.826091
33.567952
0 -93.821568
33.565798
0 -93.81798
33.565069
0 -93.814202
33.56475
0 -93.810515
33.564744
0 -93.805646
33.565289
0 -93.800577
33.564678
0 -93.7963
33.562292
0 -93.795199
33.56048
0 -93.794931
33.556619
0 -93.796579
33.553597
0 -93.799085
33.551958
0 -93.806175
33.548
0 -93.807165
33.54685
0 -93.807889
33.543765
0 -93.806121
33.541838
0 -93.8046
33.541374
0 -93.799732
33.541794
0 -93.795726
33.543566
0 -93.792725
33.547109
0 -93.791524
33.549586
0 -93.790724
33.554015
0 -93.790124
33.555254
0 -93.788323
33.55614
0 -93.784919
33.555787
0 -93.783717
33.555079
0 -93.782517
33.55384
0 -93.781914
33.552247
0 -93.782515
33.548879
0 -93.783715
33.547286
0 -93.78812
33.54427
0 -93.794128
33.541077
0 -93.796069
33.538529
0 -93.795567
33.536105
0 -93.794514
33.535745
0 -93.789424
33.535646
0 -93.788143
33.53483
0 -93.785269
33.531317
0 -93.781015
33.527115
0 -93.778787
33.525986
0 -93.778757
33.524828
0 -93.780231
33.521929
0 -93.780413
33.520286
0 -93.779743
33.518099
0 -93.776281
33.513923
0 -93.774733
33.511673
0 -93.773914
33.509425
0 -93.773641
33.502975
0 -93.774051
33.500497
0 -93.772686
33.498513
0 -93.770352
33.498632
0 -93.762746
33.498519
0 -93.760928
33.498703
0 -93.758716
33.499702
0 -93.756968
33.501163
0 -93.7556
33.503252
0 -93.756511
33.506225
0 -93.758879
33.508162
0 -93.76133
33.509497
0 -93.763095
33.511648
0 -93.764488
33.514532
0 -93.763444
33.518858
0 -93.761587
33.521948
0 -93.759499
33.524214
0 -93.753202
33.529279
0 -93.74969
33.531758
0 -93.74661
33.533431
0 -93.744766
33.53331
0 -93.742782
33.531045
0 -93.74197
33.528058
0 -93.743015
33.52538
0 -93.745452
33.522187
0 -93.747831
33.519651
0 -93.751083
33.51785
0 -93.752756
33.5174
0 -93.753867
33.516391
0 -93.753347
33.51393
0 -93.751777
33.51161
0 -93.750181
33.510499
0 -93.74883
33.508672
0 -93.745851
33.505918
0 -93.74098
33.504266
0 -93.736641
33.501435
0 -93.733843
33.497248
0 -93.730532
33.492151
0 -93.727256
33.486424
0 -93.72675
33.485888
0 -93.725443
33.484257
0 -93.722929
33.482187
0 -93.722867
33.481963
0 -93.640173
33.479951
0 -93.635792
33.47986
0 -93.625175
33.479661
0 -93.62274
33.47937
0 -93.621166
33.479317
0 -93.604869
33.479151
0 -93.571069
33.478181
0 -93.535832
33.477414
0 -93.483097
33.476075
0 -93.482985
33.479871
0 -93.482328
33.503205
0 -93.481702
33.519922
0 -93.480471
33.559116
0 -93.480625
33.56334
0 -93.478736
33.606661
0 -93.477736
33.642505
0 -93.477736
33.642527
0 -93.47761
33.651239
0 -93.476685
33.665398
0 -93.476461
33.673013
0 -93.475807
33.69466
0 -93.475611
33.700513
0 -93.475347
33.716655
0 -93.475345
33.71679
0 -93.475101
33.724168
0 -93.474781
33.732058
0 -93.474756
33.733232
0 -93.47471
33.73858
0 -93.474152
33.738545
0 -93.473768
33.752898
0 -93.4735
33.756669
0 -93.473022
33.774469
0 -93.47278
33.782312
0 -93.471207
33.825224
0 -93.460897
33.824983
0 -93.460487
33.839437
0 -93.459426
33.872366
0 -93.459565
33.872861
0 -93.45799
33.911702
0 -93.456709
33.956837
0 -93.457873
33.958419
0 -93.456255
33.960184
0 -93.457214
33.961412
0 -93.460574
33.963238
0 -93.460854
33.962082
0 -93.459505
33.960545
0 -93.460058
33.959879
0 -93.46218
33.960159
0 -93.46358
33.959029
0 -93.465492
33.958631
0 -93.467062
33.960097
0 -93.466277
33.963629
0 -93.468979
33.96381
0 -93.472457
33.960574
0 -93.474067
33.960861
0 -93.475259
33.962209
0 -93.47719
33.961733
0 -93.476867
33.958872
0 -93.478878
33.957851
0 -93.478444
33.956101
0 -93.476817
33.956469
0 -93.475278
33.953096
0 -93.476211
33.951648
0 -93.478854
33.953513
0 -93.479353
33.955461
0 -93.482364
33.955535
0 -93.484303
33.957182
0 -93.48523
33.956769
0 -93.485479
33.954699
0 -93.488135
33.954782
0 -93.489369
33.956287
0 -93.491263
33.95603
0 -93.493216
33.954533
0 -93.494985
33.954018
0 -93.498028
33.953857
0 -93.498181
33.952629
0 -93.496867
33.951441
0 -93.494699
33.950437
0 -93.493874
33.948391
0 -93.497275
33.947545
0 -93.498704
33.948873
0 -93.501047
33.948644
0 -93.500629
33.947276
0 -93.499127
33.946695
0 -93.49887
33.945827
0 -93.500132
33.945516
0 -93.502872
33.946652
0 -93.504914
33.946967
0 -93.507256
33.946136
0 -93.509694
33.946072
0 -93.511105
33.946628
0 -93.512286
33.945965
0 -93.517466
33.944284
0 -93.518712
33.94418
0 -93.523215
33.944818
0 -93.528263
33.943023
0 -93.529101
33.943659
0 -93.528428
33.946021
0 -93.528389
33.948485
0 -93.52942
33.950426
0 -93.531022
33.952109
0 -93.530467
33.953597
0 -93.530932
33.954579
0 -93.532572
33.954942
0 -93.536455
33.954041
0 -93.53809
33.951407
0 -93.540853
33.951496
0 -93.54287
33.950626
0 -93.546549
33.951403
0 -93.547536
33.952528
0 -93.551323
33.953946
0 -93.552652
33.955607
0 -93.553842
33.956072
0 -93.557263
33.955957
0 -93.560887
33.956963
0 -93.562022
33.958031
0 -93.566124
33.958083
0 -93.568407
33.957148
0 -93.568512
33.958539
0 -93.567147
33.959491
0 -93.567365
33.960222
0 -93.569285
33.961145
0 -93.571587
33.959562
0 -93.572636
33.961096
0 -93.57515
33.96032
0 -93.574384
33.958764
0 -93.576469
33.959341
0 -93.576891
33.95784
0 -93.576429
33.956653
0 -93.578811
33.956609
0 -93.578719
33.958302
0 -93.581286
33.959275
0 -93.583575
33.95906
0 -93.587177
33.959813
0 -93.586703
33.961517
0 -93.587284
33.962935
0 -93.589336
33.96421
0 -93.590735
33.964507
0 -93.592127
33.963501
0 -93.592324
33.961747
0 -93.592978
33.963061
0 -93.595934
33.963164
0 -93.597175
33.963796
0 -93.59854
33.962328
0 -93.599985
33.962767
0 -93.599873
33.964455
0 -93.601602
33.964851
0 -93.602755
33.96176
0 -93.604405
33.96264
0 -93.605066
33.96447
0 -93.60616
33.962227
0 -93.607446
33.961495
0 -93.60918
33.959378
0 -93.613594
33.959387
0 -93.614513
33.960035
0 -93.61591
33.959155
0 -93.61746
33.959627
0 -93.61733
33.961211
0 -93.618533
33.96447
0 -93.620737
33.965475
0 -93.622122
33.96476
0 -93.625729
33.96979
0 -93.627933
33.968741
0 -93.627334
33.967812
0 -93.628911
33.967373
0 -93.6299
33.96794
0 -93.630045
33.968759
0 -93.62854
33.969825
0 -93.628974
33.971683
0 -93.627423
33.972496
0 -93.627989
33.973865
0 -93.629481
33.973212
0 -93.632081
33.97379
0 -93.633685
33.97295
0 -93.635545
33.973039
0 -93.636996
33.97449
0 -93.637789
33.973837
0 -93.640626
33.974272
0 -93.640578
33.977169
0 -93.642036
33.977489
0 -93.644762
33.976781
0 -93.646279
33.978112
0 -93.644615
33.979881
0 -93.6454
33.981888
0 -93.64658
33.982878
0 -93.648131
33.982967
0 -93.649604
33.981312
0 -93.65419
33.982259
0 -93.657833
33.9822
0 -93.660585
33.981491
0 -93.664624
33.981701
0 -93.666425
33.982581
0 -93.667567
33.981998
0 -93.668266
33.982752
0 -93.669626
33.982262
0 -93.673625
33.983407
0 -93.678574
33.983176
0 -93.682369
33.983539
0 -93.682521
33.984606
0 -93.684237
33.98449
0 -93.685761
33.985573
0 -93.686381
33.987465
0 -93.688262
33.988328
0 -93.690684
33.988377
0 -93.69244
33.989895
0 -93.694909
33.990878
0 -93.695661
33.992423
0 -93.697912
33.994182
0 -93.69982
33.995045
0 -93.703384
33.99471
0 -93.704862
33.995375
0 -93.706063
33.994319
0 -93.708176
33.995006
0 -93.714347
33.994939
0 -93.715714
33.996131
0 -93.717788
33.996632
0 -93.720499
33.9974
0 -93.721872
33.996542
0 -93.723476
33.997757
0 -93.724849
33.997789
0 -93.726961
34.000133
0 -93.72945
34.001754
0 -93.73217
34.002324
0 -93.737879
34.002003
0 -93.738909
34.00114
0 -93.742989
34.002122
0 -93.744533
34.002133
0 -93.749375
34.006743
0 -93.752892
34.006868
0 -93.76843
34.007424
0 -93.769998
34.007427
0 -93.772785
34.0075
0 -93.79562
34.008142
0 -93.823076
34.008893
0 -93.823228
34.001603
0 -93.823391
34.000104
0 -93.824235
33.972468
0 -93.824722
33.950887
0 -93.824724
33.950835
0 -93.824727
33.950787
0 -93.825384
33.937695
0 -93.825136
33.936238
0 -93.82529
33.929677
0 -93.825327
33.928838
0 -93.826038
33.916357
0 -93.826203
33.907393
0 -93.826534
33.892942
0 -93.82699
33.877338
0 -93.826899
33.875115
0 -93.827247
33.863583
0 -93.82857
33.834417
0 -93.830165
33.791347
0 -93.831557
33.750119
0 -93.831452
33.747709
0 -93.866727
33.748509
0 -93.875195
33.748809
0 -93.957315
33.75094
0 -93.957039
33.748592
0 -93.954786
33.748608
0 -93.954748
33.746117
0 -93.95573
33.74523
0 -93.955221
33.742085
0 -93.954066
33.741964
0 -93.952806
33.738924
0 -93.955982
33.739037
0 -93.957696
33.736457
0 -93.958515
33.734336
0 -93.959545
33.735183
0 -93.959534
33.739287
0 -93.961402
33.738255
0 -93.9648
33.740924
0 -93.967678
33.741585
0 -93.969035
33.740698
0 