-100.54128
35.750043
0 -100.541018
35.748728
0 -100.541018
35.747391
0 -100.541012
35.698096
0 -100.540871
35.693744
0 -100.540559
35.678291
0 -100.540132
35.649
0 -100.540195
35.648313
0 -100.540088
35.621176
0 -100.540158
35.619296
0 -100.520366
35.61933
0 -100.504565
35.619408
0 -100.500409
35.619652
0 -100.495452
35.619584
0 -100.494863
35.619447
0 -100.381541
35.619581
0 -100.379534
35.619409
0 -100.000392
35.619115
0 -100.000392093753
35.6249619999825
0 -100.000394036975
35.7461530002767
0 -100.000396198329
35.8809479999968
0 -100.000398790976
36.0426410036671
0 -100.000399
36.055677
0 -100.122254
36.055444
0 -100.177822
36.055538
0 -100.366943
36.055673
0 -100.375415
36.055971
0 -100.403542
36.056095
0 -100.461853
36.056303
0 -100.493572
36.05646
0 -100.500412
36.056247
0 -100.540221
36.056491
0 -100.54128
35.750043
0 