-86.695071
39.92277
0 -86.695127
39.864845
0 -86.686843
39.864842
0 -86.686653
39.827315
0 -86.686812
39.819676
0 -86.686814
39.776111
0 -86.686822
39.760819
0 -86.687076
39.717245
0 -86.687176
39.688141
0 -86.687252
39.674012
0 -86.687308
39.659509
0 -86.687406
39.630437
0 -86.66192
39.630265
0 -86.641745
39.63004
0 -86.644985
39.627509
0 -86.64402
39.625987
0 -86.644164
39.624337
0 -86.643286
39.622412
0 -86.643638
39.620061
0 -86.642848
39.618649
0 -86.643499
39.617371
0 -86.646066
39.614658
0 -86.647788
39.614473
0 -86.64797
39.612398
0 -86.647344
39.610546
0 -86.648132
39.609817
0 -86.650002
39.611116
0 -86.652074
39.609902
0 -86.65387
39.607932
0 -86.654226
39.60628
0 -86.655348
39.604772
0 -86.655226
39.603597
0 -86.65665
39.601395
0 -86.650976
39.601136
0 -86.559847
39.600862
0 -86.517414
39.60075
0 -86.468214
39.600762
0 -86.465605
39.600769
0 -86.465931
39.630032
0 -86.437058
39.630294
0 -86.417894
39.630457
0 -86.394041
39.63068
0 -86.385563
39.630681
0 -86.375527
39.630787
0 -86.375116
39.630797
0 -86.365203
39.63099
0 -86.359576
39.631486
0 -86.3479
39.631675
0 -86.347315
39.631662
0 -86.335904
39.631985
0 -86.326341
39.632177
0 -86.326584
39.671795
0 -86.326573
39.682512
0 -86.326545
39.687463
0 -86.326324
39.694428
0 -86.326463
39.703245
0 -86.326537
39.712754
0 -86.326591
39.719486
0 -86.326591
39.728776
0 -86.3265
39.729442
0 -86.326542
39.734384
0 -86.326551
39.735373
0 -86.326563
39.736468
0 -86.326676
39.75077
0 -86.326703
39.756317
0 -86.326743
39.759804
0 -86.326786
39.763774
0 -86.326803
39.765113
0 -86.326852
39.769261
0 -86.326916
39.77781
0 -86.326637
39.778645
0 -86.326408
39.779279
0 -86.32664
39.793307
0 -86.326805
39.800646
0 -86.32681
39.800801
0 -86.327005
39.808008
0 -86.327149
39.815576
0 -86.327184
39.817662
0 -86.327227
39.81971
0 -86.327291
39.822492
0 -86.327865
39.851956
0 -86.328012
39.859269
0 -86.328121
39.866125
0 -86.325373
39.866176
0 -86.325996
39.874049
0 -86.326051
39.882051
0 -86.326102
39.902585
0 -86.326386
39.920901
0 -86.326293
39.924029
0 -86.329603
39.924169
0 -86.3402
39.92411
0 -86.351833
39.924069
0 -86.355262
39.924041
0 -86.39771
39.923772
0 -86.429053
39.923658
0 -86.43087
39.92349
0 -86.44985
39.923297
0 -86.46867
39.92278
0 -86.506028
39.922912
0 -86.534309
39.922822
0 -86.54371
39.922792
0 -86.576157
39.922692
0 -86.581584
39.92282
0 -86.587706
39.922734
0 -86.59588
39.9227
0 -86.616543
39.922686
0 -86.61869
39.9227
0 -86.619427
39.922647
0 -86.621092
39.922767
0 -86.628127
39.922778
0 -86.632916
39.9228
0 -86.634287
39.9228
0 -86.638716
39.922808
0 -86.65723
39.92309
0 -86.695071
39.92277
0 