-82.684214
28.46514
0 -82.6832
28.458308
0 -82.680396
28.457194
0 -82.676192818469
28.4560145246199
0 -82.67272
28.45504
0 -82.671056
28.44898
0 -82.674787
28.441956
0 -82.677839
28.434367
0 -82.678742838493
28.4334559859077
0 -82.674011
28.433539
0 -82.657179
28.433625
0 -82.654137
28.433651
0 -82.63986
28.433844
0 -82.633599
28.433854
0 -82.627337
28.43385
0 -82.617183
28.433843
0 -82.612943
28.43386
0 -82.602149
28.433904
0 -82.600636
28.43391
0 -82.58255
28.433869
0 -82.568104
28.43385
0 -82.566733
28.433848
0 -82.551281
28.433848
0 -82.546129
28.433819
0 -82.527948
28.433741
0 -82.508465
28.433708
0 -82.485112
28.433697
0 -82.484968
28.433698
0 -82.469355
28.433767
0 -82.461889
28.433776
0 -82.459181
28.433687
0 -82.452909
28.433751
0 -82.370756
28.434058
0 -82.320301
28.434847
0 -82.319425
28.434965
0 -82.302823
28.434897
0 -82.281206
28.43479
0 -82.253439
28.434824
0 -82.25331
28.456782
0 -82.253293
28.478491
0 -82.251725
28.478801
0 -82.204562
28.478576
0 -82.195978
28.478522
0 -82.178276
28.478496
0 -82.155158
28.478428
0 -82.152775
28.478426
0 -82.054694
28.478397
0 -82.054469
28.521367
0 -82.058382
28.525388
0 -82.061671
28.527215
0 -82.065178
28.530015
0 -82.067783
28.531435
0 -82.070343
28.531919
0 -82.072517
28.531478
0 -82.076149
28.529811
0 -82.078548
28.529183
0 -82.080565
28.528081
0 -82.083594
28.528181
0 -82.085824
28.527053
0 -82.086876
28.524615
0 -82.091921
28.52325
0 -82.09498
28.523618
0 -82.096614
28.524738
0 -82.098464
28.528888
0 -82.100153
28.530824
0 -82.103244
28.532952
0 -82.104665
28.53469
0 -82.107185
28.540896
0 -82.109423
28.543838
0 -82.11219
28.544063
0 -82.115061
28.542543
0 -82.116873
28.540694
0 -82.119073
28.540726
0 -82.124707
28.543353
0 -82.126296
28.544588
0 -82.128639
28.544941
0 -82.129797
28.54629
0 -82.130688
28.546384
0 -82.131509
28.548244
0 -82.131987
28.551319
0 -82.135331
28.556311
0 -82.135056
28.557829
0 -82.135772
28.558869
0 -82.135479
28.560239
0 -82.136419
28.562181
0 -82.138169
28.564047
0 -82.137489
28.565059
0 -82.138025
28.565516
0 -82.143615
28.565919
0 -82.145135
28.567791
0 -82.150362
28.571258
0 -82.15174
28.570554
0 -82.153266
28.572007
0 -82.155316
28.572738
0 -82.156164
28.57335
0 -82.158178
28.571518
0 -82.157486
28.570148
0 -82.159462
28.569505
0 -82.162391
28.567965
0 -82.165153
28.564109
0 -82.166368
28.563707
0 -82.167633
28.565082
0 -82.168206
28.566997
0 -82.170512
28.566067
0 -82.172942
28.566068
0 -82.172786
28.567031
0 -82.175996
28.567527
0 -82.180595
28.568919
0 -82.18143
28.568037
0 -82.183169
28.568197
0 -82.184845
28.570267
0 -82.186603
28.568582
0 -82.188048
28.569463
0 -82.187257
28.57004
0 -82.186958
28.572417
0 -82.187749
28.573137
0 -82.18985
28.573501
0 -82.190417
28.572929
0 -82.191994
28.574822
0 -82.192561
28.573907
0 -82.193633
28.57487
0 -82.196612
28.575684
0 -82.198432
28.574188
0 -82.198893
28.573022
0 -82.20195
28.572226
0 -82.208184
28.572054
0 -82.209703
28.572775
0 -82.213724
28.575363
0 -82.215298
28.576908
0 -82.217253
28.580305
0 -82.219284
28.582654
0 -82.220568
28.586099
0 -82.220351
28.587079
0 -82.221472
28.59055
0 -82.222302
28.591778
0 -82.22165
28.593239
0 -82.224057
28.595446
0 -82.224929
28.596945
0 -82.227559
28.598432
0 -82.228651
28.60074
0 -82.232747
28.600265
0 -82.233365
28.601068
0 -82.232786
28.602849
0 -82.234562
28.605619
0 -82.234203
28.608662
0 -82.236659
28.610352
0 -82.238188
28.612525
0 -82.239786
28.613404
0 -82.241931
28.612998
0 -82.241564
28.614602
0 -82.243322
28.615989
0 -82.242455
28.618348
0 -82.242902
28.619165
0 -82.246338
28.620057
0 -82.247356
28.622528
0 -82.2472
28.623784
0 -82.245803
28.624695
0 -82.246069
28.626919
0 -82.247058
28.627182
0 -82.248124
28.629502
0 -82.250455
28.630099
0 -82.251657
28.629242
0 -82.25324
28.62962
0 -82.255451
28.632695
0 -82.258375
28.633478
0 -82.260155
28.635044
0 -82.260697
28.636738
0 -82.259622
28.639647
0 -82.259927
28.641531
0 -82.259636
28.642605
0 -82.257508
28.644591
0 -82.25675
28.645646
0 -82.256811
28.64883
0 -82.258459
28.648676
0 -82.258511
28.64755
0 -82.260858
28.64698
0 -82.264145
28.648071
0 -82.267007
28.648131
0 -82.2705
28.650163
0 -82.273605
28.653797
0 -82.274823
28.656198
0 -82.274621
28.658911
0 -82.274006
28.660683
0 -82.271218
28.661378
0 -82.267688
28.660107
0 -82.266537
28.660712
0 -82.267771
28.662809
0 -82.263052
28.667634
0 -82.268422
28.666915
0 -82.27429
28.666919
0 -82.277208
28.66693
0 -82.32269
28.666853
0 -82.359878
28.665954
0 -82.417785
28.665898
0 -82.418049
28.669539
0 -82.418353
28.694859
0 -82.451416
28.694813
0 -82.507397
28.694671
0 -82.552576
28.694635
0 -82.673656
28.69431
0 -82.6746110621081
28.6942660554245
0 -82.674568
28.693917
0 -82.667253
28.691741
0 -82.666303
28.688822
0 -82.669335
28.685401
0 -82.668034
28.683285
0 -82.660123
28.682567
0 -82.655132
28.680482
0 -82.655132
28.674852
0 -82.658459
28.670681
0 -82.662024
28.667345
0 -82.669393
28.669221
0 -82.66963
28.666093
0 -82.667966
28.663174
0 -82.671294
28.661297
0 -82.675294
28.661035
0 -82.677711
28.654831
0 -82.672482
28.651285
0 -82.667966
28.647531
0 -82.669155
28.643985
0 -82.67272
28.642525
0 -82.674146
28.640439
0 -82.674303471136
28.6390568760598
0 -82.674859
28.634181
0 -82.671815
28.627604
0 -82.6691364248147
28.6269189854279
0 -82.667197
28.626423
0 -82.666505250227
28.6231316888007
0 -82.666065
28.621037
0 -82.6651408980963
28.620378003323
0 -82.662262
28.618325
0 -82.664055
28.606584
0 -82.6641290476832
28.603929152791
0 -82.664164
28.602676
0 -82.65993
28.600034
0 -82.656796
28.593702
0 -82.655132
28.589528
0 -82.6542387248103
28.5890922203551
0 -82.650854
28.587441
0 -82.649427
28.582641
0 -82.652755
28.576797
0 -82.653171976244
28.5766321917622
0 -82.6549324617738
28.5759363667074
0 -82.6562352802523
28.5754214327737
0 -82.657509
28.574918
0 -82.6570733591673
28.5683786419664
0 -82.657057490879
28.568140444785
0 -82.65705
28.568028
0 -82.654181
28.562394
0 -82.651091
28.556966
0 -82.65228
28.552165
0 -82.656796
28.554044
0 -82.66165
28.554143
0 -82.663128
28.550769
0 -82.6622658277084
28.5499710149213
0 -82.656694
28.544814
0 -82.6566912631662
28.5448090974615
0 -82.652755
28.537758
0 -82.654894
28.532747
0 -82.6593026182034
28.5314690961421
0 -82.663705
28.530193
0 -82.66804
28.528199
0 -82.669416
28.519879
0 -82.669747
28.511226
0 -82.668917
28.507686
0 -82.678187
28.499332
0 -82.670146
28.500769
0 -82.6667568884072
28.4976659236508
0 -82.66639
28.49733
0 -82.6673383822427
28.4960430974633
0 -82.6679513858787
28.4952112852481
0 -82.668917
28.493901
0 -82.6682338427499
28.4923995633924
0 -82.6680565798286
28.4920099766039
0 -82.667016
28.489723
0 -82.66447
28.488788
0 -82.665055
28.484434
0 -82.669603
28.47887
0 -82.668439
28.475376
0 -82.670502
28.469853
0 -82.6725544551267
28.4693419269613
0 -82.676285
28.468413
0 -82.6770659928785
28.4680906151228
0 -82.6780053056377
28.4677028776198
0 -82.684214
28.46514
0 