-89.201047
36.725772
0 -89.200732
36.720141
0 -89.19948
36.716045
0 -89.19604
36.712017
0 -89.184356
36.701238
0 -89.174836
36.69396
0 -89.169522
36.688878
0 -89.168016
36.685514
0 -89.167961
36.678189
0 -89.169467
36.674596
0 -89.171882
36.672526
0 -89.168723
36.671892
0 -89.15908
36.666352
0 -89.164601
36.660132
0 -89.1655050366397
36.6592657652868
0 -89.1746818752528
36.6504726524698
0 -89.147098
36.649117
0 -89.122553
36.637603
0 -89.105304
36.629525
0 -89.047891
36.602527
0 -89.047542
36.601487
0 -89.044463
36.600652
0 -89.044332
36.598266
0 -89.041399
36.599389
0 -89.03941
36.597435
0 -89.037403
36.596582
0 -89.035704
36.597224
0 -89.033675
36.595665
0 -89.03078
36.596035
0 -89.029115
36.593787
0 -89.028274
36.594951
0 -89.027079
36.594347
0 -89.026708
36.592124
0 -88.940873
36.591514
0 -88.938508
36.587791
0 -88.937008
36.585968
0 -88.931606
36.582128
0 -88.928739
36.579783
0 -88.928042
36.578769
0 -88.921794
36.576349
0 -88.913104
36.576099
0 -88.903877
36.576975
0 -88.873974
36.545152
0 -88.861633
36.531823
0 -88.855897
36.525628
0 -88.843545
36.512286
0 -88.834865800811
36.5029112012574
0 -88.834626
36.502914
0 -88.8273011555617
36.5028524305169
0 -88.827012
36.50285
0 -88.8167651860365
36.5028152435007
0 -88.816993
36.561751
0 -88.816962
36.575012
0 -88.816921
36.588389
0 -88.816989
36.636522
0 -88.816857
36.654961
0 -88.816287
36.682894
0 -88.816758
36.696278
0 -88.81913
36.744751
0 -88.819595
36.755906
0 -88.817236
36.767754
0 -88.813229
36.773115
0 -88.977003
36.771826
0 -89.002277
36.771562
0 -89.006992
36.771647
0 -89.067265
36.772763
0 -89.063674
36.782155
0 -89.061815
36.787018
0 -89.104158
36.797285
0 -89.103864
36.796227
0 -89.109036
36.793611
0 -89.116879
36.79061
0 -89.1234809771075
36.7852576789117
0 -89.120437
36.782071
0 -89.116847
36.775607
0 -89.116067
36.772423
0 -89.116563
36.767557
0 -89.119198
36.759802
0 -89.12243
36.754844
0 -89.126134
36.751735
0 -89.130399
36.751702
0 -89.135518
36.751956
0 -89.142313
36.755369
0 -89.151756
36.756264
0 -89.15699
36.755968
0 -89.166888
36.759633
0 -89.169106
36.759473
0 -89.1748307635801
36.7576407904855
0 -89.1749561616581
36.7576006568541
0 -89.179545
36.756132
0 -89.184523
36.753638
0 -89.191553
36.747217
0 -89.197808
36.739412
0 -89.199798
36.734217
0 -89.201047
36.725772
0 