-81.563704
27.35799
0 -81.564013
27.348648
0 -81.563696
27.34068
0 -81.563706
27.325876
0 -81.562716
27.215874
0 -81.56313
27.20965
0 -81.56241
27.070712
0 -81.562657
27.070053
0 -81.562254
27.063527
0 -81.562519
27.055901
0 -81.562247
27.052294
0 -81.562206
27.038268
0 -81.562503
27.037436
0 -81.562219
27.036287
0 -81.562202
27.033836
0 -81.548906
27.033777
0 -81.545748
27.033306
0 -81.342661
27.032319
0 -81.342552
27.035153
0 -81.341801
27.039726
0 -81.33301
27.039621
0 -81.33301
27.032367
0 -81.267152
27.032461
0 -81.267289
27.067329
0 -81.267677
27.121097
0 -81.230228
27.121198
0 -81.168281
27.121734
0 -81.168314
27.132471
0 -81.16842
27.13342
0 -81.168866
27.161082
0 -81.169138
27.209585
0 -81.148543
27.209768
0 -81.105354
27.210175
0 -81.100016
27.20992
0 -81.09418
27.210225
0 -81.08296
27.210064
0 -81.079692
27.210296
0 -80.971474
27.210696
0 -80.967852
27.210883
0 -80.965091
27.210726
0 -80.960064
27.210881
0 -80.943186
27.210599
0 -80.941933
27.211403
0 -80.94321
27.212386
0 -80.943684
27.2138
0 -80.944678
27.214226
0 -80.94606
27.217247
0 -80.949392
27.219866
0 -80.948255
27.222338
0 -80.950257
27.222314
0 -80.951346
27.221081
0 -80.952557
27.221579
0 -80.951084
27.223864
0 -80.951656
27.224825
0 -80.954079
27.222942
0 -80.955867
27.222904
0 -80.95719
27.219347
0 -80.960884
27.219002
0 -80.961169
27.218316
0 -80.963649
27.21817
0 -80.963574
27.216485
0 -80.960716
27.216156
0 -80.961258
27.21526
0 -80.964579
27.215915
0 -80.967194
27.217005
0 -80.970242
27.21737
0 -80.972132
27.218874
0 -80.976002
27.225143
0 -80.979434
27.228346
0 -80.981778
27.231552
0 -80.982847
27.231881
0 -80.984126
27.230883
0 -80.985279
27.231644
0 -80.984838
27.232934
0 -80.983078
27.233433
0 -80.98255
27.23566
0 -80.981653
27.237302
0 -80.982539
27.238892
0 -80.982692
27.240717
0 -80.983481
27.242087
0 -80.981692
27.241344
0 -80.981337
27.242113
0 -80.982922
27.24507
0 -80.980731
27.244243
0 -80.980593
27.245781
0 -80.98198
27.246951
0 -80.984006
27.246813
0 -80.98629
27.24863
0 -80.991115
27.249968
0 -80.993216
27.251199
0 -80.993148
27.252347
0 -80.99408
27.253605
0 -80.992742
27.254348
0 -80.99578
27.257237
0 -80.996807
27.257153
0 -80.997065
27.260402
0 -80.997863
27.259301
0 -80.997377
27.261901
0 -80.998672
27.263942
0 -80.997174
27.264224
0 -80.998871
27.268153
0 -80.999786
27.267329
0 -81.000733
27.267764
0 -80.999677
27.270671
0 -80.998393
27.271594
0 -80.998703
27.27413
0 -80.997848
27.275732
0 -80.999316
27.275872
0 -80.998083
27.277217
0 -80.997691
27.278613
0 -80.998769
27.278002
0 -80.998691
27.281189
0 -80.996948
27.281303
0 -80.997719
27.283982
0 -80.998539
27.284124
0 -80.998167
27.285554
0 -80.996967
27.286356
0 -80.997366
27.290046
0 -80.998491
27.291196
0 -80.997122
27.293757
0 -80.994402
27.296415
0 -80.994624
27.297351
0 -80.996397
27.29696
0 -80.997768
27.295148
0 -80.999867
27.296037
0 -81.00003
27.297963
0 -81.003075
27.298379
0 -81.004097
27.299943
0 -81.004102
27.302012
0 -81.005034
27.302725
0 -81.007284
27.302625
0 -81.007276
27.301225
0 -81.009917
27.300878
0 -81.010584
27.30011
0 -81.011727
27.301255
0 -81.013397
27.299492
0 -81.011244
27.299947
0 -81.012912
27.299031
0 -81.012621
27.297539
0 -81.013306
27.297313
0 -81.014193
27.29924
0 -81.01621
27.30177
0 -81.015781
27.300311
0 -81.016815
27.299958
0 -81.019974
27.302997
0 -81.020885
27.302674
0 -81.020702
27.30072
0 -81.021463
27.300366
0 -81.02243
27.301419
0 -81.024673
27.301807
0 -81.026051
27.302736
0 -81.02879
27.305794
0 -81.029267
27.308634
0 -81.028072
27.308983
0 -81.028187
27.307416
0 -81.026732
27.307852
0 -81.026625
27.308879
0 -81.027094
27.310225
0 -81.026985
27.313275
0 -81.027916
27.313991
0 -81.02853
27.311871
0 -81.030347
27.316011
0 -81.030415
27.318232
0 -81.032172
27.318529
0 -81.032962
27.319698
0 -81.032331
27.322546
0 -81.030657
27.32113
0 -81.029665
27.32228
0 -81.029787
27.323937
0 -81.033539
27.326793
0 -81.034822
27.326941
0 -81.035381
27.327939
0 -81.037559
27.328254
0 -81.038362
27.329994
0 -81.039037
27.328357
0 -81.040175
27.330549
0 -81.042218
27.32823
0 -81.043573
27.328663
0 -81.044109
27.329673
0 -81.044005
27.332202
0 -81.045374
27.336399
0 -81.046118
27.337547
0 -81.045695
27.339222
0 -81.046389
27.341026
0 -81.041837
27.343627
0 -81.041559
27.344803
0 -81.042422
27.346103
0 -81.042067
27.347631
0 -81.040108
27.347058
0 -81.036071
27.348212
0 -81.035177
27.350394
0 -81.034125
27.350085
0 -81.033308
27.348809
0 -81.033859
27.347612
0 -81.036367
27.346587
0 -81.036238
27.345684
0 -81.033977
27.345659
0 -81.030795
27.351261
0 -81.031574
27.353638
0 -81.034338
27.354014
0 -81.035158
27.355098
0 -81.033352
27.355824
0 -81.033524
27.357013
0 -81.035114
27.357828
0 -81.034393
27.359
0 -81.039107
27.360056
0 -81.040053
27.359619
0 -81.039705
27.361225
0 -81.040521
27.362547
0 -81.043516
27.363243
0 -81.049422
27.362618
0 -81.051145
27.363018
0 -81.05124
27.36476
0 -81.052774
27.365137
0 -81.051189
27.365995
0 -81.051682
27.367563
0 -81.049908
27.369802
0 -81.052884
27.372292
0 -81.055356
27.3724
0 -81.055944
27.373288
0 -81.058173
27.37313
0 -81.059493
27.374539
0 -81.060928
27.37374
0 -81.061384
27.376419
0 -81.063569
27.37937
0 -81.063323
27.380329
0 -81.065706
27.380323
0 -81.068402
27.382346
0 -81.07049
27.382177
0 -81.072438
27.383391
0 -81.073393
27.382678
0 -81.076934
27.383966
0 -81.078188
27.383352
0 -81.07965
27.384327
0 -81.081163
27.38339
0 -81.080537
27.385151
0 -81.081471
27.385884
0 -81.08322
27.384798
0 -81.084271
27.383193
0 -81.083793
27.382229
0 -81.085004
27.381778
0 -81.086096
27.382556
0 -81.087226
27.381958
0 -81.086741
27.380291
0 -81.090651
27.381242
0 -81.092196
27.380952
0 -81.093483
27.381659
0 -81.095212
27.381086
0 -81.098159
27.37916
0 -81.100064
27.380486
0 -81.100028
27.381198
0 -81.101919
27.383331
0 -81.105825
27.383077
0 -81.109819
27.384326
0 -81.113462
27.384813
0 -81.113892
27.385938
0 -81.115372
27.386704
0 -81.115053
27.387528
0 -81.116808
27.387897
0 -81.11737
27.389157
0 -81.116603
27.38988
0 -81.121296
27.389808
0 -81.120621
27.391137
0 -81.122214
27.391463
0 -81.125348
27.393515
0 -81.12569
27.394457
0 -81.124205
27.396668
0 -81.125693
27.39809
0 -81.125754
27.399887
0 -81.126952
27.40129
0 -81.124313
27.401999
0 -81.125073
27.403634
0 -81.12727
27.403943
0 -81.130198
27.40572
0 -81.128823
27.407553
0 -81.130732
27.407233
0 -81.132049
27.40851
0 -81.132625
27.406322
0 -81.133723
27.40737
0 -81.133751
27.408985
0 -81.135061
27.407756
0 -81.136812
27.408895
0 -81.136358
27.410325
0 -81.137851
27.409618
0 -81.137951
27.408402
0 -81.139563
27.410152
0 -81.138313
27.410886
0 -81.13861
27.411807
0 -81.142257
27.412078
0 -81.142017
27.413295
0 -81.143559
27.416384
0 -81.141779
27.416925
0 -81.14182
27.418538
0 -81.140905
27.420691
0 -81.141271
27.423172
0 -81.138317
27.424306
0 -81.14038
27.425213
0 -81.139687
27.426276
0 -81.139977
27.428098
0 -81.141069
27.428668
0 -81.139074
27.433791
0 -81.140963
27.435995
0 -81.140764
27.437508
0 -81.141706
27.439906
0 -81.143537
27.441845
0 -81.143455
27.443246
0 -81.144956
27.443585
0 -81.144872
27.445007
0 -81.146576
27.445928
0 -81.147162
27.447216
0 -81.148356
27.44621
0 -81.148744
27.447295
0 -81.150046
27.445759
0 -81.151347
27.447232
0 -81.151338
27.449272
0 -81.152458
27.448671
0 -81.153419
27.45014
0 -81.153431
27.45204
0 -81.15174
27.452046
0 -81.154629
27.454137
0 -81.156632
27.454091
0 -81.158135
27.454743
0 -81.158491
27.453742
0 -81.159539
27.45454
0 -81.158488
27.455166
0 -81.159568
27.45698
0 -81.16043
27.455841
0 -81.162487
27.456949
0 -81.164918
27.456906
0 -81.166613
27.458762
0 -81.167107
27.460211
0 -81.168838
27.459521
0 -81.172643
27.462948
0 -81.171441
27.463967
0 -81.171919
27.465703
0 -81.170564
27.467155
0 -81.172137
27.46845
0 -81.171951
27.469743
0 -81.17289
27.471011
0 -81.17443
27.471488
0 -81.177569
27.475207
0 -81.177684
27.478148
0 -81.181661
27.481201
0 -81.181102
27.482335
0 -81.182584
27.483247
0 -81.183382
27.482247
0 -81.185175
27.482634
0 -81.185987
27.481822
0 -81.189243
27.482601
0 -81.191166
27.485086
0 -81.192511
27.485204
0 -81.193462
27.486323
0 -81.194129
27.485002
0 -81.19738
27.486338
0 -81.199224
27.486277
0 -81.199751
27.487803
0 -81.202029
27.489511
0 -81.203889
27.488984
0 -81.205096
27.489702
0 -81.205635
27.491824
0 -81.204519
27.493167
0 -81.203886
27.499383
0 -81.202479
27.498569
0 -81.201757
27.500672
0 -81.200393
27.49989
0 -81.200604
27.501566
0 -81.202253
27.502702
0 -81.202475
27.504263
0 -81.201257
27.505621
0 -81.200605
27.507738
0 -81.202165
27.507994
0 -81.201505
27.509263
0 -81.198459
27.510376
0 -81.199917
27.512122
0 -81.199487
27.515054
0 -81.200544
27.515978
0 -81.201621
27.514901
0 -81.201731
27.513235
0 -81.202695
27.513752
0 -81.203018
27.515682
0 -81.204384
27.514984
0 -81.205759
27.516681
0 -81.207553
27.51787
0 -81.206384
27.519657
0 -81.20903
27.520789
0 -81.212073
27.52457
0 -81.210836
27.524945
0 -81.210409
27.527267
0 -81.210952
27.528303
0 -81.213288
27.528115
0 -81.213717
27.528654
0 -81.212431
27.529155
0 -81.211594
27.531002
0 -81.209936
27.530764
0 -81.208958
27.529751
0 -81.207786
27.53005
0 -81.208235
27.531634
0 -81.207513
27.533281
0 -81.208691
27.535582
0 -81.204918
27.537502
0 -81.202487
27.539407
0 -81.205385
27.542973
0 -81.204573
27.544545
0 -81.206021
27.54721
0 -81.204345
27.54785
0 -81.201094
27.546157
0 -81.198451
27.546217
0 -81.196635
27.549218
0 -81.194844
27.550647
0 -81.194015
27.549498
0 -81.191964
27.551502
0 -81.194371
27.551388
0 -81.193916
27.552882
0 -81.192294
27.552256
0 -81.190517
27.552905
0 -81.189953
27.554363
0 -81.191274
27.554512
0 -81.190034
27.555552
0 -81.190626
27.556664
0 -81.188876
27.557055
0 -81.185094
27.558937
0 -81.18453
27.557946
0 -81.18262
27.557519
0 -81.180845
27.558028
0 -81.177958
27.557707
0 -81.176771
27.558183
0 -81.177838
27.559214
0 -81.175854
27.559386
0 -81.175643
27.562767
0 -81.174872
27.564317
0 -81.171975
27.565632
0 -81.170515
27.565634
0 -81.171093
27.56767
0 -81.168969
27.569014
0 -81.168112
27.570606
0 -81.168248
27.57302
0 -81.166109
27.574888
0 -81.164128
27.572856
0 -81.163371
27.574171
0 -81.160711
27.574834
0 -81.159306
27.574168
0 -81.160837
27.573674
0 -81.161592
27.571665
0 -81.161168
27.570819
0 -81.160384
27.572401
0 -81.158542
27.573889
0 -81.15675
27.574404
0 -81.158411
27.577185
0 -81.158559
27.57851
0 -81.157752
27.583516
0 -81.155454
27.585852
0 -81.15475
27.587499
0 -81.155345
27.591395
0 -81.153664
27.593218
0 -81.14998
27.594582
0 -81.148923
27.597068
0 -81.143784
27.59723
0 -81.142477
27.597766
0 -81.143359
27.598531
0 -81.14289
27.599795
0 -81.140907
27.600215
0 -81.140472
27.601302
0 -81.141317
27.603868
0 -81.140109
27.604799
0 -81.141823
27.606883
0 -81.140664
27.608372
0 -81.143071
27.612653
0 -81.142757
27.614086
0 -81.145029
27.615171
0 -81.144598
27.616683
0 -81.142949
27.618386
0 -81.143547
27.619566
0 -81.142597
27.62066
0 -81.141865
27.624476
0 -81.142223
27.625532
0 -81.139958
27.62651
0 -81.141752
27.627119
0 -81.140388
27.628319
0 -81.142856
27.629147
0 -81.142932
27.630827
0 -81.141532
27.633271
0 -81.142515
27.636558
0 -81.143803
27.63646
0 -81.144239
27.639134
0 -81.141843
27.639448
0 -81.142777
27.640598
0 -81.14095
27.642499
0 -81.142556
27.64212
0 -81.142164
27.643238
0 -81.361576
27.646492
0 -81.403539
27.646573
0 -81.478311
27.646538
0 -81.478848
27.646606
0 -81.529961
27.646422
0 -81.530332
27.646509
0 -81.555689
27.646592
0 -81.563318
27.646647
0 -81.563463
27.613923
0 -81.56357
27.591571
0 -81.563692
27.559267
0 -81.56356
27.493975
0 -81.563562
27.485478
0 -81.563885
27.434176
0 -81.563711
27.430516
0 -81.56379
27.414913
0 -81.563936
27.411901
0 -81.56362
27.376991
0 -81.563897
27.373395
0 -81.563704
27.35799
0 