-72.061244
42.965842
0 -72.062374
42.944837
0 -72.006066
42.943899
0 -72.003426
42.931104
0 -72.001034
42.91951
0 -71.998957
42.909711
0 -71.998334
42.903959
0 -71.996675
42.896118
0 -71.994128
42.883933
0 -71.994219
42.88254
0 -71.990393
42.865309
0 -71.983769
42.833917
0 -71.976221
42.798151
0 -71.974312
42.789161
0 -71.944792
42.788586
0 -71.934632
42.743643
0 -71.928811
42.712234
0 -71.8987159345829
42.7114204198355
0 -71.8238423435048
42.7093963116404
0 -71.8238024745524
42.7093952338361
0 -71.8054213971894
42.708898325797
0 -71.772517410391
42.7080088101697
0 -71.745817
42.707287
0 -71.7268391837789
42.7068716119074
0 -71.7012176896199
42.706310806414
0 -71.6723713411252
42.7056794150284
0 -71.6519101778986
42.7052315593075
0 -71.636214
42.704888
0 -71.631814
42.704788
0 -71.6304824448933
42.7047564448933
0 -71.619931146747
42.7045064009128
0 -71.5673092136208
42.7032593697477
0 -71.5430111290279
42.7026835553118
0 -71.5425327085574
42.7026722177344
0 -71.495675497743
42.7015617985855
0 -71.4881140019464
42.7013826067476
0 -71.4880391935187
42.7013808339423
0 -71.4675535097541
42.7008953655344
0 -71.4576987337683
42.700661827691
0 -71.4517141154329
42.7005200045931
0 -71.4491742102848
42.7004598140853
0 -71.4323476613031
42.7000610596167
0 -71.4323063155553
42.7000600798078
0 -71.3881948158269
42.6990147283425
0 -71.3865472268372
42.6989756838852
0 -71.3698137405504
42.6985791348103
0 -71.3674728702679
42.6985236610179
0 -71.3652303523032
42.6984705179723
0 -71.351874
42.698154
0 -71.3518087075991
42.6981510951692
0 -71.3517972961827
42.6981505874802
0 -71.3303299326557
42.6971955137105
0 -71.330206
42.69719
0 -71.3134466989484
42.6970968953582
0 -71.3134233790961
42.697096765807
0 -71.294205
42.69699
0 -71.2888325141297
42.7020079777689
0 -71.278929
42.711258
0 -71.2754068854342
42.7159328530776
0 -71.275390305197
42.715954859793
0 -71.267905
42.72589
0 -71.255605
42.736389
0 -71.2551798399734
42.7366499634853
0 -71.245504
42.742589
0 -71.259905
42.755789
0 -71.266076
42.7569
0 -71.28446
42.760108
0 -71.319429
42.766471
0 -71.351283
42.772168
0 -71.350007
42.773902
0 -71.351012
42.776537
0 -71.353197
42.778087
0 -71.352052
42.780433
0 -71.354196
42.783151
0 -71.357498
42.78495
0 -71.35897
42.785064
0 -71.359123
42.784216
0 -71.362356
42.782836
0 -71.363624
42.783046
0 -71.364515
42.786419
0 -71.364512
42.791582
0 -71.366101
42.791891
0 -71.3643
42.793991
0 -71.364233
42.794125
0 -71.362109
42.795889
0 -71.362896
42.797191
0 -71.360808
42.798988
0 -71.368885
42.806471
0 -71.386505
42.823384
0 -71.407826
42.824287
0 -71.427077
42.82489
0 -71.431381
42.84463
0 -71.432856
42.849842
0 -71.44181
42.889586
0 -71.443222
42.896308
0 -71.44811
42.916885
0 -71.451245
42.930487
0 -71.449576
42.930963
0 -71.425378
42.933688
0 -71.425282
42.933691
0 -71.384424
42.938177
0 -71.38399
42.938244
0 -71.375409
42.939184
0 -71.377409
42.947185
0 -71.382409
42.968484
0 -71.390294
43.001684
0 -71.390894
43.003839
0 -71.391866
43.00785
0 -71.39221
43.008984
0 -71.392708
43.009183
0 -71.396884
43.010098
0 -71.41211
43.013384
0 -71.427766
43.016303
0 -71.43599
43.017903
0 -71.44023
43.018707
0 -71.440987
43.018837
0 -71.447188
43.019959
0 -71.45004
43.020489
0 -71.450683
43.024538
0 -71.451815
43.031292
0 -71.453408
43.038469
0 -71.454311
43.042683
0 -71.454378
43.043219
0 -71.454711
43.044183
0 -71.457812
43.042283
0 -71.473412
43.035083
0 -71.475696
43.03749
0 -71.476406
43.037876
0 -71.4798
43.038835
0 -71.480362
43.039153
0 -71.483096
43.041043
0 -71.486326
43.048295
0 -71.488828
43.051474
0 -71.512713
43.048283
0 -71.516267
43.061809
0 -71.518521
43.068914
0 -71.543827
43.06562
0 -71.546842
43.065122
0 -71.601237
43.058814
0 -71.641252
43.054173
0 -71.65255
43.09732
0 -71.667826
43.152588
0 -71.700663
43.146168
0 -71.707407
43.144267
0 -71.733116
43.139372
0 -71.735481
43.139203
0 -71.749302
43.135952
0 -71.761576
43.13354
0 -71.809658
43.124485
0 -71.856029
43.115383
0 -71.861756
43.12405
0 -71.874949
43.145738
0 -71.908676
43.200343
0 -71.913255
43.207263
0 -71.961792
43.197551
0 -71.999527
43.190091
0 -72.008995
43.187874
0 -72.036791
43.182553
0 -72.023403
43.160151
0 -72.038149
43.128807
0 -72.034394
43.128729
0 -72.043622
43.082088
0 -72.042112
43.082276
0 -72.0581
43.018904
0 -72.058913
43.005118
0 -72.061244
42.965842
0 