-90.727881
32.226019
0 -90.728622
32.225119
0 -90.72564
32.15466
0 -90.725452
32.15377
0 -90.725035
32.147411
0 -90.718297
32.048352
0 -90.661977
32.048463
0 -90.66139
32.048462
0 -90.655159
32.048475
0 -90.655148
32.049958
0 -90.621587
32.050058
0 -90.587233
32.049859
0 -90.571767
32.050051
0 -90.569888
32.049974
0 -90.515014
32.050027
0 -90.463718
32.049669
0 -90.38239
32.049826
0 -90.338667
32.049669
0 -90.338229
32.049667
0 -90.33407
32.049665
0 -90.300953
32.049647
0 -90.289221
32.049922
0 -90.288434
32.049615
0 -90.277211
32.049677
0 -90.230331
32.049728
0 -90.230637
32.051376
0 -90.232033
32.053802
0 -90.231956
32.055294
0 -90.229759
32.056862
0 -90.230652
32.059124
0 -90.233147
32.060013
0 -90.235535
32.062714
0 -90.236259
32.064686
0 -90.236031
32.066395
0 -90.235008
32.068764
0 -90.233841
32.069073
0 -90.230637
32.067642
0 -90.228851
32.068981
0 -90.228905
32.072102
0 -90.227936
32.077515
0 -90.226723
32.079758
0 -90.228096
32.080666
0 -90.230286
32.081081
0 -90.231728
32.085857
0 -90.23558
32.089699
0 -90.235779
32.09037
0 -90.234635
32.091291
0 -90.231613
32.092136
0 -90.228935
32.092068
0 -90.227066
32.093193
0 -90.226837
32.09428
0 -90.228828
32.095402
0 -90.230858
32.095322
0 -90.235107
32.094219
0 -90.23851
32.094292
0 -90.239487
32.093639
0 -90.239853
32.092037
0 -90.241119
32.09164
0 -90.243629
32.092518
0 -90.245041
32.092342
0 -90.24659
32.093143
0 -90.246956
32.09412
0 -90.246742
32.097374
0 -90.24752
32.09906
0 -90.246598
32.100343
0 -90.244545
32.100658
0 -90.242432
32.100304
0 -90.241798
32.099552
0 -90.242493
32.097309
0 -90.241432
32.096951
0 -90.238167
32.097927
0 -90.237022
32.098652
0 -90.236694
32.100212
0 -90.237312
32.101051
0 -90.240444
32.102823
0 -90.242119
32.10339
0 -90.246063
32.103405
0 -90.246864
32.104076
0 -90.248131
32.1082
0 -90.249191
32.110096
0 -90.251213
32.112396
0 -90.25116
32.113319
0 -90.249046
32.113827
0 -90.246865
32.113349
0 -90.242989
32.113682
0 -90.242836
32.114342
0 -90.244568
32.116379
0 -90.247269
32.116573
0 -90.248336
32.118314
0 -90.246155
32.11865
0 -90.242905
32.119853
0 -90.240997
32.121712
0 -90.24143
32.123307
0 -90.241066
32.125153
0 -90.241676
32.127271
0 -90.244495
32.131012
0 -90.246576
32.133122
0 -90.247516
32.135234
0 -90.247276
32.137503
0 -90.245399
32.140339
0 -90.243317
32.145844
0 -90.242777
32.148922
0 -90.243584
32.151211
0 -90.245057
32.151213
0 -90.249481
32.148682
0 -90.252853
32.149807
0 -90.254799
32.151188
0 -90.253456
32.152451
0 -90.248421
32.153664
0 -90.246887
32.153797
0 -90.241936
32.155083
0 -90.241859
32.156792
0 -90.2435
32.160839
0 -90.243835
32.164551
0 -90.24538
32.171396
0 -90.243477
32.176666
0 -90.242043
32.177982
0 -90.23909
32.178375
0 -90.236313
32.178036
0 -90.236427
32.175014
0 -90.235588
32.173496
0 -90.23439
32.173103
0 -90.232643
32.173595
0 -90.230011
32.176537
0 -90.226318
32.178909
0 -90.22448
32.17765
0 -90.214767
32.179886
0 -90.212639
32.179966
0 -90.211548
32.181107
0 -90.21096
32.183537
0 -90.209549
32.185417
0 -90.209244
32.187073
0 -90.208244
32.188747
0 -90.205727
32.19101
0 -90.20359
32.191189
0 -90.20414
32.189716
0 -90.203262
32.186966
0 -90.201607
32.186485
0 -90.199638
32.187859
0 -90.197823
32.187916
0 -90.195892
32.18507
0 -90.194855
32.187855
0 -90.197243
32.189571
0 -90.197426
32.190666
0 -90.195549
32.192867
0 -90.19664
32.195618
0 -90.193802
32.198662
0 -90.192665
32.198521
0 -90.190521
32.195194
0 -90.188988
32.194401
0 -90.187569
32.194988
0 -90.185822
32.198822
0 -90.182213
32.201176
0 -90.181908
32.201912
0 -90.189751
32.202904
0 -90.190613
32.205578
0 -90.188324
32.207539
0 -90.190994
32.20966
0 -90.188873
32.214767
0 -90.185623
32.217995
0 -90.185562
32.219196
0 -90.189369
32.221382
0 -90.190857
32.22282
0 -90.190498
32.2267
0 -90.191597
32.227253
0 -90.192207
32.225666
0 -90.196424
32.2253
0 -90.201881
32.229626
0 -90.204422
32.23077
0 -90.209023
32.235802
0 -90.204391
32.234646
0 -90.20269
32.236744
0 -90.204376
32.238632
0 -90.204048
32.240582
0 -90.199287
32.240948
0 -90.199585
32.244148
0 -90.201691
32.245346
0 -90.205292
32.245949
0 -90.20499
32.247553
0 -90.20549
32.249849
0 -90.205292
32.251945
0 -90.202988
32.253448
0 -90.202591
32.255348
0 -90.201485
32.256046
0 -90.197289
32.256847
0 -90.194092
32.259445
0 -90.193985
32.262085
0 -90.19104
32.261906
0 -90.186089
32.260647
0 -90.184258
32.261864
0 -90.183609
32.265514
0 -90.1875
32.26635
0 -90.186774
32.27263
0 -90.184925
32.274245
0 -90.179701
32.276162
0 -90.179286
32.276644
0 -90.179513
32.279178
0 -90.178878
32.281634
0 -90.178402
32.283161
0 -90.179425
32.287055
0 -90.177724
32.290313
0 -90.177072
32.28921
0 -90.175258
32.289323
0 -90.173551
32.290484
0 -90.171487
32.289146
0 -90.174031
32.286883
0 -90.173704
32.285677
0 -90.171593
32.283904
0 -90.170504
32.284762
0 -90.170788
32.287458
0 -90.167893
32.287385
0 -90.166687
32.286941
0 -90.167387
32.284943
0 -90.165643
32.283924
0 -90.163623
32.286083
0 -90.160787
32.285843
0 -90.156881
32.287947
0 -90.156736
32.289164
0 -90.159755
32.290261
0 -90.15963
32.29255
0 -90.157088
32.293845
0 -90.155086
32.292845
0 -90.152506
32.290051
0 -90.151387
32.291046
0 -90.151187
32.291746
0 -90.153587
32.295146
0 -90.153773
32.296425
0 -90.156187
32.297346
0 -90.156497
32.301657
0 -90.158225
32.300662
0 -90.161638
32.303507
0 -90.162677
32.30624
0 -90.160477
32.30834
0 -90.156291
32.310543
0 -90.152485
32.310546
0 -90.150586
32.311734
0 -90.150529
32.31319
0 -90.154182
32.31404
0 -90.154384
32.316348
0 -90.152957
32.320775
0 -90.152187
32.323743
0 -90.147957
32.325114
0 -90.145829
32.325401
0 -90.144518
32.323189
0 -90.142265
32.321135
0 -90.139696
32.32212
0 -90.138882
32.323242
0 -90.138084
32.326147
0 -90.130287
32.329747
0 -90.127895
32.333456
0 -90.126839
32.333918
0 -90.118772
32.339572
0 -90.117078
32.342256
0 -90.116751
32.34555
0 -90.115313
32.34617
0 -90.112803
32.343225
0 -90.110081
32.344443
0 -90.109415
32.346927
0 -90.109685
32.34865
0 -90.111591
32.35282
0 -90.113088
32.354527
0 -90.111661
32.356683
0 -90.111384
32.358644
0 -90.113487
32.359443
0 -90.113987
32.360543
0 -90.112185
32.362344
0 -90.110782
32.362844
0 -90.108976
32.361742
0 -90.106882
32.361366
0 -90.107268
32.359035
0 -90.108542
32.3566
0 -90.109473
32.354823
0 -90.10828
32.353413
0 -90.106185
32.355544
0 -90.105812
32.359636
0 -90.104526
32.360568
0 -90.102885
32.362944
0 -90.104584
32.366442
0 -90.101552
32.365337
0 -90.099819
32.366767
0 -90.102684
32.369346
0 -90.103253
32.371289
0 -90.101585
32.372744
0 -90.101799
32.375675
0 -90.100388
32.373604
0 -90.098923
32.373055
0 -90.097282
32.374146
0 -90.096985
32.375942
0 -90.099487
32.378445
0 -90.100685
32.382339
0 -90.095688
32.381744
0 -90.094887
32.385445
0 -90.095184
32.389145
0 -90.093681
32.390244
0 -90.090683
32.387943
0 -90.088983
32.384843
0 -90.087936
32.384693
0 -90.085655
32.385784
0 -90.083885
32.387943
0 -90.083984
32.390442
0 -90.080887
32.391045
0 -90.080383
32.391743
0 -90.081787
32.393742
0 -90.081482
32.395344
0 -90.076088
32.393845
0 -90.077087
32.391441
0 -90.078789
32.391243
0 -90.080284
32.390041
0 -90.077881
32.387655
0 -90.073921
32.388652
0 -90.067886
32.391842
0 -90.066292
32.39415
0 -90.065681
32.394844
0 -90.06881
32.398407
0 -90.066986
32.398972
0 -90.065697
32.399529
0 -90.067833
32.39954
0 -90.08589
32.399473
0 -90.088151
32.399411
0 -90.089307
32.399437
0 -90.102969
32.39946
0 -90.105696
32.399444
0 -90.108652
32.399507
0 -90.115565
32.399487
0 -90.119799
32.399487
0 -90.123488
32.399451
0 -90.132044
32.399504
0 -90.134441
32.399492
0 -90.140723
32.399479
0 -90.145021
32.399782
0 -90.148151
32.399993
0 -90.148831
32.400257
0 -90.149437
32.399891
0 -90.160183
32.400275
0 -90.166243
32.400191
0 -90.176566
32.400235
0 -90.218094
32.400056
0 -90.222338
32.40004
0 -90.233821
32.399989
0 -90.23419
32.39999
0 -90.235775
32.399977
0 -90.239172
32.399835
0 -90.243764
32.400098
0 -90.243633
32.403408
0 -90.243649
32.40721
0 -90.243641
32.487533
0 -90.248092
32.487577
0 -90.279836
32.487679
0 -90.280634
32.487725
0 -90.292708
32.487714
0 -90.338293
32.487501
0 -90.342458
32.487811
0 -90.354129
32.487744
0 -90.355019
32.487773
0 -90.379874
32.487665
0 -90.394259
32.487714
0 -90.449864
32.488394
0 -90.449754
32.50208
0 -90.450037
32.573783
0 -90.451895
32.573295
0 -90.451886
32.570263
0 -90.453552
32.567124
0 -90.454981
32.566047
0 -90.451151
32.563709
0 -90.451506
32.562902
0 -90.453733
32.562325
0 -90.453447
32.560546
0 -90.453956
32.55833
0 -90.455782
32.557116
0 -90.45785
32.556909
0 -90.45917
32.558178
0 -90.457742
32.559829
0 -90.458978
32.560296
0 -90.462515
32.559044
0 -90.464682
32.553564
0 -90.464662
32.548497
0 -90.465137
32.547656
0 -90.468878
32.547782
0 -90.471033
32.548882
0 -90.472461
32.547971
0 -90.472575
32.546729
0 -90.471212
32.544013
0 -90.471487
32.543308
0 -90.479251
32.543489
0 -90.481714
32.544197
0 -90.484132
32.542993
0 -90.486441
32.540546
0 -90.48692
32.537839
0 -90.492403
32.53386
0 -90.491252
32.531881
0 -90.492346
32.530619
0 -90.494673
32.529836
0 -90.498725
32.527397
0 -90.497217
32.525485
0 -90.499005
32.523947
0 -90.501625
32.525395
0 -90.502499
32.525091
0 -90.502692
32.523046
0 -90.506305
32.522332
0 -90.506469
32.524007
0 -90.507859
32.523903
0 -90.510318
32.522387
0 -90.511671
32.523154
0 -90.513305
32.525361
0 -90.515292
32.525288
0 -90.515841
32.522808
0 -90.518064
32.522499
0 -90.518975
32.521491
0 -90.522349
32.520208
0 -90.523538
32.519333
0 -90.521535
32.517538
0 -90.519974
32.517714
0 -90.519779
32.516134
0 -90.52117
32.515104
0 -90.523045
32.51531
0 -90.524422
32.516945
0 -90.525271
32.516576
0 -90.525488
32.514522
0 -90.522524
32.51371
0 -90.521779
32.510781
0 -90.520551
32.509135
0 -90.522448
32.507479
0 -90.520978
32.505034
0 -90.522217
32.50311
0 -90.523027
32.503242
0 -90.524894
32.505372
0 -90.529927
32.509639
0 -90.530232
32.510908
0 -90.532016
32.510862
0 -90.534859
32.508983
0 -90.536464
32.507147
0 -90.540396
32.509159
0 -90.541189
32.507894
0 -90.539945
32.5058
0 -90.543165
32.505497
0 -90.54357
32.50813
0 -90.545362
32.508909
0 -90.545883
32.510147
0 -90.54795
32.510543
0 -90.549853
32.509229
0 -90.553821
32.507574
0 -90.555481
32.505021
0 -90.55969
32.504337
0 -90.565605
32.502944
0 -90.565924
32.504152
0 -90.565111
32.505613
0 -90.567551
32.505056
0 -90.570746
32.506305
0 -90.571615
32.50413
0 -90.569616
32.501345
0 -90.570093
32.49956
0 -90.573426
32.499085
0 -90.574837
32.499773
0 -90.574781
32.501237
0 -90.577077
32.501438
0 -90.576898
32.503415
0 -90.57786
32.503736
0 -90.578701
32.503666
0 -90.580596
32.501785
0 -90.579306
32.498182
0 -90.581683
32.495805
0 -90.582313
32.494028
0 -90.584538
32.493946
0 -90.586916
32.496979
0 -90.589082
32.495319
0 -90.590128
32.493077
0 -90.589441
32.490327
0 -90.589938
32.488648
0 -90.586624
32.48886
0 -90.586769
32.487382
0 -90.59111
32.487439
0 -90.593929
32.48531
0 -90.597835
32.482869
0 -90.600822
32.484239
0 -90.601757
32.482149
0 -90.604071
32.481297
0 -90.604067
32.479064
0 -90.603405
32.477037
0 -90.601318
32.473981
0 -90.599709
32.470409
0 -90.600049
32.46742
0 -90.600047
32.463114
0 -90.601586
32.459311
0 -90.601446
32.45818
0 -90.598574
32.457957
0 -90.597785
32.457253
0 -90.597252
32.453495
0 -90.598225
32.451946
0 -90.597829
32.450281
0 -90.595496
32.448874
0 -90.591404
32.448121
0 -90.585761
32.445097
0 -90.588637
32.443648
0 -90.591698
32.439897
0 -90.593079
32.439836
0 -90.594292
32.44117
0 -90.595967
32.440373
0 -90.596362
32.437878
0 -90.599419
32.436308
0 -90.59991
32.435209
0 -90.599779
32.427907
0 -90.599985
32.424627
0 -90.602531
32.42235
0 -90.602952
32.420084
0 -90.60601
32.418441
0 -90.606078
32.416114
0 -90.606764
32.415615
0 -90.61214
32.41443
0 -90.613172
32.413414
0 -90.6121
32.409976
0 -90.613282
32.408823
0 -90.61549
32.409438
0 -90.614184
32.404463
0 -90.614499
32.40334
0 -90.616974
32.401712
0 -90.616703
32.399627
0 -90.615717
32.398002
0 -90.618247
32.397247
0 -90.61881
32.396036
0 -90.621159
32.395401
0 -90.620335
32.394018
0 -90.61792
32.39437
0 -90.617742
32.393012
0 -90.622679
32.390677
0 -90.6258
32.388159
0 -90.625732
32.386711
0 -90.622405
32.384836
0 -90.622711
32.38339
0 -90.626483
32.380266
0 -90.627363
32.377974
0 -90.630798
32.377081
0 -90.633345
32.377051
0 -90.635591
32.375822
0 -90.636162
32.374498
0 -90.635515
32.368061
0 -90.634852
32.366296
0 -90.631911
32.361502
0 -90.630412
32.353339
0 -90.630416
32.353069
0 -90.63037
32.34953
0 -90.627946
32.345395
0 -90.62737
32.342411
0 -90.627978
32.339483
0 -90.629124
32.338865
0 -90.632512
32.338972
0 -90.634752
32.339708
0 -90.641663
32.343398
0 -90.651764
32.344399
0 -90.654
32.344865
0 -90.657983
32.346278
0 -90.676741
32.35125
0 -90.681056
32.352736
0 -90.683571
32.352784
0 -90.686087
32.351848
0 -90.689042
32.351448
0 -90.690206
32.351923
0 -90.691715
32.354092
0 -90.69289
32.354333
0 -90.694517
32.352996
0 -90.695515
32.351075
0 -90.695515
32.349132
0 -90.697419
32.347789
0 -90.700969
32.346981
0 -90.703658
32.347585
0 -90.704743
32.347309
0 -90.705788
32.345283
0 -90.706225
32.34331
0 -90.707605
32.340004
0 -90.707416
32.339003
0 -90.70543
32.337611
0 -90.703288
32.334873
0 -90.701387
32.335103
0 -90.700118
32.337781
0 -90.699178
32.337768
0 -90.699764
32.334094
0 -90.699319
32.331059
0 -90.700927
32.329746
0 -90.702837
32.326644
0 -90.705352
32.324732
0 -90.703633
32.322891
0 -90.703066
32.3168
0 -90.7046
32.316688
0 -90.706038
32.318576
0 -90.707688
32.318575
0 -90.70777
32.316744
0 -90.705843
32.315637
0 -90.704071
32.312452
0 -90.704541
32.311535
0 -90.703503
32.310859
0 -90.700112
32.312113
0 -90.699119
32.311825
0 -90.698913
32.310573
0 -90.700296
32.308848
0 -90.700255
32.307267
0 -90.699247
32.306446
0 -90.696754
32.306205
0 -90.695917
32.305426
0 -90.696218
32.30467
0 -90.698201
32.303714
0 -90.698529
32.302134
0 -90.697974
32.300793
0 -90.695947
32.298402
0 -90.695888
32.29766
0 -90.698842
32.297371
0 -90.70015
32.29654
0 -90.700704
32.295221
0 -90.702894
32.2945
0 -90.703374
32.293476
0 -90.702469
32.291328
0 -90.703394
32.290859
0 -90.705447
32.292435
0 -90.70671
32.29233
0 -90.706987
32.291163
0 -90.706699
32.290516
0 -90.70368
32.287821
0 -90.700398
32.288672
0 -90.700124
32.287614
0 -90.70209
32.286424
0 -90.706077
32.286684
0 -90.70714
32.286172
0 -90.706794
32.28367
0 -90.707376
32.282415
0 -90.712904
32.279738
0 -90.713536
32.279113
0 -90.71461
32.275974
0 -90.715797
32.275892
0 -90.716847
32.277221
0 -90.718294
32.277697
0 -90.719522
32.277269
0 -90.719666
32.276092
0 -90.718462
32.27494
0 -90.717021
32.270899
0 -90.719881
32.270092
0 -90.720681
32.269082
0 -90.718164
32.266414
0 -90.716572
32.266252
0 -90.713512
32.266806
0 -90.713079
32.264465
0 -90.714164
32.263165
0 -90.717216
32.262353
0 -90.719367
32.262624
0 -90.726239
32.260273
0 -90.728237
32.259173
0 -90.725637
32.258421
0 -90.723185
32.258976
0 -90.722312
32.258053
0 -90.722467
32.256624
0 -90.720901
32.256817
0 -90.719705
32.258318
0 -90.717952
32.257604
0 -90.717764
32.256807
0 -90.719329
32.255383
0 -90.720143
32.253921
0 -90.719477
32.252789
0 -90.717828
32.253108
0 -90.715417
32.256043
0 -90.71404
32.254201
0 -90.713632
32.252356
0 -90.71615
32.250822
0 -90.716486
32.247492
0 -90.719264
32.246152
0 -90.722248
32.243652
0 -90.723534
32.242063
0 -90.72601
32.24218
0 -90.726902
32.241539
0 -90.726616
32.236632
0 -90.727304
32.231905
0 -90.725502
32.230059
0 -90.727881
32.226019
0 