-102.615447
33.825121
0 -102.612245
33.757045
0 -102.611917
33.750096
0 -102.612069
33.74893
0 -102.607554
33.657094
0 -102.606669
33.641812
0 -102.604806
33.603653
0 -102.601176
33.528378
0 -102.600222
33.499645
0 -102.594836
33.388489
0 -102.50047
33.388568
0 -102.497794
33.388327
0 -102.46011
33.388417
0 -102.448108
33.388451
0 -102.375463
33.388671
0 -102.37326
33.388616
0 -102.351005
33.388706
0 -102.318011
33.388838
0 -102.28944
33.388954
0 -102.153879
33.389147
0 -102.12545
33.388945
0 -102.11845
33.389429
0 -102.075929
33.389586
0 -102.078148
33.468377
0 -102.078308
33.506067
0 -102.078989
33.519429
0 -102.079616
33.548599
0 -102.080076
33.5671
0 -102.080422
33.582649
0 -102.081364
33.635788
0 -102.081764
33.650286
0 -102.083338
33.718384
0 -102.083442
33.722865
0 -102.084197
33.755201
0 -102.084756
33.780728
0 -102.085733
33.824675
0 -102.22596
33.82469
0 -102.244257
33.824679
0 -102.250452
33.824994
0 -102.281875
33.824953
0 -102.373486
33.824943
0 -102.375323
33.825022
0 -102.400982
33.825065
0 -102.43727
33.825066
0 -102.512169
33.824977
0 -102.513705
33.824981
0 -102.615447
33.825121
0 