-98.066836
32.558822
0 -98.068545
32.511626
0 -98.06352
32.500135
0 -98.063484
32.499591
0 -98.048462
32.465527
0 -98.033972
32.432651
0 -98.028423
32.42006
0 -98.010112
32.379158
0 -98.008129
32.374769
0 -98.001237
32.362329
0 -97.999359
32.357899
0 -97.984682
32.323576
0 -97.964932
32.277383
0 -97.963403
32.273817
0 -97.962477
32.271991
0 -97.95295
32.25014
0 -97.951102
32.246098
0 -97.950265
32.244263
0 -97.950131
32.24337
0 -97.945625
32.233468
0 -97.862991
32.275392
0 -97.858177
32.278159
0 -97.819135
32.297956
0 -97.817205
32.298937
0 -97.787773
32.313932
0 -97.78276
32.316493
0 -97.743724
32.316936
0 -97.728901
32.317138
0 -97.708015
32.317349
0 -97.707796
32.317352
0 -97.685596
32.317735
0 -97.685214
32.31774
0 -97.684491
32.317749
0 -97.615286
32.318618
0 -97.615368
32.347014
0 -97.615374
32.347741
0 -97.61539
32.349748
0 -97.615483
32.362085
0 -97.615487
32.362523
0 -97.615832
32.39947
0 -97.615926
32.405705
0 -97.616347
32.427379
0 -97.616165
32.429066
0 -97.616584
32.441001
0 -97.616607
32.443246
0 -97.617134
32.471693
0 -97.616261
32.479318
0 -97.615888
32.490523
0 -97.615675
32.495392
0 -97.616164
32.506086
0 -97.616657
32.520471
0 -97.61695
32.532992
0 -97.616971
32.533575
0 -97.617039
32.539814
0 -97.617066
32.555484
0 -97.62845
32.555591
0 -97.664246
32.556018
0 -97.669586
32.556071
0 -97.759242
32.556965
0 -97.798963
32.55699
0 -97.823876
32.557101
0 -97.875312
32.557355
0 -97.87582
32.557269
0 -97.892972
32.557205
0 -97.996541
32.557833
0 -97.997791
32.557887
0 -98.000317
32.558221
0 -98.066836
32.558822
0 