-101.426557
42.092194
0 -101.42668
42.006232
0 -101.42607
41.999994
0 -101.42592
41.743059
0 -101.406466
41.7432
0 -101.375448
41.743427
0 -101.373558
41.743586
0 -101.174163
41.742435
0 -101.12544
41.742435
0 -100.943573
41.739997
0 -100.87543
41.739903
0 -100.855689
41.740429
0 -100.842459
41.740404
0 -100.843719
41.85064
0 -100.845193
41.973195
0 -100.845632
41.976427
0 -100.846076
42.000569
0 -100.846129
42.088166
0 -100.867732
42.08821
0 -100.875429
42.088225
0 -100.888591
42.089036
0 -101.36941
42.092059
0 -101.375452
42.091803
0 -101.412202
42.092113
0 -101.426557
42.092194
0 