-67.158801
18.155297
0 -67.159733
18.153227
0 -67.158374
18.151887
0 -67.156421
18.151561
0 -67.156013
18.15012
0 -67.153478
18.149192
0 -67.153978
18.145299
0 -67.152428
18.145718
0 -67.151012
18.144689
0 -67.151502
18.141995
0 -67.149985
18.142225
0 -67.14987
18.143413
0 -67.148677
18.1409
0 -67.146659
18.140989
0 -67.146318
18.139626
0 -67.144293
18.139135
0 -67.143366
18.140085
0 -67.142771
18.138106
0 -67.141754
18.13739
0 -67.140555
18.134535
0 -67.140675
18.133136
0 -67.13972
18.133939
0 -67.138904
18.133108
0 -67.136507
18.133013
0 -67.136552
18.131487
0 -67.135045
18.132368
0 -67.133754
18.131867
0 -67.133178
18.129935
0 -67.133639
18.12966
0 -67.134926
18.129752
0 -67.136059
18.127866
0 -67.134653
18.12513
0 -67.135345
18.124465
0 -67.13345
18.123016
0 -67.133158
18.121415
0 -67.13215
18.12051
0 -67.13131
18.12096
0 -67.128363
18.11999
0 -67.127807
18.118265
0 -67.126157
18.115143
0 -67.123039
18.113646
0 -67.121959
18.11411
0 -67.119512
18.111858
0 -67.116012
18.111377
0 -67.11318
18.109762
0 -67.112388
18.108761
0 -67.110723
18.108725
0 -67.108131
18.106321
0 -67.105442
18.105518
0 -67.10283
18.105092
0 -67.100492
18.106395
0 -67.099198
18.107129
0 -67.09726
18.107303
0 -67.094879
18.106547
0 -67.093315
18.106735
0 -67.091117
18.104954
0 -67.087261
18.105523
0 -67.087005
18.103974
0 -67.086267
18.105503
0 -67.086815
18.106452
0 -67.083793
18.106793
0 -67.08105
18.106715
0 -67.079009
18.110108
0 -67.081076
18.111291
0 -67.077937
18.112963
0 -67.077812
18.115846
0 -67.07953
18.116996
0 -67.081658
18.11829
0 -67.083684
18.119045
0 -67.0859
18.12112
0 -67.092119
18.125369
0 -67.090736
18.126333
0 -67.092544
18.127255
0 -67.09196
18.129903
0 -67.091026
18.132042
0 -67.09415
18.1349
0 -67.09273
18.13736
0 -67.093166
18.14088
0 -67.093944
18.142151
0 -67.093114
18.142785
0 -67.091708
18.14207
0 -67.09093
18.14246
0 -67.091836
18.144154
0 -67.092485
18.146314
0 -67.09144
18.147875
0 -67.089319
18.148958
0 -67.087163
18.148527
0 -67.088032
18.146232
0 -67.086399
18.144365
0 -67.084964
18.146189
0 -67.084153
18.148325
0 -67.086069
18.149634
0 -67.086698
18.15199
0 -67.087226
18.14951
0 -67.089021
18.151049
0 -67.092712
18.152012
0 -67.094779
18.155724
0 -67.096866
18.156404
0 -67.097987
18.15865
0 -67.100993
18.157008
0 -67.103997
18.158034
0 -67.10548
18.157364
0 -67.108689
18.159914
0 -67.111243
18.1598
0 -67.112443
18.160334
0 -67.113116
18.159936
0 -67.11541
18.158232
0 -67.117652
18.15806
0 -67.118695
18.157959
0 -67.120825
18.155959
0 -67.123183
18.156615
0 -67.122943
18.157514
0 -67.125114
18.157818
0 -67.126002
18.158415
0 -67.128144
18.157208
0 -67.129233
18.158135
0 -67.131394
18.156553
0 -67.13211
18.155208
0 -67.13729
18.152103
0 -67.138063
18.153341
0 -67.140833
18.153109
0 -67.141437
18.154651
0 -67.143439
18.155601
0 -67.144891
18.154282
0 -67.145367
18.154727
0 -67.146916
18.154936
0 -67.147637
18.155077
0 -67.150409
18.154127
0 -67.151773
18.153712
0 -67.157654
18.156201
0 -67.158801
18.155297
0 