-93.407227
34.396853
0 -93.408124
34.339527
0 -93.355795
34.338698
0 -93.355795
34.338621
0 -93.35684
34.280306
0 -93.351132
34.280166
0 -93.347851
34.280008
0 -93.304223
34.279241
0 -93.251018
34.278407
0 -93.198278
34.277337
0 -93.199428
34.248064
0 -93.187209
34.247772
0 -93.183028
34.247702
0 -93.116072
34.246237
0 -93.110294
34.246114
0 -93.094936
34.245828
0 -93.090042
34.245703
0 -93.089241
34.242772
0 -93.088294
34.242228
0 -93.090736
34.241507
0 -93.091245
34.239363
0 -93.090867
34.237362
0 -93.084386
34.235587
0 -93.084361
34.238235
0 -93.082407
34.240155
0 -93.081602
34.239418
0 -93.079333
34.239218
0 -93.080557
34.236958
0 -93.080583
34.235097
0 -93.078263
34.235075
0 -93.076261
34.236164
0 -93.076001
34.236105
0 -93.07128
34.235391
0 -93.0657
34.236419
0 -93.063926
34.235655
0 -93.059636
34.236689
0 -93.05683
34.236804
0 -93.055856
34.237722
0 -93.05321
34.23659
0 -93.052246
34.235455
0 -93.048445
34.235252
0 -93.046283
34.236843
0 -93.043339
34.236264
0 -93.039586
34.237176
0 -93.034695
34.236512
0 -93.033221
34.233826
0 -93.033326
34.231732
0 -93.034326
34.228538
0 -93.038259
34.226048
0 -93.039555
34.222711
0 -93.038509
34.221431
0 -93.031575
34.221544
0 -93.030305
34.220972
0 -93.031153
34.218916
0 -93.032721
34.218608
0 -93.034396
34.217036
0 -93.034271
34.216096
0 -93.030867
34.213422
0 -93.029673
34.212148
0 -93.026607
34.209922
0 -93.027663
34.20798
0 -93.025908
34.201885
0 -93.027627
34.200425
0 -93.028876
34.200922
0 -93.032605
34.196714
0 -93.03656
34.194946
0 -93.036874
34.191617
0 -93.037718
34.189188
0 -93.04036
34.185402
0 -93.040409
34.183127
0 -93.042946
34.180638
0 -93.043816
34.175469
0 -93.043968
34.172631
0 -93.043158
34.167195
0 -93.042393
34.165768
0 -93.040663
34.164947
0 -93.040541
34.163163
0 -93.042025
34.159852
0 -93.041739
34.158809
0 -93.038949
34.155437
0 -93.034643
34.154154
0 -93.032557
34.155813
0 -93.031068
34.159017
0 -93.029017
34.161496
0 -93.026057
34.161397
0 -93.025474
34.159984
0 -92.947014
34.157454
0 -92.943941
34.157488
0 -92.886285
34.155877
0 -92.86665
34.15498
0 -92.856126
34.154513
0 -92.834809
34.153628
0 -92.827642
34.152997
0 -92.818141
34.151889
0 -92.813986
34.15166
0 -92.788961
34.151342
0 -92.750164
34.150852
0 -92.748211
34.15077
0 -92.747352
34.150861
0 -92.746449
34.15078
0 -92.678383
34.149622
0 -92.676129
34.239367
0 -92.673382
34.239347
0 -92.673217
34.247865
0 -92.673015
34.250095
0 -92.672528
34.268593
0 -92.672526
34.268682
0 -92.672088
34.283245
0 -92.671772
34.294587
0 -92.671276
34.312403
0 -92.670462
34.341734
0 -92.670056
34.356298
0 -92.668711
34.414237
0 -92.686155
34.414695
0 -92.685962
34.422542
0 -92.685438
34.444055
0 -92.68563
34.44549
0 -92.685107
34.466815
0 -92.685284
34.473105
0 -92.69175
34.473439
0 -92.735254
34.473844
0 -92.738905
34.473885
0 -92.738582
34.49942
0 -92.738261
34.503283
0 -92.757093
34.50345
0 -92.775581
34.503736
0 -92.793197
34.503606
0 -92.875172
34.505114
0 -92.879894
34.505431
0 -92.915079
34.506114
0 -92.915386
34.491694
0 -92.914456
34.46595
0 -92.914456
34.462854
0 -92.913462
34.448361
0 -92.92612
34.44859
0 -92.929977
34.448661
0 -92.93049
34.44867
0 -92.939521
34.448878
0 -92.943166
34.448914
0 -92.944615
34.448883
0 -92.947878
34.449063
0 -92.947882
34.444775
0 -92.947938
34.418672
0 -92.94684
34.41861
0 -92.947189
34.411122
0 -92.948071
34.389255
0 -92.964172
34.389567
0 -92.9656
34.38976
0 -92.983147
34.390039
0 -92.983583
34.389466
0 -93.053179
34.390437
0 -93.055334
34.39054
0 -93.07075
34.391244
0 -93.075181
34.391176
0 -93.080955
34.391536
0 -93.087606
34.391726
0 -93.104745
34.391338
0 -93.104845
34.391335
0 -93.115251
34.391558
0 -93.122544
34.391919
0 -93.125244
34.392057
0 -93.194217
34.392823
0 -93.229653
34.394415
0 -93.240142
34.394742
0 -93.24741
34.39497
0 -93.256177
34.394974
0 -93.26415
34.395017
0 -93.268305
34.39519
0 -93.297854
34.395128
0 -93.301856
34.395257
0 -93.319181
34.395815
0 -93.350494
34.396799
0 -93.351485
34.396563
0 -93.407227
34.396853
0 