-95.183551
47.39785
0 -95.183577
47.374955
0 -95.182986
47.372653
0 -95.183053
47.349189
0 -95.18279
47.347305
0 -95.182737
47.326419
0 -95.183173
47.325526
0 -95.18008
47.32515
0 -95.169633
47.325399
0 -95.169553
47.282631
0 -95.169273
47.23973
0 -95.169172
47.152515
0 -95.170363
47.094443
0 -95.1706
47.064164
0 -95.170626
47.062679
0 -95.170227
47.060121
0 -95.169613
47.014679
0 -95.1703
46.978175
0 -95.162266
46.97824
0 -95.162438
46.934949
0 -95.162277
46.920447
0 -95.162453
46.89122
0 -95.162491
46.876549
0 -95.162324
46.875575
0 -95.16253
46.84817
0 -95.162664
46.83717
0 -95.16301
46.80472
0 -95.037649
46.805562
0 -94.911614
46.805054
0 -94.876258
46.805147
0 -94.84187
46.80415
0 -94.829569
46.804239
0 -94.827157
46.804119
0 -94.787126
46.803943
0 -94.659942
46.803716
0 -94.659387
46.890702
0 -94.658859
46.91971
0 -94.658843
46.954949
0 -94.65837
46.97694
0 -94.663635
46.976926
0 -94.664003
47.005869
0 -94.663844
47.024807
0 -94.664015
47.025585
0 -94.663794
47.063626
0 -94.663283
47.106872
0 -94.663909
47.132292
0 -94.663924
47.136027
0 -94.663902
47.139575
0 -94.663891
47.143055
0 -94.663858
47.149902
0 -94.663819
47.156892
0 -94.663597
47.236644
0 -94.663749
47.272818
0 -94.663724
47.280155
0 -94.663541
47.308614
0 -94.663574
47.322722
0 -94.671456
47.322781
0 -94.670214
47.410151
0 -94.68316
47.409988
0 -94.687065
47.409937
0 -94.712915
47.409613
0 -94.750715
47.410499
0 -94.755824
47.410476
0 -94.78893
47.40979
0 -94.799934
47.409848
0 -94.805991
47.409837
0 -94.810542
47.409885
0 -94.910317
47.410592
0 -94.92733
47.410728
0 -94.927505
47.410745
0 -94.948882
47.411477
0 -94.9892
47.41137
0 -94.99108
47.41124
0 -94.99461
47.41148
0 -94.99751
47.41136
0 -95.055669
47.411812
0 -95.083285
47.412187
0 -95.183216
47.412773
0 -95.183551
47.39785
0 