-105.998003
32.002328
0 -105.997806
32.000104
0 -105.99705
31.927642
0 -105.996783
31.901587
0 -105.996543
31.878779
0 -105.996185
31.829363
0 -105.995766
31.750109
0 -105.995413
31.748173
0 -105.994756
31.679688
0 -105.993889
31.606694
0 -105.993415
31.563752
0 -105.992695
31.500109
0 -105.993255
31.478392
0 -105.959262
31.478417
0 -105.958548
31.423461
0 -105.954328
31.423468
0 -105.972273
31.408312
0 -105.997132001253
31.387246427542
0 -105.982046
31.375869
0 -105.970101
31.365937
0 -105.968706
31.365619
0 -105.955596
31.365304
0 -105.954687
31.365182
0 -105.953786
31.364749
0 -105.945852
31.353207
0 -105.945491
31.352082
0 -105.945502
31.350717
0 -105.947826
31.341157
0 -105.947815
31.33987
0 -105.938452
31.318735
0 -105.932553
31.313121
0 -105.931019
31.31271
0 -105.922092
31.311983
0 -105.9181
31.312626
0 -105.914199
31.313041
0 -105.911161
31.312983
0 -105.908771
31.312774
0 -105.907952
31.312562
0 -105.907388
31.312214
0 -105.907039
31.311281
0 -105.906689
31.310045
0 -105.903471
31.306988
0 -105.902098
31.303733
0 -105.8967
31.293122
0 -105.89622
31.292373
0 -105.894595
31.29101
0 -105.893149
31.290375
0 -105.890872
31.290014
0 -105.878093
31.291544
0 -105.876387
31.291668
0 -105.875111
31.29149
0 -105.870456
31.289795
0 -105.869163
31.288815
0 -105.858462
31.276107
0 -105.857272
31.274986
0 -105.854057
31.272748
0 -105.853369
31.271774
0 -105.8517
31.267858
0 -105.850511
31.265269
0 -105.835722
31.246812
0 -105.825730439703
31.2372677435212
0 -105.818835
31.230681
0 -105.794386
31.20224
0 -105.793182
31.201542
0 -105.791413
31.200976
0 -105.786308
31.199547
0 -105.784684
31.19898
0 -105.783554
31.198292
0 -105.782895
31.197563
0 -105.780784
31.193626
0 -105.779725
31.191283
0 -105.779458
31.18985
0 -105.779637
31.187634
0 -105.780047
31.186069
0 -105.780253
31.184941
0 -105.780021
31.182666
0 -105.779122
31.181002
0 -105.776126
31.176524
0 -105.775358
31.174639
0 -105.774268
31.169368
0 -105.773847
31.168033
0 -105.773257
31.166897
0 -105.771776
31.16592
0 -105.76956
31.164876
0 -105.763531
31.164121
0 -105.744431
31.165355
0 -105.743685
31.165254
0 -105.742678
31.164897
0 -105.741564
31.164377
0 -105.71954
31.149161
0 -105.718758
31.148285
0 -105.718298
31.147213
0 -105.717749
31.144761
0 -105.717691
31.143441
0 -105.717525
31.142415
0 -105.717006
31.141438
0 -105.71618
31.140567
0 -105.709491
31.136375
0 -105.693414
31.130819
0 -105.679419
31.126032
0 -105.66912
31.123105
0 -105.665031
31.121751
0 -105.663473
31.121113
0 -105.662283
31.120289
0 -105.661167
31.119827
0 -105.659861
31.11968
0 -105.658833
31.119461
0 -105.648834
31.115902
0 -105.647604
31.114979
0 -105.646731
31.113908
0 -105.642593
31.099374
0 -105.64189
31.098322
0 -105.640849
31.097795
0 -105.639828
31.097647
0 -105.628519
31.098655
0 -105.627349
31.098545
0 -105.606099
31.08503
0 -105.604467
31.083744
0 -105.60333
31.082625
0 -105.598773
31.074926
0 -105.595921
31.064842
0 -105.594467
31.063694
0 -105.588598
31.060551
0 -105.587162
31.059358
0 -105.585323
31.057488
0 -105.584848
31.056327
0 -105.579861841507
31.036657704217
0 -105.579542
31.035396
0 -105.579507
31.034087
0 -105.579913
31.03039
0 -105.58106
31.02816
0 -105.581404
31.026847
0 -105.579114
31.021645
0 -105.578151
31.020224
0 -105.576853
31.019475
0 -105.571976
31.018936
0 -105.571146
31.018656
0 -105.570532
31.018007
0 -105.568956
31.015369
0 -105.568756
31.014606
0 -105.568868
31.013595
0 -105.570233
31.008971
0 -105.570096
31.008203
0 -105.565684
31.002336
0 -105.56368
30.997546
0 -105.55743
30.990229
0 -105.556168
30.98894
0 -105.554044
30.988118
0 -105.543676
30.984746
0 -105.541892
30.984552
0 -105.540574
30.984955
0 -105.538042
30.985734
0 -105.535789
30.985022
0 -105.533088
30.984859
0 -105.532268
30.984308
0 -105.52738
30.978446
0 -105.52634
30.977654
0 -105.52471
30.97719
0 -105.522977
30.976897
0 -105.522094
30.976553
0 -105.52165
30.975982
0 -105.521472319365
30.9752879182445
0 -105.521319
30.974689
0 -105.520338
30.972974
0 -105.519628
30.972537
0 -105.517864
30.971098
0 -105.517731
30.970322
0 -105.516811
30.969252
0 -105.516865
30.967207
0 -105.515718
30.964857
0 -105.514916
30.965223
0 -105.514217
30.966077
0 -105.513764
30.966261
0 -105.511838
30.966494
0 -105.508236
30.966295
0 -105.506674
30.966507
0 -105.503669
30.967958
0 -105.502756
30.967911
0 -105.501968
30.967737
0 -105.500061
30.96595
0 -105.498981
30.96341
0 -105.497958
30.962127
0 -105.496991
30.961401
0 -105.494128
30.957322
0 -105.49395
30.955624
0 -105.494204
30.955303
0 -105.495766
30.955779
0 -105.496897
30.95513
0 -105.496463
30.954325
0 -105.497538
30.953083
0 -105.498094
30.951837
0 -105.498992
30.950725
0 -105.498428
30.950113
0 -105.496648
30.949461
0 -105.494808
30.949363
0 -105.493728
30.949461
0 -105.491109
30.947052
0 -105.489442
30.94549
0 -105.488027
30.943278
0 -105.48629
30.942567
0 -105.484145
30.941093
0 -105.481918
30.94074
0 -105.47822
30.938212
0 -105.477144
30.935986
0 -105.475923
30.933817
0 -105.474206
30.933997
0 -105.473603
30.934388
0 -105.470886
30.933763
0 -105.470706
30.93276
0 -105.470789
30.931239
0 -105.46985
30.931158
0 -105.467552
30.929668
0 -105.467448
30.928202
0 -105.467207
30.927145
0 -105.467339
30.925552
0 -105.466534
30.924197
0 -105.465462
30.924551
0 -105.464927
30.925814
0 -105.462611
30.924988
0 -105.460751
30.925395
0 -105.459474
30.924792
0 -105.457787
30.924923
0 -105.45646
30.924542
0 -105.452971
30.925085
0 -105.451604
30.924827
0 -105.451205
30.923963
0 -105.451208
30.921752
0 -105.451989
30.920125
0 -105.452423
30.91988
0 -105.45375
30.91979
0 -105.454375
30.919427
0 -105.453361
30.917368
0 -105.453152
30.916206
0 -105.452091
30.915653
0 -105.451074
30.915856
0 -105.449989
30.917089
0 -105.448665
30.917723
0 -105.448051
30.918785
0 -105.447127
30.919594
0 -105.445569
30.918527
0 -105.44432
30.917258
0 -105.445451
30.916277
0 -105.445342
30.915333
0 -105.444602
30.913035
0 -105.442236
30.909275
0 -105.440918
30.908362
0 -105.439535
30.908714
0 -105.436172
30.90748
0 -105.434559
30.907685
0 -105.432387
30.906019
0 -105.430136
30.905604
0 -105.428825
30.904681
0 -105.426284
30.900768
0 -105.425624
30.900396
0 -105.424762
30.900996
0 -105.421665
30.900478
0 -105.419272
30.900356
0 -105.415051
30.899952
0 -105.413802
30.899567
0 -105.413552
30.898073
0 -105.412288
30.894398
0 -105.412108
30.89372
0 -105.410702
30.892469
0 -105.410533
30.891885
0 -105.410764
30.891427
0 -105.411897
30.89086
0 -105.412352
30.890034
0 -105.412101
30.889418
0 -105.412273
30.888702
0 -105.41165
30.888502
0 -105.410378
30.889012
0 -105.408235
30.889293
0 -105.406323
30.890632
0 -105.404418
30.891918
0 -105.403369
30.891808
0 -105.402142
30.89028
0 -105.401293
30.890174
0 -105.399866
30.889074
0 -105.399488
30.887949
0 -105.399953
30.887558
0 -105.400008
30.886304
0 -105.398828
30.885329
0 -105.399276
30.884004
0 -105.400983
30.882498
0 -105.403117
30.881506
0 -105.403857
30.880645
0 -105.404158
30.879684
0 -105.40258
30.878791
0 -105.400444
30.876873
0 -105.397619
30.876244
0 -105.39498
30.876298
0 -105.393994
30.876431
0 -105.39284
30.875937
0 -105.391414
30.874347
0 -105.391299
30.873853
0 -105.392021
30.873185
0 -105.394249
30.871961
0 -105.394958
30.87108
0 -105.394438
30.87066
0 -105.394787
30.86969
0 -105.394012
30.868091
0 -105.393644
30.867012
0 -105.395765
30.864707
0 -105.395981
30.864092
0 -105.395007
30.86399
0 -105.394404
30.863107
0 -105.39503
30.862112
0 -105.394523
30.861288
0 -105.395216
30.859289
0 -105.399063
30.857874
0 -105.400453
30.856748
0 -105.401668
30.854563
0 -105.400462
30.852617
0 -105.398013
30.851175
0 -105.396423
30.849882
0 -105.395364
30.849069
0 -105.394357
30.849067
0 -105.394057
30.849528
0 -105.394514
30.850234
0 -105.394096
30.850844
0 -105.393084
30.850961
0 -105.391952
30.850594
0 -105.391036
30.852289
0 -105.389971
30.852143
0 -105.389041
30.852364
0 -105.38784
30.853638
0 -105.386969
30.853606
0 -105.385877
30.852063
0 -105.385518
30.851239
0 -105.384779
30.850543
0 -105.384052
30.850712
0 -105.383626
30.851936
0 -105.382936
30.852067
0 -105.381895
30.851188
0 -105.379766
30.850603
0 -105.377897
30.851089
0 -105.377162
30.851275
0 -105.376723
30.850878
0 -105.377703
30.848999
0 -105.376896
30.848645
0 -105.375465
30.849753
0 -105.374946
30.849939
0 -105.374679
30.848875
0 -105.373042
30.848183
0 -105.371893
30.847575
0 -105.367638
30.847693
0 -105.363852
30.849746
0 -105.362041
30.850545
0 -105.361592
30.850545
0 -105.361352
30.849996
0 -105.360408
30.848584
0 -105.359949
30.846299
0 -105.359331
30.845774
0 -105.358007
30.845549
0 -105.356194
30.844198
0 -105.353871
30.842756
0 -105.353057
30.841278
0 -105.353749
30.839149
0 -105.354423
30.837983
0 -105.353339
30.835924
0 -105.351837
30.835562
0 -105.349691
30.836895
0 -105.347395
30.838267
0 -105.347372
30.839516
0 -105.345755
30.840612
0 -105.342692
30.840998
0 -105.341676
30.84047
0 -105.339293
30.840475
0 -105.338749
30.839645
0 -105.337925
30.837853
0 -105.33741
30.835765
0 -105.337192
30.833481
0 -105.335513
30.833424
0 -105.334135
30.833633
0 -105.331093
30.83226
0 -105.328333
30.831486
0 -105.327762
30.83031
0 -105.330035
30.826491
0 -105.329777
30.825429
0 -105.328866
30.824828
0 -105.327043
30.824705
0 -105.326759
30.826217
0 -105.325482
30.827447
0 -105.324408
30.828331
0 -105.32235
30.827746
0 -105.320108
30.827452
0 -105.320082
30.828506
0 -105.31965
30.829077
0 -105.318897
30.828718
0 -105.318064
30.827612
0 -105.318242
30.82652
0 -105.318967
30.82485
0 -105.317841
30.821492
0 -105.316409
30.820075
0 -105.315958
30.818717
0 -105.317586
30.81719
0 -105.31783
30.815496
0 -105.3186
30.813039
0 -105.318599
30.812166
0 -105.31702
30.810987
0 -105.316101
30.810948
0 -105.3148
30.811471
0 -105.3144
30.812336
0 -105.312688
30.813077
0 -105.311366
30.814017
0 -105.310772
30.815338
0 -105.310184
30.816519
0 -105.309085
30.815409
0 -105.308489
30.81506
0 -105.308176
30.814299
0 -105.30878
30.81373
0 -105.308862
30.811089
0 -105.307588
30.810032
0 -105.306541
30.809708
0 -105.30605
30.810037
0 -105.302861
30.814965
0 -105.300519
30.819326
0 -105.300988
30.820615
0 -105.300832
30.822792
0 -105.300171
30.824652
0 -105.298803
30.82569
0 -105.294165
30.82627
0 -105.292225
30.826311
0 -105.290397
30.825111
0 -105.289258
30.823779
0 -105.289474
30.822452
0 -105.289372
30.82111
0 -105.288658
30.819603
0 -105.288512
30.818516
0 -105.287953
30.817877
0 -105.287208
30.817864
0 -105.284309
30.818734
0 -105.282185
30.818178
0 -105.279401
30.815698
0 -105.279092
30.814386
0 -105.279221
30.812905
0 -105.277565
30.811603
0 -105.277007
30.8103
0 -105.276557
30.808219
0 -105.275558
30.806936
0 -105.27437
30.808093
0 -105.27276
30.808274
0 -105.272017
30.809223
0 -105.268478
30.809353
0 -105.266725
30.808375
0 -105.265936
30.806868
0 -105.265661
30.805141
0 -105.265504
30.802549
0 -105.263826
30.799943
0 -105.261232
30.798497
0 -105.259198
30.796499
0 -105.257941
30.794708
0 -105.256677
30.79444
0 -105.255536
30.795181
0 -105.253909
30.795875
0 -105.252825
30.795805
0 -105.251244
30.797588
0 -105.250095
30.799154
0 -105.247664
30.80019
0 -105.245619
30.800433
0 -105.244476
30.799809
0 -105.243745
30.80024
0 -105.242957
30.801487
0 -105.241783
30.802178
0 -105.239712
30.802274
0 -105.238893
30.802585
0 -105.238298
30.803595
0 -105.237501
30.803529
0 -105.236335
30.803153
0 -105.23557
30.802747
0 -105.234402
30.802661
0 -105.233853
30.803016
0 -105.232133
30.803081
0 -105.230898
30.803715
0 -105.230019
30.803827
0 -105.228391
30.802867
0 -105.22835
30.80172
0 -105.229049
30.800291
0 -105.227891
30.799199
0 -105.225767
30.79957
0 -105.224791
30.80057
0 -105.223396
30.800828
0 -105.2199
30.804351
0 -105.21841
30.805671
0 -105.217675
30.805955
0 -105.216713
30.8058
0 -105.215017
30.805893
0 -105.214685
30.805118
0 -105.2138
30.803481
0 -105.213798
30.80282
0 -105.214014
30.802453
0 -105.213942617246
30.8022077870219
0 -105.213798
30.801711
0 -105.212638
30.800057
0 -105.211117
30.799581
0 -105.210274
30.798417
0 -105.20959
30.797807
0 -105.20992
30.797068
0 -105.210696
30.796876
0 -105.211485
30.795376
0 -105.211479
30.794483
0 -105.213169
30.793146
0 -105.215209
30.792858
0 -105.216938
30.793383
0 -105.2184
30.791741
0 -105.220047
30.788898
0 -105.22015
30.787763
0 -105.219777
30.786423
0 -105.218567
30.785244
0 -105.215401
30.783817
0 -105.214319
30.78335
0 -105.214126
30.782631
0 -105.211433
30.781797
0 -105.209989
30.78265
0 -105.209217
30.78263
0 -105.207017
30.78432
0 -105.206949
30.785866
0 -105.204697
30.787545
0 -105.202757
30.788048
0 -105.200507
30.787373
0 -105.199101
30.789016
0 -105.195756
30.792209
0 -105.195144
30.792138
0 -105.194373
30.791034
0 -105.192755
30.790131
0 -105.192313
30.788917
0 -105.190987
30.785974
0 -105.190407
30.785542
0 -105.187435
30.784778
0 -105.186241
30.784712
0 -105.185596
30.783257
0 -105.185215
30.781993
0 -105.184391
30.781477
0 -105.185172
30.780593
0 -105.185144
30.777722
0 -105.184402
30.776518
0 -105.183436
30.776645
0 -105.182279
30.776366
0 -105.180304
30.77337
0 -105.179367
30.771153
0 -105.177574
30.769289
0 -105.176833
30.768147
0 -105.175366
30.767417
0 -105.173921
30.767647
0 -105.173806
30.768166
0 -105.172504
30.77053
0 -105.170723
30.771728
0 -105.169397
30.774079
0 -105.168759
30.775936
0 -105.166664
30.776583
0 -105.16649
30.775954
0 -105.165727
30.773916
0 -105.164819
30.772493
0 -105.162815
30.770719
0 -105.160695
30.770323
0 -105.159009
30.771006
0 -105.156481
30.769986
0 -105.15612
30.769583
0 -105.157639
30.766572
0 -105.157763
30.761662
0 -105.158744
30.759394
0 -105.160521
30.757711
0 -105.161304
30.756263
0 -105.161259
30.754789
0 -105.161942
30.75351
0 -105.161741
30.752501
0 -105.161127
30.752059
0 -105.158184
30.752862
0 -105.157443
30.753422
0 -105.156527
30.753931
0 -105.15457
30.752766
0 -105.152362
30.751452
0 -105.148489
30.752346
0 -105.147155
30.753648
0 -105.14468
30.754808
0 -105.143771
30.755205
0 -105.142556
30.75498
0 -105.141766
30.754134
0 -105.141386
30.752881
0 -105.140569
30.752208
0 -105.139715
30.752997
0 -105.138275
30.752522
0 -105.137217
30.751737
0 -105.135352
30.751439
0 -105.132822
30.750641
0 -105.130212
30.750572
0 -105.12906
30.749992
0 -105.128476
30.748356
0 -105.127234
30.747772
0 -105.125485
30.748074
0 -105.124278
30.749227
0 -105.123265
30.749504
0 -105.120993
30.749622
0 -105.120027
30.749977
0 -105.119259
30.749995
0 -105.118295
30.749726
0 -105.118021
30.749083
0 -105.119104
30.74856
0 -105.119514
30.748191
0 -105.119432
30.747519
0 -105.120649
30.746292
0 -105.120858
30.745218
0 -105.120532
30.744056
0 -105.119939
30.743229
0 -105.118632
30.743181
0 -105.117093
30.742993
0 -105.115935
30.743578
0 -105.116187
30.744563
0 -105.114977
30.745479
0 -105.113816
30.746001
0 -105.110682
30.743366
0 -105.110945
30.742584
0 -105.1116
30.741916
0 -105.112246
30.740668
0 -105.112027
30.740252
0 -105.110437
30.740291
0 -105.109911
30.740011
0 -105.109901
30.739259
0 -105.110923
30.738709
0 -105.110706
30.73775
0 -105.111591
30.73608
0 -105.111825
30.733261
0 -105.111462
30.732709
0 -105.110409
30.732116
0 -105.11018
30.731295
0 -105.108805
30.730087
0 -105.107599
30.72994
0 -105.106917
30.730368
0 -105.105927
30.730608
0 -105.104791
30.729905
0 -105.103827
30.729483
0 -105.103297
30.728811
0 -105.103889
30.727828
0 -105.103404
30.727057
0 -105.103383
30.726174
0 -105.103901
30.7253
0 -105.105023
30.724877
0 -105.105572
30.724447
0 -105.105443
30.723678
0 -105.104303
30.72303
0 -105.102449
30.722529
0 -105.100916
30.722544
0 -105.099957
30.722206
0 -105.099523
30.721772
0 -105.099281
30.720868
0 -105.098663
30.720467
0 -105.098381
30.720045
0 -105.098282
30.718914
0 -105.098677
30.71778
0 -105.098517
30.716768
0 -105.098179
30.716479
0 -105.096792
30.716222
0 -105.096214
30.715917
0 -105.09531
30.716058
0 -105.095027
30.717107
0 -105.094796
30.71722
0 -105.093687
30.717025
0 -105.09295
30.717167
0 -105.091063
30.717177
0 -105.090135
30.716809
0 -105.088955
30.715897
0 -105.087801
30.715615
0 -105.087162
30.714817
0 -105.086978
30.714255
0 -105.087426
30.712393
0 -105.087837
30.711651
0 -105.087821
30.710661
0 -105.087593
30.710062
0 -105.087181
30.709745
0 -105.084954
30.709865
0 -105.083566
30.710013
0 -105.082986
30.709686
0 -105.082405
30.708648
0 -105.081287
30.708544
0 -105.080443
30.708077
0 -105.080204
30.70724
0 -105.080426
30.706277
0 -105.079537
30.705659
0 -105.079264
30.704825
0 -105.079647
30.703685
0 -105.080331
30.703168
0 -105.080895
30.703032
0 -105.081864
30.702981
0 -105.082444
30.702376
0 -105.082607
30.701871
0 -105.082393
30.701386
0 -105.08174
30.701281
0 -105.080924
30.701483
0 -105.080771
30.701235
0 -105.081129
30.700336
0 -105.08101
30.699931
0 -105.080539
30.699638
0 -105.079441
30.699797
0 -105.078403
30.6997
0 -105.077401
30.700012
0 -105.077049
30.700479
0 -105.076795
30.701263
0 -105.0756
30.701838
0 -105.074583
30.701883
0 -105.073488
30.701548
0 -105.072438
30.701774
0 -105.07049
30.701776
0 -105.069237
30.702244
0 -105.068917
30.703019
0 -105.068783
30.703583
0 -105.068151
30.703645
0 -105.06806
30.702274
0 -105.067875
30.70103
0 -105.06708
30.699456
0 -105.065269
30.69841
0 -105.064018
30.698415
0 -105.062634
30.698582
0 -105.062321
30.697891
0 -105.062657
30.697015
0 -105.061714
30.696021
0 -105.061728
30.694459
0 -105.063007
30.690983
0 -105.063497
30.688694
0 -105.062334
30.686303
0 -105.061577
30.685743
0 -105.060003
30.686241
0 -105.059997
30.687206
0 -105.059005
30.688111
0 -105.056698
30.687864
0 -105.055642
30.685544
0 -105.054263
30.68526
0 -105.054658
30.683876
0 -105.055547
30.682408
0 -105.055023
30.682083
0 -105.051732
30.681519
0 -105.050809
30.682174
0 -105.048711
30.682512
0 -105.047537
30.681704
0 -105.048447
30.680508
0 -105.045493
30.679894
0 -105.045244
30.680609
0 -105.045784
30.681876
0 -105.044381
30.68329
0 -105.045607
30.685742
0 -105.04724
30.68762
0 -105.04699
30.688387
0 -105.0457
30.688897
0 -105.045149
30.688855
0 -105.044555
30.68781
0 -105.042709
30.687353
0 -105.041274
30.688874
0 -105.039739
30.688692
0 -105.035938
30.686639
0 -105.033739
30.683046
0 -105.031576
30.680731
0 -105.028784
30.680264
0 -105.027233
30.678882
0 -105.026312
30.68063
0 -105.024558
30.681485
0 -105.021178
30.681488
0 -105.020142
30.683637
0 -105.017934
30.685168
0 -105.016702
30.684719
0 -105.015973
30.682776
0 -105.012978
30.6825
0 -105.012202
30.683875
0 -105.010286
30.684643
0 -105.007417
30.686455
0 -105.006222
30.685599
0 -105.005525
30.683036
0 -105.00435
30.683083
0 -105.002057
30.680972
0 -105.00124
30.672583
0 -104.999145
30.670967
0 -104.997862
30.668978
0 -104.994033
30.668596
0 -104.993131
30.66695
0 -104.993619
30.665789
0 -104.993132
30.66501
0 -104.991337
30.665175
0 -104.990432
30.663372
0 -104.986248
30.662881
0 -104.9863
30.661059
0 -104.98521
30.655439
0 -104.985181
30.653127
0 -104.985525
30.650057
0 -104.983779
30.642633
0 -104.984496
30.641252
0 -104.983981
30.635206
0 -104.981765
30.63004
0 -104.979999
30.629476
0 -104.97995674349
30.6292311244086
0 -104.97961
30.629363
0 -104.917163
30.663626
0 -104.916706
30.747939
0 -104.916895
30.750836
0 -104.916396
30.835979
0 -104.907592
30.835919
0 -104.907506
30.900312
0 -104.907389
30.941016
0 -104.907818
30.984874
0 -104.907992
30.98488
0 -104.908893
31.000134
0 -104.908864
31.04237
0 -104.909161
31.161061
0 -104.91382
31.660707
0 -104.915356
31.719423
0 -104.9164
31.727656
0 -104.916757
31.734932
0 -104.916798
31.742049
0 -104.917153
31.754539
0 -104.917443
31.755715
0 -104.91716
31.757678
0 -104.91735
31.763872
0 -104.918495
31.885206
0 -104.917661
31.885192
0 -104.918272
32.000496
0 -105.077046
32.000579
0 -105.078605
32.000533
0 -105.11804
32.000485
0 -105.131377
32.000524
0 -105.132916
32.000518
0 -105.14824
32.000485
0 -105.15031
32.000497
0 -105.153994
32.000497
0 -105.339805985361
32.0005834600062
0 -105.390396
32.000607
0 -105.427049
32.000638
0 -105.428582
32.0006
0 -105.429281
32.000577
0 -105.473265
32.0007207104882
0 -105.731362
32.001564
0 -105.750527
32.002206
0 -105.854061
32.00235
0 -105.886159
32.00197
0 -105.9006
32.0021
0 -105.998003
32.002328
0 