-100.580801
44.474492
0 -100.58084
44.46567
0 -100.580034
44.461842
0 -100.573957
44.455475
0 -100.566541
44.450867
0 -100.561365
44.448575
0 -100.554528
44.446266
0 -100.551396
44.44552
0 -100.544506
44.444676
0 -100.539196
44.444431
0 -100.536136
44.444618
0 -100.531284
44.445602
0 -100.512536
44.451092
0 -100.500416
44.454292
0 -100.474868
44.460367
0 -100.470125
44.460945
0 -100.459389
44.46126
0 -100.416893
44.458866
0 -100.412908
44.458377
0 -100.407619
44.457182
0 -100.40481
44.455869
0 -100.399743
44.452486
0 -100.393829
44.447762
0 -100.390072
44.443799
0 -100.388574
44.44269
0 -100.386376
44.440008
0 -100.384519
44.436229
0 -100.384529
44.434834
0 -100.381424
44.422471
0 -100.37888
44.404016
0 -100.373836
44.382887
0 -100.373774
44.380114
0 -100.372076
44.376113
0 -100.370608
44.37365
0 -100.370392
44.373187
0 -100.369125
44.371215
0 -100.367957
44.367279
0 -100.366383
44.358578
0 -100.36539
44.355524
0 -100.362346
44.35128
0 -100.358156
44.349216
0 -100.352067
44.347178
0 -100.343278
44.34463
0 -100.33858
44.343528
0 -100.32632
44.341346
0 -100.322209
44.341121
0 -100.315383
44.340212
0 -100.303256
44.338929
0 -100.291295
44.337018
0 -100.286099
44.335809
0 -100.274725
44.331851
0 -100.26997
44.330946
0 -100.264419
44.330341
0 -100.260855
44.329575
0 -100.256484
44.329101
0 -100.250408
44.327886
0 -100.242529
44.3267
0 -100.23247
44.325557
0 -100.218374
44.326121
0 -100.206736
44.324108
0 -100.205591
44.324165
0 -100.200259
44.323199
0 -100.192032
44.322619
0 -100.182641
44.32303
0 -100.172757
44.324242
0 -100.165704
44.324633
0 -100.150261
44.322031
0 -100.133544
44.318288
0 -100.125403
44.316756
0 -100.112266
44.31265
0 -100.107733
44.311751
0 -100.100371
44.311986
0 -100.098267
44.311795
0 -100.08952
44.309653
0 -100.08533
44.308451
0 -100.078522
44.304902
0 -100.069621
44.299361
0 -100.063242
44.295871
0 -100.059808
44.2942
0 -100.05376
44.292071
0 -100.04454
44.28781
0 -100.040628
44.286354
0 -100.037247
44.285661
0 -100.025337
44.283287
0 -100.015817
44.280787
0 -100.012597
44.279081
0 -99.994761
44.271652
0 -99.991029
44.270309
0 -99.984421
44.268338
0 -99.960573
44.264512
0 -99.955552
44.264324
0 -99.942215
44.266413
0 -99.937371
44.265732
0 -99.929883
44.266274
0 -99.92303
44.266291
0 -99.921059
44.26586
0 -99.910632
44.261928
0 -99.905163
44.259196
0 -99.903449
44.25827
0 -99.899902
44.25516
0 -99.898597
44.253253
0 -99.893564
44.243839
0 -99.892101
44.241881
0 -99.892596
44.239234
0 -99.894217
44.237127
0 -99.906162
44.225614
0 -99.934803
44.206095
0 -99.937312
44.203167
0 -99.938274
44.200347
0 -99.938217
44.195195
0 -99.936879
44.191384
0 -99.93508
44.188277
0 -99.930942
44.182943
0 -99.920472
44.172209
0 -99.91687
44.167867
0 -99.910322
44.154638
0 -99.89907
44.141193
0 -99.892135
44.134418
0 -99.884485
44.129582
0 -99.875395
44.126403
0 -99.867524
44.124359
0 -99.860349
44.123638
0 -99.84811
44.124218
0 -99.835633
44.125515
0 -99.8246
44.127631
0 -99.813222
44.130094
0 -99.803997
44.131724
0 -99.793391
44.133237
0 -99.782039
44.134313
0 -99.774703
44.135368
0 -99.768681
44.135743
0 -99.763054
44.135237
0 -99.750392
44.132819
0 -99.738537
44.127914
0 -99.73076
44.124987
0 -99.72633
44.123844
0 -99.709207
44.118171
0 -99.699462
44.115648
0 -99.692875
44.114222
0 -99.689094
44.113737
0 -99.677789
44.110491
0 -99.674396
44.109257
0 -99.665427
44.105083
0 -99.664632
44.10499
0 -99.654536
44.101689
0 -99.644873
44.100106
0 -99.640834
44.099114
0 -99.632524
44.097895
0 -99.629573
44.097985
0 -99.619624
44.100295
0 -99.612249
44.103694
0 -99.604924
44.11005
0 -99.601679
44.114489
0 -99.599835
44.118283
0 -99.598767
44.123778
0 -99.600569
44.133003
0 -99.602866
44.139282
0 -99.607176
44.145254
0 -99.610311
44.148887
0 -99.622967
44.156502
0 -99.635067
44.162114
0 -99.645
44.1655
0 -99.657972
44.168646
0 -99.676314
44.170106
0 -99.685828
44.170318
0 -99.695752
44.172375
0 -99.703001
44.177174
0 -99.710694
44.184581
0 -99.710264
44.193197
0 -99.701366
44.203364
0 -99.684033
44.21446
0 -99.666121
44.217345
0 -99.663508
44.217517
0 -99.663516
44.222474
0 -99.663673
44.223275
0 -99.664379
44.279926
0 -99.663939
44.282922
0 -99.663769
44.373154
0 -99.663392
44.374983
0 -99.663788
44.512231
0 -99.66367
44.548089
0 -99.676398
44.548111
0 -99.687387
44.548132
0 -99.703117
44.548221
0 -99.724254
44.548131
0 -99.726942
44.548124
0 -99.736675
44.548117
0 -99.767726
44.548153
0 -99.77761
44.548144
0 -99.814695
44.54821
0 -99.855874
44.548369
0 -99.876538
44.548373
0 -99.87903
44.548377
0 -99.885931
44.548393
0 -99.886467
44.548397
0 -99.906456
44.548395
0 -100.039259
44.547932
0 -100.047489
44.548268
0 -100.080597
44.548202
0 -100.087806
44.548237
0 -100.149519
44.548324
0 -100.364161
44.547928
0 -100.365536
44.54783
0 -100.449658
44.547693
0 -100.450623
44.547381
0 -100.451286
44.547731
0 -100.47409
44.547776
0 -100.477662
44.547683
0 -100.480726
44.548249
0 -100.486832
44.547693
0 -100.495214
44.547593
0 -100.526498
44.547422
0 -100.516682
44.534449
0 -100.516362
44.532517
0 -100.517612
44.528773
0 -100.521093
44.524156
0 -100.5261
44.51917
0 -100.529293
44.51648
0 -100.531767
44.515114
0 -100.541516
44.512608
0 -100.549849
44.510189
0 -100.553448
44.508979
0 -100.559292
44.506185
0 -100.568459
44.500497
0 -100.572736
44.496679
0 -100.574209
44.494773
0 -100.575796
44.491713
0 -100.576685
44.487234
0 -100.579734
44.479723
0 -100.580801
44.474492
0 