-99.675621
44.634864
0 -99.676398
44.548111
0 -99.66367
44.548089
0 -99.663788
44.512231
0 -99.663392
44.374983
0 -99.663769
44.373154
0 -99.663939
44.282922
0 -99.664379
44.279926
0 -99.663673
44.223275
0 -99.663516
44.222474
0 -99.663508
44.217517
0 -99.661734
44.217633
0 -99.647556
44.217596
0 -99.63235
44.215661
0 -99.613136
44.21037
0 -99.59909
44.205964
0 -99.593941
44.204045
0 -99.576571
44.192421
0 -99.57644
44.192549
0 -99.541182
44.193007
0 -99.536735
44.192818
0 -99.30018
44.19483
0 -99.300451
44.237864
0 -99.300569
44.248488
0 -99.30027
44.250003
0 -99.300309
44.281765
0 -99.300252
44.310598
0 -99.300411
44.34009
0 -99.300306
44.368388
0 -99.300242
44.412433
0 -99.300697
44.455947
0 -99.300605
44.52853
0 -99.300495
44.54738
0 -99.312483
44.547485
0 -99.312579
44.634207
0 -99.312079
44.678262
0 -99.311783
44.722028
0 -99.311764
44.808997
0 -99.311763
44.822495
0 -99.311898
44.851138
0 -99.312067
44.852532
0 -99.311934
44.854101
0 -99.311754
44.897227
0 -99.328131
44.897192
0 -99.35289
44.897231
0 -99.409715
44.897347
0 -99.409991
44.897291
0 -99.450521
44.897284
0 -99.572699
44.897263
0 -99.67305
44.897492
0 -99.674285
44.854178
0 -99.674472
44.852482
0 -99.674429
44.837352
0 -99.674558
44.835866
0 -99.674561
44.822627
0 -99.674143
44.821141
0 -99.674561
44.820798
0 -99.675167
44.722078
0 -99.675578
44.672668
0 -99.675467
44.671037
0 -99.675621
44.634864
0 