-91.700933
30.497433
0 -91.701219
30.492329
0 -91.692227
30.480939
0 -91.689022
30.479463
0 -91.685283
30.476059
0 -91.677466
30.475739
0 -91.674547
30.474359
0 -91.660871
30.461356
0 -91.663015
30.46068
0 -91.647731
30.449082
0 -91.64573
30.443921
0 -91.640099
30.442728
0 -91.637172
30.434866
0 -91.639568
30.429032
0 -91.634411
30.422467
0 -91.634717
30.419729
0 -91.632547
30.417676
0 -91.629346
30.416223
0 -91.628087
30.413915
0 -91.630003
30.410778
0 -91.630019
30.407084
0 -91.626632
30.401959
0 -91.627084
30.399358
0 -91.625112
30.396207
0 -91.62483
30.394789
0 -91.625997
30.389388
0 -91.626258
30.386418
0 -91.628633
30.383266
0 -91.62774
30.381352
0 -91.627757
30.379553
0 -91.629032
30.377933
0 -91.632827
30.375741
0 -91.636154
30.374172
0 -91.641491
30.373638
0 -91.643315
30.37247
0 -91.644139
30.371585
0 -91.647934
30.365327
0 -91.644643
30.363501
0 -91.635342
30.358764
0 -91.625483
30.354209
0 -91.625578
30.352044
0 -91.627209
30.349203
0 -91.624655
30.341803
0 -91.624591
30.338503
0 -91.625631
30.335197
0 -91.625638
30.333476
0 -91.627145
30.331901
0 -91.627544
30.330102
0 -91.625835
30.323901
0 -91.625112
30.322774
0 -91.621055
30.309938
0 -91.619146
30.307156
0 -91.61141
30.298475
0 -91.609706
30.296563
0 -91.603974
30.289459
0 -91.589959
30.277047
0 -91.587732
30.273282
0 -91.588595
30.269342
0 -91.590836
30.266812
0 -91.591098
30.263704
0 -91.590302
30.260184
0 -91.588039
30.257113
0 -91.57862
30.250197
0 -91.575655
30.247773
0 -91.570264
30.244831
0 -91.566959
30.243403
0 -91.56276
30.241949
0 -91.5585
30.241753
0 -91.554827
30.241896
0 -91.545816
30.239992
0 -91.542288
30.239687
0 -91.541575
30.240008
0 -91.536139
30.239961
0 -91.532971
30.240854
0 -91.530015
30.24122
0 -91.526611
30.240944
0 -91.521073
30.240844
0 -91.517236
30.241187
0 -91.51064
30.240659
0 -91.508268
30.240297
0 -91.500112
30.238169
0 -91.494752
30.237447
0 -91.489656
30.23585
0 -91.483307
30.233104
0 -91.478561
30.231417
0 -91.475277
30.229231
0 -91.475319
30.227377
0 -91.477218
30.224512
0 -91.47983
30.223824
0 -91.481597
30.221234
0 -91.481332
30.218301
0 -91.486291
30.21383
0 -91.488136
30.21085
0 -91.488426
30.208971
0 -91.489691
30.206473
0 -91.488239
30.203792
0 -91.490243
30.201912
0 -91.489081
30.199277
0 -91.482483
30.193848
0 -91.479001
30.192955
0 -91.476679
30.191742
0 -91.473644
30.189038
0 -91.471982
30.186747
0 -91.47177
30.18473
0 -91.472745
30.180766
0 -91.471583
30.175839
0 -91.469821
30.17384
0 -91.470003
30.172285
0 -91.469365
30.16956
0 -91.468094
30.166539
0 -91.468889
30.16309
0 -91.467893
30.160378
0 -91.468378
30.158501
0 -91.468183
30.148957
0 -91.470545
30.146965
0 -91.472232
30.144008
0 -91.4724
30.142127
0 -91.470809
30.140443
0 -91.468208
30.139628
0 -91.466755
30.13816
0 -91.465907
30.135975
0 -91.46325
30.134087
0 -91.461313
30.131246
0 -91.463129
30.125199
0 -91.464822
30.12283
0 -91.467721
30.121132
0 -91.467422
30.120072
0 -91.46874
30.118124
0 -91.47156
30.115672
0 -91.472139
30.114159
0 -91.47082
30.110057
0 -91.469212
30.108155
0 -91.464915
30.104192
0 -91.463833
30.102493
0 -91.38895
30.102294
0 -91.390594
30.100212
0 -91.38925
30.099256
0 -91.381476
30.097167
0 -91.378341
30.095218
0 -91.378025
30.094851
0 -91.377423
30.089534
0 -91.37616
30.085798
0 -91.374714
30.084769
0 -91.37176
30.081562
0 -91.370652
30.079042
0 -91.368831
30.072603
0 -91.369434
30.066301
0 -91.371988
30.064949
0 -91.372066
30.062451
0 -91.369641
30.060413
0 -91.368835
30.058824
0 -91.3679
30.05599
0 -91.366735
30.054699
0 -91.363554
30.055717
0 -91.360446
30.056177
0 -91.355915
30.058103
0 -91.353948
30.06105
0 -91.351156
30.060091
0 -91.34728
30.060467
0 -91.343497
30.0614
0 -91.340648
30.061463
0 -91.33854
30.060648
0 -91.336665
30.058995
0 -91.335592
30.059091
0 -91.269085
30.059308
0 -91.264404
30.054976
0 -91.263824
30.053299
0 -91.264069
30.050801
0 -91.260554
30.046002
0 -91.258774
30.043124
0 -91.255942
30.039776
0 -91.250105
30.034978
0 -91.244729
30.031107
0 -91.241909
30.029532
0 -91.2407
30.02935
0 -91.238689
30.03052
0 -91.234554
30.037692
0 -91.230033
30.041903
0 -91.228681
30.042535
0 -91.225448
30.042273
0 -91.223552
30.040789
0 -91.222239
30.039041
0 -91.221912
30.037765
0 -91.221729
30.031739
0 -91.223266
30.027268
0 -91.224356
30.025336
0 -91.132302
30.054235
0 -91.105951
30.062478
0 -91.106477
30.108099
0 -91.089928
30.108332
0 -91.089849
30.113075
0 -91.090097
30.14111
0 -91.090103
30.153692
0 -91.078739
30.161
0 -91.073432
30.160735
0 -91.06973
30.182153
0 -91.05872
30.211926
0 -91.059273
30.213113
0 -91.057503
30.217871
0 -91.048743
30.241441
0 -91.044718
30.251857
0 -91.041024
30.261854
0 -91.01923
30.318473
0 -91.020602
30.32053
0 -91.021014
30.321489
0 -91.025665
30.318262
0 -91.028271
30.31597
0 -91.032435
30.314822
0 -91.036783
30.314746
0 -91.040452
30.315318
0 -91.04499
30.31533
0 -91.046917
30.316134
0 -91.050206
30.31576
0 -91.052127
30.316288
0 -91.053483
30.31532
0 -91.053546
30.317465
0 -91.056481
30.317531
0 -91.058636
30.317081
0 -91.062717
30.318884
0 -91.064422
30.318148
0 -91.067805
30.319381
0 -91.071102
30.31966
0 -91.07951
30.319537
0 -91.082603
30.319693
0 -91.08633
30.31925
0 -91.09065
30.319365
0 -91.093004
30.320592
0 -91.095639
30.319262
0 -91.098798
30.319537
0 -91.10011
30.318793
0 -91.105204
30.317493
0 -91.107441
30.316062
0 -91.108504
30.315393
0 -91.113004
30.314893
0 -91.115459
30.312693
0 -91.118429
30.312469
0 -91.12013
30.313219
0 -91.125283
30.313232
0 -91.128323
30.314226
0 -91.132672
30.31341
0 -91.136277
30.315112
0 -91.137906
30.317194
0 -91.141478
30.3192
0 -91.142305
30.319893
0 -91.142042
30.322718
0 -91.142105
30.323293
0 -91.230097
30.323293
0 -91.231807
30.323393
0 -91.252698
30.322939
0 -91.253288
30.322933
0 -91.26844
30.322857
0 -91.311285
30.322472
0 -91.319539
30.343886
0 -91.325479
30.346806
0 -91.325586
30.346857
0 -91.336975
30.352495
0 -91.355649
30.375193
0 -91.362651
30.382827
0 -91.375171
30.387256
0 -91.394856
30.395462
0 -91.394834
30.40218
0 -91.394818
30.408805
0 -91.407953
30.426289
0 -91.408342
30.426813
0 -91.412486
30.432332
0 -91.413976
30.431665
0 -91.433597
30.453309
0 -91.452479
30.474139
0 -91.45329
30.474924
0 -91.460166
30.470376
0 -91.485089
30.497138
0 -91.499509
30.496609
0 -91.500109
30.497191
0 -91.516259
30.497065
0 -91.516855
30.497065
0 -91.525855
30.497063
0 -91.526557
30.496494
0 -91.533819
30.494617
0 -91.557819
30.488518
0 -91.556373
30.482822
0 -91.583656
30.48259
0 -91.58337
30.497005
0 -91.625112
30.496957
0 -91.700933
30.497433
0 