-116.794370345464
45.8560169655243
0 -116.790151
45.849851
0 -116.787792
45.844267
0 -116.78752
45.840204
0 -116.788923
45.836741
0 -116.789066
45.833471
0 -116.788329
45.831928
0 -116.782676
45.825376
0 -116.7634
45.81658
0 -116.759787
45.816167
0 -116.755288
45.817061
0 -116.750978
45.818537
0 -116.745219
45.821394
0 -116.740486
45.82446
0 -116.736268
45.826179
0 -116.715527
45.826773
0 -116.711822
45.826267
0 -116.70845
45.825117
0 -116.698079
45.820852
0 -116.697192
45.820135
0 -116.687007
45.806319
0 -116.680139
45.79359
0 -116.665344
45.781998
0 -116.659629
45.780016
0 -116.646342
45.779815
0 -116.639641
45.781274
0 -116.635814
45.783642
0 -116.632032
45.784979
0 -116.60504
45.781018
0 -116.593004
45.778541
0 -116.577422
45.76753
0 -116.559444
45.755189
0 -116.553548
45.753388
0 -116.549085
45.752735
0 -116.546643
45.750972
0 -116.543862684798
45.7469544885719
0 -116.537173
45.737288
0 -116.535698
45.734231
0 -116.538014
45.714929
0 -116.536395
45.69665
0 -116.535396
45.691734
0 -116.528272
45.681473
0 -116.523961
45.677639
0 -116.512326
45.670224
0 -116.49451
45.655679
0 -116.487894
45.649769
0 -116.487274
45.647675
0 -116.487835
45.644302
0 -116.487447
45.643682
0 -116.484219
45.642322
0 -116.483286
45.641529
0 -116.482495
45.639916
0 -116.48282653917
45.6367721223766
0 -116.482899
45.636085
0 -116.482806
45.633595
0 -116.481018
45.632152
0 -116.475803
45.6317
0 -116.472346
45.629409
0 -116.471241
45.627669
0 -116.472882
45.624884
0 -116.469813
45.620604
0 -116.46517
45.617986
0 -116.463504
45.615785
0 -116.463635
45.602785
0 -116.471646
45.593647
0 -116.474702
45.59179
0 -116.476521
45.589673
0 -116.480788
45.587942
0 -116.483105
45.58516
0 -116.483412
45.582615
0 -116.481208
45.580597
0 -116.481943
45.577898
0 -116.48297
45.577008
0 -116.490279
45.574499
0 -116.502756
45.566608
0 -116.503728
45.565102
0 -116.503156
45.562754
0 -116.503957
45.560953
0 -116.506967
45.558427
0 -116.510342
45.556809
0 -116.513931
45.556281
0 -116.517468
45.55679
0 -116.522233
45.555626
0 -116.525888
45.553734
0 -116.527723
45.551818
0 -116.528558
45.551078
0 -116.52828
45.54989
0 -116.526201
45.549482
0 -116.523947
45.548234
0 -116.523638
45.54661
0 -116.527492979455
45.539602100419
0 -116.535482
45.525079
0 -116.543837
45.514193
0 -116.548676
45.510385
0 -116.5525
45.508311
0 -116.554634
45.507856
0 -116.556587
45.506232
0 -116.557587
45.503217
0 -116.556575
45.501388
0 -116.554549
45.500154
0 -116.553473
45.499107
0 -116.553171
45.495932
0 -116.558804
45.481188
0 -116.558803
45.480076
0 -116.55498
45.472801
0 -116.554829
45.46293
0 -116.561744
45.461213
0 -116.563985
45.460169
0 -116.575949
45.452522
0 -116.581382
45.448984
0 -116.588195
45.44292
0 -116.592416
45.427356
0 -116.597447
45.41277
0 -116.619057
45.39821
0 -116.626633
45.388037
0 -116.653252
45.351084
0 -116.673793
45.321511
0 -116.674648
45.314342
0 -116.672594
45.298023
0 -116.672163
45.288938
0 -116.672733
45.283183
0 -116.674493
45.276349
0 -116.675587
45.274867
0 -116.681013
45.27072
0 -116.687027
45.267857
0 -116.625975
45.268127
0 -116.623895
45.268015
0 -116.425699
45.267786
0 -116.392925
45.267956
0 -116.343081
45.268043
0 -116.341117
45.265873
0 -116.341099
45.261912
0 -116.3391
45.258435
0 -116.338147
45.258115
0 -116.334808
45.254855
0 -116.332745
45.251422
0 -116.331984
45.248434
0 -116.331038
45.247574
0 -116.330114
45.244913
0 -116.331407
45.243255
0 -116.331559
45.241186
0 -116.330811
45.239786
0 -116.326084
45.23587
0 -116.324949
45.234486
0 -116.324992
45.230886
0 -116.321077
45.228027
0 -116.32059
45.226089
0 -116.321467
45.224916
0 -116.317832
45.220433
0 -116.317599
45.218403
0 -116.315429
45.215797
0 -116.314936
45.213755
0 -116.312732
45.211358
0 -116.312499
45.206381
0 -116.311342
45.204279
0 -116.309976
45.203251
0 -116.310597
45.199294
0 -116.308361
45.196839
0 -116.308421
45.195006
0 -116.304405
45.192537
0 -116.303552
45.191198
0 -116.304088
45.189047
0 -116.301094
45.184207
0 -116.301144
45.181054
0 -116.302046
45.180159
0 -116.302903
45.174473
0 -116.303757
45.172091
0 -116.302602
45.170489
0 -116.302519
45.1665
0 -116.301184
45.161995
0 -116.299052
45.15828
0 -116.29813
45.153945
0 -116.299627
45.152633
0 -116.299209
45.151481
0 -116.297286
45.149983
0 -116.296209
45.148249
0 -116.29224
45.14753
0 -116.291083
45.148259
0 -116.288075
45.147331
0 -116.287276
45.14648
0 -116.287285
45.144642
0 -116.288239
45.143216
0 -116.286256
45.139446
0 -116.283234
45.13736
0 -116.282607
45.135291
0 -116.28415
45.133678
0 -116.284439
45.130348
0 -116.286122
45.128718
0 -116.291332
45.125899
0 -116.293805
45.125186
0 -116.295897
45.123683
0 -116.299345
45.123108
0 -116.300949
45.121902
0 -116.302823
45.119393
0 -116.3043
45.11908
0 -116.303935
45.116834
0 -116.304719
45.115129
0 -116.302838
45.113002
0 -116.302157
45.111512
0 -116.305282
45.110676
0 -116.304752
45.10893
0 -116.147974
45.107905
0 -116.144531
45.107619
0 -116.145389
45.113362
0 -116.142617
45.117193
0 -116.138949
45.11901
0 -116.137003
45.122038
0 -116.135666
45.122838
0 -116.135057
45.124894
0 -116.135587
45.127354
0 -116.134353
45.129539
0 -116.136136
45.133478
0 -116.136107
45.137309
0 -116.131671
45.141714
0 -116.127046
45.143569
0 -116.125267
45.146803
0 -116.124985
45.151817
0 -116.125742
45.153051
0 -116.124323
45.155041
0 -116.122098
45.156839
0 -116.121743
45.15871
0 -116.118253
45.158526
0 -116.115069
45.159707
0 -116.113297
45.158971
0 -116.106998
45.158854
0 -116.103958
45.155789
0 -116.101672
45.154717
0 -116.098583
45.154895
0 -116.094284
45.156074
0 -116.091333
45.155991
0 -116.09068
45.155335
0 -116.084323
45.154631
0 -116.08143
45.152885
0 -116.075537
45.154904
0 -116.073971
45.157525
0 -116.0741
45.159023
0 -116.071145
45.161665
0 -116.067286
45.163343
0 -116.064242
45.165196
0 -116.061148
45.165809
0 -116.058578
45.165032
0 -116.049712
45.165628
0 -116.048267
45.166198
0 -116.047023
45.167272
0 -116.045921
45.17044
0 -116.046892
45.172509
0 -116.046789
45.174761
0 -116.045405
45.176879
0 -116.04266
45.179387
0 -116.039376
45.180987
0 -116.03462
45.182198
0 -116.03126
45.180476
0 -116.028617
45.180151
0 -116.02686
45.179187
0 -116.024692
45.181949
0 -116.019286
45.182851
0 -116.018266
45.184694
0 -116.016048
45.185619
0 -116.014494
45.187215
0 -116.012939
45.187335
0 -116.012556
45.188609
0 -116.010909
45.189272
0 -116.008987
45.193383
0 -116.007358
45.195376
0 -116.006081
45.196789
0 -116.002388
45.198171
0 -115.998657
45.201198
0 -115.993057
45.204799
0 -115.991157
45.204899
0 -115.990557
45.206399
0 -115.991157
45.208499
0 -115.988857
45.210399
0 -115.989757
45.212999
0 -115.987257
45.214499
0 -115.983357
45.216099
0 -115.980457
45.216699
0 -115.974957
45.219699
0 -115.971457
45.217699
0 -115.972457
45.216999
0 -115.972357
45.215299
0 -115.969957
45.213299
0 -115.968056
45.209399
0 -115.964956
45.204099
0 -115.967156
45.203299
0 -115.967356
45.200899
0 -115.970656
45.199199
0 -115.974056
45.198699
0 -115.975756
45.195699
0 -115.969635
45.195412
0 -115.900156
45.1952
0 -115.900156
45.1962
0 -115.561533
45.196187
0 -114.694126
45.197114
0 -114.690348
45.199678
0 -114.688127
45.202615
0 -114.684954
45.207835
0 -114.683494
45.212061
0 -114.683171
45.214554
0 -114.68421
45.217353
0 -114.684322
45.21926
0 -114.681809
45.220488
0 -114.680861
45.221669
0 -114.681492
45.224904
0 -114.678731
45.228288
0 -114.674985
45.233583
0 -114.674278
45.234208
0 -114.670027
45.23533
0 -114.666868
45.235422
0 -114.664832
45.236359
0 -114.663516
45.237468
0 -114.660276
45.241544
0 -114.659667
45.243277
0 -114.65953
45.248507
0 -114.658026
45.249915
0 -114.651648
45.252596
0 -114.6506
45.254065
0 -114.649799
45.256999
0 -114.648394
45.258544
0 -114.646172
45.258956
0 -114.644621
45.260596
0 -114.642033
45.261486
0 -114.639738
45.26163
0 -114.636923
45.26295
0 -114.635258
45.264456
0 -114.634987
45.266144
0 -114.628491
45.27035
0 -114.62412
45.274594
0 -114.617713
45.277212
0 -114.61633
45.278279
0 -114.607794
45.281103
0 -114.607064
45.281558
0 -114.606879
45.284412
0 -114.604585
45.286207
0 -114.598325
45.292215
0 -114.59685
45.29409
0 -114.593325
45.297415
0 -114.595226
45.29851
0 -114.596724
45.298314
0 -114.599625
45.296614
0 -114.604026
45.295618
0 -114.60869
45.298899
0 -114.61631
45.302818
0 -114.620641
45.306139
0 -114.625758
45.309014
0 -114.629618
45.31318
0 -114.630935
45.315893
0 -114.634579
45.318028
0 -114.640051
45.318933
0 -114.643748
45.320978
0 -114.645683
45.322795
0 -114.646409
45.32467
0 -114.647981
45.326316
0 -114.65114
45.327572
0 -114.654002
45.330151
0 -114.657729
45.334532
0 -114.661871
45.335623
0 -114.663412
45.336881
0 -114.662921
45.339625
0 -114.663612
45.340252
0 -114.670131
45.343181
0 -114.674311
45.348278
0 -114.677012
45.353436
0 -114.677325
45.356668
0 -114.674323
45.363362
0 -114.674677
45.364895
0 -114.6779
45.36594
0 -114.682816
45.364883
0 -114.684758
45.365656
0 -114.684865
45.367308
0 -114.687729
45.369815
0 -114.689729
45.369715
0 -114.693328
45.368614
0 -114.695828
45.369014
0 -114.697428
45.370414
0 -114.698928
45.373014
0 -114.699528
45.377314
0 -114.701327
45.378613
0 -114.705227
45.378713
0 -114.706955
45.379963
0 -114.709229
45.386615
0 -114.711029
45.388215
0 -114.71372
45.391574
0 -114.715329
45.394717
0 -114.717008
45.395947
0 -114.72123
45.397115
0 -114.725642
45.397265
0 -114.728829
45.396815
0 -114.733061
45.395121
0 -114.734983
45.395388
0 -114.736132
45.397415
0 -114.738132
45.398115
0 -114.741031
45.400115
0 -114.741931
45.403315
0 -114.747431
45.404315
0 -114.748831
45.406315
0 -114.751131
45.407315
0 -114.753331
45.409715
0 -114.761831
45.412814
0 -114.762931
45.413714
0 -114.765331
45.419214
0 -114.768332
45.421614
0 -114.765931
45.426114
0 -114.764431
45.427514
0 -114.764831
45.428814
0 -114.768332
45.431614
0 -114.768932
45.434214
0 -114.773432
45.434914
0 -114.777232
45.435114
0 -114.782032
45.435814
0 -114.786732
45.435314
0 -114.790032
45.435414
0 -114.793533
45.436514
0 -114.795333
45.441014
0 -114.792733
45.449214
0 -114.793333
45.452114
0 -114.792333
45.453814
0 -114.790733
45.454214
0 -114.787833
45.457614
0 -114.788933
45.463414
0 -114.789533
45.464914
0 -114.792533
45.467514
0 -114.794233
45.468214
0 -114.796633
45.471714
0 -114.798233
45.475014
0 -114.798433
45.476714
0 -114.796633
45.478714
0 -114.794733
45.479814
0 -114.796333
45.482014
0 -114.796133
45.484914
0 -114.795233
45.486914
0 -114.793333
45.488814
0 -114.793733
45.492414
0 -114.793033
45.494014
0 -114.797733
45.496114
0 -114.797833
45.497014
0 -114.796033
45.499314
0 -114.79546
45.502439
0 -114.793263
45.508641
0 -114.791293
45.509734
0 -114.787738
45.512612
0 -114.784227
45.512157
0 -114.778624
45.512222
0 -114.774167
45.513402
0 -114.770181
45.512481
0 -114.767518
45.511117
0 -114.765566
45.508691
0 -114.762104
45.507493
0 -114.759416
45.504765
0 -114.758598
45.503285
0 -114.755393
45.500422
0 -114.750932
45.497523
0 -114.746832
45.495715
0 -114.743932
45.495715
0 -114.741531
45.494015
0 -114.741031
45.492815
0 -114.734931
45.490215
0 -114.734131
45.489815
0 -114.731231
45.490515
0 -114.728131
45.490615
0 -114.725931
45.489615
0 -114.719531
45.489415
0 -114.70913
45.491215
0 -114.70703
45.492215
0 -114.70443
45.492315
0 -114.70243
45.491315
0 -114.69903
45.491915
0 -114.69553
45.491715
0 -114.69113
45.490715
0 -114.68743
45.487415
0 -114.68393
45.486915
0 -114.68263
45.485115
0 -114.680329
45.483515
0 -114.680229
45.480515
0 -114.679429
45.478815
0 -114.681529
45.476715
0 -114.680829
45.473915
0 -114.677129
45.472615
0 -114.673129
45.472915
0 -114.670629
45.472615
0 -114.664329
45.471015
0 -114.662929
45.472315
0 -114.662729
45.474315
0 -114.661729
45.475915
0 -114.657629
45.479015
0 -114.654829
45.482615
0 -114.651029
45.485615
0 -114.650829
45.487015
0 -114.652129
45.489415
0 -114.651629
45.491715
0 -114.648129
45.493915
0 -114.645429
45.494515
0 -114.644929
45.498115
0 -114.642227
45.499915
0 -114.642281
45.501442
0 -114.637386
45.506719
0 -114.637206
45.509945
0 -114.633641
45.513827
0 -114.632003
45.516432
0 -114.631811
45.518594
0 -114.62782
45.521261
0 -114.626384
45.523527
0 -114.621618
45.525708
0 -114.618069
45.529084
0 -114.613221
45.529952
0 -114.608476
45.531231
0 -114.605415
45.530636
0 -114.602037
45.532861
0 -114.596869
45.533703
0 -114.588275
45.537808
0 -114.586972
45.541873
0 -114.58555
45.543586
0 -114.582906
45.545126
0 -114.57957
45.544353
0 -114.577706
45.544598
0 -114.574063
45.547352
0 -114.571289
45.55002
0 -114.570931
45.551107
0 -114.564691
45.558027
0 -114.565148
45.562595
0 -114.559038
45.565706
0 -114.556468
45.572189
0 -114.556011
45.578585
0 -114.558253
45.585104
0 -114.553999
45.591279
0 -114.539564
45.603711
0 -114.539107
45.60828
0 -114.544905
45.616673
0 -114.553937
45.619299
0 -114.563305
45.631612
0 -114.563652
45.637412
0 -114.561046
45.639906
0 -114.552422
45.642195
0 -114.544952
45.642837
0 -114.541392
45.641173
0 -114.539671
45.646374
0 -114.541162
45.648453
0 -114.539862
45.650264
0 -114.53577
45.650613
0 -114.529678
45.65232
0 -114.522142
45.64934
0 -114.514902
45.653757
0 -114.510981
45.655888
0 -114.507826
45.657508
0 -114.507645
45.658949
0 -114.505865
45.662282
0 -114.503137
45.66484
0 -114.499898
45.667994
0 -114.499727
45.669358
0 -114.500494
45.670808
0 -114.501176
45.672087
0 -114.502199
45.674047
0 -114.502114
45.675753
0 -114.501517
45.676861
0 -114.500665
45.677543
0 -114.499301
45.678054
0 -114.499045
45.679418
0 -114.500205
45.681308
0 -114.501858
45.682317
0 -114.504501
45.682743
0 -114.507229
45.682829
0 -114.510783
45.682745
0 -114.513058
45.683403
0 -114.514902
45.683937
0 -114.515158
45.684875
0 -114.5144
45.685443
0 -114.513027
45.686665
0 -114.51081
45.688711
0 -114.505301
45.690969
0 -114.497535
45.696908
0 -114.495421
45.703321
0 -114.497553
45.710677
0 -114.502040918032
45.7177309324011
0 -114.504869
45.722176
0 -114.5074
45.72358
0 -114.510725
45.724944
0 -114.512771
45.725967
0 -114.514647
45.72699
0 -114.515925
45.727246
0 -114.518142
45.72682
0 -114.519891
45.726287
0 -114.522149
45.726905
0 -114.525303
45.727502
0 -114.527435
45.729036
0 -114.529481
45.732361
0 -114.532124
45.73526
0 -114.533573
45.736368
0 -114.536045
45.738926
0 -114.540138
45.740034
0 -114.544827
45.74208
0 -114.546873
45.744297
0 -114.546874
45.750815
0 -114.545046
45.755841
0 -114.546417
45.760866
0 -114.552813
45.76315
0 -114.558761
45.765426
0 -114.566172
45.773864
0 -114.562509
45.779927
0 -114.555487
45.786249
0 -114.544692
45.791447
0 -114.544133
45.79787
0 -114.540021
45.800612
0 -114.536026
45.80418
0 -114.533168
45.808378
0 -114.532712
45.81249
0 -114.52959
45.819278
0 -114.512973
45.828825
0 -114.517143
45.835993
0 -114.514596
45.840785
0 -114.509303
45.845531
0 -114.498809
45.850676
0 -114.490225
45.851321
0 -114.482915
45.849951
0 -114.476976
45.846753
0 -114.472408
45.848123
0 -114.470296
45.851343
0 -114.466469
45.853149
0 -114.455532
45.855012
0 -114.44868
45.858891
0 -114.445155
45.862594
0 -114.43799
45.86157
0 -114.431167
45.859523
0 -114.422963
45.855381
0 -114.413475
45.851778
0 -114.409477
45.85164
0 -114.406601
45.859523
0 -114.406601
45.867371
0 -114.405129
45.871115
0 -114.400801
45.871124
0 -114.396512
45.871127
0 -114.388243
45.88234
0 -114.387166
45.889164
0 -114.391248
45.891254
0 -114.392954
45.895007
0 -114.395026613783
45.9013587489387
0 -114.395059
45.901458
0 -114.404314
45.903497
0 -114.413168
45.911479
0 -114.41479
45.916842
0 -114.415105
45.922455
0 -114.42912
45.932878
0 -114.430826
45.936631
0 -114.427717
45.939625
0 -114.423681
45.9441
0 -114.415977
45.947891
0 -114.411933
45.952358
0 -114.404708
45.9559
0 -114.402261
45.961489
0 -114.403712
45.967049
0 -114.411562
45.976555
0 -114.427291
45.985509
0 -114.447616
45.987354
0 -114.457923
45.997539
0 -114.464064
45.997301
0 -114.473815
45.991562
0 -114.480823
45.994019
0 -114.485074
45.997703
0 -114.487724
46.004395
0 -114.483709
46.007939
0 -114.477922
46.009025
0 -114.473474
46.013057
0 -114.473811
46.016614
0 -114.476066
46.02113
0 -114.479001
46.026921
0 -114.480241
46.030325
0 -114.485793
46.030022
0 -114.488958
46.02797
0 -114.494579
46.027923
0 -114.501543
46.02894
0 -114.504068
46.029382
0 -114.507632
46.031605
0 -114.505664
46.034472
0 -114.506537
46.038796
0 -114.503876
46.041621
0 -114.49832
46.042019
0 -114.495462
46.045416
0 -114.493272
46.050864
0 -114.493475
46.052402
0 -114.484952
46.054757
0 -114.480197
46.055396
0 -114.474655
46.058343
0 -114.473937
46.060513
0 -114.468529
46.062484
0 -114.46665
46.066281
0 -114.469721
46.067987
0 -114.472791
46.069693
0 -114.473133
46.074129
0 -114.471768
46.077541
0 -114.467674
46.078564
0 -114.464262
46.077882
0 -114.461864
46.078571
0 -114.460167
46.081976
0 -114.459846
46.094773
0 -114.460049
46.097104
0 -114.461024
46.098477
0 -114.464818
46.101608
0 -114.46663828921
46.1042002946716
0 -114.4669
46.104573
0 -114.470859
46.105735
0 -114.472616
46.108275
0 -114.474326
46.113176
0 -114.480094
46.113049
0 -114.484282
46.113686
0 -114.488303
46.113106
0 -114.492123
46.115222
0 -114.494356
46.117163
0 -114.498059
46.118509
0 -114.501426
46.118846
0 -114.504456
46.118173
0 -114.510853
46.120698
0 -114.518886
46.123408
0 -114.5213
46.125287
0 -114.52054
46.127956
0 -114.517616
46.133348
0 -114.518428
46.135848
0 -114.520785
46.136858
0 -114.522592
46.138639
0 -114.525835
46.144097
0 -114.527096
46.146218
0 -114.525667
46.148305
0 -114.524298
46.149443
0 -114.520953
46.151504
0 -114.518043
46.152287
0 -114.515685
46.153419
0 -114.515567
46.155881
0 -114.515567
46.158069
0 -114.515061
46.160258
0 -114.515567
46.162614
0 -114.515567
46.165813
0 -114.514706
46.167726
0 -114.5122
46.167328
0 -114.508833
46.165644
0 -114.506308
46.163961
0 -114.502941
46.164971
0 -114.499911
46.166486
0 -114.497722
46.167328
0 -114.493346
46.167664
0 -114.489254
46.167684
0 -114.478333
46.160876
0 -114.472643
46.162202
0 -114.463833
46.166479
0 -114.456519
46.170351
0 -114.450925
46.16863
0 -114.447364
46.16723
0 -114.444677
46.167024
0 -114.444041
46.16906
0 -114.445928
46.173933
0 -114.444876955681
46.1851717746727
0 -114.443215
46.202943
0 -114.448429
46.208327
0 -114.451757
46.214964
0 -114.445497
46.220227
0 -114.449819
46.237119
0 -114.451912
46.241253
0 -114.454261862264
46.2423376292412
0 -114.468254
46.248796
0 -114.465133
46.252327
0 -114.468995
46.260757
0 -114.470479
46.26732
0 -114.465024
46.273127
0 -114.453257
46.270939
0 -114.441326
46.2738
0 -114.43544
46.27661
0 -114.427309
46.283624
0 -114.425587
46.287899
0 -114.433478
46.305502
0 -114.431708
46.310744
0 -114.418354988935
46.3294910324147
0 -114.413758
46.335945
0 -114.412877647145
46.3430221669054
0 -114.410682
46.360673
0 -114.411592
46.366688
0 -114.420377
46.382471
0 -114.422458
46.387097
0 -114.415181
46.393655
0 -114.409792
46.396545
0 -114.408974
46.400438
0 -114.401216
46.401569
0 -114.399724
46.404844
0 -114.393745
46.408947
0 -114.387798
46.409832
0 -114.384756
46.411784
0 -114.383664
46.413813
0 -114.383817
46.42101
0 -114.38443
46.428513
0 -114.382133
46.432494
0 -114.378917
46.434637
0 -114.373864
46.43525
0 -114.371816
46.435413
0 -114.369577
46.436322
0 -114.367922
46.437176
0 -114.369271
46.43969
0 -114.371568
46.442293
0 -114.374477
46.442906
0 -114.379377
46.44459
0 -114.382706
46.447412
0 -114.381
46.454235
0 -114.380105916768
46.4574256183224
0 -114.379338
46.460166
0 -114.379408818582
46.4602849401228
0 -114.383051
46.466402
0 -114.383600719169
46.466553804688
0 -114.394447
46.469549
0 -114.400068
46.47718
0 -114.403019
46.498675
0 -114.400257
46.502143
0 -114.395204
46.503148
0 -114.385871
46.50437
0 -114.375348
46.501855
0 -114.35874
46.505306
0 -114.351655
46.508119
0 -114.345745
46.513943
0 -114.342072
46.519679
0 -114.342901
46.524747
0 -114.349208
46.529514
0 -114.348733
46.533792
0 -114.34534
46.548444
0 -114.339533
46.564039
0 -114.33175
46.571914
0 -114.331018299161
46.5739361480748
0 -114.330320052252
46.5758658419681
0 -114.329842
46.577187
0 -114.343812
46.589736
0 -114.337846
46.592968
0 -114.330223
46.599607
0 -114.329835
46.603739
0 -114.322519
46.611066
0 -114.327528
46.618803
0 -114.322697
46.625495
0 -114.322806
46.63431
0 -114.320335
46.63853
0 -114.322912
46.642938
0 -114.320665
46.646963
0 -114.32456
46.653579
0 -114.332887
46.660756
0 -114.337178
46.662341
0 -114.344275
46.662053
0 -114.353287
46.663746
0 -114.357379
46.668065
0 -114.360709
46.669059
0 -114.377138
46.667012
0 -114.383602
46.662426
0 -114.394514
46.664846
0 -114.403383
46.659633
0 -114.409201
46.661833
0 -114.410907
46.657466
0 -114.416842
46.658135
0 -114.424424
46.660648
0 -114.436839
46.655744
0 -114.440053
46.653217
0 -114.449093
46.649436
0 -114.453239
46.649266
0 -114.45425
46.640974
0 -114.466902
46.631695
0 -114.486218
46.632829
0 -114.489407
46.634019
0 -114.493567
46.636466
0 -114.498007
46.637655
0 -114.499902
46.640264
0 -114.5012
46.641356
0 -114.5106
46.639194
0 -114.521903
46.640269
0 -114.528092
46.642133
0 -114.533527
46.646414
0 -114.538373
46.647609
0 -114.541997
46.649967
0 -114.546333
46.64498
0 -114.547321
46.644485
0 -114.553403
46.64477
0 -114.557417
46.644051
0 -114.561582
46.642043
0 -114.563335
46.640835
0 -114.569824
46.643324
0 -114.570607
46.64324
0 -114.572772
46.64116
0 -114.577536
46.637257
0 -114.580274
46.635409
0 -114.580674
46.634408
0 -114.583385
46.633227
0 -114.593292
46.632848
0 -114.595213310736
46.63345636205
0 -115.50097
46.493861
0 -115.5042
46.49348
0 -115.625971
46.474048
0 -115.630833
46.47312
0 -115.631105
46.472566
0 -115.629749
46.466339
0 -115.630053
46.465645
0 -115.633739
46.462578
0 -115.636615
46.456748
0 -115.635944
46.455761
0 -115.636912
46.453486
0 -115.636363
46.45293
0 -115.639178
46.450667
0 -115.639743
46.448515
0 -115.639498
46.447562
0 -115.63637
46.445543
0 -115.635783
46.443663
0 -115.636265
46.441902
0 -115.634734
46.43719
0 -115.637744
46.436444
0 -115.640291
46.436563
0 -115.643632
46.435133
0 -115.647633
46.435256
0 -115.648625
46.434641
0 -115.650414
46.431863
0 -115.649688
46.43072
0 -115.651409
46.428556
0 -115.650616
46.42787
0 -115.650651
46.426136
0 -115.649098
46.425311
0 -115.650224
46.423533
0 -115.649729
46.422299
0 -115.651119
46.420613
0 -115.6534
46.420504
0 -115.655485
46.41761
0 -115.657832
46.417731
0 -115.658958
46.415406
0 -115.660446
46.414428
0 -115.662231
46.414432
0 -115.666
46.413505
0 -115.66782
46.411615
0 -115.670333
46.409953
0 -115.672451
46.409344
0 -115.672321
46.408044
0 -115.674142
46.407251
0 -115.674872
46.406045
0 -115.674213
46.404402
0 -115.675439
46.403653
0 -115.675375
46.4024
0 -115.676634
46.401058
0 -115.676272
46.40001
0 -115.677496
46.399943
0 -115.680974
46.396739
0 -115.681541
46.394028
0 -115.683925
46.392415
0 -115.688732
46.391456
0 -115.68922
46.39224
0 -115.691698
46.392712
0 -115.692874
46.391862
0 -115.695522
46.391321
0 -115.694759
46.390183
0 -115.695949
46.389009
0 -115.697719
46.390195
0 -115.699505
46.389637
0 -115.699458
46.388344
0 -115.701671
46.385101
0 -115.702755
46.384479
0 -115.703525
46.382168
0 -115.705509
46.37973
0 -115.708865
46.381421
0 -115.712413
46.381745
0 -115.71513
46.380882
0 -115.71429
46.379742
0 -115.715344
46.378567
0 -115.716815
46.378727
0 -115.72015
46.37719
0 -115.722499
46.375786
0 -115.724621
46.373821
0 -115.724109
46.37164
0 -115.727284
46.370566
0 -115.72929
46.368381
0 -115.731045
46.367206
0 -115.731717
46.365119
0 -115.733043
46.364151
0 -115.733424
46.362857
0 -115.731526
46.362461
0 -115.732326
46.360355
0 -115.730434
46.358284
0 -115.733135
46.356722
0 -115.734654
46.355221
0 -115.732021
46.352298
0 -115.732792
46.349376
0 -115.73492
46.347433
0 -115.733943
46.345935
0 -115.733485
46.342749
0 -115.73206
46.34288
0 -115.730975
46.341067
0 -115.732189
46.339582
0 -115.731495
46.33694
0 -115.733325
46.334566
0 -115.734066
46.331939
0 -115.7337
46.32899
0 -115.739055
46.329622
0 -115.739795
46.329352
0 -115.741672
46.327685
0 -115.73907
46.324065
0 -115.739643
46.32301
0 -115.739231
46.320085
0 -115.745121
46.319357
0 -115.746136
46.318609
0 -115.74683
46.315924
0 -115.748226
46.313687
0 -115.749992
46.312538
0 -115.749805
46.310216
0 -115.752211
46.310278
0 -115.754104
46.309264
0 -115.75217
46.304743
0 -115.75298
46.302439
0 -115.751574
46.299119
0 -115.74921
46.297887
0 -115.748493
46.296808
0 -115.749812
46.296235
0 -115.75082
46.294686
0 -115.753227
46.293766
0 -115.754337
46.291451
0 -115.755706
46.291172
0 -115.758019
46.289451
0 -115.761232
46.288651
0 -115.76041
46.287378
0 -115.756947
46.285226
0 -115.757019
46.284157
0 -115.76153
46.283308
0 -115.764198
46.281878
0 -115.765545
46.282422
0 -115.770844
46.281035
0 -115.773266
46.280103
0 -115.775783
46.277954
0 -115.774772
46.275973
0 -115.77486
46.27407
0 -115.773832
46.273773
0 -115.773786
46.271655
0 -115.775415
46.272402
0 -115.778123
46.269429
0 -115.779083
46.267252
0 -115.78045
46.267236
0 -115.787718
46.268746
0 -115.789498
46.268527
0 -115.790503
46.266804
0 -115.793588
46.266273
0 -115.797649
46.267346
0 -115.798746
46.268404
0 -115.802653
46.270483
0 -115.803665
46.272145
0 -115.805047
46.272413
0 -115.806681
46.271157
0 -115.805846
46.269949
0 -115.808238
46.269089
0 -115.806823
46.267513
0 -115.807256
46.266924
0 -115.813287
46.266361
0 -115.81416
46.265852
0 -115.815687
46.26647
0 -115.815429
46.268745
0 -115.816583
46.270061
0 -115.818831
46.27117
0 -115.820822
46.273612
0 -115.823441
46.27385
0 -115.824458
46.272741
0 -115.827114
46.271679
0 -115.830269
46.273759
0 -115.83645
46.275139
0 -115.837528
46.276031
0 -115.837208
46.278269
0 -115.83845
46.278724
0 -115.843025
46.277811
0 -115.84757
46.28054
0 -115.848452
46.282574
0 -115.851278
46.281611
0 -115.853555
46.281978
0 -115.857162
46.280799
0 -115.858894
46.281364
0 -115.860016
46.280579
0 -115.864065
46.280891
0 -115.867096
46.28316
0 -115.871154
46.284392
0 -115.875086
46.283482
0 -115.879008
46.284507
0 -115.879621
46.283784
0 -115.881514
46.284516
0 -115.886572
46.284918
0 -115.88654
46.2863
0 -115.887674
46.286256
0 -115.892212
46.28848
0 -115.895121
46.288202
0 -115.89708
46.289984
0 -115.900578
46.290983
0 -115.902943
46.290051
0 -115.905652
46.290725
0 -115.912336
46.290318
0 -115.915273
46.290367
0 -115.917724
46.29095
0 -115.918223
46.290456
0 -115.923351
46.29088
0 -115.928242
46.290342
0 -115.929239
46.288834
0 -115.934915
46.290764
0 -115.937287
46.292442
0 -115.939843
46.291769
0 -115.942873
46.29235
0 -115.94535
46.291846
0 -115.948967
46.291829
0 -115.951713
46.291428
0 -115.956903
46.28898
0 -115.958082
46.289084
0 -115.959372
46.289671
0 -115.96052
46.291339
0 -115.966464
46.292188
0 -115.968791
46.293844
0 -115.97263
46.294638
0 -115.973832
46.293987
0 -115.976514
46.294634
0 -115.979373
46.294669
0 -115.980624
46.295925
0 -115.980485
46.299286
0 -115.980976
46.299825
0 -115.983548
46.300296
0 -115.985504
46.301721
0 -115.989621
46.302976
0 -115.995291
46.305371
0 -115.999068
46.306235
0 -115.999791
46.30866
0 -116.001188
46.310074
0 -116.005003
46.310717
0 -116.005999
46.311618
0 -116.006765
46.313807
0 -116.008489
46.3153
0 -116.012336
46.316652
0 -116.014662
46.318567
0 -116.020848
46.325169
0 -116.022739
46.326569
0 -116.025303
46.329198
0 -116.027993
46.33277
0 -116.032355
46.335948
0 -116.032829
46.336952
0 -116.032922
46.34077
0 -116.035647
46.340744
0 -116.038506
46.341265
0 -116.039781
46.342122
0 -116.039804
46.343713
0 -116.038741
46.346916
0 -116.039208
46.347525
0 -116.042505
46.348403
0 -116.045552
46.35018
0 -116.048606
46.352573
0 -116.051959
46.353008
0 -116.053366
46.355577
0 -116.057355
46.355955
0 -116.060194
46.35687
0 -116.062459
46.358785
0 -116.065922
46.359427
0 -116.068542
46.360586
0 -116.072029
46.36065
0 -116.076191
46.36194
0 -116.081789
46.361611
0 -116.085381
46.361109
0 -116.089101
46.359302
0 -116.09028
46.359218
0 -116.094223
46.360516
0 -116.101819
46.361673
0 -116.108647
46.364047
0 -116.11322
46.363975
0 -116.114818
46.362868
0 -116.115428
46.360968
0 -116.118658
46.358218
0 -116.119061
46.357345
0 -116.122416
46.354957
0 -116.131011
46.354243
0 -116.133036
46.35492
0 -116.134314
46.356935
0 -116.137894
46.360173
0 -116.141007
46.361394
0 -116.142901
46.363619
0 -116.142718
46.364754
0 -116.144262
46.367214
0 -116.148102
46.369338
0 -116.15027
46.369472
0 -116.153789
46.370918
0 -116.156757
46.370983
0 -116.162257
46.372279
0 -116.164315
46.372499
0 -116.16857
46.372103
0 -116.170422
46.371589
0 -116.16849
46.370539
0 -116.166584
46.366429
0 -116.166135
46.362603
0 -116.164651
46.357654
0 -116.163408
46.355556
0 -116.16053
46.35295
0 -116.15569
46.350546
0 -116.15408
46.348942
0 -116.15236
46.344573
0 -116.152332
46.34193
0 -116.151547
46.340282
0 -116.149632
46.339541
0 -116.148216
46.337492
0 -116.147547
46.334658
0 -116.143972
46.331885
0 -116.142051
46.329323
0 -116.140645
46.324961
0 -116.139145
46.322663
0 -116.135073
46.315403
0 -116.134475
46.313303
0 -116.132182
46.308872
0 -116.128676
46.30576
0 -116.127603
46.303056
0 -116.12741
46.301281
0 -116.127163
46.29861
0 -116.123513
46.29525
0 -116.120184
46.29266
0 -116.115284
46.288093
0 -116.113863
46.286044
0 -116.104163
46.281841
0 -116.101382
46.279321
0 -116.097163
46.276943
0 -116.095095
46.275121
0 -116.093789
46.272837
0 -116.09318
46.269028
0 -116.09094
46.265997
0 -116.088403
46.264013
0 -116.08331
46.261573
0 -116.079393
46.26068
0 -116.076704
46.259287
0 -116.072415
46.256489
0 -116.064677
46.25617
0 -116.058654
46.254054
0 -116.054196
46.253449
0 -116.051147
46.25362
0 -116.047049
46.253005
0 -116.043932
46.251613
0 -116.041412
46.249433
0 -116.040806
46.247704
0 -116.040756
46.245171
0 -116.040011
46.242497
0 -116.039023
46.241556
0 -116.033318
46.239669
0 -116.029624
46.238143
0 -116.023148
46.233506
0 -116.019655
46.23222
0 -116.017626
46.230761
0 -116.014889
46.228845
0 -116.012665
46.225747
0 -116.01412
46.224971
0 -116.023449
46.222061
0 -116.025221
46.220219
0 -116.035028
46.215757
0 -116.041511
46.212439
0 -116.047954
46.211633
0 -116.05057
46.210696
0 -116.056094
46.209839
0 -116.057611
46.210003
0 -116.060013
46.211293
0 -116.061593
46.210552
0 -116.064509
46.211276
0 -116.065489
46.212313
0 -116.067836
46.210826
0 -116.071281
46.211501
0 -116.073383
46.209668
0 -116.073581
46.208653
0 -116.078835
46.208883
0 -116.084256
46.208059
0 -116.08601
46.208673
0 -116.088159
46.207477
0 -116.09275
46.208447
0 -116.094915
46.20832
0 -116.097452
46.209109
0 -116.102059
46.20958
0 -116.106169
46.210472
0 -116.115738
46.210364
0 -116.121231
46.211118
0 -116.123067
46.212384
0 -116.12555
46.214869
0 -116.134175
46.214943
0 -116.135804
46.213978
0 -116.139787
46.213744
0 -116.141108
46.212302
0 -116.143692
46.212072
0 -116.148981
46.209682
0 -116.149321
46.20881
0 -116.153906
46.205837
0 -116.155151
46.204563
0 -116.15499
46.203259
0 -116.157962
46.201142
0 -116.161915
46.1971
0 -116.162879
46.195734
0 -116.163007
46.193287
0 -116.164477
46.193068
0 -116.165507
46.191884
0 -116.165489
46.189781
0 -116.167362
46.187763
0 -116.171423
46.186326
0 -116.175601
46.185564
0 -116.17602
46.18428
0 -116.18147
46.181702
0 -116.184938
46.178448
0 -116.186439
46.177911
0 -116.186273
46.173593
0 -116.187405
46.170836
0 -116.18576
46.168084
0 -116.187127
46.160124
0 -116.189329
46.154878
0 -116.190744
46.154392
0 -116.1924
46.153529
0 -116.195258
46.153123
0 -116.197286
46.151976
0 -116.199876
46.152804
0 -116.202141
46.152957
0 -116.206933
46.154997
0 -116.211348
46.158058
0 -116.213471
46.15837
0 -116.215201
46.159478
0 -116.21659
46.159061
0 -116.219852
46.161145
0 -116.225978
46.160429
0 -116.227556
46.158975
0 -116.229766
46.158859
0 -116.23317
46.160355
0 -116.235633
46.159696
0 -116.238224
46.160874
0 -116.24102
46.163007
0 -116.241045
46.163913
0 -116.243006
46.167001
0 -116.248054
46.169022
0 -116.249933
46.169098
0 -116.252692
46.168319
0 -116.256984
46.171887
0 -116.258849
46.170889
0 -116.260327
46.168756
0 -116.263195
46.167885
0 -116.267679
46.168183
0 -116.274792
46.171164
0 -116.275818
46.170879
0 -116.277207
46.172389
0 -116.279702
46.17274
0 -116.282016
46.173679
0 -116.286082
46.173916
0 -116.287812
46.173812
0 -116.291951
46.170126
0 -116.297739
46.170226
0 -116.299809
46.167598
0 -116.301254
46.166885
0 -116.303544
46.166781
0 -116.306008
46.168015
0 -116.311006
46.168932
0 -116.315372
46.171055
0 -116.316668
46.172575
0 -116.318026
46.172997
0 -116.319147
46.174709
0 -116.32158
46.175768
0 -116.325853
46.180765
0 -116.327686
46.181533
0 -116.330814
46.183892
0 -116.331849
46.184183
0 -116.337915
46.184044
0 -116.338934
46.18462
0 -116.346019
46.185222
0 -116.347426
46.185814
0 -116.352718
46.185829
0 -116.356919
46.184708
0 -116.35945
46.184988
0 -116.361722
46.184695
0 -116.364455
46.185144
0 -116.366603
46.184841
0 -116.369927
46.183232
0 -116.37184
46.184619
0 -116.377095
46.186789
0 -116.379423
46.1887
0 -116.383137
46.187708
0 -116.385909
46.187984
0 -116.387321
46.190305
0 -116.389517
46.190076
0 -116.3903
46.189094
0 -116.393532
46.187949
0 -116.396433
46.190258
0 -116.398657
46.190249
0 -116.404391
46.192171
0 -116.406799
46.193758
0 -116.411893
46.195866
0 -116.413488
46.197863
0 -116.420384
46.201502
0 -116.42379
46.201727
0 -116.427985
46.202578
0 -116.430284
46.201876
0 -116.433816
46.199451
0 -116.437324
46.197608
0 -116.441527
46.196115
0 -116.445043
46.196148
0 -116.445683
46.196768
0 -116.44927
46.196751
0 -116.45408
46.191977
0 -116.453598
46.190737
0 -116.454419
46.189036
0 -116.454639
46.185283
0 -116.457394
46.180021
0 -116.456887
46.176763
0 -116.457447
46.174458
0 -116.460306
46.172916
0 -116.461142
46.171538
0 -116.463376
46.169941
0 -116.463185
46.165903
0 -116.464472
46.164531
0 -116.465938
46.160641
0 -116.468236
46.160218
0 -116.472132
46.154478
0 -116.474183
46.152315
0 -116.474609
46.150828
0 -116.473834
46.148777
0 -116.476707
46.147887
0 -116.477377
46.146723
0 -116.479759
46.145142
0 -116.480657
46.142536
0 -116.478311
46.139892
0 -116.478759
46.136501
0 -116.480264
46.134646
0 -116.478662
46.133851
0 -116.476504
46.129073
0 -116.474681
46.127444
0 -116.477714
46.122966
0 -116.480364
46.12124
0 -116.483811
46.121002
0 -116.486415
46.121473
0 -116.487956
46.123568
0 -116.490733
46.12337
0 -116.493682
46.121579
0 -116.495378
46.12193
0 -116.497952
46.123673
0 -116.501511
46.122958
0 -116.502465
46.124061
0 -116.505399
46.124815
0 -116.509531
46.127897
0 -116.51107
46.128452
0 -116.512054
46.130274
0 -116.514207
46.131652
0 -116.514652
46.129368
0 -116.514637
46.106885
0 -116.514547
46.081057
0 -116.514461
46.050594
0 -116.516805
46.046437
0 -116.516744
46.043765
0 -116.515636
46.040555
0 -116.514912
46.039123
0 -116.51496
46.038124
0 -116.518123
46.03417
0 -116.519368
46.032749
0 -116.518921
46.030521
0 -116.519954
46.029106
0 -116.523453
46.027192
0 -116.524518
46.024746
0 -116.527943
46.019273
0 -116.528492
46.016895
0 -116.527997
46.015436
0 -116.526085
46.013597
0 -116.52445
46.009366
0 -116.52601
46.007633
0 -116.526359
46.00455
0 -116.53014
46.000661
0 -116.53258
45.999691
0 -116.540232
45.998326
0 -116.542467
45.99949
0 -116.543766
46.002496
0 -116.547222
46.004395
0 -116.55041
46.00501
0 -116.554858
46.006465
0 -116.557084
46.008073
0 -116.562243
46.012753
0 -116.563456
46.013055
0 -116.565235
46.016484
0 -116.567787
46.017603
0 -116.57011
46.019704
0 -116.571709
46.020204
0 -116.574363
46.022755
0 -116.575883
46.022974
0 -116.579026
46.025547
0 -116.58065
46.028285
0 -116.58343
46.028443
0 -116.586077
46.029145
0 -116.587204
46.030209
0 -116.590244
46.03039
0 -116.594002
46.03209
0 -116.596468
46.032561
0 -116.598579
46.033531
0 -116.60708
46.035092
0 -116.609254
46.034927
0 -116.611001
46.033187
0 -116.614176
46.033246
0 -116.615136
46.032757
0 -116.619832
46.036656
0 -116.625523
46.037491
0 -116.627693
46.036831
0 -116.630482
46.03703
0 -116.636934
46.036503
0 -116.638651
46.036076
0 -116.645317
46.032671
0 -116.647832
46.030957
0 -116.649161
46.029062
0 -116.647946
46.026772
0 -116.647279
46.018223
0 -116.643185
46.007268
0 -116.642893
46.003828
0 -116.644428
46.000775
0 -116.645777
45.999777
0 -116.646977
45.996177
0 -116.650083
45.995475
0 -116.652085
45.993975
0 -116.658677
45.991877
0 -116.661977
45.991577
0 -116.666177
45.993977
0 -116.666677
45.994677
0 -116.672376
45.996677
0 -116.677576
45.997177
0 -116.683376
45.998577
0 -116.687577
45.999077
0 -116.692377
45.998577
0 -116.697877
45.999577
0 -116.701177
45.997477
0 -116.701977
45.996177
0 -116.715177
45.990677
0 -116.716277
45.989877
0 -116.718177
45.988677
0 -116.721977
45.984677
0 -116.725577
45.979977
0 -116.725677
45.978777
0 -116.729077
45.975977
0 -116.730177
45.973877
0 -116.730277
45.971477
0 -116.733777
45.969577
0 -116.737976
45.969677
0 -116.741476
45.968977
0 -116.743876
45.966977
0 -116.744376
45.964577
0 -116.746276
45.962477
0 -116.748676
45.961577
0 -116.749578
45.960375
0 -116.749977
45.955777
0 -116.752184
45.953135
0 -116.753124
45.948746
0 -116.755031
45.946721
0 -116.756721
45.942824
0 -116.756943
45.939782
0 -116.754879
45.937756
0 -116.754142
45.935553
0 -116.754089
45.931155
0 -116.749577
45.924877
0 -116.748377
45.920577
0 -116.745477
45.916378
0 -116.742177
45.913978
0 -116.739177
45.913078
0 -116.735676
45.909677
0 -116.736776
45.907877
0 -116.734776
45.904977
0 -116.729977
45.903978
0 -116.729777
45.900978
0 -116.731177
45.898678
0 -116.730377
45.895678
0 -116.730457
45.893769
0 -116.733039
45.890874
0 -116.73606
45.886528
0 -116.74063
45.882761
0 -116.742733
45.880488
0 -116.74392
45.877771
0 -116.743582
45.875913
0 -116.744561
45.874332
0 -116.750979
45.868811
0 -116.75622
45.867647
0 -116.7599
45.867387
0 -116.762309
45.866535
0 -116.767868
45.862532
0 -116.771521
45.86149
0 -116.774378
45.861586
0 -116.780336
45.860239
0 -116.785983
45.856601
0 -116.790083
45.855206
0 -116.794370345464
45.8560169655243
0 