-91.870983
35.810562
0 -91.870924
35.809063
0 -91.869758
35.80476
0 -91.869432
35.801359
0 -91.869629
35.793373
0 -91.869196
35.792034
0 -91.867783
35.787965
0 -91.864979
35.78184
0 -91.864999
35.775514
0 -91.865364
35.773814
0 -91.864653
35.770131
0 -91.859906
35.76589
0 -91.854747
35.76339
0 -91.85007
35.762204
0 -91.848324
35.7613
0 -91.842327
35.756212
0 -91.840246
35.753971
0 -91.836081
35.748855
0 -91.836448
35.727084
0 -91.837179
35.704932
0 -91.806991
35.704532
0 -91.805755
35.705134
0 -91.79439
35.711747
0 -91.789823
35.711734
0 -91.790119
35.687696
0 -91.790554
35.685439
0 -91.790279
35.681624
0 -91.790369
35.674222
0 -91.790835
35.663728
0 -91.791269
35.630052
0 -91.792016
35.603618
0 -91.792136
35.603377
0 -91.79273
35.578553
0 -91.79313
35.564118
0 -91.793552
35.548862
0 -91.793842
35.538351
0 -91.793958
35.534114
0 -91.735282
35.533906
0 -91.726567
35.533655
0 -91.711416
35.533219
0 -91.708647
35.533267
0 -91.707651
35.533303
0 -91.647957
35.532309
0 -91.58188
35.530447
0 -91.551628
35.529461
0 -91.550304
35.5293
0 -91.533451
35.528786
0 -91.504295
35.527898
0 -91.498662
35.52796
0 -91.47873
35.527657
0 -91.475054
35.527603
0 -91.389317
35.526271
0 -91.38726
35.52644
0 -91.37513
35.526274
0 -91.36957
35.526362
0 -91.369515
35.535297
0 -91.36922
35.57029
0 -91.369447
35.5747
0 -91.369256
35.587402
0 -91.36878
35.640012
0 -91.361974
35.642165
0 -91.359188
35.64217
0 -91.355814
35.641284
0 -91.353648
35.639924
0 -91.350765
35.637303
0 -91.346928
35.63633
0 -91.34447
35.636736
0 -91.337736
35.639596
0 -91.334798
35.639247
0 -91.330486
35.637889
0 -91.325095
35.637043
0 -91.32363
35.637348
0 -91.321213
35.639453
0 -91.323357
35.641167
0 -91.323411
35.642471
0 -91.322222
35.646177
0 -91.323178
35.647711
0 -91.324202
35.647755
0 -91.328261
35.646577
0 -91.329495
35.647095
0 -91.331795
35.649453
0 -91.337919
35.650609
0 -91.340006
35.651994
0 -91.341193
35.65422
0 -91.341087
35.655945
0 -91.338481
35.659341
0 -91.337648
35.661319
0 -91.337938
35.663509
0 -91.339161
35.665099
0 -91.340916
35.665478
0 -91.345233
35.664442
0 -91.346952
35.66528
0 -91.347452
35.66639
0 -91.346879
35.667521
0 -91.34379
35.669618
0 -91.342644
35.671158
0 -91.343217
35.672751
0 -91.348147
35.67401
0 -91.350369
35.676329
0 -91.35314
35.678259
0 -91.352932
35.679524
0 -91.349974
35.679102
0 -91.347603
35.679459
0 -91.347183
35.680064
0 -91.347294
35.683512
0 -91.346965
35.688388
0 -91.348173
35.690759
0 -91.350175
35.692352
0 -91.352597
35.693671
0 -91.354582
35.694266
0 -91.355506
35.695333
0 -91.355551
35.697621
0 -91.356246
35.701107
0 -91.355222
35.703109
0 -91.352408
35.704686
0 -91.352052
35.705792
0 -91.353533
35.70746
0 -91.353859
35.709211
0 -91.352341
35.71052
0 -91.349104
35.711293
0 -91.347538
35.714281
0 -91.348281
35.719127
0 -91.347513
35.720509
0 -91.345961
35.721225
0 -91.343427
35.721077
0 -91.342332
35.71951
0 -91.343143
35.717106
0 -91.343198
35.715059
0 -91.34218
35.713186
0 -91.340499
35.712354
0 -91.338237
35.712944
0 -91.335833
35.716092
0 -91.332221
35.71826
0 -91.332131
35.719493
0 -91.333452
35.724054
0 -91.332973
35.72565
0 -91.331952
35.726552
0 -91.328679
35.728049
0 -91.327601
35.730423
0 -91.328285
35.735334
0 -91.329674
35.736698
0 -91.332073
35.737267
0 -91.333216
35.738387
0 -91.333125
35.740747
0 -91.328946
35.742864
0 -91.326917
35.746682
0 -91.323344
35.748424
0 -91.318732
35.748743
0 -91.317645
35.749892
0 -91.31817
35.752633
0 -91.319083
35.754525
0 -91.318903
35.756052
0 -91.317257
35.75671
0 -91.313032
35.756044
0 -91.310604
35.75713
0 -91.310532
35.759148
0 -91.313222
35.762745
0 -91.312943
35.764369
0 -91.310358
35.766173
0 -91.306383
35.766329
0 -91.300852
35.766851
0 -91.2938
35.765482
0 -91.29099
35.765596
0 -91.289898
35.76636
0 -91.289734
35.767669
0 -91.291582
35.76947
0 -91.292132
35.771702
0 -91.290544
35.773225
0 -91.288407
35.773533
0 -91.283168
35.773072
0 -91.280743
35.773794
0 -91.280211
35.774946
0 -91.281873
35.775717
0 -91.284203
35.775244
0 -91.285851
35.776427
0 -91.288053
35.779797
0 -91.288514
35.781275
0 -91.286851
35.783207
0 -91.282837
35.783917
0 -91.281604
35.785084
0 -91.28257
35.78885
0 -91.282185
35.790541
0 -91.280946
35.791934
0 -91.279852
35.792576
0 -91.277533
35.792644
0 -91.273097
35.789624
0 -91.272513
35.788397
0 -91.270843
35.788328
0 -91.269881
35.790331
0 -91.268049
35.792038
0 -91.262962
35.793034
0 -91.261802
35.79354
0 -91.259038
35.796261
0 -91.255628
35.797308
0 -91.249213
35.798104
0 -91.247206
35.799681
0 -91.247144
35.801366
0 -91.249233
35.803045
0 -91.251708
35.803501
0 -91.257072
35.803672
0 -91.259692
35.803278
0 -91.261408
35.804234
0 -91.261465
35.806379
0 -91.260296
35.808434
0 -91.259485
35.811162
0 -91.25834
35.811248
0 -91.256586
35.808606
0 -91.255222
35.807985
0 -91.252365
35.808938
0 -91.249122
35.81171
0 -91.246822
35.812652
0 -91.241969
35.812974
0 -91.237947
35.812459
0 -91.232392
35.812664
0 -91.23053
35.814022
0 -91.230276
35.815241
0 -91.231106
35.816332
0 -91.235649
35.816593
0 -91.237957
35.817465
0 -91.238901
35.819071
0 -91.239046
35.821762
0 -91.238396
35.822967
0 -91.233065
35.822832
0 -91.232284
35.824731
0 -91.235783
35.825273
0 -91.238848
35.826752
0 -91.240315
35.828314
0 -91.241869
35.82874
0 -91.24607
35.828261
0 -91.247072
35.828795
0 -91.248302
35.832301
0 -91.248342
35.833421
0 -91.247689
35.834207
0 -91.245257
35.834851
0 -91.242079
35.834936
0 -91.240179
35.834562
0 -91.237667
35.833071
0 -91.23588
35.833042
0 -91.232841
35.83527
0 -91.230928
35.837482
0 -91.230079
35.841574
0 -91.227891
35.843964
0 -91.2261
35.844556
0 -91.223923
35.84519
0 -91.222347
35.846562
0 -91.218532
35.847304
0 -91.216841
35.84808
0 -91.213924
35.84867
0 -91.210812
35.848536
0 -91.208636
35.84929
0 -91.208404
35.85084
0 -91.21075
35.852396
0 -91.213148
35.852277
0 -91.216945
35.849476
0 -91.21877
35.849471
0 -91.221375
35.85122
0 -91.221619
35.851984
0 -91.220397
35.854248
0 -91.220067
35.855942
0 -91.219023
35.85719
0 -91.213599
35.858062
0 -91.21194
35.85916
0 -91.210052
35.862057
0 -91.20983
35.863695
0 -91.214202
35.867464
0 -91.21468
35.868904
0 -91.215041
35.873576
0 -91.216712
35.876524
0 -91.218596
35.878518
0 -91.21841
35.880914
0 -91.217518
35.882071
0 -91.213929
35.882301
0 -91.212374
35.881284
0 -91.211312
35.879795
0 -91.211206
35.876166
0 -91.210806
35.873873
0 -91.208853
35.872003
0 -91.206786
35.871922
0 -91.204591
35.872906
0 -91.204729
35.873925
0 -91.207222
35.875872
0 -91.209031
35.880694
0 -91.210873
35.881816
0 -91.210796
35.883209
0 -91.205359
35.884685
0 -91.202129
35.88459
0 -91.199096
35.883725
0 -91.197768
35.883936
0 -91.197827
35.885072
0 -91.199104
35.886598
0 -91.202269
35.887055
0 -91.202418
35.888479
0 -91.199137
35.889297
0 -91.198556
35.890024
0 -91.223081
35.890403
0 -91.247534
35.890698
0 -91.250959
35.890892
0 -91.273692
35.890924
0 -91.299774
35.890785
0 -91.35723
35.890621
0 -91.416373
35.891505
0 -91.429904
35.891781
0 -91.449096
35.892173
0 -91.464678
35.892497
0 -91.463198
35.93681
0 -91.471924
35.936807
0 -91.48407
35.93639
0 -91.493622
35.93664
0 -91.536017
35.937794
0 -91.54525
35.93805
0 -91.547584
35.93803
0 -91.559231
35.938238
0 -91.59131
35.938642
0 -91.600275
35.938821
0 -91.627394
35.939285
0 -91.633054
35.939359
0 -91.683289
35.940058
0 -91.683304
35.941042
0 -91.701592
35.941666
0 -91.710552
35.941759
0 -91.735732
35.942453
0 -91.747722
35.942932
0 -91.753345
35.942883
0 -91.772433
35.927885
0 -91.791777
35.912689
0 -91.849448
35.867411
0 -91.849466
35.865131
0 -91.850385
35.859249
0 -91.85081
35.854519
0 -91.850643
35.852045
0 -91.849617
35.846274
0 -91.849725
35.845162
0 -91.852142
35.839688
0 -91.8524
35.839103
0 -91.854368
35.834008
0 -91.854674
35.833327
0 -91.859009
35.828325
0 -91.861428
35.825876
0 -91.864429
35.823734
0 -91.866878
35.820834
0 -91.86975
35.815026
0 -91.870983
35.810562
0 