-79.459265
40.51982
0 -79.459738
40.516737
0 -79.457452
40.51118
0 -79.454548
40.507014
0 -79.453935
40.505529
0 -79.45539
40.501159
0 -79.455291
40.497253
0 -79.453113
40.492181
0 -79.452462
40.48943
0 -79.452575
40.489003
0 -79.452983
40.487477
0 -79.453525
40.486388
0 -79.453765
40.48425
0 -79.451747
40.482307
0 -79.447537
40.480811
0 -79.446694
40.480869
0 -79.440943
40.484921
0 -79.43846
40.486737
0 -79.433132
40.488655
0 -79.430628
40.489046
0 -79.429165
40.487857
0 -79.42848
40.483398
0 -79.425716
40.478938
0 -79.423574
40.473329
0 -79.421315
40.470598
0 -79.418786
40.469837
0 -79.41569
40.470572
0 -79.412306
40.472969
0 -79.408704
40.474334
0 -79.406631
40.474301
0 -79.404308
40.472543
0 -79.40217
40.467641
0 -79.400956
40.465534
0 -79.397926
40.462815
0 -79.395461
40.457132
0 -79.394504
40.45598
0 -79.390768
40.454339
0 -79.381753
40.452697
0 -79.377887
40.453047
0 -79.374191
40.453693
0 -79.373741
40.453853
0 -79.371175
40.455067
0 -79.369591
40.456604
0 -79.368097
40.459689
0 -79.366334
40.465966
0 -79.366352
40.468762
0 -79.366911
40.471842
0 -79.36707
40.47509
0 -79.365925
40.477474
0 -79.365061
40.477868
0 -79.362056
40.478678
0 -79.359467
40.478465
0 -79.358595
40.477916
0 -79.357319
40.475206
0 -79.358029
40.470879
0 -79.361082
40.464258
0 -79.362307
40.463156
0 -79.362275
40.460061
0 -79.360526
40.454095
0 -79.357901
40.452343
0 -79.35606
40.451961
0 -79.353851
40.451701
0 -79.349861
40.451969
0 -79.347185
40.452731
0 -79.345926
40.454825
0 -79.34544
40.46128
0 -79.345408
40.467212
0 -79.344868
40.468242
0 -79.342093
40.470124
0 -79.34028
40.470573
0 -79.33844
40.469998
0 -79.337683
40.469046
0 -79.336651
40.466804
0 -79.333272
40.464059
0 -79.331732
40.461889
0 -79.330796
40.458639
0 -79.330267
40.453851
0 -79.32863
40.452551
0 -79.325409
40.452699
0 -79.322786
40.456032
0 -79.319799
40.458074
0 -79.3161
40.459253
0 -79.310298
40.459856
0 -79.30245
40.461333
0 -79.29974
40.460127
0 -79.298122
40.456739
0 -79.298014
40.455023
0 -79.300496
40.452956
0 -79.301311
40.451756
0 -79.301778
40.450782
0 -79.301267
40.447114
0 -79.299897
40.444912
0 -79.301751
40.439291
0 -79.301284
40.435212
0 -79.299435
40.434515
0 -79.297278
40.434656
0 -79.289409
40.436673
0 -79.287307
40.438611
0 -79.285483
40.441759
0 -79.282848
40.442769
0 -79.278895
40.441891
0 -79.272605
40.439082
0 -79.270738
40.43542
0 -79.269351
40.428517
0 -79.269914
40.426634
0 -79.273542
40.422925
0 -79.273979
40.421709
0 -79.273746
40.419444
0 -79.272856
40.418411
0 -79.268413
40.416838
0 -79.266022
40.416393
0 -79.263281
40.416763
0 -79.260001
40.418698
0 -79.256638
40.420198
0 -79.254114
40.422288
0 -79.250738
40.428511
0 -79.249076
40.430799
0 -79.247568
40.43208
0 -79.246189
40.432129
0 -79.240175
40.429991
0 -79.233203
40.430741
0 -79.227173
40.429061
0 -79.224729
40.427401
0 -79.221971
40.426821
0 -79.214783
40.424458
0 -79.210876
40.42125
0 -79.210093
40.419588
0 -79.206513
40.415032
0 -79.20265
40.4118
0 -79.200202
40.410787
0 -79.197573
40.411479
0 -79.194186
40.414143
0 -79.192895
40.414812
0 -79.192722
40.414862
0 -79.191197
40.415221
0 -79.185372
40.41425
0 -79.181308
40.412874
0 -79.176737
40.41181
0 -79.173713
40.410622
0 -79.164369
40.410224
0 -79.161858
40.410783
0 -79.155789
40.411765
0 -79.153687
40.410841
0 -79.152051
40.408766
0 -79.152641
40.404656
0 -79.154002
40.401701
0 -79.153051
40.399569
0 -79.152698
40.399234
0 -79.150064
40.398064
0 -79.148781
40.39766
0 -79.147892
40.3976
0 -79.146612
40.397788
0 -79.136788
40.398574
0 -79.131693
40.397353
0 -79.124749
40.395361
0 -79.117
40.394243
0 -79.115994
40.393516
0 -79.114906
40.389879
0 -79.116596
40.389072
0 -79.118397
40.389866
0 -79.120828
40.389928
0 -79.122503
40.389354
0 -79.12716
40.386878
0 -79.128677
40.385056
0 -79.128427
40.382504
0 -79.1288
40.381255
0 -79.127116
40.375068
0 -79.124752
40.372873
0 -79.121634
40.370576
0 -79.118159
40.371381
0 -79.114781
40.372372
0 -79.109309
40.373318
0 -79.107615
40.37224
0 -79.106182
40.370588
0 -79.102153
40.368868
0 -79.099589
40.368937
0 -79.096769
40.370725
0 -79.096183
40.371702
0 -79.096116
40.374035
0 -79.09501
40.375909
0 -79.093875
40.376665
0 -79.090527
40.380243
0 -79.089608
40.382285
0 -79.088312
40.386553
0 -79.086617
40.388592
0 -79.082965
40.389582
0 -79.079506
40.38883
0 -79.077162
40.387708
0 -79.074483
40.38582
0 -79.072571
40.383731
0 -79.071501
40.381772
0 -79.069885
40.380414
0 -79.064553
40.379002
0 -79.060271
40.379636
0 -79.058481
40.380868
0 -79.057109
40.384293
0 -79.051885
40.389286
0 -79.048601
40.390393
0 -79.046676
40.390918
0 -79.042436
40.391382
0 -79.040582
40.393049
0 -79.040705
40.39521
0 -79.039835
40.396273
0 -79.036328
40.395996
0 -79.035001
40.396809
0 -79.032998
40.398983
0 -79.032246
40.401957
0 -79.030117
40.404123
0 -79.028031
40.40529
0 -79.028154
40.407056
0 -79.033043
40.408592
0 -79.034262
40.409754
0 -79.034195
40.412109
0 -79.033007
40.416774
0 -79.03174
40.41817
0 -79.029308
40.419253
0 -79.026083
40.419648
0 -79.016617
40.420279
0 -79.012357
40.419581
0 -79.009719
40.418079
0 -78.996637
40.413256
0 -78.991373
40.412554
0 -78.988092
40.411578
0 -78.987085
40.41099
0 -78.982324
40.405779
0 -78.980844
40.402995
0 -78.977151
40.398394
0 -78.974649
40.395972
0 -78.947154
40.441965
0 -78.924248
40.48107
0 -78.923135
40.48304
0 -78.922248
40.48447
0 -78.913761
40.499259
0 -78.910203
40.506977
0 -78.896938
40.53316
0 -78.875114
40.575342
0 -78.866087
40.592926
0 -78.851152
40.625073
0 -78.850773
40.626491
0 -78.846656
40.635638
0 -78.843242
40.64326
0 -78.839519
40.650319
0 -78.834641
40.661678
0 -78.80811
40.72064
0 -78.800584
40.71734
0 -78.79936
40.717273
0 -78.801697
40.724539
0 -78.803291
40.72882
0 -78.806274
40.729742
0 -78.806322
40.735226
0 -78.806482
40.805701
0 -78.806474
40.810574
0 -78.806459
40.817288
0 -78.806363
40.845035
0 -78.805167
40.90598
0 -78.866487
40.906242
0 -78.867471
40.906219
0 -78.892389
40.907
0 -78.897
40.906934
0 -78.903653
40.907295
0 -78.940804
40.908238
0 -78.946066
40.908428
0 -78.955545
40.908614
0 -78.99043
40.909015
0 -79.016463
40.909224
0 -79.046072
40.90959
0 -79.047059
40.909557
0 -79.102155
40.910205
0 -79.124724
40.910571
0 -79.125724
40.910561
0 -79.21531
40.911346
0 -79.215269
40.903931
0 -79.215042
40.839204
0 -79.215024
40.838301
0 -79.215002
40.784673
0 -79.215235
40.776016
0 -79.234823
40.755157
0 -79.237565
40.752543
0 -79.238295
40.751417
0 -79.2413
40.74856
0 -79.251517
40.737758
0 -79.287975
40.699108
0 -79.289733
40.697378
0 -79.337472
40.646827
0 -79.337576
40.646696
0 -79.358475
40.624531
0 -79.41286
40.568256
0 -79.426607
40.554201
0 -79.450176
40.530149
0 -79.449126
40.528241
0 -79.456545
40.523237
0 -79.459265
40.51982
0 