-90.42991
43.118213
0 -90.429865
43.11484
0 -90.429841
43.11302
0 -90.429837
43.112739
0 -90.429077
43.055398
0 -90.428877
43.053953
0 -90.428606
43.031599
0 -90.428602
43.031356
0 -90.428505
43.009955
0 -90.428391
43.002488
0 -90.428556
42.977149
0 -90.428506
42.972349
0 -90.428491
42.967232
0 -90.428472
42.962418
0 -90.428424
42.951466
0 -90.428311
42.944213
0 -90.427656
42.907372
0 -90.42744
42.892822
0 -90.427424
42.871195
0 -90.427362
42.856253
0 -90.427356
42.84636
0 -90.427298
42.84221
0 -90.427223
42.837465
0 -90.426938
42.81625
0 -90.426902
42.812862
0 -90.423239
42.812871
0 -90.422646
42.812874
0 -90.377729
42.813191
0 -90.375127
42.813323
0 -90.342094
42.813664
0 -90.329197
42.813811
0 -90.308599
42.814106
0 -90.299703
42.8142
0 -90.29016
42.8143
0 -90.257521
42.814634
0 -90.249714
42.814722
0 -90.249638
42.814722
0 -90.196211
42.814816
0 -90.190801
42.814757
0 -90.152115
42.814408
0 -90.149315
42.814335
0 -90.147412
42.814446
0 -90.137501
42.814348
0 -90.125121
42.81402
0 -90.117703
42.81421
0 -90.111081
42.813847
0 -90.105003
42.814119
0 -90.090799
42.813872
0 -90.082985
42.81381
0 -90.073092
42.813837
0 -90.065753
42.813905
0 -90.051055
42.814042
0 -90.035164
42.813748
0 -90.010528
42.813965
0 -90.009337
42.813823
0 -89.995911
42.813847
0 -89.994952
42.813855
0 -89.955924
42.813433
0 -89.951095
42.813384
0 -89.875123
42.813282
0 -89.863751
42.813524
0 -89.856864
42.813596
0 -89.856751
42.813596
0 -89.83841
42.813799
0 -89.838167
42.857397
0 -89.838086
42.864965
0 -89.83795
42.88434
0 -89.837985
42.896147
0 -89.838143
42.908326
0 -89.838155
42.915331
0 -89.838567
42.944729
0 -89.838561
42.949939
0 -89.838522
42.96139
0 -89.838517
42.96608
0 -89.838516
42.976617
0 -89.838502
42.980277
0 -89.838553
42.984213
0 -89.838514
42.984419
0 -89.838281
43.029511
0 -89.838262
43.031738
0 -89.838228
43.074701
0 -89.838209
43.083205
0 -89.837963
43.118577
0 -89.837995
43.137273
0 -89.837987
43.140457
0 -89.837978
43.162059
0 -89.837912
43.167071
0 -89.838008
43.176616
0 -89.838135
43.206057
0 -89.841973
43.202474
0 -89.851294
43.198436
0 -89.854466
43.197689
0 -89.858889
43.195581
0 -89.859608
43.195697
0 -89.860237
43.195537
0 -89.866138
43.194652
0 -89.867932
43.194881
0 -89.87005
43.196218
0 -89.876421
43.196516
0 -89.882349
43.195301
0 -89.890175
43.191771
0 -89.893724
43.190449
0 -89.903925
43.18814
0 -89.905276
43.188024
0 -89.912332
43.188335
0 -89.916018
43.188918
0 -89.921773
43.18913
0 -89.928544
43.190705
0 -89.931613
43.191165
0 -89.937498
43.191305
0 -89.940493
43.191626
0 -89.949844
43.193444
0 -89.952461
43.193273
0 -89.956017
43.192509
0 -89.959696
43.19219
0 -89.966239
43.192366
0 -89.967889
43.192107
0 -89.97007
43.1928
0 -89.9772
43.193918
0 -89.982711
43.195628
0 -89.989911
43.195679
0 -89.994771
43.195354
0 -90.000123
43.194624
0 -90.007528
43.191631
0 -90.018843
43.185938
0 -90.024924
43.183322
0 -90.027213
43.181296
0 -90.029266
43.177535
0 -90.031061
43.175765
0 -90.035005
43.172891
0 -90.035542
43.172532
0 -90.042537
43.169518
0 -90.048613
43.166882
0 -90.049844
43.165034
0 -90.049065
43.161877
0 -90.048938
43.159683
0 -90.052561
43.15444
0 -90.052783
43.152159
0 -90.051831
43.149303
0 -90.053429
43.146689
0 -90.05866
43.145291
0 -90.062141
43.145961
0 -90.066776
43.149907
0 -90.069625
43.151869
0 -90.071944
43.152776
0 -90.075418
43.154844
0 -90.078171
43.157701
0 -90.080268
43.159738
0 -90.082387
43.161143
0 -90.086218
43.162198
0 -90.08909
43.16235
0 -90.098201
43.160335
0 -90.10468
43.160526
0 -90.113276
43.160367
0 -90.116792
43.161034
0 -90.122752
43.16177
0 -90.128021
43.163899
0 -90.135067
43.165744
0 -90.142791
43.166104
0 -90.149196
43.166657
0 -90.158983
43.166794
0 -90.160775
43.166543
0 -90.165798
43.164821
0 -90.173087
43.160767
0 -90.178618
43.157912
0 -90.183271
43.157134
0 -90.185716
43.159051
0 -90.187321
43.161855
0 -90.193814
43.164464
0 -90.199004
43.166915
0 -90.207431
43.169178
0 -90.209894
43.170132
0 -90.212908
43.17195
0 -90.218447
43.173234
0 -90.220887
43.174236
0 -90.226154
43.177272
0 -90.231916
43.181614
0 -90.242006
43.189175
0 -90.244874
43.190152
0 -90.251547
43.19236
0 -90.2553
43.195312
0 -90.260077
43.197689
0 -90.26068
43.19777
0 -90.269046
43.196783
0 -90.270904
43.196282
0 -90.271593
43.19605
0 -90.278369
43.19409
0 -90.280706
43.194331
0 -90.283555
43.195275
0 -90.28462
43.196229
0 -90.284955
43.198719
0 -90.285977
43.201042
0 -90.288399
43.203818
0 -90.292534
43.206859
0 -90.296447
43.207907
0 -90.299811
43.20834
0 -90.310917
43.206617
0 -90.316169
43.207406
0 -90.32381
43.207429
0 -90.331048
43.209044
0 -90.336576
43.209782
0 -90.339639
43.209532
0 -90.345673
43.209504
0 -90.350513
43.209786
0 -90.352654
43.20958
0 -90.35602
43.208383
0 -90.360312
43.207938
0 -90.370907
43.20646
0 -90.37723
43.205212
0 -90.382088
43.204018
0 -90.387081
43.203281
0 -90.39419
43.203055
0 -90.400895
43.201507
0 -90.40518
43.201005
0 -90.408663
43.200188
0 -90.409772
43.200145
0 -90.416248
43.201474
0 -90.420403
43.201764
0 -90.427077
43.200972
0 -90.429825
43.20094
0 -90.429684
43.192962
0 -90.429677
43.192237
0 -90.429639
43.188799
0 -90.42962
43.186948
0 -90.429577
43.182989
0 -90.429543
43.179662
0 -90.42991
43.118213
0 