-114.052305834287
37.6363164410974
0 -114.052471996614
37.6047766427194
0 -113.601724
37.60467
0 -113.587797
37.604611
0 -113.587773
37.618223
0 -113.474485
37.618289
0 -113.47402
37.553585
0 -113.474029
37.529085
0 -113.45489
37.529141
0 -113.435915
37.529204
0 -113.328456
37.529165
0 -113.25334
37.528983
0 -113.25349
37.482167
0 -113.216971
37.481942
0 -113.216966
37.481044
0 -113.180837
37.481036
0 -113.14611
37.481028
0 -113.146084
37.474298
0 -113.141958
37.474308
0 -113.037048
37.474474
0 -113.037088
37.499748
0 -113.027062
37.499749
0 -112.900993
37.500021
0 -112.901162
37.543486
0 -112.784847
37.543484
0 -112.68375
37.543692
0 -112.6836
37.631834
0 -112.685212
37.632358
0 -112.686412
37.660359
0 -112.686251
37.661835
0 -112.686045
37.706852
0 -112.685757
37.717338
0 -112.688991
37.717215
0 -112.689128
37.728396
0 -112.689221
37.80559
0 -112.672132
37.80553
0 -112.643394
37.806701
0 -112.57855
37.80454
0 -112.578426
37.868642
0 -112.578313
37.870982
0 -112.578397
37.882147
0 -112.588468
37.882208
0 -112.588402
37.890423
0 -112.468177
37.890464
0 -112.466966
37.977659
0 -112.478965
37.977677
0 -112.478682
38.147334
0 -112.614084
38.148156
0 -112.740178
38.147696
0 -112.750865
38.148286
0 -112.76335
38.148391
0 -112.870389
38.149231
0 -112.875781
38.149045
0 -112.889197
38.148115
0 -112.959753
38.148308
0 -113.000786
38.148433
0 -113.001854
38.148172
0 -113.255561
38.14871
0 -113.256103
38.14871
0 -114.049903
38.148601
0 -114.050423
37.999961
0 -114.050047854371
37.9418046005448
0 -114.049658
37.881368
0 -114.049928
37.852508
0 -114.049677
37.823645
0 -114.048473
37.809861
0 -114.049919
37.765586
0 -114.051109
37.756276
0 -114.05167
37.746958
0 -114.051785
37.746249
0 -114.051728
37.745997
0 -114.051843685201
37.7240384250769
0 -114.052305834287
37.6363164410974
0 