-83.500702
31.59399
0 -83.500951
31.570117
0 -83.470825
31.569391
0 -83.47093
31.555957
0 -83.437164
31.554384
0 -83.420624
31.553477
0 -83.419197
31.55232
0 -83.41249
31.548085
0 -83.411224
31.545776
0 -83.409929
31.5447
0 -83.407066
31.543465
0 -83.404799
31.541175
0 -83.403589
31.536683
0 -83.402498
31.535844
0 -83.401234
31.533376
0 -83.398767
31.532783
0 -83.397041
31.531075
0 -83.39776
31.529173
0 -83.397465
31.527752
0 -83.39564
31.524604
0 -83.395802
31.522747
0 -83.394563
31.520852
0 -83.394557
31.518141
0 -83.391435
31.515063
0 -83.389378
31.514656
0 -83.386527
31.510777
0 -83.386381
31.506233
0 -83.38582
31.502226
0 -83.384897
31.501428
0 -83.38364
31.494166
0 -83.38423
31.492082
0 -83.382249
31.488522
0 -83.382192
31.487097
0 -83.380089
31.485431
0 -83.377823
31.484447
0 -83.376475
31.482029
0 -83.372985
31.482189
0 -83.37058
31.48453
0 -83.364076
31.484943
0 -83.361055
31.484203
0 -83.359655
31.482194
0 -83.35689
31.481631
0 -83.355755
31.480508
0 -83.35239
31.479463
0 -83.350553
31.477739
0 -83.34879
31.477534
0 -83.34693
31.476449
0 -83.34527
31.476314
0 -83.341375
31.475912
0 -83.338728
31.475991
0 -83.284229
31.475624
0 -83.146085
31.472088
0 -83.145587
31.472276
0 -83.141781
31.471857
0 -83.139838
31.471996
0 -83.13188
31.473687
0 -83.129715
31.473925
0 -83.122458
31.473401
0 -83.119817
31.473677
0 -83.117659
31.474981
0 -83.116182
31.477289
0 -83.114934
31.478085
0 -83.11166
31.478229
0 -83.110317
31.482332
0 -83.104435
31.489194
0 -83.10169
31.493671
0 -83.096731
31.506193
0 -83.095765
31.507489
0 -83.092167
31.510641
0 -83.091014
31.511336
0 -83.084894
31.513891
0 -83.083732
31.515288
0 -83.083653
31.518404
0 -83.082661
31.524107
0 -83.08203
31.525323
0 -83.077274
31.529741
0 -83.074949
31.532477
0 -83.073021
31.536095
0 -83.072003
31.539903
0 -83.0711
31.541503
0 -83.068268
31.545164
0 -83.064965
31.552821
0 -83.063463
31.557869
0 -83.060043
31.565493
0 -83.059679
31.57998
0 -83.058807
31.611212
0 -83.044848
31.610805
0 -83.044424
31.62416
0 -83.030189
31.623688
0 -83.029361
31.636185
0 -83.014174
31.635715
0 -83.014014
31.637624
0 -83.013625
31.652989
0 -83.01342
31.660801
0 -82.998794
31.660467
0 -82.998747
31.661823
0 -82.99836
31.673164
0 -82.999704
31.672851
0 -83.00557
31.673395
0 -83.050436
31.674715
0 -83.144577
31.677606
0 -83.146536
31.677787
0 -83.176376
31.678382
0 -83.177218
31.651691
0 -83.187948
31.652057
0 -83.243979
31.653259
0 -83.266363
31.654203
0 -83.265636
31.679859
0 -83.272057
31.679938
0 -83.272242
31.679942
0 -83.273663
31.679829
0 -83.274562
31.679796
0 -83.278481
31.679665
0 -83.313713
31.680391
0 -83.314654
31.680415
0 -83.325617
31.680603
0 -83.325443
31.694691
0 -83.324885
31.735265
0 -83.324625
31.73982
0 -83.324915
31.746605
0 -83.325296
31.756584
0 -83.339868
31.756599
0 -83.339664
31.769552
0 -83.369642
31.769651
0 -83.369799
31.760642
0 -83.370272
31.757056
0 -83.453634
31.757861
0 -83.454224
31.756752
0 -83.453178
31.755268
0 -83.452179
31.752165
0 -83.452696
31.750599
0 -83.453967
31.749599
0 -83.457001
31.748386
0 -83.457787
31.747005
0 -83.459602
31.745995
0 -83.461937
31.743137
0 -83.463631
31.741884
0 -83.466637
31.741806
0 -83.465691
31.738811
0 -83.463921
31.736189
0 -83.463341
31.733664
0 -83.463722
31.731659
0 -83.463142
31.729078
0 -83.460513
31.725952
0 -83.459443
31.725918
0 -83.458305
31.724094
0 -83.456184
31.722874
0 -83.456169
31.719002
0 -83.455719
31.716518
0 -83.453789
31.711975
0 -83.452919
31.708597
0 -83.455246
31.705688
0 -83.458801
31.704508
0 -83.459839
31.703245
0 -83.461205
31.699444
0 -83.460637
31.69539
0 -83.463264
31.695463
0 -83.490672
31.696093
0 -83.490526
31.690884
0 -83.49064
31.688167
0 -83.49057
31.676699
0 -83.490951
31.670143
0 -83.491325
31.635463
0 -83.491647
31.61941
0 -83.499885
31.619458
0 -83.500702
31.59399
0 