-85.088811
43.813676
0 -85.088293
43.760264
0 -85.087978
43.755553
0 -85.087287
43.726536
0 -85.086551
43.639527
0 -85.086411
43.637576
0 -85.086011
43.595778
0 -85.085892
43.577897
0 -85.085782
43.566919
0 -85.085672
43.552476
0 -85.084996
43.46619
0 -85.005188
43.466052
0 -84.965747
43.466224
0 -84.965497
43.466135
0 -84.944773
43.466242
0 -84.905771
43.466184
0 -84.845962
43.466158
0 -84.836323
43.466225
0 -84.829909
43.466222
0 -84.802274
43.466257
0 -84.796665
43.466263
0 -84.786682
43.466274
0 -84.766636
43.466288
0 -84.746672
43.466234
0 -84.742504
43.466238
0 -84.736895
43.466235
0 -84.726798
43.466236
0 -84.718118
43.466184
0 -84.68716
43.466112
0 -84.682283
43.46608
0 -84.673695
43.466072
0 -84.667261
43.46605
0 -84.662364
43.466054
0 -84.6583
43.466057
0 -84.60754
43.466006
0 -84.607609
43.505783
0 -84.607655
43.514925
0 -84.607692
43.52395
0 -84.607796
43.553628
0 -84.607825
43.597046
0 -84.607828
43.597219
0 -84.607828
43.59752
0 -84.60786
43.611555
0 -84.607909
43.614624
0 -84.60796
43.640734
0 -84.607604
43.677035
0 -84.606944
43.727957
0 -84.606296
43.78575
0 -84.606035
43.815218
0 -84.707157
43.815053
0 -84.728443
43.814995
0 -84.751693
43.81482
0 -84.752405
43.814842
0 -84.753349
43.814841
0 -84.754856
43.814797
0 -84.756172
43.814714
0 -84.759702
43.814697
0 -84.768358
43.814728
0 -84.77138
43.814711
0 -84.78346
43.814646
0 -84.808398
43.814557
0 -84.828335
43.814449
0 -84.84369
43.814342
0 -84.849532
43.814314
0 -84.866685
43.814198
0 -84.873334
43.814197
0 -84.875016
43.813817
0 -84.88711
43.814034
0 -84.969073
43.813768
0 -84.969706
43.813772
0 -85.008888
43.813971
0 -85.088811
43.813676
0 