-76.928333
36.704689
0 -76.930272
36.704996
0 -76.92745
36.702648
0 -76.927962
36.700502
0 -76.92649
36.700311
0 -76.925691
36.698329
0 -76.923824
36.69874
0 -76.922396
36.699988
0 -76.920407
36.700175
0 -76.920275
36.699045
0 -76.918045
36.70033
0 -76.916913
36.699916
0 -76.915772
36.700985
0 -76.912221
36.698408
0 -76.913101
36.696105
0 -76.913889
36.695672
0 -76.91507
36.694663
0 -76.91581
36.695381
0 -76.916505
36.694924
0 -76.915846
36.693117
0 -76.91708
36.693344
0 -76.917328
36.693043
0 -76.917039
36.690759
0 -76.917224
36.690175
0 -76.919586
36.688776
0 -76.918493
36.68867
0 -76.917625
36.687769
0 -76.917657
36.687199
0 -76.920004
36.686134
0 -76.920984
36.686007
0 -76.920953
36.685402
0 -76.920531
36.685099
0 -76.920638
36.683823
0 -76.920915
36.683237
0 -76.922266
36.682518
0 -76.923308
36.683795
0 -76.923878
36.683196
0 -76.924047
36.682452
0 -76.92448
36.682421
0 -76.924575
36.683913
0 -76.924989
36.683886
0 -76.92518
36.683342
0 -76.924982
36.682195
0 -76.92315
36.681395
0 -76.921455
36.681781
0 -76.919961
36.681384
0 -76.918298
36.680508
0 -76.916467
36.679165
0 -76.917129
36.676111
0 -76.919013
36.674695
0 -76.917729
36.674023
0 -76.914856
36.674564
0 -76.912015
36.672717
0 -76.91197
36.670912
0 -76.912163
36.669307
0 -76.915053
36.666538
0 -76.917742
36.662368
0 -76.917749
36.661251
0 -76.915559
36.659803
0 -76.913801
36.6593
0 -76.913873
36.657825
0 -76.912077
36.655793
0 -76.912964
36.652082
0 -76.912598
36.650697
0 -76.910569
36.649849
0 -76.909672
36.648175
0 -76.907702
36.64719
0 -76.9004
36.645731
0 -76.897592
36.64405
0 -76.869449
36.664407
0 -76.860938
36.670658
0 -76.827275
36.69527
0 -76.814643
36.705733
0 -76.813535
36.706437
0 -76.793189
36.719455
0 -76.75581
36.746046
0 -76.747665
36.752616
0 -76.741229
36.7575
0 -76.723256
36.7714
0 -76.691033
36.796239
0 -76.670513
36.812093
0 -76.662987
36.818012
0 -76.661048
36.819236
0 -76.632902
36.840717
0 -76.631277
36.84196
0 -76.611708
36.856884
0 -76.581707
36.879413
0 -76.56927
36.888802
0 -76.544317
36.907479
0 -76.537863
36.912395
0 -76.535812
36.912507
0 -76.534625
36.91355
0 -76.53352
36.915563
0 -76.529279
36.916698
0 -76.526428
36.914628
0 -76.527156
36.910923
0 -76.524547
36.907412
0 -76.521099
36.90633
0 -76.518442
36.907103
0 -76.515877
36.908988
0 -76.512552
36.910534
0 -76.508411
36.911992
0 -76.502845
36.913313
0 -76.501754
36.913646
0 -76.500425
36.914626
0 -76.4951708895556
36.9224996367245
0 -76.496913
36.92415
0 -76.497745
36.92681
0 -76.498814
36.928615
0 -76.499765
36.929375
0 -76.499884
36.93365
0 -76.499171
36.937545
0 -76.495249
36.941439
0 -76.489426
36.940489
0 -76.488238
36.939254
0 -76.487049
36.938495
0 -76.485528
36.938576
0 -76.486405
36.944533
0 -76.486578415639
36.9457105903486
0 -76.486935
36.948132
0 -76.487559
36.952372
0 -76.486455
36.95654
0 -76.489188
36.959674
0 -76.492991
36.962997
0 -76.495962
36.964991
0 -76.500355
36.965212
0 -76.5024498983362
36.9656701784876
0 -76.5117799300356
36.9677107642951
0 -76.513363
36.968057
0 -76.517591
36.971828
0 -76.521006
36.973187
0 -76.5218831698107
36.9746216313646
0 -76.524142
36.978316
0 -76.522971
36.981085
0 -76.524853
36.983833
0 -76.53411
36.985214
0 -76.5389454338652
36.9874608195607
0 -76.540646
36.988251
0 -76.543498
36.990814
0 -76.5454
36.993567
0 -76.548371
36.996414
0 -76.551246
36.998946
0 -76.556927
37.002014
0 -76.562923
37.003796
0 -76.566197
37.003912
0 -76.569405
37.003153
0 -76.570237
37.001729
0 -76.570475
36.999831
0 -76.5707078507468
36.9995334684902
0 -76.571663
36.998313
0 -76.575704
36.998028
0 -76.5767885479729
36.9982514451442
0 -76.579388
36.998787
0 -76.5795149594144
36.9990471436957
0 -76.582121
37.004387
0 -76.5821730594656
37.004484
0 -76.583547
37.007044
0 -76.581111
37.009762
0 -76.579982
37.011979
0 -76.577486
37.013022
0 -76.57606
37.015395
0 -76.577249
37.020329
0 -76.577962
37.021942
0 -76.580991
37.024939
0 -76.586491
37.02874
0 -76.600066
37.033042
0 -76.603559
37.033311
0 -76.612124
37.035604
0 -76.638451
37.035414
0 -76.646013
37.036228
0 -76.653998
37.039172
0 -76.6546526449948
37.0395881863132
0 -76.659129
37.042434
0 -76.662558
37.045748
0 -76.66626
37.050212
0 -76.66835
37.05506
0 -76.669944
37.059885
0 -76.669822
37.06426
0 -76.667646
37.076228
0 -76.65811
37.096787
0 -76.657109
37.0998
0 -76.657671
37.101505
0 -76.658416
37.103307
0 -76.657169
37.106891
0 -76.656894
37.109843
0 -76.657397
37.112131
0 -76.659486
37.114775
0 -76.662374663455
37.1177139593944
0 -76.662932
37.118281
0 -76.664477
37.121882
0 -76.665071
37.125388
0 -76.664121
37.129557
0 -76.664358
37.132873
0 -76.665367
37.13473
0 -76.666542
37.138179
0 -76.6670322225413
37.140204956066
0 -76.667092
37.140452
0 -76.668993
37.140926
0 -76.671588
37.14206
0 -76.67379
37.140979
0 -76.675422
37.139043
0 -76.675742
37.136499
0 -76.674654
37.135043
0 -76.672606
37.133875
0 -76.672654
37.132771
0 -76.675822
37.132147
0 -76.678222
37.130403
0 -76.679806
37.127923
0 -76.680286
37.126291
0 -76.67979
37.121123
0 -76.679966
37.117683
0 -76.678606
37.115427
0 -76.677134
37.113923
0 -76.679102
37.112627
0 -76.679358
37.111427
0 -76.67779
37.109811
0 -76.675166
37.108643
0 -76.677966
37.104179
0 -76.679006
37.104403
0 -76.679454
37.105907
0 -76.681406
37.106739
0 -76.682622
37.105027
0 -76.68419
37.103891
0 -76.682974
37.101971
0 -76.682078
37.098659
0 -76.684142
37.097011
0 -76.681694
37.093779
0 -76.683838
37.092628
0 -76.683822
37.090836
0 -76.684478
37.088164
0 -76.687871
37.087316
0 -76.687775
37.08602
0 -76.689775
37.085124
0 -76.691087
37.08546
0 -76.693727
37.084628
0 -76.695647
37.083284
0 -76.693759
37.082164
0 -76.693407
37.080452
0 -76.695007
37.07666
0 -76.693322
37.074838
0 -76.693391
37.073556
0 -76.694463
37.072884
0 -76.696159
37.072564
0 -76.697183
37.070996
0 -76.701183
37.066196
0 -76.700991
37.064324
0 -76.699967
37.062852
0 -76.697967
37.061268
0 -76.698255
37.05914
0 -76.701679
37.057204
0 -76.704127
37.056884
0 -76.706207
37.055748
0 -76.708127
37.0565
0 -76.709855
37.056324
0 -76.710719
37.055252
0 -76.711775
37.05538
0 -76.729753
37.048123
0 -76.771586
37.030907
0 -76.825667
37.007483
0 -76.837581
37.002237
0 -76.849684
36.996211
0 -76.849105
36.995573
0 -76.849288
36.9932
0 -76.850273
36.992386
0 -76.850115
36.99067
0 -76.851157
36.989612
0 -76.850122
36.986727
0 -76.851632
36.984325
0 -76.852311
36.981886
0 -76.854118
36.979799
0 -76.854212
36.978646
0 -76.851253
36.976102
0 -76.851196
36.974153
0 -76.853927
36.972193
0 -76.853063
36.970886
0 -76.855224
36.967322
0 -76.855986
36.964431
0 -76.85508
36.963652
0 -76.857509
36.960269
0 -76.857342
36.959511
0 -76.859281
36.957992
0 -76.85897
36.956031
0 -76.855798
36.95516
0 -76.853335
36.953221
0 -76.851144
36.948596
0 -76.852503
36.947115
0 -76.850371
36.944472
0 -76.846873
36.942627
0 -76.845298
36.940793
0 -76.845339
36.938612
0 -76.844257
36.938224
0 -76.845745
36.934527
0 -76.844829
36.932596
0 -76.843028
36.93096
0 -76.839989
36.929071
0 -76.837581
36.928769
0 -76.837213
36.929653
0 -76.83468
36.929692
0 -76.833125
36.930321
0 -76.831432
36.929591
0 -76.833669
36.925942
0 -76.833701
36.924631
0 -76.836042
36.924057
0 -76.836282
36.922725
0 -76.835154
36.920187
0 -76.835658
36.91939
0 -76.833464
36.917373
0 -76.833043
36.918169
0 -76.830817
36.917851
0 -76.828778
36.921025
0 -76.827306
36.920762
0 -76.824283
36.917328
0 -76.822498
36.91623
0 -76.821225
36.916818
0 -76.81855
36.915912
0 -76.815601
36.914278
0 -76.815269
36.912579
0 -76.816432
36.911575
0 -76.816139
36.909205
0 -76.819087
36.906873
0 -76.817073
36.906167
0 -76.815576
36.905384
0 -76.814941
36.900465
0 -76.816499
36.899771
0 -76.816965
36.898616
0 -76.819396
36.896584
0 -76.818528
36.895595
0 -76.819414
36.892891
0 -76.822103
36.892599
0 -76.822229
36.891337
0 -76.825636
36.89122
0 -76.826388
36.889431
0 -76.825818
36.888556
0 -76.827272
36.887483
0 -76.827278
36.886023
0 -76.826073
36.884726
0 -76.82303
36.883846
0 -76.823301
36.882437
0 -76.822108
36.882345
0 -76.820526
36.883599
0 -76.817737
36.882057
0 -76.818031
36.880584
0 -76.820438
36.879029
0 -76.820427
36.877692
0 -76.821924
36.876935
0 -76.822317
36.878315
0 -76.824181
36.878121
0 -76.82494
36.875898
0 -76.827261
36.876333
0 -76.829071
36.875785
0 -76.82985
36.872935
0 -76.831099
36.872295
0 -76.830187
36.870164
0 -76.831392
36.869115
0 -76.835088
36.868556
0 -76.838687
36.866758
0 -76.838893
36.865852
0 -76.838488
36.865054
0 -76.835767
36.864221
0 -76.833855
36.862853
0 -76.835823
36.861411
0 -76.836192
36.859761
0 -76.837251
36.860331
0 -76.839521
36.859442
0 -76.839506
36.857861
0 -76.840847
36.855752
0 -76.844389
36.855182
0 -76.845551
36.854013
0 -76.84747
36.854181
0 -76.849604
36.853118
0 -76.851915
36.853731
0 -76.85105
36.852799
0 -76.852202
36.851807
0 -76.850579
36.850407
0 -76.84865
36.849964
0 -76.849915
36.847242
0 -76.849285
36.846256
0 -76.850607
36.844436
0 -76.85171
36.844694
0 -76.853191
36.84254
0 -76.853988
36.843212
0 -76.855607
36.84155
0 -76.856004
36.83853
0 -76.857597
36.837793
0 -76.857749
36.836795
0 -76.859689
36.835699
0 -76.858817
36.833589
0 -76.858997
36.832147
0 -76.856863
36.831023
0 -76.855625
36.827207
0 -76.856213
36.825875
0 -76.857495
36.82492
0 -76.859217
36.824937
0 -76.859041
36.826722
0 -76.859969
36.82743
0 -76.862027
36.826807
0 -76.863098
36.825053
0 -76.86215
36.823957
0 -76.86255
36.822584
0 -76.864624
36.819703
0 -76.864546
36.817368
0 -76.865724
36.816873
0 -76.864029
36.813919
0 -76.865484
36.81344
0 -76.865603
36.810654
0 -76.866572
36.81159
0 -76.86739
36.809354
0 -76.868881
36.808449
0 -76.868025
36.806029
0 -76.866199
36.803915
0 -76.863571
36.804928
0 -76.862545
36.803893
0 -76.861718
36.80064
0 -76.861938
36.797653
0 -76.86541
36.795505
0 -76.866083
36.793732
0 -76.865194
36.792264
0 -76.86559
36.789574
0 -76.867007
36.787959
0 -76.868614
36.787724
0 -76.871928
36.788323
0 -76.872666
36.784876
0 -76.875687
36.782999
0 -76.878316
36.782283
0 -76.879882
36.78116
0 -76.883445
36.781181
0 -76.88499
36.780222
0 -76.886467
36.777964
0 -76.887202
36.776931
0 -76.885181
36.775557
0 -76.888153
36.773969
0 -76.889389
36.771535
0 -76.887977
36.771198
0 -76.887574
36.769152
0 -76.884829
36.766335
0 -76.88462
36.764402
0 -76.886622
36.763041
0 -76.886934
36.764057
0 -76.889626
36.762021
0 -76.890543
36.76061
0 -76.892801
36.760439
0 -76.89278
36.76251
0 -76.894532
36.762184
0 -76.895053
36.763408
0 -76.89571
36.762126
0 -76.898305
36.761998
0 -76.897564
36.759612
0 -76.901405
36.757393
0 -76.900361
36.756311
0 -76.901724
36.755008
0 -76.900146
36.755091
0 -76.900539
36.752841
0 -76.899719
36.753576
0 -76.894807
36.747034
0 -76.896655
36.745153
0 -76.898509
36.744581
0 -76.901871
36.742533
0 -76.903552
36.739304
0 -76.904227
36.738884
0 -76.90591
36.740116
0 -76.909501
36.741429
0 -76.910306
36.738756
0 -76.912542
36.738751
0 -76.912953
36.737374
0 -76.915377
36.736455
0 -76.91699
36.733724
0 -76.91366
36.729261
0 -76.915834
36.728766
0 -76.913876
36.727723
0 -76.91346
36.72552
0 -76.916572
36.724468
0 -76.914176
36.722144
0 -76.916989
36.719531
0 -76.916692
36.718063
0 -76.918859
36.719849
0 -76.919782
36.718156
0 -76.918405
36.71693
0 -76.918764
36.716035
0 -76.921306
36.716587
0 -76.922585
36.715922
0 -76.923358
36.713546
0 -76.924279
36.712754
0 -76.924464
36.710757
0 -76.922643
36.709558
0 -76.924629
36.707729
0 -76.926776
36.706443
0 -76.925885
36.705333
0 -76.928333
36.704689
0 