-91.214027
32.93032
0 -91.213972
32.927198
0 -91.212837
32.922104
0 -91.211597
32.919624
0 -91.208263
32.915354
0 -91.199775
32.908512
0 -91.196785
32.906784
0 -91.181631
32.901446
0 -91.175405
32.899998
0 -91.170235
32.899391
0 -91.159975
32.899879
0 -91.15169
32.901935
0 -91.145076
32.905494
0 -91.134041
32.917676
0 -91.132115
32.923122
0 -91.131304
32.926919
0 -91.131289
32.930049
0 -91.135507
32.946164
0 -91.137863
32.952756
0 -91.137167
32.95652
0 -91.136628
32.957349
0 -91.133335
32.959056
0 -91.131243
32.960928
0 -91.130721
32.962257
0 -91.130947
32.963815
0 -91.13305
32.966541
0 -91.137524
32.96955
0 -91.138585
32.971352
0 -91.135517
32.979657
0 -91.134414
32.980533
0 -91.125107
32.984669
0 -91.111757
32.988361
0 -91.106581
32.988938
0 -91.09693
32.986412
0 -91.094265
32.984371
0 -91.090887
32.981174
0 -91.086802
32.976266
0 -91.080355
32.962794
0 -91.078904
32.951818
0 -91.080507
32.950123
0 -91.081892
32.949435
0 -91.083084
32.947909
0 -91.081913
32.944768
0 -91.080431
32.943206
0 -91.072075
32.937832
0 -91.070547
32.936036
0 -91.064804
32.926464
0 -91.0642106228094
32.9240547225371
0 -91.063875
32.922692
0 -91.064624248363
32.9179684444365
0 -91.064854
32.91652
0 -91.063684
32.906364
0 -91.0637985738819
32.9039304507477
0 -91.063809
32.903709
0 -91.064449
32.901064
0 -91.068186
32.891929
0 -91.070602
32.888659
0 -91.086683
32.873392
0 -91.105631
32.858396
0 -91.116091
32.855641
0 -91.124725
32.854861
0 -91.127886
32.855059
0 -91.13789
32.848975
0 -91.143559
32.844739
0 -91.145002
32.84287
0 -91.149704
32.83122
0 -91.152174
32.826673
0 -91.157155
32.823823
0 -91.158336
32.822304
0 -91.161669
32.812465
0 -91.1615835115222
32.8083199730676
0 -91.1615150883724
32.8050023821331
0 -91.161412
32.800004
0 -91.1630557060552
32.7921940559525
0 -91.164397
32.785821
0 -91.158583
32.781096
0 -91.156918
32.780343
0 -91.157614
32.776033
0 -91.164968
32.761984
0 -91.165814
32.757842
0 -91.165328
32.751301
0 -91.163389
32.747009
0 -91.15861
32.743449
0 -91.154461
32.742339
0 -91.150244
32.741786
0 -91.131691
32.743107
0 -91.123152
32.742798
0 -91.113652
32.73997
0 -91.090573
32.7361
0 -91.077176
32.732534
0 -91.060766
32.727494
0 -91.056999
32.72558
0 -91.054481
32.722259
0 -91.0545136340063
32.7218900408994
0 -91.054749
32.719229
0 -91.057043
32.712576
0 -91.063946
32.702926
0 -91.076061
32.693751
0 -91.081145
32.691127
0 -91.098762
32.685291
0 -91.104443
32.682434
0 -91.118258
32.674075
0 -91.127723
32.665343
0 -91.130928
32.65887
0 -91.137638
32.650621
0 -91.138712
32.649774
0 -91.142038
32.649265
0 -91.144347
32.648029
0 -91.149753
32.644041
0 -91.152081
32.641508
0 -91.152699
32.640757
0 -91.153744
32.635228
0 -91.153821
32.631282
0 -91.1536486847708
32.6279650944003
0 -91.153556
32.626181
0 -91.151318
32.615919
0 -91.146204
32.604144
0 -91.144074
32.600613
0 -91.141148
32.597209
0 -91.13528
32.591651
0 -91.127912
32.586493
0 -91.125108
32.585187
0 -91.119854
32.584795
0 -91.118641
32.585139
0 -91.112764
32.590186
0 -91.105704
32.590879
0 -91.087784
32.59707
0 -91.079506
32.60068
0 -91.061354
32.605372
0 -91.049796
32.607188
0 -91.0489
32.613556
0 -91.043263
32.620779
0 -91.041448
32.625135
0 -91.040401
32.632521
0 -91.038415
32.636443
0 -91.030181
32.644052
0 -91.025769
32.646573
0 -91.019115
32.643845
0 -91.014286
32.640482
0 -91.00682
32.631261
0 -91.0035
32.624845
0 -91.002962
32.622555
0 -91.002997
32.614678
0 -91.004599
32.60978
0 -91.010228
32.601927
0 -91.013723
32.598419
0 -91.016231
32.596953
0 -91.022943
32.591848
0 -91.030991
32.583347
0 -91.03617
32.579556
0 -91.0434509306581
32.5762695534421
0 -90.964043
32.575605
0 -90.964802
32.503664
0 -90.964398
32.500137
0 -90.963381
32.411185
0 -90.958946
32.420937
0 -90.957933
32.428027
0 -90.954626
32.437585
0 -90.95124
32.444389
0 -90.947309
32.448307
0 -90.944658
32.450107
0 -90.939828
32.452068
0 -90.935386
32.452414
0 -90.932169
32.451975
0 -90.926476
32.450579
0 -90.922884
32.447984
0 -90.920441
32.444693
0 -90.917688
32.443952
0 -90.915712
32.444141
0 -90.910292
32.445863
0 -90.905441
32.447764
0 -90.902313
32.448684
0 -90.899007
32.448951
0 -90.894745
32.448602
0 -90.891418
32.447037
0 -90.884416
32.441566
0 -90.882652
32.4409
0 -90.879308
32.441311
0 -90.877034
32.442418
0 -90.875104
32.444253
0 -90.874008
32.448051
0 -90.87288
32.450557
0 -90.871546
32.451518
0 -90.869784
32.451315
0 -90.867888
32.449452
0 -90.867133
32.44705
0 -90.866106
32.44532
0 -90.864259
32.443553
0 -90.862451
32.442366
0 -90.861379
32.442768
0 -90.860566
32.575173
0 -90.824894
32.575411
0 -90.82288
32.575144
0 -90.768081
32.574751
0 -90.766582
32.5764
0 -90.765237
32.577008
0 -90.762783
32.577419
0 -90.760485
32.577157
0 -90.758447
32.576068
0 -90.756075
32.573081
0 -90.753654
32.571412
0 -90.7501
32.570552
0 -90.748141
32.570435
0 -90.742561
32.571975
0 -90.73952
32.571773
0 -90.733457
32.566403
0 -90.729847
32.565686
0 -90.728344
32.566265
0 -90.727044
32.567813
0 -90.726262
32.569893
0 -90.725577
32.575792
0 -90.725864
32.577666
0 -90.729727
32.581159
0 -90.730804
32.582527
0 -90.731731
32.585669
0 -90.731699
32.587276
0 -90.729924
32.58896
0 -90.725965
32.589821
0 -90.723197
32.59131
0 -90.722726
32.592118
0 -90.722042
32.598115
0 -90.719924
32.602649
0 -90.716399
32.611578
0 -90.716326
32.612751
0 -90.716848
32.614154
0 -90.720102
32.618858
0 -90.721086
32.621229
0 -90.720703
32.624043
0 -90.719436
32.62442
0 -90.715308
32.623638
0 -90.710275
32.624204
0 -90.707745
32.625856
0 -90.706277
32.626154
0 -90.702619
32.623845
0 -90.700279
32.623657
0 -90.697563
32.625135
0 -90.692295
32.632696
0 -90.691405
32.636284
0 -90.691871
32.638299
0 -90.693011
32.640113
0 -90.69475
32.641125
0 -90.698313
32.641973
0 -90.706956
32.641593
0 -90.712819
32.642346
0 -90.716536
32.644267
0 -90.718903
32.646554
0 -90.720507
32.651055
0 -90.723269
32.653779
0 -90.724601
32.657339
0 -90.724151
32.660325
0 -90.723159
32.662128
0 -90.758863
32.662176
0 -90.964864
32.662798
0 -90.964576
32.724277
0 -90.963756
32.776971
0 -90.963941
32.78025
0 -90.963347
32.838248
0 -90.961882
32.840516
0 -90.961177
32.841318
0 -90.959441
32.841364
0 -90.955942
32.84441
0 -90.954911
32.845968
0 -90.95624
32.846449
0 -90.958574
32.848394
0 -90.957923
32.850661
0 -90.956024
32.852905
0 -90.952768
32.852609
0 -90.950109
32.853731
0 -90.94973
32.856043
0 -90.948237
32.856686
0 -90.945551
32.856709
0 -90.94452
32.857258
0 -90.940177
32.862068
0 -90.939635
32.864724
0 -90.941968
32.869717
0 -90.940611
32.872282
0 -90.938739
32.872259
0 -90.938712
32.873151
0 -90.936002
32.876288
0 -90.936084
32.878898
0 -90.936274
32.879564
0 -90.939938
32.883457
0 -90.940318
32.885289
0 -90.937929
32.888289
0 -90.937468
32.890258
0 -90.935976
32.892046
0 -90.935813
32.89486
0 -90.934427
32.895823
0 -90.933152
32.89857
0 -90.931468
32.900447
0 -90.931117
32.902186
0 -90.931578
32.903972
0 -90.928652
32.907857
0 -90.928074
32.909861
0 -90.924951
32.911236
0 -90.925222
32.915083
0 -90.925439
32.917557
0 -90.92351
32.922206
0 -90.920957
32.927267
0 -90.921119
32.931023
0 -90.919136
32.93448
0 -90.919759
32.937846
0 -90.916934
32.940617
0 -90.917395
32.943846
0 -90.916444
32.94451
0 -90.91404
32.944198
0 -90.914187
32.950181
0 -90.914219
32.9517
0 -90.914885
32.978381
0 -90.914721
32.979778
0 -90.914633
32.993312
0 -90.914409
33.000825
0 -90.914337
33.007697
0 -90.952329
33.007814
0 -90.965423
33.007919
0 -90.965433
33.010545
0 -91.046713
33.010714
0 -91.052566
33.010316
0 -91.068432
33.010333
0 -91.068505
33.011229
0 -91.166282
33.011331
0 -91.166073
33.004106
0 -91.166195
33.002238
0 -91.168973
32.992132
0 -91.173308
32.986088
0 -91.182158
32.978639
0 -91.186983
32.976194
0 -91.197433
32.96482
0 -91.199646
32.963561
0 -91.201842
32.961212
0 -91.20203
32.957332
0 -91.20119
32.954982
0 -91.199415
32.952314
0 -91.20744
32.944393
0 -91.210705
32.939845
0 -91.21282
32.936076
0 -91.214027
32.93032
0 