-76.914226
37.356791
0 -76.915863
37.352615
0 -76.913304
37.349989
0 -76.909647
37.348643
0 -76.907978
37.349015
0 -76.905353
37.350644
0 -76.90198
37.356222
0 -76.899517
37.359028
0 -76.896404
37.360846
0 -76.891162
37.362096
0 -76.888855
37.363969
0 -76.887475
37.366423
0 -76.88477
37.368566
0 -76.881463
37.369253
0 -76.878446
37.369443
0 -76.877099
37.369189
0 -76.874437
37.365427
0 -76.873507
37.363415
0 -76.87362
37.362044
0 -76.874685
37.360211
0 -76.87834
37.35529
0 -76.879811
37.352789
0 -76.880598
37.350241
0 -76.880139
37.348681
0 -76.877446
37.347593
0 -76.874685
37.346012
0 -76.873632
37.342561
0 -76.874685
37.339182
0 -76.87553
37.3383
0 -76.876619
37.333224
0 -76.87563
37.329564
0 -76.876077
37.32553
0 -76.874685
37.320434
0 -76.875256
37.317713
0 -76.879351
37.311722
0 -76.880005
37.309874
0 -76.87944
37.307411
0 -76.878374
37.304863
0 -76.876928
37.302713
0 -76.874685
37.301045
0 -76.871995
37.298399
0 -76.871685
37.295597
0 -76.872806
37.293713
0 -76.874685
37.291961
0 -76.877896
37.290045
0 -76.880831
37.287259
0 -76.881564
37.285509
0 -76.881459
37.281349
0 -76.882612
37.278539
0 -76.883076
37.275924
0 -76.882047
37.271683
0 -76.878902
37.266014
0 -76.877116
37.263488
0 -76.8751867295737
37.260803177855
0 -76.872209
37.26275
0 -76.869832
37.262182
0 -76.867575
37.260669
0 -76.866267
37.258493
0 -76.866148
37.255467
0 -76.866743
37.253575
0 -76.867693
37.251967
0 -76.873279
37.251494
0 -76.873635
37.250075
0 -76.871934
37.245975
0 -76.869522
37.242157
0 -76.861989
37.242412
0 -76.858424
37.241385
0 -76.850462
37.240804
0 -76.840479
37.241385
0 -76.832398
37.242034
0 -76.826812
37.243642
0 -76.822178
37.243642
0 -76.8185427847238
37.2424107383991
0 -76.816592
37.24175
0 -76.810056
37.238628
0 -76.803191
37.236112
0 -76.798885
37.234749
0 -76.793537
37.231248
0 -76.791042
37.22699
0 -76.789259
37.223205
0 -76.7888795600986
37.2226019064982
0 -76.787783
37.220859
0 -76.786288
37.220839
0 -76.785268
37.217595
0 -76.780532
37.209336
0 -76.773752
37.206061
0 -76.766255
37.199307
0 -76.764422
37.198881
0 -76.760352
37.193989
0 -76.757765
37.191658
0 -76.75047
37.190098
0 -76.74304
37.192611
0 -76.74
37.195379
0 -76.740654
37.198313
0 -76.73792
37.201058
0 -76.735674
37.202106
0 -76.734995
37.203161
0 -76.738158
37.206358
0 -76.743506
37.206642
0 -76.745883
37.207778
0 -76.751349
37.209198
0 -76.751587
37.210807
0 -76.755627
37.210996
0 -76.758361
37.211564
0 -76.759787
37.212416
0 -76.759668
37.214403
0 -76.758242
37.215539
0 -76.753369
37.215066
0 -76.74814
37.215066
0 -76.7442550768099
37.2137997587766
0 -76.7442300391866
37.2137915980823
0 -76.742912
37.213362
0 -76.738277
37.212889
0 -76.731507
37.212228
0 -76.7289742383341
37.2126996489509
0 -76.720332
37.214309
0 -76.710587
37.215728
0 -76.702625
37.217148
0 -76.698943
37.219059
0 -76.6936094076602
37.2232036606692
0 -76.6932233360416
37.223503671572
0 -76.692999
37.223678
0 -76.684086
37.22311
0 -76.6763607548984
37.2231402713366
0 -76.659842
37.223205
0 -76.649869
37.220914
0 -76.6413107476574
37.216128237761
0 -76.641085
37.216002
0 -76.6403699798588
37.2153303009486
0 -76.634648
37.209955
0 -76.629868
37.206738
0 -76.623292
37.198738
0 -76.61934
37.192146
0 -76.616268
37.178962
0 -76.612817
37.171163
0 -76.610999
37.169435
0 -76.6100554212179
37.167584486272
0 -76.60478
37.170644
0 -76.600701
37.17521
0 -76.597875
37.178246
0 -76.595403
37.178418
0 -76.590299
37.181506
0 -76.586987
37.18021
0 -76.584347
37.181058
0 -76.584571
37.182578
0 -76.581691
37.18213
0 -76.581067
37.185266
0 -76.577819
37.187025
0 -76.579979
37.188593
0 -76.578267
37.188849
0 -76.577675
37.190445
0 -76.580175
37.190745
0 -76.579875
37.192645
0 -76.582975
37.193245
0 -76.581875
37.194845
0 -76.583375
37.195145
0 -76.585175
37.200545
0 -76.590175
37.205845
0 -76.59087
37.209853
0 -76.590865
37.210382
0 -76.590875
37.213145
0 -76.591432
37.214721
0 -76.591835
37.214417
0 -76.593531
37.217025
0 -76.594891
37.220001
0 -76.595099
37.222225
0 -76.594363
37.223985
0 -76.595019
37.230449
0 -76.597307
37.233249
0 -76.598955
37.234033
0 -76.600283
37.235665
0 -76.601115
37.238193
0 -76.614577
37.236383
0 -76.61758
37.236113
0 -76.623196
37.235057
0 -76.626091
37.233458
0 -76.627687
37.232278
0 -76.630766
37.235319
0 -76.632722
37.236345
0 -76.64747
37.239587
0 -76.651277
37.239154
0 -76.654685
37.241218
0 -76.656731
37.243072
0 -76.659965
37.24645
0 -76.660633
37.249572
0 -76.662466
37.251609
0 -76.662309
37.2517
0 -76.663604
37.253904
0 -76.663441
37.257385
0 -76.664235
37.260327
0 -76.665824
37.264063
0 -76.669266
37.26603
0 -76.679257
37.265608
0 -76.679468
37.265652
0 -76.68019
37.26565
0 -76.679406
37.26413
0 -76.680113
37.260068
0 -76.678086
37.259332
0 -76.676009
37.261092
0 -76.668024
37.253983
0 -76.664971
37.250237
0 -76.670005
37.248353
0 -76.673143
37.247657
0 -76.682638
37.247226
0 -76.690505
37.247591
0 -76.698043
37.249018
0 -76.700271
37.248744
0 -76.702289
37.248349
0 -76.706469
37.247809
0 -76.70815
37.247873
0 -76.726003
37.249901
0 -76.727855
37.25049
0 -76.73081
37.253447
0 -76.731923
37.253889
0 -76.734496
37.255667
0 -76.737468
37.258983
0 -76.737958
37.260242
0 -76.738029
37.26037
0 -76.738554
37.261318
0 -76.740911
37.264742
0 -76.740028
37.269666
0 -76.739056
37.271647
0 -76.739876
37.273905
0 -76.7406
37.273537
0 -76.742395
37.27573
0 -76.738479
37.275935
0 -76.737633
37.279626
0 -76.733918
37.279627
0 -76.732461
37.280523
0 -76.728447
37.280524
0 -76.725272
37.279686
0 -76.724901
37.28386
0 -76.72542
37.284409
0 -76.726304
37.285134
0 -76.729137
37.285886
0 -76.73417
37.285911
0 -76.733902
37.288719
0 -76.731784
37.28895
0 -76.731814
37.292016
0 -76.733248
37.294259
0 -76.732528
37.297085
0 -76.733806
37.297901
0 -76.73403
37.299205
0 -76.735754
37.300846
0 -76.737643
37.301751
0 -76.739514
37.301294
0 -76.739665
37.306255
0 -76.736247
37.306624
0 -76.736883
37.308349
0 -76.731044
37.310284
0 -76.728569
37.304649
0 -76.727588
37.304921
0 -76.728903
37.308451
0 -76.729601
37.312979
0 -76.73099
37.315885
0 -76.733683
37.31788
0 -76.734546
37.320684
0 -76.735948
37.32344
0 -76.735563
37.327046
0 -76.734594
37.329597
0 -76.734576
37.331427
0 -76.735648
37.332278
0 -76.743875
37.335322
0 -76.746419
37.336596
0 -76.750868
37.338065
0 -76.752121
37.337993
0 -76.753072
37.338675
0 -76.754846
37.340514
0 -76.753697
37.344635
0 -76.753011
37.345771
0 -76.75332
37.348753
0 -76.754819
37.349589
0 -76.754831
37.352248
0 -76.755511
37.35422
0 -76.753679
37.356301
0 -76.751256
37.357619
0 -76.749683
37.360592
0 -76.745701
37.362874
0 -76.74531
37.364744
0 -76.745182
37.365133
0 -76.743887
37.366291
0 -76.742802
37.3695
0 -76.741667
37.37044
0 -76.734778
37.371641
0 -76.727103
37.371248
0 -76.725869
37.370607
0 -76.725209
37.369071
0 -76.719823
37.369203
0 -76.716655
37.366421
0 -76.710389
37.365672
0 -76.709831
37.365194
0 -76.702927
37.365893
0 -76.70114
37.366456
0 -76.699905
37.365533
0 -76.699919
37.367697
0 -76.69773
37.368111
0 -76.698792
37.366865
0 -76.697885
37.36593
0 -76.695611
37.365942
0 -76.6945
37.365162
0 -76.694388
37.366151
0 -76.692747
37.367242
0 -76.694473
37.366925
0 -76.693136
37.368035
0 -76.690654
37.367332
0 -76.692439
37.365762
0 -76.690433
37.365908
0 -76.689269
37.367518
0 -76.69003
37.368671
0 -76.689044
37.369526
0 -76.686181
37.369107
0 -76.685655
37.369711
0 -76.682902
37.369838
0 -76.683417
37.36766
0 -76.680013
37.366662
0 -76.678383
37.368807
0 -76.676051
37.369027
0 -76.674792
37.367785
0 -76.673611
37.367631
0 -76.664971
37.375144
0 -76.658651
37.380139
0 -76.662334
37.383402
0 -76.668035
37.390893
0 -76.672296
37.395808
0 -76.698879
37.419106
0 -76.712305
37.431309
0 -76.727586
37.444156
0 -76.732961
37.450235
0 -76.737062
37.457372
0 -76.741984
37.467076
0 -76.751934
37.463243
0 -76.756789
37.461715
0 -76.757654
37.45951
0 -76.756298
37.456618
0 -76.758504
37.456685
0 -76.760258
37.458691
0 -76.761244
37.455265
0 -76.760473
37.45253
0 -76.762045
37.452842
0 -76.763462
37.454197
0 -76.764464
37.452438
0 -76.7658
37.451651
0 -76.762841
37.450823
0 -76.762419
37.449509
0 -76.760573
37.447377
0 -76.758113
37.445998
0 -76.758948
37.444834
0 -76.761486
37.446532
0 -76.762422
37.444958
0 -76.760259
37.444702
0 -76.75955
37.443993
0 -76.760475
37.442771
0 -76.764086
37.442757
0 -76.763718
37.441619
0 -76.764909
37.441473
0 -76.765717
37.440005
0 -76.764479
37.439824
0 -76.763628
37.438221
0 -76.764635
37.437078
0 -76.766402
37.437571
0 -76.765675
37.438654
0 -76.767996
37.439219
0 -76.767592
37.438274
0 -76.769682
37.435427
0 -76.771066
37.435006
0 -76.771184
37.437012
0 -76.770188
37.438627
0 -76.772953
37.438217
0 -76.774254
37.436838
0 -76.774385
37.434716
0 -76.776893
37.433923
0 -76.77732
37.435741
0 -76.780329
37.436192
0 -76.783154
37.43772
0 -76.785654
37.437534
0 -76.786653
37.438188
0 -76.790169
37.43612
0 -76.792264
37.435528
0 -76.795037
37.437726
0 -76.797648
37.438244
0 -76.801843
37.44053
0 -76.802862
37.442052
0 -76.805866
37.443277
0 -76.808029
37.445425
0 -76.810331
37.445804
0 -76.812466
37.447364
0 -76.814664
37.44766
0 -76.816897
37.449187
0 -76.818757
37.449214
0 -76.822119
37.450445
0 -76.824152
37.450757
0 -76.826887
37.449087
0 -76.830121
37.449799
0 -76.83974
37.448816
0 -76.844995
37.447567
0 -76.847066
37.448293
0 -76.850374
37.448592
0 -76.852564
37.447795
0 -76.856623
37.447997
0 -76.858234
37.447408
0 -76.861303
37.445522
0 -76.864065
37.443495
0 -76.86577
37.441464
0 -76.868687
37.440624
0 -76.877327
37.440145
0 -76.880076
37.438249
0 -76.882786
37.436925
0 -76.885748
37.43344
0 -76.885774
37.432537
0 -76.892677
37.433067
0 -76.893505
37.429717
0 -76.895784
37.428462
0 -76.892525
37.42437
0 -76.893333
37.424223
0 -76.892465
37.423733
0 -76.891683
37.423392
0 -76.891996
37.420866
0 -76.890381
37.420038
0 -76.892758
37.419427
0 -76.892153
37.417475
0 -76.894672
37.414335
0 -76.893341
37.411582
0 -76.893153
37.409645
0 -76.894921
37.40791
0 -76.895101
37.406821
0 -76.893953
37.405305
0 -76.895212
37.402982
0 -76.894153
37.400228
0 -76.897974
37.39955
0 -76.897739
37.397197
0 -76.898166
37.395745
0 -76.900529
37.395889
0 -76.900368
37.392117
0 -76.89874
37.391592
0 -76.897188
37.39217
0 -76.893489
37.389541
0 -76.89241
37.38795
0 -76.89198
37.384888
0 -76.892164
37.383381
0 -76.8934
37.38228
0 -76.895145
37.382023
0 -76.898308
37.382526
0 -76.898628
37.385846
0 -76.900203
37.385759
0 -76.903388
37.381152
0 -76.903362
37.380032
0 -76.904471
37.377665
0 -76.898099
37.375146
0 -76.897792
37.373802
0 -76.898953
37.371789
0 -76.901139
37.36998
0 -76.908503
37.366346
0 -76.910444
37.364091
0 -76.912136
37.359633
0 -76.914226
37.356791
0 