-89.975514
31.582286
0 -89.976052
31.522477
0 -89.959097
31.522421
0 -89.959093
31.512134
0 -89.959103
31.504896
0 -89.959
31.482246
0 -89.958951
31.440788
0 -89.95894
31.390489
0 -89.902801
31.390449
0 -89.90184
31.390334
0 -89.890961
31.39053
0 -89.85634
31.390215
0 -89.838082
31.39002
0 -89.823332
31.390021
0 -89.823787
31.412413
0 -89.823608
31.418818
0 -89.82429
31.426506
0 -89.824236
31.434093
0 -89.782017
31.433868
0 -89.77491
31.433919
0 -89.753168
31.433896
0 -89.750563
31.433697
0 -89.749611
31.433809
0 -89.739019
31.433772
0 -89.670969
31.433838
0 -89.662857
31.43377
0 -89.654212
31.433805
0 -89.625031
31.433811
0 -89.622636
31.434212
0 -89.619244
31.433962
0 -89.590613
31.433812
0 -89.586819
31.433688
0 -89.586919
31.513444
0 -89.588282
31.513878
0 -89.589432
31.516054
0 -89.590528
31.516718
0 -89.591251
31.515572
0 -89.594137
31.514221
0 -89.594431
31.51303
0 -89.595954
31.512663
0 -89.595366
31.513671
0 -89.595902
31.515434
0 -89.597372
31.515136
0 -89.597453
31.516762
0 -89.596304
31.519556
0 -89.596568
31.525834
0 -89.599435
31.527043
0 -89.60104
31.52915
0 -89.600319
31.530868
0 -89.602271
31.531348
0 -89.599331
31.534647
0 -89.601503
31.535945
0 -89.602889
31.538836
0 -89.605162
31.539316
0 -89.605964
31.540324
0 -89.607809
31.539041
0 -89.609948
31.538834
0 -89.612836
31.540687
0 -89.614414
31.540595
0 -89.616233
31.542587
0 -89.617732
31.545975
0 -89.618962
31.545883
0 -89.619498
31.547509
0 -89.620916
31.548722
0 -89.620034
31.549707
0 -89.621078
31.550485
0 -89.622923
31.549774
0 -89.62386
31.551239
0 -89.628929
31.552459
0 -89.631708
31.554796
0 -89.632189
31.556512
0 -89.636841
31.558781
0 -89.639461
31.559492
0 -89.643847
31.559173
0 -89.646254
31.560067
0 -89.647939
31.559152
0 -89.650533
31.559336
0 -89.650773
31.560984
0 -89.653368
31.56158
0 -89.657085
31.561513
0 -89.660989
31.562476
0 -89.667434
31.565384
0 -89.669145
31.565636
0 -89.669814
31.564881
0 -89.672328
31.564492
0 -89.673478
31.564905
0 -89.675323
31.567285
0 -89.677168
31.568453
0 -89.679602
31.568316
0 -89.680431
31.570354
0 -89.683266
31.571293
0 -89.686236
31.573193
0 -89.68661
31.574636
0 -89.687894
31.575473
0 -89.689847
31.576193
0 -89.692655
31.575506
0 -89.698914
31.577177
0 -89.699583
31.578848
0 -89.701643
31.579123
0 -89.70159
31.581023
0 -89.70365
31.582924
0 -89.705281
31.583473
0 -89.706592
31.584824
0 -89.709321
31.585831
0 -89.712049
31.585578
0 -89.71213
31.587273
0 -89.715208
31.587707
0 -89.717027
31.58892
0 -89.718098
31.590843
0 -89.718553
31.592996
0 -89.720961
31.593819
0 -89.721229
31.594781
0 -89.724869
31.59723
0 -89.725191
31.59968
0 -89.729875
31.603938
0 -89.729554
31.605426
0 -89.730805
31.607081
0 -89.733864
31.609042
0 -89.735106
31.61034
0 -89.74564
31.609656
0 -89.755614
31.609751
0 -89.755799
31.613502
0 -89.75557
31.641995
0 -89.755414
31.689742
0 -89.755217
31.728324
0 -89.755103
31.774654
0 -89.779578
31.773151
0 -89.780637
31.773055
0 -89.852401
31.76861
0 -89.855604
31.768443
0 -89.875926
31.767317
0 -89.879754
31.766906
0 -89.93562
31.763899
0 -89.957381
31.762702
0 -89.974586
31.761655
0 -89.975091
31.754393
0 -89.974631
31.752164
0 -89.974806
31.734444
0 -89.974969
31.730463
0 -89.974939
31.728051
0 -89.974917
31.681535
0 -89.975013
31.646506
0 -89.975005
31.625466
0 -89.975137
31.623892
0 -89.975368
31.591554
0 -89.975514
31.582286
0 