-83.710114
36.091497
0 -83.71029
36.089061
0 -83.709924
36.087032
0 -83.708719
36.084464
0 -83.705857
36.081566
0 -83.703725
36.078173
0 -83.700271
36.071218
0 -83.698986
36.069625
0 -83.693366
36.064458
0 -83.692005
36.062418
0 -83.691951
36.060997
0 -83.694599
36.058249
0 -83.692177
36.05804
0 -83.684861
36.057472
0 -83.684735
36.054542
0 -83.671169
36.053105
0 -83.671273
36.048941
0 -83.675199
36.048215
0 -83.675283
36.044545
0 -83.673366
36.042522
0 -83.674454
36.038699
0 -83.673297
36.038486
0 -83.664997
36.036486
0 -83.664097
36.034887
0 -83.661196
36.035387
0 -83.658633
36.036432
0 -83.65636
36.034589
0 -83.656897
36.042337
0 -83.655748
36.042966
0 -83.630967
36.027052
0 -83.618852
36.019299
0 -83.616496
36.018787
0 -83.615696
36.015687
0 -83.613696
36.013586
0 -83.611795
36.014487
0 -83.607494
36.015685
0 -83.590641
36.005363
0 -83.589897
36.00504
0 -83.570166
35.992625
0 -83.569934
35.992479
0 -83.569259
35.992054
0 -83.538712
35.972869
0 -83.525858
35.964796
0 -83.524522
35.964224
0 -83.521515
35.962958
0 -83.51952
35.960784
0 -83.51857
35.957264
0 -83.516325
35.955646
0 -83.516681
35.953315
0 -83.518197
35.950923
0 -83.515322
35.947851
0 -83.511679
35.946084
0 -83.511239
35.944365
0 -83.509111
35.943336
0 -83.508088
35.938832
0 -83.504916
35.939475
0 -83.503829
35.93772
0 -83.498734
35.937826
0 -83.497371
35.938582
0 -83.497424
35.936029
0 -83.494802
35.936741
0 -83.493643
35.93559
0 -83.490391
35.935984
0 -83.487918
35.935141
0 -83.487163
35.93292
0 -83.487401
35.931454
0 -83.489462
35.930931
0 -83.490299
35.928044
0 -83.488337
35.927655
0 -83.486868
35.928566
0 -83.483683
35.927993
0 -83.481601
35.929022
0 -83.480097
35.930755
0 -83.478789
35.930022
0 -83.477139
35.930126
0 -83.476895
35.927705
0 -83.475513
35.926466
0 -83.474901
35.922893
0 -83.473416
35.92444
0 -83.472162
35.924643
0 -83.470863
35.923082
0 -83.468425
35.923794
0 -83.467025
35.923552
0 -83.46506
35.924831
0 -83.464363
35.929453
0 -83.462423
35.929926
0 -83.461681
35.928712
0 -83.462424
35.926943
0 -83.460594
35.926038
0 -83.460309
35.923135
0 -83.457279
35.922385
0 -83.45572
35.922917
0 -83.454404
35.924497
0 -83.453243
35.928839
0 -83.451096
35.929064
0 -83.449808
35.928302
0 -83.45059
35.924356
0 -83.447538
35.9228
0 -83.444848
35.92625
0 -83.444352
35.928915
0 -83.439409
35.928923
0 -83.438615
35.927481
0 -83.435405
35.923727
0 -83.432424
35.927359
0 -83.430927
35.926892
0 -83.429551
35.925148
0 -83.426354
35.926643
0 -83.420905
35.930277
0 -83.420131
35.928883
0 -83.417496
35.929723
0 -83.416868
35.93268
0 -83.415994
35.933231
0 -83.407153
35.928914
0 -83.406624
35.929564
0 -83.404607
35.928568
0 -83.403886
35.930758
0 -83.401629
35.930059
0 -83.398906
35.932996
0 -83.397006
35.932186
0 -83.394843
35.933085
0 -83.391438
35.931443
0 -83.389133
35.92822
0 -83.390959
35.927335
0 -83.390025
35.926814
0 -83.390627
35.92443
0 -83.389784
35.922537
0 -83.391185
35.92161
0 -83.392119
35.919841
0 -83.391203
35.918384
0 -83.391789
35.916879
0 -83.39075
35.914779
0 -83.387457
35.913605
0 -83.383629
35.91496
0 -83.379691
35.915726
0 -83.374884
35.914811
0 -83.373005
35.91516
0 -83.371442
35.914196
0 -83.369262
35.915454
0 -83.364943
35.915847
0 -83.363306
35.916469
0 -83.359949
35.919011
0 -83.356146
35.919833
0 -83.354285
35.91975
0 -83.353374
35.919628
0 -83.348361
35.917004
0 -83.344502
35.916102
0 -83.343319
35.91404
0 -83.33944
35.913179
0 -83.337833
35.911924
0 -83.334569
35.912257
0 -83.330258
35.911609
0 -83.328436
35.91024
0 -83.322709
35.907415
0 -83.318252
35.903913
0 -83.31641
35.901704
0 -83.314419
35.900313
0 -83.312627
35.897449
0 -83.310782
35.895846
0 -83.305752
35.900164
0 -83.304716
35.89886
0 -83.302702
35.897579
0 -83.301398
35.899833
0 -83.297853
35.901516
0 -83.297743
35.902627
0 -83.297483
35.902981
0 -83.296205
35.905506
0 -83.29533
35.908749
0 -83.293739
35.910081
0 -83.285562
35.956987
0 -83.284242
35.964544
0 -83.287972
35.964417
0 -83.2892
35.964851
0 -83.290618
35.963872
0 -83.290468
35.966209
0 -83.288236
35.967891
0 -83.285837
35.968659
0 -83.283635
35.96801
0 -83.281021
35.982804
0 -83.276677
36.007652
0 -83.274884
36.004594
0 -83.271584
36.000694
0 -83.268792
35.998794
0 -83.266461
35.997669
0 -83.263019
35.997223
0 -83.260131
35.998403
0 -83.259059
35.999843
0 -83.258184
36.002895
0 -83.258114
36.004845
0 -83.258384
36.007195
0 -83.259984
36.014395
0 -83.259984
36.015595
0 -83.258084
36.020795
0 -83.257684
36.024095
0 -83.260284
36.029594
0 -83.261385
36.033894
0 -83.256686
36.044321
0 -83.249985
36.045295
0 -83.246485
36.046095
0 -83.243884
36.047395
0 -83.240783
36.051594
0 -83.239685
36.054895
0 -83.240085
36.057295
0 -83.241785
36.058595
0 -83.244785
36.062194
0 -83.246385
36.067694
0 -83.249786
36.074694
0 -83.252686
36.078094
0 -83.253886
36.082194
0 -83.251886
36.085894
0 -83.249375
36.086905
0 -83.246586
36.088494
0 -83.242386
36.089294
0 -83.240486
36.088794
0 -83.234585
36.085094
0 -83.239186
36.092894
0 -83.240487
36.096193
0 -83.241986
36.101294
0 -83.25535
36.117069
0 -83.259101
36.120629
0 -83.264517
36.124487
0 -83.266238
36.125093
0 -83.274501
36.130794
0 -83.280445
36.13226
0 -83.281486
36.13251
0 -83.281963
36.132624
0 -83.282788
36.133894
0 -83.28747
36.135766
0 -83.293689
36.138193
0 -83.301056
36.139615
0 -83.301658
36.139739
0 -83.310927
36.141656
0 -83.330409
36.145527
0 -83.331391
36.145892
0 -83.331791
36.143792
0 -83.341013
36.146017
0 -83.372994
36.153792
0 -83.388293
36.15359
0 -83.383893
36.149091
0 -83.383493
36.150191
0 -83.378692
36.146891
0 -83.381193
36.145091
0 -83.384493
36.147091
0 -83.386393
36.142391
0 -83.387594
36.142691
0 -83.389893
36.145589
0 -83.390994
36.145691
0 -83.39097
36.151758
0 -83.393894
36.155191
0 -83.408535
36.154101
0 -83.416898
36.154317
0 -83.426
36.15455
0 -83.426814
36.15457
0 -83.429127
36.15463
0 -83.458695
36.155289
0 -83.467097
36.174688
0 -83.471197
36.172288
0 -83.483497
36.167088
0 -83.485097
36.166788
0 -83.490697
36.166588
0 -83.492897
36.166088
0 -83.497798
36.167588
0 -83.499898
36.167488
0 -83.504385
36.168556
0 -83.505612
36.169103
0 -83.515524
36.178053
0 -83.518896
36.178186
0 -83.519936
36.177349
0 -83.521699
36.174687
0 -83.523125
36.167849
0 -83.524731
36.16436
0 -83.526218
36.163176
0 -83.528262
36.162559
0 -83.530536
36.163309
0 -83.533435
36.165632
0 -83.535116
36.168024
0 -83.535799
36.170687
0 -83.535699
36.174987
0 -83.535999
36.179287
0 -83.536999
36.180787
0 -83.539199
36.181787
0 -83.543143
36.181813
0 -83.544799
36.181487
0 -83.5493
36.179587
0 -83.5517
36.179287
0 -83.5573
36.179286
0 -83.5586
36.179786
0 -83.5593
36.182386
0 -83.5592
36.186286
0 -83.5595
36.187986
0 -83.5609
36.190186
0 -83.563013
36.191976
0 -83.5651
36.191686
0 -83.5673
36.190086
0 -83.5678
36.187886
0 -83.5666
36.182786
0 -83.563
36.176886
0 -83.5619
36.173486
0 -83.5619
36.171486
0 -83.5627
36.168986
0 -83.564399
36.166486
0 -83.569
36.165586
0 -83.572143
36.166053
0 -83.577961
36.168257
0 -83.579294
36.168482
0 -83.58224
36.167591
0 -83.582978
36.16622
0 -83.582487
36.164115
0 -83.580883
36.160386
0 -83.58047
36.157295
0 -83.580903
36.155494
0 -83.582944
36.154259
0 -83.58421
36.154135
0 -83.587484
36.154443
0 -83.588666
36.154942
0 -83.589855
36.156865
0 -83.589833
36.158369
0 -83.58856
36.163239
0 -83.589567
36.16563
0 -83.590865
36.166517
0 -83.593826
36.166192
0 -83.597766
36.164182
0 -83.599807
36.160423
0 -83.6015
36.153186
0 -83.6018
36.150886
0 -83.600272
36.147085
0 -83.599597
36.142867
0 -83.600781
36.139752
0 -83.60191
36.138902
0 -83.604223
36.138299
0 -83.609064
36.140768
0 -83.6102
36.141286
0 -83.612594
36.140596
0 -83.612796
36.139906
0 -83.611034
36.136934
0 -83.607659
36.134121
0 -83.606754
36.13258
0 -83.607259
36.130407
0 -83.610743
36.130602
0 -83.613192
36.133193
0 -83.614717
36.135594
0 -83.616265
36.140284
0 -83.617618
36.143
0 -83.619863
36.143729
0 -83.622761
36.142327
0 -83.6249
36.139885
0 -83.6277
36.138485
0 -83.6294
36.138985
0 -83.631501
36.143185
0 -83.632801
36.144485
0 -83.635501
36.145085
0 -83.637201
36.144385
0 -83.638301
36.141485
0 -83.639696
36.132485
0 -83.638938
36.128592
0 -83.6379
36.127385
0 -83.6344
36.125885
0 -83.630202
36.125455
0 -83.627722
36.122976
0 -83.627717
36.118014
0 -83.628063
36.113443
0 -83.628707
36.109246
0 -83.628681
36.105994
0 -83.63001
36.101279
0 -83.631073
36.100236
0 -83.638319
36.097996
0 -83.641323
36.09707
0 -83.645359
36.097211
0 -83.649915
36.099004
0 -83.65158
36.099978
0 -83.653924
36.103163
0 -83.654559
36.105672
0 -83.65344
36.107739
0 -83.649921
36.109347
0 -83.648104
36.111526
0 -83.647904
36.11392
0 -83.650251
36.11817
0 -83.652121
36.122291
0 -83.651522
36.125151
0 -83.652811
36.125557
0 -83.655422
36.125271
0 -83.659496
36.126208
0 -83.659947
36.121678
0 -83.660364
36.121011
0 -83.663307
36.121114
0 -83.666411
36.121791
0 -83.666774
36.126657
0 -83.667179
36.12666
0 -83.671846
36.126184
0 -83.674237
36.125008
0 -83.675614
36.12094
0 -83.675567
36.117112
0 -83.674454
36.116399
0 -83.672542
36.111162
0 -83.67033
36.106295
0 -83.669564
36.102002
0 -83.667578
36.099022
0 -83.662187
36.093784
0 -83.660048
36.091278
0 -83.659171
36.087848
0 -83.659387
36.085533
0 -83.660261
36.08387
0 -83.66206
36.082239
0 -83.665378
36.080864
0 -83.66746
36.080587
0 -83.669956
36.080631
0 -83.674736
36.081819
0 -83.676289
36.082559
0 -83.679504
36.084969
0 -83.682916
36.088422
0 -83.686301
36.090768
0 -83.689138
36.093335
0 -83.691292
36.09463
0 -83.695149
36.095745
0 -83.699122
36.096223
0 -83.704319
36.095782
0 -83.707976
36.094264
0 -83.70925
36.093234
0 -83.710114
36.091497
0 