-85.799834
39.128897
0 -85.799714
39.127475
0 -85.798804
39.068536
0 -85.798133
39.027695
0 -85.797339
38.974933
0 -85.797259
38.969762
0 -85.797178
38.961245
0 -85.796763
38.953841
0 -85.796994
38.952517
0 -85.796827
38.932812
0 -85.796737
38.932363
0 -85.796462
38.911024
0 -85.796313
38.902446
0 -85.795402
38.823469
0 -85.795233
38.812373
0 -85.795357
38.807508
0 -85.794277
38.808268
0 -85.791995
38.807627
0 -85.791146
38.808543
0 -85.789216
38.806986
0 -85.783425
38.807145
0 -85.782547
38.807511
0 -85.78123
38.810806
0 -85.779474
38.812682
0 -85.775817
38.81291
0 -85.774063
38.811696
0 -85.77266
38.809613
0 -85.771051
38.80975
0 -85.769208
38.810962
0 -85.769148
38.812885
0 -85.76821
38.815127
0 -85.763442
38.815377
0 -85.762009
38.813683
0 -85.759873
38.814689
0 -85.757181
38.815122
0 -85.75829
38.818831
0 -85.755042
38.820408
0 -85.753023
38.820773
0 -85.751268
38.820177
0 -85.749518
38.815405
0 -85.747033
38.815411
0 -85.747672
38.818706
0 -85.74831
38.819326
0 -85.747474
38.822267
0 -85.745959
38.822822
0 -85.744506
38.821763
0 -85.745098
38.819471
0 -85.743284
38.818694
0 -85.739931
38.819343
0 -85.736907
38.820505
0 -85.734861
38.822909
0 -85.730854
38.824604
0 -85.730621
38.826664
0 -85.7315
38.827579
0 -85.734689
38.828859
0 -85.735363
38.829981
0 -85.734749
38.831285
0 -85.733191
38.831812
0 -85.731046
38.831107
0 -85.729192
38.828731
0 -85.72676
38.826963
0 -85.726554
38.824514
0 -85.723187
38.823027
0 -85.71918
38.823188
0 -85.718214
38.823784
0 -85.719152
38.826232
0 -85.715524
38.828224
0 -85.712628
38.828454
0 -85.710258
38.827516
0 -85.709058
38.825891
0 -85.706191
38.824404
0 -85.705722
38.8231
0 -85.706629
38.821273
0 -85.70575
38.818797
0 -85.703263
38.816577
0 -85.699987
38.818134
0 -85.698525
38.817814
0 -85.698992
38.815479
0 -85.697237
38.814793
0 -85.694663
38.81747
0 -85.691035
38.81596
0 -85.683839
38.815406
0 -85.684068
38.823873
0 -85.679676
38.8241
0 -85.640115
38.824142
0 -85.63844
38.824182
0 -85.638403
38.817597
0 -85.628855
38.817583
0 -85.628847
38.824139
0 -85.610595
38.824247
0 -85.61064
38.827582
0 -85.610999
38.853769
0 -85.573776
38.853745
0 -85.573806
38.882658
0 -85.537435
38.88278
0 -85.5382
38.912217
0 -85.535471
38.912275
0 -85.463477
38.912943
0 -85.449999
38.912969
0 -85.444897
38.912998
0 -85.444658
39.000659
0 -85.444051
39.000883
0 -85.443708
39.044483
0 -85.443505
39.059039
0 -85.443362
39.064693
0 -85.443144
39.073458
0 -85.442773
39.088348
0 -85.441866
39.088375
0 -85.441236
39.147002
0 -85.441054
39.16173
0 -85.440384
39.187457
0 -85.439905
39.190763
0 -85.440054
39.195617
0 -85.460671
39.18532
0 -85.498328
39.166964
0 -85.499964
39.165914
0 -85.517819
39.157045
0 -85.555881
39.137869
0 -85.56632
39.132761
0 -85.569046
39.132508
0 -85.573992
39.132342
0 -85.602586
39.13197
0 -85.624972
39.131417
0 -85.629296
39.131726
0 -85.649774
39.13147
0 -85.651086
39.131476
0 -85.664061
39.131112
0 -85.686783
39.130859
0 -85.743315
39.130308
0 -85.761758
39.129464
0 -85.762443
39.129259
0 -85.771119
39.129177
0 -85.774355
39.129146
0 -85.799834
39.128897
0 