-114.6174
42.850811
0 -114.617285
42.838854
0 -114.616981
42.780354
0 -114.616873
42.771874
0 -114.616827
42.76786
0 -114.616785
42.744467
0 -114.616968
42.741357
0 -114.616778
42.737424
0 -114.616774
42.724437
0 -114.616694
42.653204
0 -114.616535
42.649367
0 -114.611182
42.647354
0 -114.606154
42.643739
0 -114.60208
42.642043
0 -114.596511
42.6409
0 -114.594339
42.64075
0 -114.589876
42.64104
0 -114.583892
42.639444
0 -114.579646
42.638748
0 -114.572355
42.638582
0 -114.564952
42.635163
0 -114.563544
42.634858
0 -114.559785
42.635328
0 -114.556851
42.63578
0 -114.553429
42.636446
0 -114.551071
42.636531
0 -114.544261
42.635692
0 -114.539246
42.633551
0 -114.524767
42.631904
0 -114.520185
42.630959
0 -114.516583
42.629372
0 -114.515262
42.628034
0 -114.512678
42.626963
0 -114.509729
42.626354
0 -114.511457
42.621472
0 -114.493732
42.61287
0 -114.486332
42.609967
0 -114.48234
42.609322
0 -114.473724
42.605503
0 -114.470541
42.603545
0 -114.468346
42.601161
0 -114.466438
42.599876
0 -114.463027
42.599745
0 -114.457437
42.600752
0 -114.453392
42.600697
0 -114.449816
42.600633
0 -114.447791
42.599838
0 -114.440424
42.596007
0 -114.437044
42.596857
0 -114.432037
42.599981
0 -114.430832
42.598696
0 -114.428408
42.59937
0 -114.424746
42.599848
0 -114.421403
42.599596
0 -114.414782
42.598436
0 -114.410962
42.596808
0 -114.406338
42.595646
0 -114.402764
42.595519
0 -114.400326
42.59675
0 -114.39849
42.596666
0 -114.394377
42.599072
0 -114.392404
42.599647
0 -114.389315
42.599702
0 -114.382074
42.599117
0 -114.375289
42.598227
0 -114.373707
42.596388
0 -114.370838
42.59526
0 -114.368045
42.593477
0 -114.364924
42.593188
0 -114.358781
42.590712
0 -114.358263
42.590071
0 -114.356078
42.589878
0 -114.352476
42.589398
0 -114.344705
42.585214
0 -114.33748
42.57963
0 -114.336052
42.577484
0 -114.33589
42.575121
0 -114.333743
42.572888
0 -114.330395
42.572302
0 -114.325764
42.572372
0 -114.318431
42.572261
0 -114.314795
42.571407
0 -114.312839
42.571618
0 -114.310292
42.570913
0 -114.307224
42.571608
0 -114.305457
42.570753
0 -114.29813
42.565976
0 -114.294512
42.566003
0 -114.291272
42.564805
0 -114.287082
42.561915
0 -114.284661
42.561817
0 -114.281382
42.562825
0 -114.277178
42.563278
0 -114.273434
42.562871
0 -114.26795
42.560743
0 -114.2621
42.561423
0 -114.256961
42.561249
0 -114.252995
42.560365
0 -114.248385
42.560042
0 -114.245295
42.559403
0 -114.242845
42.558199
0 -114.23711
42.557183
0 -114.234862
42.556203
0 -114.228662
42.551403
0 -114.225292
42.549824
0 -114.220968
42.549061
0 -114.219494
42.548335
0 -114.211109
42.546594
0 -114.20487
42.54409
0 -114.199411
42.542858
0 -114.196871
42.541322
0 -114.190183
42.537912
0 -114.182341
42.534348
0 -114.177801
42.530629
0 -114.175673
42.527503
0 -114.174994
42.525636
0 -114.174193
42.520849
0 -114.172589
42.516449
0 -114.171559
42.514856
0 -114.168464
42.512051
0 -114.161166
42.508451
0 -114.156892
42.502668
0 -114.152817
42.49916
0 -114.149848
42.497804
0 -114.140445
42.497728
0 -114.137414
42.498233
0 -114.130033
42.495381
0 -114.12878
42.496386
0 -114.125859
42.496122
0 -114.122549
42.497572
0 -114.120979
42.500624
0 -114.119393
42.502582
0 -114.114671
42.506749
0 -114.109411
42.507462
0 -114.105936
42.507189
0 -114.095771
42.508241
0 -114.092285
42.509454
0 -114.084877
42.512705
0 -114.082095
42.514632
0 -114.079006
42.515869
0 -114.074495
42.51635
0 -114.072578
42.518743
0 -114.069191
42.521693
0 -114.06511
42.523292
0 -114.06023
42.523546
0 -114.053939
42.526819
0 -114.049774
42.527359
0 -114.045718
42.528766
0 -114.04005
42.52844
0 -114.037385
42.527403
0 -114.033119
42.526892
0 -114.030872
42.525045
0 -114.028067
42.524164
0 -114.023669
42.525018
0 -114.021551
42.526172
0 -114.020742
42.527582
0 -114.018488
42.528325
0 -114.015304
42.527341
0 -114.01365
42.525779
0 -114.011254
42.525533
0 -114.009107
42.526267
0 -114.004581
42.526836
0 -114.000691
42.526434
0 -113.995713
42.526188
0 -113.995356
42.526448
0 -113.993864
42.530061
0 -113.992667
42.531325
0 -113.990599
42.53226
0 -113.988161
42.532565
0 -113.985215
42.534136
0 -113.979843
42.534371
0 -113.975316
42.532956
0 -113.972867
42.532903
0 -113.968979
42.53371
0 -113.966605
42.534956
0 -113.96022
42.535186
0 -113.958776
42.534168
0 -113.958615
42.531765
0 -113.956046
42.530243
0 -113.95384
42.530576
0 -113.948976
42.53038
0 -113.94537
42.531275
0 -113.943897
42.532225
0 -113.940011
42.533355
0 -113.936844
42.53466
0 -113.931799
42.535275
0 -113.931988
42.576435
0 -113.931996
42.576681
0 -113.932312
42.615581
0 -113.932309
42.623757
0 -113.932025
42.627452
0 -113.931975
42.633396
0 -113.932225
42.635858
0 -113.932755
42.751027
0 -113.932904
42.765032
0 -113.971177
42.765146
0 -114.011305
42.765169
0 -114.013884
42.764984
0 -114.027167
42.765034
0 -114.049868
42.765121
0 -114.04987
42.808521
0 -114.345659
42.809055
0 -114.345652
42.823482
0 -114.365292
42.823656
0 -114.365366
42.85079
0 -114.433455
42.850734
0 -114.594375
42.850826
0 -114.595108
42.850826
0 -114.6174
42.850811
0 