-93.709976
35.382419
0 -93.710076
35.375242
0 -93.705916
35.375689
0 -93.701753
35.375405
0 -93.696247
35.376044
0 -93.692079
35.377089
0 -93.684647
35.381042
0 -93.682246
35.383138
0 -93.680136
35.385823
0 -93.678738
35.388978
0 -93.676398
35.392803
0 -93.676145
35.397019
0 -93.675578
35.400887
0 -93.674314
35.402808
0 -93.672105
35.404595
0 -93.669782
35.405571
0 -93.666477
35.406058
0 -93.662051
35.404754
0 -93.660628
35.403884
0 -93.657685
35.400248
0 -93.649478
35.391022
0 -93.647487
35.389623
0 -93.640654
35.386215
0 -93.639146
35.385997
0 -93.626671
35.384407
0 -93.614202
35.384146
0 -93.608633
35.384327
0 -93.600055
35.383465
0 -93.595369
35.383656
0 -93.585736
35.38603
0 -93.584775
35.386631
0 -93.582414
35.38811
0 -93.580033
35.391
0 -93.579215
35.392733
0 -93.57707
35.394098
0 -93.571462
35.39662
0 -93.561671
35.399646
0 -93.557622
35.399276
0 -93.552962
35.399513
0 -93.550801
35.400219
0 -93.548483
35.400976
0 -93.543963
35.402377
0 -93.537756
35.405637
0 -93.53295
35.408984
0 -93.531839
35.409265
0 -93.527068
35.408418
0 -93.524485
35.407085
0 -93.51827
35.401632
0 -93.516071
35.400338
0 -93.508997
35.397687
0 -93.500185
35.395943
0 -93.494626
35.396949
0 -93.4923
35.397782
0 -93.489744
35.399203
0 -93.48602
35.402442
0 -93.481008
35.40488
0 -93.478053
35.40755
0 -93.477483
35.409766
0 -93.475188
35.414758
0 -93.474136
35.415552
0 -93.467815
35.421294
0 -93.462977
35.424175
0 -93.460946
35.424734
0 -93.45601
35.425197
0 -93.447063
35.428252
0 -93.444806
35.428728
0 -93.440649
35.428958
0 -93.434761
35.427504
0 -93.43284
35.426501
0 -93.43041
35.423737
0 -93.427819
35.417716
0 -93.426368
35.412063
0 -93.424669
35.406911
0 -93.424368
35.403919
0 -93.42469
35.398811
0 -93.424737
35.398182
0 -93.425275
35.394087
0 -93.424624
35.389206
0 -93.421232
35.382029
0 -93.420769
35.380044
0 -93.418356
35.376207
0 -93.416773
35.369698
0 -93.414405
35.365254
0 -93.412386
35.362838
0 -93.408811
35.359381
0 -93.405493
35.356768
0 -93.399886
35.353514
0 -93.396514
35.351264
0 -93.395507
35.348605
0 -93.396584
35.346669
0 -93.398965
35.34443
0 -93.402477
35.34294
0 -93.404711
35.343145
0 -93.407304
35.342097
0 -93.409223
35.340725
0 -93.412616
35.340685
0 -93.414631
35.341368
0 -93.417568
35.339623
0 -93.420361
35.338856
0 -93.422171
35.337412
0 -93.422524
35.333563
0 -93.421894
35.32966
0 -93.420576
35.3281
0 -93.418904
35.327128
0 -93.417895
35.326779
0 -93.409281
35.327383
0 -93.405819
35.328899
0 -93.4028
35.328878
0 -93.399418
35.329594
0 -93.391865
35.330228
0 -93.388456
35.331218
0 -93.386275
35.331375
0 -93.383861
35.33096
0 -93.379817
35.32995
0 -93.375773
35.329632
0 -93.373016
35.329594
0 -93.36357
35.330704
0 -93.356387
35.33311
0 -93.342314
35.33866
0 -93.338057
35.340046
0 -93.332909
35.341423
0 -93.330975
35.341605
0 -93.329423
35.341553
0 -93.328585
35.341453
0 -93.325516
35.340092
0 -93.322523
35.339174
0 -93.316737
35.336166
0 -93.312389
35.333572
0 -93.307406
35.331146
0 -93.299014
35.327425
0 -93.298833
35.337399
0 -93.298413
35.353695
0 -93.298551
35.356964
0 -93.298073
35.365605
0 -93.297938
35.382797
0 -93.297823
35.390264
0 -93.297073
35.426098
0 -93.296927
35.433531
0 -93.296857
35.437082
0 -93.296341
35.452677
0 -93.296197
35.464293
0 -93.29591
35.469915
0 -93.278044
35.469805
0 -93.255612
35.469279
0 -93.25443
35.469326
0 -93.228038
35.468688
0 -93.223633
35.468593
0 -93.22345
35.483094
0 -93.222422
35.519262
0 -93.222029
35.555537
0 -93.222768
35.555739
0 -93.22117
35.598938
0 -93.185611
35.598314
0 -93.1678
35.597695
0 -93.167569
35.609378
0 -93.167544
35.612762
0 -93.16745
35.625016
0 -93.165474
35.659157
0 -93.165065
35.712183
0 -93.164452
35.728831
0 -93.19451
35.72968
0 -93.200036
35.72998
0 -93.306185
35.730403
0 -93.344231
35.730353
0 -93.358121
35.730463
0 -93.359195
35.730298
0 -93.374056
35.730231
0 -93.379071
35.730521
0 -93.379345
35.730529
0 -93.40587
35.731033
0 -93.406349
35.731243
0 -93.406868
35.731257
0 -93.408222
35.731183
0 -93.432451
35.731897
0 -93.472596
35.733607
0 -93.484491
35.733823
0 -93.519575
35.734422
0 -93.519204
35.763521
0 -93.548018
35.764244
0 -93.624693
35.765927
0 -93.62519
35.765706
0 -93.656834
35.767163
0 -93.668467
35.767801
0 -93.673113
35.767728
0 -93.680071
35.768176
0 -93.695981
35.768649
0 -93.697923
35.710576
0 -93.698439
35.696223
0 -93.699277
35.673337
0 -93.700009
35.652422
0 -93.700024
35.644545
0 -93.70043
35.634159
0 -93.70082
35.63223
0 -93.70068
35.629303
0 -93.70162
35.60102
0 -93.701966
35.59711
0 -93.702081
35.591294
0 -93.70233
35.578961
0 -93.702747
35.568404
0 -93.702787
35.56608
0 -93.702789
35.566015
0 -93.703477
35.55149
0 -93.705431
35.501644
0 -93.705473
35.500342
0 -93.70647
35.47862
0 -93.706965
35.464011
0 -93.70779
35.44166
0 -93.708675
35.412864
0 -93.709573
35.395138
0 -93.7094
35.39454
0 -93.709976
35.382419
0 