-90.312792
44.005084
0 -90.312697
43.98171
0 -90.312302
43.937299
0 -90.312205
43.927085
0 -90.312207
43.911355
0 -90.312213
43.908966
0 -90.312301
43.90051
0 -90.312271
43.896882
0 -90.31224
43.894466
0 -90.312057
43.880407
0 -90.311902
43.856533
0 -90.311775
43.840604
0 -90.311843
43.826485
0 -90.311856
43.822617
0 -90.311903
43.818889
0 -90.311906
43.818771
0 -90.312225
43.788344
0 -90.312288
43.765599
0 -90.312194
43.731467
0 -90.312195
43.731234
0 -90.31223
43.725118
0 -90.312385
43.698453
0 -90.312419
43.692768
0 -90.312519
43.676092
0 -90.312668
43.65726
0 -90.312691
43.647991
0 -90.312404
43.640988
0 -90.296648
43.641123
0 -90.250127
43.641656
0 -90.24592
43.641446
0 -90.231281
43.641699
0 -90.22656
43.641781
0 -90.216802
43.641949
0 -90.216001
43.641963
0 -90.193405
43.641758
0 -90.19211
43.641757
0 -90.176449
43.642233
0 -90.162818
43.64209
0 -90.121749
43.641911
0 -90.118693
43.6419
0 -90.097029
43.64182
0 -90.092117
43.641802
0 -90.087341
43.641784
0 -90.085861
43.641779
0 -90.072153
43.641728
0 -90.03107
43.64163
0 -89.954713
43.64124
0 -89.935079
43.641119
0 -89.93259
43.641203
0 -89.909364
43.641106
0 -89.905605
43.641091
0 -89.838112
43.64093
0 -89.831781
43.641095
0 -89.811349
43.640969
0 -89.79982
43.640992
0 -89.799659
43.640992
0 -89.790607
43.640988
0 -89.789891
43.640995
0 -89.788314
43.641048
0 -89.785809
43.641049
0 -89.784901
43.641051
0 -89.786908
43.642003
0 -89.789222
43.645164
0 -89.788771
43.646876
0 -89.786063
43.650396
0 -89.785936
43.65228
0 -89.7867
43.658043
0 -89.787801
43.660184
0 -89.787392
43.662832
0 -89.787656
43.665909
0 -89.78702
43.667149
0 -89.788307
43.668601
0 -89.79133
43.670645
0 -89.793512
43.671526
0 -89.797676
43.672297
0 -89.805073
43.675406
0 -89.807982
43.677462
0 -89.81126
43.681724
0 -89.814284
43.686549
0 -89.819192
43.692583
0 -89.822479
43.697391
0 -89.823785
43.699973
0 -89.82549
43.705598
0 -89.826905
43.708238
0 -89.82931
43.711315
0 -89.829928
43.713597
0 -89.830431
43.716713
0 -89.831995
43.718878
0 -89.83589
43.72417
0 -89.838548
43.731149
0 -89.84125
43.736677
0 -89.842832
43.752346
0 -89.843346
43.754409
0 -89.842905
43.75748
0 -89.846127
43.760146
0 -89.848986
43.763097
0 -89.849575
43.766652
0 -89.850465
43.768679
0 -89.851754
43.769888
0 -89.855007
43.771216
0 -89.856899
43.77273
0 -89.858488
43.774726
0 -89.860756
43.779045
0 -89.864042
43.781517
0 -89.86582
43.783912
0 -89.869613
43.785795
0 -89.87355
43.788779
0 -89.876965
43.790783
0 -89.889778
43.796714
0 -89.893612
43.799745
0 -89.897064
43.804665
0 -89.899003
43.810225
0 -89.902839
43.814086
0 -89.904186
43.814675
0 -89.910141
43.816176
0 -89.913696
43.818414
0 -89.916193
43.82152
0 -89.917387
43.829873
0 -89.918176
43.832411
0 -89.920729
43.836482
0 -89.922308
43.838468
0 -89.926025
43.84106
0 -89.928529
43.842169
0 -89.93606
43.846678
0 -89.940135
43.850619
0 -89.944002
43.852512
0 -89.94878
43.854463
0 -89.952768
43.857115
0 -89.958139
43.861705
0 -89.960682
43.863628
0 -89.961221
43.864027
0 -89.96261
43.866494
0 -89.963616
43.868957
0 -89.963944
43.871608
0 -89.96286
43.873727
0 -89.962857
43.877466
0 -89.96375
43.88033
0 -89.962808
43.881836
0 -89.962948
43.883399
0 -89.964267
43.884708
0 -89.970594
43.893427
0 -89.974096
43.896384
0 -89.978628
43.899215
0 -89.979545
43.901055
0 -89.980036
43.904865
0 -89.980676
43.905623
0 -89.982473
43.907245
0 -89.984044
43.910409
0 -89.983922
43.91369
0 -89.982717
43.916264
0 -89.979393
43.918693
0 -89.976371
43.919738
0 -89.971695
43.920694
0 -89.969151
43.920652
0 -89.962427
43.919774
0 -89.959064
43.920131
0 -89.954449
43.921986
0 -89.952101
43.924197
0 -89.9512
43.926587
0 -89.951542
43.929509
0 -89.952859
43.932412
0 -89.955748
43.93636
0 -89.956302
43.940657
0 -89.955646
43.947169
0 -89.954993
43.949854
0 -89.954805
43.95301
0 -89.955268
43.955292
0 -89.957443
43.95833
0 -89.960434
43.961118
0 -89.962276
43.96376
0 -89.962711
43.966282
0 -89.962412
43.967987
0 -89.962601
43.979236
0 -89.963157
43.981637
0 -89.963565
43.983695
0 -89.965541
43.98738
0 -89.966301
43.98925
0 -89.968154
43.991612
0 -89.974295
43.99606
0 -89.977247
43.997543
0 -89.983443
44.000033
0 -89.986766
44.001601
0 -89.993743
44.004214
0 -90.001095
44.005912
0 -90.004796
44.007341
0 -90.005887
44.008391
0 -90.00566
44.011836
0 -90.004705
44.012985
0 -90.001385
44.014986
0 -89.999925
44.016482
0 -89.99856
44.02055
0 -89.998469
44.022551
0 -89.998977
44.024045
0 -90.000281
44.025189
0 -90.002775
44.029072
0 -90.003625
44.031524
0 -90.005892
44.034466
0 -90.009263
44.036858
0 -90.015643
44.041788
0 -90.016774
44.043058
0 -90.018701
44.048006
0 -90.017774
44.050332
0 -90.018289
44.053275
0 -90.020071
44.056975
0 -90.019663
44.063835
0 -90.02205
44.068045
0 -90.025395
44.068278
0 -90.024951
44.069428
0 -90.025606
44.071656
0 -90.025424
44.073214
0 -90.02366
44.075515
0 -90.023575
44.078993
0 -90.026056
44.083741
0 -90.026378
44.087206
0 -90.025953
44.091748
0 -90.024457
44.094982
0 -90.023495
44.095983
0 -90.019357
44.098328
0 -90.016953
44.100574
0 -90.010967
44.100326
0 -90.007845
44.101078
0 -90.004801
44.102677
0 -90.00392
44.104393
0 -90.005031
44.108134
0 -90.009402
44.111726
0 -90.010462
44.113542
0 -90.010689
44.11534
0 -90.010311
44.118828
0 -90.009706
44.1197
0 -90.007056
44.121607
0 -90.003194
44.122425
0 -89.999559
44.122534
0 -89.995487
44.125856
0 -89.994089
44.126778
0 -89.991416
44.126725
0 -89.990193
44.124884
0 -89.985746
44.122096
0 -89.981837
44.121691
0 -89.976919
44.122538
0 -89.974737
44.125696
0 -89.97545
44.128008
0 -89.97849
44.128653
0 -89.983826
44.128398
0 -89.984695
44.129251
0 -89.983499
44.132138
0 -89.977163
44.132439
0 -89.974662
44.132972
0 -89.973773
44.13457
0 -89.972685
44.140955
0 -89.97178
44.143098
0 -89.971553
44.14601
0 -89.970318
44.148103
0 -89.970201
44.151671
0 -89.969387
44.158129
0 -89.969751
44.160537
0 -89.970935
44.162717
0 -89.971209
44.165221
0 -89.970482
44.167114
0 -89.967194
44.167287
0 -89.964334
44.166455
0 -89.960863
44.166017
0 -89.954918
44.16344
0 -89.949284
44.163694
0 -89.941713
44.163434
0 -89.940552
44.162299
0 -89.938378
44.155407
0 -89.936758
44.152996
0 -89.93299
44.15036
0 -89.928684
44.150304
0 -89.924938
44.151487
0 -89.923387
44.152416
0 -89.922802
44.155308
0 -89.924303
44.155328
0 -89.923105
44.157685
0 -89.921362
44.163681
0 -89.921171
44.166857
0 -89.923587
44.171772
0 -89.925576
44.174315
0 -89.925313
44.175651
0 -89.923649
44.17782
0 -89.92043
44.178581
0 -89.917321
44.178026
0 -89.913548
44.176841
0 -89.908897
44.176261
0 -89.907141
44.176286
0 -89.903517
44.17783
0 -89.901345
44.180854
0 -89.90016
44.18432
0 -89.900948
44.187425
0 -89.903595
44.191434
0 -89.908445
44.191861
0 -89.911816
44.19113
0 -89.918866
44.190313
0 -89.923811
44.190573
0 -89.92624
44.191589
0 -89.926944
44.192942
0 -89.926314
44.195251
0 -89.923646
44.19756
0 -89.919495
44.198475
0 -89.913594
44.198182
0 -89.909869
44.198241
0 -89.905932
44.200215
0 -89.905013
44.201604
0 -89.905314
44.204275
0 -89.906432
44.205703
0 -89.909688
44.207572
0 -89.913549
44.207794
0 -89.920478
44.208859
0 -89.922481
44.209809
0 -89.924743
44.213203
0 -89.922678
44.21642
0 -89.919405
44.218583
0 -89.917032
44.219088
0 -89.911902
44.219177
0 -89.907988
44.220555
0 -89.906846
44.222241
0 -89.906763
44.224444
0 -89.908501
44.226398
0 -89.908102
44.228889
0 -89.905444
44.228896
0 -89.901955
44.227124
0 -89.897834
44.227861
0 -89.897585
44.229844
0 -89.899226
44.232975
0 -89.901696
44.236151
0 -89.903351
44.241392
0 -89.902783
44.249473
0 -89.914117
44.249443
0 -89.919215
44.249243
0 -89.924105
44.2494
0 -89.955399
44.249241
0 -89.957101
44.24917
0 -90.048093
44.248941
0 -90.056732
44.248954
0 -90.073082
44.249008
0 -90.080691
44.249011
0 -90.091284
44.249091
0 -90.135222
44.249189
0 -90.1355
44.24917
0 -90.19227
44.249004
0 -90.238172
44.249009
0 -90.250133
44.248442
0 -90.31268
44.24875
0 -90.312522
44.155198
0 -90.312298
44.111124
0 -90.312466
44.068293
0 -90.31265
44.025784
0 -90.31265
44.025551
0 -90.312792
44.005084
0 