-93.518407
45.889757
0 -93.51832
45.878386
0 -93.517962
45.873356
0 -93.518031
45.866842
0 -93.516626
45.825072
0 -93.516798
45.821175
0 -93.51593
45.800832
0 -93.515765
45.800127
0 -93.514129
45.759472
0 -93.513809
45.735316
0 -93.513683
45.734318
0 -93.473216
45.733241
0 -93.463884
45.732988
0 -93.404626
45.731324
0 -93.404307
45.731254
0 -93.388982
45.730717
0 -93.379372
45.730772
0 -93.373568
45.730914
0 -93.368747
45.730771
0 -93.321048
45.730925
0 -93.308026
45.730883
0 -93.30701
45.730905
0 -93.265895
45.730659
0 -93.22766
45.730787
0 -93.183305
45.730519
0 -93.178178
45.730544
0 -93.172997
45.730574
0 -93.171751
45.730597
0 -93.169067
45.73055
0 -93.168656
45.730466
0 -93.167986
45.730595
0 -93.157441
45.730592
0 -93.141793
45.730657
0 -93.141698
45.744088
0 -93.141998
45.790945
0 -93.14193
45.7954
0 -93.142315
45.802784
0 -93.142093
45.810542
0 -93.142097
45.817302
0 -93.14221
45.831923
0 -93.142328
45.879523
0 -93.142362
45.882609
0 -93.142339
45.882741
0 -93.142369
45.885085
0 -93.142377
45.889739
0 -93.142404
45.897015
0 -93.1424
45.904662
0 -93.14264
45.94819
0 -93.142869
45.981005
0 -93.136805
45.981021
0 -93.125213
45.980765
0 -93.117504
45.981203
0 -93.055081
45.981233
0 -93.05527
46.010108
0 -93.055219
46.071365
0 -93.05463
46.093491
0 -93.054269
46.114392
0 -93.054255
46.115188
0 -93.05395
46.14878
0 -93.053871
46.15812
0 -93.054858
46.158273
0 -93.136381
46.158207
0 -93.155624
46.158344
0 -93.178985
46.15855
0 -93.262364
46.159271
0 -93.263896
46.159465
0 -93.267218
46.159302
0 -93.277667
46.159383
0 -93.284475
46.159443
0 -93.304891
46.158913
0 -93.375232
46.156108
0 -93.377062
46.155896
0 -93.409283
46.154472
0 -93.419687
46.154285
0 -93.431831
46.153991
0 -93.431907
46.146968
0 -93.431955
46.143386
0 -93.432257
46.118177
0 -93.432445
46.068034
0 -93.43276
46.039263
0 -93.432794
46.010538
0 -93.432547
45.985303
0 -93.432492
45.981398
0 -93.51808
45.981789
0 -93.518083
45.981721
0 -93.518154
45.922517
0 -93.518243
45.908683
0 -93.518111
45.893642
0 -93.518407
45.889757
0 