-88.602346
41.806846
0 -88.602393
41.799826
0 -88.602147
41.774627
0 -88.602107
41.748599
0 -88.601992
41.734093
0 -88.601981
41.731085
0 -88.601933
41.719563
0 -88.592434
41.719684
0 -88.567415
41.719966
0 -88.562163
41.719847
0 -88.557226
41.720033
0 -88.54782
41.72018
0 -88.489852
41.721119
0 -88.489188
41.721128
0 -88.472526
41.721381
0 -88.443878
41.721786
0 -88.433488
41.721905
0 -88.42403
41.72202
0 -88.417603
41.722102
0 -88.41052
41.7222
0 -88.4045
41.72227
0 -88.40003
41.722328
0 -88.399485
41.722335
0 -88.379764
41.722571
0 -88.37899
41.72258
0 -88.376201
41.722579
0 -88.37532
41.72261
0 -88.37131
41.7227
0 -88.364291
41.722802
0 -88.361734
41.722843
0 -88.361393
41.722849
0 -88.350227
41.722913
0 -88.349705
41.722929
0 -88.347675
41.722929
0 -88.346522
41.723006
0 -88.343272
41.723128
0 -88.341157
41.723026
0 -88.337471
41.723229
0 -88.319958
41.723421
0 -88.31949
41.723426
0 -88.316762
41.723482
0 -88.314165
41.723537
0 -88.286869
41.724029
0 -88.286442
41.724029
0 -88.282
41.724068
0 -88.281002
41.724084
0 -88.278445
41.724126
0 -88.274852
41.724193
0 -88.271169
41.724229
0 -88.267932
41.724334
0 -88.261952
41.724652
0 -88.261968
41.732045
0 -88.261937
41.7376
0 -88.261931
41.739949
0 -88.26198
41.746456
0 -88.262076
41.760444
0 -88.262153
41.762536
0 -88.262275
41.764658
0 -88.262313
41.765905
0 -88.26237
41.770024
0 -88.26237
41.771272
0 -88.26237
41.772025
0 -88.26237
41.77208
0 -88.26237
41.77216
0 -88.26242
41.775327
0 -88.262461
41.777056
0 -88.262451
41.777855
0 -88.262451
41.777957
0 -88.262434
41.782701
0 -88.26244
41.782904
0 -88.262469
41.788659
0 -88.262545
41.79144
0 -88.262542
41.792017
0 -88.262549
41.792639
0 -88.26258
41.799355
0 -88.262601
41.799752
0 -88.262772
41.809309
0 -88.26279
41.812132
0 -88.26279
41.812301
0 -88.262794
41.812831
0 -88.262887
41.815619
0 -88.262997
41.836776
0 -88.262866
41.841008
0 -88.262857
41.841529
0 -88.262572
41.861128
0 -88.262572
41.862913
0 -88.262572
41.863028
0 -88.262528
41.871044
0 -88.262532
41.871154
0 -88.262509
41.882363
0 -88.262503
41.88274
0 -88.262492
41.882886
0 -88.262488
41.882965
0 -88.262479
41.884855
0 -88.26245
41.895208
0 -88.26241
41.899234
0 -88.262426
41.903745
0 -88.262497
41.910883
0 -88.262498
41.910944
0 -88.262498
41.911026
0 -88.262499
41.911152
0 -88.262537
41.916845
0 -88.262574
41.92129
0 -88.262531
41.9222
0 -88.26268
41.926038
0 -88.262798
41.937026
0 -88.262828
41.938695
0 -88.262781
41.942752
0 -88.26277
41.946283
0 -88.262768
41.94632
0 -88.262775
41.950727
0 -88.262875
41.960927
0 -88.262875
41.963039
0 -88.26291
41.968891
0 -88.263057
41.973013
0 -88.263176
41.974644
0 -88.262996
41.976988
0 -88.262876
41.982435
0 -88.262876
41.986227
0 -88.263073
41.993612
0 -88.263142
42.005029
0 -88.263286
42.008726
0 -88.263372
42.011916
0 -88.263371
42.011939
0 -88.263282
42.01395
0 -88.263572
42.015417
0 -88.263255
42.015492
0 -88.263289
42.023056
0 -88.263276
42.026791
0 -88.26328
42.029072
0 -88.26328
42.033896
0 -88.263376
42.036533
0 -88.263472
42.044881
0 -88.263374
42.046411
0 -88.263477
42.050448
0 -88.263416
42.055034
0 -88.263382
42.057872
0 -88.263507
42.058654
0 -88.263401
42.059023
0 -88.263378
42.066626
0 -88.262678
42.066626
0 -88.258351
42.066926
0 -88.253796
42.067048
0 -88.243392
42.067052
0 -88.242558
42.067034
0 -88.237978
42.066926
0 -88.237957
42.067248
0 -88.237932
42.071528
0 -88.238374
42.085165
0 -88.238291
42.092348
0 -88.238284
42.09265
0 -88.238381
42.106605
0 -88.238444
42.108849
0 -88.238579
42.113425
0 -88.238226
42.128932
0 -88.238182
42.132289
0 -88.238369
42.154253
0 -88.249886
42.153717
0 -88.257689
42.154073
0 -88.257734
42.154079
0 -88.25788
42.154071
0 -88.265601
42.153684
0 -88.272419
42.153824
0 -88.273932
42.153824
0 -88.277278
42.153935
0 -88.28212
42.153884
0 -88.287364
42.153741
0 -88.292348
42.153828
0 -88.292654
42.153824
0 -88.29296
42.153824
0 -88.294193
42.153659
0 -88.301579
42.153886
0 -88.303182
42.153724
0 -88.316684
42.153844
0 -88.32117
42.153865
0 -88.327137
42.153898
0 -88.345536
42.153982
0 -88.354183
42.154224
0 -88.354418
42.154222
0 -88.359283
42.154186
0 -88.369402
42.154056
0 -88.369571
42.154055
0 -88.388753
42.153912
0 -88.389293
42.153909
0 -88.392796
42.153978
0 -88.3935
42.153902
0 -88.393762
42.1539
0 -88.398275
42.15389
0 -88.40013
42.153935
0 -88.400965
42.15393
0 -88.401589
42.153926
0 -88.40784
42.153889
0 -88.412619
42.154324
0 -88.415892
42.154324
0 -88.417268
42.154324
0 -88.422524
42.153894
0 -88.432487
42.153823
0 -88.43411
42.154314
0 -88.448371
42.153816
0 -88.451574
42.154215
0 -88.472786
42.154124
0 -88.481931
42.154223
0 -88.510411
42.153874
0 -88.517944
42.153772
0 -88.518677
42.153693
0 -88.588657
42.15359
0 -88.588384
42.124984
0 -88.588418
42.124208
0 -88.588344
42.110025
0 -88.58833
42.066462
0 -88.590901
42.066465
0 -88.601958
42.066469
0 -88.601636
42.03289
0 -88.60156
42.017925
0 -88.601291
41.981336
0 -88.60137
41.971029
0 -88.601408
41.959559
0 -88.601399
41.952151
0 -88.601352
41.923025
0 -88.601352
41.913732
0 -88.601351
41.912301
0 -88.601351
41.910816
0 -88.601356
41.90634
0 -88.601418
41.89862
0 -88.601438
41.894
0 -88.601472
41.891169
0 -88.601686
41.873325
0 -88.601889
41.857064
0 -88.6019
41.850392
0 -88.6019
41.846052
0 -88.601955
41.842452
0 -88.602297
41.821117
0 -88.602346
41.806846
0 