-88.251995
41.114229
0 -88.251594
41.112916
0 -88.25113
41.10353
0 -88.251127
41.103436
0 -88.25096
41.098664
0 -88.250959
41.098529
0 -88.250933
41.097457
0 -88.250901
41.096698
0 -88.25085
41.09622
0 -88.250766
41.09355
0 -88.250759
41.093369
0 -88.249299
41.052662
0 -88.248258
41.023547
0 -88.2473
40.99456
0 -88.22824
40.99564
0 -88.21063
40.995607
0 -88.208716
40.995601
0 -88.199051
40.995858
0 -88.19782
40.99587
0 -88.159932
40.996905
0 -88.132742
40.997675
0 -88.131938
40.997839
0 -88.130876
40.997946
0 -88.016846
40.99999
0 -88.001999
41.000126
0 -87.924762
41.002398
0 -87.921923
41.002475
0 -87.920831
41.002508
0 -87.908292
41.002913
0 -87.905087
41.002916
0 -87.904778
41.002909
0 -87.815163
41.0048
0 -87.814138
41.004932
0 -87.813338
41.004932
0 -87.812438
41.005032
0 -87.77143
41.00553
0 -87.771454
41.005827
0 -87.751473
41.00603
0 -87.746641
41.005951
0 -87.697369
41.006986
0 -87.674767
41.007546
0 -87.672864
41.007604
0 -87.655499
41.007565
0 -87.655503
41.007768
0 -87.650859
41.007888
0 -87.647665
41.007974
0 -87.641218
41.00796
0 -87.625923
41.008295
0 -87.619142
41.008437
0 -87.616552
41.008368
0 -87.607264
41.008587
0 -87.565799
41.009507
0 -87.561162
41.009729
0 -87.546745
41.010031
0 -87.544384
41.009966
0 -87.5263065447313
41.0103549293006
0 -87.526346
41.010583
0 -87.52652
41.024837
0 -87.5266431807291
41.0871677387787
0 -87.5266575872829
41.0944576058387
0 -87.5267109348302
41.1214520234213
0 -87.526711
41.121485
0 -87.5267
41.139658
0 -87.526696
41.149222
0 -87.526693
41.153958
0 -87.526719
41.159448
0 -87.52666
41.16009
0 -87.526642582964
41.1607969818351
0 -87.526567
41.163865
0 -87.5265703397201
41.166096664112
0 -87.5266128138075
41.1944786522983
0 -87.5266347515005
41.2091378334776
0 -87.5267452364966
41.282965996653
0 -87.5267678123418
41.2980516032755
0 -87.606369
41.297319
0 -87.607299
41.297347
0 -87.608634
41.297299
0 -87.623798
41.297163
0 -87.634166
41.297067
0 -87.664806
41.296823
0 -87.66938
41.296778
0 -87.70792
41.296468
0 -87.742537
41.296189
0 -87.781662
41.295863
0 -87.78468
41.295818
0 -87.803979
41.295598
0 -87.830848
41.295234
0 -87.897299
41.294366
0 -87.900349
41.294279
0 -87.958129
41.293277
0 -87.994682
41.292713
0 -88.004388
41.292577
0 -88.013919
41.292447
0 -88.013407
41.270674
0 -88.012009
41.212808
0 -88.011891
41.208191
0 -88.011812
41.205604
0 -88.128895
41.203888
0 -88.186532
41.202645
0 -88.205478
41.202272
0 -88.207374
41.201989
0 -88.244155
41.201546
0 -88.243101
41.172518
0 -88.242297
41.151221
0 -88.240889
41.114383
0 -88.251995
41.114229
0 