-97.462477
36.600736
0 -97.462459
36.593627
0 -97.461603
36.593637
0 -97.363747
36.593858
0 -97.363175
36.593582
0 -97.354726
36.593692
0 -97.282883
36.593831
0 -97.268388
36.593905
0 -97.246762
36.593924
0 -97.211002
36.593981
0 -97.188566
36.59399
0 -97.184085
36.593991
0 -97.139428
36.594028
0 -97.12563
36.594014
0 -97.122828
36.594152
0 -97.122355
36.594143
0 -97.062175
36.593719
0 -97.057414
36.593647
0 -97.058147
36.596531
0 -97.057099
36.597829
0 -97.054135
36.598117
0 -97.048973
36.597182
0 -97.046887
36.597437
0 -97.043911
36.599934
0 -97.044685
36.602721
0 -97.049443
36.608101
0 -97.051714
36.61111
0 -97.052107
36.612579
0 -97.051764
36.616274
0 -97.049617
36.620184
0 -97.048564
36.623233
0 -97.048836
36.625039
0 -97.050897
36.628811
0 -97.051098
36.62995
0 -97.050978
36.637436
0 -97.051521
36.641225
0 -97.053007
36.643934
0 -97.057931
36.647746
0 -97.061009
36.649086
0 -97.061988
36.650733
0 -97.062165
36.653105
0 -97.063069
36.655738
0 -97.063228
36.657919
0 -97.062529
36.660348
0 -97.064051
36.665312
0 -97.063859
36.672108
0 -97.064382
36.675882
0 -97.06447
36.680483
0 -97.064485
36.681061
0 -97.064107
36.684207
0 -97.061406
36.686856
0 -97.057019
36.688991
0 -97.053235
36.69221
0 -97.050199
36.693861
0 -97.048779
36.694669
0 -97.047138
36.695437
0 -97.045037
36.69628
0 -97.043057
36.697025
0 -97.038475
36.69929
0 -97.036352
36.701078
0 -97.032526
36.701959
0 -97.030678
36.70159
0 -97.02756
36.699158
0 -97.024188
36.693404
0 -97.021061
36.69286
0 -97.019251
36.693066
0 -97.015216
36.694402
0 -97.012018
36.694037
0 -97.006941
36.692283
0 -97.005391
36.693999
0 -97.003032
36.693454
0 -96.995683
36.688208
0 -96.995518
36.688165
0 -96.995414
36.688138
0 -96.992035
36.687596
0 -96.989756
36.688244
0 -96.98574
36.688109
0 -96.978407
36.688671
0 -96.972899
36.688272
0 -96.967086
36.688536
0 -96.965707
36.687928
0 -96.958997
36.686227
0 -96.950175
36.683634
0 -96.947682
36.683535
0 -96.943726
36.683885
0 -96.941104
36.684686
0 -96.931943
36.686097
0 -96.931009
36.686505
0 -96.92741
36.68842
0 -96.928517
36.693681
0 -96.928086
36.69559
0 -96.926789
36.697813
0 -96.922604
36.702869
0 -96.921886
36.706374
0 -96.92091
36.717102
0 -96.920554
36.717752
0 -96.918095
36.718801
0 -96.913196
36.722717
0 -96.909741
36.727097
0 -96.9086
36.730145
0 -96.907432
36.735842
0 -96.905861
36.737129
0 -96.90359
36.7386
0 -96.895706
36.745819
0 -96.888581
36.751793
0 -96.887344
36.752133
0 -96.882223
36.751572
0 -96.878784
36.751854
0 -96.87181
36.753648
0 -96.86869
36.753537
0 -96.866371
36.752943
0 -96.861678
36.750036
0 -96.853627
36.746111
0 -96.850122
36.746343
0 -96.848344
36.746011
0 -96.843674
36.744389
0 -96.838966
36.743711
0 -96.834103
36.743438
0 -96.830383
36.744172
0 -96.826639
36.745342
0 -96.824671
36.74669
0 -96.821675
36.750036
0 -96.820137
36.75278
0 -96.818061
36.758988
0 -96.818792
36.761782
0 -96.818827
36.763661
0 -96.820659
36.765884
0 -96.822585
36.767559
0 -96.788687
36.767597
0 -96.788661
36.781991
0 -96.75239
36.782091
0 -96.752827
36.850995
0 -96.752102
36.858902
0 -96.752076
36.861582
0 -96.752208
36.864072
0 -96.752293
36.898856
0 -96.752151
36.941263
0 -96.750027
36.941329
0 -96.749838
36.998988
0 -96.79206
36.99918
0 -96.795199
36.99886
0 -96.822791
36.999182
0 -96.8229000218444
36.9991820853142
0 -96.8674690282009
36.99921696246
0 -96.867517
36.999217
0 -96.87629
36.999233
0 -96.902083
36.999155
0 -96.90351
36.999132
0 -96.903748155059
36.9991328766659
0 -96.917093
36.999182
0 -96.921915
36.999151
0 -96.9252940031478
36.9991294945977
0 -96.934642
36.99907
0 -96.967371
36.999067
0 -96.975562
36.999019
0 -97.030082
36.998929
0 -97.039784
36.999
0 -97.0455423673474
36.9989998107916
0 -97.100652
36.998998
0 -97.104276
36.99902
0 -97.1114071565137
36.9990173273197
0 -97.120285
36.999014
0 -97.122597
36.999036
0 -97.147721
36.999111
0 -97.1562390840263
36.999101522826
0 -97.2014651159374
36.9990512045884
0 -97.2198833931369
36.9990307125132
0 -97.2557711236909
36.998990784019
0 -97.3007900831065
36.9989406961692
0 -97.3427376532895
36.9988940255304
0 -97.3427570756608
36.9988940039212
0 -97.3648660500938
36.9988694055962
0 -97.372421
36.998861
0 -97.384925
36.998843
0 -97.46228
36.998685
0 -97.4623463219255
36.9986852256487
0 -97.462381
36.897805
0 -97.462412
36.883317
0 -97.462421
36.839766
0 -97.4623
36.810772
0 -97.46222
36.767311
0 -97.462309
36.738382
0 -97.462326
36.73479
0 -97.462358
36.687756
0 -97.462317
36.643554
0 -97.462322
36.629807
0 -97.462477
36.600736
0 