-101.54192
37.914575
0 -101.542757
37.827594
0 -101.526964
37.827626
0 -101.527063
37.736314
0 -101.526365
37.736296
0 -101.198458
37.736252
0 -101.09175
37.736476
0 -101.089667
37.736337
0 -101.089838
37.809048
0 -101.089886
37.829115
0 -101.103778
37.829035
0 -101.102995
37.977444
0 -101.102962
38.017627
0 -101.102642
38.075833
0 -101.10261
38.090424
0 -101.102843
38.148402
0 -101.103268
38.264557
0 -101.125438
38.264509
0 -101.212997
38.264284
0 -101.322674
38.264022
0 -101.441759
38.263529
0 -101.442485
38.263642
0 -101.542312
38.263207
0 -101.542022
38.208588
0 -101.541868
38.189714
0 -101.541744
38.176369
0 -101.541159
38.075038
0 -101.541683
37.933714
0 -101.541892
37.931651
0 -101.541863
37.922247
0 -101.54192
37.914575
0 