-98.920606
29.989123
0 -98.920595
29.987073
0 -98.920568
29.982312
0 -98.920446
29.960128
0 -98.920406
29.952916
0 -98.919272
29.851008
0 -98.918662
29.823133
0 -98.917725
29.781398
0 -98.831157
29.743155
0 -98.781017
29.72089
0 -98.778782
29.720167
0 -98.776917
29.720258
0 -98.775124
29.719689
0 -98.771518
29.720458
0 -98.770843
29.721365
0 -98.767755
29.720748
0 -98.766665
29.719554
0 -98.764925
29.720879
0 -98.762252
29.722011
0 -98.760052
29.722319
0 -98.759139
29.721554
0 -98.757052
29.722026
0 -98.752918
29.721094
0 -98.751543
29.720257
0 -98.750359
29.721016
0 -98.748051
29.720555
0 -98.744659
29.718427
0 -98.744017
29.716475
0 -98.741054
29.717048
0 -98.73816
29.716576
0 -98.735703
29.718585
0 -98.735403
29.719633
0 -98.734249
29.721364
0 -98.733117
29.721566
0 -98.728954
29.722306
0 -98.728961
29.723275
0 -98.730532
29.725667
0 -98.733709
29.7279
0 -98.734126
29.729451
0 -98.732525
29.729534
0 -98.726063
29.727748
0 -98.723234
29.729614
0 -98.721813
29.728896
0 -98.71767
29.725306
0 -98.715592
29.72582
0 -98.712852
29.728209
0 -98.710692
29.730851
0 -98.707789
29.732372
0 -98.705271
29.733136
0 -98.703602
29.733023
0 -98.699888
29.732706
0 -98.701135
29.735719
0 -98.700416
29.737397
0 -98.692725
29.735208
0 -98.691509
29.7355
0 -98.689441
29.737728
0 -98.687549
29.73872
0 -98.682935
29.739351
0 -98.68141
29.738305
0 -98.676575
29.737271
0 -98.674501
29.738805
0 -98.673832
29.742117
0 -98.670875
29.743272
0 -98.668479
29.743476
0 -98.666481
29.742843
0 -98.663241
29.741027
0 -98.660253
29.741571
0 -98.660567
29.743722
0 -98.663391
29.745131
0 -98.663088
29.74754
0 -98.661108
29.7493
0 -98.6593
29.749211
0 -98.658515
29.749207
0 -98.657975
29.748238
0 -98.655999
29.747774
0 -98.653051
29.748831
0 -98.652552
29.749865
0 -98.653347
29.75135
0 -98.652501
29.75354
0 -98.651278
29.754024
0 -98.649778
29.7535
0 -98.64776
29.749809
0 -98.645466
29.747855
0 -98.646124
29.745181
0 -98.645701
29.74566
0 -98.643414
29.747556
0 -98.641044
29.74953
0 -98.62333
29.763647
0 -98.622492
29.763616
0 -98.622092
29.764794
0 -98.615432
29.770194
0 -98.615064
29.770491
0 -98.548449
29.824643
0 -98.500297
29.864295
0 -98.485901
29.876046
0 -98.480615
29.880553
0 -98.46457
29.894274
0 -98.414018
29.937557
0 -98.52965
30.07128
0 -98.532351
30.073812
0 -98.544942
30.089001
0 -98.553768
30.099106
0 -98.587897
30.138954
0 -98.624601
30.138886
0 -98.625306
30.138945
0 -98.656658
30.138837
0 -98.749684
30.138523
0 -98.75031
30.138188
0 -98.772046
30.13798
0 -98.90678
30.138312
0 -98.920147
30.13829
0 -98.920606
29.989123
0 