-70.132595
44.371382
0 -70.131662
44.367469
0 -70.128906
44.368204
0 -70.102865
44.337223
0 -70.102265
44.336077
0 -70.100183
44.334521
0 -70.100459
44.333254
0 -70.09905
44.319547
0 -70.074464
44.298471
0 -70.07426
44.290154
0 -70.07516
44.230282
0 -70.075747
44.206168
0 -70.065738
44.200725
0 -70.055465
44.199092
0 -70.057977
44.196012
0 -70.060498
44.191775
0 -69.993792
44.180594
0 -69.998796
44.166834
0 -70.010329
44.168651
0 -70.013954
44.157581
0 -70.018501
44.157851
0 -70.027386
44.130577
0 -70.011732
44.128011
0 -70.012435
44.125434
0 -70.005471
44.124519
0 -69.897783
44.107662
0 -69.898402
44.110866
0 -69.895017
44.115624
0 -69.893963
44.118464
0 -69.894604
44.123136
0 -69.888401
44.136658
0 -69.883888
44.144768
0 -69.879603
44.15169
0 -69.878072
44.153371
0 -69.875068
44.155159
0 -69.872934
44.155761
0 -69.870085
44.157619
0 -69.866216
44.162082
0 -69.859027
44.165373
0 -69.856351
44.16737
0 -69.854983
44.167862
0 -69.834479
44.164587
0 -69.811185
44.160864
0 -69.766977
44.153759
0 -69.763566
44.153217
0 -69.760135
44.14796
0 -69.75875
44.144728
0 -69.758254
44.142363
0 -69.758208
44.139334
0 -69.666298
44.124003
0 -69.656742
44.122392
0 -69.656942
44.125461
0 -69.656908
44.125948
0 -69.66068
44.170205
0 -69.664886
44.220118
0 -69.665441
44.227576
0 -69.651544
44.275008
0 -69.650171
44.279625
0 -69.634091
44.277051
0 -69.597533
44.2701
0 -69.547398
44.260988
0 -69.546852
44.262453
0 -69.543785
44.263035
0 -69.542821
44.262477
0 -69.541517
44.263879
0 -69.537847
44.265305
0 -69.534837
44.267363
0 -69.534422
44.26849
0 -69.53512
44.270377
0 -69.534405
44.272213
0 -69.528223
44.275447
0 -69.527637
44.276467
0 -69.525824
44.277988
0 -69.521424
44.28056
0 -69.506382
44.34287
0 -69.477043
44.401352
0 -69.445498
44.463839
0 -69.395987
44.457078
0 -69.384815
44.496276
0 -69.384239
44.500068
0 -69.372419
44.544585
0 -69.392517
44.547569
0 -69.41684
44.55108
0 -69.409539
44.578852
0 -69.397379
44.625078
0 -69.397099
44.626902
0 -69.393123
44.640375
0 -69.460606
44.647054
0 -69.461449
44.648478
0 -69.45964
44.651217
0 -69.460792
44.653643
0 -69.460558
44.655611
0 -69.459303
44.657201
0 -69.456933
44.658862
0 -69.456308
44.661579
0 -69.454631
44.662815
0 -69.451138
44.663031
0 -69.449049
44.661788
0 -69.447949
44.662175
0 -69.446289
44.664216
0 -69.445213
44.668033
0 -69.442936
44.672381
0 -69.475599
44.676678
0 -69.476311
44.68324
0 -69.477079
44.690016
0 -69.477318
44.692061
0 -69.471712
44.692899
0 -69.467531
44.707986
0 -69.473199
44.708742
0 -69.470382
44.718161
0 -69.483395
44.720271
0 -69.603624
44.70462
0 -69.633118
44.700373
0 -69.632971
44.698763
0 -69.632508
44.695227
0 -69.632742
44.691085
0 -69.632167
44.688595
0 -69.629929
44.684376
0 -69.629502
44.676546
0 -69.62848
44.671969
0 -69.627115
44.67014
0 -69.622156
44.665522
0 -69.620705
44.663244
0 -69.618634
44.658691
0 -69.61603
44.655338
0 -69.613111
44.653634
0 -69.607138
44.651829
0 -69.605568
44.651045
0 -69.599153
44.644471
0 -69.596927
44.642602
0 -69.592136
44.639453
0 -69.587342
44.634076
0 -69.585747
44.63223
0 -69.581699
44.630126
0 -69.579094
44.626971
0 -69.578873
44.624856
0 -69.579952
44.621466
0 -69.581776
44.618567
0 -69.590159
44.608045
0 -69.59223
44.604802
0 -69.593052
44.601682
0 -69.591874
44.59554
0 -69.590032
44.592633
0 -69.589268
44.589225
0 -69.589967
44.587125
0 -69.592387
44.582664
0 -69.592716
44.58241
0 -69.59839
44.580976
0 -69.604309
44.578595
0 -69.605746
44.577264
0 -69.60696
44.577458
0 -69.609652
44.577875
0 -69.615716
44.578802
0 -69.626823
44.580491
0 -69.665525
44.586402
0 -69.67431
44.587787
0 -69.697058
44.591321
0 -69.712421
44.593679
0 -69.742091
44.598246
0 -69.744282
44.602607
0 -69.776294
44.608236
0 -69.787324
44.594113
0 -69.792813
44.57733
0 -69.818468
44.581312
0 -69.816567
44.584216
0 -69.817717
44.584401
0 -69.816978
44.58564
0 -69.818476
44.587547
0 -69.817483
44.588945
0 -69.818538
44.590324
0 -69.817507
44.591326
0 -69.818697
44.594338
0 -69.817087
44.596411
0 -69.817152
44.59777
0 -69.818074
44.597565
0 -69.818722
44.599041
0 -69.820325
44.59952
0 -69.820361
44.600515
0 -69.822133
44.600727
0 -69.822484
44.60167
0 -69.820362
44.603175
0 -69.820689
44.604005
0 -69.822653
44.604635
0 -69.822438
44.607585
0 -69.824673
44.60693
0 -69.827534
44.607926
0 -69.853273
44.621506
0 -69.870969
44.61891
0 -69.874498
44.618262
0 -69.930451
44.610852
0 -69.927661
44.604123
0 -69.946761
44.582346
0 -69.953495
44.574688
0 -70.040215
44.588722
0 -70.037518
44.58362
0 -70.03859
44.581881
0 -70.039456
44.578628
0 -70.041264
44.577392
0 -70.040791
44.574826
0 -70.041163
44.571253
0 -70.042425
44.571025
0 -70.04453
44.567572
0 -70.046186
44.56771
0 -70.045936
44.566037
0 -70.047962
44.565092
0 -70.048768
44.562176
0 -70.051014
44.560468
0 -70.050637
44.559557
0 -70.052145
44.558306
0 -70.05177
44.557305
0 -70.054499
44.556024
0 -70.055103
44.552797
0 -70.057917
44.551919
0 -70.059783
44.549644
0 -70.05917
44.54742
0 -70.060599
44.54633
0 -70.060076
44.545426
0 -70.06357
44.542805
0 -70.063889
44.541015
0 -70.065424
44.539011
0 -70.067434
44.538538
0 -70.071197
44.53483
0 -70.07198
44.532342
0 -70.072226
44.529324
0 -70.041442
44.514147
0 -70.04066
44.515135
0 -70.040032
44.513187
0 -70.037474
44.510653
0 -70.036859
44.508854
0 -70.035546
44.508083
0 -70.03729
44.504106
0 -70.037119
44.501848
0 -70.038895
44.499739
0 -70.042305
44.494531
0 -70.04529
44.494814
0 -70.04634
44.490776
0 -70.04449
44.490491
0 -70.042855
44.489286
0 -70.041989
44.487588
0 -70.04235
44.485235
0 -70.12939
44.487217
0 -70.12316
44.464629
0 -70.100491
44.383854
0 -70.122172
44.381131
0 -70.120052
44.372712
0 -70.132595
44.371382
0 