-84.623732315066
39.0744265071074
0 -84.623143
39.069617
0 -84.622223
39.06247
0 -84.618108
39.02977
0 -84.617223
39.022621
0 -84.617202
39.022452
0 -84.61714
39.021951
0 -84.617082
39.021482
0 -84.617033
39.021097
0 -84.616711
39.018476
0 -84.61662
39.017739
0 -84.615177
39.006077
0 -84.614042
38.997561
0 -84.613369
38.991821
0 -84.612869
38.98754
0 -84.612664
38.985818
0 -84.612424
38.983766
0 -84.612138
38.981332
0 -84.611795
38.978468
0 -84.611775
38.978301
0 -84.61098
38.971893
0 -84.610507
38.968081
0 -84.609133
38.957166
0 -84.607017
38.939555
0 -84.60644
38.934366
0 -84.606433
38.934301
0 -84.60346
38.90996
0 -84.600409
38.892862
0 -84.599505
38.88781
0 -84.599486
38.8877
0 -84.598031
38.87954
0 -84.598182
38.878877
0 -84.598917
38.875638
0 -84.600445
38.86891
0 -84.600994
38.866498
0 -84.603501
38.855455
0 -84.604011
38.853211
0 -84.604023
38.853159
0 -84.606434
38.842542
0 -84.608125
38.835101
0 -84.60854
38.833319
0 -84.61172
38.819668
0 -84.61574
38.802192
0 -84.610229
38.797344
0 -84.604914
38.792668
0 -84.604206
38.792518
0 -84.60234
38.792128
0 -84.599923
38.791621
0 -84.597775
38.79117
0 -84.595967
38.79113
0 -84.547264
38.790093
0 -84.532288
38.791937
0 -84.484055
38.797865
0 -84.427406
38.804798
0 -84.418481
38.805898
0 -84.418107
38.806596
0 -84.420869
38.808202
0 -84.420206
38.809647
0 -84.41849
38.810104
0 -84.417457
38.811938
0 -84.418034
38.814996
0 -84.419822
38.817229
0 -84.420824
38.821765
0 -84.421609
38.823931
0 -84.424744
38.826532
0 -84.427148
38.827919
0 -84.429775
38.828526
0 -84.432727
38.828136
0 -84.435862
38.826862
0 -84.438444
38.824689
0 -84.441492
38.818963
0 -84.44233
38.817842
0 -84.445018
38.816976
0 -84.447514
38.817337
0 -84.449918
38.818743
0 -84.451507
38.820344
0 -84.453324
38.828041
0 -84.452743
38.831957
0 -84.452702
38.835786
0 -84.453111
38.838038
0 -84.454029
38.839635
0 -84.458786
38.843607
0 -84.462029
38.847169
0 -84.463842
38.850952
0 -84.4634
38.852059
0 -84.457041
38.856286
0 -84.452429
38.858438
0 -84.449751
38.860718
0 -84.449258
38.862073
0 -84.452675
38.865805
0 -84.452709
38.866292
0 -84.450964
38.869068
0 -84.448882
38.872218
0 -84.447769
38.875063
0 -84.444933
38.880551
0 -84.443318
38.886057
0 -84.443017
38.889055
0 -84.441668
38.892733
0 -84.439648
38.897265
0 -84.439781
38.900512
0 -84.438912
38.90488
0 -84.439368
38.906664
0 -84.440844
38.907165
0 -84.441619
38.907709
0 -84.444631
38.911736
0 -84.443901
38.915904
0 -84.446627
38.917852
0 -84.44864
38.920775
0 -84.450572
38.924866
0 -84.451899
38.928981
0 -84.456172
38.934674
0 -84.460115
38.938872
0 -84.463112
38.945226
0 -84.463465
38.94791
0 -84.461755
38.949448
0 -84.45901
38.949723
0 -84.449412
38.949869
0 -84.447401
38.950514
0 -84.445374
38.952322
0 -84.443012
38.95536
0 -84.441918
38.959913
0 -84.439927
38.963271
0 -84.437811
38.966058
0 -84.435092
38.968322
0 -84.429869
38.973181
0 -84.428487
38.975104
0 -84.426936
38.97835
0 -84.427285
38.980863
0 -84.430855
38.983504
0 -84.434704
38.985238
0 -84.437385
38.985185
0 -84.440368
38.984421
0 -84.446009
38.980594
0 -84.450193
38.975635
0 -84.451037
38.973703
0 -84.452837
38.967698
0 -84.454796
38.965461
0 -84.457867
38.965027
0 -84.459332
38.965289
0 -84.462446
38.966713
0 -84.463642
38.967559
0 -84.465285
38.969828
0 -84.466397
38.972398
0 -84.466569
38.974343
0 -84.465874
38.977716
0 -84.464882
38.980042
0 -84.461639
38.983912
0 -84.452947
38.991196
0 -84.4508
38.993609
0 -84.450616
38.996416
0 -84.452211
38.998641
0 -84.454415
39.000103
0 -84.462059
39.003626
0 -84.46396
39.004076
0 -84.469145
39.00435
0 -84.469379
39.004318
0 -84.46976
39.004266
0 -84.473333
39.00451
0 -84.475452
39.006177
0 -84.478866
39.00967
0 -84.481146
39.012999
0 -84.485245
39.015398
0 -84.489205
39.021219
0 -84.489302
39.022856
0 -84.48984
39.02562
0 -84.490038
39.030087
0 -84.489806
39.031962
0 -84.489447
39.032585
0 -84.489401
39.03269
0 -84.487687
39.036502
0 -84.4853
39.039802
0 -84.48522
39.041016
0 -84.488119
39.045909
0 -84.493161
39.049387
0 -84.494814
39.05158
0 -84.497213
39.055154
0 -84.497612
39.056311
0 -84.497739
39.058525
0 -84.495556
39.062979
0 -84.49435
39.066862
0 -84.49322
39.070628
0 -84.493817
39.072631
0 -84.497594
39.07682
0 -84.497752
39.076947
0 -84.499404
39.079276
0 -84.500172
39.080234
0 -84.501539
39.081838
0 -84.504368
39.08585
0 -84.504588
39.088046
0 -84.503474
39.090465
0 -84.503598
39.092045
0 -84.5060822325253
39.0950807457156
0 -84.509743
39.09366
0 -84.519543
39.09206
0 -84.5225748540195
39.0921194364638
0 -84.5225763500247
39.0921194657915
0 -84.524644
39.09216
0 -84.5372437152173
39.0974413177557
0 -84.541344
39.09916
0 -84.5415454696343
39.0992057885532
0 -84.543544
39.09966
0 -84.5435512070064
39.0996597038217
0 -84.550844
39.09936
0 -84.5510195319956
39.099277109891
0 -84.554444
39.09766
0 -84.5575409293169
39.0948627735202
0 -84.557544
39.09486
0 -84.5639262524467
39.087380797914
0 -84.563944
39.08736
0 -84.5652688978733
39.0865036635697
0 -84.5718392746594
39.0822569566226
0 -84.572144
39.08206
0 -84.592408
39.078088
0 -84.601682
39.074115
0 -84.6043813139056
39.0737359897062
0 -84.607928
39.073238
0 -84.620112
39.073457
0 -84.623732315066
39.0744265071074
0 