-92.411995
41.509548
0 -92.412008
41.484792
0 -92.411673
41.423212
0 -92.411569
41.408481
0 -92.411327
41.368688
0 -92.411277
41.350586
0 -92.411155
41.336124
0 -92.410893
41.278753
0 -92.410828
41.271544
0 -92.410775
41.267301
0 -92.410493
41.24989
0 -92.410592
41.205385
0 -92.410392
41.20351
0 -92.410382
41.190896
0 -92.410342
41.1844
0 -92.41007
41.176734
0 -92.410289
41.16918
0 -92.410233
41.161942
0 -92.406547
41.161922
0 -92.334238
41.162155
0 -92.320012
41.16224
0 -92.295933
41.162303
0 -92.227955
41.162539
0 -92.179974
41.162662
0 -92.063336
41.163194
0 -92.023097
41.163395
0 -92.013546
41.163669
0 -91.964754
41.16376
0 -91.953026
41.163667
0 -91.945571
41.163578
0 -91.944641
41.222029
0 -91.944743
41.236265
0 -91.944762
41.240378
0 -91.945091
41.251386
0 -91.946935
41.33758
0 -91.946815
41.352078
0 -91.946745
41.359367
0 -91.94669
41.364258
0 -91.946713
41.366589
0 -91.946697
41.370201
0 -91.946612
41.381348
0 -91.946448
41.410126
0 -91.946643
41.424634
0 -91.946235
41.453166
0 -91.946144
41.46106
0 -91.946043
41.510749
0 -92.037284
41.510482
0 -92.039328
41.510635
0 -92.04251
41.510412
0 -92.051674
41.510437
0 -92.065058
41.510403
0 -92.071452
41.510371
0 -92.07644
41.510293
0 -92.078941
41.510302
0 -92.081916
41.510295
0 -92.156622
41.510156
0 -92.181784
41.510038
0 -92.200892
41.510019
0 -92.224604
41.509901
0 -92.287642
41.509828
0 -92.297494
41.50979
0 -92.345287
41.509677
0 -92.355389
41.509646
0 -92.411995
41.509548
0 