-120.194146
35.789204
0 -120.193892
35.726513
0 -120.193918
35.614359
0 -120.125898
35.614228
0 -120.124741
35.614314
0 -120.085922
35.614524
0 -120.086674
35.526554
0 -120.068657
35.52632
0 -120.068905
35.512779
0 -120.051237
35.512695
0 -120.050732
35.499967
0 -120.05105
35.498627
0 -120.033241
35.498642
0 -120.033314
35.483648
0 -120.030515
35.483787
0 -120.014602
35.483652
0 -120.015659
35.469039
0 -120.000973
35.469037
0 -119.997382
35.468702
0 -119.997392
35.439495
0 -119.944178
35.439324
0 -119.913659
35.439262
0 -119.880045
35.439133
0 -119.880086
35.364166
0 -119.880172
35.351211
0 -119.809346
35.350865
0 -119.809442
35.300124
0 -119.809449
35.263584
0 -119.666663
35.262527
0 -119.666657
35.261587
0 -119.667056
35.174809
0 -119.576817
35.179977
0 -119.571259
35.180292
0 -119.553641
35.179975
0 -119.554218
35.173481
0 -119.560975
35.087673
0 -119.498768
35.091283
0 -119.490632
35.091805
0 -119.49073
35.077361
0 -119.472719
35.076885
0 -119.472567
34.975087
0 -119.472661
34.937907
0 -119.472754
34.901174
0 -119.442352
34.901274
0 -119.433434
34.901119
0 -119.401909
34.901186
0 -119.397524
34.900915
0 -119.382154
34.900936
0 -119.382451
34.879675
0 -119.276946
34.879675
0 -119.277501
34.872229
0 -119.278346
34.857276
0 -119.243645
34.857576
0 -119.243645
34.814178
0 -119.17193
34.813525
0 -119.155084
34.81338
0 -119.144703
34.813315
0 -119.138866
34.813311
0 -119.129739
34.813366
0 -119.12594
34.813178
0 -119.023688
34.812344
0 -119.000935
34.812083
0 -119.000048
34.812213
0 -118.976721
34.812199
0 -118.976723
34.79066
0 -118.964484
34.79066
0 -118.881364
34.790629
0 -118.887362
34.801898
0 -118.894474
34.817972
0 -118.884388
34.817651
0 -118.881729
34.817802
0 -118.88375
34.815528
0 -118.884525
34.813812
0 -118.884642
34.811795
0 -118.883381
34.808637
0 -118.88253
34.807662
0 -118.877289
34.803212
0 -118.854576
34.803027
0 -118.854253
34.817772
0 -118.843579
34.817761
0 -118.836589
34.817504
0 -118.78689
34.817715
0 -118.785537
34.817817
0 -118.690867
34.818095
0 -118.625688
34.818225
0 -118.625469
34.818239
0 -118.587591
34.818022
0 -118.571879
34.818025
0 -118.569714
34.818255
0 -118.563118
34.818025
0 -118.55904
34.818341
0 -118.326281
34.819726
0 -118.290456
34.820103
0 -118.23767
34.820146
0 -118.220048
34.820138
0 -118.170237
34.820513
0 -118.16678
34.820568
0 -118.140074
34.82078
0 -118.13083
34.820733
0 -118.130847
34.820938
0 -118.042259
34.821952
0 -118.023406
34.822163
0 -117.774368
34.823301
0 -117.667292
34.822526
0 -117.632011
34.82227
0 -117.632194
34.983241
0 -117.632224
34.990858
0 -117.632257
34.997699
0 -117.632365
34.998637
0 -117.632829
35.011083
0 -117.632738
35.021573
0 -117.632833
35.046468
0 -117.633054
35.086883
0 -117.63329
35.097558
0 -117.63088
35.097604
0 -117.631209
35.128717
0 -117.631273
35.155922
0 -117.631291
35.182473
0 -117.631245
35.182788
0 -117.630973
35.247365
0 -117.631166
35.249966
0 -117.631299
35.274179
0 -117.631278
35.352419
0 -117.632341
35.394387
0 -117.632782
35.405407
0 -117.631295
35.419566
0 -117.633509
35.434438
0 -117.633659
35.450997
0 -117.630216
35.451041
0 -117.630267
35.45764
0 -117.630007
35.544969
0 -117.630126
35.564071
0 -117.634771
35.564109
0 -117.635074
35.593386
0 -117.634924
35.611493
0 -117.63486
35.622503
0 -117.63381
35.650972
0 -117.616395
35.651755
0 -117.616195
35.680856
0 -117.625896
35.680605
0 -117.650649
35.680651
0 -117.652319
35.680782
0 -117.651986
35.709934
0 -117.648336
35.709648
0 -117.64509
35.709888
0 -117.634251
35.709927
0 -117.634108
35.7467
0 -117.633597
35.749953
0 -117.632996
35.797251
0 -117.849832
35.798051
0 -117.85683
35.798063
0 -117.882548
35.798143
0 -117.885897
35.798098
0 -117.903443
35.7981
0 -117.924459
35.798149
0 -117.92312
35.786812
0 -117.939352
35.786762
0 -117.953358
35.787292
0 -117.955436
35.787581
0 -118.000908
35.789488
0 -118.008043
35.789161
0 -118.019844
35.789769
0 -118.050811
35.791124
0 -118.195464
35.790689
0 -118.361021
35.790572
0 -118.366921
35.790609
0 -118.375916
35.790224
0 -118.407663
35.791328
0 -118.448912
35.792346
0 -118.469424
35.792634
0 -118.50092
35.790041
0 -118.507224
35.789711
0 -118.57389
35.789732
0 -118.589178
35.789743
0 -118.622449
35.789831
0 -118.626675
35.789917
0 -118.629975
35.78958
0 -118.681142
35.789852
0 -118.744216
35.790175
0 -118.803729
35.790347
0 -118.938158
35.790547
0 -118.980684
35.790663
0 -118.981935
35.790735
0 -119.053437
35.790748
0 -119.062591
35.790629
0 -119.071208
35.790771
0 -119.089036
35.790745
0 -119.10237
35.790749
0 -119.115001
35.790736
0 -119.196731
35.790515
0 -119.205506
35.790493
0 -119.221545
35.790549
0 -119.223152
35.790469
0 -119.236479
35.790465
0 -119.240942
35.790457
0 -119.241358
35.790456
0 -119.24919
35.790449
0 -119.252862
35.790433
0 -119.258792
35.790421
0 -119.285975
35.790341
0 -119.303665
35.790345
0 -119.321192
35.79022
0 -119.329529
35.790235
0 -119.355192
35.790278
0 -119.358698
35.790197
0 -119.376068
35.78974
0 -119.393185
35.79016
0 -119.415104
35.78997
0 -119.41884
35.790107
0 -119.427821
35.790092
0 -119.46429
35.789836
0 -119.471933
35.789714
0 -119.49022
35.789719
0 -119.50015
35.789924
0 -119.500952
35.789786
0 -119.526443
35.789452
0 -119.537358
35.789863
0 -119.538116
35.789567
0 -119.572556
35.789576
0 -119.573682
35.789822
0 -119.615607
35.78972
0 -119.618105
35.789785
0 -119.618484
35.78984
0 -119.625958
35.789494
0 -119.646519
35.790424
0 -119.652313
35.790415
0 -119.715704
35.790313
0 -119.717922
35.790408
0 -119.750971
35.790216
0 -119.754772
35.790003
0 -119.75533
35.790119
0 -119.869059
35.789225
0 -119.887722
35.789144
0 -119.888401
35.788964
0 -120.00097
35.789065
0 -120.004851
35.788852
0 -120.194146
35.789204
0 