-80.879227
34.457776
0 -80.875642
34.454047
0 -80.874627
34.453799
0 -80.870183
34.449604
0 -80.867267
34.444587
0 -80.862335
34.441198
0 -80.856231
34.4353
0 -80.84899
34.430116
0 -80.844199
34.424445
0 -80.838576
34.418987
0 -80.833215
34.414825
0 -80.825651
34.411865
0 -80.820989
34.412151
0 -80.814901
34.413844
0 -80.810669
34.41461
0 -80.805631
34.413792
0 -80.799058
34.413962
0 -80.793478
34.413298
0 -80.788729
34.410446
0 -80.783207
34.406485
0 -80.781882
34.40387
0 -80.781884
34.402548
0 -80.783612
34.399535
0 -80.784377
34.394671
0 -80.783614
34.38883
0 -80.781444
34.385855
0 -80.769926
34.377111
0 -80.791063
34.336209
0 -80.824286
34.271935
0 -80.825921
34.26876
0 -80.840951
34.238921
0 -80.847919
34.225698
0 -80.857238
34.206892
0 -80.868027
34.184762
0 -80.86913
34.182866
0 -80.868509
34.181705
0 -80.855304
34.17582
0 -80.851379
34.174071
0 -80.848074
34.171458
0 -80.820179
34.149167
0 -80.818491
34.147999
0 -80.787372
34.122846
0 -80.775505
34.113473
0 -80.719318
34.068972
0 -80.717174
34.072652
0 -80.715461
34.072602
0 -80.710883
34.074741
0 -80.710028
34.077069
0 -80.706911
34.078699
0 -80.706532
34.079669
0 -80.70359
34.080985
0 -80.702178
34.080352
0 -80.69887
34.081044
0 -80.692965
34.08128
0 -80.692486
34.080706
0 -80.689273
34.081098
0 -80.688275
34.081972
0 -80.687027
34.081475
0 -80.683662
34.081603
0 -80.682159
34.082893
0 -80.677912
34.083406
0 -80.676421
34.08461
0 -80.67297
34.083732
0 -80.669058
34.083906
0 -80.667279
34.085037
0 -80.666614
34.084453
0 -80.663824
34.085652
0 -80.658845
34.085872
0 -80.658325
34.088774
0 -80.655288
34.089853
0 -80.646696
34.09399
0 -80.639534
34.095633
0 -80.636476
34.096741
0 -80.635594
34.097666
0 -80.616186
34.099605
0 -80.618855
34.100169
0 -80.620781
34.102385
0 -80.620313
34.107377
0 -80.618533
34.10917
0 -80.618063
34.108886
0 -80.604403
34.101671
0 -80.58011
34.099949
0 -80.576265
34.102986
0 -80.552255
34.119264
0 -80.549875
34.1209
0 -80.506797
34.150159
0 -80.501987
34.153705
0 -80.497055
34.156857
0 -80.479857
34.168696
0 -80.468837
34.175631
0 -80.464621
34.178616
0 -80.463506
34.181242
0 -80.460865
34.183315
0 -80.45837
34.188734
0 -80.454408
34.195683
0 -80.453955
34.197153
0 -80.452367
34.198991
0 -80.452523
34.199991
0 -80.455697
34.203981
0 -80.454545
34.207963
0 -80.445164
34.206046
0 -80.44324
34.208726
0 -80.437497
34.21674
0 -80.433442
34.222958
0 -80.4308
34.226997
0 -80.432048
34.234692
0 -80.432555
34.239016
0 -80.43299
34.248856
0 -80.424057
34.250703
0 -80.426366
34.254832
0 -80.429288
34.257195
0 -80.431036
34.276632
0 -80.432886
34.278934
0 -80.437359
34.284502
0 -80.421654
34.294301
0 -80.420484
34.293074
0 -80.409063
34.294317
0 -80.406137
34.294431
0 -80.400922
34.295196
0 -80.3975
34.296479
0 -80.396269
34.297905
0 -80.392251
34.300992
0 -80.390131
34.301847
0 -80.386293
34.302568
0 -80.383245
34.303957
0 -80.382004
34.305188
0 -80.380067
34.305042
0 -80.374099
34.303755
0 -80.369308
34.30382
0 -80.363867
34.304333
0 -80.353031
34.30333
0 -80.354223
34.308008
0 -80.35417
34.312115
0 -80.355843
34.314842
0 -80.358806
34.317118
0 -80.362083
34.321507
0 -80.364514
34.326663
0 -80.365772
34.328153
0 -80.363759
34.339547
0 -80.343712
34.339532
0 -80.333985
34.338344
0 -80.332138
34.338312
0 -80.325107
34.339291
0 -80.324609
34.342103
0 -80.326129
34.344234
0 -80.301659
34.357336
0 -80.288692
34.364139
0 -80.286936
34.364572
0 -80.288596
34.366207
0 -80.28973
34.367504
0 -80.289007
34.368685
0 -80.288976
34.370357
0 -80.28678
34.370129
0 -80.288192
34.370923
0 -80.287902
34.371697
0 -80.286098
34.371466
0 -80.286624
34.37302
0 -80.285379
34.375702
0 -80.284281
34.375844
0 -80.283965
34.377723
0 -80.285142
34.379307
0 -80.284745
34.380332
0 -80.286411
34.380894
0 -80.286421
34.381989
0 -80.287841
34.382814
0 -80.28483
34.384246
0 -80.28664
34.384661
0 -80.28487
34.386133
0 -80.285967
34.39229
0 -80.285538
34.393678
0 -80.28966
34.395875
0 -80.289543
34.39371
0 -80.291404
34.392732
0 -80.292554
34.393986
0 -80.292495
34.394999
0 -80.295812
34.394923
0 -80.296991
34.395969
0 -80.298678
34.400105
0 -80.300032
34.400937
0 -80.302215
34.399821
0 -80.302282
34.401259
0 -80.301446
34.404635
0 -80.300687
34.405451
0 -80.303008
34.405812
0 -80.301432
34.407983
0 -80.303382
34.408994
0 -80.302957
34.410885
0 -80.305184
34.411248
0 -80.308138
34.412479
0 -80.31037
34.414924
0 -80.310931
34.416893
0 -80.310776
34.418666
0 -80.311584
34.423254
0 -80.311441
34.42429
0 -80.312629
34.425357
0 -80.313728
34.426027
0 -80.313611
34.424712
0 -80.315355
34.424146
0 -80.31576
34.426135
0 -80.317811
34.426552
0 -80.318649
34.429128
0 -80.319666
34.429442
0 -80.319643
34.42824
0 -80.321125
34.426244
0 -80.321399
34.427586
0 -80.323169
34.429861
0 -80.32316
34.431658
0 -80.324174
34.432299
0 -80.323373
34.432991
0 -80.326254
34.4374
0 -80.32516
34.438103
0 -80.326284
34.439205
0 -80.325
34.439907
0 -80.326127
34.441185
0 -80.326279
34.442111
0 -80.324284
34.444525
0 -80.32544
34.444581
0 -80.325321
34.445919
0 -80.326621
34.44647
0 -80.323642
34.446956
0 -80.322816
34.44959
0 -80.324325
34.44907
0 -80.324842
34.45021
0 -80.327052
34.45
0 -80.328498
34.452423
0 -80.325308
34.453901
0 -80.325394
34.457013
0 -80.32662
34.456928
0 -80.328966
34.459061
0 -80.326791
34.460365
0 -80.327975
34.463505
0 -80.327724
34.465191
0 -80.326204
34.466276
0 -80.326091
34.46744
0 -80.327788
34.468293
0 -80.327198
34.470764
0 -80.327897
34.47173
0 -80.327405
34.473167
0 -80.330084
34.473011
0 -80.330502
34.474208
0 -80.329749
34.475257
0 -80.328857
34.479295
0 -80.32668
34.480611
0 -80.327616
34.480853
0 -80.328233
34.48309
0 -80.329458
34.485296
0 -80.328082
34.486456
0 -80.327722
34.488097
0 -80.326345
34.488469
0 -80.32825
34.490224
0 -80.327643
34.49064
0 -80.327821
34.493555
0 -80.326876
34.493965
0 -80.327741
34.495046
0 -80.329689
34.495204
0 -80.329024
34.496856
0 -80.32759
34.49776
0 -80.328258
34.498901
0 -80.328553
34.501349
0 -80.330071
34.501141
0 -80.331972
34.503831
0 -80.33372
34.503826
0 -80.333107
34.506334
0 -80.330629
34.508036
0 -80.330446
34.509801
0 -80.333505
34.512081
0 -80.33473
34.511898
0 -80.334581
34.510154
0 -80.335814
34.510567
0 -80.339384
34.514163
0 -80.342251
34.515459
0 -80.34012
34.513568
0 -80.342311
34.512572
0 -80.34733
34.516167
0 -80.346417
34.517222
0 -80.347953
34.517665
0 -80.352278
34.520433
0 -80.353634
34.520901
0 -80.353244
34.522353
0 -80.354581
34.524286
0 -80.354385
34.525763
0 -80.354872
34.529184
0 -80.354772
34.531125
0 -80.357523
34.534798
0 -80.357837
34.53205
0 -80.359521
34.53255
0 -80.358673
34.534521
0 -80.358873
34.536364
0 -80.360292
34.538719
0 -80.361995
34.537528
0 -80.363674
34.538818
0 -80.365385
34.541101
0 -80.365721
34.543208
0 -80.367128
34.545566
0 -80.368457
34.54458
0 -80.371062
34.545323
0 -80.372336
34.546769
0 -80.372391
34.549814
0 -80.373577
34.552006
0 -80.373973
34.554724
0 -80.374991
34.557587
0 -80.376789
34.559208
0 -80.377939
34.561092
0 -80.377153
34.563224
0 -80.372627
34.559477
0 -80.371519
34.559574
0 -80.372682
34.563339
0 -80.375787
34.566118
0 -80.376076
34.566912
0 -80.376217
34.572097
0 -80.377028
34.573458
0 -80.378908
34.574101
0 -80.381383
34.573759
0 -80.382738
34.579179
0 -80.382247
34.580167
0 -80.381844
34.582663
0 -80.379339
34.584536
0 -80.379534
34.585321
0 -80.382274
34.586418
0 -80.383375
34.592193
0 -80.38528
34.594693
0 -80.386223
34.596618
0 -80.389888
34.599448
0 -80.392708
34.599861
0 -80.395882
34.599115
0 -80.397311
34.600245
0 -80.398116
34.601749
0 -80.398025
34.604674
0 -80.398486
34.605601
0 -80.400402
34.606704
0 -80.404598
34.608481
0 -80.407298
34.608582
0 -80.407516
34.609376
0 -80.40557
34.611197
0 -80.405657
34.613004
0 -80.408373
34.614765
0 -80.504345
34.578218
0 -80.550552
34.560116
0 -80.549697
34.557287
0 -80.547483
34.555408
0 -80.547622
34.551926
0 -80.546606
34.551358
0 -80.544577
34.549316
0 -80.543471
34.545764
0 -80.544606
34.543084
0 -80.542641
34.540243
0 -80.543528
34.537449
0 -80.542421
34.536624
0 -80.541508
34.533921
0 -80.538352
34.535341
0 -80.535973
34.533943
0 -80.534758
34.5273
0 -80.531798
34.524414
0 -80.528616
34.522833
0 -80.527565
34.521114
0 -80.527537
34.51834
0 -80.526931
34.514746
0 -80.524414
34.513073
0 -80.524226
34.512328
0 -80.525217
34.511447
0 -80.525218
34.510004
0 -80.523945
34.509752
0 -80.527322
34.506546
0 -80.526852
34.505629
0 -80.527821
34.504003
0 -80.530284
34.503706
0 -80.533659
34.504028
0 -80.540963
34.505586
0 -80.541848
34.506617
0 -80.54405
34.507491
0 -80.545608
34.504184
0 -80.544984
34.501847
0 -80.545168
34.500153
0 -80.547314
34.496946
0 -80.548559
34.49357
0 -80.548906
34.493264
0 -80.559502
34.49363
0 -80.56715
34.489519
0 -80.576146
34.489415
0 -80.575765
34.485409
0 -80.57937
34.484569
0 -80.582492
34.492939
0 -80.585977
34.496788
0 -80.592052
34.499743
0 -80.593901
34.501431
0 -80.5957
34.502109
0 -80.596514
34.5003
0 -80.598025
34.495187
0 -80.599085
34.495187
0 -80.604109
34.4952
0 -80.606698
34.492685
0 -80.606587
34.491003
0 -80.608711
34.49101
0 -80.610359
34.488794
0 -80.614278
34.488808
0 -80.61393
34.49204
0 -80.614359
34.495238
0 -80.610214
34.497747
0 -80.61363
34.499939
0 -80.617968
34.498886
0 -80.621039
34.497112
0 -80.623138
34.497981
0 -80.622612
34.496222
0 -80.62561
34.495236
0 -80.629595
34.498704
0 -80.629647
34.491194
0 -80.624796
34.491174
0 -80.622671
34.491527
0 -80.625319
34.488395
0 -80.62617
34.48681
0 -80.626885
34.483788
0 -80.628104
34.48242
0 -80.632105
34.480609
0 -80.631557
34.483465
0 -80.632249
34.487895
0 -80.632213
34.491433
0 -80.637656
34.491711
0 -80.639077
34.491421
0 -80.645378
34.491927
0 -80.646691
34.490718
0 -80.646834
34.488919
0 -80.645589
34.486664
0 -80.645245
34.483746
0 -80.646929
34.482405
0 -80.653473
34.479319
0 -80.655866
34.479831
0 -80.658417
34.478612
0 -80.660777
34.481793
0 -80.661873
34.483266
0 -80.670152
34.4895
0 -80.670963
34.49102
0 -80.673778
34.492176
0 -80.676062
34.493116
0 -80.67806
34.497583
0 -80.680888
34.499437
0 -80.682201
34.501048
0 -80.681918
34.504312
0 -80.682801
34.507009
0 -80.685449
34.509097
0 -80.68765
34.513534
0 -80.689079
34.515324
0 -80.691142
34.514802
0 -80.697525
34.514576
0 -80.698435
34.515942
0 -80.700049
34.515342
0 -80.699856
34.514045
0 -80.700586
34.512846
0 -80.704099
34.510361
0 -80.706277
34.509783
0 -80.707558
34.506913
0 -80.709185
34.505115
0 -80.709503
34.503021
0 -80.708985
34.501905
0 -80.709834
34.50036
0 -80.71132
34.495383
0 -80.712023
34.492018
0 -80.713217
34.490193
0 -80.712998
34.487906
0 -80.713641
34.487263
0 -80.71884
34.48636
0 -80.720605
34.484809
0 -80.722039
34.484687
0 -80.7249
34.483449
0 -80.727197
34.483427
0 -80.729427
34.482244
0 -80.730689
34.482331
0 -80.735036
34.481324
0 -80.737772
34.482587
0 -80.739966
34.479957
0 -80.741314
34.481339
0 -80.741701
34.484951
0 -80.74372
34.486405
0 -80.745247
34.488658
0 -80.745597
34.491174
0 -80.744199
34.494153
0 -80.740167
34.50011
0 -80.739548
34.505573
0 -80.739734
34.506721
0 -80.7448
34.510131
0 -80.745617
34.512591
0 -80.742449
34.517547
0 -80.741397
34.521865
0 -80.739745
34.523883
0 -80.739558
34.526507
0 -80.738881
34.528675
0 -80.739252
34.530381
0 -80.738802
34.532248
0 -80.73869
34.536029
0 -80.737674
34.539497
0 -80.739937
34.539965
0 -80.743345
34.539916
0 -80.853284
34.473039
0 -80.864745
34.46592
0 -80.86782
34.463809
0 -80.873421
34.460405
0 -80.875443
34.459833
0 -80.879227
34.457776
0 