-87.766026
44.327184
0 -87.765984
44.327184
0 -87.735433
44.327234
0 -87.704991
44.327324
0 -87.684724
44.327454
0 -87.644196
44.327543
0 -87.623654
44.327449
0 -87.58336
44.327563
0 -87.5429502124445
44.3275125002008
0 -87.5412945645811
44.331684321293
0 -87.540876
44.332739
0 -87.536431
44.337943
0 -87.533364
44.341415
0 -87.535082
44.3464
0 -87.533583
44.351111
0 -87.5324841171314
44.3527511747413
0 -87.528122
44.359262
0 -87.521047
44.367526
0 -87.5209379436115
44.3677842581721
0 -87.517597
44.375696
0 -87.516953
44.383743
0 -87.517965
44.394356
0 -87.517497268445
44.3955129782246
0 -87.5135480292101
44.405281794867
0 -87.513269
44.405972
0 -87.511635
44.414043
0 -87.511300002746
44.4146631229275
0 -87.506362
44.423804
0 -87.5061039095135
44.4244772018649
0 -87.501883
44.435487
0 -87.5023395352942
44.4427349822351
0 -87.502472
44.444838
0 -87.5014846846324
44.4501750428431
0 -87.5010446455034
44.4525537232129
0 -87.5007718233397
44.4540284937112
0 -87.500369
44.456206
0 -87.497732
44.458265
0 -87.4979994822898
44.4589613167995
0 -87.498662
44.460686
0 -87.4975354889365
44.4625049840408
0 -87.496622
44.46398
0 -87.494492
44.46376
0 -87.492741
44.465051
0 -87.493454
44.467086
0 -87.494105
44.469973
0 -87.490024
44.477224
0 -87.4896108067139
44.4795174530205
0 -87.487512
44.491167
0 -87.483752
44.499522
0 -87.483914
44.504425
0 -87.483696
44.511354
0 -87.477639576792
44.5235925285819
0 -87.473721
44.531511
0 -87.473238
44.539512
0 -87.471151927776
44.5451260804519
0 -87.470903
44.545796
0 -87.468093
44.551925
0 -87.452174
44.572897
0 -87.451128
44.57648
0 -87.446963
44.586274
0 -87.4455169365471
44.588452071037
0 -87.440116
44.596587
0 -87.439418
44.60125
0 -87.4385733398904
44.6029265954695
0 -87.437493
44.605071
0 -87.4331340699814
44.6082342886321
0 -87.431678090241
44.6092908975113
0 -87.431412
44.609484
0 -87.420879
44.614948
0 -87.4202694004972
44.6162142393039
0 -87.4195663199372
44.6176746542729
0 -87.4186673994425
44.6195418612773
0 -87.418028
44.62087
0 -87.411015
44.624999
0 -87.40541
44.627191
0 -87.4049654498308
44.6276612990418
0 -87.4045278043673
44.628124293449
0 -87.401629
44.631191
0 -87.393521
44.640655
0 -87.393006
44.644245
0 -87.390729
44.647125
0 -87.385214
44.653848
0 -87.3822
44.658633
0 -87.3821945487364
44.6586428140786
0 -87.3792967925243
44.663859734253
0 -87.378574
44.665161
0 -87.378471147132
44.6687664861529
0 -87.378428
44.670279
0 -87.3750783158915
44.6753886506286
0 -87.383412
44.67551
0 -87.397585
44.675505
0 -87.483606
44.675323
0 -87.499002
44.67523
0 -87.519307
44.675198
0 -87.519813
44.675207
0 -87.590157
44.675467
0 -87.641151
44.675763
0 -87.651149
44.67587
0 -87.7360584417798
44.6770254546693
0 -87.748409
44.667122
0 -87.751151
44.660651
0 -87.7510411415
44.6587071148744
0 -87.750899
44.656192
0 -87.756031
44.649129
0 -87.7560481153911
44.6491165169897
0 -87.762376099947
44.6445012385073
0 -87.762546
44.639624
0 -87.762855
44.632539
0 -87.763822
44.603586
0 -87.764184
44.589144
0 -87.76484
44.54536
0 -87.765164
44.530849
0 -87.765028
44.501741
0 -87.764993
44.472726
0 -87.764973
44.458181
0 -87.765316
44.414503
0 -87.765526
44.35617
0 -87.766026
44.327184
0 