-100.116533
30.500522
0 -100.116461
30.290296
0 -99.959768
30.290177
0 -99.958414
30.289992
0 -99.942849
30.290071
0 -99.936735
30.290431
0 -99.914897
30.290292
0 -99.910959
30.290407
0 -99.875346
30.290228
0 -99.754142
30.290698
0 -99.603315
30.289301
0 -99.476678
30.288188
0 -99.420271
30.287692
0 -99.301718
30.286653
0 -99.302067
30.300648
0 -99.303764
30.472182
0 -99.303996
30.499832
0 -99.308119
30.499793
0 -99.484493
30.499641
0 -99.48453
30.516912
0 -99.484401
30.550104
0 -99.484049
30.625182
0 -99.483997
30.644254
0 -99.483869
30.710771
0 -99.51413
30.710769
0 -99.617931
30.711018
0 -99.625342
30.710544
0 -99.771199
30.710793
0 -100.116234
30.710366
0 -100.116533
30.500522
0 