-120.315068
35.907186
0 -120.312574
35.907894
0 -120.306288
35.908008
0 -120.300927
35.907532
0 -120.297584
35.907852
0 -120.295157
35.907543
0 -120.293137
35.906146
0 -120.288862
35.906153
0 -120.287401
35.90552
0 -120.283422
35.905917
0 -120.281977
35.906778
0 -120.278972
35.906932
0 -120.27576
35.905881
0 -120.274516
35.903893
0 -120.272386
35.901887
0 -120.270198
35.900796
0 -120.267858
35.898426
0 -120.262692
35.89609
0 -120.257403
35.890578
0 -120.256537
35.889053
0 -120.252649
35.887174
0 -120.247937
35.88267
0 -120.246217
35.879744
0 -120.243275
35.877669
0 -120.243468
35.875133
0 -120.245214
35.873119
0 -120.244368
35.87233
0 -120.244273
35.870362
0 -120.241313
35.867858
0 -120.240246
35.865928
0 -120.240815
35.86548
0 -120.245988
35.864135
0 -120.248615
35.861872
0 -120.248578
35.860176
0 -120.250978
35.857285
0 -120.254223
35.855912
0 -120.255909
35.855682
0 -120.254965
35.853321
0 -120.257497
35.851873
0 -120.256864
35.851299
0 -120.257801
35.84958
0 -120.258327
35.846327
0 -120.259182
35.845287
0 -120.257662
35.843474
0 -120.255088
35.84258
0 -120.254677
35.840996
0 -120.251563
35.835618
0 -120.251715
35.834415
0 -120.25026
35.833093
0 -120.249836
35.829936
0 -120.247472
35.82679
0 -120.246149
35.826394
0 -120.244534
35.823988
0 -120.242345
35.823423
0 -120.238915
35.825751
0 -120.234521
35.82326
0 -120.231166
35.823252
0 -120.229823
35.821012
0 -120.226979
35.821433
0 -120.220667
35.819542
0 -120.219906
35.818915
0 -120.218086
35.814297
0 -120.217959
35.810275
0 -120.219516
35.807098
0 -120.219023
35.805509
0 -120.216551
35.803642
0 -120.21784
35.802023
0 -120.216742
35.801389
0 -120.215598
35.798218
0 -120.216298
35.796773
0 -120.214846
35.795182
0 -120.214857
35.793611
0 -120.216118
35.791951
0 -120.215784
35.790052
0 -120.213979
35.789276
0 -120.194146
35.789204
0 -120.004851
35.788852
0 -120.00097
35.789065
0 -119.888401
35.788964
0 -119.887722
35.789144
0 -119.869059
35.789225
0 -119.75533
35.790119
0 -119.754772
35.790003
0 -119.750971
35.790216
0 -119.717922
35.790408
0 -119.715704
35.790313
0 -119.652313
35.790415
0 -119.646519
35.790424
0 -119.625958
35.789494
0 -119.618484
35.78984
0 -119.618105
35.789785
0 -119.615607
35.78972
0 -119.573682
35.789822
0 -119.572556
35.789576
0 -119.538116
35.789567
0 -119.537694
35.934784
0 -119.537638
35.935668
0 -119.537379
35.963347
0 -119.536241
35.963409
0 -119.536108
36.00725
0 -119.536161
36.050782
0 -119.536268
36.065271
0 -119.536285
36.065496
0 -119.536274
36.06895
0 -119.536279
36.069561
0 -119.536512
36.070373
0 -119.536587
36.071099
0 -119.53638
36.137893
0 -119.529141
36.137914
0 -119.529121
36.15238
0 -119.529204
36.196138
0 -119.529243
36.211104
0 -119.529257
36.226157
0 -119.529363
36.248154
0 -119.529358
36.26985
0 -119.474607
36.269025
0 -119.474367
36.297889
0 -119.474822
36.305125
0 -119.475234
36.313373
0 -119.475364
36.327597
0 -119.475405
36.349086
0 -119.475454
36.351179
0 -119.475353
36.356078
0 -119.475049
36.370796
0 -119.475187
36.374941
0 -119.475033
36.390478
0 -119.474892
36.400953
0 -119.528792
36.401465
0 -119.528544
36.445125
0 -119.528413
36.459875
0 -119.528286
36.487545
0 -119.528179
36.488052
0 -119.527194
36.488886
0 -119.533816
36.488914
0 -119.534502
36.488861
0 -119.556542
36.488958
0 -119.560274
36.488763
0 -119.573194
36.488835
0 -119.63109
36.445239
0 -119.63616
36.441381
0 -119.64116
36.438039
0 -119.650304
36.430802
0 -119.65444
36.427975
0 -119.66629
36.41896
0 -119.66692
36.418728
0 -119.667653
36.422538
0 -119.671958
36.425502
0 -119.672839
36.426607
0 -119.670309
36.429462
0 -119.671493
36.431074
0 -119.678298
36.429808
0 -119.681318
36.429648
0 -119.683646
36.427319
0 -119.686941
36.425819
0 -119.690471
36.425867
0 -119.694669
36.424787
0 -119.698554
36.424681
0 -119.702566
36.425713
0 -119.705046
36.427173
0 -119.708541
36.425263
0 -119.70983
36.423804
0 -119.71071
36.421179
0 -119.711809
36.419574
0 -119.714015
36.418874
0 -119.718016
36.418871
0 -119.721435
36.417939
0 -119.724162
36.418616
0 -119.727561
36.420347
0 -119.730714
36.420666
0 -119.731957
36.419928
0 -119.733529
36.416765
0 -119.734754
36.41593
0 -119.736039
36.416076
0 -119.737089
36.41753
0 -119.739332
36.417828
0 -119.741821
36.417052
0 -119.744826
36.417053
0 -119.74705
36.416435
0 -119.749026
36.414422
0 -119.749489
36.412863
0 -119.752391
36.40904
0 -119.751472
36.40709
0 -119.751368
36.404349
0 -119.753114
36.401894
0 -119.753871
36.402014
0 -119.798229
36.402034
0 -119.806882
36.402063
0 -119.851264
36.401976
0 -119.887145
36.402027
0 -119.887164
36.401749
0 -119.914141
36.401557
0 -119.959227
36.400975
0 -119.959229
36.386318
0 -119.959996
36.379132
0 -119.959757
36.358385
0 -119.959551
36.331685
0 -119.959493
36.331578
0 -119.958902
36.299129
0 -119.95891
36.257937
0 -119.958925
36.255468
0 -119.959079
36.182286
0 -119.958916
36.181414
0 -119.977253
36.168013
0 -119.995335
36.153325
0 -120.000969
36.14951
0 -120.033285
36.124774
0 -120.035529
36.122911
0 -120.062326
36.102266
0 -120.098157
36.074646
0 -120.103463
36.070512
0 -120.124504
36.054277
0 -120.125972
36.053407
0 -120.164599
36.023937
0 -120.16594
36.022912
0 -120.195965
35.999952
0 -120.198145
35.998006
0 -120.199894
35.99677
0 -120.315068
35.907186
0 