-98.464895
37.645296
0 -98.464971
37.601595
0 -98.464801
37.557939
0 -98.464748
37.528986
0 -98.464663
37.471013
0 -98.464951
37.384086
0 -98.458584
37.384073
0 -98.39053
37.383996
0 -98.389711
37.383953
0 -98.355066
37.384077
0 -98.353338
37.384028
0 -98.349804
37.384056
0 -98.318424
37.384212
0 -98.245207
37.384223
0 -98.226991
37.384252
0 -98.222168
37.384265
0 -98.210357
37.384338
0 -98.209197
37.384266
0 -98.135079
37.384309
0 -98.130713
37.384341
0 -98.107356
37.384506
0 -98.07656
37.384739
0 -98.073788
37.38477
0 -98.025623
37.385226
0 -98.011677
37.385294
0 -98.007301
37.385296
0 -97.961946
37.385403
0 -97.925654
37.385544
0 -97.916464
37.385577
0 -97.905193
37.385316
0 -97.895173
37.385629
0 -97.807057
37.386293
0 -97.80725
37.415461
0 -97.8076
37.474184
0 -97.807608
37.503703
0 -97.80766
37.518209
0 -97.807722
37.561821
0 -97.80782
37.575807
0 -97.808141
37.588508
0 -97.808348
37.646788
0 -97.806717
37.654039
0 -97.807778
37.719115
0 -97.807823
37.733855
0 -97.8719
37.733481
0 -97.917999
37.733884
0 -97.936259
37.733835
0 -98.027326
37.733289
0 -98.05448
37.733246
0 -98.072652
37.73319
0 -98.081772
37.733158
0 -98.100014
37.73309
0 -98.118272
37.732904
0 -98.125335
37.732821
0 -98.133939
37.733076
0 -98.136225
37.732913
0 -98.19093
37.732711
0 -98.227376
37.73284
0 -98.237338
37.732808
0 -98.246262
37.732661
0 -98.264509
37.732512
0 -98.319322
37.732629
0 -98.35552
37.732572
0 -98.373806
37.732503
0 -98.464804
37.732675
0 -98.464814
37.703357
0 -98.464895
37.645296
0 