-121.466178
47.368016
0 -121.465332
47.365487
0 -121.463739
47.362962
0 -121.461797
47.361976
0 -121.461799
47.35988
0 -121.464356
47.355761
0 -121.464208
47.354098
0 -121.463035
47.353254
0 -121.460758
47.353085
0 -121.456765
47.349964
0 -121.455271
47.349856
0 -121.453703
47.348536
0 -121.449813
47.347649
0 -121.448711
47.346219
0 -121.446307
47.344579
0 -121.444025
47.343767
0 -121.442626
47.343273
0 -121.438327
47.340327
0 -121.43576
47.337641
0 -121.430869
47.334423
0 -121.432604
47.327544
0 -121.434385
47.323257
0 -121.436561
47.321009
0 -121.438635
47.317701
0 -121.441608
47.315417
0 -121.444705
47.312218
0 -121.445501
47.30959
0 -121.44499
47.308317
0 -121.441953
47.30701
0 -121.436992
47.307062
0 -121.435234
47.305241
0 -121.433359
47.304641
0 -121.432957
47.300132
0 -121.431469
47.296538
0 -121.432652
47.293591
0 -121.431488
47.292321
0 -121.426909
47.288543
0 -121.423724
47.28823
0 -121.419013
47.286355
0 -121.418706
47.290698
0 -121.415725
47.293415
0 -121.414806
47.293126
0 -121.411941
47.290325
0 -121.409791
47.289233
0 -121.406859
47.289298
0 -121.403377
47.288387
0 -121.396899
47.289028
0 -121.393604
47.288922
0 -121.392314
47.287467
0 -121.388201
47.286093
0 -121.382761
47.285865
0 -121.380037
47.286253
0 -121.377086
47.286158
0 -121.371402
47.285111
0 -121.369386
47.285647
0 -121.370654
47.287942
0 -121.367146
47.290508
0 -121.361973
47.291675
0 -121.360449
47.290787
0 -121.359821
47.288648
0 -121.36034
47.286638
0 -121.359692
47.285334
0 -121.354459
47.283786
0 -121.351505
47.284352
0 -121.349381
47.282759
0 -121.345535
47.282916
0 -121.34108
47.281616
0 -121.340946
47.278067
0 -121.337968
47.275418
0 -121.338388
47.273828
0 -121.338762
47.271727
0 -121.337593
47.270433
0 -121.338075
47.268416
0 -121.336836
47.26712
0 -121.336683
47.26545
0 -121.334972
47.263477
0 -121.334975
47.261239
0 -121.332011
47.259077
0 -121.331468
47.25786
0 -121.333054
47.254371
0 -121.336373
47.253279
0 -121.337576
47.251428
0 -121.337658
47.249836
0 -121.339057
47.246767
0 -121.345092
47.246329
0 -121.348749
47.244463
0 -121.351523
47.241973
0 -121.359056
47.240182
0 -121.359891
47.240416
0 -121.358426
47.238562
0 -121.358836
47.235631
0 -121.360848
47.233924
0 -121.360159
47.231971
0 -121.365137
47.226443
0 -121.364955
47.225099
0 -121.36429
47.223527
0 -121.360412
47.22269
0 -121.353086
47.220128
0 -121.350067
47.219754
0 -121.346294
47.218477
0 -121.339751
47.21763
0 -121.337287
47.217778
0 -121.33439
47.218693
0 -121.331006
47.217763
0 -121.324869
47.215312
0 -121.319834
47.212052
0 -121.316475
47.211608
0 -121.312964
47.207941
0 -121.311806
47.205783
0 -121.309278
47.204354
0 -121.308672
47.202049
0 -121.311525
47.199139
0 -121.307568
47.195156
0 -121.306359
47.190994
0 -121.305994
47.18766
0 -121.308005
47.185717
0 -121.310349
47.184909
0 -121.310161
47.181448
0 -121.313481
47.177692
0 -121.317237
47.175221
0 -121.31804
47.173538
0 -121.317129
47.171394
0 -121.313959
47.166914
0 -121.311623
47.163011
0 -121.306976
47.162159
0 -121.305329
47.160512
0 -121.302583
47.156459
0 -121.301772
47.155922
0 -121.300506
47.152268
0 -121.298041
47.14823
0 -121.300287
47.146611
0 -121.302122
47.141246
0 -121.303265
47.139482
0 -121.306435
47.137429
0 -121.314969
47.134489
0 -121.317594
47.134348
0 -121.321656
47.135799
0 -121.326198
47.134097
0 -121.334517
47.133345
0 -121.340387
47.135931
0 -121.343436
47.136122
0 -121.345469
47.137857
0 -121.349611
47.137547
0 -121.353334
47.140497
0 -121.355681
47.1411
0 -121.357789
47.140696
0 -121.364677
47.141759
0 -121.369428
47.139491
0 -121.376202
47.137885
0 -121.382098
47.137344
0 -121.384219
47.135498
0 -121.389698
47.133362
0 -121.393827
47.133057
0 -121.394856
47.128882
0 -121.398622
47.127151
0 -121.399917
47.126239
0 -121.399981
47.123762
0 -121.401939
47.122333
0 -121.405818
47.120955
0 -121.407642
47.119119
0 -121.404991
47.109676
0 -121.403004
47.106304
0 -121.398797
47.104887
0 -121.399814
47.101567
0 -121.403374
47.099322
0 -121.402862
47.097815
0 -121.399839
47.096222
0 -121.395901
47.094806
0 -121.393328
47.09216
0 -121.391299
47.09189
0 -121.38464
47.094815
0 -121.383313
47.095096
0 -121.381095
47.091364
0 -121.379773
47.090288
0 -121.376938
47.090186
0 -121.377157
47.088133
0 -121.379671
47.086765
0 -121.379145
47.084449
0 -121.377465
47.081981
0 -121.373667
47.080025
0 -121.369796
47.078568
0 -121.366485
47.07569
0 -121.36641
47.072581
0 -121.362748
47.070739
0 -121.359922
47.070691
0 -121.356536
47.071872
0 -121.352605
47.075888
0 -121.349226
47.077677
0 -121.341632
47.079187
0 -121.337625
47.077351
0 -121.337006
47.076029
0 -121.333691
47.07518
0 -121.331411
47.075608
0 -121.32844
47.075137
0 -121.326442
47.076223
0 -121.318847
47.075466
0 -121.312497
47.076552
0 -121.310779
47.077123
0 -121.308418
47.07919
0 -121.306627
47.082541
0 -121.303102
47.083912
0 -121.302339
47.08485
0 -121.298477
47.084855
0 -121.295434
47.085699
0 -121.288391
47.086548
0 -121.282039
47.088954
0 -121.278779
47.087775
0 -121.27491
47.085688
0 -121.274345
47.084824
0 -121.265784
47.081272
0 -121.262498
47.08054
0 -121.256485
47.077948
0 -121.25206
47.07642
0 -121.251291
47.075307
0 -121.244604
47.074507
0 -121.24347
47.073097
0 -121.240315
47.073246
0 -121.236774
47.071504
0 -121.232848
47.070836
0 -121.229186
47.068759
0 -121.22794
47.066544
0 -121.225459
47.065881
0 -121.223485
47.065997
0 -121.223245
47.066924
0 -121.219295
47.065801
0 -121.217794
47.064852
0 -121.217904
47.062453
0 -121.215315
47.060614
0 -121.215238
47.058486
0 -121.211048
47.055947
0 -121.211649
47.054927
0 -121.210044
47.05417
0 -121.209394
47.052542
0 -121.206802
47.052537
0 -121.206609
47.051264
0 -121.199973
47.05058
0 -121.199258
47.04962
0 -121.200923
47.049214
0 -121.19803
47.047169
0 -121.194347
47.045343
0 -121.194812
47.044251
0 -121.190937
47.042447
0 -121.189485
47.042425
0 -121.184904
47.04452
0 -121.182938
47.044619
0 -121.181213
47.043911
0 -121.181069
47.042282
0 -121.179119
47.041626
0 -121.179104
47.03965
0 -121.17397
47.038015
0 -121.17231
47.037872
0 -121.171299
47.036528
0 -121.168436
47.035447
0 -121.165813
47.035337
0 -121.164105
47.034191
0 -121.16259
47.031975
0 -121.160376
47.031223
0 -121.160209
47.029649
0 -121.157964
47.028151
0 -121.155718
47.028134
0 -121.15555
47.026741
0 -121.153016
47.026307
0 -121.150842
47.026646
0 -121.148309
47.025082
0 -121.1481
47.023761
0 -121.146217
47.022592
0 -121.142104
47.021141
0 -121.140936
47.018476
0 -121.13849
47.018547
0 -121.13611
47.017816
0 -121.133787
47.014991
0 -121.132352
47.0102
0 -121.129249
47.009115
0 -121.127305
47.007117
0 -121.127131
47.004673
0 -121.12576
47.003518
0 -121.122754
47.002481
0 -121.12405
46.999843
0 -121.120861
46.998209
0 -121.117213
46.997196
0 -121.114375
46.997246
0 -121.112097
46.995306
0 -121.105965
46.995725
0 -121.104009
46.995078
0 -121.101178
46.992474
0 -121.101076
46.99112
0 -121.089794
46.991039
0 -121.089893
46.969339
0 -121.084593
46.96934
0 -121.084593
46.96574
0 -121.079193
46.96564
0 -121.079293
46.96214
0 -121.073993
46.96214
0 -121.073993
46.95844
0 -121.068693
46.95854
0 -121.068693
46.9513
0 -121.068693
46.947639
0 -121.063492
46.94764
0 -121.063491
46.943839
0 -121.058191
46.94394
0 -121.058191
46.936739
0 -121.052891
46.93664
0 -121.052991
46.933039
0 -121.042391
46.93304
0 -121.042381
46.92214
0 -121.037191
46.92214
0 -121.03709
46.91854
0 -121.031791
46.918541
0 -121.03179
46.914941
0 -121.026491
46.914941
0 -121.02649
46.911341
0 -121.008087
46.911233
0 -120.810218
46.911076
0 -120.802627
46.910688
0 -120.79681
46.910794
0 -120.752664
46.911618
0 -120.634883
46.911995
0 -120.633357
46.904292
0 -120.633076
46.881279
0 -120.633572
46.869298
0 -120.634431
46.825831
0 -120.625149
46.825988
0 -120.61802
46.825983
0 -120.509227
46.824534
0 -120.509497
46.781278
0 -120.509618
46.738114
0 -120.492914
46.737631
0 -120.450581
46.73754
0 -120.448244
46.737562
0 -120.387031
46.73749
0 -120.385626
46.737419
0 -120.384539
46.737547
0 -120.382167
46.737545
0 -120.381498
46.737682
0 -120.131347
46.735509
0 -120.126165
46.735832
0 -120.044326
46.736922
0 -120.028014
46.738599
0 -120.003059
46.739145
0 -119.99883
46.73946
0 -119.980067
46.737073
0 -119.973017
46.737171
0 -119.971301
46.743483
0 -119.970654
46.747294
0 -119.970798
46.752736
0 -119.969975
46.754973
0 -119.966371
46.758622
0 -119.959742
46.763217
0 -119.951139
46.767777
0 -119.947841
46.770243
0 -119.943054
46.774702
0 -119.940076
46.778699
0 -119.938607
46.781835
0 -119.93367
46.788443
0 -119.928612
46.796323
0 -119.92786
46.797496
0 -119.927436
46.798445
0 -119.925605
46.811431
0 -119.926231
46.814178
0 -119.927537
46.817092
0 -119.933632
46.824714
0 -119.937837
46.828583
0 -119.94402
46.835521
0 -119.952295
46.84267
0 -119.958281
46.849519
0 -119.962747
46.854062
0 -119.963876
46.855616
0 -119.964943
46.858804
0 -119.964953
46.868906
0 -119.965669
46.877039
0 -119.965489
46.881045
0 -119.965798
46.889286
0 -119.965102
46.893202
0 -119.965149
46.896518
0 -119.964197
46.907438
0 -119.964116
46.913097
0 -119.963191
46.918817
0 -119.963417
46.921159
0 -119.963975
46.924311
0 -119.965333
46.927444
0 -119.965423
46.929375
0 -119.96468
46.931134
0 -119.964122
46.934976
0 -119.964986
46.936791
0 -119.965804
46.943283
0 -119.969613
46.947458
0 -119.973542
46.954048
0 -119.978391
46.961059
0 -119.982821
46.966155
0 -119.98607
46.970988
0 -119.990526
46.977275
0 -119.992858
46.98052
0 -119.994914
46.985026
0 -119.996837
46.986972
0 -119.998179
46.989704
0 -120.001122
46.993641
0 -120.002143
46.99732
0 -120.002465
47.001153
0 -120.001265
47.005353
0 -120.001365
47.008153
0 -120.001865
47.010153
0 -120.005065
47.014553
0 -120.005765
47.016253
0 -120.005865
47.021153
0 -120.006265
47.024953
0 -120.007265
47.028553
0 -120.007265
47.033653
0 -120.009265
47.037253
0 -120.011165
47.039353
0 -120.020865
47.046353
0 -120.024666
47.048653
0 -120.032966
47.054253
0 -120.037566
47.058853
0 -120.038966
47.060853
0 -120.041866
47.067053
0 -120.042866
47.073453
0 -120.042266
47.076253
0 -120.040466
47.081253
0 -120.038466
47.085153
0 -120.037666
47.087453
0 -120.034466
47.093553
0 -120.027566
47.105253
0 -120.026066
47.106853
0 -120.018866
47.110353
0 -120.011966
47.111853
0 -120.010266
47.113553
0 -120.009066
47.117253
0 -120.002065
47.126153
0 -120.001465
47.127553
0 -119.999963
47.136734
0 -120.000577
47.143622
0 -120.001065
47.145477
0 -120.005446
47.153012
0 -120.007761
47.155394
0 -120.009689
47.158547
0 -120.010585
47.161275
0 -120.011152
47.167447
0 -120.010486
47.172266
0 -120.009033
47.175026
0 -120.004175
47.182661
0 -120.003692
47.184381
0 -120.003846
47.186934
0 -120.005059
47.191516
0 -120.005914
47.197343
0 -120.00557
47.20272
0 -120.003002
47.207527
0 -120.002438
47.209987
0 -120.002631
47.212267
0 -120.003938
47.216036
0 -120.007065
47.220053
0 -120.009766
47.222553
0 -120.014767
47.225653
0 -120.018567
47.226653
0 -120.031267
47.226652
0 -120.040267
47.225552
0 -120.044768
47.225852
0 -120.047153
47.225527
0 -120.050368
47.224552
0 -120.060868
47.223752
0 -120.066168
47.223652
0 -120.072169
47.224452
0 -120.074669
47.225152
0 -120.078169
47.227552
0 -120.080069
47.230352
0 -120.082969
47.233152
0 -120.086669
47.235552
0 -120.089269
47.238052
0 -120.091869
47.241452
0 -120.093269
47.245652
0 -120.09597
47.252252
0 -120.09637
47.254852
0 -120.09467
47.258952
0 -120.09447
47.262151
0 -120.251175
47.261749
0 -120.259367
47.261448
0 -120.388978
47.260889
0 -120.39068
47.262548
0 -120.39318
47.263348
0 -120.396748
47.268196
0 -120.39988
47.269648
0 -120.405781
47.274048
0 -120.414381
47.274048
0 -120.418181
47.275147
0 -120.421081
47.275147
0 -120.426281
47.274147
0 -120.432239
47.27789
0 -120.436112
47.282134
0 -120.447083
47.288647
0 -120.449183
47.291647
0 -120.449183
47.293747
0 -120.453783
47.296947
0 -120.457923
47.298587
0 -120.459683
47.300047
0 -120.462283
47.300047
0 -120.464783
47.300747
0 -120.467284
47.302947
0 -120.476858
47.30716
0 -120.480084
47.306047
0 -120.480684
47.304847
0 -120.488585
47.307946
0 -120.487385
47.310846
0 -120.493485
47.315246
0 -120.495885
47.315946
0 -120.497185
47.317446
0 -120.501185
47.317016
0 -120.502532
47.317736
0 -120.508287
47.317514
0 -120.51647
47.320929
0 -120.518237
47.323082
0 -120.519553
47.327313
0 -120.52352
47.330117
0 -120.521854
47.331728
0 -120.525137
47.333239
0 -120.528535
47.333604
0 -120.53068
47.333251
0 -120.532517
47.329593
0 -120.530924
47.326488
0 -120.531103
47.322346
0 -120.530185
47.319596
0 -120.528385
47.31803
0 -120.528474
47.316337
0 -120.531525
47.315331
0 -120.532691
47.314757
0 -120.546971
47.311938
0 -120.547855
47.309413
0 -120.547505
47.307302
0 -120.548846
47.307002
0 -120.552082
47.308115
0 -120.55657
47.307014
0 -120.55988
47.306538
0 -120.564137
47.307779
0 -120.568913
47.309918
0 -120.570473
47.312675
0 -120.568721
47.316204
0 -120.569435
47.320717
0 -120.570878
47.322795
0 -120.576841
47.326469
0 -120.57731
47.32988
0 -120.578527
47.332495
0 -120.578718
47.334434
0 -120.57789
47.335731
0 -120.578659
47.337089
0 -120.590607
47.339429
0 -120.594952
47.339464
0 -120.598892
47.340551
0 -120.602265
47.33939
0 -120.606349
47.339231
0 -120.608612
47.342084
0 -120.61388
47.343589
0 -120.618021
47.345177
0 -120.619944
47.345216
0 -120.621656
47.343415
0 -120.623639
47.343161
0 -120.626189
47.341884
0 -120.628222
47.342018
0 -120.632321
47.341014
0 -120.637422
47.342952
0 -120.643009
47.343118
0 -120.649181
47.341578
0 -120.656897
47.342445
0 -120.658586
47.344049
0 -120.665058
47.343311
0 -120.666746
47.344681
0 -120.669518
47.345281
0 -120.673328
47.34807
0 -120.675085
47.350862
0 -120.677214
47.35143
0 -120.678886
47.349757
0 -120.680962
47.349689
0 -120.682308
47.351661
0 -120.687024
47.355169
0 -120.690992
47.357138
0 -120.69299
47.360781
0 -120.695671
47.362651
0 -120.700593
47.365137
0 -120.703754
47.365319
0 -120.707655
47.364953
0 -120.710076
47.365661
0 -120.712229
47.367626
0 -120.718721
47.368812
0 -120.721109
47.37
0 -120.721592
47.371691
0 -120.723231
47.372826
0 -120.723593
47.375543
0 -120.724793
47.378143
0 -120.726593
47.380443
0 -120.726193
47.382943
0 -120.727093
47.384443
0 -120.726193
47.386343
0 -120.726193
47.388343
0 -120.729794
47.390243
0 -120.730894
47.391943
0 -120.733094
47.393443
0 -120.739394
47.393143
0 -120.744494
47.394543
0 -120.751194
47.394462
0 -120.754217
47.395327
0 -120.757275
47.397535
0 -120.760552
47.397503
0 -120.765545
47.398446
0 -120.768535
47.399544
0 -120.772105
47.398822
0 -120.775639
47.399916
0 -120.780875
47.39935
0 -120.783121
47.399486
0 -120.784857
47.400655
0 -120.787371
47.4049
0 -120.792219
47.406999
0 -120.793692
47.408375
0 -120.794665
47.413967
0 -120.796161
47.414508
0 -120.799665
47.417264
0 -120.800031
47.419034
0 -120.802319
47.422576
0 -120.803834
47.422759
0 -120.806897
47.42084
0 -120.809456
47.420108
0 -120.812351
47.419994
0 -120.818612
47.420771
0 -120.828309
47.423512
0 -120.829622
47.423146
0 -120.833559
47.419833
0 -120.836252
47.418324
0 -120.83699
47.415285
0 -120.840355
47.412748
0 -120.842609
47.411583
0 -120.84968
47.413614
0 -120.852306
47.415533
0 -120.854966
47.41656
0 -120.858065
47.419255
0 -120.861163
47.420625
0 -120.866245
47.418635
0 -120.866916
47.416989
0 -120.871762
47.415433
0 -120.873142
47.41589
0 -120.877997
47.41944
0 -120.88538
47.42283
0 -120.886249
47.424913
0 -120.890198
47.42724
0 -120.892798
47.42624
0 -120.897962
47.426085
0 -120.900888
47.42674
0 -120.903798
47.42644
0 -120.906398
47.42524
0 -120.908498
47.42514
0 -120.913098
47.42804
0 -120.916098
47.42854
0 -120.919799
47.43114
0 -120.922599
47.43234
0 -120.924287
47.433422
0 -120.924445
47.438506
0 -120.923878
47.441028
0 -120.924649
47.442863
0 -120.923199
47.44554
0 -120.922573
47.448426
0 -120.92703
47.45025
0 -120.930092
47.452455
0 -120.930764
47.453635
0 -120.930787
47.457915
0 -120.932967
47.459132
0 -120.936392
47.459317
0 -120.951972
47.46149
0 -120.952691
47.462418
0 -120.951471
47.46678
0 -120.946439
47.472522
0 -120.9504
47.475939
0 -120.955152
47.477344
0 -120.956342
47.47964
0 -120.958512
47.48097
0 -120.958955
47.484239
0 -120.961899
47.484738
0 -120.967301
47.488438
0 -120.971401
47.488438
0 -120.976701
47.490538
0 -120.979001
47.490438
0 -120.985202
47.495638
0 -120.985502
47.497238
0 -120.987102
47.497738
0 -120.988402
47.499838
0 -120.990169
47.499838
0 -120.991786
47.502452
0 -120.994243
47.504377
0 -120.994574
47.5057
0 -120.993668
47.507987
0 -120.992061
47.50902
0 -120.991059
47.510996
0 -120.992435
47.513345
0 -120.994994
47.515205
0 -120.996239
47.516819
0 -120.996455
47.518562
0 -121.005803
47.520537
0 -121.006803
47.521137
0 -121.011603
47.521637
0 -121.013903
47.521437
0 -121.019203
47.522537
0 -121.021203
47.523537
0 -121.023303
47.523637
0 -121.024903
47.525437
0 -121.026303
47.528837
0 -121.029903
47.530937
0 -121.040104
47.535437
0 -121.043004
47.534937
0 -121.045704
47.535137
0 -121.047104
47.534137
0 -121.048304
47.535437
0 -121.053357
47.538078
0 -121.054104
47.538137
0 -121.058604
47.542037
0 -121.059904
47.542637
0 -121.061204
47.545636
0 -121.064404
47.546936
0 -121.065604
47.548536
0 -121.071204
47.551036
0 -121.075105
47.550936
0 -121.078305
47.556936
0 -121.078505
47.558936
0 -121.081105
47.560636
0 -121.081705
47.561736
0 -121.087305
47.566136
0 -121.090105
47.569836
0 -121.089805
47.571536
0 -121.086005
47.573936
0 -121.087005
47.574236
0 -121.087905
47.576336
0 -121.090906
47.579236
0 -121.090706
47.580836
0 -121.092206
47.582135
0 -121.091906
47.584935
0 -121.094706
47.587135
0 -121.095506
47.588835
0 -121.099806
47.590435
0 -121.103606
47.589435
0 -121.105073
47.589724
0 -121.109706
47.591935
0 -121.110706
47.594735
0 -121.113606
47.597135
0 -121.115706
47.597735
0 -121.117206
47.597035
0 -121.118406
47.595935
0 -121.119506
47.591335
0 -121.123306
47.592235
0 -121.129407
47.593135
0 -121.134607
47.595235
0 -121.138707
47.595335
0 -121.140807
47.593935
0 -121.141907
47.592035
0 -121.145407
47.593235
0 -121.149307
47.594035
0 -121.151307
47.595434
0 -121.154307
47.595234
0 -121.155107
47.594034
0 -121.159207
47.592834
0 -121.166207
47.591934
0 -121.169607
47.590034
0 -121.172007
47.590034
0 -121.172007
47.588534
0 -121.170507
47.586634
0 -121.170907
47.584734
0 -121.172707
47.583034
0 -121.172007
47.580834
0 -121.169607
47.578635
0 -121.171907
47.574135
0 -121.174307
47.572835
0 -121.176622
47.569996
0 -121.176243
47.56664
0 -121.177748
47.565507
0 -121.180868
47.564856
0 -121.188624
47.568721
0 -121.190307
47.567434
0 -121.194707
47.566034
0 -121.196607
47.566434
0 -121.205207
47.566234
0 -121.207907
47.565834
0 -121.212407
47.568134
0 -121.216907
47.569534
0 -121.220507
47.567834
0 -121.224207
47.567234
0 -121.229207
47.564934
0 -121.229907
47.563134
0 -121.232107
47.562234
0 -121.232907
47.559834
0 -121.232107
47.558034
0 -121.234207
47.554934
0 -121.234307
47.552234
0 -121.233407
47.550434
0 -121.234707
47.548434
0 -121.235907
47.547934
0 -121.234407
47.546834
0 -121.234907
47.544534
0 -121.240307
47.543834
0 -121.243207
47.542934
0 -121.243207
47.540334
0 -121.241407
47.538534
0 -121.242807
47.538034
0 -121.242507
47.535934
0 -121.245407
47.535534
0 -121.251107
47.532234
0 -121.254307
47.533934
0 -121.255207
47.533634
0 -121.256807
47.531834
0 -121.257007
47.528934
0 -121.260807
47.525935
0 -121.260606
47.524835
0 -121.262106
47.523635
0 -121.269106
47.523835
0 -121.273106
47.522835
0 -121.277706
47.523234
0 -121.278906
47.522934
0 -121.281106
47.519935
0 -121.284324
47.51876
0 -121.285232
47.516692
0 -121.283796
47.513974
0 -121.288043
47.512951
0 -121.292005
47.513434
0 -121.291393
47.511819
0 -121.28915
47.511022
0 -121.288503
47.509941
0 -121.288861
47.507992
0 -121.290176
47.506861
0 -121.290823
47.504161
0 -121.292598
47.502866
0 -121.292555
47.501593
0 -121.296706
47.499935
0 -121.295961
47.498651
0 -121.298895
47.495971
0 -121.300499
47.493211
0 -121.300857
47.489944
0 -121.30256
47.48602
0 -121.307644
47.48345
0 -121.310536
47.482434
0 -121.310953
47.479271
0 -121.313393
47.478142
0 -121.316097
47.479374
0 -121.31864
47.478991
0 -121.323748
47.479189
0 -121.324715
47.477914
0 -121.328012
47.476296
0 -121.331217
47.473601
0 -121.336557
47.475244
0 -121.337778
47.476113
0 -121.341027
47.474446
0 -121.341487
47.471757
0 -121.345765
47.467867
0 -121.347852
47.46538
0 -121.35112
47.464893
0 -121.362106
47.464812
0 -121.363438
47.464324
0 -121.365391
47.462792
0 -121.369411
47.460795
0 -121.373448
47.456993
0 -121.379665
47.454267
0 -121.378936
47.451214
0 -121.380694
47.448138
0 -121.384508
47.445975
0 -121.385711
47.444418
0 -121.381943
47.43837
0 -121.384441
47.434859
0 -121.386138
47.433455
0 -121.391898
47.433436
0 -121.394873
47.432635
0 -121.398003
47.431118
0 -121.400023
47.431724
0 -121.40528
47.429986
0 -121.408159
47.428154
0 -121.410917
47.424581
0 -121.412036
47.421676
0 -121.418269
47.422476
0 -121.421376
47.422632
0 -121.425421
47.422354
0 -121.427184
47.42117
0 -121.428454
47.416753
0 -121.425166
47.416394
0 -121.422989
47.414065
0 -121.422876
47.41052
0 -121.422322
47.408439
0 -121.423109
47.405623
0 -121.425887
47.40427
0 -121.427411
47.402114
0 -121.430825
47.402477
0 -121.433613
47.399875
0 -121.433893
47.398739
0 -121.430426
47.397598
0 -121.426906
47.395035
0 -121.426148
47.392625
0 -121.426309
47.389893
0 -121.430077
47.386623
0 -121.436933
47.386189
0 -121.44021
47.385606
0 -121.440803
47.38504
0 -121.441389
47.383728
0 -121.44139
47.380286
0 -121.440507
47.378569
0 -121.439439
47.374834
0 -121.438158
47.372191
0 -121.441584
47.372585
0 -121.443375
47.374036
0 -121.444657
47.374134
0 -121.454078
47.372235
0 -121.459041
47.373757
0 -121.460654
47.373237
0 -121.462403
47.369812
0 -121.465034
47.369542
0 -121.466178
47.368016
0 