-97.239209
48.968684
0 -97.238882
48.966573
0 -97.237598986185
48.9653942729156
0 -97.237541
48.965341
0 -97.2368333951312
48.9652085755536
0 -97.233496
48.964584
0 -97.229556
48.964031
0 -97.228001
48.96295
0 -97.227911
48.96127
0 -97.2304001008456
48.9587023759595
0 -97.230859
48.958229
0 -97.231741
48.955982
0 -97.233198
48.950805
0 -97.23385
48.949612
0 -97.234054
48.947611
0 -97.232146
48.946361
0 -97.228954
48.946751
0 -97.227466
48.946531
0 -97.226498
48.945625
0 -97.226823
48.943545
0 -97.226863
48.938362
0 -97.2254711925853
48.9349900863459
0 -97.225285
48.934539
0 -97.222572
48.932694
0 -97.220216
48.932401
0 -97.216049
48.932655
0 -97.214374
48.931572
0 -97.214899
48.92972
0 -97.217463
48.927659
0 -97.219185
48.92486
0 -97.219776
48.922039
0 -97.217992
48.919735
0 -97.212926
48.918033
0 -97.211161
48.916649
0 -97.210809
48.91395
0 -97.212553
48.90986
0 -97.212706
48.908143
0 -97.210541
48.90439
0 -97.207688
48.902629
0 -97.201646
48.901021
0 -97.194342
48.898761
0 -97.191031
48.896584
0 -97.189751
48.894482
0 -97.190984
48.89219
0 -97.19405
48.891347
0 -97.197312
48.892046
0 -97.200014
48.892587
0 -97.201718
48.891723
0 -97.2010320750858
48.8907762420258
0 -97.200887
48.890576
0 -97.200463002517
48.8902749964545
0 -97.198074
48.888579
0 -97.197388
48.886697
0 -97.1987
48.884884
0 -97.199891
48.88259
0 -97.199545
48.881346
0 -97.198502
48.88025
0 -97.193743
48.87794
0 -97.189322
48.876562
0 -97.186177
48.876471
0 -97.182252
48.877206
0 -97.179594
48.87704
0 -97.17779
48.875312
0 -97.180133
48.872591
0 -97.185137
48.869207
0 -97.188546
48.867324
0 -97.190445
48.865292
0 -97.19
48.863516
0 -97.186692
48.86314
0 -97.182826
48.863982
0 -97.17942
48.863079
0 -97.178799
48.861029
0 -97.179046
48.857262
0 -97.176445
48.854676
0 -97.173994
48.853176
0 -97.173278
48.850282
0 -97.176119
48.848433
0 -97.181813
48.848003
0 -97.182923
48.846912
0 -97.181021
48.845937
0 -97.177176
48.845543
0 -97.174355
48.842619
0 -97.173811
48.838309
0 -97.174275
48.837261
0 -97.175727
48.836158
0 -97.178369
48.835018
0 -97.182539
48.834812
0 -97.184457
48.833395
0 -97.183888
48.83028
0 -97.180268
48.82752
0 -97.177747
48.824815
0 -97.17959
48.820131
0 -97.183116
48.818106
0 -97.188579
48.816968
0 -97.190313
48.815714
0 -97.189486
48.814421
0 -97.187534
48.814225
0 -97.185395
48.814782
0 -97.18228
48.815291
0 -97.178482
48.814505
0 -97.174045
48.812108
0 -97.16913
48.811304
0 -97.164131
48.812006
0 -97.15876
48.810931
0 -97.157546
48.808704
0 -97.158735
48.806486
0 -97.162356
48.805398
0 -97.165921
48.805273
0 -97.169602
48.80403
0 -97.1703916363217
48.8037256508787
0 -97.173665
48.802464
0 -97.179049
48.801101
0 -97.181468
48.79947
0 -97.18123
48.79789
0 -97.178648
48.797059
0 -97.175913
48.797563
0 -97.173115
48.79981
0 -97.169893
48.801177
0 -97.165192
48.801267
0 -97.162577
48.800116
0 -97.161648
48.797599
0 -97.163373
48.796211
0 -97.166941
48.79625
0 -97.17136
48.796533
0 -97.173944
48.795225
0 -97.173556
48.793315
0 -97.17123
48.791984
0 -97.16434
48.790922
0 -97.161231
48.791778
0 -97.158102
48.791145
0 -97.157093
48.790024
0 -97.157797
48.78768
0 -97.1578585623737
48.7876071582187
0 -97.1581151182817
48.7873035963481
0 -97.159549
48.785607
0 -97.159382
48.783833
0 -97.157482
48.782671
0 -97.154248
48.782323
0 -97.149968
48.782553
0 -97.1487432489581
48.7819089459538
0 -97.1482371827585
48.7816428233114
0 -97.147281
48.78114
0 -97.14857
48.779225
0 -97.153871
48.777712
0 -97.157482
48.77694
0 -97.158971
48.775746
0 -97.15829
48.773758
0 -97.156337
48.773039
0 -97.152588
48.772602
0 -97.14897
48.767952
0 -97.1488825691031
48.7678847080023
0 -97.145918
48.765603
0 -97.145597
48.763453
0 -97.147229
48.761726
0 -97.15151
48.760112
0 -97.1548
48.757414
0 -97.152997
48.752844
0 -97.14915
48.750355
0 -97.143176
48.750913
0 -97.138248
48.750235
0 -97.13632
48.746831
0 -97.136943
48.741927
0 -97.140123
48.738956
0 -97.142098
48.737461
0 -97.141244
48.735271
0 -97.137713
48.734205
0 -97.13451
48.73442
0 -97.130175
48.7342
0 -97.12834
48.732136
0 -97.13052
48.729459
0 -97.135643
48.728721
0 -97.137589
48.727569
0 -97.136868
48.726035
0 -97.130971
48.723224
0 -97.126398
48.721101
0 -97.124328
48.719166
0 -97.1232720736458
48.7172522837164
0 -97.1231679494301
48.71706357339
0 -97.121253
48.713593
0 -97.118977
48.711346
0 -97.113562
48.709657
0 -97.109992
48.707776
0 -97.110382
48.706224
0 -97.1123
48.705469
0 -97.116926
48.705022
0 -97.120474
48.703819
0 -97.12007
48.701434
0 -97.109701
48.691686
0 -97.106603
48.690023
0 -97.092483
48.686238
0 -97.090328
48.684512
0 -97.091086
48.682652
0 -97.093745
48.68203
0 -97.097423
48.683257
0 -97.100408
48.683078
0 -97.101771
48.681196
0 -97.101419
48.678719
0 -97.099811
48.671377
0 -97.100562
48.668406
0 -97.102367
48.666798
0 -97.105764
48.665654
0 -97.107709
48.665246
0 -97.109255
48.664142
0 -97.108851
48.663188
0 -97.106517
48.662479
0 -97.103978
48.662747
0 -97.100574
48.662687
0 -97.098731
48.661284
0 -97.099409
48.659081
0 -97.100706
48.657837
0 -97.102988
48.656063
0 -97.10553
48.654004
0 -97.106711
48.651949
0 -97.107814
48.647728
0 -97.110907
48.646097
0 -97.113926
48.645626
0 -97.115714
48.64449
0 -97.114618
48.642605
0 -97.112798
48.641534
0 -97.109651
48.638888
0 -97.108996
48.634532
0 -97.109349
48.632637
0 -97.111318
48.631033
0 -97.1119887044535
48.6308348512414
0 -97.113508
48.630386
0 -97.1169353004929
48.6308939612028
0 -97.117084
48.630916
0 -97.123429
48.633784
0 -97.127991
48.633765
0 -97.130121995577
48.6324993872146
0 -97.130781
48.632108
0 -97.1307939097404
48.6308259292264
0 -97.130806063589
48.6296189263348
0 -97.13081
48.629228
0 -97.127608
48.626537
0 -97.120142
48.62168
0 -97.119185
48.619656
0 -97.1193979828158
48.6193705716802
0 -97.120408
48.618017
0 -97.123737
48.618102
0 -97.125855
48.619441
0 -97.130044
48.622563
0 -97.132857
48.622896
0 -97.135196
48.622144
0 -97.134652
48.620208
0 -97.132528
48.619106
0 -97.12979
48.617086
0 -97.128829
48.614757
0 -97.130183
48.613399
0 -97.132931
48.61338
0 -97.138126
48.614664
0 -97.145075
48.614613
0 -97.149798
48.612724
0 -97.150711
48.610451
0 -97.148267
48.608354
0 -97.143698
48.608026
0 -97.137491
48.608875
0 -97.134481
48.60785
0 -97.13478
48.606351
0 -97.138246
48.604234
0 -97.140532
48.601898
0 -97.143822
48.598359
0 -97.146508
48.597756
0 -97.151009
48.598084
0 -97.152164
48.597541
0 -97.152792
48.596356
0 -97.153979
48.595081
0 -97.152637
48.593919
0 -97.145224
48.594068
0 -97.142237
48.592595
0 -97.141585
48.59082
0 -97.142915
48.583733
0 -97.143654
48.582358
0 -97.144922
48.581452
0 -97.148429
48.581028
0 -97.154333
48.582652
0 -97.158464
48.582303
0 -97.160631
48.580936
0 -97.160185
48.57906
0 -97.157272
48.577998
0 -97.152573
48.577919
0 -97.149616
48.576921
0 -97.147914
48.574627
0 -97.148098
48.572066
0 -97.14917
48.570014
0 -97.151638
48.56763
0 -97.157594
48.566376
0 -97.170885
48.565143
0 -97.173579
48.564378
0 -97.175329
48.562461
0 -97.174579
48.560426
0 -97.172158
48.559116
0 -97.165677
48.557165
0 -97.158104
48.557236
0 -97.146058
48.557324
0 -97.141004
48.556323
0 -97.138345
48.554395
0 -97.138615
48.552341
0 -97.140945
48.551316
0 -97.148908
48.55155
0 -97.153447
48.551214
0 -97.155791
48.551173
0 -97.159087
48.552596
0 -97.16251
48.554112
0 -97.165577
48.553202
0 -97.166027
48.549185
0 -97.1631651904105
48.5439647929117
0 -97.041707
48.544281
0 -97.032203
48.543997
0 -96.911606
48.543236
0 -96.780452
48.543526
0 -96.758626
48.543592
0 -96.715155
48.543628
0 -96.649432
48.543681
0 -96.627699
48.543774
0 -96.544391
48.543357
0 -96.54264
48.543193
0 -96.525443
48.54359
0 -96.517825
48.543579
0 -96.500338
48.543553
0 -96.497537
48.543383
0 -96.489871
48.543433
0 -96.387835
48.544308
0 -96.388977
48.618051
0 -96.388028
48.631182
0 -96.387846
48.655604
0 -96.388135
48.659796
0 -96.387689
48.688738
0 -96.387561
48.69674
0 -96.386633
48.702955
0 -96.387472
48.7171
0 -96.404924
48.71707
0 -96.404963
48.731558
0 -96.405165
48.746256
0 -96.405096
48.747192
0 -96.404665
48.805285
0 -96.405354
48.892444
0 -96.405358
48.935718
0 -96.405408
48.999984
0 -96.536161
48.999984
0 -96.669151
48.999984
0 -96.800162
48.999984
0 -96.800278
48.999984
0 -96.801156
48.999984
0 -96.93096
48.999984
0 -96.930961
49.000437
0 -97.0624430005963
49.0004309425965
0 -97.082903
49.00043
0 -97.126551
49.000439
0 -97.228439
49.000674
0 -97.228722
49.000562
0 -97.233524
48.998171
0 -97.234201
48.996286
0 -97.232147
48.994978
0 -97.228197
48.994775
0 -97.226546
48.993815
0 -97.226687
48.992923
0 -97.231611
48.990393
0 -97.234214
48.988966
0 -97.237297
48.985696
0 -97.238387
48.982631
0 -97.2381657784247
48.9780550133828
0 -97.238025
48.975143
0 -97.2379875809581
48.9736635086528
0 -97.23796
48.972573
0 -97.239209
48.968684
0 