-122.290351
42.127092
0 -122.290333
42.126829
0 -122.28974
42.122561
0 -122.289533096525
42.0077641206021
0 -122.289527
42.007764
0 -122.284857996628
42.0076982393891
0 -122.261127
42.007364
0 -122.190068411015
42.007558380653
0 -122.188586802687
42.0075624335901
0 -122.186265308521
42.0075687840336
0 -122.161328
42.007637
0 -122.160438
42.007637
0 -122.156666
42.007384
0 -122.155408
42.007429
0 -122.101922
42.005766
0 -122.000319
42.003967
0 -121.953972173119
42.0036963541068
0 -121.846712
42.00307
0 -121.824992660843
42.0027164078476
0 -121.708199
42.000815
0 -121.705045
42.000766
0 -121.689159
42.000584
0 -121.683128426638
42.0004822605464
0 -121.675348
42.000351
0 -121.599279048385
41.9989960044392
0 -121.599192863326
41.9989944692482
0 -121.580865
41.998668
0 -121.52025
41.997983
0 -121.519107311254
41.9979702042667
0 -121.447540446521
41.9971688044792
0 -121.43961
41.99708
0 -121.434977
41.997022
0 -121.376101
41.997026
0 -121.360253
41.99668
0 -121.340517
41.99622
0 -121.335734
41.996518
0 -121.334385
41.996655
0 -121.31649408118
41.9973565902848
0 -121.309981
41.997612
0 -121.251099
41.99757
0 -121.250244422819
41.9974433959731
0 -121.247616
41.997054
0 -121.126093
41.99601
0 -121.111244153525
41.9953658686934
0 -121.094926
41.994658
0 -121.035195
41.993323
0 -120.879481
41.993781
0 -120.879443
42.002582
0 -120.879318
42.003298
0 -120.881204
42.336919
0 -120.881158
42.338788
0 -120.880945
42.353034
0 -120.880622
42.374872
0 -120.880759
42.428537
0 -120.881112
42.48654
0 -120.881966
42.48658
0 -120.88334
42.743883
0 -120.91923
42.743916
0 -120.929773
42.743715
0 -120.941761
42.743973
0 -120.996689
42.74372
0 -120.99659
42.74635
0 -121.131958
42.746287
0 -121.34988
42.746671
0 -121.349919
42.833764
0 -121.350719
42.833664
0 -121.350898
42.916717
0 -121.351222
42.920461
0 -121.350174
42.999859
0 -121.349767
43.004515
0 -121.349346
43.089944
0 -121.34936
43.111682
0 -121.349368
43.122433
0 -121.348964
43.129837
0 -121.349139
43.13138
0 -121.348576
43.356691
0 -121.332335
43.356575
0 -121.332694
43.414314
0 -121.332481
43.417542
0 -121.332635
43.41833
0 -121.332846
43.472913
0 -121.33295
43.498875
0 -121.333082
43.499849
0 -121.332982
43.616629
0 -121.464415
43.616677
0 -121.547718
43.616678
0 -121.600175
43.616489
0 -122.001141
43.615417
0 -122.002675
43.615228
0 -122.005738
43.61315
0 -122.008044
43.611005
0 -122.011182
43.609313
0 -122.015079
43.609557
0 -122.017382
43.60918
0 -122.020353
43.606694
0 -122.025688
43.605978
0 -122.028774
43.604054
0 -122.037894
43.600296
0 -122.040582
43.599986
0 -122.047591
43.597088
0 -122.052973
43.593473
0 -122.058563
43.591668
0 -122.061721
43.589175
0 -122.062429
43.587378
0 -122.063748
43.587026
0 -122.066292
43.587571
0 -122.071054
43.586569
0 -122.074675
43.587521
0 -122.075496
43.585493
0 -122.072492
43.5838
0 -122.070468
43.581409
0 -122.072411
43.5797
0 -122.075359
43.579743
0 -122.078728
43.577907
0 -122.082121
43.57849
0 -122.087676
43.580206
0 -122.0936
43.578995
0 -122.099644
43.576838
0 -122.103682
43.574446
0 -122.105934
43.57261
0 -122.106405
43.570219
0 -122.11065
43.567034
0 -122.113539
43.563649
0 -122.117852
43.562098
0 -122.119973
43.562871
0 -122.122179
43.563045
0 -122.124622
43.561842
0 -122.125216
43.560165
0 -122.127798
43.558284
0 -122.130944
43.557149
0 -122.133047
43.553639
0 -122.134876
43.549807
0 -122.134836
43.54789
0 -122.135591
43.545581
0 -122.141479
43.540095
0 -122.142389
43.537745
0 -122.142108
43.53509
0 -122.140243
43.53086
0 -122.1403
43.529978
0 -122.142176
43.529042
0 -122.145109
43.528292
0 -122.146801
43.525503
0 -122.14653
43.523617
0 -122.149103
43.521166
0 -122.149117
43.519642
0 -122.147813
43.516031
0 -122.146085
43.514649
0 -122.142132
43.513128
0 -122.137319
43.512119
0 -122.132938
43.509658
0 -122.13029
43.506397
0 -122.129857
43.503236
0 -122.131146
43.499345
0 -122.129346
43.496745
0 -122.129446
43.495445
0 -122.131546
43.494345
0 -122.134246
43.490645
0 -122.131946
43.487045
0 -122.131746
43.484845
0 -122.133346
43.482245
0 -122.132945
43.474545
0 -122.135046
43.473445
0 -122.135446
43.471245
0 -122.139746
43.467645
0 -122.141946
43.463145
0 -122.141946
43.461645
0 -122.144646
43.459545
0 -122.143646
43.458045
0 -122.145046
43.455145
0 -122.147346
43.452945
0 -122.148046
43.449545
0 -122.151046
43.448945
0 -122.153146
43.447345
0 -122.150546
43.444445
0 -122.146046
43.442245
0 -122.142745
43.444545
0 -122.140945
43.445045
0 -122.138745
43.444245
0 -122.135945
43.442546
0 -122.132745
43.441346
0 -122.132044
43.440445
0 -122.133143
43.437347
0 -122.132942
43.436048
0 -122.128845
43.436449
0 -122.125045
43.434446
0 -122.121845
43.435846
0 -122.120645
43.438746
0 -122.116044
43.437446
0 -122.112544
43.438246
0 -122.109544
43.436846
0 -122.106544
43.434346
0 -122.108044
43.429446
0 -122.105544
43.429746
0 -122.102844
43.428746
0 -122.101244
43.426546
0 -122.101144
43.424346
0 -122.097743
43.424846
0 -122.096543
43.426946
0 -122.093743
43.429246
0 -122.090943
43.428246
0 -122.090043
43.425646
0 -122.085643
43.423547
0 -122.085143
43.421647
0 -122.081943
43.416247
0 -122.079543
43.413347
0 -122.076442
43.412347
0 -122.069242
43.407747
0 -122.064942
43.407347
0 -122.062742
43.405647
0 -122.063042
43.403447
0 -122.059242
43.400347
0 -122.057442
43.400047
0 -122.056942
43.399347
0 -122.060042
43.397747
0 -122.062142
43.395247
0 -122.061042
43.392047
0 -122.059042
43.389447
0 -122.056541
43.381748
0 -122.053841
43.380948
0 -122.046541
43.376648
0 -122.042641
43.372748
0 -122.03284
43.368048
0 -122.03324
43.366048
0 -122.03054
43.362148
0 -122.03214
43.358348
0 -122.03354
43.356448
0 -122.02834
43.358648
0 -122.02684
43.359848
0 -122.02164
43.362048
0 -122.02194
43.360048
0 -122.01894
43.355448
0 -122.017539
43.352449
0 -122.013539
43.348449
0 -122.010239
43.343249
0 -122.010139
43.340249
0 -122.008939
43.337549
0 -122.009139
43.331149
0 -122.011039
43.329449
0 -122.013039
43.326649
0 -122.014339
43.325649
0 -122.014239
43.322349
0 -122.013239
43.319049
0 -122.011939
43.317849
0 -122.006938
43.316349
0 -122.002983
43.312779
0 -121.999155
43.308777
0 -122.001138
43.307249
0 -122.001938
43.305449
0 -122.004038
43.303449
0 -122.008238
43.300449
0 -122.009038
43.298149
0 -122.008838
43.295549
0 -122.009438
43.292949
0 -122.007838
43.29015
0 -122.006938
43.28715
0 -122.005838
43.28545
0 -122.001138
43.2816
0 -121.998066
43.280866
0 -121.994678
43.280814
0 -121.990039
43.278347
0 -121.98799
43.278003
0 -121.986129
43.274541
0 -121.984422
43.273699
0 -121.98392
43.270539
0 -121.982064
43.268885
0 -121.980391
43.265335
0 -121.977158
43.262744
0 -121.973841
43.261728
0 -121.974809
43.261008
0 -121.97955
43.259731
0 -121.982221
43.258198
0 -121.984779
43.257427
0 -121.990402
43.252264
0 -121.993227
43.25053
0 -121.992414
43.248423
0 -121.994314
43.245277
0 -121.996087
43.243268
0 -122.001137
43.24195
0 -122.004537
43.23915
0 -122.011238
43.23615
0 -122.014038
43.23185
0 -122.014938
43.22785
0 -122.016838
43.22655
0 -122.020438
43.22575
0 -122.023938
43.22385
0 -122.025938
43.22185
0 -122.026138
43.22025
0 -122.035338
43.21825
0 -122.038139
43.21695
0 -122.038839
43.21425
0 -122.034938
43.20995
0 -122.032238
43.20805
0 -122.035038
43.20465
0 -122.036838
43.20325
0 -122.036838
43.20225
0 -122.039339
43.20035
0 -122.040639
43.19815
0 -122.039639
43.19605
0 -122.038838
43.19195
0 -122.039338
43.19055
0 -122.041439
43.18815
0 -122.044139
43.18695
0 -122.045039
43.18365
0 -122.048139
43.17875
0 -122.051339
43.17655
0 -122.052139
43.17475
0 -122.053739
43.17325
0 -122.054439
43.16995
0 -122.051639
43.16555
0 -122.053639
43.16245
0 -122.052939
43.15765
0 -122.055939
43.15605
0 -122.064138
43.153049
0 -122.065838
43.152849
0 -122.066338
43.149949
0 -122.066038
43.148049
0 -122.064638
43.146049
0 -122.063738
43.14295
0 -122.064638
43.13585
0 -122.068738
43.13065
0 -122.073038
43.128349
0 -122.074838
43.126749
0 -122.075138
43.123749
0 -122.076438
43.121349
0 -122.076438
43.119549
0 -122.077438
43.117449
0 -122.079838
43.115049
0 -122.081738
43.111849
0 -122.082738
43.107549
0 -122.080438
43.10405
0 -122.080438
43.10225
0 -122.081838
43.10035
0 -122.087238
43.09635
0 -122.088237
43.094649
0 -122.088437
43.091248
0 -122.090642
43.088742
0 -122.09204
43.08565
0 -122.092439
43.07865
0 -122.091839
43.07665
0 -122.088539
43.07325
0 -122.085439
43.07165
0 -122.080239
43.07075
0 -122.078039
43.06905
0 -122.075039
43.06845
0 -122.073339
43.06735
0 -122.183848
43.067369
0 -122.282245
43.067547
0 -122.282185
43.056065
0 -122.281856
42.996556
0 -122.282191
42.910756
0 -122.283327
42.91061
0 -122.283293
42.901863
0 -122.283717
42.707459
0 -122.285025
42.474718
0 -122.287935
42.474755
0 -122.287666
42.395346
0 -122.287665
42.392084
0 -122.287339
42.288836
0 -122.287316
42.202994
0 -122.287446
42.127168
0 -122.289726
42.127162
0 -122.290351
42.127092
0 