-86.077551
41.172868
0 -86.076312
41.114028
0 -86.075939
41.084878
0 -86.05667
41.085256
0 -86.018414
41.086118
0 -86.018594
41.049985
0 -86.018664
41.041878
0 -86.015986
41.042001
0 -86.012609
41.042206
0 -86.008501
41.042151
0 -86.003027
41.042502
0 -85.99082
41.042112
0 -85.984155
41.042171
0 -85.945561
41.042876
0 -85.927265
41.042574
0 -85.907475
41.042928
0 -85.872251
41.04305
0 -85.795814
41.043588
0 -85.700198
41.045685
0 -85.684181
41.046716
0 -85.685121
41.075677
0 -85.686033
41.11793
0 -85.68642
41.161248
0 -85.686574
41.178376
0 -85.683912
41.178343
0 -85.671731
41.178572
0 -85.652715
41.178489
0 -85.652068
41.207503
0 -85.651909
41.214128
0 -85.651196
41.265773
0 -85.651733
41.28759
0 -85.651928
41.294776
0 -85.653089
41.345593
0 -85.653227
41.351195
0 -85.653246
41.360786
0 -85.653323
41.365405
0 -85.653474
41.394714
0 -85.653576
41.416455
0 -85.653507
41.436856
0 -85.701675
41.43656
0 -85.745264
41.43607
0 -85.760127
41.43586
0 -85.760443
41.435826
0 -85.763133
41.43574
0 -85.768708
41.435745
0 -85.788535
41.435439
0 -85.842696
41.435021
0 -85.845929
41.435158
0 -85.851632
41.43494
0 -85.85593
41.43518
0 -85.885824
41.435641
0 -85.89855
41.43574
0 -85.905621
41.435569
0 -85.934428
41.435676
0 -85.96305
41.435532
0 -85.972403
41.435491
0 -85.972737
41.43549
0 -85.982087
41.435399
0 -85.991656
41.435413
0 -86.001434
41.43542
0 -86.011025
41.435507
0 -86.030287
41.435629
0 -86.05923
41.435812
0 -86.059017
41.435153
0 -86.05867
41.390087
0 -86.058555
41.37564
0 -86.058348
41.346682
0 -86.057501
41.314295
0 -86.056734
41.281635
0 -86.056701
41.280349
0 -86.056644
41.278009
0 -86.056574
41.27518
0 -86.056553
41.274342
0 -86.055954
41.250027
0 -86.055148
41.224891
0 -86.054663
41.202145
0 -86.054047
41.173147
0 -86.077551
41.172868
0 