-114.731222
33.304039
0 -114.731223
33.302434
0 -114.723259
33.288079
0 -114.72167
33.286982
0 -114.717875
33.285157
0 -114.711197
33.283342
0 -114.702873
33.281916
0 -114.694449
33.279786
0 -114.684363
33.276025
0 -114.680507
33.273577
0 -114.677032
33.27017
0 -114.672401
33.26047
0 -114.672088
33.258499
0 -114.674491
33.255597
0 -114.688205
33.247966
0 -114.689541
33.246428
0 -114.689421
33.24525
0 -114.682731
33.234918
0 -114.678097
33.2303
0 -114.674479
33.225504
0 -114.673626
33.223121
0 -114.673715
33.219245
0 -114.676072
33.210835
0 -114.678749
33.203448
0 -114.678178
33.199584
0 -114.67519
33.188179
0 -114.67536
33.185489
0 -114.675831
33.18152
0 -114.679034
33.174738
0 -114.680248
33.169717
0 -114.678729
33.162948
0 -114.679359
33.159519
0 -114.682253
33.155214
0 -114.684489
33.148121
0 -114.687074
33.142196
0 -114.689995
33.137883
0 -114.696829
33.131209
0 -114.703682
33.113769
0 -114.706175
33.105335
0 -114.707896
33.097432
0 -114.707819
33.091102
0 -114.706488
33.08816
0 -114.70473
33.087051
0 -114.701165
33.086368
0 -114.694628
33.086226
0 -114.692548
33.085786
0 -114.68902
33.084036
0 -114.688597
33.082869
0 -114.689307
33.079179
0 -114.68912
33.076122
0 -114.686991
33.070969
0 -114.674296
33.057171
0 -114.675104
33.047532
0 -114.673659
33.041897
0 -114.670803
33.037984
0 -114.66506
33.033908
0 -114.662317
33.032671
0 -114.659832
33.032665
0 -114.657827
33.033825
0 -114.655038
33.037107
0 -114.649001
33.046763
0 -114.64598
33.048903
0 -114.641622
33.046896
0 -114.639553
33.045291
0 -114.63419
33.039025
0 -114.628293
33.031052
0 -114.625787
33.029436
0 -114.618788
33.027202
0 -114.601014
33.02541
0 -114.589778
33.026228
0 -114.586982
33.026945
0 -114.584765
33.028231
0 -114.581404
33.032545
0 -114.578287
33.035375
0 -114.575161
33.036542
0 -114.571653
33.036624
0 -114.553189
33.033974
0 -114.538459
33.033422
0 -114.523578
33.030961
0 -114.52013
33.029984
0 -114.516483875599
33.0275718412186
0 -114.491454
33.027662
0 -114.473887
33.02751
0 -114.371131
33.027513
0 -114.370783
33.030012
0 -114.268748
33.029815
0 -114.269064
33.185235
0 -114.268183
33.289429
0 -114.267821
33.377656
0 -114.267815
33.463574
0 -114.250934
33.463574
0 -114.216979
33.463588
0 -114.153267
33.46359
0 -114.151592
33.463697
0 -114.07014
33.464649
0 -113.958042
33.464655
0 -113.958046
33.377639
0 -113.751478
33.377467
0 -113.74452
33.377499
0 -113.644702
33.377544
0 -113.434962
33.377367
0 -113.351045
33.377135
0 -113.33392
33.377425
0 -113.334379
33.485263
0 -113.333459
33.551952
0 -113.333313
33.56571
0 -113.333331
33.566289
0 -113.334001
33.625897
0 -113.333996
33.638638
0 -113.333952
33.749395
0 -113.334029
33.750032
0 -113.333753
33.999227
0 -113.333313
34.000027
0 -113.333627
34.122249
0 -113.333227
34.125024
0 -113.333265
34.150942
0 -113.333418
34.245683
0 -113.333742
34.250021
0 -113.333508
34.317877
0 -113.336376
34.317501
0 -113.340875
34.319034
0 -113.342696
34.319102
0 -113.343634
34.318461
0 -113.343908
34.315966
0 -113.341452
34.312967
0 -113.341479
34.312326
0 -113.346168
34.308227
0 -113.346829
34.3058
0 -113.348483
34.303075
0 -113.351858
34.299476
0 -113.359047
34.294996
0 -113.362441
34.294051
0 -113.367367
34.292246
0 -113.370507
34.291968
0 -113.37314
34.292718
0 -113.379168
34.293379
0 -113.380583
34.294102
0 -113.386537
34.29488
0 -113.388415
34.296035
0 -113.39496
34.299431
0 -113.398701
34.30024
0 -113.40145
34.299685
0 -113.40492
34.297319
0 -113.411066
34.294749
0 -113.412465
34.29447
0 -113.415797
34.295487
0 -113.417712
34.297537
0 -113.419638
34.298725
0 -113.426443
34.300515
0 -113.430421
34.300298
0 -113.433143
34.301514
0 -113.435158
34.301453
0 -113.436559
34.300667
0 -113.438693
34.300716
0 -113.442112
34.299648
0 -113.446497
34.299306
0 -113.452318
34.300003
0 -113.453818
34.300813
0 -113.45838
34.301506
0 -113.463021
34.302853
0 -113.465802
34.303911
0 -113.467283
34.303914
0 -113.470467
34.301932
0 -113.472375
34.30197
0 -113.473631
34.304364
0 -113.476027
34.305441
0 -113.478033
34.304304
0 -113.481131
34.303172
0 -113.483468
34.303302
0 -113.487785
34.305116
0 -113.489815
34.305198
0 -113.491466
34.304037
0 -113.494468
34.302891
0 -113.499758
34.30311
0 -113.503345
34.302963
0 -113.508021
34.304837
0 -113.510588
34.304445
0 -113.512332
34.305562
0 -113.51356
34.307324
0 -113.517078
34.310542
0 -113.519553
34.310556
0 -113.520667
34.308957
0 -113.524445
34.308934
0 -113.525854
34.310379
0 -113.526858
34.310579
0 -113.530971
34.310149
0 -113.534084
34.308367
0 -113.535228
34.308248
0 -113.539524
34.306377
0 -113.546862
34.297367
0 -113.546802
34.296468
0 -113.551238
34.28977
0 -113.552434
34.288406
0 -113.553679
34.285697
0 -113.555275
34.285381
0 -113.561601
34.28024
0 -113.56382
34.277493
0 -113.565883
34.275749
0 -113.568605
34.274701
0 -113.569292
34.27185
0 -113.568976
34.269999
0 -113.569728
34.268954
0 -113.573376
34.2675
0 -113.576138
34.264256
0 -113.582023
34.259804
0 -113.583301
34.257858
0 -113.585067
34.250042
0 -113.586731
34.243394
0 -113.589618
34.242073
0 -113.593753
34.23885
0 -113.597214
34.237187
0 -113.598176
34.236088
0 -113.599378
34.233344
0 -113.601387
34.232652
0 -113.603079
34.231049
0 -113.606093
34.229334
0 -113.60743
34.231656
0 -113.612189
34.231019
0 -113.612687
34.229671
0 -113.617626
34.227418
0 -113.619906
34.227473
0 -113.624258
34.228173
0 -113.626313
34.229174
0 -113.629275
34.22756
0 -113.634241
34.224025
0 -113.636027
34.224788
0 -113.639162
34.223136
0 -113.640314
34.227015
0 -113.641767
34.227593
0 -113.64409
34.226483
0 -113.644401
34.225445
0 -113.643435
34.223615
0 -113.645438
34.220796
0 -113.647037
34.222061
0 -113.648512
34.221963
0 -113.650364
34.220979
0 -113.654753
34.216687
0 -113.656865
34.216541
0 -113.658024
34.217567
0 -113.659182
34.217296
0 -113.660174
34.215556
0 -113.661855
34.214559
0 -113.663972
34.212057
0 -113.665119
34.213007
0 -113.668252
34.213535
0 -113.671998
34.212662
0 -113.674205
34.213221
0 -113.676056
34.212617
0 -113.677222
34.211048
0 -113.679286
34.209871
0 -113.680872
34.210144
0 -113.682776
34.209626
0 -113.689685
34.210747
0 -113.693276
34.210299
0 -113.695037
34.21082
0 -113.700394
34.209889
0 -113.704384
34.209939
0 -113.70603
34.211133
0 -113.705964
34.212515
0 -113.707358
34.215224
0 -113.714176
34.217683
0 -113.71494
34.221458
0 -113.717422
34.222271
0 -113.720499
34.222341
0 -113.722916
34.223249
0 -113.724405
34.226395
0 -113.724315
34.228444
0 -113.73074
34.240252
0 -113.734059
34.241224
0 -113.736698
34.240605
0 -113.743852
34.24012
0 -113.747927
34.238414
0 -113.751459
34.238175
0 -113.753545
34.23746
0 -113.757842
34.236692
0 -113.763993
34.233407
0 -113.769056
34.232581
0 -113.77417
34.22905
0 -113.77719
34.228872
0 -113.781173
34.229224
0 -113.786317
34.232359
0 -113.78932
34.23318
0 -113.791006
34.234764
0 -113.794609
34.236736
0 -113.79789
34.235596
0 -113.80117
34.236227
0 -113.803289
34.235732
0 -113.807703
34.23312
0 -113.813194
34.232565
0 -113.815688
34.235386
0 -113.816322
34.235326
0 -113.8176
34.234782
0 -113.819583
34.232307
0 -113.819799
34.228822
0 -113.820314
34.228131
0 -113.825224
34.225443
0 -113.831802
34.22402
0 -113.833546
34.223178
0 -113.838078
34.223871
0 -113.838959
34.224791
0 -113.841462
34.229702
0 -113.842613
34.233249
0 -113.8443
34.236556
0 -113.84751
34.239795
0 -113.849664
34.242537
0 -113.849953
34.246532
0 -113.851708
34.251265
0 -113.852919
34.251986
0 -113.857702
34.253418
0 -113.860935
34.2534
0 -113.871046
34.25504
0 -113.876715
34.25427
0 -113.879437
34.252492
0 -113.887456
34.250811
0 -113.892868
34.249345
0 -113.895715
34.248824
0 -113.905472
34.248353
0 -113.917292
34.249193
0 -113.929104
34.249359
0 -113.931249
34.250016
0 -113.939566
34.254856
0 -113.949564
34.257075
0 -113.956518
34.257452
0 -113.963349
34.258135
0 -113.978815
34.25742
0 -113.982917
34.256251
0 -113.983199
34.255578
0 -113.985669
34.255607
0 -113.990125
34.254468
0 -113.99649
34.254933
0 -113.997512
34.254406
0 -113.999751
34.254968
0 -114.001449
34.254023
0 -114.005787
34.253739
0 -114.009641
34.254989
0 -114.012384
34.256962
0 -114.014242
34.260034
0 -114.017691
34.263137
0 -114.019044
34.266122
0 -114.02094
34.266251
0 -114.022533
34.267652
0 -114.024468
34.268177
0 -114.025298
34.267989
0 -114.027499
34.262698
0 -114.03139
34.25969
0 -114.034982
34.259749
0 -114.036543
34.260373
0 -114.03761
34.263925
0 -114.039436
34.264787
0 -114.043088
34.267606
0 -114.046884
34.269974
0 -114.047374
34.273558
0 -114.050152
34.274591
0 -114.052441
34.277887
0 -114.056672
34.278787
0 -114.058251
34.279827
0 -114.05964
34.282139
0 -114.063154
34.283924
0 -114.065721
34.287528
0 -114.069249
34.290483
0 -114.073471
34.291872
0 -114.07541
34.292899
0 -114.079725
34.292114
0 -114.082095
34.293768
0 -114.083269
34.295349
0 -114.085281
34.296531
0 -114.087442
34.298559
0 -114.093705
34.300063
0 -114.098241
34.300639
0 -114.105915
34.296636
0 -114.108603
34.295559
0 -114.111588
34.295047
0 -114.114429
34.295397
0 -114.118795
34.298069
0 -114.12578
34.301431
0 -114.128388
34.304103
0 -114.131459
34.303673
0 -114.136748
34.304323
0 -114.138282
34.30323
0 -114.138167
34.300936
0 -114.139534
34.295844
0 -114.139019253886
34.2926383954569
0 -114.138365
34.288564
0 -114.137370051868
34.285241346
0 -114.13605
34.280833
0 -114.137045
34.277018
0 -114.136671
34.274377
0 -114.134768
34.268965
0 -114.131211
34.26273
0 -114.131489
34.260387
0 -114.133264
34.258462
0 -114.13545
34.257886
0 -114.144779
34.259623
0 -114.147159
34.259564
0 -114.153346
34.258289
0 -114.156853
34.258415
0 -114.159697
34.258242
0 -114.161826
34.257038
0 -114.163122
34.255187
0 -114.163867
34.253349
0 -114.164476
34.251667
0 -114.166536
34.249647
0 -114.170663115599
34.2481291894479
0 -114.173119
34.247226
0 -114.174322
34.245468
0 -114.175948
34.242695
0 -114.176403
34.241512
0 -114.17805
34.239969
0 -114.178270340931
34.2398124799452
0 -114.190876
34.230858
0 -114.208253
34.215505
0 -114.211761
34.211539
0 -114.215454
34.208956
0 -114.223384
34.205136
0 -114.225194
34.203642
0 -114.225861
34.201774
0 -114.224941
34.193896
0 -114.227034
34.188866
0 -114.229023580323
34.1874278028101
0 -114.229715
34.186928
0 -114.240712
34.183232
0 -114.244191
34.179625
0 -114.254141
34.173831
0 -114.268267
34.17021
0 -114.275267
34.17215
0 -114.287294
34.170529
0 -114.292806
34.166725
0 -114.299024281793
34.1596896872648
0 -114.299032171974
34.1596807603788
0 -114.301499949983
34.1568887366925
0 -114.302188
34.1561102825773
0 -114.312206
34.144776
0 -114.319022447904
34.1398921117051
0 -114.320777
34.138635
0 -114.324576
34.136759
0 -114.331677818516
34.1350820449343
0 -114.336112
34.134035
0 -114.348052
34.134458
0 -114.353031
34.133121
0 -114.356373
34.130429
0 -114.360402
34.123577
0 -114.366521
34.118575
0 -114.369297
34.117517
0 -114.379234
34.115988
0 -114.390565
34.110084
0 -114.401352
34.111652
0 -114.405941
34.11154
0 -114.410112035844
34.1104434681031
0 -114.411681
34.110031
0 -114.415908
34.107636
0 -114.420499
34.103466
0 -114.426168
34.097042
0 -114.428026
34.092787
0 -114.43338
34.088413
0 -114.434181
34.087379
0 -114.434324512726
34.086499064597
0 -114.435429
34.079727
0 -114.437683
34.071937
0 -114.43934
34.057893
0 -114.439406
34.05381
0 -114.438602
34.050205
0 -114.435504
34.042615
0 -114.434949
34.037784
0 -114.436171
34.028083
0 -114.438266
34.022609
0 -114.44054
34.019329
0 -114.443821
34.016176
0 -114.450206
34.012574
0 -114.454807
34.010968
0 -114.463336
34.012259
0 -114.464525
34.011982
0 -114.465867
34.010987
0 -114.467404
34.00745
0 -114.46731
34.00519
0 -114.46628
34.003885
0 -114.460965
34.001255
0 -114.459184
34.000016
0 -114.458175286551
33.9981031029935
0 -114.458026
33.99782
0 -114.458629
33.995555
0 -114.46012
33.993888
0 -114.462255
33.993442
0 -114.466187
33.993465
0 -114.467932
33.992877
0 -114.471138
33.98804
0 -114.475907
33.984424
0 -114.481455
33.981261
0 -114.482333
33.980181
0 -114.483097
33.977745
0 -114.484784
33.975519
0 -114.495047
33.966835
0 -114.499883
33.961789
0 -114.509568
33.957264
0 -114.511231
33.95704
0 -114.51586
33.958106
0 -114.522002
33.955623
0 -114.52868
33.947817
0 -114.535478
33.934651
0 -114.534987
33.928499
0 -114.534788328604
33.9281303643125
0 -114.533679
33.926072
0 -114.533322737832
33.9259106254859
0 -114.528385
33.923674
0 -114.525361
33.922272
0 -114.518434
33.917518
0 -114.511511
33.911092
0 -114.508558
33.906098
0 -114.50792
33.903807
0 -114.507988
33.901813
0 -114.508708
33.90064
0 -114.510944
33.899099
0 -114.513715
33.897959
0 -114.516344
33.897918
0 -114.522943
33.901131
0 -114.525053
33.901641
0 -114.525872
33.901008
0 -114.524782
33.89563
0 -114.523634
33.893638
0 -114.516112
33.886132
0 -114.510138
33.880777
0 -114.50434
33.876882
0 -114.503395
33.875018
0 -114.503017
33.867998
0 -114.503887
33.865754
0 -114.505638
33.864276
0 -114.514673
33.858638
0 -114.516811
33.85812
0 -114.52453
33.858477
0 -114.526771
33.857357
0 -114.527858349119
33.8557855216308
0 -114.528451
33.854929
0 -114.528597658544
33.8544306121865
0 -114.529385
33.851755
0 -114.529597
33.848063
0 -114.525539
33.838614
0 -114.523409
33.835323
0 -114.520465
33.827778
0 -114.51997
33.825381
0 -114.520733
33.822031
0 -114.522714
33.818979
0 -114.527161
33.816191
0 -114.52805
33.814963
0 -114.520094
33.799473
0 -114.516734
33.788345
0 -114.507089
33.76793
0 -114.504863
33.760465
0 -114.504829854199
33.760206171218
0 -114.50434
33.756381
0 -114.504483
33.750998
0 -114.506
33.746344
0 -114.508206
33.741587
0 -114.51191405481
33.7349864475822
0 -114.512348
33.734214
0 -114.510265
33.732146
0 -114.506799
33.730518
0 -114.504176
33.728055
0 -114.502661
33.724584
0 -114.500788
33.722204
0 -114.496565
33.719155
0 -114.494901
33.71443
0 -114.494197
33.707922
0 -114.495719
33.698454
0 -114.496489
33.696901
0 -114.504993
33.693022
0 -114.509861047367
33.6918798206016
0 -114.512409
33.691282
0 -114.519113
33.688473
0 -114.523959
33.685879
0 -114.527782
33.682684
0 -114.530348
33.679245
0 -114.531037898227
33.6768159710942
0 -114.531523
33.675108
0 -114.532123
33.669702
0 -114.530267
33.666821
0 -114.526439
33.66388
0 -114.520671
33.662681
0 -114.517112
33.662877
0 -114.515336
33.662033
0 -114.514057
33.660179
0 -114.514559
33.658014
0 -114.518337
33.655927
0 -114.525163
33.655939
0 -114.530583
33.654461
0 -114.533194
33.65166
0 -114.533215
33.648443
0 -114.529549
33.643861
0 -114.528633551665
33.6431577241674
0 -114.525394
33.640669
0 -114.524908546484
33.6388488542466
0 -114.523802
33.6347
0 -114.52637
33.630259
0 -114.530311
33.629037
0 -114.531085
33.627915
0 -114.531215
33.623913
0 -114.52908
33.621711
0 -114.527735
33.618473
0 -114.522367
33.614172
0 -114.522071
33.611277
0 -114.526782
33.608831
0 -114.527888345987
33.6078272809498
0 -114.529186
33.60665
0 -114.530613187818
33.6047474990833
0 -114.5307473056
33.6045687144843
0 -114.532699779218
33.6019659856777
0 -114.540617
33.591412
0 -114.5403
33.580615
0 -114.535965
33.569154
0 -114.535664
33.568788
0 -114.526834
33.557466
0 -114.524391
33.553683
0 -114.524599
33.552231
0 -114.542011
33.542481
0 -114.558898
33.531819
0 -114.559507
33.530724
0 -114.560835
33.524334
0 -114.560552
33.518272
0 -114.560963
33.516739
0 -114.569533
33.509219
0 -114.573757
33.507543
0 -114.580468
33.506465
0 -114.588239
33.502453
0 -114.591554
33.499443
0 -114.597283
33.490653
0 -114.598758574829
33.4868043607967
0 -114.599713
33.484315
0 -114.601696
33.481394
0 -114.607843
33.474834
0 -114.612472
33.470768
0 -114.622918
33.456561
0 -114.623395
33.45449
0 -114.622283
33.447558
0 -114.627125
33.433554
0 -114.62964
33.428138
0 -114.635183
33.422726
0 -114.64101197929
33.4184319828631
0 -114.643302
33.416745
0 -114.64954
33.413633
0 -114.652828
33.412922
0 -114.658382
33.413036
0 -114.673901
33.418299
0 -114.687953
33.417944
0 -114.695655
33.415127
0 -114.696504
33.414059
0 -114.696805
33.412087
0 -114.697707
33.410942
0 -114.701732
33.408388
0 -114.710878
33.407254
0 -114.720065
33.407891
0 -114.723829
33.406531
0 -114.725282
33.405048
0 -114.725535
33.404056
0 -114.725292
33.402342
0 -114.722872
33.398779
0 -114.713602
33.388257
0 -114.708408
33.384147
0 -114.70731
33.382542
0 -114.707009
33.380634
0 -114.707348
33.376628
0 -114.699053
33.361148
0 -114.69817
33.356575
0 -114.698035
33.352442
0 -114.700938
33.337014
0 -114.705241
33.327767
0 -114.707962
33.323421
0 -114.710792
33.320607
0 -114.723623
33.31211
0 -114.729904
33.305745
0 -114.731222
33.304039
0 