-95.522651
37.063507
0 -95.522707
37.062593
0 -95.5224149880945
36.9992810582678
0 -95.511578
36.999235
0 -95.407683
36.999241
0 -95.4075719506927
36.9992412018471
0 -95.3772578842198
36.9992963017548
0 -95.33121
36.99938
0 -95.328327
36.999366
0 -95.328058
36.999365
0 -95.322565
36.999358
0 -95.2860798086243
36.999417347425
0 -95.267875873056
36.9994469582523
0 -95.195307
36.999565
0 -95.177301
36.99952
0 -95.1589689477582
36.9995367194603
0 -95.155372
36.99954
0 -95.155187
36.999539
0 -95.1404610155766
36.9995335912053
0 -95.1221400136406
36.9995268619752
0 -95.073509
36.999509
0 -95.0735038728895
36.9995090151614
0 -95.073609
37.034126
0 -95.073611
37.034494
0 -95.07362
37.035917
0 -95.073677
37.047975
0 -95.073948
37.105856
0 -95.074159
37.12051
0 -95.074277
37.135033
0 -95.074151
37.146042
0 -95.074172
37.204993
0 -95.073899
37.206076
0 -95.074168
37.208273
0 -95.074199
37.222734
0 -95.074208
37.230215
0 -95.074216
37.237506
0 -95.074221
37.242155
0 -95.07449
37.244913
0 -95.075324
37.266774
0 -95.075246
37.296012
0 -95.075166
37.339937
0 -95.075112
37.369202
0 -95.074972
37.383823
0 -95.088189
37.383837
0 -95.124095
37.384125
0 -95.125248
37.38426
0 -95.157879
37.384327
0 -95.176352
37.38427
0 -95.17892
37.384293
0 -95.233703
37.384132
0 -95.266848
37.38402
0 -95.28522
37.384132
0 -95.295455
37.38412
0 -95.30655
37.384052
0 -95.339907
37.384077
0 -95.376077
37.384011
0 -95.379277
37.38402
0 -95.498388
37.384008
0 -95.52113
37.38399
0 -95.519568
37.339584
0 -95.519437
37.324861
0 -95.519366
37.30993
0 -95.517976
37.266376
0 -95.517975
37.266314
0 -95.51798
37.259019
0 -95.518017
37.251718
0 -95.518343
37.244349
0 -95.518631
37.236933
0 -95.519121
37.229178
0 -95.52005
37.21189
0 -95.520048
37.207066
0 -95.521414
37.193749
0 -95.521251
37.162723
0 -95.521981
37.150354
0 -95.521763
37.128489
0 -95.521691
37.12029
0 -95.521858
37.077086
0 -95.522651
37.063507
0 