-75.834695
41.427246
0 -75.833559
41.425854
0 -75.833223
41.42523
0 -75.831223
41.417806
0 -75.831079
41.415459
0 -75.831794
41.408659
0 -75.832631
41.399934
0 -75.831735
41.397294
0 -75.830135
41.394414
0 -75.828999
41.393198
0 -75.826803
41.391703
0 -75.820247
41.387822
0 -75.816832
41.386707
0 -75.80655
41.385183
0 -75.80127
41.383519
0 -75.797686
41.381535
0 -75.795286
41.378127
0 -75.780943
41.371414
0 -75.76786
41.365841
0 -75.760518
41.360942
0 -75.76043
41.360859
0 -75.753841
41.356546
0 -75.753402
41.35624
0 -75.742043
41.348684
0 -75.741539
41.348179
0 -75.729378
41.346255
0 -75.727567
41.346021
0 -75.726684
41.345924
0 -75.723859
41.3454
0 -75.687244
41.339216
0 -75.687457
41.33763
0 -75.68759
41.328394
0 -75.687757
41.317538
0 -75.694304
41.317335
0 -75.694055
41.303815
0 -75.690378
41.303924
0 -75.689492
41.287845
0 -75.679356
41.288179
0 -75.677753
41.264491
0 -75.661421
41.261041
0 -75.652922
41.258314
0 -75.650242
41.210198
0 -75.648725
41.190961
0 -75.648533
41.187244
0 -75.646779
41.187171
0 -75.645328
41.183772
0 -75.643751
41.182228
0 -75.64448
41.179714
0 -75.644075
41.177067
0 -75.643058
41.176007
0 -75.639497
41.176214
0 -75.636694
41.172051
0 -75.63453
41.17038
0 -75.630912
41.169385
0 -75.626159
41.169921
0 -75.624137
41.169698
0 -75.622896
41.170869
0 -75.619342
41.170838
0 -75.616567
41.172618
0 -75.615492
41.172328
0 -75.613854
41.169078
0 -75.615198
41.168286
0 -75.613649
41.1672
0 -75.611707
41.164104
0 -75.608967
41.164237
0 -75.604862
41.163694
0 -75.602615
41.161632
0 -75.600736
41.161497
0 -75.600293
41.161927
0 -75.598634
41.163062
0 -75.598338
41.163288
0 -75.597265
41.163204
0 -75.596335
41.165821
0 -75.597905
41.168065
0 -75.597746
41.170272
0 -75.598536
41.171935
0 -75.593764
41.171779
0 -75.587812
41.172666
0 -75.582724
41.176745
0 -75.577485
41.177537
0 -75.576653
41.177857
0 -75.575547
41.18088
0 -75.57621
41.181777
0 -75.576371
41.186551
0 -75.574128
41.189084
0 -75.570211
41.19113
0 -75.570581
41.192615
0 -75.569157
41.193342
0 -75.570901
41.195045
0 -75.569666
41.197123
0 -75.56974
41.198744
0 -75.566945
41.199614
0 -75.563404
41.203865
0 -75.562641
41.205355
0 -75.560074
41.205052
0 -75.558862
41.206857
0 -75.554723
41.20765
0 -75.555158
41.208994
0 -75.554017
41.21168
0 -75.552367
41.212442
0 -75.551153
41.214991
0 -75.549144
41.2174
0 -75.544409
41.221837
0 -75.544063
41.223328
0 -75.539846
41.225461
0 -75.53507
41.225033
0 -75.532449
41.225316
0 -75.529356
41.226591
0 -75.526598
41.224892
0 -75.525584
41.223017
0 -75.521671
41.22197
0 -75.51713
41.219233
0 -75.51461
41.222097
0 -75.512414
41.223194
0 -75.510758
41.225145
0 -75.509252
41.227989
0 -75.509365
41.229666
0 -75.508584
41.232661
0 -75.505607
41.232539
0 -75.505216
41.233514
0 -75.5049
41.234439
0 -75.50221
41.23647
0 -75.500707
41.236575
0 -75.500589
41.236655
0 -75.498804
41.240009
0 -75.496057
41.242948
0 -75.492959
41.243307
0 -75.491205
41.241872
0 -75.485059
41.242648
0 -75.48408
41.244635
0 -75.484477
41.245974
0 -75.481815
41.246744
0 -75.479378
41.246245
0 -75.477428
41.247114
0 -75.4767
41.245077
0 -75.473578
41.244567
0 -75.470849
41.243267
0 -75.469177
41.244025
0 -75.468167
41.247518
0 -75.463021
41.246836
0 -75.461085
41.247268
0 -75.458785
41.251416
0 -75.456685
41.253938
0 -75.454462
41.254496
0 -75.453507
41.252396
0 -75.451078
41.252441
0 -75.450786
41.253456
0 -75.445234
41.254533
0 -75.442964
41.257021
0 -75.440389
41.25813
0 -75.441168
41.258887
0 -75.441485
41.261893
0 -75.441846
41.26947
0 -75.443594
41.303732
0 -75.445895
41.342949
0 -75.445791
41.344471
0 -75.446084
41.346597
0 -75.447001
41.363169
0 -75.448179
41.387685
0 -75.449148
41.409284
0 -75.450037
41.425611
0 -75.452328
41.470543
0 -75.452267
41.476019
0 -75.452514
41.479107
0 -75.453034
41.486746
0 -75.456383
41.533638
0 -75.457297
41.546471
0 -75.459349
41.588065
0 -75.459762
41.595044
0 -75.46106
41.616407
0 -75.461195
41.618963
0 -75.461343
41.6198
0 -75.461611
41.621267
0 -75.462411
41.641587
0 -75.469259
41.64141
0 -75.474901
41.641696
0 -75.479291
41.641628
0 -75.531276
41.641659
0 -75.597634
41.641904
0 -75.618959
41.642064
0 -75.622271
41.641935
0 -75.632976
41.642015
0 -75.652187
41.642196
0 -75.653875
41.642193
0 -75.719887
41.642263
0 -75.720751
41.640368
0 -75.720478
41.638928
0 -75.718674
41.637846
0 -75.718637
41.636602
0 -75.719009
41.635757
0 -75.721493
41.63457
0 -75.723014
41.634562
0 -75.729174
41.635791
0 -75.744157
41.614948
0 -75.749835
41.60709
0 -75.766086
41.585565
0 -75.774471
41.574187
0 -75.770224
41.569031
0 -75.769564
41.56823
0 -75.775718
41.559725
0 -75.779413
41.555132
0 -75.785146
41.547383
0 -75.789717
41.541278
0 -75.802502
41.523578
0 -75.783926
41.512796
0 -75.772134
41.505869
0 -75.773721
41.50383
0 -75.801822
41.468118
0 -75.834695
41.427246
0 