-156.489788
57.011467
0 -156.490026
57.009526
0 -156.486223
57.006679
0 -156.483371
57.006031
0 -156.478617
57.005902
0 -156.476241
57.005773
0 -156.472675
57.003313
0 -156.4722
57.001372
0 -156.470774
56.998783
0 -156.467446
57.000207
0 -156.464832
57.000336
0 -156.463881
57.002666
0 -156.46507
57.004478
0 -156.464357
57.005773
0 -156.466971
57.008232
0 -156.46911
57.010949
0 -156.474339
57.011596
0 -156.480043
57.011338
0 -156.482896
57.013279
0 -156.487174
57.014443
0 -156.489075
57.013926
0 -156.489788
57.011467
0 