-95.34273
48.713028
0 -95.342347
48.636723
0 -95.342641
48.636129
0 -95.342596
48.626865
0 -95.342505
48.609018
0 -95.342526
48.605647
0 -95.34254
48.540211
0 -95.286594
48.539922
0 -95.221328
48.540001
0 -95.211966
48.539961
0 -95.211879
48.536314
0 -95.211852
48.535214
0 -95.211793
48.532701
0 -95.211621
48.524307
0 -95.211149
48.459844
0 -95.211139
48.45565
0 -95.211133
48.45267
0 -95.211135
48.452059
0 -95.211336
48.442059
0 -95.211476
48.435091
0 -95.211855
48.423383
0 -95.211103
48.408863
0 -95.210953
48.365971
0 -95.206695
48.365989
0 -95.145406
48.366171
0 -95.134542
48.366171
0 -95.131484
48.366171
0 -95.115178
48.366195
0 -95.101909
48.366228
0 -95.09863
48.366255
0 -95.096765
48.366255
0 -95.060885
48.366402
0 -95.055446
48.366422
0 -95.039154
48.366481
0 -95.02816
48.366521
0 -94.950103
48.366686
0 -94.819898
48.366808
0 -94.818284
48.366896
0 -94.715365
48.367002
0 -94.709804
48.367021
0 -94.689723
48.367088
0 -94.55944
48.367326
0 -94.428702
48.367333
0 -94.429175
48.389148
0 -94.429256
48.396342
0 -94.429436
48.417995
0 -94.429352
48.42533
0 -94.429167
48.443484
0 -94.429147
48.449792
0 -94.429392
48.454224
0 -94.429858
48.476218
0 -94.429881
48.479748
0 -94.43014
48.494126
0 -94.430167
48.497671
0 -94.430158
48.504676
0 -94.43021
48.526352
0 -94.430139
48.533737
0 -94.430074
48.540601
0 -94.429007
48.591505
0 -94.429007
48.595132
0 -94.429039
48.60661
0 -94.429577
48.60797
0 -94.429566
48.628429
0 -94.430302595501
48.7009500088477
0 -94.438701
48.694889
0 -94.446604
48.6929
0 -94.452332
48.692444
0 -94.456751
48.693188
0 -94.464481
48.695503
0 -94.472938
48.696849
0 -94.486286
48.697868
0 -94.499615
48.697956
0 -94.502657
48.698603
0 -94.508862
48.700362
0 -94.517332
48.700679
0 -94.5246
48.701556
0 -94.533323
48.701232
0 -94.538589
48.702641
0 -94.545514
48.712185
0 -94.549069
48.714653
0 -94.5506830286745
48.7150237065563
0 -94.555835
48.716207
0 -94.568368
48.715522
0 -94.589591
48.717885
0 -94.592099
48.71912
0 -94.595855
48.724222
0 -94.601384
48.728356
0 -94.6104715084307
48.7318669248847
0 -94.610539
48.731893
0 -94.61901
48.737374
0 -94.6299317838343
48.7392796135073
0 -94.641242
48.741253
0 -94.645387
48.744079
0 -94.645344
48.749029
0 -94.647937
48.751245
0 -94.651973
48.755858
0 -94.660063
48.760288
0 -94.66711
48.766115
0 -94.672812
48.769315
0 -94.687042
48.775009
0 -94.690863
48.778047
0 -94.690889
48.778066
0 -94.694347
48.782184
0 -94.694312
48.789352
0 -94.6948487988505
48.792715143249
0 -94.6948610400913
48.792791836868
0 -94.6959008928292
48.7993067049837
0 -94.695975
48.799771
0 -94.6958122120289
48.8013053701368
0 -94.694974
48.809206
0 -94.704284
48.824284
0 -94.701968
48.831778
0 -94.697055
48.835731
0 -94.6905377122222
48.8382453185132
0 -94.685681
48.840119
0 -94.693044
48.853392
0 -94.690246
48.863363
0 -94.690302
48.863711
0 -94.692527
48.86895
0 -94.684217
48.872399
0 -94.684347
48.883958
0 -94.718932
48.999991
0 -94.750218
48.999992
0 -94.750278
49.099273
0 -94.773223
49.120733
0 -94.774228
49.124994
0 -94.798083
49.197871
0 -94.797244
49.214284
0 -94.825555
49.294389
0 -94.824291
49.308834
0 -94.816222
49.320987
0 -94.836876
49.324068
0 -94.854245
49.324154
0 -94.878454
49.333193
0 -94.907036
49.348508
0 -94.909273
49.350176
0 -94.952111
49.368679
0 -94.957465
49.370186
0 -94.974286
49.367738
0 -94.988908
49.368897
0 -95.014415
49.356405
0 -95.049382
49.353056
0 -95.058404
49.35317
0 -95.0590326546718
49.3533290354981
0 -95.089806
49.361114
0 -95.0928014302368
49.3616757007207
0 -95.102818
49.363554
0 -95.103147
49.36506
0 -95.109535
49.366315
0 -95.115866
49.366518
0 -95.126467
49.369439
0 -95.135851
49.37486
0 -95.139921
49.376239
0 -95.141808
49.378301
0 -95.145306
49.37828
0 -95.146774
49.380265
0 -95.149747
49.380565
0 -95.150235
49.382964
0 -95.153314
49.384358
0 -95.15335
49.383079
0 -95.153293
49.369107
0 -95.153259
49.367691
0 -95.15333
49.365886
0 -95.153407
49.354397
0 -95.1533524500884
49.3451018682482
0 -95.153344
49.343662
0 -95.153284
49.343409
0 -95.15333
49.309287
0 -95.153331
49.308442
0 -95.153319
49.30772
0 -95.153333
49.305655
0 -95.153424
49.249995
0 -95.1533235325374
49.1931085754327
0 -95.153309
49.18488
0 -95.1533184029637
49.1805299129648
0 -95.153323634755
49.1781095327447
0 -95.153711
48.998903
0 -95.3198947077696
48.9987694520681
0 -95.320704
48.997582
0 -95.317738
48.996183
0 -95.319865
48.993064
0 -95.321682
48.98932
0 -95.321615
48.990564
0 -95.324024
48.986522
0 -95.3239
48.985098
0 -95.326758
48.982076
0 -95.326952
48.976927
0 -95.325514
48.969857
0 -95.323625
48.96775
0 -95.320994
48.966
0 -95.319746
48.963603
0 -95.319998
48.961381
0 -95.321172
48.959873
0 -95.32063
48.958232
0 -95.317558
48.955116
0 -95.318182
48.953038
0 -95.317731
48.952444
0 -95.313267
48.95088
0 -95.309718
48.951045
0 -95.305919
48.949602
0 -95.304954
48.948348
0 -95.30475
48.946028
0 -95.305855
48.945429
0 -95.307378
48.947217
0 -95.3112
48.948924
0 -95.311344
48.947858
0 -95.308668
48.94758
0 -95.307134
48.946563
0 -95.315366
48.945953
0 -95.319103
48.943017
0 -95.321386
48.941983
0 -95.322894
48.940199
0 -95.322767
48.935435
0 -95.321277
48.933763
0 -95.318741
48.9283
0 -95.316521
48.927477
0 -95.315997
48.924359
0 -95.313735
48.923443
0 -95.313636
48.921699
0 -95.311481
48.919673
0 -95.310801
48.917948
0 -95.30553
48.914096
0 -95.303209
48.91297
0 -95.301249
48.910653
0 -95.297399
48.909198
0 -95.296844
48.908291
0 -95.297052
48.907908
0 -95.30104
48.904216
0 -95.297663
48.902579
0 -95.294961
48.902784
0 -95.291427
48.901824
0 -95.29115
48.900522
0 -95.289626
48.899974
0 -95.287999
48.897804
0 -95.283981
48.89746
0 -95.27733
48.895608
0 -95.274939
48.895585
0 -95.27456
48.893049
0 -95.271305
48.891426
0 -95.268085
48.890488
0 -95.26469
48.888459
0 -95.262752
48.887654
0 -95.258567
48.88666
0 -95.254859
48.884474
0 -95.248598
48.883181
0 -95.247272
48.883445
0 -95.243965
48.882295
0 -95.235606
48.88145
0 -95.226495
48.881681
0 -95.220704
48.883166
0 -95.217097
48.883449
0 -95.211213
48.884714
0 -95.205902
48.884718
0 -95.20052
48.885555
0 -95.198616
48.885476
0 -95.186356
48.887632
0 -95.181903
48.888722
0 -95.173032
48.889679
0 -95.161882
48.891981
0 -95.157965
48.891821
0 -95.148381
48.892264
0 -95.143648
48.893683
0 -95.138145
48.894833
0 -95.12284
48.900506
0 -95.116365
48.903639
0 -95.114495
48.905193
0 -95.113735
48.906815
0 -95.110791
48.908142
0 -95.102062
48.91317
0 -95.097524
48.916347
0 -95.09704
48.917581
0 -95.091464
48.920618
0 -95.091251
48.915824
0 -95.091088
48.886895
0 -95.090362
48.814485
0 -95.090321
48.800006
0 -95.090323
48.799831
0 -95.090334
48.799092
0 -95.090448
48.79625
0 -95.09039
48.75687
0 -95.089787
48.749872
0 -95.08982
48.742225
0 -95.089894
48.720314
0 -95.089863
48.713062
0 -95.095427
48.712999
0 -95.164401
48.712946
0 -95.169923
48.712957
0 -95.191781
48.712997
0 -95.202752
48.713017
0 -95.20819
48.713027
0 -95.211457
48.713033
0 -95.238797
48.713065
0 -95.244179
48.713072
0 -95.271619
48.713069
0 -95.277063
48.713046
0 -95.34273
48.713028
0 