-86.041988
44.167091
0 -86.042218
44.165159
0 -86.041936
44.14841
0 -86.040701
44.110224
0 -86.04087
44.105967
0 -86.040501
44.091162
0 -86.040207
44.077101
0 -86.039947
44.063408
0 -86.039385
44.054627
0 -86.039284
44.047345
0 -86.039606
44.043905
0 -86.039764
44.032909
0 -86.040054
44.007108
0 -86.04048
44.000008
0 -86.040106
43.989671
0 -86.039931
43.974604
0 -86.039566
43.951677
0 -86.039464
43.946096
0 -86.039241
43.93795
0 -86.038716
43.902548
0 -86.038715
43.902376
0 -86.038374
43.835841
0 -86.038303
43.833701
0 -86.038704
43.823669
0 -86.038948
43.818977
0 -86.037884
43.815611
0 -85.998133
43.815109
0 -85.918819
43.814636
0 -85.850195
43.814099
0 -85.801354
43.814234
0 -85.801054
43.814295
0 -85.800327
43.814231
0 -85.713499
43.815572
0 -85.681516
43.81553
0 -85.60408
43.81564
0 -85.602679
43.815509
0 -85.564079
43.815486
0 -85.562439
43.815634
0 -85.562507
43.84442
0 -85.562319
43.901901
0 -85.562328
43.916366
0 -85.562593
43.959485
0 -85.562581
43.962052
0 -85.562596
43.962734
0 -85.562561
43.965418
0 -85.562662
43.973917
0 -85.562744
43.988348
0 -85.562832
44.002924
0 -85.563239
44.052852
0 -85.563041
44.053397
0 -85.563537
44.074656
0 -85.564041
44.117492
0 -85.564726
44.123736
0 -85.565105
44.131379
0 -85.564425
44.133127
0 -85.564357
44.142444
0 -85.564526
44.143491
0 -85.564554
44.164893
0 -85.564754
44.164892
0 -85.577122
44.164875
0 -85.683782
44.16459
0 -85.698892
44.164555
0 -85.704049
44.164445
0 -85.7045
44.164624
0 -85.725035
44.164481
0 -85.74859
44.164411
0 -85.750062
44.164854
0 -85.763567
44.164704
0 -85.763853
44.164727
0 -85.799961
44.164511
0 -85.803849
44.164481
0 -85.820419
44.164305
0 -85.821186
44.164197
0 -85.92132
44.164766
0 -85.940375
44.164934
0 -85.946492
44.165158
0 -86.016456
44.167019
0 -86.041988
44.167091
0 