-89.425964
45.154729
0 -89.425985
45.149455
0 -89.425801
45.148071
0 -89.425971
45.119098
0 -89.3453
45.118677
0 -89.224214
45.118567
0 -89.224284
45.111695
0 -89.223814
45.029246
0 -89.122246
45.029477
0 -89.110678
45.029501
0 -89.108974
45.029604
0 -89.102069
45.029499
0 -89.022304
45.029449
0 -89.012117
45.029129
0 -89.000109
45.029249
0 -88.98168
45.028917
0 -88.98246
45.117998
0 -88.977086
45.11773
0 -88.971283
45.11807
0 -88.930723
45.117811
0 -88.821942
45.117687
0 -88.806791
45.117675
0 -88.641159
45.117346
0 -88.64032
45.128142
0 -88.638493
45.19328
0 -88.638174
45.204815
0 -88.680066
45.204994
0 -88.679244
45.27687
0 -88.679218
45.280582
0 -88.677826
45.378682
0 -88.802286
45.378212
0 -88.802565
45.378211
0 -88.821957
45.378279
0 -88.926025
45.378637
0 -88.926101
45.38169
0 -88.926131
45.386094
0 -88.926555
45.392566
0 -88.925247
45.406564
0 -88.923242
45.452282
0 -88.923062
45.465137
0 -88.969682
45.465092
0 -88.987675
45.465065
0 -89.026414
45.464362
0 -89.046315
45.464762
0 -89.067666
45.465552
0 -89.098333
45.466405
0 -89.125117
45.467361
0 -89.174076
45.468157
0 -89.180082
45.468336
0 -89.1952
45.468369
0 -89.216008
45.467931
0 -89.228679
45.468493
0 -89.241044
45.468558
0 -89.25012
45.468985
0 -89.301535
45.469351
0 -89.375124
45.46959
0 -89.424824
45.467257
0 -89.424823
45.467057
0 -89.42456
45.41884
0 -89.424531
45.413634
0 -89.424283
45.380169
0 -89.424541
45.336688
0 -89.42472
45.293085
0 -89.42522
45.235124
0 -89.425381
45.220072
0 -89.425321
45.206075
0 -89.425964
45.154729
0 