-86.9327203259478
41.7095240688235
0 -86.932639
41.704694
0 -86.93255
41.698966
0 -86.932482
41.694936
0 -86.932407
41.688422
0 -86.932395
41.688275
0 -86.932426
41.68063
0 -86.932352
41.658465
0 -86.932314
41.651375
0 -86.932271
41.617286
0 -86.931971
41.607039
0 -86.932007
41.606965
0 -86.931631
41.591522
0 -86.931501
41.585356
0 -86.931134
41.567762
0 -86.930714
41.546394
0 -86.92987
41.536056
0 -86.930121
41.531624
0 -86.929774
41.519019
0 -86.929362
41.46311
0 -86.930056
41.449692
0 -86.930169
41.436194
0 -86.930173
41.434275
0 -86.930182
41.43412
0 -86.930216
41.41248
0 -86.930662
41.346909
0 -86.930284
41.281142
0 -86.929844
41.2742
0 -86.92986
41.259418
0 -86.929654
41.258936
0 -86.92956
41.249079
0 -86.930079
41.236798
0 -86.920543
41.245028
0 -86.915317
41.245923
0 -86.908415
41.249134
0 -86.897241
41.254615
0 -86.893112
41.255324
0 -86.890946
41.256373
0 -86.885862
41.257653
0 -86.877004
41.260187
0 -86.873292
41.263269
0 -86.870265
41.264553
0 -86.860418
41.265645
0 -86.855218
41.265835
0 -86.848806
41.266793
0 -86.846946
41.267339
0 -86.843902
41.268519
0 -86.841547
41.270657
0 -86.839261
41.272016
0 -86.828485
41.271134
0 -86.823673
41.272074
0 -86.821852
41.272225
0 -86.814652
41.273501
0 -86.783473
41.285465
0 -86.761338
41.307617
0 -86.74867
41.315252
0 -86.746308
41.317003
0 -86.739995
41.321708
0 -86.737434
41.325952
0 -86.737156
41.33337
0 -86.734779
41.338822
0 -86.728638
41.34609
0 -86.727271
41.347841
0 -86.724493
41.35257
0 -86.723778
41.360357
0 -86.723478
41.361007
0 -86.720827
41.365245
0 -86.719406
41.366962
0 -86.713602
41.372879
0 -86.711754
41.375345
0 -86.707722
41.380987
0 -86.707239
41.382706
0 -86.705908
41.390847
0 -86.705352
41.392486
0 -86.701418
41.400431
0 -86.699982
41.402647
0 -86.696667
41.404532
0 -86.681092
41.411988
0 -86.671152
41.413776
0 -86.642542
41.432639
0 -86.582297
41.432741
0 -86.524711
41.432886
0 -86.524723
41.489109
0 -86.525154
41.489519
0 -86.52494
41.519675
0 -86.521149
41.51991
0 -86.503612
41.519534
0 -86.502272
41.519831
0 -86.500286
41.52101
0 -86.500305
41.528221
0 -86.49814
41.531409
0 -86.49821
41.545059
0 -86.498382
41.548416
0 -86.498158
41.561083
0 -86.495121
41.563424
0 -86.486433
41.570545
0 -86.486478
41.588716
0 -86.486378
41.595864
0 -86.486447
41.59631
0 -86.486546
41.59954
0 -86.486606
41.607017
0 -86.486688
41.613894
0 -86.48646
41.616395
0 -86.486991
41.641706
0 -86.487567
41.649325
0 -86.526682
41.65044
0 -86.526006
41.67245
0 -86.525645
41.687234
0 -86.525408
41.694581
0 -86.525318
41.701173
0 -86.525251
41.703623
0 -86.525059
41.707741
0 -86.525027
41.70828
0 -86.524988
41.709246
0 -86.524724
41.723406
0 -86.524463
41.742171
0 -86.524222859982
41.7594561006795
0 -86.5724020009384
41.7595454942449
0 -86.5832509264804
41.7595656237888
0 -86.6221379027974
41.7596377762887
0 -86.640044
41.759671
0 -86.641186
41.759633
0 -86.6413638204539
41.7596335891616
0 -86.6687534960104
41.759724337695
0 -86.6996808813612
41.7598268075055
0 -86.7222825769204
41.7599016923183
0 -86.7222977954315
41.7599017427408
0 -86.7461726811372
41.7599808459365
0 -86.746521
41.759982
0 -86.748096
41.759967
0 -86.750999806915
41.7599827037259
0 -86.7801755650036
41.7601404856034
0 -86.8004617668827
41.7602501929505
0 -86.800611
41.760251
0 -86.800707
41.76024
0 -86.801578
41.76024
0 -86.8043036075949
41.76024
0 -86.804427
41.76024
0 -86.8098206956522
41.76024
0 -86.81607
41.76024
0 -86.823628
41.76024
0 -86.8242817022472
41.76024
0 -86.824828
41.76024
0 -86.8294392931011
41.7582076993054
0 -86.8337027214412
41.7563287104433
0 -86.837513650535
41.7546491481872
0 -86.837558501628
41.7546293813007
0 -86.8581183617069
41.7455681880512
0 -86.875429
41.737939
0 -86.8754548385113
41.7379291751566
0 -86.890743
41.732116
0 -86.90913
41.726938
0 -86.910273695972
41.7249591150685
0 -86.910624
41.724353
0 -86.913338
41.722563
0 -86.916394
41.716385
0 -86.921842
41.714745
0 -86.922742
41.712723
0 -86.9327203259478
41.7095240688235
0 