-106.195372
40.989938
0 -106.19494
40.986936
0 -106.191124
40.98603
0 -106.190553
40.984255
0 -106.192139
40.982836
0 -106.19004
40.97864
0 -106.190405
40.976098
0 -106.18973
40.973089
0 -106.187097
40.971167
0 -106.186751
40.968052
0 -106.187701
40.964906
0 -106.184844
40.963831
0 -106.185253
40.961032
0 -106.187391
40.95872
0 -106.186829
40.957425
0 -106.184226
40.955207
0 -106.185629
40.952248
0 -106.187651
40.950166
0 -106.189293
40.945893
0 -106.187166
40.940825
0 -106.187599
40.937745
0 -106.18617
40.936727
0 -106.185307
40.933973
0 -106.179945
40.931521
0 -106.175893
40.928254
0 -106.173435
40.924783
0 -106.170028
40.923804
0 -106.169084
40.922868
0 -106.169485
40.920315
0 -106.16817
40.918398
0 -106.163044
40.916727
0 -106.161166
40.915107
0 -106.158905
40.914266
0 -106.159577
40.912766
0 -106.158551
40.910619
0 -106.154593
40.909421
0 -106.152198
40.906789
0 -106.15069
40.906715
0 -106.147881
40.904638
0 -106.144069
40.9049
0 -106.139286
40.902402
0 -106.136908
40.902028
0 -106.136225
40.899228
0 -106.134102
40.898709
0 -106.131251
40.896608
0 -106.130734
40.895494
0 -106.13143
40.892865
0 -106.128987
40.889281
0 -106.127618
40.88489
0 -106.128251
40.882002
0 -106.12998
40.878213
0 -106.132425
40.876553
0 -106.130671
40.873868
0 -106.127691
40.871785
0 -106.126893
40.869556
0 -106.124647
40.868808
0 -106.123176
40.867501
0 -106.120803
40.867632
0 -106.118971
40.865776
0 -106.116536
40.866441
0 -106.113192
40.864279
0 -106.108404
40.863258
0 -106.107763
40.861368
0 -106.105092
40.860514
0 -106.104281
40.859263
0 -106.106284
40.854075
0 -106.108069
40.852507
0 -106.102442
40.852334
0 -106.098515
40.849736
0 -106.100138
40.84698
0 -106.101261
40.843563
0 -106.09878
40.841699
0 -106.095537
40.841645
0 -106.092686
40.840839
0 -106.092494
40.839781
0 -106.090502
40.837181
0 -106.088596
40.836133
0 -106.087914
40.833403
0 -106.083221
40.831177
0 -106.080861
40.830903
0 -106.077828
40.828498
0 -106.076392
40.827925
0 -106.075306
40.825609
0 -106.073125
40.824633
0 -106.071316
40.822331
0 -106.064831
40.821567
0 -106.062533
40.819509
0 -106.057715
40.81712
0 -106.057798
40.814438
0 -106.055097
40.813631
0 -106.053779
40.812662
0 -106.053288
40.810417
0 -106.051502
40.809141
0 -106.05235
40.805862
0 -106.049587
40.805507
0 -106.047971
40.804643
0 -106.046471
40.802447
0 -106.046694
40.800791
0 -106.044896
40.797682
0 -106.045979
40.796373
0 -106.045371
40.791857
0 -106.04281
40.79013
0 -106.039652
40.78576
0 -106.035211
40.785551
0 -106.03197
40.783767
0 -106.031236
40.782281
0 -106.029685
40.781562
0 -106.031033
40.77787
0 -106.028908
40.777515
0 -106.029566
40.775068
0 -106.029247
40.773436
0 -106.024488
40.771264
0 -106.026643
40.768315
0 -106.024338
40.766296
0 -106.02335
40.763534
0 -106.02388
40.761328
0 -106.020673
40.758429
0 -106.020651
40.757201
0 -106.022255
40.754689
0 -106.015266
40.752816
0 -106.015447
40.750603
0 -106.013978
40.746644
0 -106.012215
40.743946
0 -106.01036
40.742401
0 -106.0107
40.741041
0 -106.00839
40.740064
0 -106.006008
40.737619
0 -106.004026
40.736794
0 -106.000569
40.734337
0 -105.998677
40.734223
0 -105.99627
40.733126
0 -105.991965
40.728919
0 -105.99058
40.72718
0 -105.990939
40.724801
0 -105.989284
40.72352
0 -105.988079
40.721368
0 -105.990077
40.718313
0 -105.989763
40.713982
0 -105.988739
40.709605
0 -105.986021
40.707627
0 -105.982448
40.706692
0 -105.980521
40.703842
0 -105.977085
40.702648
0 -105.972196
40.694811
0 -105.97376
40.691129
0 -105.973584
40.689274
0 -105.970026
40.686265
0 -105.971873
40.681856
0 -105.969392
40.67774
0 -105.966664
40.675681
0 -105.966455
40.673455
0 -105.965114
40.671418
0 -105.965039
40.668207
0 -105.962292
40.666584
0 -105.958639
40.66301
0 -105.957838
40.660874
0 -105.955821
40.658854
0 -105.956686
40.654964
0 -105.954765
40.65021
0 -105.953844
40.646977
0 -105.951079
40.645878
0 -105.950816
40.643289
0 -105.948485
40.642318
0 -105.948062
40.635986
0 -105.948573
40.633678
0 -105.948667
40.630185
0 -105.949261
40.62732
0 -105.947199
40.623746
0 -105.945495
40.622741
0 -105.94511
40.621191
0 -105.947021
40.616689
0 -105.944742
40.614231
0 -105.944535
40.612092
0 -105.942064
40.609077
0 -105.938681
40.608811
0 -105.934711
40.60643
0 -105.930207
40.60619
0 -105.928953
40.603794
0 -105.929
40.601202
0 -105.92813
40.600058
0 -105.927697
40.591709
0 -105.926543
40.590589
0 -105.924388
40.582146
0 -105.924977
40.580934
0 -105.921248
40.572559
0 -105.918444
40.5707
0 -105.915032
40.570724
0 -105.91321
40.568313
0 -105.910892
40.56642
0 -105.909784
40.562134
0 -105.909914
40.558806
0 -105.911833
40.552688
0 -105.90951
40.54793
0 -105.909577
40.544982
0 -105.907049
40.542888
0 -105.90715
40.540578
0 -105.905098
40.535361
0 -105.905914
40.530519
0 -105.907868
40.52621
0 -105.909764
40.523452
0 -105.911175
40.522181
0 -105.91078
40.520179
0 -105.907857
40.515493
0 -105.904507
40.514119
0 -105.899111
40.518225
0 -105.894576
40.520196
0 -105.891104
40.521003
0 -105.883852
40.521751
0 -105.881954
40.522853
0 -105.879041
40.523174
0 -105.878048
40.522465
0 -105.871805
40.521748
0 -105.869091
40.520738
0 -105.867513
40.519714
0 -105.866369
40.517257
0 -105.863109
40.515521
0 -105.8619
40.514449
0 -105.860621
40.511549
0 -105.858203
40.509629
0 -105.857058
40.507856
0 -105.854732
40.507789
0 -105.852303
40.506553
0 -105.852297
40.503534
0 -105.851755
40.500475
0 -105.852026
40.497569
0 -105.854773
40.495106
0 -105.855787
40.492682
0 -105.856105
40.490412
0 -105.855822
40.487738
0 -105.854926
40.486252
0 -105.847308
40.483931
0 -105.846967
40.482791
0 -105.843064
40.482994
0 -105.841082
40.483618
0 -105.837823
40.483033
0 -105.834605
40.479869
0 -105.830608
40.479568
0 -105.827956
40.478289
0 -105.822463
40.476829
0 -105.820114
40.475972
0 -105.81542
40.475339
0 -105.812793
40.475855
0 -105.808543
40.475061
0 -105.806793
40.473913
0 -105.807133
40.47241
0 -105.808865
40.471078
0 -105.810837
40.470531
0 -105.80818
40.468868
0 -105.805691
40.4665
0 -105.804479
40.464224
0 -105.805136
40.459233
0 -105.807614
40.452262
0 -105.80569
40.447882
0 -105.806557
40.446202
0 -105.810399
40.443231
0 -105.811728
40.442853
0 -105.813019
40.439161
0 -105.815784
40.437434
0 -105.816366
40.435519
0 -105.814337
40.431334
0 -105.814456
40.428522
0 -105.817231
40.426488
0 -105.816992
40.424129
0 -105.81534
40.421486
0 -105.811126
40.419399
0 -105.808265
40.414954
0 -105.801294
40.410175
0 -105.800423
40.407218
0 -105.798265
40.405835
0 -105.794182
40.401882
0 -105.793815
40.4008
0 -105.790951
40.39864
0 -105.791664
40.394335
0 -105.790545
40.38964
0 -105.791232
40.387863
0 -105.790729
40.386263
0 -105.788561
40.384282
0 -105.78725
40.380872
0 -105.784997
40.379715
0 -105.78182
40.37699
0 -105.78195
40.373759
0 -105.776437
40.369545
0 -105.774219
40.366759
0 -105.774105
40.365233
0 -105.772596
40.364411
0 -105.769133
40.364474
0 -105.767699
40.359764
0 -105.764441
40.359263
0 -105.763028
40.357118
0 -105.759765
40.355779
0 -105.759271
40.353307
0 -105.757117
40.35165
0 -105.753782
40.35152
0 -105.752383
40.349093
0 -105.747757
40.347508
0 -105.742441
40.349263
0 -105.739613
40.347108
0 -105.736345
40.346615
0 -105.736444
40.344906
0 -105.735441
40.342984
0 -105.733108
40.340774
0 -105.729944
40.339624
0 -105.728786
40.337935
0 -105.729088
40.335278
0 -105.724533
40.3327
0 -105.721438
40.332018
0 -105.713127
40.325568
0 -105.706773
40.325051
0 -105.70168
40.324309
0 -105.70202
40.321711
0 -105.698719
40.32078
0 -105.697648
40.318273
0 -105.700167
40.316364
0 -105.701507
40.314445
0 -105.702109
40.312083
0 -105.700909
40.310715
0 -105.697764
40.310939
0 -105.694834
40.309323
0 -105.691863
40.309373
0 -105.690001
40.308387
0 -105.691278
40.306164
0 -105.690989
40.304939
0 -105.689295
40.303479
0 -105.685761
40.302925
0 -105.688272
40.297334
0 -105.687368
40.293733
0 -105.684758
40.292383
0 -105.681165
40.291945
0 -105.68365
40.29119
0 -105.686403
40.288918
0 -105.686346
40.287486
0 -105.685046
40.286409
0 -105.680579
40.28446
0 -105.680732
40.282927
0 -105.679262
40.278912
0 -105.681469
40.279046
0 -105.680347
40.274668
0 -105.682428
40.2728
0 -105.678903
40.269869
0 -105.678187
40.26812
0 -105.67559
40.267267
0 -105.672055
40.268101
0 -105.667909
40.267718
0 -105.665236
40.266894
0 -105.662378
40.264124
0 -105.66072
40.264228
0 -105.657235
40.262886
0 -105.653321
40.260457
0 -105.56174
40.261507
0 -105.542003
40.261327
0 -105.539455
40.261284
0 -105.535354
40.261284
0 -105.518083
40.260753
0 -105.500481
40.260277
0 -105.495321
40.259726
0 -105.465394
40.259357
0 -105.462752
40.259384
0 -105.390996
40.257884
0 -105.375226
40.261291
0 -105.354747
40.261784
0 -105.336352
40.261685
0 -105.336248
40.261685
0 -105.335177
40.261781
0 -105.289224
40.262781
0 -105.237319
40.261895
0 -105.21483
40.261299
0 -105.212623
40.261185
0 -105.208144
40.261185
0 -105.15906
40.261219
0 -105.142904
40.26113
0 -105.131059
40.261079
0 -105.130179
40.261584
0 -105.109974
40.261284
0 -105.055089
40.261793
0 -105.055089
40.269286
0 -105.055175
40.290883
0 -105.055166
40.296766
0 -105.055145
40.305421
0 -105.055123
40.307785
0 -105.055326
40.319905
0 -105.055254
40.320085
0 -105.055135
40.335183
0 -105.05672
40.349281
0 -105.002429
40.349217
0 -104.98346
40.349184
0 -104.981537
40.349165
0 -104.981291
40.349164
0 -104.980379
40.349171
0 -104.970387
40.349149
0 -104.966444
40.349142
0 -104.961729
40.349138
0 -104.955464
40.349121
0 -104.954798
40.349121
0 -104.945551
40.349099
0 -104.945346
40.363476
0 -104.945229
40.370759
0 -104.944744
40.398786
0 -104.944572
40.406702
0 -104.944568
40.406964
0 -104.944562
40.407348
0 -104.944427
40.414196
0 -104.944417
40.41461
0 -104.944222
40.435894
0 -104.944186
40.457026
0 -104.944181
40.457465
0 -104.944148
40.461602
0 -104.944116
40.473375
0 -104.944116
40.473495
0 -104.944108
40.47631
0 -104.944096
40.4793
0 -104.944154
40.504925
0 -104.944164
40.508104
0 -104.944165
40.508226
0 -104.944213
40.519137
0 -104.944247
40.522663
0 -104.944258
40.522768
0 -104.944206
40.537292
0 -104.944125
40.560092
0 -104.944112
40.580938
0 -104.944091
40.595356
0 -104.944001
40.616785
0 -104.943862
40.638777
0 -104.943484
40.653219
0 -104.943244
40.682254
0 -104.94311
40.696495
0 -104.943543
40.696509
0 -104.943337
40.783294
0 -104.943371
40.9980837238089
0 -105.254779
40.99821
0 -105.256527
40.998191
0 -105.276859991921
40.99817324279
0 -105.277138
40.998173
0 -105.412718025682
40.9977904880995
0 -105.724804
40.99691
0 -105.730421
40.996886
0 -105.77056285729
40.9968997139614
0 -106.061181
40.996999
0 -106.190553863626
40.9976070173843
0 -106.192357
40.993688
0 -106.194231
40.99197
0 -106.195372
40.989938
0 