-85.894457
37.472309
0 -85.894618
37.468109
0 -85.893439
37.464631
0 -85.893625
37.459441
0 -85.892119
37.455141
0 -85.891439
37.451385
0 -85.891721
37.447388
0 -85.892804
37.440308
0 -85.891511
37.440225
0 -85.863224
37.438412
0 -85.795836
37.434093
0 -85.75028
37.431147
0 -85.733317
37.425328
0 -85.657332
37.421996
0 -85.658362
37.423294
0 -85.657994
37.424635
0 -85.658925
37.425829
0 -85.65901
37.42843
0 -85.664375
37.432054
0 -85.664134
37.433351
0 -85.665255
37.43482
0 -85.665391
37.436756
0 -85.662468
37.438774
0 -85.661445
37.4412
0 -85.659945
37.441102
0 -85.659078
37.44306
0 -85.657309
37.444915
0 -85.655449
37.44584
0 -85.655275
37.447216
0 -85.652748
37.448608
0 -85.65048
37.447946
0 -85.647671
37.449559
0 -85.644564
37.449361
0 -85.642624
37.450961
0 -85.642192
37.452259
0 -85.63982
37.452874
0 -85.638227
37.454075
0 -85.637977
37.458529
0 -85.640095
37.459615
0 -85.636271
37.464693
0 -85.636267
37.467282
0 -85.63513
37.467599
0 -85.635353
37.46926
0 -85.634521
37.471066
0 -85.63435
37.471681
0 -85.630569
37.471112
0 -85.628436
37.471177
0 -85.626188
37.469783
0 -85.624768
37.468005
0 -85.623514
37.467643
0 -85.620311
37.468604
0 -85.619391
37.467566
0 -85.617835
37.468122
0 -85.617215
37.465012
0 -85.614318
37.462621
0 -85.611401
37.462992
0 -85.610711
37.460357
0 -85.608169
37.460165
0 -85.606891
37.461022
0 -85.605857
37.464671
0 -85.603975
37.46599
0 -85.603338
37.467442
0 -85.599227
37.466826
0 -85.59811
37.46878
0 -85.593184
37.470272
0 -85.590432
37.469139
0 -85.586581
37.469058
0 -85.584299
37.47104
0 -85.583497
37.469917
0 -85.58213
37.467362
0 -85.580495
37.467179
0 -85.579839
37.465561
0 -85.577652
37.464926
0 -85.576058
37.465161
0 -85.573163
37.464622
0 -85.572018
37.465086
0 -85.569764
37.464153
0 -85.567441
37.463802
0 -85.566401
37.46116
0 -85.565016
37.459784
0 -85.561421
37.458997
0 -85.559027
37.458941
0 -85.555928
37.458362
0 -85.550889
37.460739
0 -85.550286
37.459159
0 -85.546668
37.458614
0 -85.544231
37.457852
0 -85.54322
37.455232
0 -85.541819
37.454741
0 -85.539338
37.456543
0 -85.536635
37.456473
0 -85.535338
37.455459
0 -85.533639
37.455519
0 -85.53184
37.454154
0 -85.530559
37.454618
0 -85.528855
37.454067
0 -85.52754
37.455504
0 -85.527915
37.457537
0 -85.526431
37.459301
0 -85.527047
37.461316
0 -85.525497
37.46289
0 -85.524345
37.462736
0 -85.522066
37.46426
0 -85.520693
37.464214
0 -85.520327
37.465676
0 -85.518986
37.465749
0 -85.514995
37.467907
0 -85.515893
37.469942
0 -85.515497
37.473522
0 -85.513161
37.475009
0 -85.511411
37.474935
0 -85.508116
37.47712
0 -85.506376
37.477238
0 -85.504136
37.479805
0 -85.502771
37.482303
0 -85.499712
37.482922
0 -85.49785
37.482294
0 -85.497081
37.480371
0 -85.492478
37.479065
0 -85.492914
37.477407
0 -85.491161
37.476096
0 -85.491039
37.474222
0 -85.492123
37.47191
0 -85.491042
37.46977
0 -85.489054
37.467597
0 -85.487311
37.467441
0 -85.486208
37.466342
0 -85.482796
37.46776
0 -85.479826
37.46539
0 -85.475166
37.466713
0 -85.4712
37.466827
0 -85.47089
37.46765
0 -85.46625
37.465595
0 -85.466585
37.46742
0 -85.468665
37.471929
0 -85.468854
37.476109
0 -85.470874
37.47935
0 -85.47253
37.48112
0 -85.473488
37.486191
0 -85.47293
37.487617
0 -85.473961
37.48933
0 -85.473905
37.4922
0 -85.47609
37.493844
0 -85.475902
37.494805
0 -85.48282
37.500066
0 -85.485433
37.503571
0 -85.484668
37.504729
0 -85.487822
37.506795
0 -85.488166
37.509007
0 -85.490202
37.513923
0 -85.491422
37.514601
0 -85.49124
37.518914
0 -85.491978
37.521269
0 -85.491692
37.523721
0 -85.490288
37.526241
0 -85.490883
37.528812
0 -85.492106
37.529033
0 -85.492904
37.530757
0 -85.492698
37.534516
0 -85.495645
37.538116
0 -85.496009
37.54004
0 -85.497761
37.542011
0 -85.498056
37.543534
0 -85.503001
37.54909
0 -85.508504
37.550969
0 -85.51009
37.552188
0 -85.512712
37.553203
0 -85.515
37.55311
0 -85.517002
37.555243
0 -85.51924
37.554606
0 -85.520185
37.553349
0 -85.52129
37.554343
0 -85.524233
37.554102
0 -85.525131
37.555042
0 -85.525668
37.561191
0 -85.526743
37.562617
0 -85.527963
37.562642
0 -85.530822
37.560708
0 -85.535167
37.562921
0 -85.538107
37.56179
0 -85.540665
37.562558
0 -85.543634
37.562444
0 -85.544427
37.56064
0 -85.546777
37.558647
0 -85.548638
37.558033
0 -85.549538
37.555833
0 -85.551131
37.554024
0 -85.550701
37.549793
0 -85.548789
37.547555
0 -85.548749
37.545871
0 -85.55057
37.544562
0 -85.550168
37.542639
0 -85.552065
37.542577
0 -85.552506
37.541142
0 -85.550234
37.53659
0 -85.547984
37.533354
0 -85.547123
37.53031
0 -85.548954
37.530013
0 -85.552697
37.531866
0 -85.554304
37.531577
0 -85.556776
37.530323
0 -85.558907
37.530549
0 -85.559833
37.527863
0 -85.559968
37.524918
0 -85.561225
37.524018
0 -85.564243
37.523048
0 -85.565709
37.523115
0 -85.569318
37.525076
0 -85.570752
37.527187
0 -85.57333
37.527944
0 -85.576264
37.52808
0 -85.579191
37.529479
0 -85.583897
37.530712
0 -85.585726
37.532449
0 -85.587427
37.532829
0 -85.588802
37.531694
0 -85.592397
37.534319
0 -85.593418
37.533651
0 -85.593818
37.532031
0 -85.59581
37.532803
0 -85.59875
37.535012
0 -85.597016
37.5375
0 -85.595556
37.537924
0 -85.595529
37.539388
0 -85.594442
37.541178
0 -85.594476
37.542269
0 -85.595674
37.545143
0 -85.59716
37.545101
0 -85.598338
37.544185
0 -85.598996
37.542411
0 -85.598576
37.540303
0 -85.599948
37.539139
0 -85.601047
37.539298
0 -85.6022
37.541306
0 -85.60479
37.543716
0 -85.603843
37.545071
0 -85.602024
37.54497
0 -85.600962
37.545667
0 -85.601708
37.547238
0 -85.603212
37.547882
0 -85.606164
37.54825
0 -85.607538
37.547507
0 -85.607214
37.54593
0 -85.608373
37.544826
0 -85.610645
37.544554
0 -85.611852
37.543785
0 -85.61257
37.541295
0 -85.615464
37.541349
0 -85.618071
37.540611
0 -85.619606
37.542689
0 -85.620954
37.543036
0 -85.622818
37.541983
0 -85.62394
37.540489
0 -85.625658
37.543517
0 -85.626127
37.545392
0 -85.623949
37.546491
0 -85.623323
37.551604
0 -85.622252
37.552598
0 -85.620329
37.552576
0 -85.619648
37.553285
0 -85.61847
37.556696
0 -85.615122
37.557799
0 -85.612993
37.560122
0 -85.611092
37.559726
0 -85.610498
37.557727
0 -85.607832
37.558027
0 -85.607466
37.561789
0 -85.609879
37.563129
0 -85.60588
37.564712
0 -85.604899
37.566288
0 -85.604162
37.569121
0 -85.605617
37.573658
0 -85.605219
37.576355
0 -85.603416
37.578065
0 -85.604908
37.579414
0 -85.603152
37.581439
0 -85.601259
37.582489
0 -85.601701
37.583374
0 -85.604972
37.583648
0 -85.605949
37.584192
0 -85.606429
37.586237
0 -85.604796
37.587993
0 -85.605051
37.589028
0 -85.606766
37.59045
0 -85.604454
37.591671
0 -85.602917
37.593205
0 -85.601208
37.593561
0 -85.599164
37.592992
0 -85.598925
37.591693
0 -85.597568
37.59209
0 -85.594544
37.595253
0 -85.592101
37.594179
0 -85.59132
37.594462
0 -85.590438
37.596291
0 -85.591585
37.597327
0 -85.594827
37.597694
0 -85.59477
37.598963
0 -85.589674
37.601624
0 -85.589361
37.603562
0 -85.587233
37.605082
0 -85.589661
37.605325
0 -85.592237
37.603292
0 -85.594316
37.602736
0 -85.598384
37.603938
0 -85.60318
37.606027
0 -85.607245
37.606132
0 -85.611426
37.607346
0 -85.613887
37.609632
0 -85.613979
37.612087
0 -85.615329
37.613268
0 -85.615302
37.614543
0 -85.613991
37.615873
0 -85.611214
37.616712
0 -85.607643
37.616391
0 -85.605018
37.617371
0 -85.603458
37.617218
0 -85.60164
37.615806
0 -85.59782
37.61563
0 -85.59668
37.613909
0 -85.59539
37.613267
0 -85.592543
37.61379
0 -85.589041
37.615805
0 -85.587264
37.617595
0 -85.587495
37.618634
0 -85.589708
37.619558
0 -85.589681
37.620587
0 -85.587172
37.621199
0 -85.587595
37.62264
0 -85.585117
37.625296
0 -85.57983
37.626684
0 -85.578208
37.624823
0 -85.57944
37.62315
0 -85.577828
37.621299
0 -85.575534
37.620244
0 -85.573969
37.617295
0 -85.572987
37.616833
0 -85.570069
37.617214
0 -85.570222
37.618738
0 -85.569147
37.620236
0 -85.569754
37.621857
0 -85.568163
37.623469
0 -85.57006
37.62575
0 -85.570902
37.627493
0 -85.573259
37.628253
0 -85.573869
37.629548
0 -85.572534
37.6347
0 -85.573656
37.636061
0 -85.57269
37.637978
0 -85.573343
37.638601
0 -85.575632
37.638815
0 -85.577487
37.639582
0 -85.581375
37.642096
0 -85.583736
37.644319
0 -85.586466
37.644706
0 -85.588831
37.644257
0 -85.589539
37.642575
0 -85.590762
37.642245
0 -85.595052
37.643044
0 -85.595961
37.641969
0 -85.595275
37.63984
0 -85.598486
37.638544
0 -85.600291
37.638861
0 -85.601108
37.639894
0 -85.601276
37.642334
0 -85.599532
37.644515
0 -85.600708
37.644932
0 -85.601173
37.646208
0 -85.600439
37.646997
0 -85.597577
37.647887
0 -85.59781
37.650472
0 -85.597199
37.651424
0 -85.595259
37.653152
0 -85.594923
37.65441
0 -85.596505
37.654661
0 -85.597497
37.653258
0 -85.598918
37.652673
0 -85.600742
37.653677
0 -85.601844
37.655006
0 -85.601009
37.657504
0 -85.599814
37.65804
0 -85.597329
37.6579
0 -85.59615
37.65904
0 -85.597426
37.66282
0 -85.596718
37.664388
0 -85.593482
37.666256
0 -85.592323
37.667691
0 -85.592705
37.669343
0 -85.594287
37.669382
0 -85.596305
37.66862
0 -85.596544
37.670011
0 -85.595774
37.673595
0 -85.595615
37.676243
0 -85.593906
37.680749
0 -85.592395
37.682658
0 -85.592181
37.684194
0 -85.593263
37.68736
0 -85.592965
37.68937
0 -85.591545
37.691303
0 -85.592497
37.693905
0 -85.59554
37.69656
0 -85.600249
37.699342
0 -85.603285
37.69961
0 -85.606042
37.700837
0 -85.606974
37.700796
0 -85.610065
37.699318
0 -85.613643
37.698052
0 -85.616449
37.697528
0 -85.61902
37.696871
0 -85.623501
37.694866
0 -85.625818
37.694179
0 -85.627633
37.69607
0 -85.630925
37.695441
0 -85.633509
37.693919
0 -85.634861
37.695805
0 -85.637192
37.695955
0 -85.637889
37.696683
0 -85.637106
37.699285
0 -85.637304
37.700542
0 -85.638937
37.701737
0 -85.641325
37.702195
0 -85.639772
37.704429
0 -85.640448
37.705288
0 -85.643325
37.705675
0 -85.646762
37.707497
0 -85.646022
37.708646
0 -85.643656
37.708955
0 -85.642123
37.711184
0 -85.643326
37.712475
0 -85.645378
37.713074
0 -85.645522
37.71638
0 -85.649926
37.718376
0 -85.652054
37.718803
0 -85.652011
37.721112
0 -85.6533
37.721549
0 -85.656049
37.720697
0 -85.658701
37.722291
0 -85.659323
37.724461
0 -85.662636
37.725301
0 -85.665096
37.724842
0 -85.664949
37.728071
0 -85.667007
37.72919
0 -85.670865
37.729866
0 -85.670671
37.732077
0 -85.671795
37.732283
0 -85.674532
37.730397
0 -85.676801
37.729419
0 -85.678053
37.729952
0 -85.680488
37.732284
0 -85.685204
37.725675
0 -85.689768
37.719288
0 -85.716835
37.681367
0 -85.736209
37.654364
0 -85.739188
37.650662
0 -85.742881
37.649
0 -85.745188
37.649304
0 -85.747428
37.648431
0 -85.752646
37.647855
0 -85.753763
37.6473
0 -85.756378
37.647972
0 -85.760483
37.647206
0 -85.766125
37.644606
0 -85.768468
37.644362
0 -85.768886
37.64253
0 -85.77258
37.639714
0 -85.77606
37.639153
0 -85.776432
37.635804
0 -85.775112
37.634059
0 -85.77423
37.631529
0 -85.775373
37.630716
0 -85.776316
37.630987
0 -85.780133
37.629506
0 -85.785466
37.62909
0 -85.787868
37.628369
0 -85.789449
37.627274
0 -85.792283
37.626729
0 -85.794135
37.627363
0 -85.797147
37.626095
0 -85.800066
37.624032
0 -85.80352
37.621586
0 -85.800932
37.614358
0 -85.799126
37.613573
0 -85.799543
37.612251
0 -85.797672
37.609945
0 -85.797681
37.609708
0 -85.797304
37.608075
0 -85.800166
37.606788
0 -85.802175
37.605287
0 -85.802887
37.603257
0 -85.807019
37.601761
0 -85.806439
37.599204
0 -85.807071
37.596452
0 -85.809009
37.594128
0 -85.810803
37.593725
0 -85.812319
37.592314
0 -85.812575
37.59075
0 -85.815803
37.588752
0 -85.81788
37.585571
0 -85.819295
37.584227
0 -85.819368
37.578727
0 -85.821391
37.57566
0 -85.820885
37.574071
0 -85.821889
37.573423
0 -85.824368
37.573724
0 -85.828642
37.571745
0 -85.838215
37.568821
0 -85.838664
37.568708
0 -85.874861
37.545301
0 -85.876006
37.543259
0 -85.879151
37.5255
0 -85.880109
37.520089
0 -85.880571
37.517479
0 -85.887015
37.482017
0 -85.888538
37.479244
0 -85.888607
37.473778
0 -85.889707
37.472738
0 -85.893402
37.472648
0 -85.894457
37.472309
0 