-121.331921
40.913358
0 -121.332338
40.905394
0 -121.319976
40.905886
0 -121.320389
40.897223
0 -121.320862
40.894059
0 -121.321186
40.888702
0 -121.321058
40.770544
0 -121.321074
40.758516
0 -121.32191
40.654957
0 -121.32288
40.584916
0 -121.322785
40.540872
0 -121.322925
40.511838
0 -121.32298
40.497589
0 -121.32668
40.497574
0 -121.327826
40.445367
0 -121.308353
40.445091
0 -121.292739
40.445778
0 -121.249826
40.446036
0 -121.213956
40.446049
0 -121.195168
40.446482
0 -121.137261
40.446117
0 -121.12604
40.446539
0 -121.061417
40.446536
0 -121.06094
40.314699
0 -121.061136
40.294135
0 -121.061126
40.293783
0 -121.061156
40.263762
0 -121.061493
40.256417
0 -121.041517
40.256474
0 -121.041521
40.234795
0 -121.029563
40.234828
0 -121.022583
40.234673
0 -121.003918
40.234941
0 -121.003732
40.220975
0 -120.946188
40.220808
0 -120.947152
40.206499
0 -120.928066
40.206451
0 -120.928582
40.191931
0 -120.890646
40.192116
0 -120.890676
40.19941
0 -120.871757
40.199438
0 -120.871782
40.24164
0 -120.853118
40.241803
0 -120.853197
40.248855
0 -120.843599
40.248892
0 -120.843504
40.256019
0 -120.834058
40.256161
0 -120.83382
40.270728
0 -120.815013
40.270726
0 -120.81465
40.27783
0 -120.796
40.277726
0 -120.795711
40.279962
0 -120.796421
40.301281
0 -120.796318
40.301358
0 -120.773805
40.301434
0 -120.773728
40.308678
0 -120.764346
40.308718
0 -120.764403
40.31601
0 -120.751043
40.316055
0 -120.746374
40.315895
0 -120.737725
40.315767
0 -120.726574
40.315929
0 -120.726417
40.308433
0 -120.679262
40.30853
0 -120.652158
40.307656
0 -120.651651
40.300451
0 -120.642331
40.300393
0 -120.642466
40.294739
0 -120.642505
40.293184
0 -120.622661
40.293014
0 -120.622796
40.28571
0 -120.611817
40.285636
0 -120.585176
40.285478
0 -120.576825
40.28543
0 -120.576819
40.284
0 -120.576729
40.263796
0 -120.563402
40.263636
0 -120.548724
40.263596
0 -120.548663
40.256275
0 -120.529699
40.256203
0 -120.529734
40.249197
0 -120.521442
40.249083
0 -120.510817
40.248945
0 -120.510665
40.234698
0 -120.501429
40.234866
0 -120.49172
40.234791
0 -120.492062
40.220292
0 -120.49009
40.220268
0 -120.48246
40.220184
0 -120.482848
40.205798
0 -120.460673
40.205777
0 -120.454331
40.205751
0 -120.454152
40.191355
0 -120.445285
40.191357
0 -120.445892
40.176854
0 -120.436468
40.176646
0 -120.436371
40.169563
0 -120.416918
40.169441
0 -120.417254
40.162076
0 -120.407609
40.162164
0 -120.407954
40.147354
0 -120.398256
40.147365
0 -120.398307
40.14064
0 -120.387419
40.140551
0 -120.379117
40.140556
0 -120.379155
40.138852
0 -120.379399
40.12951
0 -120.37475
40.129385
0 -120.360401
40.129532
0 -120.360611
40.122514
0 -120.341463
40.122556
0 -120.341385
40.115243
0 -120.301733
40.114843
0 -120.275153
40.114809
0 -120.266561
40.115869
0 -120.265633
40.107748
0 -120.246788
40.107885
0 -120.24689
40.085805
0 -120.228663
40.085413
0 -120.209641
40.086008
0 -120.209631
40.084828
0 -120.209315
40.056287
0 -120.211333
40.056328
0 -120.21089
40.042757
0 -120.201383
40.042737
0 -120.201264
40.013474
0 -120.182484
40.01335
0 -120.182454
39.998521
0 -120.173003
39.998325
0 -120.173274
39.983889
0 -120.163406
39.98378
0 -120.163654
39.968659
0 -120.15433
39.968534
0 -120.154379
39.962351
0 -120.145015
39.962292
0 -120.144991
39.955067
0 -120.135735
39.95504
0 -120.135768
39.947757
0 -120.126711
39.947749
0 -120.126574
39.939551
0 -120.108761
39.93951
0 -120.108883
39.910374
0 -120.099556
39.910339
0 -120.099339
39.881219
0 -120.108099
39.881266
0 -120.108321
39.828391
0 -120.10781
39.794214
0 -120.111068
39.780817
0 -120.110627
39.765779
0 -120.117102
39.765664
0 -120.119584
39.765627
0 -120.11911
39.751087
0 -120.127635
39.750954
0 -120.127763
39.736159
0 -120.14658
39.736406
0 -120.147149
39.707658
0 -120.126036
39.708888
0 -120.015734
39.708721
0 -120.015804
39.722359
0 -120.001319008439
39.7224163202063
0 -120.001319
39.72242
0 -120.001151854493
39.7341909717068
0 -120.000502
39.779956
0 -120.000607
39.780779
0 -119.999733
39.851406
0 -119.998293046585
39.9235058875664
0 -119.997634
39.956505
0 -119.997291
40.071803
0 -119.997175
40.077245
0 -119.997234
40.091591
0 -119.997233377794
40.0917876848487
0 -119.997124
40.126363
0 -119.996899439074
40.1588415259605
0 -119.996183
40.262461
0 -119.996182
40.263532
0 -119.996155
40.32125
0 -119.996155
40.321838
0 -119.996051487427
40.4023260320755
0 -119.995926
40.499901
0 -119.997533
40.720992
0 -119.998479
40.749899
0 -119.9986710353
40.7795214665298
0 -119.999231
40.865899
0 -119.999232
40.867454
0 -119.999358
40.873101
0 -119.999584837735
41.0119154234991
0 -119.999866
41.183974
0 -120.003233
41.183866
0 -120.133234
41.184139
0 -120.208865
41.184096
0 -120.309952
41.184115
0 -120.620688
41.184469
0 -120.626076
41.184039
0 -120.641635
41.184014
0 -120.642243
41.184015
0 -120.78238
41.184031
0 -120.882641
41.18401
0 -120.937901
41.184165
0 -120.971409
41.184257
0 -121.138604
41.184385
0 -121.153076
41.184399
0 -121.153957
41.184403
0 -121.154078
41.184396
0 -121.155877
41.184383
0 -121.156028
41.184388
0 -121.159595
41.184422
0 -121.210995
41.184422
0 -121.211022
41.184514
0 -121.322635
41.183866
0 -121.330833
41.183884
0 -121.331786
41.183886
0 -121.331794
41.107882
0 -121.33114
41.045499
0 -121.331214
40.920698
0 -121.331921
40.913358
0 