-88.202959
35.008028
0 -88.201987
35.005421
0 -88.20082
34.997774
0 -88.200064
34.995634
0 -88.198811
34.991192
0 -88.187429
34.974909
0 -88.179973
34.967466
0 -88.176106
34.962519
0 -88.172102
34.955213
0 -88.161594
34.933456
0 -88.154617
34.922392
0 -88.146335
34.914374
0 -88.139721
34.909631
0 -88.136692
34.907592
0 -88.1331860088282
34.9059779925659
0 -88.125038
34.902227
0 -88.099999
34.894095
0 -88.097888
34.892202
0 -88.097583
34.894675
0 -88.092815
34.89415
0 -88.084592
34.893892
0 -88.079079
34.894421
0 -88.075227
34.895441
0 -88.072453
34.896734
0 -88.063711
34.902068
0 -88.058395
34.90435
0 -88.050792
34.90618
0 -88.047969
34.906536
0 -88.040871
34.906613
0 -88.035167
34.905532
0 -88.031275
34.904242
0 -88.023228
34.900746
0 -88.012229
34.895536
0 -87.998942
34.890628
0 -87.996338
34.890181
0 -87.994561
34.888649
0 -87.988166
34.887307
0 -87.986612
34.886745
0 -87.982171
34.885139
0 -87.977473
34.883016
0 -87.973222
34.88255
0 -87.962826
34.875072
0 -87.959988
34.87333
0 -87.957767
34.87241
0 -87.954778
34.869498
0 -87.952269
34.867663
0 -87.951328
34.866096
0 -87.9495
34.864471
0 -87.939203
34.850379
0 -87.937212
34.847365
0 -87.934326
34.841452
0 -87.933456
34.838902
0 -87.932703
34.836401
0 -87.930233
34.823867
0 -87.929272
34.820725
0 -87.927634
34.816658
0 -87.925433
34.812364
0 -87.922863
34.808029
0 -87.92029
34.804468
0 -87.917414
34.801483
0 -87.91419
34.798898
0 -87.908754
34.795571
0 -87.904877
34.793518
0 -87.897068
34.788195
0 -87.888294
34.781095
0 -87.882899
34.777184
0 -87.875033
34.772435
0 -87.873812
34.771261
0 -87.869708
34.768812
0 -87.861315
34.762983
0 -87.855333
34.757189
0 -87.848651
34.749585
0 -87.846423
34.747625
0 -87.840685
34.743779
0 -87.835833
34.741239
0 -87.83124
34.739591
0 -87.824525
34.737455
0 -87.818254
34.73512
0 -87.811032
34.733389
0 -87.806963
34.732061
0 -87.798906
34.731931
0 -87.79326
34.732061
0 -87.787018
34.732564
0 -87.780131
34.733389
0 -87.772706
34.734639
0 -87.767331
34.734589
0 -87.761033
34.735303
0 -87.7603
34.735578
0 -87.750795
34.740872
0 -87.74693
34.742589
0 -87.741058
34.743955
0 -87.733718
34.745229
0 -87.730617
34.746972
0 -87.729554
34.747862
0 -87.725267
34.754355
0 -87.721771
34.75804
0 -87.719709
34.761071
0 -87.718562
34.76276
0 -87.716647
34.76558
0 -87.711481
34.770365
0 -87.707572
34.772919
0 -87.698449
34.775367
0 -87.694807
34.776362
0 -87.694193
34.776628
0 -87.693876
34.776765
0 -87.691582
34.77738
0 -87.677448
34.781636
0 -87.672981
34.782585
0 -87.671051
34.782542
0 -87.669596
34.782437
0 -87.668205
34.782702
0 -87.66475
34.784242
0 -87.658145
34.78658
0 -87.653991
34.787866
0 -87.648213
34.79069
0 -87.642627
34.793073
0 -87.637219
34.793568
0 -87.624699
34.796041
0 -87.620284
34.797481
0 -87.618681
34.798254
0 -87.613694
34.79903
0 -87.604851
34.803771
0 -87.596095
34.807103
0 -87.591475
34.809253
0 -87.589485
34.81074
0 -87.588007
34.813038
0 -87.585877
34.817774
0 -87.584746
34.819188
0 -87.580637
34.821802
0 -87.572326
34.824476
0 -87.566286
34.826027
0 -87.555941
34.826103
0 -87.553626
34.826886
0 -87.54629
34.830431
0 -87.544092
34.830446
0 -87.535486
34.829546
0 -87.530085
34.831354
0 -87.524363
34.832384
0 -87.520334
34.832125
0 -87.516978
34.831377
0 -87.514185
34.830179
0 -87.512995
34.828898
0 -87.508997
34.823122
0 -87.508219
34.82271
0 -87.502436
34.821238
0 -87.495815
34.819228
0 -87.491362
34.817339
0 -87.486607
34.814467
0 -87.484508
34.813709
0 -87.47812
34.812424
0 -87.468235
34.811929
0 -87.466075
34.811595
0 -87.44998
34.80828
0 -87.435334
34.803907
0 -87.430621
34.801323
0 -87.42651
34.800022
0 -87.421032
34.799387
0 -87.414982
34.800494
0 -87.413077
34.800742
0 -87.393617
34.801785
0 -87.381655
34.80388
0 -87.37724
34.804397
0 -87.370249
34.804992
0 -87.344224
34.796493
0 -87.333015
34.786064
0 -87.297905
34.750812
0 -87.283959
34.751923
0 -87.278573
34.75276
0 -87.260676
34.758626
0 -87.261043
34.759905
0 -87.264684
34.760812
0 -87.26537
34.76221
0 -87.266158
34.765733
0 -87.269366
34.768242
0 -87.271868
34.768496
0 -87.27468
34.769749
0 -87.276487
34.771275
0 -87.278302
34.773563
0 -87.278483
34.777647
0 -87.278047
34.778945
0 -87.276499
34.780755
0 -87.271079
34.783829
0 -87.267444
34.784915
0 -87.260045
34.786723
0 -87.255566
34.788354
0 -87.250018
34.792055
0 -87.247617
34.793213
0 -87.242659
34.796528
0 -87.238303
34.798942
0 -87.231224
34.804067
0 -87.222994
34.808762
0 -87.220526
34.810677
0 -87.215704
34.815088
0 -87.214915
34.81633
0 -87.214932
34.836113
0 -87.214604
34.836663
0 -87.214637
34.84055
0 -87.214123
34.857147
0 -87.213283
34.879001
0 -87.213027
34.880953
0 -87.212457
34.895094
0 -87.212562
34.898291
0 -87.212252
34.899776
0 -87.211519
34.94588
0 -87.211277
34.958781
0 -87.211519
34.959547
0 -87.210759
34.999024
0 -87.212055598687
34.9990511401481
0 -87.214645746982
34.9991053566215
0 -87.216683
34.999148
0 -87.2197717603678
34.9992228736371
0 -87.224053220297
34.9993266591169
0 -87.230544
34.999484
0 -87.270014
35.00039
0 -87.299185
35.000915
0 -87.2992156777296
35.0009154577211
0 -87.349251
35.001662
0 -87.3493239330524
35.00166317071
0 -87.3493245225215
35.0016631801721
0 -87.3592674303837
35.0018227821826
0 -87.359281
35.001823
0 -87.381071
35.002118
0 -87.3855468534538
35.0022298635638
0 -87.391314
35.002374
0 -87.4174
35.002669
0 -87.421543
35.002679
0 -87.428613
35.002795
0 -87.4370427920769
35.0028352150336
0 -87.4370737168059
35.0028353625626
0 -87.4432865229355
35.0028650012779
0 -87.4929179481542
35.0031017721749
0 -87.4929517665586
35.0031019335085
0 -87.4958434829136
35.0031157286851
0 -87.5225354174048
35.0032430648082
0 -87.5774876474615
35.0035052190532
0 -87.606178379167
35.0036420906069
0 -87.6192815618009
35.003704600444
0 -87.625025
35.003732
0 -87.664123
35.003523
0 -87.671405
35.003537
0 -87.6887093751075
35.0037513567643
0 -87.696834
35.003852
0 -87.700543
35.003988
0 -87.702321
35.003945
0 -87.7094595821424
35.0040883690137
0 -87.709491
35.004089
0 -87.75889
35.004711
0 -87.758996682007
35.0047118816695
0 -87.767602
35.004783
0 -87.773586
35.004946
0 -87.8211342757523
35.0053771529474
0 -87.8211613865039
35.0053773987793
0 -87.851886
35.005656
0 -87.853411
35.005576
0 -87.853528
35.005541
0 -87.872626
35.005571
0 -87.877742
35.005512
0 -87.877969
35.005468
0 -87.9269766619543
35.0056571040592
0 -87.9734958113087
35.0058366057866
0 -87.9849162019114
35.0058806732269
0 -88.000032
35.005939
0 -88.202959
35.008028
0 