-83.226536
32.584201
0 -83.22338
32.578424
0 -83.198338
32.53289
0 -83.179528
32.497878
0 -83.154128
32.450978
0 -83.138991
32.423069
0 -83.122335
32.392474
0 -83.122289
32.392307
0 -83.111429
32.372051
0 -83.074483
32.303218
0 -83.016448
32.194816
0 -82.990967
32.147274
0 -82.95835
32.163133
0 -82.955652
32.164061
0 -82.946653
32.168205
0 -82.899749
32.191741
0 -82.886964
32.197974
0 -82.884803
32.196072
0 -82.878148
32.200249
0 -82.871563
32.194474
0 -82.864469
32.199732
0 -82.858308
32.194386
0 -82.815955
32.230092
0 -82.768668
32.269684
0 -82.761881
32.264176
0 -82.755158
32.26969
0 -82.761959
32.275574
0 -82.749859
32.286324
0 -82.721964
32.309283
0 -82.722747
32.310812
0 -82.723554
32.3108
0 -82.724671
32.308901
0 -82.725963
32.308804
0 -82.727121
32.310091
0 -82.730015
32.310645
0 -82.730326
32.311949
0 -82.728051
32.312714
0 -82.725367
32.314662
0 -82.72515
32.315658
0 -82.726003
32.315897
0 -82.728781
32.315255
0 -82.732677
32.318344
0 -82.734649
32.318725
0 -82.735722
32.319569
0 -82.735452
32.321008
0 -82.73273
32.32058
0 -82.73291
32.323853
0 -82.734015
32.323824
0 -82.735992
32.322485
0 -82.736884
32.322619
0 -82.737378
32.324785
0 -82.739799
32.327121
0 -82.738716
32.32895
0 -82.739301
32.330692
0 -82.74101
32.330954
0 -82.742419
32.329889
0 -82.742323
32.326924
0 -82.743175
32.326976
0 -82.743979
32.329017
0 -82.746748
32.328418
0 -82.748732
32.32915
0 -82.747625
32.331021
0 -82.745813
32.331981
0 -82.74504
32.333233
0 -82.74189
32.333897
0 -82.742438
32.335617
0 -82.744424
32.335954
0 -82.745495
32.336804
0 -82.744493
32.341256
0 -82.742289
32.341718
0 -82.742316
32.33847
0 -82.739298
32.337553
0 -82.737137
32.33803
0 -82.735682
32.339436
0 -82.733838
32.342073
0 -82.731482
32.348218
0 -82.729145
32.351866
0 -82.727736
32.354779
0 -82.727858
32.356156
0 -82.729534
32.356892
0 -82.73174
32.356511
0 -82.731005
32.358415
0 -82.728147
32.359411
0 -82.7286
32.361024
0 -82.730582
32.361755
0 -82.730786
32.362681
0 -82.729334
32.363121
0 -82.726361
32.361839
0 -82.724903
32.362312
0 -82.724422
32.363576
0 -82.722641
32.364078
0 -82.723404
32.365765
0 -82.722512
32.368408
0 -82.722883
32.370432
0 -82.721453
32.370435
0 -82.717693
32.371889
0 -82.716883
32.373047
0 -82.720334
32.375937
0 -82.72043
32.376603
0 -82.718905
32.37838
0 -82.717947
32.380971
0 -82.716797
32.382191
0 -82.71665
32.384242
0 -82.715872
32.384707
0 -82.71516
32.386795
0 -82.716324
32.389373
0 -82.716247
32.392578
0 -82.715313
32.393073
0 -82.712809
32.391396
0 -82.710218
32.39217
0 -82.706927
32.393942
0 -82.705544
32.396633
0 -82.702888
32.397872
0 -82.702179
32.398806
0 -82.700928
32.402077
0 -82.701057
32.404133
0 -82.699379
32.406196
0 -82.697617
32.407173
0 -82.697444
32.408302
0 -82.697498
32.408997
0 -82.699509
32.411184
0 -82.699055
32.413013
0 -82.700065
32.414186
0 -82.699196
32.415874
0 -82.697166
32.417484
0 -82.698983
32.420128
0 -82.700523
32.424028
0 -82.700192
32.426077
0 -82.701585
32.428038
0 -82.700562
32.429782
0 -82.702163
32.431617
0 -82.700522
32.433949
0 -82.69883
32.436025
0 -82.696114
32.437233
0 -82.694051
32.440888
0 -82.690338
32.443798
0 -82.690535
32.445594
0 -82.692194
32.447228
0 -82.694618
32.45037
0 -82.695007
32.451797
0 -82.694557
32.453255
0 -82.693958
32.454146
0 -82.691972
32.453682
0 -82.689896
32.45459
0 -82.688924
32.456559
0 -82.688897
32.457864
0 -82.685977
32.460292
0 -82.683292
32.460963
0 -82.681164
32.460652
0 -82.678417
32.461126
0 -82.676273
32.462226
0 -82.674977
32.46148
0 -82.672854
32.462668
0 -82.669868
32.460929
0 -82.667168
32.461376
0 -82.665192
32.461227
0 -82.663181
32.460061
0 -82.657665
32.462944
0 -82.64858
32.467238
0 -82.646923
32.468915
0 -82.645554
32.473391
0 -82.642367
32.481994
0 -82.640888
32.485169
0 -82.633126
32.491037
0 -82.635546
32.496059
0 -82.636304
32.495713
0 -82.639212
32.495918
0 -82.645017
32.49908
0 -82.646673
32.499135
0 -82.649551
32.500633
0 -82.653221
32.503673
0 -82.654191
32.506082
0 -82.657142
32.507088
0 -82.647733
32.512507
0 -82.649912
32.513607
0 -82.65379
32.514966
0 -82.66066
32.51701
0 -82.662514
32.517769
0 -82.666908
32.520096
0 -82.669563
32.521068
0 -82.674457
32.523866
0 -82.672621
32.551346
0 -82.668557
32.612164
0 -82.686816
32.619115
0 -82.794538
32.66023
0 -82.793639
32.664063
0 -82.792012
32.672393
0 -82.7913
32.673769
0 -82.78997
32.678673
0 -82.785782
32.6867
0 -82.823499
32.70091
0 -82.836622
32.705872
0 -82.862763
32.71576
0 -82.957066
32.708318
0 -82.96659
32.704343
0 -83.016691
32.683425
0 -83.040792
32.673339
0 -83.092952
32.648901
0 -83.155984
32.618615
0 -83.208715
32.592979
0 -83.226536
32.584201
0 