-95.06005
34.803962
0 -95.059976
34.79646
0 -95.059929
34.767829
0 -95.059832
34.753467
0 -95.059946
34.738926
0 -95.059634
34.695572
0 -95.059616
34.680736
0 -95.025139
34.680756
0 -95.01681
34.680729
0 -95.012489
34.680903
0 -95.000597
34.681054
0 -94.997322
34.680937
0 -94.937752
34.680877
0 -94.937567
34.679633
0 -94.937489
34.666196
0 -94.937434
34.625101
0 -94.937484
34.594329
0 -94.937483
34.593588
0 -94.937605
34.506831
0 -94.935285
34.506762
0 -94.93405
34.506536
0 -94.928578
34.506789
0 -94.785095
34.507328
0 -94.710597
34.507244
0 -94.709603
34.507199
0 -94.674333
34.507317
0 -94.645965
34.507471
0 -94.644466
34.507418
0 -94.639936
34.507575
0 -94.461149
34.507457
0 -94.4610827807396
34.5097517310505
0 -94.460363325772
34.534683384543
0 -94.460058
34.545264
0 -94.460052
34.547869
0 -94.4586993391697
34.5940227204001
0 -94.4578847721573
34.6218163086332
0 -94.4576042043734
34.6313894749134
0 -94.4575
34.634945
0 -94.45753
34.642961
0 -94.4575143045681
34.6434179721652
0 -94.4562643534947
34.6798102711175
0 -94.4562041443552
34.6815632589345
0 -94.4560177941999
34.6869888397486
0 -94.4557946599521
34.6934853886321
0 -94.4553402653971
34.7067150764506
0 -94.4547469280424
34.7239900809275
0 -94.4545761452896
34.7289624171492
0 -94.4533004254839
34.766104972194
0 -94.4511886196818
34.8275901532647
0 -94.4510819001593
34.8306972898935
0 -94.4507576175204
34.840138772037
0 -94.4503230023335
34.852792583972
0 -94.450233
34.855413
0 -94.45014
34.858694
0 -94.450065
34.861335
0 -94.44963
34.875253
0 -94.4496257423733
34.8753669063999
0 -94.4491081586517
34.8892140806867
0 -94.449058
34.890556
0 -94.449086
34.894152
0 -94.449253
34.895869
0 -94.4478888293082
34.9339411144754
0 -94.4476028979733
34.9419210619859
0 -94.4463019390597
34.9782290232881
0 -94.4455986112772
34.9978579275069
0 -94.4454691787571
35.001470209865
0 -94.4444947327617
35.0286656478779
0 -94.4432818799616
35.06251468959
0 -94.4426479292658
35.0802073754151
0 -94.4415378068403
35.1111893546656
0 -94.4415373209287
35.1112029157843
0 -94.441232
35.119724
0 -94.440754
35.128806
0 -94.4401292102713
35.1496830062928
0 -94.4397174415496
35.1634420324073
0 -94.43955
35.169037
0 -94.439509
35.171807
0 -94.438924995969
35.1856431263173
0 -94.43886
35.187183
0 -94.439056
35.193588
0 -94.439084
35.197298
0 -94.4388323943956
35.2019240190031
0 -94.43847
35.208587
0 -94.438247
35.210992
0 -94.4378961816963
35.2214504757097
0 -94.4378491196422
35.2228534736282
0 -94.437578
35.230936
0 -94.4377443470187
35.2380099918397
0 -94.437774
35.239271
0 -94.437578
35.242202
0 -94.4374576680443
35.2431680832093
0 -94.436595
35.250094
0 -94.4362999097886
35.2580859323414
0 -94.435812
35.2713
0 -94.4357930292852
35.2718310010462
0 -94.435706
35.274267
0 -94.4354763125738
35.2752246198844
0 -94.435316
35.275893
0 -94.4353155688876
35.2760318181919
0 -94.4353071146149
35.278754093999
0 -94.4353022919226
35.2803070009066
0 -94.43528
35.287485
0 -94.43517
35.291494
0 -94.4351275115776
35.2920980605183
0 -94.4344325311647
35.3019786398679
0 -94.434115
35.306493
0 -94.4338686617404
35.3140114544531
0 -94.4338619415009
35.3142165619127
0 -94.4337576616049
35.3173992735607
0 -94.4336738171819
35.3199582770903
0 -94.4333946425485
35.3284789257665
0 -94.4330362300113
35.3394179830659
0 -94.4328049857476
35.3464757558494
0 -94.4326195353
35.3521358621866
0 -94.4325639563446
35.3538321794576
0 -94.432245
35.363567
0 -94.4330861585611
35.3658387068937
0 -94.433117
35.365922
0 -94.431596
35.369538
0 -94.433415
35.376291
0 -94.433091
35.378296
0 -94.43559
35.386122
0 -94.441136
35.382146
0 -94.446008
35.380101
0 -94.451037
35.378957
0 -94.454785
35.378495
0 -94.460616
35.378637
0 -94.468224
35.376339
0 -94.466842
35.376998
0 -94.472803
35.375781
0 -94.476914
35.374119
0 -94.480101
35.372112
0 -94.480033
35.371832
0 -94.483603
35.369419
0 -94.486224
35.366057
0 -94.486688
35.36488
0 -94.485861
35.360363
0 -94.483267
35.355076
0 -94.480521
35.352291
0 -94.481543
35.349987
0 -94.482458
35.349072
0 -94.486369
35.346834
0 -94.489051
35.345127
0 -94.492349
35.344283
0 -94.494771
35.342566
0 -94.494379
35.337144
0 -94.494738
35.332276
0 -94.494797
35.329809
0 -94.492005
35.325406
0 -94.48774
35.322507
0 -94.483299
35.318105
0 -94.482063
35.315374
0 -94.481147
35.309507
0 -94.482368
35.307248
0 -94.485328
35.304792
0 -94.490178
35.303183
0 -94.493889
35.301223
0 -94.496241
35.301844
0 -94.498307
35.304545
0 -94.501091
35.305835
0 -94.504128
35.305924
0 -94.505696
35.304939
0 -94.511175
35.30452
0 -94.515224
35.306574
0 -94.515201
35.308692
0 -94.516956
35.309517
0 -94.519129
35.308193
0 -94.52865
35.3052
0 -94.533528
35.304331
0 -94.540034
35.304575
0 -94.542732
35.304961
0 -94.547647
35.306352
0 -94.55463
35.310219
0 -94.563551
35.319864
0 -94.565201
35.322632
0 -94.569148
35.325641
0 -94.576472
35.328867
0 -94.579056
35.328783
0 -94.583178
35.328294
0 -94.588959
35.328526
0 -94.594801
35.327974
0 -94.59882
35.326445
0 -94.603862
35.321683
0 -94.60997
35.312993
0 -94.612975
35.307628
0 -94.615879
35.304111
0 -94.621156
35.300749
0 -94.625221
35.297522
0 -94.629504
35.29527
0 -94.633432
35.293769
0 -94.643506
35.29178
0 -94.647967
35.29123
0 -94.65182
35.291214
0 -94.65743
35.291582
0 -94.66313
35.292563
0 -94.668796
35.295029
0 -94.6738
35.298756
0 -94.675601
35.300527
0 -94.678342
35.3048
0 -94.678556
35.3071
0 -94.67819
35.311888
0 -94.678379
35.315569
0 -94.678889
35.318409
0 -94.680435
35.322659
0 -94.683459
35.326252
0 -94.684885
35.32729
0 -94.69086
35.329869
0 -94.695228
35.330987
0 -94.702276
35.332011
0 -94.703995
35.332475
0 -94.709581
35.335988
0 -94.714589
35.339689
0 -94.720559
35.34593
0 -94.725697
35.349702
0 -94.730013
35.35195
0 -94.73782
35.354648
0 -94.743382
35.356009
0 -94.750224
35.356969
0 -94.756413
35.356807
0 -94.763835
35.355688
0 -94.769727
35.355317
0 -94.775247
35.35318
0 -94.777657
35.351436
0 -94.777758
35.351366
0 -94.778444
35.350895
0 -94.781615
35.347153
0 -94.785001
35.342186
0 -94.788584
35.335567
0 -94.790095
35.333384
0 -94.790528
35.331334
0 -94.792713
35.32835
0 -94.794374
35.327086
0 -94.796291
35.32646
0 -94.800908
35.324952
0 -94.806051
35.323855
0 -94.811716
35.32307
0 -94.813629
35.323344
0 -94.814162
35.260388
0 -94.814236
35.24572
0 -94.814294
35.214929
0 -94.814273
35.21477
0 -94.814284
35.202331
0 -94.893039
35.202557
0 -94.927936
35.202611
0 -94.927869
35.154129
0 -94.92805
35.15207
0 -94.927863
35.058279
0 -94.927863
35.058212
0 -94.927673
35.02058
0 -94.92771
35.01479
0 -94.927706
35.013473
0 -94.927684
35.00524
0 -94.92775
34.973187
0 -94.927756
34.970925
0 -94.927668
34.942212
0 -94.935027
34.942206
0 -94.945135
34.942198
0 -94.977799
34.942168
0 -94.980329
34.941965
0 -94.99812
34.942157
0 -94.997978
34.930767
0 -94.997957
34.925776
0 -94.99786
34.876395
0 -94.997851
34.863979
0 -94.997563
34.863046
0 -94.99783
34.859395
0 -94.99781
34.855078
0 -95.00384
34.854966
0 -95.007916
34.855328
0 -95.011269
34.85514
0 -95.059512
34.855019
0 -95.059443
34.836281
0 -95.059767
34.822918
0 -95.05945
34.820455
0 -95.059321
34.815731
0 -95.059707
34.806517
0 -95.06005
34.803962
0 