-95.187963
39.128909
0 -95.187431
39.076367
0 -95.187562
39.073117
0 -95.187374
39.070829
0 -95.187103
39.044109
0 -95.187071
39.040957
0 -95.186623
38.996674
0 -95.186588
38.993207
0 -95.186148
38.966022
0 -95.186189
38.964542
0 -95.182142
38.964524
0 -95.173656
38.965127
0 -95.169539
38.966471
0 -95.167563
38.968875
0 -95.164859
38.97152
0 -95.166498
38.975913
0 -95.165962
38.979622
0 -95.164123
38.98163
0 -95.156952
38.978884
0 -95.14936
38.974733
0 -95.148844
38.97434
0 -95.146433
38.972364
0 -95.143877
38.971612
0 -95.13969
38.969388
0 -95.130543
38.968428
0 -95.126889
38.967699
0 -95.12505
38.967935
0 -95.121881
38.969927
0 -95.120358
38.970159
0 -95.11823
38.969664
0 -95.11517
38.970046
0 -95.11091
38.969338
0 -95.108597
38.968103
0 -95.107529
38.966674
0 -95.106035
38.961858
0 -95.104541
38.959069
0 -95.100856
38.956219
0 -95.096492
38.956319
0 -95.090602
38.955076
0 -95.088156
38.953838
0 -95.085232
38.953836
0 -95.081105
38.95698
0 -95.076443
38.959831
0 -95.07456
38.962114
0 -95.074453
38.964369
0 -95.076661
38.96695
0 -95.08214
38.971249
0 -95.084785
38.972389
0 -95.086799
38.974327
0 -95.086878
38.976623
0 -95.086269
38.978497
0 -95.086688
38.98022
0 -95.084768
38.982365
0 -95.079993
38.984216
0 -95.076289
38.98517
0 -95.074967
38.98551
0 -95.06876
38.987104
0 -95.066631
38.987052
0 -95.06071
38.985625
0 -95.056258
38.98212
0 -95.049859
38.978034
0 -95.043907
38.975126
0 -95.040672
38.974156
0 -95.038373
38.974204
0 -95.035092
38.97489
0 -95.030549
38.97695
0 -95.02818
38.978569
0 -95.026253
38.98086
0 -95.024509
38.984111
0 -95.024175
38.987236
0 -95.023638
38.988238
0 -95.026045
38.992337
0 -95.024636
38.995846
0 -95.021817
38.999624
0 -95.014057
39.000858
0 -95.011429
39.000806
0 -95.003617
38.99893
0 -94.995798
38.995716
0 -94.993559
38.995044
0 -94.987656
38.994085
0 -94.980362
38.992407
0 -94.977595
38.990871
0 -94.974716
38.987874
0 -94.971604
38.98519
0 -94.964883
38.982141
0 -94.96233
38.981916
0 -94.956545
38.981972
0 -94.950596
38.98388
0 -94.948275
38.984214
0 -94.944388
38.98639
0 -94.94055
38.989982
0 -94.938925
38.994662
0 -94.935174
38.997474
0 -94.931571
39.00146
0 -94.927608
39.002784
0 -94.923603
39.002948
0 -94.920531
39.002052
0 -94.918387
39.0005
0 -94.917043
38.998852
0 -94.916243
38.9969
0 -94.916291
38.995156
0 -94.917747
38.99282
0 -94.918643
38.99322
0 -94.921043
38.99082
0 -94.922659
38.987716
0 -94.922675
38.985348
0 -94.922003
38.984068
0 -94.920307
38.983364
0 -94.916748
38.984712
0 -94.913796
38.986484
0 -94.908765
38.991401
0 -94.908839
39.041149
0 -94.908828
39.043417
0 -94.908797
39.057934
0 -94.908752
39.072144
0 -94.908741
39.090248
0 -94.90874
39.090521
0 -94.908703
39.094221
0 -94.908469
39.115707
0 -94.908465
39.116001
0 -94.908389
39.122318
0 -94.908276
39.128606
0 -94.901398
39.128632
0 -94.900863
39.142704
0 -94.900827
39.157827
0 -94.90068
39.172407
0 -94.900544
39.186939
0 -94.900478
39.201501
0 -94.900454
39.201988
0 -94.900191
39.202911
0 -94.846969
39.202053
0 -94.818689
39.201623
0 -94.81341
39.201438
0 -94.789073
39.201236
0 -94.777238
39.201001
0 -94.7755431917742
39.2006085912959
0 -94.777838
39.203522
0 -94.781518
39.206146
0 -94.783838
39.207154
0 -94.787343
39.207666
0 -94.7891003437149
39.2074309267498
0 -94.799663
39.206018
0 -94.811663
39.206594
0 -94.820687
39.208626
0 -94.823791
39.209874
0 -94.831679
39.215938
0 -94.833552
39.217794
0 -94.8349645279192
39.2204838138037
0 -94.835056
39.220658
0 -94.834896
39.223842
0 -94.827791
39.234001
0 -94.826111
39.238289
0 -94.825663
39.241729
0 -94.8263515884524
39.2448095272871
0 -94.8265718609918
39.2457949570685
0 -94.827487
39.249889
0 -94.831471
39.256273
0 -94.8355061852078
39.2601564865158
0 -94.837855
39.262417
0 -94.84632
39.268481
0 -94.8506188963092
39.2706176538204
0 -94.857072
39.273825
0 -94.8577715363187
39.2740926579512
0 -94.867568
39.277841
0 -94.87832
39.281136
0 -94.882576
39.283328
0 -94.887056
39.28648
0 -94.8895032295975
39.2887973863901
0 -94.895217
39.294208
0 -94.900049
39.300192
0 -94.9007245523984
39.3015221031679
0 -94.903137
39.306272
0 -94.905329
39.311952
0 -94.9059836798191
39.3147542497665
0 -94.9066023350017
39.3174023019755
0 -94.908065
39.323663
0 -94.9086980811043
39.3297264227506
0 -94.9096966576057
39.3392904287454
0 -94.9098137763421
39.3404121498112
0 -94.9100555120918
39.3427274077364
0 -94.910641
39.348335
0 -94.9101641721743
39.351550531235
0 -94.910017
39.352543
0 -94.909409
39.354255
0 -94.907297
39.356735
0 -94.902497
39.360383
0 -94.899024
39.362431
0 -94.896832
39.363135
0 -94.890928
39.364031
0 -94.885216
39.366911
0 -94.88136
39.370383
0 -94.879088
39.375703
0 -94.879281
39.37978
0 -94.8802294902858
39.3820808430431
0 -94.880979
39.383899
0 -94.885026
39.389801
0 -94.888972
39.392432
0 -94.891845
39.393313
0 -94.8928566011499
39.3933943412539
0 -94.894979
39.393565
0 -94.901823
39.392798
0 -94.909581
39.388865
0 -94.915859
39.386348
0 -94.919225
39.385174
0 -94.92311
39.384492
0 -94.9331272669672
39.3854935366518
0 -94.933652
39.385546
0 -94.937158
39.386531
0 -94.9378575597477
39.3869219709658
0 -94.938199849044
39.3871132701038
0 -94.939697
39.38795
0 -94.942039
39.389499
0 -94.945577
39.393851
0 -94.946227
39.395648
0 -94.946662
39.399717
0 -94.946293
39.405646
0 -94.947864
39.408604
0 -94.951209
39.411707
0 -94.954817
39.413844
0 -94.966066
39.417288
0 -94.9688486217732
39.4190729027552
0 -94.971535
39.418811
0 -95.047721
39.418954
0 -95.057225
39.418967
0 -95.066441
39.41898
0 -95.066977
39.418981
0 -95.123384
39.419063
0 -95.146443
39.419184
0 -95.146869
39.419109
0 -95.151336
39.419106
0 -95.180891
39.419218
0 -95.180382
39.411685
0 -95.179914
39.404744
0 -95.179928
39.390088
0 -95.179936
39.383298
0 -95.180036
39.379057
0 -95.179973
39.378412
0 -95.180196
39.375613
0 -95.180227
39.3685
0 -95.17988
39.317906
0 -95.180041
39.296052
0 -95.180142
39.288693
0 -95.180243
39.282458
0 -95.180215
39.281986
0 -95.180191
39.281468
0 -95.180417
39.201592
0 -95.180378
39.194343
0 -95.180301
39.168951
0 -95.180311
39.143485
0 -95.180125
39.128889
0 -95.187963
39.128909
0 