-90.453755
33.276255
0 -90.453801
33.267302
0 -90.414182
33.235853
0 -90.413236
33.23532
0 -90.412629
33.237445
0 -90.411177
33.239722
0 -90.411224
33.2411
0 -90.412451
33.243704
0 -90.410827
33.245111
0 -90.409568
33.245295
0 -90.403115
33.24522
0 -90.39351
33.2455
0 -90.386355
33.245286
0 -90.381958
33.244401
0 -90.379828
33.24252
0 -90.377889
33.24188
0 -90.375086
33.243003
0 -90.3735
33.242209
0 -90.375013
33.239979
0 -90.373829
33.238455
0 -90.366453
33.239475
0 -90.366248
33.240623
0 -90.369358
33.2404
0 -90.370066
33.241224
0 -90.367942
33.242919
0 -90.367398
33.244132
0 -90.368407
33.246124
0 -90.370532
33.246581
0 -90.372918
33.246082
0 -90.375086
33.246402
0 -90.371718
33.250928
0 -90.371817
33.255589
0 -90.370918
33.257928
0 -90.367942
33.259732
0 -90.367003
33.260862
0 -90.367369
33.262193
0 -90.370536
33.264637
0 -90.37092
33.26579
0 -90.369993
33.270498
0 -90.373118
33.273508
0 -90.373879
33.277178
0 -90.376725
33.280299
0 -90.376656
33.281374
0 -90.374161
33.281928
0 -90.370255
33.281621
0 -90.367987
33.281053
0 -90.365931
33.279643
0 -90.365917
33.278114
0 -90.364823
33.275765
0 -90.36316
33.276404
0 -90.360427
33.279677
0 -90.359675
33.281443
0 -90.361944
33.284314
0 -90.362349
33.285652
0 -90.361954
33.287585
0 -90.360235
33.290649
0 -90.358098
33.29311
0 -90.357812
33.295616
0 -90.356991
33.297083
0 -90.3537
33.298194
0 -90.352156
33.299245
0 -90.350086
33.301746
0 -90.346325
33.303917
0 -90.345395
33.307284
0 -90.343788
33.309061
0 -90.342037
33.309541
0 -90.34053
33.309413
0 -90.336248
33.307927
0 -90.334761
33.306804
0 -90.335038
33.304347
0 -90.333778
33.302836
0 -90.331589
33.302825
0 -90.329412
33.303798
0 -90.326961
33.311278
0 -90.325577
33.312109
0 -90.323282
33.311873
0 -90.320434
33.309724
0 -90.317083
33.309339
0 -90.315018
33.310232
0 -90.314653
33.311324
0 -90.31747
33.315565
0 -90.317696
33.317349
0 -90.316895
33.318001
0 -90.3145
33.318426
0 -90.310439
33.320396
0 -90.308392
33.320101
0 -90.306369
33.319094
0 -90.30376
33.316879
0 -90.303698
33.315094
0 -90.305664
33.312644
0 -90.306018
33.311332
0 -90.304833
33.30957
0 -90.303642
33.309319
0 -90.302026
33.310006
0 -90.300033
33.312739
0 -90.298478
33.313831
0 -90.294947
33.314877
0 -90.293553
33.31426
0 -90.291933
33.312692
0 -90.289544
33.311709
0 -90.287801
33.311743
0 -90.286439
33.312677
0 -90.286289
33.314149
0 -90.289553
33.316848
0 -90.29169
33.31901
0 -90.291889
33.323715
0 -90.290731
33.326459
0 -90.289506
33.328075
0 -90.28655
33.330522
0 -90.284055
33.331916
0 -90.281883
33.333919
0 -90.280897
33.33542
0 -90.279627
33.339509
0 -90.279985
33.343055
0 -90.282073
33.347962
0 -90.286735
33.35598
0 -90.288576
33.35772
0 -90.292115
33.360357
0 -90.295029
33.361784
0 -90.297665
33.362274
0 -90.302943
33.36262
0 -90.306074
33.363664
0 -90.308441
33.364037
0 -90.310524
33.36387
0 -90.313266
33.362203
0 -90.316062
33.36224
0 -90.318058
33.363034
0 -90.321321
33.36567
0 -90.322562
33.367939
0 -90.322602
33.370251
0 -90.321513
33.375121
0 -90.321308
33.37505
0 -90.317436
33.373798
0 -90.249689
33.354637
0 -90.246689
33.35349
0 -90.242957
33.352824
0 -90.174614
33.333378
0 -90.174864
33.374187
0 -90.174756
33.417003
0 -90.137817
33.416455
0 -90.13761
33.459114
0 -90.101401
33.45894
0 -90.101661
33.487686
0 -90.101863
33.501719
0 -90.101696
33.502744
0 -90.101638
33.510244
0 -90.101434
33.525793
0 -90.101399
33.535928
0 -90.102351
33.558788
0 -90.101849
33.581389
0 -90.101987
33.603792
0 -90.105483
33.603722
0 -90.106886
33.604086
0 -90.130254
33.603875
0 -90.128824
33.604736
0 -90.12781
33.607299
0 -90.124681
33.60775
0 -90.120996
33.606383
0 -90.119575
33.605123
0 -90.116932
33.604109
0 -90.114987
33.605791
0 -90.116142
33.609641
0 -90.114473
33.60987
0 -90.111737
33.608589
0 -90.110422
33.606392
0 -90.107927
33.606311
0 -90.10531
33.612345
0 -90.104574
33.617404
0 -90.106764
33.622874
0 -90.107324
33.626631
0 -90.108865
33.629498
0 -90.108748
33.633516
0 -90.107708
33.634661
0 -90.104865
33.639194
0 -90.102488
33.646976
0 -90.103064
33.649952
0 -90.101805
33.650913
0 -90.102155
33.652419
0 -90.104567
33.653474
0 -90.108237
33.654248
0 -90.108206
33.654974
0 -90.10468
33.656507
0 -90.104699
33.658984
0 -90.103007
33.661182
0 -90.105158
33.662235
0 -90.114325
33.661318
0 -90.117794
33.661873
0 -90.118676
33.663688
0 -90.120276
33.664299
0 -90.119083
33.665099
0 -90.119236
33.666484
0 -90.121252
33.666201
0 -90.121959
33.66757
0 -90.119738
33.667707
0 -90.120181
33.669653
0 -90.122691
33.672566
0 -90.122316
33.673709
0 -90.12472
33.674788
0 -90.127355
33.673842
0 -90.128511
33.674439
0 -90.125581
33.676022
0 -90.127775
33.676956
0 -90.137011
33.676944
0 -90.136787
33.721648
0 -90.15875
33.721589
0 -90.159866
33.721693
0 -90.220439
33.722122
0 -90.22255
33.725696
0 -90.224121
33.727519
0 -90.229054
33.732243
0 -90.232326
33.734384
0 -90.237702
33.736126
0 -90.239603
33.737246
0 -90.24222
33.736994
0 -90.247198
33.735093
0 -90.250085
33.73347
0 -90.251679
33.731686
0 -90.25237
33.729173
0 -90.253259
33.723552
0 -90.254033
33.720582
0 -90.256237
33.714414
0 -90.261344
33.706357
0 -90.262008
33.703273
0 -90.265544
33.699669
0 -90.269105
33.697208
0 -90.274156
33.695385
0 -90.278508
33.694392
0 -90.283055
33.694173
0 -90.288012
33.694885
0 -90.291941
33.697079
0 -90.294035
33.697683
0 -90.297468
33.697356
0 -90.300043
33.698047
0 -90.301138
33.699192
0 -90.302671
33.702832
0 -90.304053
33.706151
0 -90.308214
33.711778
0 -90.31094
33.714865
0 -90.311741
33.716307
0 -90.311506
33.719953
0 -90.313326
33.722285
0 -90.313851
33.723705
0 -90.313859
33.725746
0 -90.312203
33.731116
0 -90.310461
33.734882
0 -90.305573
33.74267
0 -90.30348
33.745055
0 -90.296992
33.74977
0 -90.296409
33.750573
0 -90.294502
33.750981
0 -90.289789
33.751026
0 -90.286473
33.75185
0 -90.280882
33.754338
0 -90.277123
33.755557
0 -90.274641
33.755897
0 -90.27159
33.756859
0 -90.265698
33.75823
0 -90.262298
33.759625
0 -90.255665
33.761133
0 -90.252485
33.762574
0 -90.250086
33.763147
0 -90.244482
33.762992
0 -90.243112
33.763565
0 -90.241714
33.763108
0 -90.24059
33.761822
0 -90.239082
33.761209
0 -90.237407
33.76192
0 -90.236859
33.765394
0 -90.235603
33.765923
0 -90.233791
33.765492
0 -90.231305
33.763633
0 -90.229685
33.760355
0 -90.227715
33.75928
0 -90.22524
33.759257
0 -90.219678
33.760056
0 -90.204205
33.759446
0 -90.200973
33.760268
0 -90.192053
33.763092
0 -90.18875
33.764786
0 -90.185599
33.765514
0 -90.181887
33.768796
0 -90.179941
33.771977
0 -90.177611
33.774106
0 -90.175171
33.777608
0 -90.173827
33.780904
0 -90.173881
33.784315
0 -90.171907
33.785894
0 -90.171221
33.787313
0 -90.17144
33.789671
0 -90.172289
33.791273
0 -90.174044
33.792761
0 -90.178046
33.79489
0 -90.178703
33.796996
0 -90.181747
33.799423
0 -90.181638
33.800705
0 -90.179965
33.80265
0 -90.179663
33.80526
0 -90.182459
33.808968
0 -90.194748
33.809397
0 -90.204396
33.809437
0 -90.214326
33.80988
0 -90.223868
33.809859
0 -90.24688
33.810223
0 -90.25309
33.809877
0 -90.287341
33.809975
0 -90.294865
33.80968
0 -90.302569
33.8098
0 -90.353366
33.810614
0 -90.366555
33.810841
0 -90.369783
33.810706
0 -90.451643
33.81139
0 -90.451603
33.796067
0 -90.452227
33.759636
0 -90.452286
33.72295
0 -90.451389
33.708628
0 -90.451647
33.694019
0 -90.451471
33.693084
0 -90.451788
33.678802
0 -90.452549
33.59757
0 -90.452308
33.59318
0 -90.452328
33.587181
0 -90.452021
33.58281
0 -90.452034
33.578454
0 -90.452363
33.574377
0 -90.452754
33.552912
0 -90.45278
33.549315
0 -90.452519
33.500118
0 -90.452571
33.479382
0 -90.45266
33.461303
0 -90.452943
33.419213
0 -90.452766
33.418656
0 -90.45277
33.403931
0 -90.453233
33.329484
0 -90.453104
33.328321
0 -90.453755
33.276255
0 