-75.889207
40.678343
0 -75.891473
40.67727
0 -75.849513
40.64994
0 -75.845257
40.647056
0 -75.779302
40.6047
0 -75.777416
40.603763
0 -75.76674
40.597033
0 -75.756106
40.590331
0 -75.739442
40.57994
0 -75.694308
40.551149
0 -75.674058
40.538419
0 -75.652203
40.524331
0 -75.641481
40.517655
0 -75.603814
40.493586
0 -75.60371
40.493517
0 -75.589845
40.484661
0 -75.579274
40.478007
0 -75.571926
40.473348
0 -75.565955
40.469585
0 -75.549261
40.459187
0 -75.536063
40.450964
0 -75.530788
40.447675
0 -75.529694
40.446995
0 -75.497356
40.426797
0 -75.490104
40.422192
0 -75.484057
40.418451
0 -75.458058
40.442642
0 -75.442264
40.457626
0 -75.409733
40.487984
0 -75.408763
40.488601
0 -75.388292
40.501697
0 -75.386717
40.502669
0 -75.386078
40.503042
0 -75.382017
40.505631
0 -75.380396
40.506658
0 -75.338633
40.534068
0 -75.333514
40.537057
0 -75.352203
40.548691
0 -75.379304
40.565546
0 -75.390193
40.572314
0 -75.403822
40.580787
0 -75.404412
40.581154
0 -75.39429
40.593018
0 -75.391275
40.596551
0 -75.390741
40.600052
0 -75.390635
40.600677
0 -75.390243
40.603338
0 -75.389966
40.605163
0 -75.388559
40.614423
0 -75.384426
40.614815
0 -75.379141
40.615247
0 -75.378125
40.615358
0 -75.380367
40.616886
0 -75.38304
40.617351
0 -75.383171
40.618692
0 -75.38414
40.620163
0 -75.38334
40.624249
0 -75.385007
40.625181
0 -75.38884
40.628709
0 -75.388565
40.629616
0 -75.387464
40.633122
0 -75.392476
40.634124
0 -75.395841
40.636856
0 -75.399791
40.640108
0 -75.405104
40.644858
0 -75.4109
40.650135
0 -75.419067
40.658342
0 -75.424894
40.663661
0 -75.430122
40.668427
0 -75.430136
40.672313
0 -75.429848
40.673461
0 -75.430404
40.674152
0 -75.445286
40.66882
0 -75.459489
40.663726
0 -75.466157
40.661305
0 -75.473024
40.658811
0 -75.479142
40.656591
0 -75.481469
40.655744
0 -75.483933
40.659616
0 -75.483727
40.660196
0 -75.483628
40.666873
0 -75.485027
40.671496
0 -75.486137
40.672999
0 -75.487329
40.674497
0 -75.48922
40.675993
0 -75.491127
40.676996
0 -75.49534
40.677787
0 -75.497803
40.679278
0 -75.503053
40.689715
0 -75.503598
40.690185
0 -75.510524
40.695056
0 -75.511912
40.696999
0 -75.515628
40.702196
0 -75.52218
40.712876
0 -75.525528
40.720095
0 -75.525484
40.720623
0 -75.526156
40.728047
0 -75.526236
40.732703
0 -75.527204
40.734068
0 -75.530236
40.736399
0 -75.537196
40.737727
0 -75.539324
40.737007
0 -75.54054
40.735791
0 -75.541806
40.727918
0 -75.543115
40.726494
0 -75.544316
40.725054
0 -75.550988
40.722056
0 -75.555541
40.72092
0 -75.558165
40.720886
0 -75.561298
40.721838
0 -75.564418
40.72347
0 -75.567801
40.725927
0 -75.568857
40.727351
0 -75.570252
40.731263
0 -75.571277
40.733215
0 -75.572653
40.734271
0 -75.57562
40.735311
0 -75.580444
40.735031
0 -75.587902
40.733887
0 -75.590206
40.734463
0 -75.592558
40.736127
0 -75.594235
40.738758
0 -75.595454
40.740847
0 -75.595842
40.741701
0 -75.596702
40.743599
0 -75.597602
40.74461
0 -75.601694
40.749551
0 -75.60274
40.753064
0 -75.603569
40.756805
0 -75.603369
40.758716
0 -75.602655
40.764213
0 -75.60287
40.765956
0 -75.604525
40.768815
0 -75.606659
40.771319
0 -75.60468
40.776728
0 -75.605459
40.780783
0 -75.608985
40.787387
0 -75.609068
40.787523
0 -75.65259
40.779465
0 -75.67683
40.774906
0 -75.688105
40.772116
0 -75.694749
40.770075
0 -75.69938
40.76612
0 -75.702365
40.763259
0 -75.702418
40.76224
0 -75.7286
40.753915
0 -75.732208
40.751644
0 -75.734112
40.748789
0 -75.739309
40.744155
0 -75.743585
40.743462
0 -75.744863
40.740309
0 -75.757807
40.735414
0 -75.765947
40.730926
0 -75.770292
40.729938
0 -75.77769
40.729534
0 -75.779682
40.725022
0 -75.782931
40.72306
0 -75.796518
40.717034
0 -75.807789
40.707492
0 -75.808285
40.707299
0 -75.826765
40.700073
0 -75.830132
40.698568
0 -75.842905
40.693541
0 -75.844663
40.693001
0 -75.854809
40.693192
0 -75.889207
40.678343
0 