-114.819047
44.748424
0 -114.819955
44.74802
0 -114.818276
44.746235
0 -114.819031
44.744507
0 -114.817734
44.740158
0 -114.81543
44.73777
0 -114.815247
44.73529
0 -114.814637
44.734661
0 -114.812256
44.734569
0 -114.811051
44.73283
0 -114.81134
44.731075
0 -114.809456
44.727257
0 -114.80735
44.724838
0 -114.805389
44.723446
0 -114.803115
44.720215
0 -114.800781
44.718334
0 -114.796386
44.716808
0 -114.795486
44.716095
0 -114.795043
44.713753
0 -114.794273
44.713219
0 -114.793151
44.712933
0 -114.78897
44.713776
0 -114.788297
44.716091
0 -114.786239
44.715531
0 -114.784125
44.713921
0 -114.782431
44.714035
0 -114.781111
44.712837
0 -114.780875
44.7108
0 -114.779898
44.709332
0 -114.778188
44.708175
0 -114.777335
44.706768
0 -114.7759
44.706742
0 -114.772734
44.704861
0 -114.772909
44.703202
0 -114.768782
44.702351
0 -114.768095
44.700673
0 -114.761844
44.697136
0 -114.760297
44.695164
0 -114.7568
44.694357
0 -114.755646
44.692296
0 -114.753359
44.690397
0 -114.752278
44.688523
0 -114.75092
44.687958
0 -114.750653
44.686379
0 -114.748013
44.683705
0 -114.747113
44.679154
0 -114.745823
44.676823
0 -114.741291
44.674695
0 -114.740773
44.672574
0 -114.739277
44.671166
0 -114.736981
44.670136
0 -114.736546
44.66755
0 -114.738247
44.666436
0 -114.737499
44.665048
0 -114.737667
44.663411
0 -114.735653
44.662335
0 -114.73595
44.660596
0 -114.737888
44.659696
0 -114.738613
44.658646
0 -114.738316
44.656766
0 -114.740131
44.656472
0 -114.741512
44.655392
0 -114.74165
44.653252
0 -114.740826
44.652757
0 -114.73743
44.652623
0 -114.735149
44.653748
0 -114.733188
44.652638
0 -114.731052
44.652696
0 -114.729526
44.651525
0 -114.727169
44.652158
0 -114.724742
44.6512
0 -114.721416
44.651654
0 -114.717426
44.650594
0 -114.712741
44.650384
0 -114.710956
44.650754
0 -114.708446
44.653104
0 -114.706439
44.653917
0 -114.705798
44.656385
0 -114.702937
44.656919
0 -114.697161
44.654997
0 -114.69427
44.655767
0 -114.691798
44.655424
0 -114.689028
44.656912
0 -114.68764
44.656748
0 -114.685648
44.658297
0 -114.683634
44.658682
0 -114.680308
44.658549
0 -114.678766
44.659056
0 -114.674524
44.659029
0 -114.673311
44.659651
0 -114.669901
44.659811
0 -114.668688
44.660635
0 -114.665834
44.660552
0 -114.662447
44.662097
0 -114.661447
44.66083
0 -114.65928
44.659667
0 -114.657587
44.660037
0 -114.652414
44.658583
0 -114.65088
44.658767
0 -114.650407
44.657683
0 -114.647958
44.657626
0 -114.64721
44.656978
0 -114.639458
44.655448
0 -114.638276
44.653999
0 -114.633263
44.653613
0 -114.631859
44.652892
0 -114.628899
44.652625
0 -114.627129
44.647983
0 -114.620956
44.645893
0 -114.619263
44.644027
0 -114.615104
44.642753
0 -114.613624
44.639778
0 -114.612213
44.638672
0 -114.609771
44.637855
0 -114.607116
44.636082
0 -114.604827
44.633449
0 -114.605644
44.632366
0 -114.602752
44.629669
0 -114.603118
44.628143
0 -114.600905
44.625954
0 -114.600127
44.6245
0 -114.596033
44.621834
0 -114.596415
44.620152
0 -114.595394
44.618719
0 -114.595963
44.613828
0 -114.595834
44.611052
0 -114.596823
44.607407
0 -114.598534
44.604898
0 -114.601306
44.601695
0 -114.603277
44.598018
0 -114.60351
44.596551
0 -114.602591
44.595409
0 -114.601485
44.594406
0 -114.598697
44.593176
0 -114.594968
44.592172
0 -114.591452
44.590737
0 -114.585867
44.589325
0 -114.58354
44.587788
0 -114.581617
44.587548
0 -114.578962
44.586174
0 -114.57549
44.582932
0 -114.57459
44.581074
0 -114.574453
44.578888
0 -114.569455
44.576409
0 -114.5677
44.575864
0 -114.562039
44.575887
0 -114.558232
44.578092
0 -114.553135
44.578481
0 -114.551259
44.578618
0 -114.54385
44.5804
0 -114.540463
44.582532
0 -114.537075
44.587728
0 -114.532688
44.593008
0 -114.53085
44.594385
0 -114.529095
44.597173
0 -114.525852
44.598413
0 -114.520824
44.602632
0 -114.516498
44.604051
0 -114.514111
44.603817
0 -114.509111
44.602618
0 -114.503211
44.602618
0 -114.49751
44.604618
0 -114.49641
44.604318
0 -114.49081
44.599118
0 -114.48921
44.596618
0 -114.48621
44.594518
0 -114.48151
44.594618
0 -114.477109
44.593818
0 -114.477109
44.594818
0 -114.472995
44.59968
0 -114.472009
44.603018
0 -114.470809
44.604618
0 -114.466109
44.606118
0 -114.466209
44.607118
0 -114.462709
44.608818
0 -114.455709
44.610418
0 -114.451909
44.612019
0 -114.450909
44.612919
0 -114.451409
44.615619
0 -114.450909
44.618419
0 -114.449109
44.620619
0 -114.449609
44.624819
0 -114.450196
44.625556
0 -114.449856
44.628308
0 -114.448761
44.631056
0 -114.446492
44.632221
0 -114.44294
44.635864
0 -114.442132
44.637573
0 -114.440285
44.639344
0 -114.439991
44.642196
0 -114.436671
44.646714
0 -114.43637
44.65111
0 -114.435848
44.65188
0 -114.433823
44.650965
0 -114.428819
44.651479
0 -114.424134
44.654479
0 -114.420165
44.655703
0 -114.417246
44.654146
0 -114.414698
44.654201
0 -114.412712
44.655199
0 -114.409832
44.655454
0 -114.406131
44.660069
0 -114.40597
44.664332
0 -114.404267
44.665063
0 -114.400019
44.665245
0 -114.394482
44.668508
0 -114.39033
44.667884
0 -114.386634
44.670988
0 -114.386061
44.672361
0 -114.386226
44.677297
0 -114.387769
44.680393
0 -114.38638
44.684515
0 -114.384388
44.68652
0 -114.38381
44.688733
0 -114.381858
44.692114
0 -114.382366
44.694365
0 -114.380797
44.696473
0 -114.379045
44.697605
0 -114.376575
44.700446
0 -114.37614
44.702358
0 -114.374772
44.70439
0 -114.373038
44.70928
0 -114.375908
44.709293
0 -114.379508
44.71012
0 -114.381708
44.71112
0 -114.384708
44.71332
0 -114.391708
44.71452
0 -114.394309
44.71632
0 -114.397609
44.71482
0 -114.400209
44.71432
0 -114.404709
44.71762
0 -114.406309
44.719319
0 -114.403509
44.72342
0 -114.403409
44.72522
0 -114.404209
44.72802
0 -114.403609
44.72952
0 -114.407309
44.729819
0 -114.408709
44.731619
0 -114.408409
44.732919
0 -114.406309
44.73502
0 -114.404709
44.73882
0 -114.403409
44.73962
0 -114.399709
44.73852
0 -114.398309
44.73882
0 -114.397909
44.74182
0 -114.395518
44.743286
0 -114.394549
44.745032
0 -114.395922
44.74644
0 -114.397108
44.74992
0 -114.395026
44.752284
0 -114.393092
44.752782
0 -114.388333
44.752535
0 -114.381205
44.749366
0 -114.377715
44.748868
0 -114.373528
44.750481
0 -114.371753
44.75075
0 -114.370176
44.74992
0 -114.364608
44.74992
0 -114.361408
44.75132
0 -114.360708
44.75342
0 -114.358808
44.75442
0 -114.357008
44.75692
0 -114.353108
44.75902
0 -114.353008
44.76082
0 -114.351008
44.76462
0 -114.350808
44.77022
0 -114.353908
44.77352
0 -114.352708
44.77672
0 -114.349108
44.77822
0 -114.346808
44.778321
0 -114.345508
44.779221
0 -114.345708
44.781921
0 -114.341608
44.784921
0 -114.340808
44.786921
0 -114.342108
44.788721
0 -114.342408
44.790521
0 -114.344008
44.793821
0 -114.339708
44.793521
0 -114.336808
44.795121
0 -114.333508
44.798421
0 -114.327308
44.800321
0 -114.323808
44.800021
0 -114.318707
44.801421
0 -114.316007
44.801521
0 -114.316507
44.805121
0 -114.311707
44.809721
0 -114.309407
44.811321
0 -114.309007
44.812721
0 -114.307107
44.814421
0 -114.303207
44.815321
0 -114.302107
44.817421
0 -114.300107
44.819421
0 -114.297107
44.820721
0 -114.293907
44.821421
0 -114.287207
44.822021
0 -114.286407
44.823321
0 -114.282806
44.824621
0 -114.277806
44.823522
0 -114.275406
44.825422
0 -114.272606
44.828822
0 -114.271906
44.830422
0 -114.269806
44.831722
0 -114.267406
44.832322
0 -114.267206
44.835122
0 -114.264706
44.836122
0 -114.263506
44.839122
0 -114.267373
44.841078
0 -114.266926
44.846085
0 -114.266236
44.847455
0 -114.26286
44.848478
0 -114.262283
44.849805
0 -114.260042
44.850391
0 -114.256355
44.850442
0 -114.253267
44.850973
0 -114.249543
44.850766
0 -114.244874
44.851934
0 -114.242981
44.853596
0 -114.243906
44.855722
0 -114.241705
44.859522
0 -114.238405
44.861822
0 -114.236705
44.862422
0 -114.232405
44.862622
0 -114.225405
44.863822
0 -114.225105
44.864322
0 -114.225705
44.870122
0 -114.225505
44.874622
0 -114.224205
44.877222
0 -114.221205
44.879122
0 -114.218805
44.877522
0 -114.217905
44.875722
0 -114.215105
44.872722
0 -114.215005
44.869422
0 -114.212705
44.867122
0 -114.211504
44.862922
0 -114.209504
44.862622
0 -114.200204
44.862422
0 -114.197604
44.862923
0 -114.195504
44.860423
0 -114.196804
44.857023
0 -114.196804
44.855323
0 -114.195804
44.854123
0 -114.197204
44.849123
0 -114.198404
44.848323
0 -114.198604
44.846423
0 -114.193203
44.842423
0 -114.193703
44.839923
0 -114.192003
44.838423
0 -114.192103
44.837223
0 -114.195703
44.835723
0 -114.198504
44.834023
0 -114.198303
44.832223
0 -114.199103
44.830823
0 -114.194403
44.827023
0 -114.190803
44.825923
0 -114.189803
44.824723
0 -114.192003
44.824123
0 -114.192603
44.821723
0 -114.194503
44.818923
0 -114.193903
44.815923
0 -114.194803
44.813923
0 -114.197203
44.810523
0 -114.196403
44.807323
0 -114.200703
44.802023
0 -114.202103
44.801623
0 -114.204603
44.799623
0 -114.203103
44.797423
0 -114.205003
44.794923
0 -114.204703
44.791523
0 -114.206203
44.789623
0 -114.206503
44.787323
0 -114.204703
44.783923
0 -114.205903
44.780923
0 -114.203403
44.778923
0 -114.201803
44.778523
0 -114.203003
44.777323
0 -114.206803
44.775323
0 -114.206503
44.771123
0 -114.212103
44.764823
0 -114.212003
44.763823
0 -114.215103
44.762823
0 -114.216503
44.761823
0 -114.216203
44.759623
0 -114.217303
44.757723
0 -114.216603
44.755223
0 -114.216703
44.750023
0 -114.217676
44.74834
0 -114.216502
44.746129
0 -114.214501
44.744829
0 -114.208701
44.744029
0 -114.203801
44.744929
0 -114.198201
44.746429
0 -114.194201
44.746629
0 -114.192201
44.746029
0 -114.190101
44.743929
0 -114.1885
44.743429
0 -114.1821
44.743329
0 -114.1791
44.745029
0 -114.1752
44.74583
0 -114.1734
44.74523
0 -114.17
44.74173
0 -114.164748
44.740356
0 -114.163486
44.741302
0 -114.162314
44.743837
0 -114.158126
44.744027
0 -114.157421
44.744829
0 -114.153844
44.744954
0 -114.152663
44.740598
0 -114.149603
44.739653
0 -114.145742
44.736897
0 -114.141313
44.731294
0 -114.138899
44.731824
0 -114.136654
44.730211
0 -114.130165
44.73679
0 -114.128565
44.737958
0 -114.127599
44.740424
0 -114.125699
44.741424
0 -114.121299
44.738724
0 -114.119199
44.739524
0 -114.117699
44.741024
0 -114.116199
44.740524
0 -114.112399
44.745324
0 -114.108298
44.746125
0 -114.107198
44.747025
0 -114.107799
44.748625
0 -114.105972
44.749758
0 -114.103218
44.749425
0 -114.101098
44.749925
0 -114.098698
44.751525
0 -114.096198
44.751425
0 -114.092298
44.752225
0 -114.095298
44.756425
0 -114.090198
44.754825
0 -114.086598
44.756025
0 -114.084698
44.755725
0 -114.084098
44.751125
0 -114.082598
44.748625
0 -114.081197
44.747825
0 -114.078397
44.747525
0 -114.076997
44.746225
0 -114.075197
44.742725
0 -114.074397
44.739825
0 -114.070297
44.734825
0 -114.068397
44.732925
0 -114.066596
44.732425
0 -114.064996
44.731025
0 -114.062096
44.727025
0 -114.061496
44.722725
0 -114.060196
44.720325
0 -114.055395
44.715725
0 -114.050769
44.712631
0 -114.049442
44.711061
0 -114.049686
44.708586
0 -114.052556
44.705994
0 -114.052586
44.704009
0 -114.050572
44.70306
0 -114.050831
44.701314
0 -114.049467
44.701022
0 -114.051304
44.69903
0 -114.048923
44.692447
0 -114.048053
44.691389
0 -114.045481
44.690436
0 -114.04504
44.689387
0 -114.043046
44.689053
0 -114.040687
44.686085
0 -114.040596
44.683974
0 -114.03839
44.681588
0 -114.035954
44.681406
0 -114.036738
44.680046
0 -114.035109
44.680068
0 -114.036562
44.678681
0 -114.035487
44.677024
0 -114.037078
44.676191
0 -114.034258
44.674808
0 -114.035511
44.674085
0 -114.035375
44.671167
0 -114.031681
44.66884
0 -114.031588
44.666337
0 -114.029022
44.665149
0 -114.028485
44.663504
0 -114.023908
44.659312
0 -114.023748
44.658056
0 -114.022342
44.657853
0 -114.021821
44.655017
0 -114.020027
44.654447
0 -114.021507
44.652107
0 -114.019036
44.651504
0 -114.016476
44.65197
0 -114.015991
44.650273
0 -114.015033
44.651517
0 -114.010906
44.651689
0 -114.010846
44.650154
0 -114.008427
44.648617
0 -114.007528
44.649121
0 -114.006778
44.645737
0 -114.004198
44.64454
0 -114.004322
44.643794
0 -114.005674
44.643554
0 -114.005261
44.641442
0 -114.006269
44.639863
0 -114.006202
44.638119
0 -114.005006
44.636106
0 -114.004114
44.636319
0 -114.003835
44.634713
0 -114.001324
44.63399
0 -113.999057
44.632497
0 -113.999406
44.631271
0 -113.996782
44.631714
0 -113.99754
44.630348
0 -113.99608
44.630729
0 -113.994947
44.627825
0 -113.993327
44.627739
0 -113.992627
44.626231
0 -113.991214
44.626621
0 -113.990397
44.624549
0 -113.98877
44.62507
0 -113.988976
44.6237
0 -113.986894
44.622878
0 -113.986815
44.621222
0 -113.984987
44.620686
0 -113.984141
44.619112
0 -113.981945
44.619113
0 -113.980317
44.618286
0 -113.977745
44.61923
0 -113.976201
44.61872
0 -113.974466
44.619533
0 -113.972868
44.61842
0 -113.972168
44.616249
0 -113.970855
44.616364
0 -113.968244
44.615158
0 -113.96627
44.61353
0 -113.965446
44.610953
0 -113.966198
44.609499
0 -113.965215
44.609192
0 -113.96612
44.607607
0 -113.963825
44.608458
0 -113.961667
44.607543
0 -113.96129
44.60536
0 -113.957566
44.603277
0 -113.957166
44.601193
0 -113.954992
44.598879
0 -113.95196
44.597673
0 -113.949541
44.595902
0 -113.947022
44.589578
0 -113.945341
44.58942
0 -113.94488
44.587429
0 -113.94356
44.585997
0 -113.941457
44.585723
0 -113.934089
44.581896
0 -113.931496
44.581665
0 -113.931235
44.580651
0 -113.928541
44.579378
0 -113.929761
44.576817
0 -113.927084
44.574151
0 -113.926792
44.572456
0 -113.924997
44.572506
0 -113.923355
44.571003
0 -113.922105
44.567844
0 -113.919374
44.566631
0 -113.920026
44.565633
0 -113.915884
44.566066
0 -113.915492
44.565254
0 -113.911811
44.563986
0 -113.911941
44.562533
0 -113.909081
44.559658
0 -113.90836
44.560218
0 -113.904302
44.559164
0 -113.902553
44.559437
0 -113.899508
44.558553
0 -113.899463
44.557473
0 -113.896588
44.555421
0 -113.896358
44.553945
0 -113.89405
44.552798
0 -113.891013
44.55294
0 -113.890047
44.551804
0 -113.886689
44.550453
0 -113.884343
44.548659
0 -113.882457
44.548318
0 -113.881615
44.546486
0 -113.879523
44.544137
0 -113.877768
44.543264
0 -113.876489
44.54169
0 -113.874507
44.541719
0 -113.872212
44.540673
0 -113.867216
44.536326
0 -113.864738
44.53579
0 -113.863978
44.534474
0 -113.858525
44.533237
0 -113.852327
44.529625
0 -113.849266
44.52679
0 -113.844326
44.52355
0 -113.843666
44.521472
0 -113.841587
44.519832
0 -113.838511
44.514727
0 -113.838187
44.512155
0 -113.835182
44.511333
0 -113.835258
44.509649
0 -113.833571
44.5083
0 -113.833517
44.507263
0 -113.828802
44.503359
0 -113.823813
44.501204
0 -113.823259
44.499105
0 -113.822179
44.499786
0 -113.820416
44.498234
0 -113.82083
44.496928
0 -113.816162
44.493989
0 -113.812262
44.493726
0 -113.810047
44.494099
0 -113.808407
44.493029
0 -113.804714
44.493133
0 -113.795128
44.492656
0 -113.793082
44.49344
0 -113.788599
44.494152
0 -113.78499
44.491672
0 -113.781244
44.490278
0 -113.778608
44.490332
0 -113.774026
44.489492
0 -113.772801
44.488762
0 -113.770272
44.488931
0 -113.760537
44.484479
0 -113.755756
44.484444
0 -113.752301
44.483883
0 -113.749313
44.482311
0 -113.743756
44.480526
0 -113.738524
44.480469
0 -113.734822
44.478825
0 -113.72719
44.477171
0 -113.720516
44.474755
0 -113.717919
44.475189
0 -113.714195
44.474274
0 -113.70675
44.47438
0 -113.703929
44.471824
0 -113.702489
44.471841
0 -113.696176
44.468984
0 -113.688754
44.467492
0 -113.687053
44.465534
0 -113.684694
44.464723
0 -113.682059
44.46204
0 -113.679317
44.461217
0 -113.678046
44.459105
0 -113.67437
44.456522
0 -113.670288
44.456
0 -113.667753
44.455144
0 -113.665051
44.453251
0 -113.664798
44.452231
0 -113.661574
44.451841
0 -113.659209
44.450606
0 -113.654668
44.450051
0 -113.649216
44.449885
0 -113.647218
44.449067
0 -113.643335
44.44934
0 -113.641398
44.448999
0 -113.637731
44.447105
0 -113.635595
44.446939
0 -113.629921
44.447677
0 -113.628574
44.446689
0 -113.625363
44.446285
0 -113.624246
44.44719
0 -113.622233
44.447339
0 -113.620141
44.446534
0 -113.613479
44.445824
0 -113.610436
44.443116
0 -113.607926
44.443847
0 -113.600949
44.441809
0 -113.597526
44.441535
0 -113.594816
44.442831
0 -113.59278
44.442755
0 -113.590269
44.443677
0 -113.583515
44.442334
0 -113.581424
44.442198
0 -113.576569
44.438825
0 -113.573016
44.439012
0 -113.564762
44.436006
0 -113.56359
44.433176
0 -113.561952
44.430729
0 -113.557565
44.429177
0 -113.557397
44.428019
0 -113.554496
44.42712
0 -113.554159
44.426423
0 -113.550722
44.426576
0 -113.548257
44.425967
0 -113.541751
44.425659
0 -113.539921
44.424902
0 -113.534885
44.424308
0 -113.534739
44.424966
0 -113.526096
44.426105
0 -113.523348
44.426121
0 -113.520455
44.425341
0 -113.519843
44.424523
0 -113.515756
44.42456
0 -113.51382
44.423363
0 -113.508071
44.423558
0 -113.505852
44.422646
0 -113.50221
44.422797
0 -113.497778
44.424749
0 -113.496908
44.426373
0 -113.494308
44.428722
0 -113.491178
44.429837
0 -113.486902
44.433273
0 -113.485953
44.433498
0 -113.484355
44.435951
0 -113.484259
44.438319
0 -113.481659
44.440319
0 -113.478159
44.444019
0 -113.476859
44.447919
0 -113.473859
44.449019
0 -113.46926
44.452219
0 -113.46536
44.455419
0 -113.45996
44.454019
0 -113.45706
44.454219
0 -113.45256
44.455519
0 -113.44964
44.45244
0 -113.447772
44.451869
0 -113.44591
44.449515
0 -113.445404
44.446312
0 -113.444485
44.44454
0 -113.442884
44.443558
0 -113.438917
44.442434
0 -113.437011
44.439488
0 -113.437508
44.438819
0 -113.436689
44.435917
0 -113.43802
44.431742
0 -113.436267
44.429762
0 -113.436014
44.42703
0 -113.434368
44.425724
0 -113.428735
44.424731
0 -113.425474
44.422871
0 -113.423721
44.419091
0 -113.421028
44.417642
0 -113.420951
44.416194
0 -113.419084
44.413895
0 -113.417968
44.411026
0 -113.414602
44.407575
0 -113.414686
44.405978
0 -113.41207
44.40318
0 -113.411925
44.401759
0 -113.410549
44.400201
0 -113.410259
44.396531
0 -113.408432
44.392997
0 -113.40828
44.391906
0 -113.405665
44.388981
0 -113.40461
44.386517
0 -113.405483
44.385053
0 -113.404811
44.382436
0 -113.403015
44.379983
0 -113.399206
44.37894
0 -113.396118
44.37625
0 -113.395521
44.374466
0 -113.393181
44.373269
0 -113.392578
44.371547
0 -113.380287
44.363642
0 -113.37849
44.362999
0 -113.377207
44.361166
0 -113.377691
44.359049
0 -113.375626
44.35865
0 -113.373588
44.355381
0 -113.373648
44.354141
0 -113.370854
44.351877
0 -113.366678
44.349937
0 -113.361812
44.346006
0 -113.361137
44.343346
0 -113.357998
44.338179
0 -113.356306
44.334148
0 -113.356286
44.32949
0 -113.35361
44.32739
0 -113.35279
44.325283
0 -113.349633
44.323288
0 -113.348074
44.323354
0 -113.345712
44.32217
0 -113.341034
44.318797
0 -113.339749
44.316438
0 -113.339234
44.311578
0 -113.337923
44.308966
0 -113.337513
44.306503
0 -113.339021
44.305168
0 -113.3391
44.303157
0 -113.337829
44.298186
0 -113.336927
44.296003
0 -113.33691
44.293929
0 -113.333556
44.290891
0 -113.332287
44.288713
0 -113.331897
44.286508
0 -113.329995
44.284121
0 -113.329222
44.281784
0 -113.328916
44.278273
0 -113.329526
44.277379
0 -113.328678
44.275838
0 -113.326143
44.273583
0 -113.326424
44.270999
0 -113.330111
44.268546
0 -113.333041
44.264744
0 -113.333277
44.262017
0 -113.334642
44.259834
0 -113.33471
44.257623
0 -113.33403
44.255555
0 -113.334793
44.254984
0 -113.333051
44.251303
0 -113.33373
44.250442
0 -113.332292
44.248822
0 -113.332742
44.247846
0 -113.330795
44.246332
0 -113.331154
44.245487
0 -113.328749
44.242201
0 -113.327627
44.242426
0 -113.324956
44.241082
0 -113.321132
44.236847
0 -113.320672
44.232998
0 -112.995379
44.233956
0 -112.934726
44.234302
0 -112.934701
44.230293
0 -112.875835
44.230234
0 -112.87296
44.230458
0 -112.813907
44.230439
0 -112.813731
44.249647
0 -112.813817
44.376855
0 -112.814156133807
44.3771984932188
0 -112.820489
44.370946
0 -112.844859
44.358221
0 -112.855395
44.359975
0 -112.881769
44.380315
0 -112.88423
44.391487
0 -112.884221
44.393726
0 -112.886041
44.395874
0 -112.884325
44.400484
0 -112.884667
44.402106
0 -112.888299
44.403763
0 -112.890373
44.405142
0 -112.89329
44.404557
0 -112.896556
44.401084
0 -112.901228
44.398683
0 -112.910869
44.401914
0 -112.915602
44.402699
0 -112.918373
44.406038
0 -112.919625
44.409581
0 -112.927542
44.411329
0 -112.93057
44.413312
0 -112.932849
44.412957
0 -112.937068
44.412616
0 -112.941336
44.413165
0 -112.946703
44.415716
0 -112.951146
44.416699
0 -112.953457
44.420774
0 -112.953028
44.424159
0 -112.959555
44.424208
0 -112.9642
44.423787
0 -112.981682
44.434279
0 -112.986168
44.440324
0 -112.993767
44.446537
0 -113.003544
44.450814
0 -113.008846
44.464315
0 -113.006846
44.471715
0 -113.014647
44.480215
0 -113.018847
44.482415
0 -113.025637
44.493874
0 -113.026148
44.497016
0 -113.023364
44.500443
0 -113.017047
44.50398
0 -113.015532
44.508528
0 -113.014268
44.513075
0 -113.011237
44.515854
0 -113.008457
44.516865
0 -113.005453
44.519312
0 -113.005931
44.52217
0 -113.007194
44.52596
0 -113.014016
44.528487
0 -113.020079
44.531771
0 -113.022858
44.53455
0 -113.026143
44.535561
0 -113.032722
44.537137
0 -113.037006
44.538845
0 -113.044586
44.542635
0 -113.047112
44.546677
0 -113.046102
44.550972
0 -113.044838
44.555014
0 -113.042312
44.55653
0 -113.038522
44.558551
0 -113.036754
44.560825
0 -113.037512
44.564362
0 -113.043575
44.568657
0 -113.053934
44.572952
0 -113.061071
44.577329
0 -113.064039
44.579268
0 -113.064545
44.583058
0 -113.065303
44.586595
0 -113.070356
44.590132
0 -113.076672
44.593417
0 -113.082483
44.59569
0 -113.085767
44.597206
0 -113.08703
44.599985
0 -113.083819
44.60222
0 -113.07844
44.607312
0 -113.074398
44.613376
0 -113.071114
44.615397
0 -113.065593
44.617391
0 -113.060023
44.618118
0 -113.055702
44.618681
0 -113.053529
44.621187
0 -113.049349
44.62938
0 -113.051504
44.63695
0 -113.058942692694
44.6435098865421
0 -113.065589
44.649371
0 -113.066281647829
44.6511562825715
0 -113.068306
44.656374
0 -113.07042
44.667844
0 -113.071086
44.671832
0 -113.06776
44.679474
0 -113.082616
44.683166
0 -113.080086
44.688426
0 -113.098064
44.697477
0 -113.101154
44.708578
0 -113.102138
44.729027
0 -113.112133
44.732966
0 -113.116625
44.731971
0 -113.117765
44.733292
0 -113.116873
44.738112
0 -113.121018
44.746617
0 -113.124624
44.749225
0 -113.130416
44.749922
0 -113.134824
44.752763
0 -113.137704
44.760109
0 -113.131387
44.764738
0 -113.131453
44.772837
0 -113.140618
44.776698
0 -113.158206
44.780847
0 -113.163806
44.778921
0 -113.179366
44.787142
0 -113.183395
44.793565
0 -113.19436
44.802151
0 -113.209624
44.80907
0 -113.238729
44.814144
0 -113.247166
44.82295
0 -113.278382
44.812706
0 -113.29683
44.803358
0 -113.301508
44.798985
0 -113.304224
44.797279
0 -113.336505
44.785841
0 -113.341704
44.784853
0 -113.343749
44.785079
0 -113.352391
44.789781
0 -113.354034
44.791745
0 -113.354932
44.793339
0 -113.354763
44.795468
0 -113.346692
44.798898
0 -113.3461
44.800611
0 -113.356062
44.819798
0 -113.377153
44.834858
0 -113.383984
44.8374
0 -113.390461
44.83766
0 -113.393628
44.837085
0 -113.399385
44.837948
0 -113.406869
44.839675
0 -113.411475
44.840251
0 -113.416081
44.839388
0 -113.418424
44.838618
0 -113.419479
44.838025
0 -113.420798
44.837695
0 -113.421589
44.837464
0 -113.422249
44.837662
0 -113.422216
44.838354
0 -113.422183
44.839904
0 -113.422611
44.841025
0 -113.422513
44.842377
0 -113.423568
44.844059
0 -113.425868
44.848023
0 -113.428171
44.853205
0 -113.431338
44.855508
0 -113.43508
44.854644
0 -113.439398
44.855508
0 -113.441701
44.857811
0 -113.44314
44.860977
0 -113.445443
44.861553
0 -113.449473
44.862992
0 -113.452525
44.863876
0 -113.454858
44.865572
0 -113.456342
44.868541
0 -113.457615
44.87469
0 -113.460239
44.877442
0 -113.461643
44.879992
0 -113.46228
44.883384
0 -113.462492
44.886777
0 -113.46546
44.888898
0 -113.468005
44.890594
0 -113.472588
44.891993
0 -113.475003
44.893563
0 -113.477396
44.895521
0 -113.477108
44.898112
0 -113.475215
44.901409
0 -113.473942
44.904377
0 -113.472246
44.907134
0 -113.47161
44.90883
0 -113.473094
44.910527
0 -113.475851
44.911587
0 -113.483484
44.919009
0 -113.488998
44.922825
0 -113.491121
44.927548
0 -113.495783
44.935336
0 -113.497904
44.942122
0 -113.497904
44.946151
0 -113.494446
44.948597
0 -113.491754
44.949968
0 -113.480836
44.95031
0 -113.474781
44.948795
0 -113.467467
44.948061
0 -113.452737
44.951452
0 -113.448958
44.953544
0 -113.443782
44.95989
0 -113.444745757119
44.974391867535
0 -113.444862
44.976141
0 -113.447013
44.984637
0 -113.446164
44.994074
0 -113.446588
44.998315
0 -113.445104
45.000859
0 -113.439166
45.004464
0 -113.437726
45.006967
0 -113.437894
45.009977
0 -113.443195
45.014006
0 -113.445952
45.018459
0 -113.448072
45.02164
0 -113.447012
45.025881
0 -113.446588
45.029486
0 -113.4468
45.033303
0 -113.449909
45.035167
0 -113.453162
45.03712
0 -113.454222
45.040512
0 -113.452101
45.042845
0 -113.450405
45.046238
0 -113.450193
45.052811
0 -113.45197
45.059247
0 -113.455494
45.061929
0 -113.459523
45.063838
0 -113.465073
45.062755
0 -113.47377
45.0617
0 -113.479196
45.062541
0 -113.484708
45.064011
0 -113.487281
45.067686
0 -113.487281
45.073565
0 -113.491323
45.077608
0 -113.49757
45.08018
0 -113.505287
45.082753
0 -113.513372
45.088265
0 -113.520001
45.092931
0 -113.519674825693
45.0932007635698
0 -113.516312
45.095982
0 -113.510819
45.099902
0 -113.506638
45.107288
0 -113.508552
45.112065
0 -113.510478470118
45.1133986761784
0 -113.512923
45.115091
0 -113.518975
45.115091
0 -113.527381
45.114419
0 -113.538037
45.11503
0 -113.546488
45.112285
0 -113.554744
45.112901
0 -113.558653
45.114419
0 -113.57467
45.128411
0 -113.576786
45.132117
0 -113.575938
45.13445
0 -113.57217
45.137875
0 -113.566085325461
45.1436225762107
0 -113.566051
45.143655
0 -113.565123
45.146112
0 -113.566607
45.149293
0 -113.569413
45.149389
0 -113.573447
45.149389
0 -113.578827
45.147707
0 -113.585216
45.151406
0 -113.585527142254
45.151681595088
0 -113.58968
45.15536
0 -113.592381
45.160659
0 -113.593484
45.166539
0 -113.592381
45.170949
0 -113.589891
45.176986
0 -113.590911
45.181606
0 -113.594219
45.186016
0 -113.599506
45.191114
0 -113.61737
45.200348
0 -113.636889
45.212983
0 -113.640522
45.216149
0 -113.647399
45.228282
0 -113.650064
45.23471
0 -113.665633
45.246265
0 -113.678749
45.24927
0 -113.684946
45.253706
0 -113.692039
45.265191
0 -113.692704
45.270537
0 -113.691272388056
45.2717898431168
0 -113.689765
45.273109
0 -113.68609
45.273477
0 -113.680577
45.273844
0 -113.679842
45.277519
0 -113.684252
45.281929
0 -113.688662
45.286706
0 -113.693439
45.287809
0 -113.700054
45.291851
0 -113.705934
45.298466
0 -113.713651
45.303611
0 -113.717693
45.312063
0 -113.721736
45.317208
0 -113.729453
45.321985
0 -113.735601
45.325265
0 -113.738729
45.329741
0 -113.740563
45.341722
0 -113.7402
45.34559
0 -113.735855
45.34912
0 -113.733502
45.352146
0 -113.730475
45.3545
0 -113.729803
45.357862
0 -113.732157
45.363242
0 -113.736746
45.36517
0 -113.737959
45.368272
0 -113.734702
45.372506
0 -113.73239
45.385058
0 -113.733092
45.390173
0 -113.734402
45.392353
0 -113.750546
45.40272
0 -113.760924
45.406501
0 -113.766625
45.4066
0 -113.772812
45.406707
0 -113.775092
45.409313
0 -113.776721
45.413873
0 -113.775743
45.417131
0 -113.771835
45.420388
0 -113.765646
45.422017
0 -113.76076
45.424622
0 -113.760434
45.426902
0 -113.764591
45.431403
0 -113.771183
45.431788
0 -113.775743
45.433417
0 -113.775418
45.436023
0 -113.773789
45.43928
0 -113.774115
45.445143
0 -113.777698
45.448075
0 -113.783272
45.451839
0 -113.78416
45.454946
0 -113.780304
45.458824
0 -113.774766
45.462407
0 -113.775743
45.46599
0 -113.775743
45.47055
0 -113.772812
45.473156
0 -113.766623
45.474133
0 -113.76397394528
45.4767680850173
0 -113.759986
45.480735
0 -113.763366
45.489116
0 -113.764669
45.497911
0 -113.7676
45.500191
0 -113.770206
45.505728
0 -113.771835
45.510614
0 -113.770206
45.514523
0 -113.766623
45.517129
0 -113.766297
45.520386
0 -113.768903
45.521689
0 -113.774766
45.522666
0 -113.786818
45.523318
0 -113.796579
45.523462
0 -113.802849
45.523159
0 -113.809144
45.519908
0 -113.814581
45.521196
0 -113.82081
45.522061
0 -113.828077
45.519985
0 -113.832922
45.519812
0 -113.834555
45.520729
0 -113.834306
45.523272
0 -113.831711
45.526733
0 -113.828769
45.530885
0 -113.827385
45.533308
0 -113.829288
45.535557
0 -113.82825
45.539709
0 -113.825655
45.542824
0 -113.823579
45.545592
0 -113.821156
45.546976
0 -113.819426
45.55061
0 -113.818388
45.553724
0 -113.817177
45.557012
0 -113.817177
45.560818
0 -113.819253
45.564106
0 -113.82081
45.565663
0 -113.819868
45.566326
0 -113.815793
45.570162
0 -113.811794
45.574127
0 -113.80766
45.578121
0 -113.804892
45.578813
0 -113.802124
45.579851
0 -113.799009
45.580716
0 -113.796933
45.581408
0 -113.797279
45.583138
0 -113.797971
45.585388
0 -113.79849
45.586945
0 -113.801605
45.589367
0 -113.802955
45.592631
0 -113.806729
45.602146
0 -113.823068
45.612486
0 -113.825136
45.613418
0 -113.8286
45.612387
0 -113.831884
45.610649
0 -113.835171
45.61013
0 -113.837594
45.609957
0 -113.840362
45.611341
0 -113.842784
45.612552
0 -113.843822
45.613764
0 -113.845899
45.615148
0 -113.847802
45.617224
0 -113.847975
45.6193
0 -113.850397
45.620512
0 -113.85455
45.621377
0 -113.857664
45.621377
0 -113.861404
45.62366
0 -113.868219
45.622242
0 -113.874621
45.620339
0 -113.88033
45.617916
0 -113.886006
45.61702
0 -113.889501
45.617916
0 -113.893134
45.619992
0 -113.896422
45.621031
0 -113.899536
45.621896
0 -113.90317
45.621377
0 -113.90503
45.623144
0 -113.904035
45.625529
0 -113.901785
45.627086
0 -113.899363
45.628125
0 -113.900055
45.629855
0 -113.901266
45.631412
0 -113.901958
45.635565
0 -113.901033
45.63886
0 -113.898671
45.640928
0 -113.895557
45.642486
0 -113.895311
45.644209
0 -113.900588
45.648259
0 -113.903582
45.651165
0 -113.919752
45.658536
0 -113.930403
45.671878
0 -113.93422
45.682232
0 -113.934255
45.691608
0 -113.935505
45.694647
0 -113.938062750973
45.6954747636418
0 -113.93815
45.695503
0 -113.942533
45.694772
0 -113.948317981628
45.6932140066276
0 -113.948319532233
45.6932135890235
0 -113.949677
45.692848
0 -113.959496
45.690323
0 -113.964444
45.69039
0 -113.969088
45.692756
0 -113.96992
45.695256
0 -113.970287
45.697451
0 -113.970287
45.700615
0 -113.970369
45.702349
0 -113.970774
45.70305
0 -113.972203
45.703288
0 -113.973695
45.703537
0 -113.978077
45.70305
0 -113.98319
45.703537
0 -113.986842
45.704754
0 -113.989763
45.705241
0 -113.992685
45.70378
0 -113.994389
45.699398
0 -113.998528
45.696477
0 -114.004371
45.694529
0 -114.008023
45.693555
0 -114.011431
45.694286
0 -114.013379
45.695503
0 -114.015633
45.696127
0 -114.017274
45.694286
0 -114.018005
45.691608
0 -114.016787
45.688929
0 -114.015327
45.686008
0 -114.015083
45.68333
0 -114.018005
45.682356
0 -114.022387
45.679678
0 -114.025795
45.67773
0 -114.027256
45.675783
0 -114.026526
45.673348
0 -114.023604
45.671157
0 -114.02007
45.670332
0 -114.015813
45.665071
0 -114.013786
45.658238
0 -114.014973
45.654008
0 -114.018731
45.648616
0 -114.027489
45.648101
0 -114.033456
45.648629
0 -114.042435
45.641698
0 -114.04555
45.636716
0 -114.05302
45.632697
0 -114.062708
45.630281
0 -114.067619
45.627706
0 -114.07277
45.621289
0 -114.072385
45.618528
0 -114.074217
45.614998
0 -114.08179
45.611329
0 -114.083149
45.603996
0 -114.0821
45.596958
0 -114.086584
45.59118
0 -114.100308
45.586354
0 -114.122322
45.58426
0 -114.131469
45.574444
0 -114.132359
45.572531
0 -114.128601
45.568996
0 -114.129099
45.565491
0 -114.135249
45.557465
0 -114.152446709897
45.5534711066816
0 -114.154837
45.552916
0 -114.180043
45.551432
0 -114.18647
45.545539
0 -114.190899
45.538197
0 -114.192802
45.536596
0 -114.203665
45.53557
0 -114.208247
45.539207
0 -114.219363
45.54325
0 -114.227942
45.546423
0 -114.234691
45.546787
0 -114.241933
45.54645
0 -114.244827
45.546445
0 -114.248121
45.545877
0 -114.250018
45.542913
0 -114.250846
45.540493
0 -114.251523
45.537856
0 -114.251252
45.536638
0 -114.249629
45.534812
0 -114.248183
45.533226
0 -114.2476
45.530349
0 -114.247397
45.527508
0 -114.247824
45.524283
0 -114.251957
45.516744
0 -114.258041
45.511718
0 -114.259407
45.505414
0 -114.261616
45.495816
0 -114.264216
45.493116
0 -114.271317
45.491216
0 -114.270717
45.486116
0 -114.279217
45.480616
0 -114.285617
45.480316
0 -114.287717
45.479316
0 -114.289417
45.479916
0 -114.294424
45.479792
0 -114.300018
45.476616
0 -114.301141
45.473771
0 -114.303233
45.47171
0 -114.309418
45.469416
0 -114.314418
45.469516
0 -114.318224
45.466073
0 -114.323818
45.466116
0 -114.326705
45.464616
0 -114.330688
45.460314
0 -114.333218
45.459316
0 -114.345019
45.459916
0 -114.350121
45.465607
0 -114.350447
45.469426
0 -114.352439
45.471238
0 -114.358521
45.472129
0 -114.360719
45.474116
0 -114.36112
45.480216
0 -114.36532
45.484816
0 -114.36562
45.490416
0 -114.36852
45.492716
0 -114.39109
45.504119
0 -114.415804
45.509753
0 -114.421241
45.510515
0 -114.427637
45.512799
0 -114.428094
45.519652
0 -114.433065
45.529348
0 -114.438991
45.536076
0 -114.450863
45.54253
0 -114.456765
45.543982
0 -114.462465
45.543919
0 -114.464163
45.546826
0 -114.461812
45.548439
0 -114.462581
45.552699
0 -114.458982
45.559185
0 -114.455977
45.560549
0 -114.456154
45.562129
0 -114.465683
45.560588
0 -114.471805
45.565121
0 -114.473759
45.563278
0 -114.483215
45.560916
0 -114.485015
45.561619
0 -114.491432
45.557065
0 -114.498176
45.555473
0 -114.506341
45.559216
0 -114.517761
45.568129
0 -114.521486
45.568493
0 -114.526075
45.570771
0 -114.528731
45.57007
0 -114.531516
45.567009
0 -114.535852
45.564886
0 -114.542523
45.563495
0 -114.549508
45.56059
0 -114.552356
45.558483
0 -114.555554
45.555286
0 -114.560579
45.558027
0 -114.564691
45.558027
0 -114.570931
45.551107
0 -114.571289
45.55002
0 -114.574063
45.547352
0 -114.577706
45.544598
0 -114.57957
45.544353
0 -114.582906
45.545126
0 -114.58555
45.543586
0 -114.586972
45.541873
0 -114.588275
45.537808
0 -114.596869
45.533703
0 -114.602037
45.532861
0 -114.605415
45.530636
0 -114.608476
45.531231
0 -114.613221
45.529952
0 -114.618069
45.529084
0 -114.621618
45.525708
0 -114.626384
45.523527
0 -114.62782
45.521261
0 -114.631811
45.518594
0 -114.632003
45.516432
0 -114.633641
45.513827
0 -114.637206
45.509945
0 -114.637386
45.506719
0 -114.642281
45.501442
0 -114.642227
45.499915
0 -114.644929
45.498115
0 -114.645429
45.494515
0 -114.648129
45.493915
0 -114.651629
45.491715
0 -114.652129
45.489415
0 -114.650829
45.487015
0 -114.651029
45.485615
0 -114.654829
45.482615
0 -114.657629
45.479015
0 -114.661729
45.475915
0 -114.662729
45.474315
0 -114.662929
45.472315
0 -114.664329
45.471015
0 -114.670629
45.472615
0 -114.673129
45.472915
0 -114.677129
45.472615
0 -114.680829
45.473915
0 -114.681529
45.476715
0 -114.679429
45.478815
0 -114.680229
45.480515
0 -114.680329
45.483515
0 -114.68263
45.485115
0 -114.68393
45.486915
0 -114.68743
45.487415
0 -114.69113
45.490715
0 -114.69553
45.491715
0 -114.69903
45.491915
0 -114.70243
45.491315
0 -114.70443
45.492315
0 -114.70703
45.492215
0 -114.70913
45.491215
0 -114.719531
45.489415
0 -114.725931
45.489615
0 -114.728131
45.490615
0 -114.731231
45.490515
0 -114.734131
45.489815
0 -114.734931
45.490215
0 -114.741031
45.492815
0 -114.741531
45.494015
0 -114.743932
45.495715
0 -114.746832
45.495715
0 -114.750932
45.497523
0 -114.755393
45.500422
0 -114.758598
45.503285
0 -114.759416
45.504765
0 -114.762104
45.507493
0 -114.765566
45.508691
0 -114.767518
45.511117
0 -114.770181
45.512481
0 -114.774167
45.513402
0 -114.778624
45.512222
0 -114.784227
45.512157
0 -114.787738
45.512612
0 -114.791293
45.509734
0 -114.793263
45.508641
0 -114.79546
45.502439
0 -114.796033
45.499314
0 -114.797833
45.497014
0 -114.797733
45.496114
0 -114.793033
45.494014
0 -114.793733
45.492414
0 -114.793333
45.488814
0 -114.795233
45.486914
0 -114.796133
45.484914
0 -114.796333
45.482014
0 -114.794733
45.479814
0 -114.796633
45.478714
0 -114.798433
45.476714
0 -114.798233
45.475014
0 -114.796633
45.471714
0 -114.794233
45.468214
0 -114.792533
45.467514
0 -114.789533
45.464914
0 -114.788933
45.463414
0 -114.787833
45.457614
0 -114.790733
45.454214
0 -114.792333
45.453814
0 -114.793333
45.452114
0 -114.792733
45.449214
0 -114.795333
45.441014
0 -114.793533
45.436514
0 -114.790032
45.435414
0 -114.786732
45.435314
0 -114.782032
45.435814
0 -114.777232
45.435114
0 -114.773432
45.434914
0 -114.768932
45.434214
0 -114.768332
45.431614
0 -114.764831
45.428814
0 -114.764431
45.427514
0 -114.765931
45.426114
0 -114.768332
45.421614
0 -114.765331
45.419214
0 -114.762931
45.413714
0 -114.761831
45.412814
0 -114.753331
45.409715
0 -114.751131
45.407315
0 -114.748831
45.406315
0 -114.747431
45.404315
0 -114.741931
45.403315
0 -114.741031
45.400115
0 -114.738132
45.398115
0 -114.736132
45.397415
0 -114.734983
45.395388
0 -114.733061
45.395121
0 -114.728829
45.396815
0 -114.725642
45.397265
0 -114.72123
45.397115
0 -114.717008
45.395947
0 -114.715329
45.394717
0 -114.71372
45.391574
0 -114.711029
45.388215
0 -114.709229
45.386615
0 -114.706955
45.379963
0 -114.705227
45.378713
0 -114.701327
45.378613
0 -114.699528
45.377314
0 -114.698928
45.373014
0 -114.697428
45.370414
0 -114.695828
45.369014
0 -114.693328
45.368614
0 -114.689729
45.369715
0 -114.687729
45.369815
0 -114.684865
45.367308
0 -114.684758
45.365656
0 -114.682816
45.364883
0 -114.6779
45.36594
0 -114.674677
45.364895
0 -114.674323
45.363362
0 -114.677325
45.356668
0 -114.677012
45.353436
0 -114.674311
45.348278
0 -114.670131
45.343181
0 -114.663612
45.340252
0 -114.662921
45.339625
0 -114.663412
45.336881
0 -114.661871
45.335623
0 -114.657729
45.334532
0 -114.654002
45.330151
0 -114.65114
45.327572
0 -114.647981
45.326316
0 -114.646409
45.32467
0 -114.645683
45.322795
0 -114.643748
45.320978
0 -114.640051
45.318933
0 -114.634579
45.318028
0 -114.630935
45.315893
0 -114.629618
45.31318
0 -114.625758
45.309014
0 -114.620641
45.306139
0 -114.61631
45.302818
0 -114.60869
45.298899
0 -114.604026
45.295618
0 -114.599625
45.296614
0 -114.596724
45.298314
0 -114.595226
45.29851
0 -114.593325
45.297415
0 -114.59685
45.29409
0 -114.598325
45.292215
0 -114.604585
45.286207
0 -114.606879
45.284412
0 -114.607064
45.281558
0 -114.607794
45.281103
0 -114.61633
45.278279
0 -114.617713
45.277212
0 -114.62412
45.274594
0 -114.628491
45.27035
0 -114.634987
45.266144
0 -114.635258
45.264456
0 -114.636923
45.26295
0 -114.639738
45.26163
0 -114.642033
45.261486
0 -114.644621
45.260596
0 -114.646172
45.258956
0 -114.648394
45.258544
0 -114.649799
45.256999
0 -114.6506
45.254065
0 -114.651648
45.252596
0 -114.658026
45.249915
0 -114.65953
45.248507
0 -114.659667
45.243277
0 -114.660276
45.241544
0 -114.663516
45.237468
0 -114.664832
45.236359
0 -114.666868
45.235422
0 -114.670027
45.23533
0 -114.674278
45.234208
0 -114.674985
45.233583
0 -114.678731
45.228288
0 -114.681492
45.224904
0 -114.680861
45.221669
0 -114.681809
45.220488
0 -114.684322
45.21926
0 -114.68421
45.217353
0 -114.683171
45.214554
0 -114.683494
45.212061
0 -114.684954
45.207835
0 -114.688127
45.202615
0 -114.690348
45.199678
0 -114.694126
45.197114
0 -114.695927
45.195915
0 -114.697326
45.192013
0 -114.69934
45.189503
0 -114.704168
45.188924
0 -114.708973
45.187523
0 -114.714115
45.188573
0 -114.715416
45.188156
0 -114.716927
45.186614
0 -114.719727
45.182214
0 -114.722327
45.179514
0 -114.722529
45.177407
0 -114.720907
45.175928
0 -114.720926
45.173026
0 -114.722309
45.16983
0 -114.722414
45.166126
0 -114.723728
45.164013
0 -114.72414
45.159687
0 -114.725127
45.158014
0 -114.727627
45.156414
0 -114.731527
45.152814
0 -114.731934
45.151411
0 -114.73182
45.15049
0 -114.729425
45.146626
0 -114.728327
45.142614
0 -114.728228
45.138714
0 -114.727027
45.135914
0 -114.726427
45.130014
0 -114.727717
45.128969
0 -114.726636
45.127275
0 -114.722656
45.124316
0 -114.721677
45.120771
0 -114.725133
45.11695
0 -114.725615
45.114783
0 -114.725713
45.110749
0 -114.726931
45.109303
0 -114.730085
45.108586
0 -114.731098
45.10592
0 -114.72957
45.101016
0 -114.730463
45.097421
0 -114.73312
45.094823
0 -114.732147
45.093423
0 -114.726322
45.090264
0 -114.72368
45.089913
0 -114.72063
45.088996
0 -114.719285
45.087362
0 -114.720747
45.084784
0 -114.724392
45.081353
0 -114.727295
45.079234
0 -114.727302
45.07611
0 -114.728968
45.0723
0 -114.727669
45.069713
0 -114.726511
45.06877
0 -114.725901
45.066599
0 -114.727406
45.063545
0 -114.727334
45.061143
0 -114.725366
45.059629
0 -114.72488
45.057518
0 -114.722921
45.056239
0 -114.724372
45.05397
0 -114.724553
45.05247
0 -114.723803
45.050393
0 -114.726716
45.04784
0 -114.727309
45.046118
0 -114.726654
45.044577
0 -114.722527
45.041704
0 -114.723251
45.039047
0 -114.726378
45.036386
0 -114.726206
45.035338
0 -114.72416
45.033308
0 -114.724509
45.0316
0 -114.727259
45.027665
0 -114.727677
45.022463
0 -114.726533
45.02138
0 -114.725184
45.018753
0 -114.728426
45.015167
0 -114.728435
45.013196
0 -114.726591
45.012077
0 -114.723182
45.01106
0 -114.721717
45.00869
0 -114.7221
45.006484
0 -114.722964
45.00546
0 -114.728222
45.00405
0 -114.729939
45.002435
0 -114.729123
44.99886
0 -114.729478
44.996469
0 -114.731704
44.990275
0 -114.731398
44.986076
0 -114.733889
44.98303
0 -114.733463
44.980336
0 -114.73376
44.976714
0 -114.735871
44.975416
0 -114.735618
44.972159
0 -114.732266
44.971373
0 -114.73097
44.970353
0 -114.730369
44.967264
0 -114.732115
44.964282
0 -114.732525
44.962238
0 -114.733924
44.95993
0 -114.734288
44.955076
0 -114.73557
44.95363
0 -114.735673
44.9499
0 -114.734569
44.94883
0 -114.731841
44.948288
0 -114.728019
44.948116
0 -114.726754
44.947342
0 -114.726556
44.94532
0 -114.727638
44.943733
0 -114.727544
44.942223
0 -114.724913
44.938174
0 -114.723444
44.935308
0 -114.723499
44.933893
0 -114.726413
44.930437
0 -114.728241
44.929299
0 -114.733594
44.928045
0 -114.735724
44.926367
0 -114.735892
44.924909
0 -114.734247
44.922739
0 -114.731862
44.921214
0 -114.72916
44.920238
0 -114.729249
44.918499
0 -114.730251
44.91663
0 -114.733018
44.915008
0 -114.73251
44.911594
0 -114.732877
44.909962
0 -114.731734
44.90664
0 -114.726743
44.902719
0 -114.726714
44.900263
0 -114.73041
44.898277
0 -114.731444
44.897107
0 -114.732053
44.893841
0 -114.730937
44.893019
0 -114.727196
44.892552
0 -114.724528
44.892626
0 -114.72307
44.891124
0 -114.7318
44.886803
0 -114.732339
44.885194
0 -114.73159
44.882313
0 -114.732212
44.880351
0 -114.733508
44.879217
0 -114.734875
44.87871
0 -114.740724
44.879666
0 -114.746651
44.878841
0 -114.750825
44.879001
0 -114.751748
44.878626
0 -114.753524
44.876939
0 -114.751935
44.874968
0 -114.751873
44.874008
0 -114.755899
44.872913
0 -114.757647
44.872958
0 -114.759802
44.874173
0 -114.76038
44.875177
0 -114.762414
44.875649
0 -114.76575
44.874737
0 -114.767479
44.872918
0 -114.768777
44.872441
0 -114.768458
44.867795
0 -114.769921
44.864981
0 -114.766117
44.86227
0 -114.761205
44.858101
0 -114.760603
44.856836
0 -114.761364
44.854804
0 -114.762651
44.853802
0 -114.768439
44.852704
0 -114.771053
44.850728
0 -114.770901
44.849341
0 -114.767293
44.847085
0 -114.766151
44.844613
0 -114.766759
44.842025
0 -114.770507
44.841021
0 -114.772801
44.841712
0 -114.777125
44.840867
0 -114.784149
44.840073
0 -114.785432
44.838996
0 -114.784938
44.836524
0 -114.785792
44.834641
0 -114.78973
44.833592
0 -114.7923
44.836202
0 -114.79316
44.836079
0 -114.794178
44.835067
0 -114.794725
44.831379
0 -114.794268
44.827894
0 -114.795481
44.825267
0 -114.796404
44.82479
0 -114.800875
44.824326
0 -114.801946
44.823654
0 -114.803371
44.8212
0 -114.805273
44.820583
0 -114.808574
44.816877
0 -114.807977
44.81454
0 -114.80908
44.811696
0 -114.812434
44.808138
0 -114.807723
44.804549
0 -114.807725
44.801742
0 -114.806115
44.799557
0 -114.80449
44.798594
0 -114.802158
44.79908
0 -114.80004
44.798871
0 -114.798242
44.797655
0 -114.797802
44.794196
0 -114.799256
44.792214
0 -114.801494
44.790398
0 -114.802988
44.787687
0 -114.805332
44.785466
0 -114.80463
44.783793
0 -114.805909
44.780903
0 -114.805498
44.779822
0 -114.806369
44.775969
0 -114.809416
44.773329
0 -114.810129
44.770206
0 -114.812946
44.768918
0 -114.814269
44.766282
0 -114.813047
44.763026
0 -114.814254
44.761647
0 -114.812931
44.75969
0 -114.813426
44.758298
0 -114.814903
44.757737
0 -114.814914
44.75664
0 -114.816207
44.755266
0 -114.816577
44.753282
0 -114.81819
44.752269
0 -114.817895
44.750538
0 -114.819047
44.748424
0 