-77.831243
35.230208
0 -77.83425
35.177814
0 -77.82848
35.174931
0 -77.824491
35.172941
0 -77.816469
35.169511
0 -77.813081
35.167338
0 -77.812951
35.167273
0 -77.812924
35.167263
0 -77.812426
35.167069
0 -77.807052
35.164377
0 -77.794175
35.158114
0 -77.793947
35.1579
0 -77.793522
35.157779
0 -77.791556
35.15667
0 -77.791121
35.156493
0 -77.790839
35.156374
0 -77.790769
35.156346
0 -77.79073
35.15633
0 -77.786848
35.154387
0 -77.782829
35.1524
0 -77.779418
35.150697
0 -77.769064
35.145471
0 -77.767168
35.143915
0 -77.763592
35.136746
0 -77.756859
35.121433
0 -77.753685
35.115127
0 -77.750144
35.109159
0 -77.749169
35.10793
0 -77.748569
35.096088
0 -77.748429
35.094528
0 -77.747639
35.071354
0 -77.747412
35.060925
0 -77.747364
35.05867
0 -77.74937
35.0586
0 -77.749123
35.051481
0 -77.74718
35.051536
0 -77.747035
35.04825
0 -77.746589
35.036331
0 -77.745885
35.022587
0 -77.730784
35.008259
0 -77.678798
35.033658
0 -77.601831
35.071193
0 -77.598111
35.074934
0 -77.597902
35.075166
0 -77.592555
35.081121
0 -77.579594
35.093999
0 -77.578286
35.095654
0 -77.573234
35.10089
0 -77.553513
35.122618
0 -77.549905
35.12621
0 -77.5342
35.142959
0 -77.52934
35.1481
0 -77.523099
35.154915
0 -77.519107
35.159452
0 -77.516895
35.161628
0 -77.513526
35.16489
0 -77.511066
35.167523
0 -77.508526
35.17015
0 -77.50747
35.171384
0 -77.506638
35.172177
0 -77.50691
35.17342
0 -77.507239
35.174414
0 -77.507461
35.175166
0 -77.508559
35.178965
0 -77.508719
35.17945
0 -77.508963
35.17999
0 -77.512948
35.193339
0 -77.51648
35.204996
0 -77.519931
35.216609
0 -77.520664
35.219847
0 -77.520714
35.220069
0 -77.521676
35.223421
0 -77.522325
35.225678
0 -77.522731
35.227164
0 -77.524115
35.232195
0 -77.525172
35.235977
0 -77.52622
35.239586
0 -77.526336
35.239986
0 -77.52635
35.240033
0 -77.526357
35.240063
0 -77.526712
35.2415
0 -77.52672
35.241526
0 -77.526735
35.241573
0 -77.527067
35.242605
0 -77.52729
35.243479
0 -77.527206
35.243433
0 -77.52321
35.241725
0 -77.506088
35.237215
0 -77.478741
35.230011
0 -77.473716
35.228983
0 -77.473174
35.23098
0 -77.465693
35.234553
0 -77.464437
35.238875
0 -77.445894
35.246484
0 -77.439978
35.24772
0 -77.435458
35.249025
0 -77.432944
35.250163
0 -77.431713
35.25122
0 -77.426885
35.256232
0 -77.425517
35.259437
0 -77.426506
35.263486
0 -77.428276
35.265146
0 -77.428574
35.269834
0 -77.429972
35.271607
0 -77.432415
35.2725
0 -77.437435
35.276925
0 -77.440366
35.284502
0 -77.439919
35.289721
0 -77.446425
35.293749
0 -77.446646
35.294713
0 -77.446364
35.296287
0 -77.448432
35.297387
0 -77.449636
35.299929
0 -77.448911
35.301966
0 -77.446873
35.302722
0 -77.442098
35.30334
0 -77.440228
35.304096
0 -77.439279
35.310711
0 -77.438162
35.312061
0 -77.432465
35.312451
0 -77.431376
35.313114
0 -77.431851
35.323117
0 -77.432326
35.324262
0 -77.431627
35.326276
0 -77.43213
35.328176
0 -77.431264
35.329824
0 -77.429437
35.330602
0 -77.428268
35.32996
0 -77.425003
35.329961
0 -77.422885
35.328953
0 -77.421684
35.33099
0 -77.418528
35.331241
0 -77.415482
35.330623
0 -77.41336
35.331195
0 -77.413331
35.332362
0 -77.414672
35.332935
0 -77.413722
35.333714
0 -77.410929
35.333027
0 -77.409811
35.331745
0 -77.409726
35.332866
0 -77.411039
35.337353
0 -77.411563
35.337997
0 -77.410359
35.339207
0 -77.398057
35.342338
0 -77.395196
35.343637
0 -77.392869
35.340464
0 -77.390965
35.340047
0 -77.390794
35.341196
0 -77.391818
35.34561
0 -77.393744
35.347145
0 -77.396454
35.346894
0 -77.402292
35.348658
0 -77.405003
35.350558
0 -77.407768
35.353306
0 -77.411037
35.353032
0 -77.411735
35.351956
0 -77.416792
35.351568
0 -77.418804
35.35246
0 -77.42048
35.351591
0 -77.421319
35.348707
0 -77.423134
35.349554
0 -77.425258
35.349188
0 -77.426654
35.349874
0 -77.427576
35.354796
0 -77.426989
35.358504
0 -77.427939
35.361846
0 -77.42886
35.362985
0 -77.432104
35.367614
0 -77.433976
35.368118
0 -77.440375
35.366973
0 -77.446048
35.369918
0 -77.447641
35.371069
0 -77.448507
35.372328
0 -77.448815
35.373884
0 -77.447108
35.378263
0 -77.445319
35.380387
0 -77.446124
35.381205
0 -77.449669
35.381388
0 -77.451774
35.382903
0 -77.45387
35.383681
0 -77.454933
35.385809
0 -77.449623
35.389243
0 -77.450294
35.391761
0 -77.448645
35.392631
0 -77.449903
35.393272
0 -77.451748
35.392242
0 -77.451245
35.393775
0 -77.453649
35.39437
0 -77.455633
35.393019
0 -77.458149
35.394072
0 -77.456305
35.395651
0 -77.457787
35.396796
0 -77.46128
35.397595
0 -77.46349
35.400113
0 -77.461533
35.399999
0 -77.460947
35.400846
0 -77.463099
35.401464
0 -77.464861
35.403341
0 -77.463771
35.404233
0 -77.470119
35.408947
0 -77.470958
35.41032
0 -77.471186
35.417393
0 -77.470067
35.420157
0 -77.472336
35.425221
0 -77.473735
35.426593
0 -77.474434
35.426891
0 -77.476
35.426684
0 -77.479495
35.425401
0 -77.482765
35.423088
0 -77.48296
35.421463
0 -77.482175
35.419105
0 -77.481585
35.41542
0 -77.481892
35.414869
0 -77.484799
35.413724
0 -77.488742
35.413379
0 -77.492768
35.412049
0 -77.495089
35.412139
0 -77.497812
35.413333
0 -77.499223
35.414701
0 -77.498755
35.417334
0 -77.501124
35.418666
0 -77.504367
35.41963
0 -77.50775
35.419448
0 -77.506518
35.421966
0 -77.510573
35.421601
0 -77.515747
35.418811
0 -77.518012
35.418239
0 -77.520977
35.416844
0 -77.52053
35.415082
0 -77.528192
35.41474
0 -77.527606
35.412841
0 -77.528726
35.410187
0 -77.532026
35.406915
0 -77.532836
35.404602
0 -77.532324
35.403583
0 -77.541136
35.398449
0 -77.565246
35.384535
0 -77.566744
35.383205
0 -77.572082
35.382312
0 -77.576162
35.380068
0 -77.57918
35.380228
0 -77.58245
35.378145
0 -77.584127
35.379678
0 -77.585596
35.37914
0 -77.5919
35.373716
0 -77.596924
35.375921
0 -77.600389
35.375562
0 -77.6021
35.374782
0 -77.603159
35.375162
0 -77.606065
35.378825
0 -77.60749
35.37958
0 -77.611062
35.378802
0 -77.614363
35.377746
0 -77.615228
35.375709
0 -77.61797
35.372309
0 -77.620512
35.371049
0 -77.621852
35.369812
0 -77.627881
35.366314
0 -77.630231
35.362768
0 -77.633138
35.360686
0 -77.6349
35.357368
0 -77.637443
35.354371
0 -77.639902
35.354189
0 -77.645154
35.354419
0 -77.648087
35.355244
0 -77.651272
35.353185
0 -77.65387
35.352499
0 -77.658093
35.353803
0 -77.660811
35.352757
0 -77.662013
35.352158
0 -77.664777
35.352322
0 -77.667532
35.349411
0 -77.67197
35.347991
0 -77.674315
35.347693
0 -77.680542
35.34776
0 -77.68149
35.348447
0 -77.683722
35.352496
0 -77.685926
35.355401
0 -77.687672
35.358866
0 -77.690548
35.360442
0 -77.691
35.36138
0 -77.690103
35.362734
0 -77.690468
35.364379
0 -77.693897
35.365949
0 -77.697184
35.37285
0 -77.696286
35.375162
0 -77.698139
35.378202
0 -77.700739
35.379132
0 -77.701681
35.380597
0 -77.703184
35.380399
0 -77.738695
35.374869
0 -77.744339
35.373998
0 -77.749728
35.373245
0 -77.777663
35.367685
0 -77.799297
35.368902
0 -77.805564
35.369768
0 -77.806497
35.368544
0 -77.808267
35.367499
0 -77.811254
35.36394
0 -77.814908
35.361384
0 -77.818946
35.355936
0 -77.819371
35.352317
0 -77.819243
35.351903
0 -77.824408
35.343961
0 -77.825117
35.330779
0 -77.826704
35.306691
0 -77.828513
35.281061
0 -77.831055
35.23344
0 -77.831243
35.230208
0 