-96.33065
31.254685
0 -96.331083
31.252712
0 -96.329888
31.252372
0 -96.329075
31.250675
0 -96.329934
31.249085
0 -96.328153
31.248182
0 -96.328771
31.246327
0 -96.322001
31.242537
0 -96.321093
31.24284
0 -96.320093
31.241437
0 -96.32025
31.239612
0 -96.319336
31.237559
0 -96.319975
31.236914
0 -96.318227
31.236032
0 -96.316909
31.23368
0 -96.315938
31.233037
0 -96.317357
31.232182
0 -96.315175
31.23078
0 -96.31415
31.228445
0 -96.317106
31.226139
0 -96.317149
31.223852
0 -96.319226
31.222696
0 -96.317671
31.221757
0 -96.318397
31.220063
0 -96.316853
31.219921
0 -96.316182
31.218737
0 -96.314498
31.218178
0 -96.314417
31.219629
0 -96.313186
31.219401
0 -96.310432
31.217201
0 -96.310857
31.213647
0 -96.310601
31.210698
0 -96.311632
31.209829
0 -96.31164
31.208372
0 -96.310626
31.208098
0 -96.311166
31.206705
0 -96.310895
31.204584
0 -96.309055
31.204628
0 -96.310289
31.202694
0 -96.310033
31.200708
0 -96.311749
31.199423
0 -96.311746
31.198121
0 -96.309996
31.19721
0 -96.308861
31.197684
0 -96.307843
31.196463
0 -96.305468
31.195463
0 -96.30525
31.192201
0 -96.303058
31.190587
0 -96.302072
31.187524
0 -96.302568
31.186469
0 -96.301282
31.185031
0 -96.299361
31.184211
0 -96.297174
31.180986
0 -96.298911
31.180871
0 -96.301391
31.179134
0 -96.298988
31.176948
0 -96.299186
31.17522
0 -96.296767
31.174868
0 -96.298737
31.172981
0 -96.298984
31.169714
0 -96.298954
31.1676
0 -96.299961
31.166899
0 -96.298932
31.166058
0 -96.299329
31.16458
0 -96.300812
31.164591
0 -96.301644
31.163564
0 -96.300201
31.162361
0 -96.300719
31.160817
0 -96.299598
31.159277
0 -96.300597
31.158982
0 -96.299016
31.15612
0 -96.297571
31.156091
0 -96.299024
31.150532
0 -96.298351
31.149475
0 -96.299187
31.148016
0 -96.297832
31.146408
0 -96.297505
31.144437
0 -96.296265
31.142178
0 -96.295868
31.139923
0 -96.294674
31.141095
0 -96.293333
31.140432
0 -96.294415
31.13881
0 -96.292703
31.137318
0 -96.291745
31.135657
0 -96.293105
31.135049
0 -96.292568
31.132979
0 -96.29136
31.133041
0 -96.290795
31.131387
0 -96.289475
31.131712
0 -96.287801
31.128968
0 -96.285657
31.127435
0 -96.286133
31.126361
0 -96.285371
31.125152
0 -96.283945
31.12549
0 -96.283977
31.124047
0 -96.282607
31.122429
0 -96.283236
31.12108
0 -96.282576
31.119225
0 -96.281692
31.119286
0 -96.280754
31.117989
0 -96.279659
31.118226
0 -96.276991
31.11628
0 -96.27695
31.114654
0 -96.278474
31.1134
0 -96.276797
31.111957
0 -96.277065
31.110034
0 -96.278051
31.110062
0 -96.279228
31.108439
0 -96.278226
31.108098
0 -96.277882
31.105663
0 -96.279183
31.104614
0 -96.279466
31.103288
0 -96.278373
31.103407
0 -96.279703
31.100998
0 -96.279302
31.098217
0 -96.280753
31.096067
0 -96.280201
31.094244
0 -96.277659
31.092501
0 -96.278023
31.090588
0 -96.277454
31.087658
0 -96.275366
31.086132
0 -96.27442
31.086375
0 -96.273942
31.085254
0 -96.272103
31.084234
0 -96.271264
31.082188
0 -96.272035
31.081026
0 -96.270796
31.080511
0 -96.269661
31.078432
0 -96.268481
31.07779
0 -96.267188
31.077727
0 -96.266635
31.078887
0 -96.265247
31.078635
0 -96.264872
31.077509
0 -96.263301
31.076614
0 -96.261958
31.077622
0 -96.261805
31.075722
0 -96.260395
31.074815
0 -96.261067
31.076373
0 -96.260594
31.077071
0 -96.25824
31.076142
0 -96.256301
31.074065
0 -96.254272
31.073878
0 -96.252425
31.072335
0 -96.25426
31.072419
0 -96.257098
31.069294
0 -96.255771
31.06787
0 -96.255466
31.065521
0 -96.253273
31.066384
0 -96.253258
31.064324
0 -96.251261
31.064822
0 -96.250757
31.063222
0 -96.249487
31.063494
0 -96.24839
31.060818
0 -96.246126
31.061369
0 -96.247056
31.062338
0 -96.243518
31.061788
0 -96.243258
31.061137
0 -96.24429
31.059969
0 -96.241844
31.056778
0 -96.244283
31.056596
0 -96.24318
31.055096
0 -96.24555
31.05367
0 -96.245215
31.052813
0 -96.246556
31.051611
0 -96.243389
31.049561
0 -96.239984
31.048267
0 -96.240366
31.047382
0 -96.241601
31.047709
0 -96.241672
31.044671
0 -96.243087
31.044005
0 -96.244154
31.044853
0 -96.247369
31.043252
0 -96.247193
31.041221
0 -96.248362
31.041365
0 -96.24897
31.039676
0 -96.248342
31.038611
0 -96.249615
31.037391
0 -96.247428
31.036899
0 -96.248957
31.034765
0 -96.24957
31.032527
0 -96.251447
31.032702
0 -96.253013
31.031049
0 -96.252599
31.029591
0 -96.253957
31.027762
0 -96.255533
31.028094
0 -96.255861
31.024133
0 -96.258198
31.022631
0 -96.25694
31.021918
0 -96.257974
31.020203
0 -96.258386
31.016683
0 -96.258093
31.015703
0 -96.260054
31.015399
0 -96.260224
31.013043
0 -96.260779
31.008445
0 -96.260308
31.006172
0 -96.258312
31.007332
0 -96.257064
31.006388
0 -96.254118
31.006428
0 -96.25151
31.005219
0 -96.248604
31.005433
0 -96.247875
31.004554
0 -96.24719
31.006204
0 -96.245831
31.005051
0 -96.246819
31.003786
0 -96.246015
31.000948
0 -96.246639
30.998886
0 -96.245655
30.99804
0 -96.244265
30.999744
0 -96.242877
30.998281
0 -96.238286
30.997722
0 -96.235128
30.995171
0 -96.236254
30.993911
0 -96.237733
30.994631
0 -96.238597
30.992236
0 -96.238013
30.989672
0 -96.239579
30.989609
0 -96.239302
30.986999
0 -96.237621
30.985513
0 -96.240286
30.984631
0 -96.239602
30.983106
0 -96.240934
30.982915
0 -96.240222
30.981876
0 -96.241632
30.97895
0 -96.240288
30.978939
0 -96.240041
30.977547
0 -96.242576
30.977467
0 -96.24102
30.973737
0 -96.234522
30.976013
0 -96.229109
30.980434
0 -96.223305
30.980672
0 -96.215018
30.981367
0 -96.209847
30.982885
0 -96.207559
30.983802
0 -96.199208
30.988385
0 -96.192494
30.991335
0 -96.185427
30.992089
0 -96.181922
30.993015
0 -96.177321
30.993804
0 -96.173117
30.993912
0 -96.171568
30.99428
0 -96.163041
30.999073
0 -96.146646
31.008743
0 -96.136997
31.013385
0 -96.121692
31.022015
0 -96.11718
31.024716
0 -96.112174
31.028057
0 -96.109331
31.030434
0 -96.106677
31.032113
0 -96.097649
31.037419
0 -96.092889
31.03975
0 -96.088655
31.041664
0 -96.083153
31.044614
0 -96.077463
31.047929
0 -96.061964
31.058056
0 -96.048912
31.068136
0 -96.04789
31.068728
0 -96.045856
31.069494
0 -96.044102
31.069783
0 -96.033193
31.069304
0 -96.031836
31.069617
0 -96.026863
31.071869
0 -96.025261
31.071927
0 -96.021209
31.070032
0 -96.017471
31.070015
0 -96.008068
31.073112
0 -96.004258
31.075493
0 -95.996126
31.081174
0 -95.991691
31.084272
0 -95.99003
31.085405
0 -95.988775
31.086167
0 -95.977147
31.091409
0 -95.975218
31.091967
0 -95.973841
31.09215
0 -95.962949
31.092321
0 -95.955002
31.092671
0 -95.952124
31.092319
0 -95.927762
31.092562
0 -95.914018
31.092946
0 -95.905982
31.092834
0 -95.87523
31.093001
0 -95.76441
31.094211
0 -95.765052
31.096668
0 -95.766702
31.098819
0 -95.766252
31.100944
0 -95.766586
31.102648
0 -95.767688
31.103674
0 -95.768352
31.105994
0 -95.770691
31.11136
0 -95.77298
31.11346
0 -95.772717
31.116938
0 -95.776881
31.120871
0 -95.775353
31.122051
0 -95.774404
31.124998
0 -95.772638
31.127275
0 -95.772586
31.128975
0 -95.775379
31.133617
0 -95.775578
31.136095
0 -95.77425
31.138323
0 -95.771948
31.139657
0 -95.767403
31.14006
0 -95.764745
31.141815
0 -95.763885
31.143657
0 -95.76228
31.144103
0 -95.759108
31.142073
0 -95.757402
31.141573
0 -95.755969
31.143031
0 -95.755686
31.146775
0 -95.754628
31.149813
0 -95.751008
31.152482
0 -95.749409
31.15524
0 -95.748143
31.155204
0 -95.744987
31.152437
0 -95.744296
31.152267
0 -95.741913
31.15327
0 -95.740233
31.156491
0 -95.737599
31.159372
0 -95.734542
31.159711
0 -95.733515
31.15862
0 -95.731181
31.159166
0 -95.728026
31.161955
0 -95.728703
31.164064
0 -95.734335
31.167746
0 -95.737207
31.170681
0 -95.74191
31.174605
0 -95.743389
31.176868
0 -95.745436
31.181892
0 -95.744848
31.186699
0 -95.745332
31.192082
0 -95.747767
31.200848
0 -95.747862
31.202275
0 -95.747943
31.20831
0 -95.745885
31.210854
0 -95.744332
31.211914
0 -95.742819
31.215422
0 -95.739179
31.218702
0 -95.73733
31.219546
0 -95.733712
31.220514
0 -95.729414
31.223139
0 -95.727924
31.22466
0 -95.725578
31.228665
0 -95.725041
31.230098
0 -95.726306
31.234934
0 -95.727049
31.239301
0 -95.726544
31.241829
0 -95.723913
31.244609
0 -95.723741
31.246083
0 -95.725426
31.247629
0 -95.727467
31.250499
0 -95.727723
31.251955
0 -95.726758
31.252637
0 -95.723291
31.25348
0 -95.722144
31.254673
0 -95.722447
31.255897
0 -95.727061
31.258199
0 -95.72813
31.259735
0 -95.727217
31.265283
0 -95.725226
31.271084
0 -95.719347
31.273513
0 -95.714195
31.274973
0 -95.712053
31.276777
0 -95.710396
31.278948
0 -95.708445
31.280015
0 -95.704873
31.280028
0 -95.704141
31.28042
0 -95.703505
31.282486
0 -95.706408
31.284236
0 -95.707589
31.286337
0 -95.704878
31.290568
0 -95.702928
31.292461
0 -95.698096
31.295066
0 -95.695085
31.297029
0 -95.692845
31.297611
0 -95.690753
31.297388
0 -95.689407
31.296013
0 -95.688072
31.293395
0 -95.682981
31.288917
0 -95.681413
31.288509
0 -95.680026
31.290623
0 -95.675844
31.293543
0 -95.671403
31.29556
0 -95.671033
31.296236
0 -95.673224
31.298863
0 -95.675416
31.29986
0 -95.678297
31.300468
0 -95.679106
31.302108
0 -95.677492
31.30285
0 -95.675382
31.301959
0 -95.67323
31.302378
0 -95.671402
31.304327
0 -95.668578
31.308515
0 -95.669622
31.312944
0 -95.671787
31.316026
0 -95.67168
31.317204
0 -95.670536
31.318578
0 -95.666651
31.31938
0 -95.665075
31.320348
0 -95.662672
31.321
0 -95.661058
31.31951
0 -95.661252
31.317006
0 -95.660787
31.315947
0 -95.659416
31.315909
0 -95.657202
31.317999
0 -95.656125
31.322183
0 -95.655545
31.32964
0 -95.655722
31.331619
0 -95.656813
31.335719
0 -95.657247
31.337448
0 -95.657692
31.339719
0 -95.657514
31.34348
0 -95.659812
31.345378
0 -95.664656
31.345228
0 -95.669183
31.344631
0 -95.674241
31.344824
0 -95.67681
31.346103
0 -95.677128
31.347909
0 -95.675219
31.349182
0 -95.673938
31.350911
0 -95.673363
31.354638
0 -95.672623
31.356104
0 -95.671574
31.35649
0 -95.666176
31.357182
0 -95.662074
31.35701
0 -95.661252
31.358015
0 -95.664061
31.360772
0 -95.664218
31.364305
0 -95.666162
31.366666
0 -95.674926
31.365762
0 -95.675228
31.368115
0 -95.676377
31.36883
0 -95.680345
31.368359
0 -95.681954
31.36889
0 -95.684362
31.372063
0 -95.687888
31.372998
0 -95.691444
31.374676
0 -95.69178
31.376488
0 -95.690372
31.377432
0 -95.689852
31.378609
0 -95.691594
31.380887
0 -95.690654
31.384005
0 -95.690847
31.384951
0 -95.692987
31.386128
0 -95.693768
31.387123
0 -95.692807
31.390146
0 -95.69283
31.391494
0 -95.694077
31.392322
0 -95.698739
31.392323
0 -95.700552
31.393402
0 -95.701287
31.396151
0 -95.701971
31.402297
0 -95.700579
31.404523
0 -95.698322
31.406335
0 -95.699419
31.408349
0 -95.704936
31.410943
0 -95.706139
31.411949
0 -95.708237
31.415729
0 -95.710369
31.418904
0 -95.711677
31.423594
0 -95.711569
31.427598
0 -95.710803
31.431079
0 -95.710765
31.43472
0 -95.712121
31.438073
0 -95.712873
31.440942
0 -95.711175
31.4467
0 -95.71088
31.451602
0 -95.711092
31.454133
0 -95.712117
31.455783
0 -95.716075
31.460096
0 -95.719173
31.46194
0 -95.720781
31.46248
0 -95.725558
31.462302
0 -95.731821
31.460901
0 -95.736093
31.459163
0 -95.73794
31.459045
0 -95.740017
31.460014
0 -95.741728
31.459969
0 -95.744982
31.457612
0 -95.746837
31.45817
0 -95.74709
31.459516
0 -95.746891
31.463785
0 -95.745463
31.466403
0 -95.742612
31.46733
0 -95.741192
31.468542
0 -95.73921
31.472181
0 -95.7358
31.47409
0 -95.733525
31.474338
0 -95.73068
31.473242
0 -95.728439
31.471102
0 -95.726831
31.470135
0 -95.722805
31.47064
0 -95.722035
31.471435
0 -95.721842
31.472754
0 -95.722775
31.477295
0 -95.724789
31.479923
0 -95.726928
31.482121
0 -95.72763
31.484602
0 -95.729854
31.48963
0 -95.732042
31.489483
0 -95.735398
31.485804
0 -95.737056
31.485051
0 -95.738772
31.485082
0 -95.741854
31.486549
0 -95.744631
31.48999
0 -95.745017
31.490975
0 -95.745022
31.492364
0 -95.743904
31.493814
0 -95.740796
31.495226
0 -95.740575
31.496312
0 -95.741991
31.497253
0 -95.743499
31.499183
0 -95.743198
31.500618
0 -95.741903
31.50212
0 -95.739279
31.504056
0 -95.737216
31.505321
0 -95.733877
31.508376
0 -95.733829
31.509161
0 -95.73581
31.514144
0 -95.737034
31.518534
0 -95.739421
31.520233
0 -95.741139
31.522474
0 -95.747048
31.52437
0 -95.747114
31.527607
0 -95.748249
31.528708
0 -95.751732
31.529398
0 -95.756495
31.531052
0 -95.758711
31.533217
0 -95.75863
31.534098
0 -95.756731
31.536571
0 -95.754665
31.537986
0 -95.75271
31.538732
0 -95.750875
31.540734
0 -95.751358
31.54276
0 -95.753766
31.544773
0 -95.754132
31.546048
0 -95.752466
31.550739
0 -95.75171
31.551552
0 -95.748251
31.552545
0 -95.746465
31.55343
0 -95.742871
31.554156
0 -95.7384
31.552853
0 -95.73475
31.551191
0 -95.731652
31.551105
0 -95.729137
31.551578
0 -95.72595
31.555037
0 -95.72434
31.555737
0 -95.722353
31.555538
0 -95.718512
31.553659
0 -95.715875
31.553824
0 -95.715464
31.555
0 -95.717215
31.558645
0 -95.717361
31.561996
0 -95.717038
31.567765
0 -95.718795
31.568712
0 -95.721306
31.56894
0 -95.722248
31.569714
0 -95.721744
31.570398
0 -95.719506
31.570748
0 -95.717991
31.571934
0 -95.718233
31.573215
0 -95.719493
31.574532
0 -95.721322
31.577847
0 -95.724694
31.579773
0 -95.726806
31.581523
0 -95.729423
31.583133
0 -95.729038
31.584237
0 -95.725154
31.58476
0 -95.721855
31.586281
0 -95.720689
31.588384
0 -95.720257
31.591978
0 -95.719024
31.593417
0 -95.71587
31.594067
0 -95.716581
31.595826
0 -95.716084
31.598786
0 -95.714003
31.601775
0 -95.711185
31.603903
0 -95.712363
31.607618
0 -95.711953
31.610421
0 -95.710035
31.614694
0 -95.710112
31.615587
0 -95.713426
31.621664
0 -95.717355
31.627206
0 -95.71746
31.630053
0 -95.718468
31.632402
0 -95.723079
31.63726
0 -95.723648
31.637972
0 -95.727241
31.643788
0 -95.728605
31.645272
0 -95.730706
31.646713
0 -95.732759
31.648823
0 -95.734492
31.652267
0 -95.735681
31.653822
0 -95.739373
31.653827
0 -95.74173
31.652108
0 -95.74468
31.651833
0 -95.749039
31.649894
0 -95.752204
31.649492
0 -95.753488
31.64896
0 -95.75655
31.645999
0 -95.757268
31.643548
0 -95.754181
31.639417
0 -95.752875
31.635298
0 -95.752783
31.633727
0 -95.753327
31.630432
0 -95.753174
31.629223
0 -95.751467
31.626107
0 -95.750783
31.62379
0 -95.748864
31.620806
0 -95.748669
31.617709
0 -95.752334
31.615146
0 -95.753344
31.61375
0 -95.753439
31.612506
0 -95.752557
31.61005
0 -95.753215
31.607035
0 -95.758041
31.604691
0 -95.760752
31.604012
0 -95.761274
31.602516
0 -95.760961
31.60008
0 -95.764483
31.599445
0 -95.766158
31.598139
0 -95.7681
31.597416
0 -95.77198
31.598621
0 -95.777586
31.602257
0 -95.779978
31.604337
0 -95.782577
31.607467
0 -95.785155
31.611442
0 -95.786305
31.617128
0 -95.7873
31.618385
0 -95.841035
31.593957
0 -95.841139
31.59391
0 -95.864156
31.583507
0 -95.891227
31.571491
0 -95.902497
31.566368
0 -95.99245
31.525444
0 -96.058572
31.49507
0 -96.079774
31.485313
0 -96.091855
31.479759
0 -96.142475
31.456604
0 -96.142751
31.456447
0 -96.146718
31.454635
0 -96.165463
31.446432
0 -96.170684
31.443692
0 -96.236629
31.413392
0 -96.238388
31.412573
0 -96.320175
31.375176
0 -96.322853
31.374067
0 -96.322548
31.371215
0 -96.320666
31.368826
0 -96.318985
31.367552
0 -96.31872
31.364532
0 -96.317856
31.364746
0 -96.31713
31.362007
0 -96.318141
31.360654
0 -96.319165
31.357129
0 -96.319508
31.355758
0 -96.318958
31.353319
0 -96.319867
31.353436
0 -96.319874
31.350489
0 -96.318256
31.347875
0 -96.318262
31.346744
0 -96.316863
31.347191
0 -96.315884
31.346218
0 -96.316905
31.344599
0 -96.316165
31.342828
0 -96.314946
31.342856
0 -96.315003
31.340943
0 -96.316219
31.339704
0 -96.315755
31.338887
0 -96.317018
31.337567
0 -96.318905
31.336985
0 -96.319427
31.335938
0 -96.318548
31.33344
0 -96.320268
31.330935
0 -96.31883
31.329872
0 -96.318157
31.327738
0 -96.320062
31.326843
0 -96.319741
31.325563
0 -96.317205
31.3255
0 -96.317187
31.323278
0 -96.319316
31.320016
0 -96.321518
31.31891
0 -96.322218
31.317026
0 -96.320736
31.316319
0 -96.322362
31.315306
0 -96.323076
31.312861
0 -96.324821
31.312309
0 -96.325387
31.313152
0 -96.326046
31.311026
0 -96.324912
31.309097
0 -96.323318
31.308102
0 -96.32271
31.306234
0 -96.320879
31.304425
0 -96.319074
31.304057
0 -96.317289
31.301694
0 -96.31901
31.301403
0 -96.31965
31.29982
0 -96.320879
31.299661
0 -96.320949
31.297803
0 -96.321654
31.299281
0 -96.32303
31.299177
0 -96.325321
31.300803
0 -96.328406
31.298841
0 -96.328316
31.295643
0 -96.327151
31.29567
0 -96.326901
31.291812
0 -96.327848
31.29151
0 -96.326984
31.289718
0 -96.327988
31.28647
0 -96.327604
31.284816
0 -96.326657
31.285129
0 -96.324999
31.282453
0 -96.323169
31.281969
0 -96.322376
31.282865
0 -96.316226
31.277292
0 -96.317416
31.275001
0 -96.317704
31.272736
0 -96.313916
31.271181
0 -96.314421
31.26751
0 -96.315784
31.266663
0 -96.314773
31.265762
0 -96.317268
31.264894
0 -96.316852
31.263173
0 -96.318618
31.260574
0 -96.320454
31.259914
0 -96.320339
31.258452
0 -96.321938
31.256979
0 -96.323883
31.257985
0 -96.325445
31.259743
0 -96.323839
31.260474
0 -96.324581
31.261777
0 -96.326288
31.259604
0 -96.329371
31.257364
0 -96.329025
31.256633
0 -96.33065
31.254685
0 