-73.5179500508434
41.670860790123
0 -73.5182376035525
41.6667339816894
0 -73.516019
41.665964
0 -73.510379
41.666498
0 -73.506923
41.665802
0 -73.506929
41.664029
0 -73.503952
41.661773
0 -73.498768
41.659053
0 -73.497952
41.658893
0 -73.494864
41.661214
0 -73.493968
41.661118
0 -73.491888
41.656014
0 -73.49032
41.653278
0 -73.484686
41.64743
0 -73.486728
41.647053
0 -73.488074
41.645648
0 -73.490029
41.646414
0 -73.493766
41.644694
0 -73.496041
41.642769
0 -73.49598
41.640395
0 -73.497332
41.638215
0 -73.488528
41.617406
0 -73.474005
41.588341
0 -73.455163
41.547195
0 -73.454017
41.542687
0 -73.450564
41.535093
0 -73.44593
41.525254
0 -73.445086
41.522574
0 -73.442766
41.514094
0 -73.445266
41.509494
0 -73.444566
41.508894
0 -73.443566
41.503894
0 -73.444066
41.501794
0 -73.443066
41.499994
0 -73.44226
41.49561
0 -73.441466
41.491294
0 -73.439497
41.492529
0 -73.430765
41.497994
0 -73.425465
41.499294
0 -73.417723
41.501987
0 -73.414559
41.503496
0 -73.402671
41.508998
0 -73.386964
41.514794
0 -73.385064
41.512494
0 -73.384964
41.510994
0 -73.387464
41.509094
0 -73.388564
41.506494
0 -73.387064
41.505194
0 -73.381964
41.503594
0 -73.378964
41.501894
0 -73.376764
41.498994
0 -73.375263
41.489194
0 -73.364103
41.485282
0 -73.358862
41.482094
0 -73.35065
41.479791
0 -73.347663
41.478095
0 -73.340062
41.476695
0 -73.336662
41.475695
0 -73.331569
41.472677
0 -73.326774
41.469515
0 -73.312873
41.467415
0 -73.310473
41.468815
0 -73.312777
41.469935
0 -73.320906
41.477007
0 -73.322666
41.480767
0 -73.326458
41.483839
0 -73.32705
41.484879
0 -73.326842
41.485967
0 -73.324874
41.489567
0 -73.326842
41.492703
0 -73.325514
41.495311
0 -73.323114
41.497903
0 -73.321578
41.500415
0 -73.320874
41.503615
0 -73.318889
41.505189
0 -73.307897
41.505999
0 -73.254471
41.511999
0 -73.252265
41.512134
0 -73.249559
41.512498
0 -73.242247
41.512952
0 -73.219724
41.510225
0 -73.208006
41.509007
0 -73.20684
41.508803
0 -73.204197
41.508527
0 -73.170371
41.512587
0 -73.155492
41.514304
0 -73.15573
41.515279
0 -73.162523
41.547083
0 -73.164676
41.557088
0 -73.145036
41.557822
0 -73.130878
41.560917
0 -73.130221
41.561055
0 -73.129082
41.561293
0 -73.098529
41.568976
0 -73.093853
41.570196
0 -73.092353
41.570496
0 -73.089406
41.575211
0 -73.086755
41.579592
0 -73.085145
41.582108
0 -73.082955
41.585616
0 -73.080346
41.586732
0 -73.077825
41.58748
0 -73.064209
41.588491
0 -73.05801
41.588647
0 -73.057424
41.589324
0 -73.06015
41.593484
0 -73.0607
41.600811
0 -73.059097
41.602243
0 -73.059469
41.606179
0 -73.058024
41.60674
0 -73.050362
41.609748
0 -73.036156
41.615197
0 -73.034777
41.615134
0 -73.01865
41.614097
0 -73.021471
41.627104
0 -73.003146
41.629083
0 -72.98325
41.639598
0 -72.98555
41.649399
0 -72.985842
41.652076
0 -72.987636
41.660433
0 -72.989283
41.66873
0 -72.989473
41.66958
0 -72.991372
41.679889
0 -72.99354
41.690123
0 -72.99585
41.699597
0 -72.99855
41.712498
0 -72.99895
41.714398
0 -73.003293
41.736434
0 -73.012221
41.77502
0 -73.012711
41.777117
0 -73.016936
41.798183
0 -72.999549
41.800023
0 -72.98414
41.802082
0 -72.949024
41.806431
0 -72.939559
41.83169
0 -72.936502
41.840263
0 -72.939095
41.842506
0 -72.942245
41.843445
0 -72.946526
41.843628
0 -72.951187
41.842697
0 -72.953651
41.84668
0 -72.953849
41.848453
0 -72.953647
41.853885
0 -72.946342
41.874027
0 -72.946178
41.877234
0 -72.943894
41.884815
0 -72.940647
41.895196
0 -72.915346
41.896797
0 -72.906645
41.920196
0 -72.905945
41.921696
0 -72.902968
41.931361
0 -72.902244
41.931995
0 -72.88706
41.973121
0 -72.957767
41.970548
0 -73.001401
41.968372
0 -73.029537
41.966606
0 -73.020539
42.000094
0 -73.0087448685276
42.0388598449713
0 -73.053254
42.039861
0 -73.1272760899221
42.0419641289823
0 -73.1722208381699
42.0432411072835
0 -73.229798
42.044877
0 -73.231056
42.044945
0 -73.2329587822323
42.04500618616
0 -73.2333360477821
42.0450183175694
0 -73.293097
42.04694
0 -73.29442
42.046984
0 -73.2962651552155
42.0470320381398
0 -73.3256265850805
42.0477964553879
0 -73.3277308315671
42.0478512389021
0 -73.3406383205113
42.0481872820452
0 -73.4261741938809
42.0504141864309
0 -73.432812
42.050587
0 -73.4367436437709
42.0505185414125
0 -73.487314
42.049638
0 -73.4882238286054
42.0300472272559
0 -73.489615
42.000092
0 -73.492975
41.958524
0 -73.4934845021214
41.953339471656
0 -73.496527
41.92238
0 -73.4965646487039
41.921747111939
0 -73.498304
41.892508
0 -73.4994594107715
41.8818986289734
0 -73.5009100939961
41.8685779667874
0 -73.5009108171378
41.868571326657
0 -73.501984
41.858717
0 -73.504944
41.824285
0 -73.5049921230769
41.8239000153846
0 -73.505008
41.823773
0 -73.5079601692712
41.7915267620213
0 -73.510961
41.758749
0 -73.5115449368014
41.7479169723343
0 -73.5119065463255
41.7412091156621
0 -73.511921
41.740941
0 -73.5159914638673
41.6962864046138
0 -73.5165907759759
41.6897117142119
0 -73.516785
41.687581
0 -73.5179500508434
41.670860790123
0 