-98.964612
30.921368
0 -98.964016
30.705236
0 -98.964112
30.500742
0 -98.964204
30.500188
0 -98.964232
30.498482
0 -98.815602
30.49925
0 -98.750292
30.498766
0 -98.62317
30.499262
0 -98.59167
30.499875
0 -98.456624
30.501741
0 -98.438905
30.501862
0 -98.411462
30.502095
0 -98.400964
30.499589
0 -98.397203
30.498571
0 -98.377213
30.493143
0 -98.351041
30.486096
0 -98.351162
30.512487
0 -98.351517
30.51719
0 -98.351598
30.52023
0 -98.351928
30.547681
0 -98.351982
30.558084
0 -98.352057
30.558472
0 -98.364288
30.571592
0 -98.366816
30.573292
0 -98.370311
30.574438
0 -98.375946
30.573894
0 -98.381343
30.570976
0 -98.386876
30.568647
0 -98.387864
30.56834
0 -98.390198
30.567787
0 -98.397536
30.564083
0 -98.399914
30.563604
0 -98.402904
30.563968
0 -98.404086
30.564868
0 -98.408172
30.569671
0 -98.410599
30.573589
0 -98.411148
30.574644
0 -98.413089
30.581562
0 -98.413705
30.58378
0 -98.413699
30.585921
0 -98.412445
30.587711
0 -98.40806
30.590432
0 -98.402397
30.593178
0 -98.400696
30.594644
0 -98.400132
30.596178
0 -98.399996
30.597305
0 -98.400736
30.599784
0 -98.403242
30.603694
0 -98.406002
30.606894
0 -98.410551
30.613758
0 -98.411928
30.616419
0 -98.417595
30.627274
0 -98.41834
30.629922
0 -98.418442
30.633005
0 -98.417097
30.638706
0 -98.417387
30.643248
0 -98.417908
30.644794
0 -98.418594
30.645926
0 -98.423083
30.650051
0 -98.428113
30.653978
0 -98.4289
30.655012
0 -98.429043
30.65567
0 -98.428552
30.657893
0 -98.428352
30.66073
0 -98.429512
30.661806
0 -98.433284
30.662809
0 -98.439087
30.66251
0 -98.441124
30.664818
0 -98.441759
30.666352
0 -98.441643
30.669157
0 -98.440462
30.671723
0 -98.438995
30.673285
0 -98.434883
30.674205
0 -98.430115
30.675138
0 -98.428154
30.67503
0 -98.424812
30.674179
0 -98.419899
30.674273
0 -98.416862
30.675362
0 -98.413432
30.675913
0 -98.407776
30.67502
0 -98.405014
30.675642
0 -98.402916
30.677359
0 -98.402176
30.680794
0 -98.404888
30.68782
0 -98.40546
30.690226
0 -98.407738
30.694563
0 -98.409941
30.697331
0 -98.414001
30.701834
0 -98.414436
30.702959
0 -98.413962
30.704392
0 -98.410448
30.707891
0 -98.409073
30.710403
0 -98.408603
30.71309
0 -98.407708
30.716541
0 -98.404152
30.721083
0 -98.402107
30.72184
0 -98.397476
30.721252
0 -98.392654
30.721233
0 -98.390656
30.722862
0 -98.388412
30.725673
0 -98.386101
30.728905
0 -98.385521
30.730331
0 -98.376249
30.737055
0 -98.374062
30.738295
0 -98.371905
30.740485
0 -98.371628
30.742922
0 -98.374878
30.746384
0 -98.377777
30.747238
0 -98.379555
30.747374
0 -98.384781
30.746143
0 -98.391408
30.746034
0 -98.394249
30.746489
0 -98.397793
30.748269
0 -98.400156
30.75022
0 -98.406853
30.751492
0 -98.411769
30.751496
0 -98.414504
30.751957
0 -98.41577
30.75181
0 -98.418248
30.751282
0 -98.42234
30.750463
0 -98.424046
30.750507
0 -98.42663
30.751527
0 -98.428956
30.754272
0 -98.43029
30.757783
0 -98.430214
30.76096
0 -98.42923
30.763807
0 -98.426907
30.767828
0 -98.424355
30.77033
0 -98.42289
30.773052
0 -98.422714
30.776054
0 -98.42485
30.778938
0 -98.42971
30.783209
0 -98.432098
30.78631
0 -98.432543
30.78858
0 -98.431996
30.790436
0 -98.428482
30.79394
0 -98.425045
30.795658
0 -98.419941
30.7953
0 -98.415596
30.79427
0 -98.412552
30.794991
0 -98.411224
30.796371
0 -98.409721
30.799131
0 -98.408958
30.80162
0 -98.408653
30.80732
0 -98.408159
30.809008
0 -98.405434
30.813951
0 -98.404948
30.815745
0 -98.403336
30.817936
0 -98.400887
30.818901
0 -98.395378
30.818176
0 -98.390053
30.818436
0 -98.387627
30.819347
0 -98.383899
30.822005
0 -98.380074
30.825998
0 -98.377595
30.829507
0 -98.376811
30.831875
0 -98.376877
30.83489
0 -98.379578
30.837223
0 -98.381371
30.838202
0 -98.388229
30.840576
0 -98.393646
30.84296
0 -98.397636
30.843813
0 -98.401384
30.843996
0 -98.404977
30.843823
0 -98.405769
30.842984
0 -98.406903
30.839051
0 -98.408851
30.836559
0 -98.412468
30.835114
0 -98.415718
30.834728
0 -98.421593
30.834997
0 -98.422089
30.835646
0 -98.422211
30.83923
0 -98.421026
30.845025
0 -98.419632
30.850876
0 -98.41935
30.859121
0 -98.420738
30.862213
0 -98.422365
30.864188
0 -98.426871
30.867293
0 -98.431557
30.869432
0 -98.434113
30.870127
0 -98.437782
30.870567
0 -98.445867
30.870327
0 -98.448326
30.870588
0 -98.452493
30.87231
0 -98.456352
30.876455
0 -98.457162
30.878226
0 -98.457207
30.881147
0 -98.456436
30.883095
0 -98.454178
30.885838
0 -98.449493
30.889439
0 -98.448753
30.890335
0 -98.448471
30.892838
0 -98.449356
30.896605
0 -98.449463
30.903162
0 -98.449173
30.907026
0 -98.448006
30.913794
0 -98.447174
30.917585
0 -98.445782
30.921439
0 -98.448077
30.921556
0 -98.500327
30.921949
0 -98.51552
30.921843
0 -98.516771
30.922042
0 -98.517683
30.922048
0 -98.523681
30.922121
0 -98.529989
30.92175
0 -98.557512
30.921998
0 -98.624386
30.921779
0 -98.625833
30.921892
0 -98.747007
30.920871
0 -98.750312
30.920343
0 -98.870281
30.921097
0 -98.875437
30.920744
0 -98.964612
30.921368
0 