-81.981621
31.799881
0 -81.981389
31.794578
0 -81.980834
31.793582
0 -81.981033
31.791367
0 -81.975189
31.78791
0 -81.973831
31.787609
0 -81.973752
31.788685
0 -81.970771
31.790164
0 -81.969052
31.789324
0 -81.96347
31.789413
0 -81.956481
31.78973
0 -81.953971
31.7893
0 -81.952514
31.788326
0 -81.951492
31.785852
0 -81.951499
31.77972
0 -81.95124
31.776422
0 -81.951667
31.773599
0 -81.95156
31.771827
0 -81.949142
31.769258
0 -81.943817
31.767389
0 -81.943222
31.766061
0 -81.943267
31.764219
0 -81.944534
31.761127
0 -81.943717
31.759702
0 -81.942337
31.759229
0 -81.94058
31.759529
0 -81.937513
31.761689
0 -81.933876
31.762392
0 -81.931588
31.76176
0 -81.929636
31.75993
0 -81.929576
31.755325
0 -81.928788
31.753524
0 -81.925757
31.751812
0 -81.923543
31.752506
0 -81.922272
31.755343
0 -81.923565
31.756551
0 -81.924095
31.758136
0 -81.923467
31.759415
0 -81.920822
31.759916
0 -81.918655
31.759201
0 -81.917079
31.75737
0 -81.912146
31.754241
0 -81.909438
31.75031
0 -81.908999
31.747963
0 -81.909814
31.745804
0 -81.912418
31.74399
0 -81.913201
31.741485
0 -81.913242
31.739734
0 -81.9125
31.738391
0 -81.910345
31.736357
0 -81.909739
31.73258
0 -81.90994
31.730654
0 -81.907663
31.728141
0 -81.906666
31.725812
0 -81.904964
31.724303
0 -81.898841
31.721391
0 -81.897315
31.720893
0 -81.892143
31.717754
0 -81.88829
31.716312
0 -81.883735
31.714252
0 -81.876464
31.71315
0 -81.875953
31.712696
0 -81.874504
31.710645
0 -81.874183
31.708784
0 -81.874534
31.705324
0 -81.874008
31.70346
0 -81.8722
31.700687
0 -81.871055
31.697631
0 -81.869064
31.695196
0 -81.867126
31.691078
0 -81.865303
31.689285
0 -81.859298
31.686412
0 -81.856948
31.684194
0 -81.855499
31.681449
0 -81.852684
31.679412
0 -81.8488
31.678495
0 -81.847572
31.677263
0 -81.84793
31.674949
0 -81.852012
31.672534
0 -81.851997
31.669338
0 -81.850624
31.667671
0 -81.848838
31.667274
0 -81.84465
31.667373
0 -81.842208
31.668207
0 -81.840728
31.668191
0 -81.838571
31.666854
0 -81.836067
31.663694
0 -81.834556
31.663305
0 -81.828918
31.663958
0 -81.827569
31.662118
0 -81.827867
31.660685
0 -81.830925
31.658495
0 -81.830941
31.65731
0 -81.823921
31.651809
0 -81.820999
31.651062
0 -81.817451
31.651924
0 -81.814117
31.652303
0 -81.812492
31.653224
0 -81.811645
31.654521
0 -81.811988
31.657712
0 -81.813583
31.659887
0 -81.817131
31.661287
0 -81.818283
31.662959
0 -81.817979
31.663615
0 -81.816481
31.664741
0 -81.813637
31.664458
0 -81.811134
31.662839
0 -81.809463
31.661123
0 -81.807807
31.658325
0 -81.806579
31.655277
0 -81.804206
31.653896
0 -81.801795
31.653463
0 -81.798065
31.65336
0 -81.796974
31.652675
0 -81.795562
31.649095
0 -81.797241
31.646842
0 -81.797424
31.645631
0 -81.79639
31.644051
0 -81.793525
31.643415
0 -81.78952
31.643896
0 -81.787487
31.643151
0 -81.786117
31.640848
0 -81.786146
31.638869
0 -81.787445
31.637132
0 -81.789886
31.635494
0 -81.79058
31.633882
0 -81.7891
31.631706
0 -81.784523
31.629837
0 -81.77848
31.631475
0 -81.776084
31.629037
0 -81.77317
31.628896
0 -81.771476
31.62803
0 -81.770729
31.624774
0 -81.766212
31.625477
0 -81.765348
31.624589
0 -81.766219
31.622914
0 -81.769592
31.622519
0 -81.770646
31.621767
0 -81.770253
31.619406
0 -81.770708
31.616852
0 -81.769997
31.615256
0 -81.768814
31.614343
0 -81.766567
31.61435
0 -81.765226
31.615093
0 -81.764166
31.616606
0 -81.763087
31.619261
0 -81.760253
31.620605
0 -81.759567
31.620471
0 -81.757217
31.61646
0 -81.755859
31.615449
0 -81.751724
31.616018
0 -81.750938
31.612773
0 -81.747657
31.613576
0 -81.745399
31.613189
0 -81.743927
31.611747
0 -81.744308
31.610048
0 -81.747062
31.609258
0 -81.748168
31.607383
0 -81.748687
31.604835
0 -81.748542
31.602872
0 -81.74723
31.601495
0 -81.744888
31.601104
0 -81.742393
31.602317
0 -81.741394
31.603685
0 -81.740554
31.608057
0 -81.739151
31.608974
0 -81.736839
31.608434
0 -81.734954
31.606683
0 -81.732566
31.605508
0 -81.731575
31.604524
0 -81.732353
31.602252
0 -81.732215
31.600954
0 -81.730766
31.600435
0 -81.728195
31.601087
0 -81.726898
31.600845
0 -81.724784
31.599431
0 -81.724754
31.597324
0 -81.726058
31.595842
0 -81.72409
31.594219
0 -81.723182
31.591644
0 -81.720367
31.591726
0 -81.719169
31.591108
0 -81.717742
31.589056
0 -81.71495
31.590742
0 -81.713073
31.590929
0 -81.711868
31.589202
0 -81.713455
31.587312
0 -81.713531
31.586137
0 -81.711865
31.585826
0 -81.708915
31.587598
0 -81.706916
31.58624
0 -81.707054
31.584541
0 -81.705322
31.583923
0 -81.702949
31.585163
0 -81.701774
31.584922
0 -81.701156
31.579952
0 -81.699681
31.578952
0 -81.697747
31.578849
0 -81.696989
31.577864
0 -81.69954
31.574384
0 -81.69954
31.572398
0 -81.697895
31.568393
0 -81.6963
31.566373
0 -81.696798
31.565304
0 -81.698593
31.564931
0 -81.700447
31.565355
0 -81.701074
31.564183
0 -81.698944
31.562412
0 -81.697128
31.560155
0 -81.698577
31.557712
0 -81.697068
31.555746
0 -81.696784
31.553977
0 -81.695251
31.553003
0 -81.692665
31.553293
0 -81.690444
31.550737
0 -81.688079
31.550676
0 -81.685989
31.552009
0 -81.683891
31.552312
0 -81.682395
31.551807
0 -81.68087
31.550491
0 -81.680191
31.548303
0 -81.680511
31.546871
0 -81.682807
31.544631
0 -81.682571
31.542242
0 -81.681266
31.541671
0 -81.678058
31.542381
0 -81.675791
31.546199
0 -81.674051
31.547489
0 -81.671751
31.548025
0 -81.6695
31.546955
0 -81.667233
31.544066
0 -81.664149
31.541783
0 -81.663206
31.538667
0 -81.624801
31.550373
0 -81.622216
31.551295
0 -81.569051
31.575124
0 -81.566009
31.576467
0 -81.551769
31.600575
0 -81.538304
31.624259
0 -81.537125
31.625412
0 -81.491798
31.699575
0 -81.492368
31.699679
0 -81.496871
31.699665
0 -81.499603
31.699968
0 -81.611115
31.751858
0 -81.626602
31.759216
0 -81.627151
31.759462
0 -81.633601
31.762088
0 -81.641761
31.765451
0 -81.641782
31.765688
0 -81.641807
31.766016
0 -81.64199
31.768888
0 -81.643258
31.784872
0 -81.642923
31.785053
0 -81.64331
31.7859
0 -81.656684
31.797653
0 -81.660331
31.800806
0 -81.669097
31.803503
0 -81.687454
31.809083
0 -81.68811
31.8094
0 -81.68914
31.809097
0 -81.695442
31.812812
0 -81.69625
31.816078
0 -81.697662
31.817516
0 -81.699768
31.820812
0 -81.704368
31.824939
0 -81.706176
31.827547
0 -81.714673
31.835207
0 -81.719795
31.837263
0 -81.721153
31.838203
0 -81.723365
31.839431
0 -81.728706
31.841835
0 -81.73561
31.853708
0 -81.736274
31.854261
0 -81.748939
31.860759
0 -81.752326
31.861207
0 -81.760688
31.870725
0 -81.765357
31.87454
0 -81.766296
31.886234
0 -81.765777
31.887847
0 -81.765442
31.88856
0 -81.762451
31.89491
0 -81.7593
31.898611
0 -81.758399
31.900733
0 -81.758888
31.903377
0 -81.759841
31.906143
0 -81.753334
31.914419
0 -81.751167
31.920236
0 -81.749763
31.926378
0 -81.745986
31.934688
0 -81.745414
31.936275
0 -81.745918
31.94362
0 -81.746574
31.945562
0 -81.743019
31.953958
0 -81.742904
31.9549
0 -81.743484
31.960117
0 -81.744093
31.96233
0 -81.746612
31.967008
0 -81.74694
31.969326
0 -81.750679
31.973506
0 -81.75212
31.974229
0 -81.75756
31.975475
0 -81.762413
31.975967
0 -81.771095
31.977422
0 -81.774038
31.980322
0 -81.776374
31.980934
0 -81.779273
31.981004
0 -81.785247
31.979722
0 -81.787864
31.978834
0 -81.793922
31.977796
0 -81.795318
31.980939
0 -81.798852
31.981066
0 -81.80027
31.9829
0 -81.803947
31.985921
0 -81.804374
31.987276
0 -81.805084
31.993574
0 -81.808819
31.998172
0 -81.811462
32.000095
0 -81.813499
32.002494
0 -81.81446
32.003104
0 -81.81919
32.004795
0 -81.822265
32.006767
0 -81.823913
32.012003
0 -81.824405
32.014882
0 -81.841384
32.002128
0 -81.845367
31.994522
0 -81.845771
31.993076
0 -81.854576
31.988328
0 -81.855033
31.98494
0 -81.856668
31.9832
0 -81.858749
31.979916
0 -81.858292
31.97843
0 -81.860748
31.97506
0 -81.863113
31.972961
0 -81.865524
31.972675
0 -81.867828
31.971447
0 -81.869954
31.971647
0 -81.873817
31.970097
0 -81.875916
31.968531
0 -81.876816
31.965675
0 -81.876762
31.962223
0 -81.881409
31.95866
0 -81.882149
31.957296
0 -81.884506
31.956142
0 -81.886452
31.952503
0 -81.887611
31.95153
0 -81.888535
31.949402
0 -81.889534
31.949133
0 -81.889168
31.947071
0 -81.88633
31.94541
0 -81.885872
31.943853
0 -81.882874
31.941156
0 -81.883637
31.939503
0 -81.88266
31.937153
0 -81.883638
31.935526
0 -81.883446
31.93446
0 -81.881897
31.932045
0 -81.882774
31.927294
0 -81.881989
31.924965
0 -81.881985
31.924095
0 -81.88295
31.92098
0 -81.881996
31.918341
0 -81.882225
31.917368
0 -81.884148
31.914927
0 -81.885178
31.912655
0 -81.88636
31.912348
0 -81.888115
31.910088
0 -81.891441
31.90827
0 -81.893127
31.905031
0 -81.894959
31.902864
0 -81.894844
31.901049
0 -81.893906
31.89831
0 -81.892451
31.897056
0 -81.892548
31.895033
0 -81.895287
31.892042
0 -81.896088
31.892769
0 -81.899452
31.891718
0 -81.899895
31.890619
0 -81.902527
31.888426
0 -81.906593
31.887602
0 -81.909256
31.888586
0 -81.912529
31.886656
0 -81.912987
31.884617
0 -81.914871
31.881994
0 -81.914452
31.880409
0 -81.915123
31.879129
0 -81.916916
31.878145
0 -81.91935
31.873432
0 -81.920494
31.867451
0 -81.918518
31.865284
0 -81.91922
31.862627
0 -81.918449
31.86223
0 -81.921066
31.856955
0 -81.921847
31.856889
0 -81.92173
31.853487
0 -81.922302
31.851463
0 -81.923782
31.850016
0 -81.926849
31.849873
0 -81.930441
31.847811
0 -81.932182
31.846037
0 -81.933487
31.842127
0 -81.940414
31.839872
0 -81.941933
31.838219
0 -81.942139
31.836966
0 -81.945251
31.835337
0 -81.944908
31.833191
0 -81.946434
31.831894
0 -81.948578
31.828823
0 -81.949654
31.828312
0 -81.949905
31.826715
0 -81.950981
31.825584
0 -81.95079
31.821774
0 -81.952332
31.820808
0 -81.951805
31.816941
0 -81.953072
31.814641
0 -81.952698
31.813279
0 -81.954552
31.810896
0 -81.956383
31.808706
0 -81.957863
31.809185
0 -81.95977
31.808466
0 -81.961403
31.809288
0 -81.963409
31.807785
0 -81.966461
31.808674
0 -81.968491
31.80728
0 -81.968597
31.8064
0 -81.971725
31.804743
0 -81.974014
31.805344
0 -81.975815
31.804859
0 -81.978821
31.805115
0 -81.979912
31.80455
0 -81.979775
31.801247
0 -81.981621
31.799881
0 