-82.3480736835418
41.4283891961481
0 -82.347913
41.425009
0 -82.347705
41.4215
0 -82.347483
41.415614
0 -82.34731
41.413208
0 -82.347258
41.411863
0 -82.347214
41.41161
0 -82.347183
41.41121
0 -82.346407
41.402853
0 -82.346357
41.402001
0 -82.346363
41.39138
0 -82.345742
41.382932
0 -82.344765
41.37072
0 -82.344602
41.367806
0 -82.345408
41.361525
0 -82.345202
41.35743
0 -82.34519
41.356928
0 -82.345048
41.353479
0 -82.344274
41.33374
0 -82.344038
41.332641
0 -82.343825
41.320379
0 -82.342314
41.283554
0 -82.342177
41.276154
0 -82.341663
41.257257
0 -82.341653
41.256722
0 -82.343986
41.240053
0 -82.344003
41.211266
0 -82.344047
41.206468
0 -82.344086
41.202152
0 -82.344086
41.199152
0 -82.34359
41.197166
0 -82.341285
41.187947
0 -82.34109
41.173834
0 -82.340616
41.137899
0 -82.340297
41.129456
0 -82.337969
41.115816
0 -82.336496
41.065761
0 -82.28994
41.065531
0 -82.2797
41.065343
0 -82.270367
41.065089
0 -82.258275
41.06473
0 -82.171492
41.063537
0 -82.171355
41.069855
0 -82.169875
41.137097
0 -82.122771
41.136739
0 -82.074266
41.136456
0 -82.073352
41.168122
0 -82.072465
41.19985
0 -82.002744
41.199812
0 -81.999863
41.199885
0 -81.973895
41.199831
0 -81.9738
41.207232
0 -81.974235
41.208924
0 -81.973308
41.237731
0 -81.972896
41.260188
0 -81.972721
41.261384
0 -81.972485
41.274829
0 -81.927005
41.274818
0 -81.922323
41.275013
0 -81.920441
41.27538
0 -81.914568
41.275471
0 -81.906227
41.275392
0 -81.897853
41.274916
0 -81.88352
41.275008
0 -81.878053
41.275044
0 -81.87801
41.283013
0 -81.877636
41.312445
0 -81.877462
41.320103
0 -81.877457
41.322054
0 -81.877295
41.330625
0 -81.87696
41.350685
0 -81.893062
41.35076
0 -81.902736
41.350792
0 -81.903558
41.350795
0 -81.912403
41.350832
0 -81.923044
41.350877
0 -81.935088
41.350973
0 -81.937149
41.350992
0 -81.971262
41.351268
0 -81.970864
41.375376
0 -81.970863
41.375413
0 -81.970464
41.386748
0 -81.970464
41.388453
0 -81.970464
41.389837
0 -81.970164
41.405747
0 -81.970263
41.411045
0 -81.969963
41.416927
0 -81.969963
41.418913
0 -81.969863
41.431253
0 -81.969763
41.44189
0 -81.969662
41.45805
0 -81.969479
41.468218
0 -81.969465
41.478017
0 -81.969177
41.492684
0 -81.968466
41.504087
0 -81.9682773665318
41.5052648033532
0 -81.981779
41.509672
0 -81.9903288747765
41.5126121481028
0 -81.9935052929715
41.5137044611686
0 -81.995746
41.514475
0 -81.9971104568687
41.5145729178665
0 -82.011966
41.515639
0 -82.0120297725369
41.5156250226483
0 -82.018501328243
41.5142066188262
0 -82.025713
41.512626
0 -82.028858777321
41.5117757451182
0 -82.0395391715399
41.508889
0 -82.0467397951057
41.5069427829877
0 -82.061775
41.502879
0 -82.0629374294898
41.502597668667
0 -82.0656378615498
41.5019441097564
0 -82.0665648147982
41.5017197684133
0 -82.0745897120567
41.4997775817582
0 -82.0827753914024
41.4977964826019
0 -82.094169
41.495039
0 -82.0943913651346
41.4949872795446
0 -82.1002059235001
41.4936348570662
0 -82.1056136857527
41.4923770522995
0 -82.1069945113662
41.4920558826627
0 -82.1093183775242
41.4915153688986
0 -82.1133399173179
41.4905799890343
0 -82.11788
41.489524
0 -82.1300687720333
41.4855537284211
0 -82.1301651746215
41.4855223270252
0 -82.1331572742433
41.4845477048026
0 -82.133798
41.484339
0 -82.15212
41.478037
0 -82.153187198376
41.4777473514254
0 -82.1611893593973
41.4755754829282
0 -82.1644160525279
41.4746997253495
0 -82.16443195858
41.474695408284
0 -82.1652152871239
41.4744828048906
0 -82.165373
41.47444
0 -82.1665350250968
41.4741528793442
0 -82.1747176177139
41.4721310715842
0 -82.176871
41.471599
0 -82.1811558732044
41.4716307263724
0 -82.181598
41.471634
0 -82.184774
41.47404
0 -82.1857011564987
41.4736426472148
0 -82.1860431187387
41.4734960919691
0 -82.186174
41.47344
0 -82.1868269061721
41.4725716429831
0 -82.1870184975805
41.4723168288138
0 -82.188565
41.47026
0 -82.18885
41.468097
0 -82.1907712664984
41.466586735926
0 -82.1930499437676
41.4647955193411
0 -82.193375
41.46454
0 -82.1997861376259
41.4614698639341
0 -82.212973
41.455155
0 -82.215851
41.454322
0 -82.217278
41.452805
0 -82.2198441468102
41.451544980748
0 -82.225763639789
41.4486384147304
0 -82.2266166724551
41.4482195620063
0 -82.2337655139965
41.4447093661222
0 -82.2472805437555
41.4380732696918
0 -82.2494556002729
41.4370052820478
0 -82.2509155572068
41.4362884197715
0 -82.2516737576444
41.435916131193
0 -82.2519508260568
41.4357800861575
0 -82.254678
41.434441
0 -82.268479
41.430842
0 -82.2697964007671
41.430705133118
0 -82.279180972213
41.4297301549149
0 -82.2834882732142
41.4292826624945
0 -82.29158
41.428442
0 -82.2931331456552
41.4285364089302
0 -82.2972141583462
41.4287844758394
0 -82.3104834332666
41.4295910570159
0 -82.3150946996804
41.4298713557294
0 -82.322969
41.43035
0 -82.334182
41.430243
0 -82.3359571795217
41.4301649249747
0 -82.3397957699578
41.4299960980805
0 -82.344118
41.429806
0 -82.3480736835418
41.4283891961481
0 