-106.418546
35.820743
0 -106.417982
35.818427
0 -106.413739
35.817183
0 -106.414585
35.81456
0 -106.414024
35.813349
0 -106.412098
35.812808
0 -106.411148
35.810862
0 -106.408407
35.8101
0 -106.406565
35.810293
0 -106.406091
35.809268
0 -106.403599
35.808153
0 -106.4007
35.807567
0 -106.396666
35.808499
0 -106.392393
35.8086
0 -106.389781
35.807862
0 -106.386052
35.808876
0 -106.382358
35.80798
0 -106.377007
35.809735
0 -106.37407
35.812354
0 -106.37037
35.813068
0 -106.366325
35.812063
0 -106.365189
35.810865
0 -106.36218
35.811428
0 -106.359794
35.809814
0 -106.357044
35.806586
0 -106.356898
35.816234
0 -106.351324
35.813795
0 -106.345243
35.812185
0 -106.338684
35.807967
0 -106.332708
35.806969
0 -106.324911
35.807103
0 -106.299362
35.797262
0 -106.29605
35.797249
0 -106.295426
35.796253
0 -106.282606
35.791905
0 -106.266036
35.779497
0 -106.259879
35.769765
0 -106.257785
35.769658
0 -106.255557
35.758854
0 -106.254466
35.757228
0 -106.254073
35.754274
0 -106.250581
35.756308
0 -106.24825
35.755739
0 -106.247531
35.755749
0 -106.244547
35.757129
0 -106.240703
35.763784
0 -106.239943
35.764254
0 -106.233863
35.765149
0 -106.223632
35.767416
0 -106.221487
35.769591
0 -106.218519
35.770215
0 -106.216172
35.772284
0 -106.215845
35.774085
0 -106.21396
35.776682
0 -106.210323
35.777149
0 -106.20823
35.778063
0 -106.207768
35.780336
0 -106.204643
35.781597
0 -106.20241
35.783805
0 -106.20234
35.785602
0 -106.200307
35.787316
0 -106.19763
35.787861
0 -106.196193
35.789976
0 -106.195986
35.790918
0 -106.196976
35.795581
0 -106.195655
35.797351
0 -106.195273
35.799235
0 -106.193806
35.80141
0 -106.193708
35.803354
0 -106.192569
35.804933
0 -106.187965
35.806761
0 -106.185165
35.806256
0 -106.182653
35.808259
0 -106.180527
35.808832
0 -106.179975
35.809981
0 -106.180135
35.812605
0 -106.178224
35.814541
0 -106.177893
35.816135
0 -106.178442
35.820113
0 -106.177227
35.822439
0 -106.174909
35.824092
0 -106.173687
35.825526
0 -106.173337
35.826864
0 -106.171656
35.828176
0 -106.175874
35.828095
0 -106.183019
35.826332
0 -106.184061
35.827804
0 -106.183938
35.828839
0 -106.191691
35.828983
0 -106.193595
35.830541
0 -106.200078
35.830308
0 -106.20655
35.829013
0 -106.208715
35.829542
0 -106.212926
35.82817
0 -106.225648
35.828654
0 -106.228278
35.832297
0 -106.233647
35.833622
0 -106.240707
35.834718
0 -106.24613
35.838138
0 -106.247505
35.839963
0 -106.248257
35.839178
0 -106.250581
35.841088
0 -106.249293
35.842795
0 -106.255776
35.845099
0 -106.256835
35.846447
0 -106.261006
35.846727
0 -106.263422
35.848718
0 -106.263196
35.8505
0 -106.265324
35.852389
0 -106.270941
35.852638
0 -106.277028
35.85521
0 -106.248372
35.85564
0 -106.248421
35.872172
0 -106.248422
35.872849
0 -106.248033
35.874652
0 -106.24778
35.875024
0 -106.247012
35.880936
0 -106.246411
35.885594
0 -106.246163
35.88751
0 -106.245699
35.891099
0 -106.245514
35.892525
0 -106.245456
35.910419
0 -106.245439
35.93093
0 -106.245455
35.948262
0 -106.245466
35.959346
0 -106.248096
35.959386
0 -106.247949
35.966335
0 -106.264223
35.965527
0 -106.264208
35.972816
0 -106.300374
35.973443
0 -106.30016
35.958518
0 -106.306482
35.958686
0 -106.316741
35.958566
0 -106.315314
35.952475
0 -106.331679
35.951963
0 -106.337024
35.951954
0 -106.349764
35.952644
0 -106.386386
35.952587
0 -106.386288
35.9601
0 -106.393336
35.959969
0 -106.399644
35.960055
0 -106.399681
35.899447
0 -106.399542
35.82831
0 -106.399542
35.827609
0 -106.418208
35.827695
0 -106.417307
35.825733
0 -106.418519
35.825594
0 -106.417326
35.821954
0 -106.418546
35.820743
0 