-77.956402
39.020856
0 -77.961956
39.013841
0 -77.937156
39.008079
0 -77.921701
39.004466
0 -77.866445
38.991593
0 -77.820561
38.980892
0 -77.820461
38.98087
0 -77.797301
38.975491
0 -77.749716
38.964488
0 -77.74621
38.963914
0 -77.728903
38.95994
0 -77.655081
38.942635
0 -77.652974
38.942305
0 -77.650402
38.942699
0 -77.646649
38.941444
0 -77.643087
38.94248
0 -77.640603
38.941872
0 -77.63738
38.941616
0 -77.634797
38.938142
0 -77.63168
38.93506
0 -77.62928
38.933472
0 -77.626583
38.933193
0 -77.625072
38.931739
0 -77.623475
38.930906
0 -77.621107
38.930894
0 -77.619328
38.931505
0 -77.617733
38.930404
0 -77.616719
38.927307
0 -77.61525
38.925599
0 -77.613128
38.924477
0 -77.612526
38.921859
0 -77.611432
38.919627
0 -77.611678
38.917732
0 -77.610418
38.916616
0 -77.61001
38.914809
0 -77.607389
38.911946
0 -77.603027
38.910884
0 -77.602135
38.908614
0 -77.600547
38.906315
0 -77.59882
38.904629
0 -77.598508
38.903406
0 -77.595356
38.900988
0 -77.592168
38.900317
0 -77.591369
38.898819
0 -77.591696
38.897181
0 -77.588029
38.896274
0 -77.58277
38.8927
0 -77.581591
38.891023
0 -77.58062
38.89099
0 -77.578854
38.891528
0 -77.574992
38.890252
0 -77.574291
38.89125
0 -77.570195
38.889651
0 -77.568514
38.887758
0 -77.566239
38.887413
0 -77.564078
38.886142
0 -77.561684
38.887161
0 -77.560526
38.886813
0 -77.559424
38.887628
0 -77.55651
38.88867
0 -77.552878
38.886761
0 -77.551658
38.884465
0 -77.551318
38.881836
0 -77.549649
38.878814
0 -77.550045
38.877515
0 -77.551904
38.875254
0 -77.550462
38.873254
0 -77.551273
38.871759
0 -77.549254
38.867755
0 -77.552395
38.86522
0 -77.552341
38.864101
0 -77.550613
38.864496
0 -77.548007
38.863119
0 -77.549227
38.860714
0 -77.551129
38.859272
0 -77.552089
38.85628
0 -77.547325
38.854061
0 -77.54716
38.852774
0 -77.550324
38.848937
0 -77.549387
38.846909
0 -77.547863
38.847091
0 -77.546189
38.846451
0 -77.545264
38.847919
0 -77.547444
38.848352
0 -77.545954
38.849079
0 -77.543835
38.850358
0 -77.538216
38.847762
0 -77.53576
38.847474
0 -77.496855
38.887171
0 -77.495651
38.8884
0 -77.485178
38.899251
0 -77.48197
38.902251
0 -77.473111
38.911215
0 -77.465651
38.91878
0 -77.432201
38.952716
0 -77.429373
38.955648
0 -77.429278
38.955744
0 -77.423883
38.961135
0 -77.422892
38.96224
0 -77.42227
38.962781
0 -77.41359
38.971627
0 -77.408612
38.976606
0 -77.402653
38.982566
0 -77.402509
38.982709
0 -77.401003
38.984304
0 -77.394381
38.991032
0 -77.391723
38.993683
0 -77.391091
38.994223
0 -77.378344
39.007161
0 -77.3783
39.007205
0 -77.375944
39.009585
0 -77.371316
39.014265
0 -77.371103
39.01448
0 -77.37041
39.015177
0 -77.362656
39.023023
0 -77.3517
39.034065
0 -77.334249
39.051695
0 -77.328281093199
39.0577948715365
0 -77.333706
39.059508
0 -77.3337299212557
39.059624537433
0 -77.33401
39.060989
0 -77.335511
39.061771
0 -77.340287
39.062991
0 -77.3421002787855
39.0628357931766
0 -77.350311
39.062133
0 -77.359702
39.062004
0 -77.3668224561035
39.0611697776611
0 -77.367529
39.061087
0 -77.3696035592551
39.0611447029727
0 -77.375079
39.061297
0 -77.3784960318384
39.0623236723221
0 -77.380108
39.062808
0 -77.38568
39.061987
0 -77.399204
39.064784
0 -77.4016584049707
39.0646528312059
0 -77.404593
39.064496
0 -77.41543
39.066435
0 -77.4207106867182
39.0667368508666
0 -77.42318
39.066878
0 -77.4232455215147
39.0668952005495
0 -77.4374
39.070611
0 -77.4436083499535
39.0713583200145
0 -77.4512510527485
39.0722782979162
0 -77.452827
39.072468
0 -77.4569629014784
39.0734336849033
0 -77.458202
39.073723
0 -77.4607759531378
39.0748546518106
0 -77.46145
39.075151
0 -77.462617
39.076248
0 -77.4649653848213
39.0797361737039
0 -77.4691475463002
39.085948147808
0 -77.469443
39.086387
0 -77.472414
39.092524
0 -77.4726339451915
39.0928976101197
0 -77.4751775318423
39.0972182761299
0 -77.47701
39.100331
0 -77.4773266237148
39.1007260935883
0 -77.477822368564
39.1013447004779
0 -77.481279
39.105658
0 -77.4858
39.109303
0 -77.494955
39.113038
0 -77.499711
39.11395
0 -77.5020761733592
39.1146532333628
0 -77.51532
39.118591
0 -77.519929
39.120925
0 -77.5209858903006
39.1224991502187
0 -77.524559
39.127821
0 -77.526728
39.137315
0 -77.5267947446261
39.1383897812439
0 -77.5271842099936
39.1446612984714
0 -77.527282
39.146236
0 -77.524872
39.148455
0 -77.5244156331222
39.1500306535325
0 -77.521222
39.161057
0 -77.516426
39.170891
0 -77.510631
39.178484
0 -77.505162
39.18205
0 -77.485971
39.185665
0 -77.478596
39.189168
0 -77.477362
39.190495
0 -77.475013
39.194934
0 -77.475929
39.202024
0 -77.47361
39.208407
0 -77.470113
39.21184
0 -77.459883
39.218682
0 -77.4589223494682
39.2203363986735
0 -77.457943
39.222023
0 -77.45768
39.22502
0 -77.45812
39.22614
0 -77.46021
39.228359
0 -77.471213
39.234509
0 -77.4802430566701
39.2412434231264
0 -77.480807
39.241664
0 -77.484664
39.246123
0 -77.486813
39.247586
0 -77.496606
39.251045
0 -77.508427
39.25263
0 -77.519634
39.257232
0 -77.520986
39.258491
0 -77.522486
39.259086
0 -77.534461
39.262361
0 -77.540581
39.264947
0 -77.543228
39.266937
0 -77.544258
39.26966
0 -77.545846
39.271535
0 -77.5465552833747
39.2721270228168
0 -77.5465968639478
39.2721617291822
0 -77.551054
39.275882
0 -77.5512682504984
39.276234161256
0 -77.553114
39.279268
0 -77.560854
39.286152
0 -77.562768
39.294501
0 -77.561826
39.301913
0 -77.56321
39.303903
0 -77.5658310251171
39.3056199030448
0 -77.566596
39.306121
0 -77.570041
39.30635
0 -77.578491
39.305228
0 -77.5830918701483
39.30368257225
0 -77.588235
39.301955
0 -77.592739
39.30129
0 -77.598892
39.301883
0 -77.603949181926
39.3031855418631
0 -77.6053602452529
39.3035489792639
0 -77.6059
39.303688
0 -77.6068567654845
39.3035959355057
0 -77.615939
39.302722
0 -77.6316568943776
39.3066666754067
0 -77.6316976325714
39.3066768993558
0 -77.636101
39.307782
0 -77.6395286286667
39.3081582931256
0 -77.640282
39.308241
0 -77.6432760350391
39.3089515768646
0 -77.6439956278579
39.3091223584361
0 -77.645454773488
39.3094686587009
0 -77.650997
39.310784
0 -77.66613
39.317008
0 -77.671341
39.321675
0 -77.675846
39.324192
0 -77.6771230127463
39.3240773739412
0 -77.681706
39.323666
0 -77.687124
39.319914
0 -77.692984
39.31845
0 -77.697461
39.318633
0 -77.707709
39.321559
0 -77.715865
39.320641
0 -77.719519
39.321314
0 -77.719946
39.319693
0 -77.721638
39.318494
0 -77.730047
39.315666
0 -77.734899
39.312409
0 -77.747287
39.295001
0 -77.750267
39.289284
0 -77.752726
39.283373
0 -77.753357
39.280331
0 -77.75306
39.277971
0 -77.753105
39.27734
0 -77.755193
39.275191
0 -77.755698
39.274575
0 -77.758412
39.269197
0 -77.758733
39.268114
0 -77.761217
39.263721
0 -77.761768
39.263031
0 -77.7621944059562
39.2612136229413
0 -77.7622312213775
39.2610567126049
0 -77.762844
39.258445
0 -77.766525
39.25734
0 -77.768
39.257657
0 -77.768992
39.256417
0 -77.770281
39.255977
0 -77.770669
39.255262
0 -77.770876
39.24976
0 -77.770589
39.249393
0 -77.767277
39.24938
0 -77.7709401864601
39.2382222421114
0 -77.771415
39.236776
0 -77.778068
39.229305
0 -77.781268
39.226909
0 -77.78364
39.224081
0 -77.788763
39.215243
0 -77.793631
39.210125
0 -77.7939612971106
39.2088154489687
0 -77.794596
39.206299
0 -77.79819
39.200658
0 -77.798478
39.199574
0 -77.797714
39.19424
0 -77.797943
39.192826
0 -77.8000146886198
39.1887227160104
0 -77.804712
39.179419
0 -77.804415
39.178045
0 -77.805099
39.174222
0 -77.805991
39.172421
0 -77.8063953971781
39.17192369728
0 -77.809125
39.168567
0 -77.811295
39.167563
0 -77.813206
39.165023
0 -77.818446
39.155279
0 -77.821413
39.15241
0 -77.822874
39.147755
0 -77.82299
39.145451
0 -77.82223
39.142734
0 -77.822182
39.139985
0 -77.828157
39.132329
0 -77.8283018332673
39.1324224548325
0 -77.832515
39.127519
0 -77.835841
39.125719
0 -77.83896
39.121814
0 -77.843797
39.119747
0 -77.845216
39.116804
0 -77.845648
39.116078
0 -77.845755
39.115898
0 -77.853741
39.101025
0 -77.855169
39.095284
0 -77.855786
39.092805
0 -77.858268
39.088639
0 -77.86074
39.084478
0 -77.861969
39.08243
0 -77.862825
39.080979
0 -77.871995
39.080294
0 -77.873832
39.080161
0 -77.877596
39.078042
0 -77.887528
39.064628
0 -77.890965
39.059325
0 -77.893279
39.055425
0 -77.899086
39.052917
0 -77.906806
39.045783
0 -77.917642
39.03907
0 -77.926051
39.035611
0 -77.926962
39.035062
0 -77.929927
39.030239
0 -77.941227
39.023474
0 -77.947884
39.022007
0 -77.956402
39.020856
0 