-99.686959
42.086075
0 -99.686517
42.001033
0 -99.686427
41.959962
0 -99.686322
41.928875
0 -99.686266
41.878529
0 -99.686527
41.82703
0 -99.686604
41.798418
0 -99.686619
41.792543
0 -99.686641
41.784247
0 -99.68666
41.777158
0 -99.686685
41.769564
0 -99.686692
41.765374
0 -99.686721
41.75477
0 -99.686834
41.740326
0 -99.686595
41.740327
0 -99.558035
41.740751
0 -99.529226
41.740877
0 -99.510078
41.740963
0 -99.502676
41.740996
0 -99.502004
41.74098
0 -99.442875
41.741288
0 -99.379711
41.741507
0 -99.337144
41.741459
0 -99.327169
41.741391
0 -99.316537
41.741402
0 -99.316072
41.741308
0 -99.22183
41.740792
0 -99.222009
41.76251
0 -99.221998
41.803789
0 -99.222204
41.806167
0 -99.222435
41.914583
0 -99.222591
42.001458
0 -99.222733
42.087916
0 -99.224264
42.088028
0 -99.234629
42.087995
0 -99.255383
42.087852
0 -99.257494
42.087719
0 -99.358055
42.086735
0 -99.35811
42.086918
0 -99.453922
42.08666
0 -99.467552
42.086637
0 -99.578039
42.086479
0 -99.579381
42.08643
0 -99.651081
42.086332
0 -99.653751
42.086064
0 -99.662379
42.086009
0 -99.686959
42.086075
0 