-103.983936
31.994113
0 -103.98406
31.99342
0 -103.983126
31.990842
0 -103.980328
31.985262
0 -103.979181
31.984238
0 -103.976345
31.980014
0 -103.974457
31.979206
0 -103.972143
31.979822
0 -103.967818
31.97975
0 -103.96421
31.980873
0 -103.963032
31.980697
0 -103.960771
31.983354
0 -103.958878
31.98479
0 -103.951922
31.987419
0 -103.950089
31.986838
0 -103.947788
31.981603
0 -103.9476
31.979091
0 -103.949195
31.976142
0 -103.948091
31.970495
0 -103.945296
31.966786
0 -103.941508
31.964339
0 -103.941129
31.961357
0 -103.942397
31.960034
0 -103.944974
31.958301
0 -103.947986
31.95575
0 -103.948592
31.954483
0 -103.946516
31.951954
0 -103.943949
31.949952
0 -103.942014
31.947312
0 -103.940896
31.944546
0 -103.939235
31.944419
0 -103.936308
31.946835
0 -103.933621
31.947703
0 -103.930966
31.947167
0 -103.925087
31.944468
0 -103.922396
31.942527
0 -103.920607
31.939662
0 -103.920249
31.933417
0 -103.915713
31.930858
0 -103.91532
31.928795
0 -103.918043
31.925539
0 -103.918172
31.92145
0 -103.918848
31.918747
0 -103.918636
31.917053
0 -103.916857
31.913759
0 -103.915529
31.910521
0 -103.91372
31.907325
0 -103.913268
31.90481
0 -103.912248
31.902424
0 -103.910085
31.90102
0 -103.908366
31.900928
0 -103.905765
31.899728
0 -103.901404
31.896525
0 -103.895712
31.894846
0 -103.889703
31.89384
0 -103.887947
31.89316
0 -103.885272
31.892917
0 -103.882389
31.891917
0 -103.880661
31.889755
0 -103.880749
31.888105
0 -103.882792
31.883415
0 -103.883173
31.88008
0 -103.882763
31.877167
0 -103.882964
31.875277
0 -103.885446
31.870955
0 -103.885434
31.869271
0 -103.883213
31.866258
0 -103.880828
31.864845
0 -103.879294
31.864521
0 -103.876633
31.865188
0 -103.873501
31.86792
0 -103.872897
31.869303
0 -103.872905
31.872309
0 -103.87187
31.874085
0 -103.868674
31.874508
0 -103.867358
31.874151
0 -103.86444
31.8744
0 -103.860513
31.877754
0 -103.859698
31.880107
0 -103.858052
31.881932
0 -103.856057
31.882722
0 -103.848205
31.881811
0 -103.844913
31.885729
0 -103.839642
31.889395
0 -103.838539
31.889718
0 -103.832832
31.889939
0 -103.830064
31.888554
0 -103.828475
31.886303
0 -103.828313
31.885096
0 -103.829776
31.883544
0 -103.829823
31.88132
0 -103.829333
31.879805
0 -103.8296
31.877552
0 -103.831645
31.873332
0 -103.831052
31.869943
0 -103.830115
31.868968
0 -103.828124
31.868412
0 -103.827357
31.865376
0 -103.828368
31.864442
0 -103.828676
31.862549
0 -103.827356
31.861582
0 -103.823842
31.861881
0 -103.82137
31.860626
0 -103.822253
31.8586
0 -103.821283
31.857997
0 -103.819868
31.855927
0 -103.818731
31.855136
0 -103.813168
31.85459
0 -103.812736
31.853344
0 -103.81499
31.852142
0 -103.814444
31.850021
0 -103.812737
31.848614
0 -103.813073
31.846324
0 -103.814833
31.84387
0 -103.818081
31.840188
0 -103.821109
31.838637
0 -103.821299
31.837267
0 -103.820016
31.83521
0 -103.816674
31.83426
0 -103.815223
31.833154
0 -103.813195
31.830052
0 -103.80908
31.827896
0 -103.808403
31.826809
0 -103.808279
31.824182
0 -103.807121
31.821757
0 -103.807609
31.818634
0 -103.809464
31.816385
0 -103.809314
31.814663
0 -103.807764
31.812718
0 -103.807721
31.809025
0 -103.808431
31.807483
0 -103.807769
31.80486
0 -103.808251
31.802536
0 -103.809629
31.800503
0 -103.809062
31.799098
0 -103.809549
31.798306
0 -103.809168
31.79571
0 -103.809458
31.794317
0 -103.808506
31.793154
0 -103.806655
31.79217
0 -103.806599
31.790844
0 -103.804777
31.7895
0 -103.803218
31.785783
0 -103.803617
31.784542
0 -103.802549
31.781176
0 -103.803081
31.779752
0 -103.80229
31.778963
0 -103.800824
31.779081
0 -103.798444
31.776913
0 -103.799358
31.77511
0 -103.798168
31.772962
0 -103.797377
31.770439
0 -103.796281
31.770024
0 -103.795164
31.771181
0 -103.793307
31.771292
0 -103.791938
31.775064
0 -103.791323
31.775536
0 -103.790077
31.774552
0 -103.7904
31.772468
0 -103.789236
31.772134
0 -103.78469
31.77492
0 -103.78342
31.774802
0 -103.782493
31.773558
0 -103.783295
31.772342
0 -103.782686
31.771683
0 -103.779524
31.770945
0 -103.777954
31.768686
0 -103.778251
31.768134
0 -103.781828
31.767032
0 -103.782174
31.764828
0 -103.781129
31.763894
0 -103.777319
31.763228
0 -103.776121
31.762159
0 -103.770838
31.762668
0 -103.77034
31.761907
0 -103.771739
31.758929
0 -103.770068
31.757516
0 -103.767486
31.760324
0 -103.766148
31.760817
0 -103.765539
31.757967
0 -103.766414
31.756994
0 -103.766872
31.754664
0 -103.7657
31.753616
0 -103.762577
31.754063
0 -103.760943
31.753216
0 -103.763253
31.750267
0 -103.762161
31.74865
0 -103.760755
31.749119
0 -103.758273
31.750874
0 -103.756698
31.751215
0 -103.757098
31.748806
0 -103.758843
31.747063
0 -103.758314
31.744805
0 -103.755885
31.743303
0 -103.754547
31.741219
0 -103.751062
31.740512
0 -103.749168
31.741488
0 -103.748673
31.742865
0 -103.746551
31.744054
0 -103.745366
31.743481
0 -103.745753
31.741609
0 -103.746809
31.739509
0 -103.745228
31.738866
0 -103.743425
31.739645
0 -103.739139
31.739629
0 -103.732764
31.738774
0 -103.730741
31.738805
0 -103.728033
31.741734
0 -103.726953
31.74177
0 -103.725265
31.739725
0 -103.724012
31.739249
0 -103.720962
31.740622
0 -103.721081
31.742218
0 -103.725139
31.743496
0 -103.725473
31.744426
0 -103.723711
31.745537
0 -103.721828
31.745117
0 -103.719461
31.742979
0 -103.716135
31.74432
0 -103.713287
31.744793
0 -103.711865
31.745959
0 -103.71065
31.745998
0 -103.707482
31.744956
0 -103.707577
31.746329
0 -103.704112
31.746532
0 -103.703545
31.74743
0 -103.700603
31.748395
0 -103.697267
31.747636
0 -103.691867
31.747735
0 -103.690065
31.746229
0 -103.688819
31.742729
0 -103.685815
31.742163
0 -103.684773
31.740915
0 -103.684551
31.739043
0 -103.68595
31.737519
0 -103.685624
31.736924
0 -103.68204
31.73577
0 -103.680665
31.730924
0 -103.678268
31.730474
0 -103.678376
31.729192
0 -103.676929
31.724235
0 -103.676026
31.722748
0 -103.674011
31.722931
0 -103.671994
31.721085
0 -103.671452
31.718451
0 -103.669308
31.715423
0 -103.667077
31.714943
0 -103.665334
31.713688
0 -103.663785
31.713979
0 -103.663562
31.712679
0 -103.659466
31.710398
0 -103.657396
31.711189
0 -103.654803
31.71117
0 -103.653555
31.710426
0 -103.651459
31.711659
0 -103.647683
31.709422
0 -103.645727
31.70942
0 -103.641869
31.707989
0 -103.638224
31.708211
0 -103.636807
31.70679
0 -103.635627
31.706781
0 -103.632333
31.704589
0 -103.63013
31.704542
0 -103.629392
31.70565
0 -103.627801
31.706521
0 -103.625726
31.705032
0 -103.625402
31.702475
0 -103.624242
31.701062
0 -103.623595
31.698606
0 -103.623972
31.695939
0 -103.622809
31.692411
0 -103.620752
31.690342
0 -103.620827
31.689075
0 -103.621994
31.688343
0 -103.623791
31.689656
0 -103.626561
31.68851
0 -103.629214
31.688426
0 -103.632973
31.690733
0 -103.636025
31.689965
0 -103.635465
31.688167
0 -103.63357
31.687199
0 -103.635167
31.685752
0 -103.635267
31.683671
0 -103.634263
31.681634
0 -103.634625
31.680465
0 -103.633588
31.679591
0 -103.633866
31.678643
0 -103.632082
31.676508
0 -103.631833
31.675078
0 -103.632417
31.673624
0 -103.631778
31.673095
0 -103.629607
31.673281
0 -103.628767
31.672218
0 -103.629478
31.670534
0 -103.625523
31.668279
0 -103.622882
31.668965
0 -103.622159
31.668593
0 -103.622346
31.66705
0 -103.623323
31.665181
0 -103.619158
31.664295
0 -103.619569
31.662422
0 -103.621392
31.659277
0 -103.620803
31.658751
0 -103.618833
31.658927
0 -103.618246
31.657488
0 -103.619299
31.65644
0 -103.619584
31.654785
0 -103.618554
31.654464
0 -103.616798
31.655906
0 -103.615744
31.655589
0 -103.616524
31.652438
0 -103.616327
31.650967
0 -103.61489
31.650618
0 -103.613727
31.651572
0 -103.612151
31.654056
0 -103.611471
31.654359
0 -103.610471
31.653808
0 -103.610887
31.651802
0 -103.370289
31.651435
0 -103.337887
31.651424
0 -103.327538
31.65142
0 -103.327223
31.781903
0 -103.326893
32.000127
0 -103.326501
32.00037
0 -103.722853002628
32.0002083832182
0 -103.748317
32.000198
0 -103.875476
32.000554
0 -103.980179
32.000125
0 -103.980916
31.997245
0 -103.981754
31.995973
0 -103.983936
31.994113
0 