-86.908509
32.22381
0 -86.908333
32.203384
0 -86.908492
32.192552
0 -86.907723
32.176799
0 -86.907865
32.169264
0 -86.907696
32.165573
0 -86.907981
32.156686
0 -86.907883
32.156292
0 -86.907204
32.10813
0 -86.907351
32.106037
0 -86.907071
32.07904
0 -86.906789
32.070197
0 -86.907076
32.062015
0 -86.906741
32.057791
0 -86.906956
32.04797
0 -86.886314
32.048436
0 -86.879006
32.048344
0 -86.870976
32.048603
0 -86.856576
32.048352
0 -86.858755
32.035393
0 -86.857583
31.962167
0 -86.824682
31.962437
0 -86.807277
31.961609
0 -86.749979
31.96202
0 -86.708274
31.962641
0 -86.613611
31.963921
0 -86.53919
31.963683
0 -86.538477
31.963678
0 -86.504382
31.963619
0 -86.499963
31.96361
0 -86.492214
31.964296
0 -86.448198
31.964629
0 -86.414229
31.964844
0 -86.405005
31.963775
0 -86.406047
32.036819
0 -86.396357
32.036985
0 -86.396505
32.043971
0 -86.406162
32.043805
0 -86.406276
32.050731
0 -86.406787
32.065603
0 -86.406537
32.066603
0 -86.406499
32.06768
0 -86.406786
32.06956
0 -86.406518
32.073301
0 -86.406685
32.097228
0 -86.406464
32.099141
0 -86.407085
32.107671
0 -86.407656
32.146394
0 -86.407817
32.147601
0 -86.408052
32.194363
0 -86.408272
32.208976
0 -86.408865
32.238729
0 -86.408816
32.240851
0 -86.408771
32.244309
0 -86.411294
32.24528
0 -86.412056
32.244307
0 -86.413413
32.245381
0 -86.412133
32.246239
0 -86.412
32.248316
0 -86.414684
32.246937
0 -86.414686
32.245919
0 -86.416639
32.246755
0 -86.418907
32.244787
0 -86.419252
32.246944
0 -86.421628
32.248179
0 -86.422991
32.248249
0 -86.423482
32.250892
0 -86.421485
32.251978
0 -86.422236
32.253717
0 -86.423994
32.25374
0 -86.42535
32.254604
0 -86.426984
32.254306
0 -86.425467
32.255994
0 -86.427262
32.257153
0 -86.431285
32.256512
0 -86.431451
32.25774
0 -86.4304
32.258398
0 -86.431562
32.25949
0 -86.433717
32.25994
0 -86.43357
32.258282
0 -86.435779
32.258581
0 -86.437663
32.260371
0 -86.441273
32.262036
0 -86.44387
32.261315
0 -86.444482
32.26251
0 -86.445461
32.262006
0 -86.445567
32.263722
0 -86.448746
32.263595
0 -86.448397
32.265831
0 -86.449469
32.2671
0 -86.448375
32.268138
0 -86.449683
32.269195
0 -86.451469
32.269263
0 -86.451561
32.270263
0 -86.454523
32.272083
0 -86.455671
32.273476
0 -86.458512
32.274092
0 -86.460746
32.272692
0 -86.463919
32.27312
0 -86.4649
32.272103
0 -86.466866
32.272696
0 -86.466812
32.271355
0 -86.468544
32.27131
0 -86.470098
32.272447
0 -86.470596
32.27001
0 -86.471758
32.269706
0 -86.472908
32.271065
0 -86.472083
32.273435
0 -86.473151
32.273788
0 -86.474739
32.271347
0 -86.477288
32.272818
0 -86.478646
32.271272
0 -86.48063
32.271458
0 -86.478996
32.272697
0 -86.478215
32.275325
0 -86.481234
32.27583
0 -86.482153
32.276632
0 -86.483815
32.275627
0 -86.48484
32.276394
0 -86.480755
32.280813
0 -86.483419
32.281757
0 -86.485128
32.281716
0 -86.484536
32.284333
0 -86.484678
32.284473
0 -86.487407
32.285696
0 -86.48786
32.286956
0 -86.489396
32.287458
0 -86.488043
32.288891
0 -86.485374
32.289033
0 -86.484872
32.29054
0 -86.485753
32.291756
0 -86.488565
32.291722
0 -86.48965
32.293353
0 -86.488814
32.296061
0 -86.486949
32.29731
0 -86.488226
32.298623
0 -86.487351
32.299366
0 -86.484349
32.298772
0 -86.484865
32.30022
0 -86.486647
32.301256
0 -86.490218
32.300814
0 -86.491055
32.301622
0 -86.490596
32.303368
0 -86.489389
32.305473
0 -86.487667
32.305337
0 -86.484688
32.306289
0 -86.485543
32.308613
0 -86.485028
32.312513
0 -86.482982
32.312658
0 -86.483064
32.314557
0 -86.487695
32.316262
0 -86.488093
32.3188
0 -86.487356
32.319513
0 -86.486009
32.319104
0 -86.483619
32.316467
0 -86.482228
32.31554
0 -86.480175
32.315105
0 -86.479047
32.31628
0 -86.47819
32.320686
0 -86.479157
32.322345
0 -86.48158
32.323341
0 -86.480796
32.324461
0 -86.47913
32.324441
0 -86.475808
32.322791
0 -86.474313
32.323141
0 -86.473401
32.324447
0 -86.47392
32.325415
0 -86.476635
32.327914
0 -86.478539
32.328297
0 -86.477304
32.329639
0 -86.474394
32.330877
0 -86.475008
32.332003
0 -86.47722
32.332208
0 -86.478713
32.331165
0 -86.481582
32.332309
0 -86.484596
32.32969
0 -86.486366
32.329498
0 -86.485366
32.332046
0 -86.483921
32.33312
0 -86.48458
32.334465
0 -86.484223
32.336221
0 -86.482868
32.336927
0 -86.480804
32.33699
0 -86.478453
32.337702
0 -86.478207
32.339246
0 -86.478904
32.339927
0 -86.480955
32.339666
0 -86.482665
32.34031
0 -86.487767
32.338592
0 -86.489062
32.339025
0 -86.488531
32.340636
0 -86.486389
32.341074
0 -86.486759
32.342363
0 -86.488934
32.342352
0 -86.491795
32.340068
0 -86.491753
32.338143
0 -86.493208
32.33715
0 -86.494771
32.338457
0 -86.494545
32.34095
0 -86.495718
32.341206
0 -86.498531
32.339747
0 -86.496905
32.343277
0 -86.496774
32.344437
0 -86.502944
32.343541
0 -86.520054
32.340333
0 -86.532531
32.338775
0 -86.535668
32.34044
0 -86.537215
32.341262
0 -86.539251
32.3452
0 -86.542537
32.363517
0 -86.544042
32.366356
0 -86.547899
32.369242
0 -86.558946
32.369033
0 -86.570551
32.375006
0 -86.575392
32.37608
0 -86.579213
32.37586
0 -86.580921
32.375464
0 -86.581873
32.375019
0 -86.588261
32.367749
0 -86.590571
32.362125
0 -86.595335
32.361345
0 -86.614841
32.374266
0 -86.61622
32.377356
0 -86.616619
32.379904
0 -86.616071
32.382638
0 -86.614074
32.388302
0 -86.613176
32.393948
0 -86.613738
32.399689
0 -86.615485
32.403066
0 -86.618
32.405717
0 -86.619812
32.406474
0 -86.622856
32.406647
0 -86.624978
32.404728
0 -86.628712
32.402769
0 -86.630933
32.402113
0 -86.633057
32.402046
0 -86.639547
32.402966
0 -86.642459
32.402926
0 -86.64541
32.402296
0 -86.649559
32.400554
0 -86.651507
32.399317
0 -86.653953
32.396279
0 -86.654528
32.394716
0 -86.65579
32.388689
0 -86.654034
32.383884
0 -86.653837
32.380687
0 -86.655597
32.376147
0 -86.66123
32.371397
0 -86.667497
32.365077
0 -86.673513
32.359732
0 -86.678795
32.355359
0 -86.681314
32.353883
0 -86.683537
32.353395
0 -86.686199
32.353735
0 -86.69696
32.357594
0 -86.703595
32.358795
0 -86.711337
32.360767
0 -86.713372
32.362077
0 -86.714118
32.362887
0 -86.715362
32.367759
0 -86.716239
32.369214
0 -86.719028
32.372059
0 -86.719893
32.376699
0 -86.718983
32.380401
0 -86.719273
32.38514
0 -86.719967
32.391154
0 -86.719268
32.39372
0 -86.717812
32.396001
0 -86.717193
32.400367
0 -86.717897
32.402814
0 -86.720954
32.404812
0 -86.724072
32.405327
0 -86.727181
32.404497
0 -86.728523
32.403422
0 -86.732099
32.399054
0 -86.737372
32.39473
0 -86.742157
32.391751
0 -86.746598
32.389806
0 -86.749981
32.389105
0 -86.757398
32.389239
0 -86.761259
32.389925
0 -86.763543
32.390697
0 -86.769425
32.393976
0 -86.771681
32.394796
0 -86.774765
32.39515
0 -86.778365
32.394601
0 -86.781354
32.392494
0 -86.782141
32.390473
0 -86.78228
32.388877
0 -86.781516
32.384956
0 -86.781243
32.379472
0 -86.781411
32.377747
0 -86.782467
32.375137
0 -86.782218
32.370288
0 -86.780447
32.3686
0 -86.773163
32.340728
0 -86.791073
32.314611
0 -86.798268
32.308632
0 -86.810802
32.307574
0 -86.816107
32.30997
0 -86.818446
32.312798
0 -86.820273
32.315007
0 -86.820921
32.33324
0 -86.819706
32.336799
0 -86.814912
32.340803
0 -86.817401
32.340148
0 -86.823908
32.337721
0 -86.831341
32.33536
0 -86.833429
32.334238
0 -86.841442
32.331876
0 -86.850412
32.328947
0 -86.850507
32.309857
0 -86.837118
32.308799
0 -86.831826
32.307654
0 -86.82606
32.305957
0 -86.830967
32.301561
0 -86.832384
32.301125
0 -86.832636
32.299591
0 -86.835152
32.300005
0 -86.837463
32.299106
0 -86.837515
32.29737
0 -86.839801
32.296822
0 -86.841923
32.294368
0 -86.843204
32.294423
0 -86.843433
32.293289
0 -86.848755
32.292288
0 -86.848027
32.290584
0 -86.848694
32.289727
0 -86.84747
32.289208
0 -86.847327
32.287906
0 -86.848757
32.287644
0 -86.850532
32.286158
0 -86.853672
32.287283
0 -86.855105
32.285136
0 -86.858009
32.284094
0 -86.858156
32.28229
0 -86.857357
32.28073
0 -86.863804
32.276513
0 -86.863131
32.274518
0 -86.864367
32.274918
0 -86.864423
32.271821
0 -86.8641
32.270533
0 -86.862188
32.268237
0 -86.862418
32.267121
0 -86.86131
32.266143
0 -86.859552
32.26583
0 -86.858304
32.263517
0 -86.856019
32.262476
0 -86.854662
32.261083
0 -86.854983
32.256701
0 -86.850317
32.251844
0 -86.848929
32.251084
0 -86.846601
32.247708
0 -86.843607
32.246854
0 -86.842046
32.24304
0 -86.839885
32.241242
0 -86.838689
32.241486
0 -86.837037
32.240591
0 -86.835911
32.240929
0 -86.834782
32.239424
0 -86.833868
32.23933
0 -86.834544
32.237054
0 -86.832935
32.236478
0 -86.830674
32.236955
0 -86.829279
32.235345
0 -86.82816
32.235807
0 -86.826031
32.234971
0 -86.824624
32.234983
0 -86.821309
32.233763
0 -86.819709
32.233569
0 -86.814585
32.236216
0 -86.81309
32.236221
0 -86.812144
32.237186
0 -86.810499
32.237575
0 -86.810313
32.224747
0 -86.821647
32.225122
0 -86.869657
32.224862
0 -86.875372
32.225169
0 -86.883887
32.22491
0 -86.898927
32.225183
0 -86.908302
32.225028
0 -86.908509
32.22381
0 