-93.557556
41.161271
0 -93.557253
41.15434
0 -93.557089
41.117499
0 -93.557171
41.116872
0 -93.55707
41.073696
0 -93.556658
41.004912
0 -93.556586
40.996847
0 -93.556894
40.994708
0 -93.556691
40.98967
0 -93.55667
40.98636
0 -93.556288
40.985905
0 -93.55682
40.954144
0 -93.556688
40.942176
0 -93.556409
40.93921
0 -93.556726
40.919722
0 -93.55654
40.898295
0 -93.442788
40.897585
0 -93.442126
40.897581
0 -93.396677
40.897651
0 -93.371603
40.897797
0 -93.366301
40.898048
0 -93.337907
40.897985
0 -93.335486
40.897669
0 -93.327417
40.897884
0 -93.317404
40.897926
0 -93.212213
40.89854
0 -93.198072
40.89816
0 -93.097595
40.898451
0 -93.097787
40.901219
0 -93.09836
40.98636
0 -93.098381
41.000884
0 -93.098467
41.074143
0 -93.098465
41.074273
0 -93.099217
41.160867
0 -93.180422
41.160875
0 -93.185097
41.160881
0 -93.21314
41.160761
0 -93.251436
41.16077
0 -93.327886
41.160659
0 -93.338809
41.160578
0 -93.340339
41.160578
0 -93.422625
41.160617
0 -93.441764
41.160537
0 -93.45079
41.160548
0 -93.461259
41.160582
0 -93.466292
41.160665
0 -93.540239
41.161192
0 -93.541833
41.161311
0 -93.543434
41.161218
0 -93.557556
41.161271
0 