-84.19104
34.539181
0 -84.19022
34.538543
0 -84.18387
34.533603
0 -84.167736
34.52084
0 -84.153265
34.507979
0 -84.150938
34.505571
0 -84.143967
34.498883
0 -84.115358
34.473277
0 -84.106042
34.472539
0 -84.101135
34.471272
0 -84.101096
34.468207
0 -84.103906
34.468207
0 -84.10258
34.466228
0 -84.106596
34.466406
0 -84.106675
34.465928
0 -84.105473
34.465409
0 -84.102037
34.464544
0 -84.090513
34.460118
0 -84.072026
34.453094
0 -84.058295
34.447471
0 -84.050638
34.44459
0 -84.028661
34.436541
0 -84.019493
34.432597
0 -84.011549
34.429677
0 -84.002118
34.425813
0 -83.980649
34.418389
0 -83.978518
34.419061
0 -83.975926
34.41874
0 -83.970893
34.422811
0 -83.970678
34.424021
0 -83.97373
34.431088
0 -83.975146
34.432722
0 -83.970371
34.432904
0 -83.965992
34.434111
0 -83.963473
34.436171
0 -83.961492
34.436121
0 -83.957018
34.437907
0 -83.956448
34.437286
0 -83.935093
34.449003
0 -83.931313
34.451206
0 -83.920685
34.451126
0 -83.920662
34.460114
0 -83.931898
34.460529
0 -83.931886
34.469345
0 -83.909843
34.469185
0 -83.90995
34.459805
0 -83.898901
34.459861
0 -83.887627
34.459936
0 -83.887604
34.468788
0 -83.877684
34.475644
0 -83.874906
34.477238
0 -83.873901
34.477317
0 -83.843315
34.497022
0 -83.843405
34.505494
0 -83.84313
34.515357
0 -83.837573
34.515339
0 -83.839282
34.518602
0 -83.837536
34.519535
0 -83.837846
34.521309
0 -83.836291
34.523533
0 -83.832865
34.523524
0 -83.832831
34.532307
0 -83.843788
34.532397
0 -83.843759
34.539847
0 -83.843753
34.541432
0 -83.853715
34.541457
0 -83.853713
34.541996
0 -83.853682
34.550693
0 -83.864449
34.550593
0 -83.864368
34.560524
0 -83.864361
34.560668
0 -83.864185
34.583286
0 -83.864119
34.584699
0 -83.864489
34.600504
0 -83.866806
34.602751
0 -83.864454
34.604457
0 -83.864436
34.610933
0 -83.864456
34.615581
0 -83.872796
34.615626
0 -83.872691
34.618962
0 -83.874162
34.619015
0 -83.876152
34.620518
0 -83.874807
34.622193
0 -83.874007
34.623493
0 -83.874907
34.625226
0 -83.87581
34.625374
0 -83.877013
34.627289
0 -83.877276
34.629597
0 -83.873707
34.630793
0 -83.874461
34.634266
0 -83.875601
34.636698
0 -83.871104
34.639875
0 -83.872037
34.642401
0 -83.875374
34.642764
0 -83.875287
34.644016
0 -83.873921
34.644703
0 -83.8743
34.647044
0 -83.872441
34.652149
0 -83.872481
34.654608
0 -83.871837
34.65749
0 -83.873006
34.658577
0 -83.874907
34.658993
0 -83.876407
34.660401
0 -83.876223
34.661693
0 -83.874584
34.664006
0 -83.871205
34.664898
0 -83.870904
34.668552
0 -83.871407
34.669593
0 -83.874707
34.673193
0 -83.873507
34.676393
0 -83.873639
34.679083
0 -83.872507
34.683092
0 -83.870607
34.683592
0 -83.868707
34.685692
0 -83.867007
34.686693
0 -83.865106
34.686693
0 -83.863606
34.688593
0 -83.864806
34.690692
0 -83.862906
34.692592
0 -83.862506
34.694792
0 -83.860506
34.696192
0 -83.860406
34.696992
0 -83.862406
34.700692
0 -83.858206
34.704592
0 -83.858506
34.706092
0 -83.860006
34.707692
0 -83.859206
34.710292
0 -83.859606
34.712392
0 -83.859106
34.715892
0 -83.856552
34.719593
0 -83.856506
34.722191
0 -83.858606
34.723592
0 -83.860906
34.723392
0 -83.862306
34.723792
0 -83.863606
34.726292
0 -83.866707
34.726092
0 -83.869794
34.727389
0 -83.874807
34.724992
0 -83.877427
34.723304
0 -83.879307
34.723792
0 -83.880907
34.725292
0 -83.885808
34.726792
0 -83.888228
34.725781
0 -83.893108
34.725791
0 -83.894708
34.726791
0 -83.896608
34.730091
0 -83.898499
34.730827
0 -83.900108
34.732191
0 -83.902708
34.732291
0 -83.904309
34.731291
0 -83.906309
34.731391
0 -83.910109
34.734491
0 -83.913109
34.733991
0 -83.918365
34.734924
0 -83.921509
34.737491
0 -83.92311
34.736891
0 -83.92541
34.734791
0 -83.93031
34.735991
0 -83.93131
34.73699
0 -83.93331
34.73779
0 -83.93601
34.73829
0 -83.93691
34.73959
0 -83.939007
34.740859
0 -83.943581
34.738842
0 -83.947243
34.738125
0 -83.95011
34.735525
0 -83.953064
34.73344
0 -83.953758
34.731743
0 -83.95742
34.730339
0 -83.960617
34.729645
0 -83.963402
34.727997
0 -83.966912
34.72349
0 -83.971612
34.72329
0 -83.972115
34.722786
0 -83.972912
34.71919
0 -83.975712
34.71839
0 -83.977212
34.71649
0 -83.979612
34.71649
0 -83.982612
34.71589
0 -83.984879
34.713951
0 -83.986099
34.711987
0 -83.98761
34.70858
0 -83.989464
34.707573
0 -83.987012
34.70446
0 -83.9876
34.702417
0 -83.986412
34.70019
0 -83.990612
34.69759
0 -83.992112
34.69589
0 -83.990512
34.69439
0 -83.991898
34.692276
0 -83.992249
34.688793
0 -83.993851
34.687462
0 -83.995308
34.684994
0 -83.995612
34.68209
0 -83.994812
34.67815
0 -83.996895
34.677673
0 -84.000694
34.677731
0 -84.007225
34.67387
0 -84.00882
34.673252
0 -84.011223
34.673317
0 -84.015984
34.672955
0 -84.018616
34.670166
0 -84.024109
34.670753
0 -84.026924
34.667332
0 -84.027161
34.666378
0 -84.026321
34.664677
0 -84.026527
34.663036
0 -84.029187
34.660983
0 -84.028309
34.656861
0 -84.030445
34.652584
0 -84.033249
34.652124
0 -84.03675
34.652642
0 -84.038517
34.651733
0 -84.037034
34.64824
0 -84.037237
34.645697
0 -84.036288
34.643744
0 -84.03651
34.641934
0 -84.039864
34.641727
0 -84.042381
34.64233
0 -84.04425
34.641747
0 -84.045449
34.640552
0 -84.049418
34.6415
0 -84.049337
34.642988
0 -84.051426
34.643876
0 -84.054958
34.642886
0 -84.05651
34.643509
0 -84.057843
34.645364
0 -84.060804
34.6472
0 -84.062629
34.649141
0 -84.06765
34.648003
0 -84.066197
34.65055
0 -84.069805
34.653244
0 -84.07077
34.656361
0 -84.07196
34.657017
0 -84.073807
34.656597
0 -84.077866
34.65715
0 -84.079926
34.65667
0 -84.080059
34.653708
0 -84.084736
34.652885
0 -84.086906
34.652908
0 -84.088925
34.651351
0 -84.091155
34.652978
0 -84.094513
34.653103
0 -84.096474
34.653721
0 -84.098701
34.653225
0 -84.104713
34.654999
0 -84.106468
34.656258
0 -84.109253
34.656082
0 -84.114136
34.657906
0 -84.117874
34.658863
0 -84.118896
34.660915
0 -84.123952
34.663293
0 -84.124914
34.664419
0 -84.126196
34.664374
0 -84.129425
34.663769
0 -84.13343
34.661572
0 -84.137054
34.66098
0 -84.138111
34.659828
0 -84.137581
34.65765
0 -84.136543
34.656208
0 -84.137932
34.652992
0 -84.142154
34.648797
0 -84.148226
34.645833
0 -84.150565
34.650589
0 -84.151815
34.651273
0 -84.155249
34.648906
0 -84.158035
34.648243
0 -84.188557
34.602692
0 -84.187454
34.601158
0 -84.187153
34.599256
0 -84.187851
34.596931
0 -84.188812
34.596935
0 -84.19104
34.539181
0 