-108.22958
32.20668
0 -108.229951
32.079963
0 -108.216952
32.079884
0 -108.217194
31.864096
0 -108.217295
31.820297
0 -108.209995
31.820398
0 -108.209995
31.783699
0 -108.208394
31.783599
0 -107.86588460241
31.783599
0 -107.641415
31.783599
0 -107.627946
31.783599
0 -107.620236
31.783599
0 -107.422495
31.783599
0 -107.422246
31.783599
0 -107.296824709539
31.7837619990779
0 -107.297016
31.999027
0 -107.296833
32.000096
0 -107.297658
32.079645
0 -107.297686
32.082309
0 -107.298898
32.082316
0 -107.298468
32.168001
0 -107.298208
32.220107
0 -107.298648
32.242989
0 -107.298008
32.493355
0 -107.298276
32.500084
0 -107.297747
32.518384
0 -107.298657
32.51838
0 -107.298856
32.562176
0 -107.299317
32.595918
0 -107.299463
32.605534
0 -107.464845
32.605471
0 -107.608283
32.605382
0 -107.89399
32.60441
0 -107.92349
32.60438
0 -107.923489
32.517283
0 -108.000927
32.517088
0 -108.052231
32.516927
0 -108.182869
32.517001
0 -108.229259
32.516996
0 -108.229528
32.375084
0 -108.229405
32.373379
0 -108.229787
32.207163
0 -108.22958
32.20668
0 