-79.271768
37.436837
0 -79.271341
37.436026
0 -79.268727
37.431028
0 -79.262886
37.430645
0 -79.259683
37.43114
0 -79.254449
37.431341
0 -79.251349
37.429841
0 -79.250021
37.426413
0 -79.250449
37.423841
0 -79.245144
37.420335
0 -79.256628
37.406573
0 -79.253988
37.405025
0 -79.24601
37.401491
0 -79.233256
37.395743
0 -79.231933
37.394911
0 -79.232648
37.394586
0 -79.25018
37.36703
0 -79.253643
37.361424
0 -79.257188
37.355608
0 -79.255504
37.355715
0 -79.250797
37.357716
0 -79.24971
37.356185
0 -79.253291
37.351435
0 -79.251957
37.351292
0 -79.249447
37.351042
0 -79.248618
37.350565
0 -79.248419
37.349198
0 -79.244942
37.348877
0 -79.242047
37.347842
0 -79.241047
37.348442
0 -79.233127
37.34686
0 -79.23299
37.346809
0 -79.232547
37.346642
0 -79.234561
37.343439
0 -79.230661
37.341032
0 -79.222632
37.336922
0 -79.221208
37.335667
0 -79.21909
37.335421
0 -79.215386
37.33295
0 -79.214546
37.333389
0 -79.20744
37.339429
0 -79.206828
37.341165
0 -79.204241
37.340333
0 -79.202411
37.343088
0 -79.201485
37.342644
0 -79.197451
37.344541
0 -79.192646
37.344343
0 -79.188171
37.340986
0 -79.186757
37.343108
0 -79.184888
37.342093
0 -79.184298
37.342122
0 -79.180219
37.342816
0 -79.176879
37.342163
0 -79.175205
37.342134
0 -79.173313
37.344559
0 -79.159953
37.357471
0 -79.136431
37.373358
0 -79.136925
37.374154
0 -79.133969
37.374975
0 -79.13483
37.375953
0 -79.130643
37.375101
0 -79.124957
37.372541
0 -79.121143
37.371553
0 -79.11991
37.368844
0 -79.118031
37.36903
0 -79.115733
37.370449
0 -79.112705
37.373954
0 -79.109235
37.375855
0 -79.10757
37.377459
0 -79.105595
37.37802
0 -79.102533
37.377813
0 -79.085244
37.394743
0 -79.088512
37.396521
0 -79.096745
37.401442
0 -79.102348
37.405004
0 -79.105857
37.406494
0 -79.110177
37.40659
0 -79.111361
37.405806
0 -79.112225
37.40299
0 -79.111945
37.400442
0 -79.113672
37.397877
0 -79.115954
37.397401
0 -79.117462
37.397461
0 -79.122118
37.39909
0 -79.123282
37.399792
0 -79.126023
37.402113
0 -79.134289
37.410138
0 -79.138786
37.416302
0 -79.139245
37.416726
0 -79.13972
37.419081
0 -79.13907
37.419288
0 -79.141505
37.427254
0 -79.143206
37.4311
0 -79.143982
37.432065
0 -79.147142
37.434492
0 -79.146647
37.428752
0 -79.150354
37.433247
0 -79.153047
37.434907
0 -79.153947
37.435813
0 -79.16087
37.439699
0 -79.164025
37.441116
0 -79.165976
37.442451
0 -79.167914
37.444549
0 -79.173375
37.448152
0 -79.17612
37.449645
0 -79.179477
37.454325
0 -79.183843
37.457319
0 -79.185443
37.459141
0 -79.184822
37.463339
0 -79.183302
37.465908
0 -79.186405
37.465853
0 -79.18696
37.466152
0 -79.190612
37.466895
0 -79.191706
37.46859
0 -79.194174
37.467766
0 -79.194573
37.469123
0 -79.196937
37.468705
0 -79.198577
37.467557
0 -79.199797
37.467908
0 -79.199949
37.466617
0 -79.201224
37.468035
0 -79.202623
37.46793
0 -79.203353
37.468737
0 -79.205179
37.467617
0 -79.20866
37.467743
0 -79.2099
37.468896
0 -79.209238
37.466128
0 -79.212043
37.466704
0 -79.212794
37.465215
0 -79.214393
37.465116
0 -79.214592
37.463319
0 -79.216163
37.462627
0 -79.21781
37.462813
0 -79.217802
37.461292
0 -79.220221
37.461423
0 -79.220779
37.459896
0 -79.223355
37.457643
0 -79.225415
37.457099
0 -79.225605
37.459261
0 -79.228049
37.460828
0 -79.233137
37.459183
0 -79.23241
37.455684
0 -79.236658
37.454081
0 -79.238671
37.452652
0 -79.240112
37.452431
0 -79.242097
37.450951
0 -79.243426
37.450788
0 -79.246251
37.447533
0 -79.253762
37.447172
0 -79.256645
37.447388
0 -79.259301
37.4483
0 -79.261749
37.45014
0 -79.265222
37.449164
0 -79.26745
37.44744
0 -79.265941
37.442668
0 -79.266449
37.43964
0 -79.268749
37.43874
0 -79.271768
37.436837
0 