-83.102891
42.888647
0 -83.102229
42.87321
0 -83.102113
42.869979
0 -83.102092
42.869439
0 -83.102043
42.865603
0 -83.101755
42.858715
0 -83.101426
42.851566
0 -83.101068
42.844297
0 -83.100531
42.829654
0 -83.099432
42.80055
0 -83.098363
42.777889
0 -83.097629
42.763296
0 -83.096031
42.741411
0 -83.09603
42.741388
0 -83.095339
42.71249
0 -83.095436
42.712491
0 -83.095255
42.708826
0 -83.095062
42.7044
0 -83.094664
42.693424
0 -83.094655
42.693048
0 -83.094156
42.6825
0 -83.093816
42.675216
0 -83.093706
42.67361
0 -83.093492
42.671311
0 -83.093458
42.66782
0 -83.09314
42.660336
0 -83.092833
42.653335
0 -83.092491
42.646016
0 -83.092151
42.638772
0 -83.091795
42.631611
0 -83.091789
42.63149
0 -83.091449
42.624208
0 -83.090687
42.60747
0 -83.090185
42.597876
0 -83.0899
42.593009
0 -83.089677
42.586832
0 -83.08961
42.585061
0 -83.089366
42.57845
0 -83.089068
42.571081
0 -83.08905
42.570721
0 -83.088786
42.56411
0 -83.088776
42.563843
0 -83.088618
42.56036
0 -83.088157
42.549379
0 -83.087637
42.543337
0 -83.087406
42.540709
0 -83.086882
42.534792
0 -83.08637
42.522995
0 -83.086246
42.520018
0 -83.085924
42.512106
0 -83.085625
42.505205
0 -83.085482
42.501613
0 -83.085346
42.49776
0 -83.085122
42.49076
0 -83.084846
42.484132
0 -83.084836
42.483849
0 -83.084523
42.476345
0 -83.084369
42.469044
0 -83.084172
42.465448
0 -83.083958
42.461825
0 -83.08379
42.457291
0 -83.083647
42.453411
0 -83.083499
42.449139
0 -83.083393
42.447153
0 -83.081037
42.447055
0 -83.07664
42.447107
0 -83.073023
42.44715
0 -83.070034
42.447187
0 -83.063877
42.447258
0 -83.059862
42.447366
0 -83.054057
42.447507
0 -83.053474
42.447521
0 -83.048669
42.447641
0 -83.044282
42.447765
0 -83.039417
42.447874
0 -83.034519
42.447936
0 -83.029631
42.448045
0 -83.024745
42.448159
0 -83.017581
42.448364
0 -83.006945
42.448742
0 -83.006073
42.448784
0 -83.005266
42.448816
0 -83.005185
42.448819
0 -83.002516
42.448902
0 -82.992163
42.449133
0 -82.990543
42.449169
0 -82.985659
42.44928
0 -82.980768
42.449401
0 -82.977731
42.44948
0 -82.971041
42.449665
0 -82.967938
42.449836
0 -82.967691
42.449843
0 -82.963673
42.449931
0 -82.957706
42.450026
0 -82.95621
42.450048
0 -82.955483
42.450063
0 -82.946055
42.450228
0 -82.942995
42.450199
0 -82.941283
42.45023
0 -82.94098
42.450227
0 -82.936831
42.450284
0 -82.935403
42.450159
0 -82.933975
42.450421
0 -82.928579
42.45062
0 -82.917792
42.450705
0 -82.917187
42.45072
0 -82.914608
42.450731
0 -82.911105
42.450769
0 -82.904734
42.450774
0 -82.899175
42.450845
0 -82.891796
42.450956
0 -82.88395
42.451021
0 -82.877338
42.451185
0 -82.877045
42.451187
0 -82.870599
42.451235
0 -82.8700144841534
42.4512378666548
0 -82.867664
42.453711
0 -82.868812446691
42.4549918348173
0 -82.869078
42.455288
0 -82.868517
42.456394
0 -82.871517
42.458201
0 -82.8710096617196
42.4601374920971
0 -82.870845
42.460766
0 -82.8717191770306
42.4623522756149
0 -82.8743657590857
42.4671547451716
0 -82.877026
42.471982
0 -82.8800898467229
42.4736397472292
0 -82.881336
42.474314
0 -82.881383
42.475608
0 -82.8816760457
42.475733240922
0 -82.883655
42.476579
0 -82.8836515890414
42.4766414600903
0 -82.8835854858483
42.4778519149375
0 -82.883517
42.479106
0 -82.8832491433592
42.4791046125646
0 -82.880235
42.479089
0 -82.8792681732175
42.4856442004969
0 -82.878384
42.491639
0 -82.8813458843939
42.4922499655395
0 -82.882718
42.492533
0 -82.8825240285119
42.4966353522182
0 -82.882506372295
42.4970087680288
0 -82.8825034828725
42.4970698771601
0 -82.8823887922508
42.4994954982191
0 -82.8823512491791
42.5002895061685
0 -82.882316
42.501035
0 -82.8800220755749
42.5075683290588
0 -82.8789644486864
42.5105805575388
0 -82.8789284898432
42.5106829719655
0 -82.8754385654036
42.5206226301795
0 -82.875105768698
42.521570468898
0 -82.874416
42.523535
0 -82.8743675663945
42.5235650184141
0 -82.8721067619821
42.5249662307001
0 -82.8716519947734
42.5252480885188
0 -82.8706280900696
42.525882689125
0 -82.870605
42.525897
0 -82.8706201906931
42.5262565130693
0 -82.8707078439308
42.5283309730298
0 -82.870731
42.528879
0 -82.8679959120114
42.5320072793499
0 -82.8602726688668
42.5408408021266
0 -82.859316
42.541935
0 -82.8532677188017
42.5469719208495
0 -82.849885
42.549789
0 -82.848643
42.552339
0 -82.849316
42.555734
0 -82.847082
42.558954
0 -82.845158
42.559389
0 -82.8436860635631
42.5597145286456
0 -82.841821
42.560127
0 -82.8423651167031
42.5614231167031
0 -82.842813
42.56249
0 -82.8393257162551
42.564663822681
0 -82.8374616423381
42.5658258061777
0 -82.8367559040049
42.5662657330973
0 -82.8359000477142
42.5667992370943
0 -82.834216
42.567849
0 -82.832975429376
42.5681201398674
0 -82.8210707932249
42.5707220243596
0 -82.821016
42.570734
0 -82.8188608015205
42.5702667702544
0 -82.817645737754
42.5700033541748
0 -82.8174773459412
42.5699668481803
0 -82.816228
42.569696
0 -82.8132706520896
42.5698988812383
0 -82.813094
42.569911
0 -82.812698409337
42.5701024447122
0 -82.8125642446085
42.5701673732614
0 -82.810680494043
42.5710790077324
0 -82.810104
42.571358
0 -82.796715
42.571034
0 -82.789114
42.568434
0 -82.784514
42.563634
0 -82.782414
42.564834
0 -82.783376
42.567835
0 -82.781514
42.571634
0 -82.784026
42.573679
0 -82.785012
42.57757
0 -82.785991
42.580699
0 -82.788116
42.582835
0 -82.788403
42.586112
0 -82.787298
42.588312
0 -82.786823
42.592249
0 -82.783376
42.593036
0 -82.7779
42.593173
0 -82.774193
42.592063
0 -82.76959
42.59338
0 -82.7707582139473
42.5936468259614
0 -82.772681
42.594086
0 -82.7733212869565
42.5944525608696
0 -82.7741293548052
42.5949151754055
0 -82.776433
42.596234
0 -82.77670023362
42.5962267917945
0 -82.781475
42.596098
0 -82.787417
42.595661
0 -82.789794
42.596098
0 -82.793002
42.601085
0 -82.791933
42.603097
0 -82.788769
42.603958
0 -82.8046474549854
42.6086539147759
0 -82.811992
42.610826
0 -82.816157
42.613207
0 -82.8181510468317
42.6153865071315
0 -82.819017
42.616333
0 -82.8190292355914
42.61644413162
0 -82.820118
42.626333
0 -82.8185425915639
42.6297941245944
0 -82.8180409749812
42.6308961610259
0 -82.8179757032063
42.6310395611375
0 -82.813518
42.640833
0 -82.8129722955237
42.6412776661699
0 -82.809155375164
42.6443878758726
0 -82.807928
42.645388
0 -82.8074562358435
42.6460749976526
0 -82.805609
42.648765
0 -82.797318
42.654032
0 -82.792418
42.655132
0 -82.7919892266579
42.6550248159045
0 -82.785244399198
42.6533387543896
0 -82.780817
42.652232
0 -82.773965
42.654197
0 -82.7659570345858
42.6556568152175
0 -82.765583
42.655725
0 -82.763472
42.655873
0 -82.76253
42.656596
0 -82.760265
42.656572
0 -82.75985
42.660283
0 -82.760052
42.66383
0 -82.757956
42.666384
0 -82.756635
42.6673373752964
0 -82.7533672668026
42.6696957220834
0 -82.753317
42.669732
0 -82.746988
42.672793
0 -82.742178
42.673278
0 -82.74105
42.67269
0 -82.737808957128
42.6728264501556
0 -82.736442
42.672884
0 -82.734291
42.67422
0 -82.733136
42.675465
0 -82.7343420524707
42.6766386648724
0 -82.7347
42.676987
0 -82.7326748673058
42.6789223544224
0 -82.731339
42.680199
0 -82.7274588416561
42.6822034493837
0 -82.726366
42.682768
0 -82.7249335555307
42.682965676525
0 -82.719308
42.683742
0 -82.709079
42.683606
0 -82.706768
42.685299
0 -82.7053749533025
42.6866870626306
0 -82.705966
42.68631
0 -82.7087
42.688529
0 -82.723317
42.700441
0 -82.719664
42.703042
0 -82.729277
42.706059
0 -82.729964
42.720843
0 -82.730582
42.733631
0 -82.731295
42.750604
0 -82.731629
42.758052
0 -82.731646
42.758373
0 -82.731992
42.765333
0 -82.733267
42.790826
0 -82.733357
42.792729
0 -82.7339
42.80409
0 -82.734166
42.809556
0 -82.73435
42.81406
0 -82.736375
42.853624
0 -82.736277
42.854376
0 -82.737083
42.868314
0 -82.737564
42.875634
0 -82.738037
42.883393
0 -82.738322
42.887528
0 -82.73901
42.897541
0 -82.758786
42.896826
0 -82.7593
42.896806
0 -82.778831
42.896156
0 -82.779108
42.896147
0 -82.799543
42.895734
0 -82.829308
42.895432
0 -82.838387
42.895343
0 -82.865664
42.895246
0 -82.924998
42.894634
0 -82.983647
42.893741
0 -82.990032
42.893624
0 -83.003
42.893181
0 -83.023573
42.890543
0 -83.04297
42.890195
0 -83.102891
42.888647
0 