-85.863578
40.132998
0 -85.863278
40.103861
0 -85.863071
40.072029
0 -85.863005
40.065045
0 -85.862976
40.059946
0 -85.862856
40.045291
0 -85.862396
40.031556
0 -85.86224
40.002441
0 -85.86224
40.002288
0 -85.862254
39.992435
0 -85.86226
39.99214
0 -85.862261
39.991867
0 -85.862123
39.973055
0 -85.862084
39.965459
0 -85.861856
39.958457
0 -85.86238
39.955573
0 -85.862489
39.943618
0 -85.854233
39.943725
0 -85.837762
39.944026
0 -85.828177
39.94414
0 -85.824679
39.94424
0 -85.823051
39.944255
0 -85.815167
39.944334
0 -85.805711
39.944567
0 -85.786653
39.944677
0 -85.692352
39.945446
0 -85.687643
39.945519
0 -85.673788
39.945637
0 -85.673123
39.94554
0 -85.576192
39.945756
0 -85.576354
39.946677
0 -85.576361
39.969818
0 -85.576365
39.990103
0 -85.576075
40.004646
0 -85.576129
40.047706
0 -85.576408
40.047839
0 -85.576276
40.06256
0 -85.576197
40.077143
0 -85.576141
40.092026
0 -85.576086
40.106674
0 -85.576051
40.110032
0 -85.576051
40.110122
0 -85.576048
40.111277
0 -85.576046
40.11203
0 -85.576003
40.114859
0 -85.576012
40.115122
0 -85.575982
40.119494
0 -85.575981
40.119683
0 -85.575903
40.142243
0 -85.575982
40.149601
0 -85.575727
40.1717
0 -85.575675
40.179041
0 -85.575623
40.21892
0 -85.575869
40.248176
0 -85.576388
40.255816
0 -85.576513
40.27724
0 -85.576696
40.291737
0 -85.577018
40.306381
0 -85.577581
40.328301
0 -85.578908
40.372547
0 -85.578589
40.379524
0 -85.671644
40.379356
0 -85.671644
40.379515
0 -85.680628
40.378887
0 -85.690151
40.378479
0 -85.708953
40.37856
0 -85.719981
40.378561
0 -85.727974
40.378784
0 -85.7659
40.379033
0 -85.786191
40.378923
0 -85.862296
40.378367
0 -85.861588
40.334744
0 -85.861263
40.305696
0 -85.860242
40.305696
0 -85.860391
40.291455
0 -85.860619
40.281766
0 -85.860695
40.278433
0 -85.860698
40.278321
0 -85.860725
40.276947
0 -85.860756
40.275099
0 -85.860785
40.273334
0 -85.860925
40.262445
0 -85.86116
40.22531
0 -85.861903
40.218936
0 -85.862484
40.212181
0 -85.86273
40.192254
0 -85.862824
40.162547
0 -85.862852
40.136532
0 -85.863578
40.132998
0 