-83.27064
37.769169
0 -83.270387
37.766845
0 -83.247661
37.747915
0 -83.243859
37.744769
0 -83.242994
37.74282
0 -83.243488
37.741159
0 -83.242534
37.740464
0 -83.242384
37.738315
0 -83.243175
37.737581
0 -83.246003
37.737221
0 -83.246962
37.735754
0 -83.250263
37.735483
0 -83.251639
37.734653
0 -83.250156
37.732668
0 -83.250243
37.729327
0 -83.252983
37.727962
0 -83.252849
37.724955
0 -83.253669
37.724598
0 -83.258124
37.725206
0 -83.259474
37.726103
0 -83.260713
37.725885
0 -83.261969
37.723601
0 -83.262656
37.719168
0 -83.261331
37.713464
0 -83.262172
37.712657
0 -83.261349
37.710554
0 -83.262003
37.708652
0 -83.260723
37.707465
0 -83.257627
37.707877
0 -83.255116
37.707362
0 -83.254715
37.705641
0 -83.251656
37.704486
0 -83.249991
37.70325
0 -83.249238
37.70092
0 -83.247209
37.700959
0 -83.246606
37.699927
0 -83.243603
37.699155
0 -83.242808
37.698119
0 -83.243023
37.696515
0 -83.245395
37.69651
0 -83.245961
37.695224
0 -83.247485
37.694982
0 -83.248144
37.693847
0 -83.250049
37.692602
0 -83.250231
37.690659
0 -83.251605
37.688958
0 -83.253996
37.68793
0 -83.255268
37.688137
0 -83.256924
37.68685
0 -83.257445
37.685463
0 -83.25655
37.682208
0 -83.258358
37.680285
0 -83.257324
37.677135
0 -83.255513
37.675357
0 -83.254197
37.674928
0 -83.249225
37.672252
0 -83.248692
37.669616
0 -83.246444
37.666729
0 -83.241812
37.667658
0 -83.238863
37.666974
0 -83.237462
37.66788
0 -83.236624
37.667146
0 -83.234483
37.664816
0 -83.235593
37.662721
0 -83.234777
37.661443
0 -83.233342
37.661571
0 -83.230149
37.657783
0 -83.230149
37.656633
0 -83.228206
37.655942
0 -83.223459
37.65229
0 -83.222021
37.650247
0 -83.22036
37.650515
0 -83.217563
37.64884
0 -83.214991
37.649519
0 -83.210227
37.64964
0 -83.210072
37.648523
0 -83.208403
37.648019
0 -83.208158
37.647192
0 -83.205545
37.644747
0 -83.202146
37.646041
0 -83.200542
37.644246
0 -83.198562
37.646326
0 -83.197012
37.646429
0 -83.195969
37.647614
0 -83.193568
37.647755
0 -83.192754
37.646564
0 -83.194817
37.64445
0 -83.192792
37.642192
0 -83.190174
37.642048
0 -83.189598
37.641172
0 -83.186946
37.639746
0 -83.185527
37.640543
0 -83.184934
37.643266
0 -83.183214
37.642891
0 -83.181081
37.643786
0 -83.178676
37.641534
0 -83.176994
37.641923
0 -83.175102
37.643526
0 -83.174089
37.642636
0 -83.171606
37.641915
0 -83.174151
37.639214
0 -83.173761
37.638323
0 -83.170634
37.637166
0 -83.168275
37.635119
0 -83.166553
37.635805
0 -83.165718
37.634749
0 -83.162859
37.634823
0 -83.160841
37.635347
0 -83.160986
37.633379
0 -83.158646
37.631654
0 -83.157635
37.62932
0 -83.156579
37.629217
0 -83.151998
37.631744
0 -83.150179
37.630779
0 -83.151078
37.628727
0 -83.15042
37.628026
0 -83.150327
37.625854
0 -83.14849
37.625438
0 -83.148814
37.624584
0 -83.144978
37.620819
0 -83.141984
37.619097
0 -83.140117
37.617135
0 -83.140157
37.616074
0 -83.138999
37.614797
0 -83.137406
37.614365
0 -83.136668
37.611724
0 -83.137604
37.609725
0 -83.136565
37.607889
0 -83.134349
37.606542
0 -83.131431
37.60614
0 -83.128055
37.607896
0 -83.125564
37.607452
0 -83.123752
37.610083
0 -83.120232
37.613278
0 -83.117516
37.612668
0 -83.116595
37.611667
0 -83.114667
37.611401
0 -83.112354
37.612822
0 -83.111448
37.615247
0 -83.109741
37.616135
0 -83.108833
37.617726
0 -83.105251
37.61909
0 -83.102693
37.621081
0 -83.10165
37.623299
0 -83.100611
37.623918
0 -83.099686
37.623694
0 -83.099238
37.621683
0 -83.0982
37.621165
0 -83.096167
37.621688
0 -83.094298
37.621061
0 -83.093045
37.623151
0 -83.092181
37.623373
0 -83.091341
37.625275
0 -83.091988
37.626294
0 -83.091267
37.628908
0 -83.091333
37.630446
0 -83.089115
37.632381
0 -83.08796
37.631253
0 -83.083866
37.629815
0 -83.082923
37.628664
0 -83.083679
37.62739
0 -83.081721
37.626451
0 -83.080945
37.625389
0 -83.082847
37.623412
0 -83.082538
37.62197
0 -83.08047
37.620595
0 -83.078556
37.620889
0 -83.075832
37.62049
0 -83.074248
37.620725
0 -83.072584
37.618776
0 -83.073223
37.617782
0 -83.071584
37.615439
0 -83.071829
37.612364
0 -83.072312
37.611301
0 -83.071977
37.609511
0 -83.067507
37.607527
0 -83.066107
37.607667
0 -83.065128
37.611429
0 -83.06281
37.611264
0 -83.062265
37.609353
0 -83.060644
37.605728
0 -83.057784
37.605468
0 -83.059715
37.60156
0 -83.058414
37.599708
0 -83.056893
37.598513
0 -83.060045
37.595594
0 -83.057746
37.593464
0 -83.055729
37.593259
0 -83.053537
37.595221
0 -83.050261
37.5932
0 -83.050082
37.591941
0 -83.047838
37.590422
0 -83.045519
37.591277
0 -83.043186
37.591244
0 -83.042673
37.58997
0 -83.041034
37.589334
0 -83.039154
37.58608
0 -83.039012
37.584384
0 -83.036047
37.585541
0 -83.03592
37.586329
0 -83.032895
37.587716
0 -83.030779
37.586944
0 -83.027515
37.589649
0 -83.024627
37.588135
0 -83.024373
37.585695
0 -83.022617
37.584625
0 -83.021049
37.582889
0 -83.019926
37.58289
0 -83.018501
37.585118
0 -83.015699
37.583702
0 -83.013745
37.584266
0 -83.012556
37.583916
0 -83.013383
37.581496
0 -83.012583
37.579403
0 -83.009766
37.57673
0 -83.011533
37.574916
0 -83.010896
37.572574
0 -83.012817
37.570277
0 -83.015581
37.570929
0 -83.016293
37.570609
0 -83.017991
37.567959
0 -83.016347
37.567037
0 -83.01609
37.56456
0 -83.013558
37.561101
0 -83.012995
37.559735
0 -83.014694
37.557319
0 -83.017826
37.556497
0 -83.018384
37.555397
0 -83.016912
37.552715
0 -83.017351
37.550266
0 -83.018121
37.549189
0 -83.015265
37.549793
0 -83.013708
37.550844
0 -83.011315
37.54951
0 -83.008695
37.549388
0 -83.007838
37.550215
0 -83.005743
37.548842
0 -83.004143
37.548601
0 -83.004013
37.54695
0 -83.001075
37.546101
0 -83.001071
37.545448
0 -83.003315
37.542125
0 -83.002496
37.540697
0 -83.002903
37.539402
0 -83.002346
37.537897
0 -83.000159
37.534238
0 -82.999115
37.531845
0 -83.00036
37.530543
0 -83.000408
37.528181
0 -82.996952
37.528332
0 -82.992869
37.526987
0 -82.991659
37.525784
0 -82.988737
37.525135
0 -82.987111
37.522987
0 -82.984585
37.522631
0 -82.983223
37.521888
0 -82.980007
37.523425
0 -82.978096
37.522827
0 -82.978142
37.520441
0 -82.976595
37.51956
0 -82.974589
37.519647
0 -82.972795
37.521533
0 -82.968531
37.520937
0 -82.965621
37.518235
0 -82.963756
37.518707
0 -82.959935
37.518249
0 -82.959554
37.516743
0 -82.957519
37.514378
0 -82.954629
37.513003
0 -82.952905
37.514167
0 -82.950631
37.512807
0 -82.95059
37.511067
0 -82.952671
37.509116
0 -82.953238
37.507708
0 -82.954763
37.506632
0 -82.954167
37.505051
0 -82.95285
37.504456
0 -82.949887
37.50514
0 -82.948544
37.503167
0 -82.947323
37.501673
0 -82.945479
37.502043
0 -82.944205
37.501434
0 -82.945444
37.49739
0 -82.942862
37.497375
0 -82.941667
37.496323
0 -82.941969
37.492618
0 -82.941066
37.48963
0 -82.93621
37.491305
0 -82.934353
37.493991
0 -82.933122
37.493878
0 -82.931554
37.491313
0 -82.928569
37.490819
0 -82.928363
37.489359
0 -82.926653
37.488827
0 -82.92546
37.486525
0 -82.924248
37.487149
0 -82.921074
37.490812
0 -82.919057
37.490864
0 -82.91646
37.488567
0 -82.914144
37.48889
0 -82.912929
37.490237
0 -82.909546
37.491498
0 -82.908843
37.494144
0 -82.910586
37.499218
0 -82.907497
37.502076
0 -82.907101
37.503857
0 -82.903573
37.504667
0 -82.90211
37.507864
0 -82.899313
37.507985
0 -82.896178
37.508926
0 -82.895474
37.51043
0 -82.896786
37.512541
0 -82.897369
37.514597
0 -82.896641
37.516227
0 -82.893818
37.517795
0 -82.891605
37.519083
0 -82.89179
37.520197
0 -82.894378
37.521926
0 -82.894318
37.524626
0 -82.892034
37.526763
0 -82.89217
37.527777
0 -82.893866
37.529513
0 -82.892422
37.532426
0 -82.886469
37.533223
0 -82.884766
37.534754
0 -82.880212
37.534635
0 -82.879082
37.535395
0 -82.878723
37.540134
0 -82.881597
37.540325
0 -82.885435
37.541152
0 -82.885505
37.543082
0 -82.889924
37.544124
0 -82.889438
37.546564
0 -82.886204
37.548554
0 -82.885557
37.549538
0 -82.888559
37.550532
0 -82.888779
37.552513
0 -82.888071
37.554692
0 -82.890381
37.554528
0 -82.890896
37.556293
0 -82.88969
37.560987
0 -82.889853
37.562228
0 -82.888851
37.564619
0 -82.890281
37.565858
0 -82.896141
37.56703
0 -82.89735
37.568897
0 -82.8996
37.570578
0 -82.898356
37.572118
0 -82.898745
37.573503
0 -82.900399
37.574297
0 -82.902147
37.576932
0 -82.900652
37.578965
0 -82.897127
37.580408
0 -82.896757
37.581813
0 -82.897457
37.582997
0 -82.897421
37.586395
0 -82.89654
37.588485
0 -82.89855
37.589732
0 -82.900398
37.59165
0 -82.90226
37.591999
0 -82.902564
37.593243
0 -82.904046
37.594758
0 -82.902462
37.599539
0 -82.904157
37.602733
0 -82.904149
37.604098
0 -82.90625
37.606593
0 -82.904507
37.608998
0 -82.90615
37.611134
0 -82.905427
37.612826
0 -82.906001
37.614706
0 -82.904521
37.617019
0 -82.905753
37.618934
0 -82.904567
37.620584
0 -82.902495
37.621278
0 -82.900363
37.621162
0 -82.903227
37.623811
0 -82.901772
37.626994
0 -82.902121
37.627614
0 -82.904823
37.628177
0 -82.905342
37.630512
0 -82.906532
37.630914
0 -82.905791
37.633883
0 -82.904636
37.636093
0 -82.905056
37.637776
0 -82.904652
37.63955
0 -82.903122
37.64069
0 -82.907616
37.64308
0 -82.910892
37.642921
0 -82.91232
37.6436
0 -82.912841
37.644388
0 -82.912546
37.64635
0 -82.910516
37.647254
0 -82.908924
37.649213
0 -82.911274
37.651354
0 -82.911489
37.652834
0 -82.912425
37.653598
0 -82.914043
37.653122
0 -82.915769
37.65417
0 -82.91911
37.653959
0 -82.921374
37.655383
0 -82.922551
37.656738
0 -82.927251
37.656355
0 -82.928348
37.657486
0 -82.927507
37.659472
0 -82.929946
37.66054
0 -82.930776
37.662082
0 -82.932955
37.661948
0 -82.933753
37.66273
0 -82.933343
37.664671
0 -82.936049
37.664955
0 -82.936615
37.667475
0 -82.937664
37.668704
0 -82.939882
37.668403
0 -82.942223
37.669111
0 -82.942796
37.671246
0 -82.941431
37.674011
0 -82.942969
37.676409
0 -82.944445
37.67659
0 -82.945873
37.677938
0 -82.945832
37.679815
0 -82.945063
37.68089
0 -82.942671
37.697813
0 -82.940763
37.716338
0 -82.948257
37.719871
0 -82.948239
37.720322
0 -82.948086
37.723833
0 -82.950297
37.786879
0 -82.950582
37.794734
0 -82.964066
37.801314
0 -82.983198
37.810644
0 -82.984703
37.813588
0 -82.987719
37.814094
0 -82.987638
37.815926
0 -82.988892
37.816201
0 -82.989743
37.817815
0 -82.988066
37.820037
0 -82.98662
37.823154
0 -82.984942
37.823468
0 -82.98406
37.825845
0 -82.985981
37.826494
0 -82.986791
37.827607
0 -82.986823
37.829824
0 -82.984731
37.832788
0 -82.982828
37.832715
0 -82.98152
37.835412
0 -82.983152
37.837252
0 -82.985074
37.837372
0 -82.986456
37.838711
0 -82.984114
37.841509
0 -83.004649
37.859247
0 -83.005568
37.859314
0 -83.007184
37.859848
0 -83.009024
37.86158
0 -83.011922
37.862543
0 -83.012337
37.863408
0 -83.014247
37.863536
0 -83.015053
37.864743
0 -83.016942
37.865789
0 -83.022166
37.864754
0 -83.023489
37.865015
0 -83.024179
37.865475
0 -83.021502
37.867916
0 -83.022696
37.871172
0 -83.02298
37.873506
0 -83.02239
37.874954
0 -83.027654
37.877479
0 -83.028052
37.880172
0 -83.030843
37.880099
0 -83.031718
37.880967
0 -83.03256
37.885085
0 -83.034434
37.886261
0 -83.036462
37.885108
0 -83.038915
37.884974
0 -83.039764
37.884251
0 -83.040001
37.880315
0 -83.040549
37.878359
0 -83.041566
37.878362
0 -83.0428
37.879593
0 -83.044612
37.878262
0 -83.045234
37.876441
0 -83.044483
37.876285
0 -83.04365
37.874369
0 -83.042095
37.874007
0 -83.042535
37.87226
0 -83.045726
37.87162
0 -83.049187
37.87238
0 -83.050168
37.871396
0 -83.053172
37.871082
0 -83.054642
37.870019
0 -83.056795
37.87015
0 -83.058678
37.870965
0 -83.059341
37.871973
0 -83.060715
37.871817
0 -83.061871
37.873013
0 -83.06339
37.872992
0 -83.066401
37.871257
0 -83.067849
37.873456
0 -83.06703
37.874784
0 -83.06758
37.875821
0 -83.0714
37.879403
0 -83.072385
37.879143
0 -83.074822
37.881229
0 -83.07458
37.883468
0 -83.07679
37.884578
0 -83.080151
37.885046
0 -83.081469
37.886905
0 -83.083165
37.887403
0 -83.085076
37.887241
0 -83.087228
37.888267
0 -83.087594
37.889428
0 -83.089409
37.89034
0 -83.093593
37.890304
0 -83.094766
37.890802
0 -83.097343
37.89009
0 -83.098672
37.891075
0 -83.10032
37.89045
0 -83.102162
37.892173
0 -83.104496
37.892485
0 -83.105463
37.894174
0 -83.10689
37.894334
0 -83.108449
37.892997
0 -83.109924
37.892264
0 -83.114842
37.893002
0 -83.117053
37.891675
0 -83.118283
37.891932
0 -83.119225
37.893454
0 -83.12231
37.893277
0 -83.126485
37.894675
0 -83.129258
37.894438
0 -83.131325
37.892713
0 -83.113277
37.864121
0 -83.155644
37.84162
0 -83.173937
37.831665
0 -83.17378
37.828953
0 -83.17722
37.825304
0 -83.177199
37.823606
0 -83.178379
37.822799
0 -83.178454
37.821484
0 -83.181403
37.820449
0 -83.18197
37.819429
0 -83.185434
37.818506
0 -83.192257
37.817065
0 -83.194372
37.816836
0 -83.195856
37.817877
0 -83.197198
37.817831
0 -83.199
37.819762
0 -83.204521
37.82001
0 -83.207849
37.819104
0 -83.209014
37.816908
0 -83.210651
37.815893
0 -83.213336
37.811818
0 -83.216741
37.809801
0 -83.218137
37.807004
0 -83.218613
37.804187
0 -83.218298
37.803057
0 -83.219664
37.801344
0 -83.221292
37.801234
0 -83.221733
37.799627
0 -83.223677
37.798541
0 -83.22396
37.79757
0 -83.225686
37.79593
0 -83.224017
37.793556
0 -83.223519
37.791629
0 -83.224318
37.790613
0 -83.225684
37.790104
0 -83.228442
37.791877
0 -83.230135
37.790857
0 -83.232912
37.792274
0 -83.234457
37.791222
0 -83.235218
37.789269
0 -83.236997
37.78931
0 -83.237761
37.788599
0 -83.240343
37.788551
0 -83.242021
37.787721
0 -83.242223
37.785579
0 -83.244984
37.784669
0 -83.24734
37.785427
0 -83.248066
37.78474
0 -83.248618
37.782432
0 -83.251251
37.780962
0 -83.25006
37.778831
0 -83.251698
37.777386
0 -83.253838
37.776666
0 -83.25628
37.776742
0 -83.258588
37.774446
0 -83.261314
37.774528
0 -83.26209
37.773224
0 -83.263908
37.772153
0 -83.264521
37.769317
0 -83.267052
37.769755
0 -83.268171
37.768851
0 -83.27064
37.769169
0 