-81.086712
40.930402
0 -81.086726
40.930126
0 -81.086679
40.925995
0 -81.086675
40.920073
0 -81.086684
40.914879
0 -81.086684
40.906793
0 -81.086679
40.901609
0 -81.067116
40.901554
0 -81.049737
40.901508
0 -81.048475
40.901508
0 -81.037128
40.901479
0 -81.031994
40.901469
0 -81.024052
40.901481
0 -81.018961
40.901504
0 -80.994158
40.901535
0 -80.974906
40.901455
0 -80.974153
40.901451
0 -80.961216
40.901403
0 -80.958254
40.901392
0 -80.952604
40.901377
0 -80.944005
40.901308
0 -80.943338
40.901302
0 -80.914275
40.90108
0 -80.896032
40.900995
0 -80.895813
40.930187
0 -80.891285
40.9302
0 -80.890482
40.930068
0 -80.875978
40.930052
0 -80.85637
40.929963
0 -80.84043
40.929724
0 -80.821635
40.929775
0 -80.821907
40.911336
0 -80.821912
40.90951
0 -80.821936
40.908276
0 -80.821923
40.900935
0 -80.819814
40.900909
0 -80.811459
40.900866
0 -80.807067
40.900861
0 -80.786937
40.900698
0 -80.785155
40.900798
0 -80.783382
40.900761
0 -80.777974
40.900728
0 -80.765202
40.900641
0 -80.760049
40.900603
0 -80.759259
40.900594
0 -80.745671
40.900472
0 -80.739017
40.90043
0 -80.729331
40.900367
0 -80.722635
40.900329
0 -80.71176
40.900241
0 -80.707065
40.900204
0 -80.70475
40.900186
0 -80.698618
40.900119
0 -80.697551
40.900096
0 -80.679361
40.899928
0 -80.650877
40.89984
0 -80.649372
40.89991
0 -80.632067
40.899782
0 -80.618399
40.899851
0 -80.575784
40.900091
0 -80.5197774232307
40.9003241991296
0 -80.51979
40.900761
0 -80.5198187447909
40.9024401511485
0 -80.519891
40.906661
0 -80.519091
40.921061
0 -80.5190467099498
40.9533597362051
0 -80.5190467067615
40.9533620613047
0 -80.519039351426
40.95872597579
0 -80.5190000592316
40.9873800011642
0 -80.5189908307949
40.9941098838221
0 -80.518989
40.995445
0 -80.518927
41.015387
0 -80.5189331784223
41.0240291149746
0 -80.5189374071836
41.0299441269647
0 -80.5189394461267
41.0327961140683
0 -80.5189532065752
41.0520436455868
0 -80.51896
41.061546
0 -80.518928
41.070954
0 -80.51896
41.071866
0 -80.518999
41.075014
0 -80.519088
41.082074
0 -80.5190883703689
41.0828688116581
0 -80.519092
41.090658
0 -80.5190920609403
41.0906767640681
0 -80.5191203849025
41.0993979695205
0 -80.519125
41.100819
0 -80.519192
41.105358
0 -80.518992
41.115958
0 -80.519056
41.125057
0 -80.519012
41.125057
0 -80.519012
41.1250929473469
0 -80.519012
41.125116
0 -80.519167
41.133343
0 -80.5191668077946
41.1333880093236
0 -80.523632
41.1332
0 -80.544652
41.133209
0 -80.548714
41.133315
0 -80.553578
41.133318
0 -80.569098
41.133317
0 -80.58739
41.133357
0 -80.58747
41.133358
0 -80.596516
41.13324
0 -80.611891
41.133457
0 -80.616267
41.133274
0 -80.616847
41.13336
0 -80.62419
41.133516
0 -80.634754
41.133714
0 -80.635166
41.133706
0 -80.635979
41.133666
0 -80.638334
41.133525
0 -80.639357
41.133507
0 -80.645351
41.133537
0 -80.651533
41.133576
0 -80.655741
41.133605
0 -80.659218
41.133627
0 -80.665491
41.133665
0 -80.670397
41.133681
0 -80.671894
41.133668
0 -80.673154
41.133738
0 -80.685658
41.133857
0 -80.688394
41.133859
0 -80.696023
41.133945
0 -80.699083
41.133893
0 -80.711162
41.133955
0 -80.723729
41.133955
0 -80.738265
41.133985
0 -80.7385
41.133988
0 -80.753549
41.134067
0 -80.768742
41.134095
0 -80.773471
41.134113
0 -80.773711
41.134106
0 -80.783716
41.134156
0 -80.789472
41.134159
0 -80.791902
41.134057
0 -80.811163
41.134226
0 -80.857206
41.134347
0 -80.865414
41.134313
0 -80.866774
41.134463
0 -80.905972
41.134388
0 -80.953892
41.134213
0 -80.966247
41.134173
0 -80.99417
41.134173
0 -81.00229
41.134189
0 -81.002404
41.104016
0 -81.002402
41.099877
0 -81.002375
41.087838
0 -81.00236
41.062093
0 -81.00259
41.053806
0 -81.00192
41.021698
0 -81.001695
40.999733
0 -81.001695
40.987783
0 -81.041275
40.987958
0 -81.050158
40.987781
0 -81.050722
40.987835
0 -81.086259
40.98803
0 -81.086312
40.988031
0 -81.086568
40.947129
0 -81.086601
40.937622
0 -81.086712
40.930402
0 