-77.526457
38.732466
0 -77.526056
38.729621
0 -77.524234
38.727223
0 -77.524721
38.723966
0 -77.521682
38.723368
0 -77.521141
38.721743
0 -77.522456
38.719248
0 -77.523717
38.717842
0 -77.521078
38.717745
0 -77.518235
38.715857
0 -77.51543
38.715434
0 -77.513225
38.716128
0 -77.506097
38.705681
0 -77.505224
38.708442
0 -77.503755
38.709709
0 -77.503319
38.710894
0 -77.502401
38.712116
0 -77.50206
38.714985
0 -77.50261
38.716297
0 -77.505187
38.718219
0 -77.505332
38.720363
0 -77.507013
38.720077
0 -77.508775
38.721725
0 -77.507837
38.722948
0 -77.513705
38.731133
0 -77.51276
38.732582
0 -77.514392
38.736377
0 -77.513326
38.736994
0 -77.507299
38.740479
0 -77.50065
38.737896
0 -77.499566
38.737196
0 -77.500082
38.736454
0 -77.49946
38.734332
0 -77.49383
38.725538
0 -77.490783
38.728743
0 -77.490005
38.731845
0 -77.48812
38.731259
0 -77.485705
38.732967
0 -77.483594
38.732023
0 -77.480985
38.7321
0 -77.480229
38.730958
0 -77.472918
38.728771
0 -77.472756
38.727891
0 -77.471425
38.728152
0 -77.462684
38.731721
0 -77.459831
38.733745
0 -77.453992
38.735963
0 -77.454193
38.738651
0 -77.451642
38.738337
0 -77.451321
38.73991
0 -77.451288
38.740035
0 -77.451277
38.740102
0 -77.451085
38.741304
0 -77.450079
38.745312
0 -77.44943
38.748864
0 -77.449429
38.748877
0 -77.450142
38.753036
0 -77.449199
38.753688
0 -77.44751
38.761115
0 -77.456569
38.765891
0 -77.455111
38.767514
0 -77.457651
38.76833
0 -77.460575
38.769887
0 -77.45931
38.772614
0 -77.459432
38.772739
0 -77.46581
38.776414
0 -77.46896
38.778155
0 -77.474711
38.781414
0 -77.475711
38.781214
0 -77.478793
38.778475
0 -77.479372
38.777941
0 -77.483375
38.774649
0 -77.482955
38.774099
0 -77.48551
38.772015
0 -77.487905
38.76943
0 -77.490111
38.769436
0 -77.494468
38.770187
0 -77.495914
38.770617
0 -77.501687
38.761334
0 -77.503032
38.759647
0 -77.503134
38.759504
0 -77.503228
38.759205
0 -77.510712
38.750379
0 -77.513676
38.746076
0 -77.516824
38.74302
0 -77.51986
38.741961
0 -77.522673
38.740904
0 -77.519612
38.735102
0 -77.524266
38.735365
0 -77.526457
38.732466
0 