-120.394425
37.67504
0 -120.395345
37.672256
0 -120.392807
37.66953
0 -120.394122
37.66812
0 -120.390619
37.666524
0 -120.389225
37.663161
0 -120.386693
37.661515
0 -120.386337
37.660018
0 -120.384346
37.658
0 -120.381856
37.657096
0 -120.379877
37.657056
0 -120.376022
37.653902
0 -120.375144
37.652208
0 -120.37642
37.648925
0 -120.37777
37.646851
0 -120.379203
37.645966
0 -120.381095
37.643502
0 -120.381067
37.641772
0 -120.3827
37.641983
0 -120.383099
37.639912
0 -120.385501
37.634652
0 -120.386939
37.634848
0 -120.387613
37.633704
0 -120.38767
37.633364
0 -120.383069
37.6257
0 -120.382361
37.624975
0 -120.377314
37.61679
0 -120.322514
37.52669
0 -120.32182
37.525213
0 -120.321526
37.5244
0 -120.320815
37.522801
0 -120.319197
37.521335
0 -120.316462
37.514337
0 -120.316564
37.505592
0 -120.311493
37.497228
0 -120.309951
37.495919
0 -120.307498
37.494854
0 -120.303219
37.49083
0 -120.30114
37.489382
0 -120.299172
37.488845
0 -120.300223
37.48429
0 -120.29919
37.48297
0 -120.29503
37.480012
0 -120.293578
37.478121
0 -120.29207
37.475211
0 -120.286914
37.468569
0 -120.286165
37.46637
0 -120.283996
37.462896
0 -120.281942
37.461448
0 -120.281441
37.459424
0 -120.279579
37.457947
0 -120.277971
37.450815
0 -120.278149
37.449183
0 -120.276625
37.447226
0 -120.274965
37.443634
0 -120.275096
37.440713
0 -120.278004
37.436499
0 -120.281323
37.435016
0 -120.283255
37.433471
0 -120.284428
37.431685
0 -120.283398
37.424363
0 -120.281554
37.421756
0 -120.278376
37.419602
0 -120.275816
37.418836
0 -120.274571
37.416179
0 -120.27345
37.41494
0 -120.272558
37.412099
0 -120.268082
37.403837
0 -120.26601
37.400607
0 -120.262186
37.396192
0 -120.257944
37.39061
0 -120.254696
37.385406
0 -120.251015
37.382646
0 -120.247011
37.380216
0 -120.245372
37.376444
0 -120.241739
37.371167
0 -120.233818
37.360673
0 -120.231432
37.35818
0 -120.228265
37.351651
0 -120.225641
37.349832
0 -120.220535
37.341947
0 -120.219178
37.341052
0 -120.216505
37.337336
0 -120.209028
37.324934
0 -120.203531
37.313321
0 -120.198956
37.309632
0 -120.194568
37.306478
0 -120.189721
37.303558
0 -120.187709
37.301072
0 -120.182724
37.291405
0 -120.185628
37.285025
0 -120.186507
37.282424
0 -120.186637
37.28028
0 -120.184281
37.272728
0 -120.183757
37.270492
0 -120.18207
37.267548
0 -120.179298
37.26437
0 -120.177636
37.261526
0 -120.171509
37.256688
0 -120.168194
37.254706
0 -120.154683
37.245791
0 -120.146956
37.241812
0 -120.143826
37.239192
0 -120.129243
37.233393
0 -120.126005
37.232272
0 -120.112919
37.228563
0 -120.105605
37.225026
0 -120.101524
37.223877
0 -120.093189
37.222617
0 -120.090078
37.22147
0 -120.085878
37.218743
0 -120.083446
37.216457
0 -120.080851
37.21293
0 -120.075397
37.208758
0 -120.070993
37.204891
0 -120.067562
37.200489
0 -120.062186
37.197935
0 -120.060888
37.196315
0 -120.057359
37.188025
0 -120.056289
37.186615
0 -120.052055
37.183108
0 -119.876342
37.325332
0 -119.875368
37.325974
0 -119.779985
37.402624
0 -119.761809
37.417114
0 -119.750992
37.417323
0 -119.747102
37.417748
0 -119.736597
37.41776
0 -119.729843
37.417744
0 -119.709751
37.417771
0 -119.69149
37.417792
0 -119.651191
37.417832
0 -119.651176
37.445941
0 -119.651172
37.461351
0 -119.651003
37.461353
0 -119.636383
37.46136
0 -119.615495
37.461522
0 -119.615148
37.494681
0 -119.58422
37.494696
0 -119.583588
37.560178
0 -119.583585
37.560335
0 -119.503693
37.623899
0 -119.451199
37.665689
0 -119.308995
37.777986
0 -119.310984
37.778428
0 -119.310984
37.779728
0 -119.307884
37.781228
0 -119.307284
37.782828
0 -119.310484
37.785628
0 -119.310984
37.787528
0 -119.310384
37.790528
0 -119.310484
37.792528
0 -119.312284
37.794128
0 -119.318185
37.793628
0 -119.321785
37.794027
0 -119.323585
37.795527
0 -119.324685
37.797727
0 -119.326985
37.799427
0 -119.331885
37.799227
0 -119.333986
37.800327
0 -119.336086
37.803127
0 -119.339386
37.805527
0 -119.343686
37.806127
0 -119.345886
37.805627
0 -119.346686
37.806327
0 -119.347987
37.810127
0 -119.348987
37.810826
0 -119.354987
37.811826
0 -119.355587
37.812426
0 -119.354687
37.815126
0 -119.352787
37.817526
0 -119.351187
37.823826
0 -119.351387
37.825526
0 -119.352287
37.826326
0 -119.372602
37.832883
0 -119.37391
37.835221
0 -119.373816
37.839686
0 -119.375511
37.840873
0 -119.377071
37.839684
0 -119.379287
37.840951
0 -119.380393
37.840213
0 -119.382601
37.837064
0 -119.383722
37.836473
0 -119.38729
37.837625
0 -119.392589
37.837925
0 -119.40059
37.834725
0 -119.402689
37.835225
0 -119.40469
37.837225
0 -119.404591
37.842525
0 -119.405091
37.848225
0 -119.406791
37.852324
0 -119.407291
37.854924
0 -119.41059
37.855024
0 -119.415491
37.854624
0 -119.418292
37.855724
0 -119.420092
37.857224
0 -119.421991
37.857724
0 -119.424892
37.865524
0 -119.426792
37.866724
0 -119.434192
37.865124
0 -119.439293
37.860224
0 -119.442692
37.859824
0 -119.443293
37.861124
0 -119.442093
37.863923
0 -119.441993
37.867523
0 -119.443893
37.869223
0 -119.445793
37.869423
0 -119.448593
37.868523
0 -119.451494
37.871023
0 -119.454194
37.870723
0 -119.462794
37.868423
0 -119.465994
37.864623
0 -119.469595
37.863523
0 -119.471895
37.860623
0 -119.472395
37.858223
0 -119.474295
37.855623
0 -119.475895
37.857423
0 -119.476895
37.859623
0 -119.479095
37.860623
0 -119.481195
37.860823
0 -119.484095
37.864423
0 -119.486896
37.864923
0 -119.492296
37.863123
0 -119.496596
37.865022
0 -119.499596
37.867622
0 -119.500996
37.867172
0 -119.502596
37.867822
0 -119.504697
37.869622
0 -119.506597
37.874522
0 -119.508197
37.876722
0 -119.512597
37.880622
0 -119.515297
37.884422
0 -119.517698
37.885622
0 -119.523798
37.886722
0 -119.527298
37.889722
0 -119.529798
37.891122
0 -119.531198
37.895022
0 -119.533599
37.897122
0 -119.534399
37.899922
0 -119.533999
37.902922
0 -119.535699
37.904122
0 -119.541099
37.902522
0 -119.5567
37.900922
0 -119.5586
37.903122
0 -119.563
37.902522
0 -119.5659
37.901722
0 -119.5692
37.899522
0 -119.5709
37.897422
0 -119.5741
37.895622
0 -119.5816
37.893722
0 -119.586401
37.890122
0 -119.586901
37.887822
0 -119.585801
37.884722
0 -119.587101
37.881822
0 -119.587301
37.878722
0 -119.5845
37.876222
0 -119.584864
37.874922
0 -119.586353
37.872303
0 -119.589549
37.86965
0 -119.591951
37.866115
0 -119.593223
37.865625
0 -119.597874
37.860971
0 -119.60089
37.859223
0 -119.605255
37.857656
0 -119.60853
37.855339
0 -119.610157
37.853173
0 -119.611877
37.854198
0 -119.615846
37.854137
0 -119.619107
37.853196
0 -119.62031
37.85116
0 -119.622479
37.84957
0 -119.622955
37.848466
0 -119.624989
37.847714
0 -119.626002
37.848152
0 -119.628602
37.847223
0 -119.632502
37.847523
0 -119.638102
37.849123
0 -119.641103
37.848523
0 -119.646203
37.846823
0 -119.648603
37.845023
0 -119.652403
37.838923
0 -119.655303
37.836623
0 -119.657703
37.834123
0 -119.657303
37.831823
0 -119.653503
37.828823
0 -119.650903
37.820823
0 -119.653903
37.810423
0 -119.657303
37.810223
0 -119.659903
37.809424
0 -119.665303
37.803024
0 -119.667203
37.801224
0 -119.670603
37.800224
0 -119.675203
37.800124
0 -119.681404
37.800624
0 -119.684004
37.799724
0 -119.687004
37.799524
0 -119.689704
37.800224
0 -119.691404
37.799524
0 -119.693204
37.796924
0 -119.693804
37.794724
0 -119.697905
37.789624
0 -119.699605
37.789124
0 -119.701805
37.789824
0 -119.705405
37.792324
0 -119.709805
37.793524
0 -119.713105
37.793124
0 -119.716806
37.791724
0 -119.720006
37.789224
0 -119.722706
37.787624
0 -119.727106
37.786924
0 -119.733906
37.787924
0 -119.736206
37.786924
0 -119.738807
37.784524
0 -119.742507
37.784124
0 -119.746007
37.782924
0 -119.747607
37.781424
0 -119.749407
37.775724
0 -119.751007
37.773324
0 -119.755202
37.772133
0 -119.757656
37.772795
0 -119.761323
37.771919
0 -119.762607
37.770325
0 -119.765907
37.770327
0 -119.769006
37.771129
0 -119.772004
37.76893
0 -119.772006
37.766728
0 -119.773808
37.766925
0 -119.775408
37.765825
0 -119.777908
37.765825
0 -119.781108
37.763425
0 -119.784508
37.763925
0 -119.786108
37.765825
0 -119.788508
37.764625
0 -119.791509
37.764625
0 -119.795909
37.762125
0 -119.797917
37.761355
0 -119.80075
37.76115
0 -119.803808
37.759599
0 -119.804901
37.760151
0 -119.805498
37.759618
0 -119.805009
37.756425
0 -119.808509
37.754925
0 -119.809409
37.755025
0 -119.812909
37.758325
0 -119.81781
37.759725
0 -119.82071
37.759825
0 -119.82281
37.761925
0 -119.82481
37.761925
0 -119.82731
37.764425
0 -119.82791
37.768225
0 -119.83031
37.768825
0 -119.83061
37.769525
0 -119.834109
37.769126
0 -119.837909
37.770226
0 -119.839509
37.770126
0 -119.842211
37.769125
0 -119.842111
37.767125
0 -119.84061
37.765025
0 -119.843711
37.762525
0 -119.845811
37.762625
0 -119.847011
37.761826
0 -119.848711
37.758526
0 -119.852011
37.757726
0 -119.852378
37.758203
0 -119.853911
37.761226
0 -119.856611
37.763126
0 -119.860611
37.764426
0 -119.861604
37.767388
0 -119.864311
37.772025
0 -119.867311
37.772125
0 -119.868212
37.773225
0 -119.871912
37.773425
0 -119.875512
37.772526
0 -119.873813
37.770626
0 -119.872713
37.767526
0 -119.873512
37.766026
0 -119.875512
37.765526
0 -119.876012
37.763826
0 -119.877812
37.763026
0 -119.880112
37.762526
0 -119.881112
37.763026
0 -119.884912
37.760726
0 -119.888512
37.761426
0 -119.891602
37.761325
0 -119.892512
37.762226
0 -119.898513
37.760926
0 -119.901313
37.759326
0 -119.901213
37.757826
0 -119.903313
37.758326
0 -119.907013
37.757926
0 -119.909413
37.759726
0 -119.915213
37.762626
0 -119.918013
37.762226
0 -119.923714
37.764026
0 -119.928614
37.764626
0 -119.930414
37.763326
0 -119.933814
37.763826
0 -119.935414
37.762826
0 -119.938414
37.763026
0 -119.944814
37.764926
0 -119.945414
37.767526
0 -119.947615
37.770426
0 -119.950615
37.770526
0 -119.955015
37.773226
0 -119.958615
37.776226
0 -119.963615
37.781026
0 -119.964915
37.782826
0 -119.971815
37.784026
0 -119.975616
37.786826
0 -119.980216
37.789026
0 -119.982416
37.789526
0 -119.988716
37.792826
0 -119.994116
37.794426
0 -119.998416
37.796226
0 -120.001016
37.798726
0 -120.003618
37.798911
0 -120.006315
37.801395
0 -120.008438
37.802493
0 -120.009732
37.802266
0 -120.014435
37.804491
0 -120.016829
37.806375
0 -120.02366
37.810012
0 -120.026593
37.811877
0 -120.032329
37.810852
0 -120.035987
37.807874
0 -120.039054
37.810814
0 -120.040054
37.810998
0 -120.044634
37.812951
0 -120.046723
37.813168
0 -120.049193
37.811323
0 -120.052792
37.812872
0 -120.055316
37.813167
0 -120.055651
37.818072
0 -120.056838
37.820278
0 -120.057506
37.823879
0 -120.058282
37.824758
0 -120.06164
37.826023
0 -120.065263
37.822978
0 -120.06842
37.824915
0 -120.07222
37.826655
0 -120.075858
37.827178
0 -120.078871
37.828669
0 -120.079977
37.828715
0 -120.082941
37.827056
0 -120.084714
37.827027
0 -120.08543
37.823513
0 -120.087642
37.822455
0 -120.089431
37.822827
0 -120.090466
37.821872
0 -120.090107
37.820294
0 -120.090863
37.815806
0 -120.092036
37.815552
0 -120.089075
37.812259
0 -120.090279
37.810747
0 -120.093709
37.809726
0 -120.093663
37.808216
0 -120.098748
37.807728
0 -120.099373
37.80608
0 -120.098729
37.804743
0 -120.100644
37.803016
0 -120.101344
37.801929
0 -120.10074
37.800665
0 -120.106197
37.799031
0 -120.107814
37.796893
0 -120.112254
37.793869
0 -120.11579
37.793164
0 -120.119758
37.789662
0 -120.120251
37.787496
0 -120.119384
37.785864
0 -120.123926
37.785702
0 -120.126828
37.781781
0 -120.128089
37.781542
0 -120.135332
37.782014
0 -120.139358
37.783169
0 -120.142124
37.783039
0 -120.147
37.786361
0 -120.154062
37.788361
0 -120.156783
37.787638
0 -120.158696
37.787923
0 -120.161812
37.787406
0 -120.163617
37.788776
0 -120.165947
37.789557
0 -120.169474
37.79195
0 -120.169348
37.793031
0 -120.173524
37.795919
0 -120.173049
37.798288
0 -120.174094
37.799382
0 -120.175806
37.798217
0 -120.177096
37.795944
0 -120.178371
37.794662
0 -120.182142
37.795617
0 -120.182992
37.794235
0 -120.18202
37.790869
0 -120.180596
37.789328
0 -120.180579
37.788408
0 -120.182271
37.786688
0 -120.182287
37.784322
0 -120.183566
37.782892
0 -120.185578
37.781971
0 -120.185471
37.781199
0 -120.188687
37.780222
0 -120.186577
37.778326
0 -120.186259
37.777258
0 -120.183529
37.774946
0 -120.184862
37.773343
0 -120.186955
37.772134
0 -120.187061
37.770544
0 -120.189081
37.767852
0 -120.191384
37.767454
0 -120.193474
37.769713
0 -120.194881
37.769569
0 -120.198102
37.769394
0 -120.198431
37.768251
0 -120.198102
37.765301
0 -120.201073
37.763164
0 -120.202603
37.76359
0 -120.204727
37.763056
0 -120.206649
37.763364
0 -120.209561
37.763174
0 -120.210555
37.764274
0 -120.212616
37.765172
0 -120.2142
37.764735
0 -120.21616
37.765249
0 -120.216879
37.762849
0 -120.220385
37.763098
0 -120.222872
37.762372
0 -120.224118
37.763635
0 -120.226158
37.760712
0 -120.227015
37.760371
0 -120.229356
37.762229
0 -120.230658
37.763789
0 -120.233759
37.764178
0 -120.236
37.763911
0 -120.237935
37.765244
0 -120.239579
37.763398
0 -120.239034
37.761218
0 -120.240906
37.758495
0 -120.238931
37.755947
0 -120.239687
37.75349
0 -120.243405
37.751174
0 -120.245298
37.750543
0 -120.248838
37.749643
0 -120.251024
37.750919
0 -120.253332
37.750735
0 -120.255604
37.748537
0 -120.256536
37.748441
0 -120.257585
37.746658
0 -120.257845
37.743992
0 -120.2587
37.742689
0 -120.261655
37.740892
0 -120.260683
37.739613
0 -120.260693
37.737378
0 -120.258422
37.735582
0 -120.26072
37.733562
0 -120.264745
37.735966
0 -120.267298
37.736102
0 -120.268631
37.737022
0 -120.271821
37.737956
0 -120.273222
37.737844
0 -120.276083
37.738968
0 -120.282342
37.745314
0 -120.282755
37.743761
0 -120.28664
37.740273
0 -120.286895
37.738992
0 -120.285656
37.736766
0 -120.284332
37.735912
0 -120.283804
37.733638
0 -120.285079
37.73262
0 -120.286184
37.729776
0 -120.28764
37.729463
0 -120.290437
37.731304
0 -120.294145
37.732123
0 -120.295868
37.733394
0 -120.299695
37.733746
0 -120.303109
37.734569
0 -120.305703
37.734229
0 -120.307505
37.735614
0 -120.309607
37.73425
0 -120.313867
37.734236
0 -120.315468
37.733762
0 -120.316769
37.731195
0 -120.319136
37.729778
0 -120.319135
37.728672
0 -120.320841
37.726158
0 -120.324291
37.726634
0 -120.326116
37.726066
0 -120.328299
37.728254
0 -120.332457
37.729529
0 -120.333801
37.728003
0 -120.335315
37.727842
0 -120.335571
37.726481
0 -120.338294
37.72674
0 -120.340962
37.72606
0 -120.342803
37.726983
0 -120.34521
37.725664
0 -120.345437
37.724787
0 -120.342468
37.722768
0 -120.343146
37.721032
0 -120.339805
37.717094
0 -120.340563
37.715924
0 -120.339579
37.71422
0 -120.339909
37.712641
0 -120.338232
37.71108
0 -120.338093
37.70911
0 -120.333157
37.706559
0 -120.333219
37.704679
0 -120.332013
37.70344
0 -120.331956
37.701608
0 -120.330222
37.699602
0 -120.330215
37.698073
0 -120.327798
37.695465
0 -120.326004
37.692434
0 -120.323175
37.689415
0 -120.322919
37.687814
0 -120.321288
37.687731
0 -120.319455
37.686426
0 -120.318085
37.682351
0 -120.315327
37.678824
0 -120.313115
37.67536
0 -120.310447
37.673125
0 -120.309405
37.670046
0 -120.306407
37.665759
0 -120.308849
37.66406
0 -120.312313
37.662947
0 -120.311744
37.66014
0 -120.310289
37.658646
0 -120.309838
37.655977
0 -120.311298
37.654849
0 -120.312572
37.653668
0 -120.315744
37.653068
0 -120.321817
37.649862
0 -120.325943
37.648966
0 -120.328376
37.650045
0 -120.332545
37.653321
0 -120.332922
37.65577
0 -120.33483
37.657461
0 -120.335261
37.658959
0 -120.336806
37.65926
0 -120.343258
37.663126
0 -120.34507
37.665713
0 -120.345127
37.66782
0 -120.347763
37.670181
0 -120.347989
37.671232
0 -120.350899
37.673503
0 -120.352925
37.67481
0 -120.355417
37.6755
0 -120.357754
37.675098
0 -120.359185
37.673783
0 -120.362464
37.672819
0 -120.3623
37.674778
0 -120.36321
37.67612
0 -120.365029
37.677053
0 -120.36631
37.680794
0 -120.369372
37.679628
0 -120.374476
37.680296
0 -120.37635
37.682
0 -120.379704
37.680986
0 -120.380896
37.682434
0 -120.383597
37.683283
0 -120.383972
37.683969
0 -120.386636
37.684842
0 -120.389658
37.683365
0 -120.391931
37.683559
0 -120.391714
37.679775
0 -120.393534
37.679693
0 -120.392504
37.675355
0 -120.394425
37.67504
0 