-67.05134
18.174734
0 -67.051461
18.174053
0 -67.04908
18.173452
0 -67.048139
18.171891
0 -67.047016
18.172492
0 -67.047487
18.171129
0 -67.045163
18.170459
0 -67.044337
18.169449
0 -67.042402
18.169642
0 -67.040732
18.168513
0 -67.036882
18.168522
0 -67.035077
18.167998
0 -67.02994
18.16746
0 -67.029359
18.166932
0 -67.026724
18.166698
0 -67.024143
18.165558
0 -67.021409
18.166075
0 -67.020214
18.16577
0 -67.018026
18.165214
0 -67.015433
18.166113
0 -67.013575
18.165727
0 -67.012377
18.162419
0 -67.00981
18.160784
0 -67.0096
18.158915
0 -67.007034
18.159005
0 -67.005324
18.157507
0 -67.002329
18.156849
0 -67.001552
18.156886
0 -66.999622
18.157265
0 -66.995149
18.155482
0 -66.993587
18.152835
0 -66.992896
18.150781
0 -66.991302
18.150903
0 -66.989456
18.148581
0 -66.987838
18.149612
0 -66.985574
18.149245
0 -66.981264
18.146345
0 -66.979974
18.144502
0 -66.977855
18.143799
0 -66.97554
18.143395
0 -66.971866
18.14154
0 -66.970479
18.141992
0 -66.968822
18.144014
0 -66.964291
18.147055
0 -66.963995
18.148294
0 -66.960424
18.145907
0 -66.958127
18.145714
0 -66.953644
18.14662
0 -66.952093
18.146112
0 -66.947691
18.147377
0 -66.946844
18.148162
0 -66.945469
18.147746
0 -66.943554
18.148979
0 -66.939065
18.147855
0 -66.93731
18.148639
0 -66.93523
18.148251
0 -66.934865
18.148853
0 -66.934394
18.150148
0 -66.93154
18.149929
0 -66.930049
18.148937
0 -66.926517
18.151267
0 -66.921432
18.152504
0 -66.920765
18.153409
0 -66.919425
18.154024
0 -66.918076
18.153752
0 -66.915609
18.154265
0 -66.913988
18.152562
0 -66.912216
18.151433
0 -66.91037
18.151152
0 -66.909497
18.149389
0 -66.907473
18.149366
0 -66.905134
18.148105
0 -66.903806
18.146363
0 -66.901236
18.146352
0 -66.898754
18.147082
0 -66.895212
18.148609
0 -66.891701
18.147763
0 -66.890682
18.148364
0 -66.889733
18.152303
0 -66.887886
18.153383
0 -66.884879
18.151507
0 -66.88272
18.148948
0 -66.878533
18.146944
0 -66.87634
18.144651
0 -66.876313
18.143252
0 -66.875288
18.142392
0 -66.872686
18.141668
0 -66.870215
18.138936
0 -66.865724
18.138901
0 -66.863983
18.138224
0 -66.859658
18.138137
0 -66.858513
18.137981
0 -66.856158
18.139264
0 -66.855593
18.143567
0 -66.854553
18.145152
0 -66.85012
18.162886
0 -66.84757
18.162198
0 -66.844888
18.162056
0 -66.844003
18.161037
0 -66.842883
18.164232
0 -66.840985
18.164616
0 -66.84065
18.165751
0 -66.838435
18.167067
0 -66.837537
18.168173
0 -66.83676
18.170553
0 -66.84367
18.171511
0 -66.846991
18.171467
0 -66.850765
18.170357
0 -66.851584
18.171117
0 -66.853533
18.171167
0 -66.854113
18.171805
0 -66.855794
18.171515
0 -66.85662
18.172364
0 -66.857436
18.171804
0 -66.858808
18.173593
0 -66.8618
18.173716
0 -66.862534
18.173344
0 -66.862832
18.174808
0 -66.862127
18.175616
0 -66.860422
18.175217
0 -66.860873
18.176805
0 -66.862505
18.178149
0 -66.862601
18.181414
0 -66.864305
18.181719
0 -66.862758
18.184266
0 -66.86378
18.18438
0 -66.863848
18.18661
0 -66.865613
18.185664
0 -66.866056
18.186527
0 -66.867669
18.187311
0 -66.870754
18.187157
0 -66.874633
18.187015
0 -66.875674
18.18737
0 -66.89493
18.18726
0 -66.896663
18.187411
0 -66.897964
18.187744
0 -66.914738
18.192035
0 -66.914912
18.192082
0 -66.942184
18.198608
0 -66.94586
18.199371
0 -66.94591
18.201427
0 -66.948537
18.201685
0 -66.950873
18.201598
0 -66.953063
18.200037
0 -66.956982
18.200334
0 -66.958341
18.199675
0 -66.959006
18.201964
0 -66.958076
18.20427
0 -66.96185
18.205736
0 -66.965998
18.206061
0 -66.966995
18.206658
0 -66.969111
18.206597
0 -66.971084
18.204466
0 -66.973795
18.204939
0 -66.977474
18.207773
0 -66.97911
18.207663
0 -66.979625
18.20684
0 -66.986673
18.204933
0 -66.98899
18.205448
0 -66.990936
18.2004
0 -66.992756
18.198948
0 -66.994131
18.198866
0 -66.995761
18.197519
0 -66.998386
18.197215
0 -67.000665
18.1976
0 -67.002658
18.195902
0 -67.003518
18.194089
0 -67.003803
18.193501
0 -67.019836
18.195471
0 -67.017388
18.189899
0 -67.01821
18.187902
0 -67.019502
18.186847
0 -67.023122
18.186049
0 -67.024372
18.184668
0 -67.027415
18.185683
0 -67.028947
18.185716
0 -67.031116
18.184908
0 -67.034521
18.185519
0 -67.035554
18.183252
0 -67.033826
18.182669
0 -67.033643
18.181306
0 -67.034426
18.180659
0 -67.036587
18.181073
0 -67.03797
18.180623
0 -67.038954
18.181275
0 -67.041734
18.180596
0 -67.040649
18.178503
0 -67.041287
18.177705
0 -67.043328
18.177343
0 -67.045378
18.176301
0 -67.0463
18.176283
0 -67.049122
18.177453
0 -67.049858
18.176435
0 -67.051177
18.177502
0 -67.05134
18.174734
0 