-113.334379
33.485263
0 -113.33392
33.377425
0 -113.334217
33.25004
0 -113.333603
33.24763
0 -113.33336
33.204645
0 -113.333833
33.117049
0 -113.333786
33.023476
0 -113.333781
32.958267
0 -113.333787
32.825108
0 -113.333709
32.767851
0 -113.333708
32.767482
0 -113.3337
32.593591
0 -113.333897
32.504938
0 -113.146624
32.505313
0 -113.144591
32.50497
0 -113.028054
32.505204
0 -112.915848
32.505358
0 -112.725436
32.505509
0 -112.580339
32.505506
0 -112.578958
32.50523
0 -112.574757
32.50522
0 -112.520707
32.505484
0 -112.499379
32.50567
0 -112.4974
32.505418
0 -112.252362
32.50662
0 -112.248905
32.506738
0 -112.203719
32.50676
0 -112.203659
32.538241
0 -112.203659
32.538497
0 -112.203386
32.637807
0 -112.203509
32.683596
0 -112.20343
32.75005
0 -112.203317
32.836211
0 -112.203339
32.836506
0 -112.203428
32.872912
0 -112.203258
32.875065
0 -112.203686
32.927943
0 -112.203736
32.941736
0 -112.202798
32.941719
0 -112.202945
32.992814
0 -112.203061
33.009312
0 -112.20304
33.014606
0 -112.203026
33.028866
0 -112.202146
33.029118
0 -112.202006
33.072471
0 -112.201965
33.08702
0 -112.202042
33.116739
0 -112.202012
33.203279
0 -112.202163
33.246862
0 -112.202043
33.290515
0 -112.203131
33.290517
0 -112.203288
33.310533
0 -112.201693
33.307509
0 -112.193691
33.298944
0 -112.193181
33.296453
0 -112.195282
33.29356
0 -112.195733
33.291269
0 -112.197487
33.289327
0 -112.196813
33.286661
0 -112.195647
33.284802
0 -112.196695
33.282577
0 -112.197512
33.278436
0 -112.196393
33.273857
0 -112.192118
33.268051
0 -112.191784
33.265039
0 -112.19041
33.263983
0 -112.18719
33.263334
0 -112.182171
33.263334
0 -112.181038
33.262526
0 -112.175757
33.263114
0 -112.174527
33.263554
0 -112.174213
33.262399
0 -112.175738
33.261091
0 -112.174272
33.258221
0 -112.172028
33.257875
0 -112.171144
33.259469
0 -112.169613
33.259594
0 -112.166538
33.257627
0 -112.165628
33.256538
0 -112.16392
33.256994
0 -112.162212
33.256224
0 -112.161323
33.254283
0 -112.157502
33.253704
0 -112.155434
33.254353
0 -112.149708
33.254005
0 -112.144488
33.25088
0 -112.142947
33.248854
0 -112.140115
33.246747
0 -112.140521
33.245499
0 -112.139672
33.243668
0 -112.136911
33.24304
0 -112.134733
33.241555
0 -112.134683
33.238036
0 -112.132474
33.233483
0 -112.130492
33.232827
0 -112.128483
33.234558
0 -112.126474
33.23552
0 -112.121276
33.234364
0 -112.119645
33.231622
0 -112.116217
33.231596
0 -112.115875
33.22938
0 -112.113683
33.227474
0 -112.11231
33.227933
0 -112.108692
33.228218
0 -112.102976
33.230562
0 -112.098979
33.230995
0 -112.095812
33.230356
0 -112.094673
33.229591
0 -112.089576
33.224953
0 -112.088207
33.219828
0 -112.089605
33.216228
0 -112.089356
33.214115
0 -112.09071
33.212929
0 -112.092114
33.209245
0 -112.089891
33.20864
0 -112.083488
33.20456
0 -111.995359
33.204596
0 -111.908759
33.204779
0 -111.893085
33.204811
0 -111.89307
33.203507
0 -111.891975
33.203336
0 -111.884346
33.203432
0 -111.875734
33.203541
0 -111.86723
33.203639
0 -111.858422
33.203775
0 -111.849466
33.203894
0 -111.844433
33.203955
0 -111.841119
33.203996
0 -111.841074
33.203997
0 -111.823691
33.204239
0 -111.811199
33.204534
0 -111.806371
33.204686
0 -111.802153
33.204711
0 -111.789206
33.204729
0 -111.783347
33.20469
0 -111.772587
33.204684
0 -111.772399
33.20472
0 -111.755426
33.204782
0 -111.750504
33.204751
0 -111.735037
33.204732
0 -111.717369
33.204748
0 -111.71701
33.20467
0 -111.711714
33.204638
0 -111.710711
33.204638
0 -111.703185
33.204636
0 -111.686035
33.204637
0 -111.685914
33.204637
0 -111.670819
33.204731
0 -111.668981
33.204746
0 -111.66879
33.204748
0 -111.668625
33.204749
0 -111.651908
33.204915
0 -111.651573
33.204917
0 -111.634445
33.205067
0 -111.595396
33.205388
0 -111.582796
33.205568
0 -111.582708
33.209933
0 -111.582676
33.218491
0 -111.582683
33.218888
0 -111.5827
33.219954
0 -111.5827
33.219979
0 -111.582884
33.245416
0 -111.582918
33.248961
0 -111.583238
33.249836
0 -111.583059
33.252665
0 -111.583183
33.277243
0 -111.583195
33.277383
0 -111.583307
33.284768
0 -111.583105
33.2919
0 -111.583099
33.292565
0 -111.583203
33.303171
0 -111.583559
33.306298
0 -111.583616
33.320871
0 -111.583821
33.335343
0 -111.583782
33.336641
0 -111.583799
33.342629
0 -111.58385
33.349764
0 -111.583857
33.350409
0 -111.584005
33.361793
0 -111.584066
33.365373
0 -111.584188
33.372549
0 -111.584293
33.378649
0 -111.580696
33.37874
0 -111.580655
33.386484
0 -111.58065
33.393343
0 -111.580654
33.407809
0 -111.580654
33.415056
0 -111.580641
33.416858
0 -111.580664
33.421345
0 -111.580661
33.422331
0 -111.580661
33.422423
0 -111.580672
33.436818
0 -111.580636
33.44384
0 -111.580638
33.450946
0 -111.580626
33.465902
0 -111.489031
33.465825
0 -111.488586
33.465798
0 -111.480144
33.46586
0 -111.476812
33.465885
0 -111.442165
33.465898
0 -111.26976
33.465538
0 -111.039905
33.466104
0 -111.04638
33.478596
0 -111.057851
33.498925
0 -111.058369
33.500051
0 -111.136658
33.646313
0 -111.151357
33.673871
0 -111.151948
33.674979
0 -111.15309
33.677112
0 -111.153354
33.677606
0 -111.156585
33.675508
0 -111.15813
33.673704
0 -111.164355
33.669915
0 -111.167056
33.668966
0 -111.169661
33.66732
0 -111.17085
33.662986
0 -111.171759
33.661379
0 -111.17469
33.659442
0 -111.180619
33.659792
0 -111.185727
33.65525
0 -111.187863
33.652074
0 -111.194114
33.646771
0 -111.194874
33.646445
0 -111.196858
33.643882
0 -111.200282
33.640257
0 -111.205321
33.637949
0 -111.20704
33.636878
0 -111.208719
33.635074
0 -111.209444
33.633499
0 -111.208241
33.629166
0 -111.208152
33.626328
0 -111.207259
33.624078
0 -111.207453
33.620572
0 -111.208706
33.619166
0 -111.212224
33.61658
0 -111.214933
33.614058
0 -111.216582
33.611606
0 -111.216749
33.608317
0 -111.219978
33.60584
0 -111.222055
33.602446
0 -111.224249
33.603118
0 -111.226105
33.604921
0 -111.227589
33.607172
0 -111.229043
33.606935
0 -111.229265
33.608064
0 -111.231948
33.609506
0 -111.232079
33.611403
0 -111.230776
33.612406
0 -111.236163
33.615451
0 -111.237368
33.615401
0 -111.238358
33.618447
0 -111.240895
33.619583
0 -111.242585
33.619828
0 -111.244305
33.62139
0 -111.246746
33.621493
0 -111.249538
33.624331
0 -111.250862
33.624409
0 -111.251859
33.623156
0 -111.255704
33.621128
0 -111.257514
33.620977
0 -111.26283
33.623157
0 -111.264865
33.62583
0 -111.269295
33.629229
0 -111.269746
33.631637
0 -111.270715
33.633594
0 -111.27338
33.635998
0 -111.273841
33.638649
0 -111.275989
33.638885
0 -111.277182
33.641462
0 -111.279519
33.643431
0 -111.280255
33.644784
0 -111.279787
33.645865
0 -111.282283
33.64648
0 -111.283215
33.648726
0 -111.285609
33.650389
0 -111.287272
33.652432
0 -111.286571
33.653087
0 -111.286827
33.654577
0 -111.286197
33.65632
0 -111.28649
33.657375
0 -111.287603
33.658968
0 -111.289365
33.659004
0 -111.295035
33.660868
0 -111.300627
33.665134
0 -111.301977
33.668299
0 -111.305285
33.67211
0 -111.306797
33.672082
0 -111.309163
33.673857
0 -111.315219
33.681546
0 -111.31775
33.682846
0 -111.323625
33.684651
0 -111.325675
33.684259
0 -111.326412
33.685619
0 -111.327733
33.68601
0 -111.328905
33.687482
0 -111.331423
33.688434
0 -111.331717
33.689651
0 -111.333818
33.692281
0 -111.333821
33.695416
0 -111.336406
33.701035
0 -111.338321
33.702746
0 -111.33814
33.70556
0 -111.337094
33.709077
0 -111.33817
33.710573
0 -111.338615
33.715899
0 -111.338105
33.717866
0 -111.336686
33.720516
0 -111.339981
33.722351
0 -111.340514
33.723585
0 -111.343626
33.724839
0 -111.344263
33.727401
0 -111.345952
33.727992
0 -111.347048
33.729795
0 -111.35073
33.732226
0 -111.354831
33.733246
0 -111.355863
33.735749
0 -111.355816
33.738127
0 -111.359345
33.74097
0 -111.361853
33.741236
0 -111.362503
33.742016
0 -111.365887
33.742328
0 -111.367235
33.74413
0 -111.372137
33.745211
0 -111.372969
33.746136
0 -111.372527
33.748321
0 -111.373014
33.749343
0 -111.374694
33.749845
0 -111.377988
33.748893
0 -111.379954
33.748905
0 -111.380875
33.747684
0 -111.38506
33.749028
0 -111.386812
33.750044
0 -111.386176
33.753121
0 -111.384842
33.753189
0 -111.383187
33.757192
0 -111.38235
33.758247
0 -111.382161
33.760957
0 -111.3833
33.762791
0 -111.38698
33.763101
0 -111.388525
33.766665
0 -111.388342
33.768399
0 -111.389371
33.770807
0 -111.386613
33.773001
0 -111.389444
33.776663
0 -111.387491
33.78006
0 -111.38584
33.781718
0 -111.385464
33.783185
0 -111.38316
33.78371
0 -111.381199
33.785229
0 -111.382797
33.78813
0 -111.378909
33.791877
0 -111.378495
33.793167
0 -111.379805
33.795736
0 -111.383501
33.798531
0 -111.38386
33.799968
0 -111.385615
33.800634
0 -111.386938
33.802864
0 -111.387912
33.803214
0 -111.388326
33.805353
0 -111.387258
33.806012
0 -111.386707
33.807777
0 -111.384989
33.810676
0 -111.385442
33.811772
0 -111.383901
33.816755
0 -111.380914
33.816342
0 -111.378121
33.817769
0 -111.37654
33.817046
0 -111.373747
33.817443
0 -111.371552
33.819124
0 -111.372317
33.823924
0 -111.375239
33.825411
0 -111.378027
33.827393
0 -111.378615
33.829581
0 -111.380792
33.831081
0 -111.381289
33.83209
0 -111.383563
33.833622
0 -111.387528
33.833715
0 -111.392497
33.8359
0 -111.390407
33.837717
0 -111.394217
33.839592
0 -111.395477
33.840862
0 -111.395001
33.842926
0 -111.395853
33.844623
0 -111.393813
33.847932
0 -111.393625
33.850415
0 -111.391987
33.852613
0 -111.392323
33.854832
0 -111.391101
33.855401
0 -111.390041
33.858028
0 -111.38699
33.860447
0 -111.386974
33.861608
0 -111.388076
33.863411
0 -111.39105
33.864412
0 -111.392602
33.865417
0 -111.393615
33.8678
0 -111.395462
33.86791
0 -111.396289
33.868929
0 -111.396274
33.873245
0 -111.397583
33.875042
0 -111.396229
33.877015
0 -111.400821
33.87869
0 -111.405652
33.879535
0 -111.405245
33.88176
0 -111.407337
33.882604
0 -111.40865
33.883967
0 -111.410746
33.883472
0 -111.412331
33.884725
0 -111.413316
33.888144
0 -111.411466
33.891408
0 -111.412158
33.89296
0 -111.411872
33.894588
0 -111.413734
33.897359
0 -111.4128
33.899943
0 -111.41284
33.901896
0 -111.411584
33.903727
0 -111.408124
33.905182
0 -111.407676
33.906478
0 -111.408774
33.909114
0 -111.408186
33.910178
0 -111.408502
33.912381
0 -111.406896
33.913363
0 -111.406616
33.916395
0 -111.405432
33.917686
0 -111.405203
33.919436
0 -111.408048
33.920664
0 -111.410287
33.920662
0 -111.412287
33.921945
0 -111.417364
33.922618
0 -111.419602
33.923753
0 -111.424372
33.925195
0 -111.425749
33.926099
0 -111.427982
33.925451
0 -111.430638
33.923999
0 -111.432438
33.920936
0 -111.437806
33.916257
0 -111.443325
33.917355
0 -111.446533
33.919213
0 -111.448123
33.918981
0 -111.450904
33.919877
0 -111.451736
33.920995
0 -111.451015
33.922742
0 -111.451433
33.925051
0 -111.449261
33.92937
0 -111.450213
33.931256
0 -111.451804
33.931991
0 -111.45204
33.933767
0 -111.450165
33.93445
0 -111.44716
33.934755
0 -111.448125
33.938496
0 -111.447398
33.939605
0 -111.447389
33.941735
0 -111.449305
33.943597
0 -111.44934
33.944612
0 -111.451188
33.946001
0 -111.452181
33.948629
0 -111.45209
33.95017
0 -111.451104
33.95259
0 -111.451621
33.953951
0 -111.450065
33.954966
0 -111.447966
33.957519
0 -111.44885
33.959525
0 -111.450469
33.960584
0 -111.451961
33.960552
0 -111.452925
33.962204
0 -111.451993
33.964562
0 -111.452487
33.965985
0 -111.450054
33.967028
0 -111.448887
33.968602
0 -111.449077
33.971209
0 -111.44809
33.973285
0 -111.44496
33.974428
0 -111.444405
33.975515
0 -111.441272
33.978375
0 -111.437766
33.979128
0 -111.437419
33.980006
0 -111.435058
33.980693
0 -111.433096
33.984401
0 -111.434934
33.986961
0 -111.437223
33.986749
0 -111.442813
33.991372
0 -111.440796
33.993732
0 -111.440355
33.996416
0 -111.441784
33.998079
0 -111.444594
33.999217
0 -111.445079
34.001176
0 -111.449518
34.00042
0 -111.45211
34.002384
0 -111.454415
34.00475
0 -111.456617
34.003883
0 -111.458376
34.002207
0 -111.462434
34.004041
0 -111.464832
34.00432
0 -111.466532
34.005943
0 -111.470002
34.003768
0 -111.472438
34.004687
0 -111.473545
34.00321
0 -111.474314
34.003852
0 -111.478229
34.002083
0 -111.481604
34.0025
0 -111.482992
34.001563
0 -111.484089
34.002004
0 -111.487508
34.001747
0 -111.49093
34.000851
0 -111.491722
33.999809
0 -111.494778
33.999817
0 -111.72531
33.999849
0 -111.726306
34.000038
0 -111.861997
34.015108
0 -111.874652
34.016516
0 -111.875704
34.016689
0 -111.996196
34.029825
0 -112.064883
34.037328
0 -112.065318
34.03738
0 -112.084773
34.039656
0 -112.090307
34.039882
0 -112.099545
34.040979
0 -112.149101
34.046505
0 -112.164758
34.04817
0 -112.163253
34.047471
0 -112.162589
34.046333
0 -112.161999
34.042919
0 -112.161478
34.04223
0 -112.158407
34.043772
0 -112.156491
34.043176
0 -112.154145
34.041775
0 -112.153647
34.040909
0 -112.154958
34.039906
0 -112.158695
34.040043
0 -112.163331
34.037967
0 -112.163881
34.03737
0 -112.164772
34.036056
0 -112.16535
34.033132
0 -112.164774
34.026954
0 -112.1635
34.023169
0 -112.161745
34.019273
0 -112.161759
34.017542
0 -112.163542
34.014544
0 -112.164584
34.012939
0 -112.166247
34.012502
0 -112.167273
34.013357
0 -112.168613
34.015717
0 -112.170205
34.017324
0 -112.172484
34.0177
0 -112.174455
34.016675
0 -112.176355
34.014421
0 -112.182095
34.013173
0 -112.183239
34.01194
0 -112.183361
34.010409
0 -112.182747
34.008589
0 -112.180391
34.005742
0 -112.180383
34.004028
0 -112.181932
34.002113
0 -112.184885
34.000688
0 -112.186249
33.997174
0 -112.189677
33.99544
0 -112.191881
33.993119
0 -112.193374
33.990303
0 -112.193826
33.980115
0 -112.194613
33.978735
0 -112.194781
33.975852
0 -112.195658
33.974502
0 -112.20032
33.971857
0 -112.201379
33.97072
0 -112.202859
33.970499
0 -112.206856
33.969592
0 -112.207842
33.969859
0 -112.208439
33.969206
0 -112.213096
33.968582
0 -112.214482
33.96809
0 -112.215102
33.966809
0 -112.214511
33.963738
0 -112.216794
33.962565
0 -112.221937
33.960672
0 -112.225316
33.958249
0 -112.226479
33.956791
0 -112.227702
33.956647
0 -112.230393
33.955123
0 -112.232565
33.954668
0 -112.237329
33.956228
0 -112.240567
33.95558
0 -112.239636
33.953354
0 -112.24025
33.951719
0 -112.239812
33.94871
0 -112.238231
33.948746
0 -112.236246
33.947941
0 -112.236959
33.945188
0 -112.239508
33.943645
0 -112.241262
33.94111
0 -112.240004
33.939508
0 -112.236651
33.940157
0 -112.235528
33.938962
0 -112.231896
33.936531
0 -112.231697
33.934605
0 -112.233383
33.928074
0 -112.233994
33.926513
0 -112.234962
33.92041
0 -112.234947
33.916728
0 -112.235528
33.915475
0 -112.238042
33.914918
0 -112.241783
33.91568
0 -112.243466
33.915351
0 -112.243883
33.913865
0 -112.24087
33.909356
0 -112.24107
33.90728
0 -112.242962
33.905577
0 -112.247283
33.904644
0 -112.250646
33.904724
0 -112.2557
33.905626
0 -112.257033
33.905488
0 -112.258733
33.904855
0 -112.26047
33.903592
0 -112.264425
33.899094
0 -112.269043
33.896034
0 -112.273019
33.894275
0 -112.277175
33.890926
0 -112.27762
33.889832
0 -112.277533
33.886498
0 -112.27604
33.882312
0 -112.341876
33.898958
0 -112.376436
33.907862
0 -112.423105
33.919623
0 -112.427931
33.920839
0 -112.494448
33.937606
0 -112.500727
33.938681
0 -112.528596
33.945631
0 -112.68501
33.985192
0 -112.711312
33.991753
0 -112.714246
33.992483
0 -112.716709
33.993099
0 -112.728281
33.995987
0 -112.734373
33.997507
0 -112.743799
33.999857
0 -112.746271
33.999904
0 -112.763825
33.999921
0 -112.764659
33.999923
0 -112.764758
33.999923
0 -112.771956
33.999913
0 -112.824219
33.999919
0 -113.00074
33.999772
0 -113.141985
33.999707
0 -113.333753
33.999227
0 -113.334029
33.750032
0 -113.333952
33.749395
0 -113.333996
33.638638
0 -113.334001
33.625897
0 -113.333331
33.566289
0 -113.333313
33.56571
0 -113.333459
33.551952
0 -113.334379
33.485263
0 