-85.873025
35.223362
0 -85.872977
35.220397
0 -85.863327
35.22028
0 -85.86327
35.183717
0 -85.863411
35.155742
0 -85.863782
35.120651
0 -85.863536
35.058594
0 -85.8639354755464
34.9883790198068
0 -85.8609202846465
34.9883606930947
0 -85.828724
34.988165
0 -85.824411
34.988142
0 -85.808642026392
34.98789285646
0 -85.7969738633921
34.987708504104
0 -85.7579491702861
34.9870919294029
0 -85.748942822758
34.9869496326776
0 -85.74493485948
34.9868863084446
0 -85.7265002692043
34.9865950492165
0 -85.726239039383
34.9865909218887
0 -85.7223216009079
34.9865290279118
0 -85.7022512605366
34.9862119244798
0 -85.7008436226794
34.9861896843589
0 -85.7008262686624
34.9861894101723
0 -85.6947663278267
34.9860936655062
0 -85.6156867800132
34.9848442399586
0 -85.611494932012
34.9847780104198
0 -85.6114325530746
34.9847770248572
0 -85.605165
34.984678
0 -85.552592573439
34.9840302046651
0 -85.5142012711736
34.9835571485758
0 -85.4741053158651
34.9830630878201
0 -85.475513
34.985644
0 -85.474889
34.986972
0 -85.468055
34.98723
0 -85.467299
34.987575
0 -85.46629
34.988635
0 -85.465893
34.989237
0 -85.465429
34.989621
0 -85.464342
34.989956
0 -85.463614
34.989941
0 -85.462935
34.989924
0 -85.457771
34.993057
0 -85.456206
34.995229
0 -85.455661
34.995599
0 -85.453982
34.995982
0 -85.452702
34.996573
0 -85.452095
34.996477
0 -85.450081
34.995678
0 -85.449345
34.995758
0 -85.448642
34.996733
0 -85.447969
34.99691
0 -85.443542
34.997116
0 -85.442823
35.000633
0 -85.440073
35.001
0 -85.437979
35.002949
0 -85.435421
35.002341
0 -85.432742
35.004254
0 -85.432048
35.005059
0 -85.427571
35.006881
0 -85.427411
35.008143
0 -85.42407
35.01174
0 -85.421032
35.013739
0 -85.41948
35.017243
0 -85.419832
35.019179
0 -85.4182
35.020219
0 -85.419384
35.023403
0 -85.418632
35.025211
0 -85.419896
35.026603
0 -85.419016
35.027883
0 -85.415752
35.028075
0 -85.414104
35.029531
0 -85.414248
35.031275
0 -85.411318
35.035327
0 -85.411243
35.035498
0 -85.411204
35.035593
0 -85.409592
35.040235
0 -85.409272
35.040683
0 -85.40524
35.042107
0 -85.39766
35.041874
0 -85.392806
35.039074
0 -85.388193
35.039864
0 -85.388144
35.040997
0 -85.385537
35.043201
0 -85.378471
35.055267
0 -85.37736
35.057439
0 -85.370391
35.063802
0 -85.366359
35.069474
0 -85.365031
35.072554
0 -85.364059
35.076173
0 -85.362553
35.084488
0 -85.361959
35.087773
0 -85.36716
35.090873
0 -85.36816
35.092573
0 -85.36746
35.094973
0 -85.37216
35.099073
0 -85.373033
35.100105
0 -85.376078
35.100825
0 -85.379603
35.103291
0 -85.38119
35.103883
0 -85.383305
35.10574
0 -85.384811
35.1059
0 -85.390355
35.105384
0 -85.391973
35.105848
0 -85.393463
35.105367
0 -85.39577
35.105638
0 -85.391819
35.120448
0 -85.38979
35.126346
0 -85.387709
35.128506
0 -85.388102
35.131188
0 -85.387118
35.13277
0 -85.385731
35.136781
0 -85.386239
35.137721
0 -85.385703
35.139079
0 -85.38629
35.141673
0 -85.387306
35.142756
0 -85.388448
35.145504
0 -85.387089
35.147169
0 -85.386571
35.151246
0 -85.387072
35.153494
0 -85.386864
35.15506
0 -85.388267
35.158754
0 -85.391109
35.161574
0 -85.394031
35.16546
0 -85.39486
35.16762
0 -85.394063
35.169005
0 -85.393531
35.173703
0 -85.392171
35.176665
0 -85.390851
35.178626
0 -85.388675
35.179933
0 -85.38824
35.180774
0 -85.390232
35.185276
0 -85.393115
35.187728
0 -85.394774
35.190135
0 -85.395984
35.193521
0 -85.395883
35.195681
0 -85.392654
35.198356
0 -85.391609
35.199933
0 -85.391427
35.201367
0 -85.392303
35.203807
0 -85.39362
35.206248
0 -85.396934
35.208365
0 -85.398169
35.21021
0 -85.39886
35.212086
0 -85.400103
35.21393
0 -85.401436
35.216406
0 -85.400986
35.219637
0 -85.402913
35.223106
0 -85.405865
35.225162
0 -85.407774
35.225715
0 -85.418071
35.235752
0 -85.425565
35.243057
0 -85.424513
35.244955
0 -85.426
35.246494
0 -85.430649
35.248072
0 -85.432637
35.250073
0 -85.433472
35.252417
0 -85.439166
35.253351
0 -85.440943
35.255236
0 -85.440909
35.259188
0 -85.442919
35.260908
0 -85.443026
35.26185
0 -85.444717
35.262914
0 -85.451897
35.265202
0 -85.454621
35.267642
0 -85.455272
35.267846
0 -85.459139
35.266806
0 -85.460972
35.267786
0 -85.462412
35.267231
0 -85.46646
35.268752
0 -85.469134
35.269433
0 -85.47353
35.269031
0 -85.475633
35.26842
0 -85.477832
35.269222
0 -85.479916
35.270656
0 -85.481142
35.270034
0 -85.483522
35.270709
0 -85.484876
35.272
0 -85.489111
35.27218
0 -85.492282
35.273954
0 -85.493027
35.277102
0 -85.494021
35.278476
0 -85.494704
35.280047
0 -85.543873
35.302371
0 -85.551172
35.305533
0 -85.556757
35.308294
0 -85.558551
35.319292
0 -85.560119
35.318691
0 -85.632951
35.303685
0 -85.644467
35.302144
0 -85.645353
35.301997
0 -85.646793
35.302538
0 -85.651304
35.302243
0 -85.653301
35.305046
0 -85.655553
35.305536
0 -85.657927
35.304025
0 -85.660569
35.303905
0 -85.664424
35.302356
0 -85.664632
35.300713
0 -85.666677
35.299829
0 -85.669271
35.301626
0 -85.669728
35.298631
0 -85.670821
35.297906
0 -85.67251
35.298307
0 -85.673777
35.297879
0 -85.673777
35.296901
0 -85.671451
35.294922
0 -85.67296
35.293202
0 -85.676674
35.292477
0 -85.6779
35.290862
0 -85.679824
35.290955
0 -85.684416
35.289768
0 -85.687184
35.288477
0 -85.687526
35.287768
0 -85.690415
35.286075
0 -85.693123
35.288428
0 -85.696682
35.289527
0 -85.700423
35.289757
0 -85.700946
35.291763
0 -85.701683
35.291362
0 -85.70535
35.291499
0 -85.707736
35.290729
0 -85.709418
35.289251
0 -85.704214
35.272802
0 -85.693581
35.239257
0 -85.726553
35.222331
0 -85.740113
35.215295
0 -85.743067
35.215516
0 -85.749972
35.215894
0 -85.773489
35.218736
0 -85.785123
35.22263
0 -85.813986
35.237854
0 -85.820669
35.241316
0 -85.822427
35.242226
0 -85.82849
35.239789
0 -85.838979
35.240342
0 -85.84196
35.240983
0 -85.845123
35.24111
0 -85.848346
35.24027
0 -85.850014
35.239407
0 -85.851737
35.237778
0 -85.856359
35.232654
0 -85.858262
35.231088
0 -85.86536
35.226666
0 -85.873025
35.223362
0 