-88.485659
36.774686
0 -88.485697
36.750328
0 -88.449706
36.7507
0 -88.431331
36.749766
0 -88.413566
36.750673
0 -88.395176
36.750241
0 -88.321668
36.749887
0 -88.29944
36.750029
0 -88.297206
36.750018
0 -88.294185
36.750004
0 -88.276003
36.749935
0 -88.249183
36.749825
0 -88.236603
36.749746
0 -88.233202
36.749872
0 -88.223366
36.750054
0 -88.149294
36.748635
0 -88.145592
36.748498
0 -88.136108
36.74866
0 -88.125107
36.74778
0 -88.1132
36.74629
0 -88.110831
36.74715
0 -88.112649
36.750629
0 -88.11464
36.755795
0 -88.114751
36.757358
0 -88.113895
36.759789
0 -88.114243
36.762502
0 -88.115163
36.76421
0 -88.11756
36.766827
0 -88.120128
36.77246
0 -88.1237
36.779732
0 -88.12492
36.782723
0 -88.126104
36.788023
0 -88.127328
36.798408
0 -88.127837
36.801015
0 -88.129464
36.806259
0 -88.141688
36.834493
0 -88.14807
36.846384
0 -88.149029
36.848699
0 -88.15035
36.853434
0 -88.154824
36.862836
0 -88.157347
36.867183
0 -88.165892
36.879416
0 -88.171687
36.889018
0 -88.174042
36.893068
0 -88.176049
36.895676
0 -88.178857
36.898632
0 -88.180283
36.900827
0 -88.18369
36.913866
0 -88.18345
36.917276
0 -88.183753
36.919916
0 -88.184922
36.924941
0 -88.186458
36.929767
0 -88.187948
36.933035
0 -88.189389
36.935549
0 -88.191108
36.937718
0 -88.195839
36.942888
0 -88.19872
36.945569
0 -88.202759
36.949022
0 -88.208207
36.952779
0 -88.215643
36.957138
0 -88.222956
36.962441
0 -88.225073
36.964163
0 -88.233263
36.972535
0 -88.237045
36.978074
0 -88.240371
36.981911
0 -88.244102
36.985915
0 -88.250255
36.992085
0 -88.253008
36.994271
0 -88.257461
36.997267
0 -88.26259
37.001819
0 -88.266561
37.006429
0 -88.274259
37.01711
0 -88.276278
37.0192
0 -88.28107
37.022943
0 -88.285656
37.026023
0 -88.285898
37.026185
0 -88.289702
37.02888
0 -88.293581
37.032416
0 -88.301349
37.042119
0 -88.305216
37.046427
0 -88.309962
37.049964
0 -88.313133
37.051566
0 -88.323899
37.054838
0 -88.333471
37.058598
0 -88.335846
37.060128
0 -88.339292
37.061216
0 -88.340814
37.061453
0 -88.349259
37.061242
0 -88.353496
37.062074
0 -88.355482
37.062751
0 -88.362158
37.063947
0 -88.367548
37.063992
0 -88.370463
37.063278
0 -88.381252
37.058607
0 -88.385213
37.057413
0 -88.393756
37.05569
0 -88.41277
37.053092
0 -88.426519
37.050079
0 -88.434682
37.04742
0 -88.437701
37.04594
0 -88.441699
37.042583
0 -88.444685
37.039075
0 -88.448901
37.034929
0 -88.45361
37.031936
0 -88.46206
37.028149
0 -88.471947
37.024724
0 -88.477364
37.023489
0 -88.482957
37.022566
0 -88.483068
37.011671
0 -88.483674
37.010879
0 -88.485254
37.001109
0 -88.485126
36.994464
0 -88.485061
36.981083
0 -88.484873
36.956956
0 -88.484103
36.942096
0 -88.484456
36.853717
0 -88.485018
36.816815
0 -88.485659
36.774686
0 