-96.3783265241194
28.3907774793216
0 -96.371241
28.395904
0 -96.369456
28.398368
0 -96.354605
28.410145
0 -96.342483
28.418716
0 -96.329768
28.425196
0 -96.32002
28.423989
0 -96.316207
28.428844
0 -96.304315
28.438757
0 -96.296196
28.444803
0 -96.270391
28.46193
0 -96.247924
28.474612
0 -96.223688
28.488053
0 -96.205438
28.497868
0 -96.181228
28.509651
0 -96.145005
28.526711
0 -96.1388075445056
28.5295574281444
0 -96.112028
28.541857
0 -96.1120130561473
28.5418637569941
0 -96.0833195006894
28.5548377998624
0 -96.083308
28.554843
0 -96.0832667192471
28.5548601944667
0 -96.043889
28.571262
0 -96.0437750783588
28.5713083212873
0 -96.024482197474
28.5791529333301
0 -95.99963
28.589258
0 -95.988572
28.593452
0 -95.983558
28.592825
0 -95.982372816725
28.5935395623961
0 -95.980949
28.594398
0 -95.9785842004109
28.5956681704921
0 -95.9784982309432
28.5957143460249
0 -95.97552
28.597314
0 -95.957422
28.604558
0 -95.930202
28.615357
0 -95.911212
28.622745
0 -95.890271
28.631191
0 -95.8441604023051
28.6512043968642
0 -95.83398
28.655623
0 -95.812577
28.666136
0 -95.771965
28.686724
0 -95.735925
28.705856
0 -95.698371
28.726493
0 -95.6969659977031
28.7272355502971
0 -95.661342
28.746063
0 -95.659986
28.748063
0 -95.659511
28.751084
0 -95.653806
28.752751
0 -95.648102
28.754522
0 -95.63288
28.761276
0 -95.616175237149
28.7695728618412
0 -95.6133120846699
28.7709949221698
0 -95.588801
28.783169
0 -95.563369
28.796188
0 -95.5072492559511
28.8255658801125
0 -95.506254
28.827773
0 -95.504175
28.828439
0 -95.504594
28.831601
0 -95.503881
28.833662
0 -95.504012
28.837517
0 -95.504977
28.837902
0 -95.508675
28.837126
0 -95.522807
28.833242
0 -95.530471
28.829098
0 -95.53355
28.829933
0 -95.536012
28.831072
0 -95.535625
28.83227
0 -95.537085
28.832899
0 -95.538249
28.832911
0 -95.538737
28.83144
0 -95.539861
28.831635
0 -95.541095
28.830449
0 -95.542002
28.832357
0 -95.543615
28.832627
0 -95.54758
28.830576
0 -95.550216
28.828796
0 -95.551712
28.829007
0 -95.554529
28.830325
0 -95.558333
28.830516
0 -95.559684
28.829885
0 -95.563901
28.829514
0 -95.5653
28.830525
0 -95.567519
28.829724
0 -95.573671
28.832767
0 -95.57714
28.837481
0 -95.579021
28.839628
0 -95.579097
28.8432
0 -95.578305
28.844352
0 -95.576156
28.852421
0 -95.576719
28.854962
0 -95.579292
28.8573
0 -95.57924
28.859613
0 -95.581159
28.86056
0 -95.583124
28.860604
0 -95.585286
28.862166
0 -95.587071
28.865354
0 -95.587026
28.866185
0 -95.590248
28.868691
0 -95.590816
28.869814
0 -95.592167
28.869782
0 -95.593878
28.871596
0 -95.602561
28.876545
0 -95.602963
28.8781
0 -95.606927
28.879669
0 -95.607495
28.880863
0 -95.609171
28.881376
0 -95.611212
28.882865
0 -95.613463
28.88309
0 -95.616484
28.885052
0 -95.618965
28.888675
0 -95.620352
28.889873
0 -95.623243
28.893714
0 -95.626679
28.894555
0 -95.630721
28.897388
0 -95.633506
28.897469
0 -95.635095
28.899318
0 -95.635882
28.90209
0 -95.637533
28.903735
0 -95.640525
28.903275
0 -95.64167
28.903749
0 -95.645454
28.909724
0 -95.645033
28.912289
0 -95.64678
28.9158
0 -95.648125
28.917431
0 -95.651067
28.919247
0 -95.6519
28.925682
0 -95.650321
28.931025
0 -95.648749
28.934706
0 -95.645822
28.938888
0 -95.649372
28.942514
0 -95.653237
28.949211
0 -95.654708
28.950192
0 -95.655071
28.95153
0 -95.657361
28.952693
0 -95.659542
28.952917
0 -95.660635
28.953896
0 -95.664076
28.954232
0 -95.669394
28.956706
0 -95.671992
28.960764
0 -95.674367
28.962738
0 -95.67513
28.964244
0 -95.67803
28.964783
0 -95.678349
28.965454
0 -95.67955
28.965734
0 -95.681544
28.96431
0 -95.683819
28.960467
0 -95.68682
28.962738
0 -95.690494
28.964657
0 -95.69194
28.964629
0 -95.696528
28.965563
0 -95.697672
28.966145
0 -95.697648
28.967657
0 -95.69913
28.969537
0 -95.703331
28.969174
0 -95.705462
28.968618
0 -95.764937
28.967359
0 -95.767981
28.969636
0 -95.770336
28.972682
0 -95.770692
28.975337
0 -95.769353
28.97781
0 -95.765576
28.979734
0 -95.766357
28.981031
0 -95.769933
28.983017
0 -95.770495
28.985023
0 -95.76955
28.986298
0 -95.770019
28.988497
0 -95.768575
28.987854
0 -95.767167
28.988711
0 -95.767204
28.991553
0 -95.769111
28.991405
0 -95.77028
28.993214
0 -95.772149
28.994424
0 -95.776814
28.994694
0 -95.778339
28.997053
0 -95.777031
28.999411
0 -95.77528
29.000749
0 -95.774923
29.001975
0 -95.773616
29.002634
0 -95.772733
29.004905
0 -95.771889
29.005366
0 -95.770507
29.003403
0 -95.769082
29.002699
0 -95.767773
29.003988
0 -95.769506
29.005591
0 -95.771657
29.006108
0 -95.773114
29.005597
0 -95.774846
29.006153
0 -95.777078
29.007742
0 -95.778009
29.009128
0 -95.779104
29.008743
0 -95.779586
29.006814
0 -95.781656
29.007166
0 -95.783407
29.006502
0 -95.785064
29.008926
0 -95.785313
29.011752
0 -95.783937
29.012823
0 -95.783374
29.012285
0 -95.7838
29.010102
0 -95.779454
29.010756
0 -95.779941
29.01318
0 -95.779346
29.014153
0 -95.77994
29.016066
0 -95.778726
29.017352
0 -95.776775
29.017407
0 -95.776687
29.01866
0 -95.781433
29.020349
0 -95.781983
29.021734
0 -95.781082
29.022372
0 -95.779694
29.021975
0 -95.778337
29.023157
0 -95.777998
29.024553
0 -95.778548
29.026505
0 -95.779937
29.02754
0 -95.783458
29.027693
0 -95.784002
29.02804
0 -95.784095
29.03036
0 -95.781855
29.031453
0 -95.77944
29.034674
0 -95.781066
29.035164
0 -95.781047
29.037429
0 -95.782523
29.038308
0 -95.784143
29.038078
0 -95.7855
29.03915
0 -95.783917
29.040733
0 -95.783886
29.042838
0 -95.782578
29.043646
0 -95.780238
29.043448
0 -95.778524
29.044723
0 -95.777329
29.044558
0 -95.776459
29.049942
0 -95.77662
29.050882
0 -95.775632
29.052289
0 -95.773743
29.052863
0 -95.770586
29.051881
0 -95.769067
29.052167
0 -95.767546
29.053247
0 -95.767666
29.054295
0 -95.766758
29.056063
0 -95.766878
29.057256
0 -95.766054
29.058591
0 -95.767735
29.059028
0 -95.765049
29.060458
0 -95.765636
29.061266
0 -95.769065
29.062636
0 -95.770446
29.06621
0 -95.77166
29.066408
0 -95.773976
29.06444
0 -95.780877
29.065591
0 -95.782647
29.066872
0 -95.789293
29.069963
0 -95.793665
29.072486
0 -95.795154
29.074366
0 -95.795304
29.076719
0 -95.796906
29.078522
0 -95.797532
29.080309
0 -95.800842
29.07971
0 -95.801624
29.080474
0 -95.801243
29.082057
0 -95.803546
29.084492
0 -95.803564
29.087549
0 -95.805905
29.090539
0 -95.808922
29.091248
0 -95.811513
29.08983
0 -95.814135
29.090033
0 -95.817758
29.089483
0 -95.819799
29.090489
0 -95.822127
29.090681
0 -95.82841
29.089663
0 -95.828867
29.089086
0 -95.831402
29.090916
0 -95.831997
29.092532
0 -95.83435
29.094054
0 -95.835333
29.092932
0 -95.836453
29.09285
0 -95.838525
29.095086
0 -95.839045
29.097598
0 -95.841894
29.099093
0 -95.842132
29.100148
0 -95.841031
29.101165
0 -95.842859
29.102451
0 -95.843505
29.105155
0 -95.843205
29.106568
0 -95.846379
29.10743
0 -95.843576
29.110982
0 -95.843708
29.112417
0 -95.840822
29.115195
0 -95.842439
29.116595
0 -95.841581
29.117354
0 -95.841401
29.119338
0 -95.840425
29.121999
0 -95.840726
29.124247
0 -95.837541
29.129914
0 -95.837948
29.13125
0 -95.837761
29.133564
0 -95.838319
29.136813
0 -95.839296
29.138083
0 -95.840017
29.140182
0 -95.83988
29.14226
0 -95.840481
29.142705
0 -95.842722
29.142298
0 -95.843611
29.142655
0 -95.843743
29.144073
0 -95.844971
29.145376
0 -95.848058
29.146232
0 -95.848134
29.148228
0 -95.849224
29.149343
0 -95.850703
29.151877
0 -95.850647
29.152839
0 -95.849057
29.154978
0 -95.850492
29.156923
0 -95.84986
29.157979
0 -95.850186
29.159936
0 -95.8477
29.160349
0 -95.848046
29.163163
0 -95.848948
29.164383
0 -95.848385
29.165417
0 -95.846738
29.165554
0 -95.847008
29.167225
0 -95.844628
29.167869
0 -95.843213
29.169035
0 -95.841804
29.168255
0 -95.840025
29.168173
0 -95.839537
29.168997
0 -95.84032
29.171443
0 -95.839362
29.172504
0 -95.841707
29.173521
0 -95.838679
29.17628
0 -95.838371
29.176564
0 -95.857805
29.193315
0 -95.844667
29.204676
0 -95.874028
29.229702
0 -95.87523
29.228507
0 -95.884086
29.220622
0 -95.884683
29.219881
0 -95.912773
29.194358
0 -95.933701
29.175398
0 -95.964049
29.147905
0 -95.965196
29.146865
0 -95.984189
29.136266
0 -96.038643
29.106552
0 -96.119129
29.063916
0 -96.207276
29.017108
0 -96.240018
28.99966
0 -96.257821
28.990018
0 -96.265863
28.986169
0 -96.297557
28.969453
0 -96.297999
28.968949
0 -96.309178
28.963291
0 -96.31006
28.941035
0 -96.310623
28.930112
0 -96.310686
28.922589
0 -96.315301
28.829111
0 -96.317337
28.790041
0 -96.31815
28.776352
0 -96.323522
28.675597
0 -96.322731
28.642944
0 -96.352288
28.509531
0 -96.361009
28.470727
0 -96.364588
28.454239
0 -96.367547
28.440465
0 -96.3783265241194
28.3907774793216
0 