-87.354146
35.610309
0 -87.354349
35.597134
0 -87.353241
35.594487
0 -87.353254
35.58961
0 -87.352305
35.584621
0 -87.338524
35.584396
0 -87.338357
35.57275
0 -87.327399
35.572476
0 -87.327554
35.5686
0 -87.324531
35.567977
0 -87.322744
35.568925
0 -87.321934
35.569103
0 -87.319283
35.567936
0 -87.314884
35.567597
0 -87.317721
35.549104
0 -87.313288
35.548564
0 -87.313195
35.54924
0 -87.303984
35.548789
0 -87.29719
35.548422
0 -87.289872
35.548025
0 -87.290586
35.542456
0 -87.285953
35.542156
0 -87.286075
35.538789
0 -87.286371
35.531204
0 -87.284732
35.530913
0 -87.285602
35.52584
0 -87.28364
35.525983
0 -87.283677
35.520917
0 -87.282332
35.520852
0 -87.282393
35.50486
0 -87.27776
35.506812
0 -87.269432
35.505851
0 -87.2705
35.500733
0 -87.278985
35.501526
0 -87.2814
35.499666
0 -87.282817
35.499495
0 -87.283376
35.496856
0 -87.280319
35.495672
0 -87.280105
35.493514
0 -87.276727
35.492182
0 -87.276786
35.490514
0 -87.279344
35.488717
0 -87.279743
35.483902
0 -87.274764
35.483405
0 -87.276791
35.470104
0 -87.279299
35.469982
0 -87.281483
35.458658
0 -87.282589
35.458568
0 -87.28896
35.459404
0 -87.28981
35.451251
0 -87.293682
35.451586
0 -87.293813
35.448465
0 -87.294534
35.444676
0 -87.295242
35.442128
0 -87.279531
35.439252
0 -87.250012
35.4337
0 -87.247926
35.43302
0 -87.227932
35.429332
0 -87.225723
35.4337
0 -87.226272
35.440408
0 -87.217328
35.438403
0 -87.206578
35.433207
0 -87.193227
35.430902
0 -87.165744
35.436923
0 -87.163684
35.435055
0 -87.160263
35.435371
0 -87.157918
35.437881
0 -87.157516
35.439312
0 -87.155812
35.439676
0 -87.154952
35.442289
0 -87.152277
35.443518
0 -87.15242
35.444986
0 -87.150267
35.445738
0 -87.149904
35.446918
0 -87.146867
35.447635
0 -87.143202
35.447433
0 -87.140858
35.449231
0 -87.13834
35.448365
0 -87.137289
35.448729
0 -87.136728
35.450751
0 -87.133875
35.453161
0 -87.130036
35.454025
0 -87.129112
35.456019
0 -87.127671
35.455046
0 -87.123386
35.455387
0 -87.122529
35.456061
0 -87.120883
35.45566
0 -87.119261
35.454333
0 -87.117809
35.454554
0 -87.118025
35.452379
0 -87.117253
35.451723
0 -87.114703
35.451731
0 -87.113641
35.452356
0 -87.110577
35.451024
0 -87.109204
35.448996
0 -87.107098
35.450512
0 -87.106014
35.449574
0 -87.103331
35.450451
0 -87.101706
35.449704
0 -87.102393
35.447651
0 -87.101765
35.44569
0 -87.096574
35.444222
0 -87.096424
35.442843
0 -87.094708
35.442926
0 -87.094477
35.441967
0 -87.093968
35.441755
0 -87.087327
35.443524
0 -87.084366
35.443191
0 -87.083361
35.442107
0 -87.081405
35.44282
0 -87.080093
35.44121
0 -87.078229
35.440627
0 -87.077369
35.442191
0 -87.075621
35.441003
0 -87.071771
35.440383
0 -87.070459
35.438283
0 -87.067252
35.436569
0 -87.066826
35.435463
0 -87.062754
35.434077
0 -87.062035
35.434598
0 -87.05918
35.431354
0 -87.058199
35.4314
0 -87.055944
35.431129
0 -87.053256
35.431667
0 -87.053221
35.430732
0 -87.050721
35.430707
0 -87.050483
35.429368
0 -87.047796
35.429599
0 -87.045321
35.428413
0 -87.043864
35.429447
0 -87.042516
35.428611
0 -87.038762
35.428306
0 -87.037003
35.428811
0 -87.032728
35.431709
0 -87.030114
35.432201
0 -87.025608
35.429451
0 -87.025384
35.427295
0 -87.0243
35.424985
0 -87.022205
35.424371
0 -87.021499
35.422724
0 -87.01949
35.424005
0 -87.018521
35.422035
0 -87.019024
35.420062
0 -87.016207
35.419164
0 -87.01804
35.417156
0 -87.017567
35.415921
0 -87.013917
35.414737
0 -87.013294
35.414001
0 -87.011852
35.414269
0 -87.00923
35.412974
0 -87.005419
35.413302
0 -87.001413
35.412482
0 -86.999605
35.411173
0 -86.998805
35.409573
0 -86.995604
35.409271
0 -86.993432
35.409543
0 -86.992005
35.409975
0 -86.990905
35.408175
0 -86.986705
35.409375
0 -86.985805
35.413475
0 -86.986105
35.416475
0 -86.987005
35.417975
0 -86.985105
35.418575
0 -86.984405
35.420075
0 -86.982905
35.419975
0 -86.981805
35.417075
0 -86.979704
35.416875
0 -86.978504
35.415675
0 -86.976004
35.416275
0 -86.974704
35.414775
0 -86.972204
35.415075
0 -86.971404
35.416075
0 -86.970204
35.413975
0 -86.968204
35.412075
0 -86.964911
35.411913
0 -86.960565
35.413064
0 -86.960804
35.417021
0 -86.95638
35.438813
0 -86.955004
35.451474
0 -86.936403
35.459074
0 -86.936103
35.458074
0 -86.932203
35.457574
0 -86.932635
35.455434
0 -86.930472
35.455569
0 -86.930205
35.454565
0 -86.927802
35.454287
0 -86.927403
35.455574
0 -86.922103
35.454774
0 -86.921403
35.456074
0 -86.919003
35.456274
0 -86.919503
35.457874
0 -86.924503
35.463674
0 -86.895602
35.481173
0 -86.880584
35.494178
0 -86.881245
35.498978
0 -86.881089
35.501123
0 -86.880006
35.501097
0 -86.879652
35.503929
0 -86.878554
35.503871
0 -86.878332
35.505892
0 -86.877143
35.509669
0 -86.875589
35.521251
0 -86.870568
35.520796
0 -86.872777
35.503451
0 -86.87128
35.502486
0 -86.849573
35.525515
0 -86.8381
35.550776
0 -86.84213
35.551036
0 -86.839048
35.552055
0 -86.838216
35.559388
0 -86.841704
35.559657
0 -86.840489
35.567286
0 -86.834354
35.566837
0 -86.836789
35.573211
0 -86.836381
35.575465
0 -86.829905
35.57411
0 -86.827501
35.580812
0 -86.827394
35.58211
0 -86.840755
35.583247
0 -86.839846
35.591527
0 -86.837104
35.592339
0 -86.835988
35.594544
0 -86.833917
35.594278
0 -86.82843
35.596246
0 -86.824795
35.600934
0 -86.823765
35.60869
0 -86.82238
35.608564
0 -86.823127
35.614026
0 -86.821716
35.624413
0 -86.820535
35.632067
0 -86.816961
35.658251
0 -86.811864
35.696412
0 -86.803233
35.699415
0 -86.803369
35.697201
0 -86.802266
35.697158
0 -86.802792
35.692042
0 -86.796935
35.691479
0 -86.796727
35.693728
0 -86.794866
35.696867
0 -86.795243
35.698318
0 -86.793424
35.699917
0 -86.792579
35.70153
0 -86.794332
35.702123
0 -86.790753
35.703708
0 -86.785159
35.70508
0 -86.782016
35.706595
0 -86.79038
35.707625
0 -86.790448
35.707219
0 -86.797898
35.707988
0 -86.799868
35.709696
0 -86.797621
35.709942
0 -86.797433
35.711444
0 -86.806973
35.712486
0 -86.80631
35.715686
0 -86.811286
35.715932
0 -86.811891
35.720455
0 -86.823058
35.721651
0 -86.82286
35.723214
0 -86.84071
35.725259
0 -86.842697
35.725887
0 -86.84248
35.727522
0 -86.84376
35.727614
0 -86.844121
35.725044
0 -86.845491
35.725166
0 -86.849418
35.731519
0 -86.853946
35.73427
0 -86.865158
35.737257
0 -86.873047
35.739204
0 -86.879403
35.740787
0 -86.888056
35.743823
0 -86.914826
35.753127
0 -86.915708
35.753553
0 -86.925189
35.756173
0 -86.928979
35.757196
0 -86.938278
35.761972
0 -86.933679
35.765961
0 -86.932333
35.768726
0 -86.930515
35.77454
0 -86.928779
35.778095
0 -86.929251
35.77816
0 -86.929579
35.778204
0 -86.941723
35.779551
0 -86.942293
35.775152
0 -86.944302
35.77265
0 -86.952242
35.773499
0 -86.950733
35.781642
0 -86.953593
35.781904
0 -86.962471
35.782883
0 -86.962156
35.776332
0 -86.960568
35.775317
0 -86.965999
35.775729
0 -86.964036
35.772633
0 -86.964824
35.771854
0 -86.96951
35.771676
0 -86.994637
35.779682
0 -86.996868
35.780472
0 -86.997457
35.778528
0 -87.003959
35.779028
0 -87.003691
35.780704
0 -87.01125
35.78193
0 -87.016078
35.785728
0 -87.015524
35.786969
0 -87.03303
35.792507
0 -87.034465
35.79529
0 -87.035681
35.796213
0 -87.039697
35.794626
0 -87.054072
35.799275
0 -87.123633
35.821396
0 -87.124998
35.821759
0 -87.128147
35.8229
0 -87.157351
35.832152
0 -87.158559
35.83271
0 -87.191159
35.843158
0 -87.215099
35.850651
0 -87.221976
35.801956
0 -87.225744
35.775193
0 -87.234143
35.724691
0 -87.241513
35.723324
0 -87.243198
35.7217
0 -87.245757
35.720637
0 -87.251541
35.719797
0 -87.258255
35.720209
0 -87.26213
35.720027
0 -87.265391
35.719016
0 -87.262786
35.717442
0 -87.25681
35.716038
0 -87.253308
35.714825
0 -87.251806
35.713528
0 -87.250343
35.709133
0 -87.250501
35.707157
0 -87.250898
35.70638
0 -87.253775
35.703939
0 -87.255769
35.700344
0 -87.258521
35.697815
0 -87.260674
35.696543
0 -87.265994
35.695765
0 -87.2713
35.696283
0 -87.279284
35.696198
0 -87.284141
35.69719
0 -87.289409
35.696904
0 -87.294946
35.695252
0 -87.296057
35.694429
0 -87.297118
35.692879
0 -87.298037
35.68948
0 -87.300695
35.687929
0 -87.302944
35.687708
0 -87.304475
35.686342
0 -87.307867
35.686128
0 -87.309785
35.680405
0 -87.31936
35.674238
0 -87.317786
35.67154
0 -87.317858
35.670008
0 -87.319163
35.668092
0 -87.31951
35.664841
0 -87.321631
35.660883
0 -87.325284
35.657768
0 -87.327513
35.657881
0 -87.329087
35.658982
0 -87.335139
35.657482
0 -87.336955
35.65771
0 -87.339232
35.65911
0 -87.339654
35.656792
0 -87.331606
35.656301
0 -87.332531
35.646795
0 -87.333366
35.642019
0 -87.332908
35.640375
0 -87.331973
35.640277
0 -87.331869
35.63809
0 -87.332768
35.634672
0 -87.334265
35.635155
0 -87.337196
35.633861
0 -87.338182
35.632218
0 -87.337106
35.629946
0 -87.341637
35.629322
0 -87.345346
35.621899
0 -87.349454
35.619307
0 -87.351773
35.619331
0 -87.351774
35.617923
0 -87.352894
35.617898
0 -87.352918
35.610317
0 -87.354146
35.610309
0 