-100.667522988428
29.0842931847587
0 -100.666848
29.082596
0 -100.665873
29.076782
0 -100.664021
29.074164
0 -100.662508
29.058107
0 -100.663212
29.048042
0 -100.661457
29.038375
0 -100.660351
29.035849
0 -100.660208
29.031497
0 -100.65611
29.017224
0 -100.653758
29.015356
0 -100.650946
29.008254
0 -100.648763
29.000589
0 -100.648934
28.9987
0 -100.649136
28.996466
0 -100.647826
28.992933
0 -100.646903
28.991777
0 -100.645894
28.986421
0 -100.647286
28.985298
0 -100.648275
28.982865
0 -100.648654
28.977422
0 -100.647844
28.973702
0 -100.646382
28.970724
0 -100.646636
28.966929
0 -100.648157
28.965504
0 -100.649912
28.963224
0 -100.650325
28.961993
0 -100.649515
28.961159
0 -100.648285
28.960656
0 -100.647399
28.958895
0 -100.646993
28.957079
0 -100.647382
28.955203
0 -100.648911
28.952632
0 -100.651027
28.946888
0 -100.651512
28.943432
0 -100.65066
28.941978
0 -100.648816
28.941031
0 -100.645841
28.939867
0 -100.644362
28.938273
0 -100.642983
28.935576
0 -100.641692
28.932048
0 -100.638857
28.927622
0 -100.635672
28.925859
0 -100.632744
28.925148
0 -100.63072
28.924006
0 -100.629706
28.921146
0 -100.629993
28.918282
0 -100.632367
28.916354
0 -100.636015
28.916567
0 -100.63917
28.916289
0 -100.640672
28.915249
0 -100.640568
28.914212
0 -100.639267
28.912278
0 -100.637279
28.911828
0 -100.63626
28.911034
0 -100.634691
28.908708
0 -100.633763
28.906039
0 -100.633277
28.904583
0 -100.631611
28.902839
0 -100.627206
28.903734
0 -100.62493
28.905735
0 -100.624899
28.90827
0 -100.623482
28.909601
0 -100.619974
28.909115
0 -100.618216
28.908522
0 -100.617016
28.907072
0 -100.616138
28.903918
0 -100.613559
28.901478
0 -100.607439
28.902327
0 -100.602054
28.901944
0 -100.600768
28.900764
0 -100.601299
28.899088
0 -100.602562
28.895315
0 -100.603568
28.890758
0 -100.603841
28.888391
0 -100.602172
28.886617
0 -100.59987
28.886469
0 -100.59729
28.887811
0 -100.594287
28.888831
0 -100.592875
28.889356
0 -100.591183
28.888918
0 -100.589489
28.885803
0 -100.59031
28.883875
0 -100.596118
28.881581
0 -100.598498
28.879086
0 -100.598682
28.875247
0 -100.597553
28.873806
0 -100.592033
28.873232
0 -100.590527
28.87238
0 -100.5908
28.870567
0 -100.591342
28.865262
0 -100.59104
28.863054
0 -100.588192
28.860238
0 -100.580502
28.856008
0 -100.572992
28.848464
0 -100.576846
28.836168
0 -100.574699
28.828787
0 -100.572751
28.827098
0 -100.57051
28.826317
0 -100.567637
28.827588
0 -100.563955
28.828899
0 -100.561443
28.829174
0 -100.55313
28.828249
0 -100.548129255323
28.8261543029531
0 -100.547324
28.825817
0 -100.545479
28.819954
0 -100.546052
28.814872
0 -100.545481
28.812638
0 -100.542173
28.808466
0 -100.540449
28.807441
0 -100.53583
28.805888
0 -100.533657
28.800273
0 -100.532431
28.791063
0 -100.533807
28.787371
0 -100.536944
28.784292
0 -100.537637
28.782883
0 -100.537772
28.780776
0 -100.536445
28.777622
0 -100.531782
28.773574
0 -100.530333
28.771288
0 -100.530004
28.768713
0 -100.530452
28.766808
0 -100.533017
28.76328
0 -100.533408
28.759207
0 -100.532192
28.757161
0 -100.52941
28.756417
0 -100.527216
28.756168
0 -100.523862
28.757464
0 -100.52157
28.75764
0 -100.519226
28.756161
0 -100.515866
28.752921
0 -100.514399
28.750252
0 -100.515536
28.744943
0 -100.515332
28.743374
0 -100.514238
28.742101
0 -100.512385
28.741557
0 -100.50915
28.741435
0 -100.507721285105
28.7406578980791
0 -100.507613
28.740599
0 -100.507470185289
28.7391076113342
0 -100.506791
28.732015
0 -100.50699112828
28.7305856383684
0 -100.507306890758
28.7283303910372
0 -100.507698
28.725537
0 -100.507787
28.720904
0 -100.507254367493
28.7188642038717
0 -100.506701
28.716745
0 -100.508003
28.712847
0 -100.508662462258
28.7117438733736
0 -100.509069093417
28.7110636742361
0 -100.510298
28.709008
0 -100.512109
28.707454
0 -100.511998
28.705352
0 -100.511148427907
28.7018442488883
0 -100.510795
28.700385
0 -100.510469642914
28.6961368916645
0 -100.510467643779
28.6961107894435
0 -100.510336107524
28.6943933525597
0 -100.510055
28.690723
0 -100.503197708132
28.6711734234283
0 -100.502352250545
28.668763093206
0 -100.50194842043
28.6676118066754
0 -100.501449
28.666188
0 -100.500354
28.66196
0 -100.498115
28.659605
0 -100.495863
28.658569
0 -100.491507
28.657671
0 -100.48926
28.658002
0 -100.485787
28.656821
0 -100.483286
28.655647
0 -100.479636
28.655225
0 -100.479454417579
28.6549370530796
0 -100.474494
28.647071
0 -100.462866
28.641364
0 -100.460526
28.641026
0 -100.457447
28.641878
0 -100.450312
28.643019
0 -100.447636791029
28.642336286006
0 -100.447091
28.642197
0 -100.445749
28.640626
0 -100.446076
28.638913
0 -100.445529
28.637144
0 -100.446984
28.633214
0 -100.447368
28.622902
0 -100.448648
28.616774
0 -100.44732
28.609325
0 -100.444975
28.607806
0 -100.441268
28.607604
0 -100.435334
28.606986
0 -100.433623
28.606117
0 -100.433304
28.604581
0 -100.43208
28.599002
0 -100.431892
28.597535
0 -100.429856
28.596441
0 -100.423167
28.594241
0 -100.419389
28.593429
0 -100.409218
28.589042
0 -100.406214
28.588666
0 -100.402445830033
28.5875164327564
0 -100.400399
28.586892
0 -100.398385
28.584884
0 -100.3968
28.580401
0 -100.39727
28.575637
0 -100.404335
28.56378
0 -100.404915
28.560696
0 -100.408542
28.557614
0 -100.411414
28.551899
0 -100.409662
28.545131
0 -100.405058
28.53578
0 -100.400492
28.531315
0 -100.398934
28.530478
0 -100.397167
28.530129
0 -100.394988
28.528358
0 -100.38886
28.515748
0 -100.386963
28.514023
0 -100.379079
28.511639
0 -100.376959
28.512023
0 -100.362148
28.508399
0 -100.359712
28.507287
0 -100.356037
28.504871
0 -100.350774
28.504124
0 -100.344432
28.503354
0 -100.338518
28.501833
0 -100.334894
28.500321
0 -100.333814
28.499252
0 -100.333912
28.49734
0 -100.335195
28.494625
0 -100.33714
28.491729
0 -100.344181
28.486249
0 -100.352235
28.482638
0 -100.357174
28.482091
0 -100.36189
28.482301
0 -100.365982
28.481116
0 -100.368108
28.478999
0 -100.368288
28.477196
0 -100.367549
28.474796
0 -100.362721
28.469947
0 -100.357498
28.463642
0 -100.350786
28.459246
0 -100.348425
28.456047
0 -100.341533
28.449571
0 -100.339215
28.445959
0 -100.337797
28.44296
0 -100.337604
28.437983
0 -100.336186
28.430181
0 -100.337059
28.427151
0 -100.343945
28.410119
0 -100.345248
28.407889
0 -100.346988
28.407232
0 -100.349327
28.403887
0 -100.349586
28.402604
0 -100.348122
28.398052
0 -100.346799
28.395752
0 -100.3444
28.389662
0 -100.341869
28.384953
0 -100.331947
28.375366
0 -100.330941
28.373334
0 -100.329347
28.372326
0 -100.320393
28.362117
0 -100.317246
28.357382
0 -100.316023
28.349955
0 -100.314198
28.345859
0 -100.313139
28.344788
0 -100.310675
28.34347
0 -100.309837
28.341557
0 -100.309368
28.338554
0 -100.304147
28.334392
0 -100.294838
28.323213
0 -100.288639
28.316978
0 -100.286471
28.312296
0 -100.286088
28.30855
0 -100.287554
28.301093
0 -100.294296
28.284381
0 -100.294291
28.280999
0 -100.293468
28.278475
0 -100.291397
28.275397
0 -100.289384
28.273491
0 -100.285404
28.271924
0 -100.282984
28.270441
0 -100.280518
28.267969
0 -100.27763
28.262453
0 -100.267604
28.250269
0 -100.260786
28.244629
0 -100.257789
28.24034
0 -100.251634
28.236177
0 -100.2462
28.234092
0 -100.239925
28.234937
0 -100.23487
28.235314
0 -100.232228
28.236058
0 -100.227575
28.235857
0 -100.22363
28.235224
0 -100.220284
28.23221
0 -100.217565
28.226934
0 -100.216203
28.221467
0 -100.214383
28.212438
0 -100.21345
28.210416
0 -100.213451
28.207516
0 -100.213624
28.20472
0 -100.212165531128
28.1968371629783
0 -100.113719
28.197819
0 -100.114269
28.629686
0 -100.114336
28.648122
0 -100.113144
28.776246
0 -100.113287
28.778404
0 -100.112782
28.854203
0 -100.11227
28.927222
0 -100.111406
29.086318
0 -100.200833
29.085891
0 -100.247894
29.085582
0 -100.250348
29.085219
0 -100.622981
29.084271
0 -100.625361
29.084429
0 -100.667522988428
29.0842931847587
0 