-67.189143
18.2666625677099
0 -67.189143
18.265558
0 -67.185578
18.26285
0 -67.1830564244576
18.2592192460737
0 -67.17821
18.252241
0 -67.1781214243654
18.2520777236075
0 -67.1777537533271
18.2513999751383
0 -67.1751366410937
18.2465757066338
0 -67.174169
18.244792
0 -67.1738883602671
18.241504618444
0 -67.1737878176558
18.2403268738585
0 -67.173456
18.23644
0 -67.1734312243822
18.2354295087314
0 -67.1732661467676
18.2286967003078
0 -67.173218
18.226733
0 -67.1671238936101
18.2202759495817
0 -67.167039
18.220186
0 -67.1635021946229
18.2188026986145
0 -67.1634220392479
18.21877134856
0 -67.158957
18.217025
0 -67.158957
18.2140825720993
0 -67.158957
18.2124494268293
0 -67.158957
18.211606
0 -67.154917
18.208671
0 -67.15478353838
18.2082695856326
0 -67.15470055654
18.20802
0 -67.1545302641537
18.2075078092254
0 -67.153491
18.204382
0 -67.1535981264317
18.2017393979819
0 -67.153729
18.198511
0 -67.1561856308782
18.195088255099
0 -67.156230475874
18.1950257740066
0 -67.157294
18.193544
0 -67.1612861359958
18.1897512540756
0 -67.1613404498688
18.1896996529476
0 -67.1637480645634
18.1874122882812
0 -67.164662
18.186544
0 -67.16894
18.181802
0 -67.1714125513015
18.1789109553877
0 -67.1736391935529
18.1763074413248
0 -67.17512
18.174576
0 -67.1756329501837
18.1739492778561
0 -67.1784513940442
18.1705057052932
0 -67.180111
18.168478
0 -67.177874
18.165595
0 -67.174251
18.163576
0 -67.173015
18.162471
0 -67.171331
18.159301
0 -67.167312
18.158915
0 -67.166165
18.158382
0 -67.165997
18.157368
0 -67.166722
18.1555
0 -67.164245
18.155041
0 -67.162066
18.152415
0 -67.159733
18.153227
0 -67.158801
18.155297
0 -67.157654
18.156201
0 -67.151773
18.153712
0 -67.150409
18.154127
0 -67.147637
18.155077
0 -67.146916
18.154936
0 -67.145367
18.154727
0 -67.144891
18.154282
0 -67.143439
18.155601
0 -67.141437
18.154651
0 -67.140833
18.153109
0 -67.138063
18.153341
0 -67.13729
18.152103
0 -67.13211
18.155208
0 -67.131394
18.156553
0 -67.129233
18.158135
0 -67.128144
18.157208
0 -67.126002
18.158415
0 -67.125114
18.157818
0 -67.122943
18.157514
0 -67.123183
18.156615
0 -67.120825
18.155959
0 -67.118695
18.157959
0 -67.117652
18.15806
0 -67.11541
18.158232
0 -67.113116
18.159936
0 -67.112443
18.160334
0 -67.111243
18.1598
0 -67.108689
18.159914
0 -67.10548
18.157364
0 -67.103997
18.158034
0 -67.100993
18.157008
0 -67.097987
18.15865
0 -67.096866
18.156404
0 -67.094779
18.155724
0 -67.092712
18.152012
0 -67.089021
18.151049
0 -67.087226
18.14951
0 -67.086698
18.15199
0 -67.087211
18.155819
0 -67.085257
18.157984
0 -67.084067
18.159435
0 -67.085706
18.162978
0 -67.084429
18.163346
0 -67.084678
18.164604
0 -67.082144
18.168073
0 -67.078486
18.16755
0 -67.077096
18.169144
0 -67.075432
18.170639
0 -67.074001
18.171227
0 -67.072604
18.172948
0 -67.067141
18.173021
0 -67.066546
18.171911
0 -67.064846
18.172962
0 -67.063646
18.172076
0 -67.061059
18.173737
0 -67.060295
18.173709
0 -67.05946
18.172089
0 -67.057309
18.173292
0 -67.055144
18.17253
0 -67.054053
18.17348
0 -67.054019
18.172034
0 -67.052614
18.172263
0 -67.051542
18.173962
0 -67.051461
18.174053
0 -67.05134
18.174734
0 -67.051177
18.177502
0 -67.049858
18.176435
0 -67.049122
18.177453
0 -67.0463
18.176283
0 -67.045378
18.176301
0 -67.043328
18.177343
0 -67.041287
18.177705
0 -67.040649
18.178503
0 -67.041734
18.180596
0 -67.038954
18.181275
0 -67.03797
18.180623
0 -67.036587
18.181073
0 -67.034426
18.180659
0 -67.033643
18.181306
0 -67.033826
18.182669
0 -67.035554
18.183252
0 -67.034521
18.185519
0 -67.031116
18.184908
0 -67.028947
18.185716
0 -67.027415
18.185683
0 -67.024372
18.184668
0 -67.023122
18.186049
0 -67.019502
18.186847
0 -67.01821
18.187902
0 -67.017388
18.189899
0 -67.019836
18.195471
0 -67.020691
18.198266
0 -67.019577
18.200674
0 -67.019621
18.202139
0 -67.018831
18.204492
0 -67.020061
18.204385
0 -67.025137
18.205596
0 -67.027784
18.208506
0 -67.031014
18.209048
0 -67.033163
18.208305
0 -67.032965
18.218086
0 -67.034442
18.218473
0 -67.03594
18.219458
0 -67.037063
18.219835
0 -67.038063
18.221605
0 -67.04013
18.222392
0 -67.040772
18.223635
0 -67.04397
18.22385
0 -67.045964
18.224582
0 -67.046921
18.226625
0 -67.050354
18.227478
0 -67.052088
18.230601
0 -67.051356
18.233504
0 -67.052876
18.237105
0 -67.054863
18.239669
0 -67.056605
18.240015
0 -67.056916
18.242729
0 -67.055921
18.245357
0 -67.057361
18.246141
0 -67.059032
18.245163
0 -67.061818
18.244856
0 -67.066438
18.247399
0 -67.067437
18.24635
0 -67.071121
18.248902
0 -67.074171
18.247858
0 -67.075447
18.24854
0 -67.078873
18.252706
0 -67.081554
18.254849
0 -67.082002
18.254946
0 -67.086918
18.249126
0 -67.087232
18.249215
0 -67.088898
18.249174
0 -67.09148
18.249709
0 -67.09223
18.249114
0 -67.094494
18.249695
0 -67.096695
18.252529
0 -67.099513
18.252897
0 -67.102417
18.251451
0 -67.105001
18.252822
0 -67.106463
18.252773
0 -67.1078
18.251944
0 -67.108607
18.25003
0 -67.109581
18.249147
0 -67.114569
18.247443
0 -67.118769
18.248374
0 -67.123055
18.242814
0 -67.125886
18.245117
0 -67.129316
18.245737
0 -67.131362
18.244715
0 -67.131443
18.245596
0 -67.133417
18.245766
0 -67.134675
18.24663
0 -67.135819
18.245928
0 -67.13624
18.248276
0 -67.134295
18.249061
0 -67.135633
18.251468
0 -67.137007
18.254027
0 -67.137992
18.253793
0 -67.138323
18.256469
0 -67.137717
18.257616
0 -67.138187
18.259232
0 -67.139033
18.259315
0 -67.137884
18.260709
0 -67.136876
18.260292
0 -67.135127
18.261319
0 -67.135021
18.263063
0 -67.136121
18.262774
0 -67.134857
18.263797
0 -67.135662
18.264957
0 -67.139071
18.265423
0 -67.13996
18.264582
0 -67.140639
18.266739
0 -67.141966
18.266672
0 -67.141254
18.26848
0 -67.141899
18.270279
0 -67.143307
18.270445
0 -67.142468
18.269056
0 -67.143685
18.267674
0 -67.144458
18.268112
0 -67.144809
18.27072
0 -67.147354
18.271681
0 -67.149079
18.271681
0 -67.15065
18.270359
0 -67.148394
18.269733
0 -67.149017
18.268541
0 -67.150187
18.268361
0 -67.151403
18.269246
0 -67.15317
18.268711
0 -67.154164
18.270517
0 -67.153177
18.271888
0 -67.154488
18.271888
0 -67.155921
18.273133
0 -67.159494
18.273504
0 -67.161614
18.272646
0 -67.162227
18.272077
0 -67.163769
18.270832
0 -67.170171
18.26862
0 -67.173877
18.26782
0 -67.187881
18.266652
0 -67.189143
18.2666625677099
0 