-84.778454
36.60329
0 -84.7784559169908
36.6032090178664
0 -84.6422164648345
36.5999839882544
0 -84.624939
36.599575
0 -84.6051908837286
36.5987788081752
0 -84.5624029920815
36.5970537135351
0 -84.543138
36.596277
0 -84.5209215590057
36.5964832220564
0 -84.499938
36.596678
0 -84.4504048382558
36.5961583880162
0 -84.442837
36.596079
0 -84.4391026675163
36.5959876979953
0 -84.4391011814869
36.5959876616628
0 -84.4361358887212
36.5959151621799
0 -84.435106981891
36.5958900060759
0 -84.418313650992
36.5954794200384
0 -84.271176
36.591882
0 -84.2613389808031
36.5919809398456
0 -84.261333
36.591981
0 -84.227332
36.592181
0 -84.2271936534631
36.5921799356786
0 -84.226827
36.592683
0 -84.227861
36.59427
0 -84.228717
36.594324
0 -84.229069
36.59588
0 -84.227866
36.598777
0 -84.228556
36.600289
0 -84.23008
36.601239
0 -84.231636
36.603616
0 -84.23362
36.604906
0 -84.234843
36.604997
0 -84.234547
36.606549
0 -84.236742
36.606693
0 -84.238644
36.611212
0 -84.239753
36.612134
0 -84.239598
36.613354
0 -84.255027
36.621733
0 -84.260372
36.62524
0 -84.271529
36.63395
0 -84.281271
36.643205
0 -84.288516
36.650896
0 -84.295615
36.659693
0 -84.300859
36.666788
0 -84.303935
36.6713
0 -84.307598
36.676809
0 -84.310938
36.683134
0 -84.31295
36.687425
0 -84.316671
36.697967
0 -84.319769
36.709756
0 -84.320857
36.715731
0 -84.322287
36.726953
0 -84.322666
36.73189
0 -84.322966
36.73765
0 -84.322652
36.758669
0 -84.327134
36.758538
0 -84.331066
36.759118
0 -84.332261
36.760304
0 -84.333517
36.763268
0 -84.336565
36.76864
0 -84.33758
36.774401
0 -84.338565
36.775586
0 -84.340215
36.776112
0 -84.344467
36.776403
0 -84.346533
36.77685
0 -84.348734
36.77828
0 -84.349588
36.779568
0 -84.350006
36.780681
0 -84.350088
36.784047
0 -84.348968
36.7889
0 -84.348821
36.790847
0 -84.349393
36.792855
0 -84.350298
36.795688
0 -84.349402
36.798643
0 -84.346747
36.80128
0 -84.345141
36.804705
0 -84.345345
36.806003
0 -84.347443
36.807476
0 -84.35051
36.807268
0 -84.353462
36.807727
0 -84.355282
36.80886
0 -84.35585
36.812111
0 -84.355273
36.813098
0 -84.350904
36.816392
0 -84.345228
36.821558
0 -84.340466
36.824461
0 -84.338346
36.825277
0 -84.32881
36.82738
0 -84.320565
36.831139
0 -84.318033
36.833763
0 -84.318271
36.835582
0 -84.320443
36.836559
0 -84.327184
36.836531
0 -84.330817
36.83802
0 -84.333968
36.838395
0 -84.335762
36.837931
0 -84.338534
36.836334
0 -84.340212
36.835816
0 -84.343146
36.836053
0 -84.344752
36.837492
0 -84.344674
36.841048
0 -84.342947
36.843634
0 -84.341124
36.845024
0 -84.334834
36.845631
0 -84.33181
36.846694
0 -84.331015
36.847702
0 -84.329852
36.851391
0 -84.327628
36.854045
0 -84.325413
36.854939
0 -84.317049
36.855595
0 -84.315192
36.857061
0 -84.314872
36.859556
0 -84.316133
36.860587
0 -84.318541
36.861467
0 -84.323451
36.864472
0 -84.325286
36.867458
0 -84.324957
36.871184
0 -84.323016
36.873598
0 -84.3202
36.875051
0 -84.317069
36.877412
0 -84.315798
36.878897
0 -84.314802
36.882594
0 -84.314864
36.884646
0 -84.316025
36.886709
0 -84.31923
36.888584
0 -84.322151
36.890819
0 -84.323383
36.893821
0 -84.322735
36.895777
0 -84.321909
36.896784
0 -84.318295
36.89923
0 -84.317455
36.900165
0 -84.316532
36.904061
0 -84.315851
36.905425
0 -84.311955
36.908104
0 -84.309434
36.908763
0 -84.305028
36.910621
0 -84.304105
36.912459
0 -84.306228
36.919827
0 -84.308198
36.923058
0 -84.310234
36.924007
0 -84.312619
36.926001
0 -84.313267
36.927451
0 -84.313146
36.929402
0 -84.310575
36.932218
0 -84.304871
36.934642
0 -84.301078
36.936761
0 -84.298533
36.939019
0 -84.297049
36.941011
0 -84.296566
36.943224
0 -84.29684
36.944825
0 -84.297416
36.945931
0 -84.298558
36.946587
0 -84.301937
36.946604
0 -84.30428
36.945668
0 -84.308113
36.943006
0 -84.310511
36.942177
0 -84.313657
36.942176
0 -84.316016
36.942579
0 -84.318735
36.943559
0 -84.322357
36.945612
0 -84.324514
36.946188
0 -84.327272
36.945408
0 -84.336626
36.94186
0 -84.345872
36.939496
0 -84.353467
36.939375
0 -84.359075
36.939869
0 -84.361361
36.940416
0 -84.364057
36.941843
0 -84.368212
36.945588
0 -84.368864
36.948175
0 -84.367593
36.950046
0 -84.364336
36.951353
0 -84.359884
36.954289
0 -84.358066
36.95671
0 -84.357596
36.958036
0 -84.358024
36.9594
0 -84.360864
36.961416
0 -84.363398
36.96255
0 -84.365328
36.962854
0 -84.368174
36.962595
0 -84.371112
36.961287
0 -84.374429
36.958504
0 -84.382425
36.953195
0 -84.386572
36.951499
0 -84.397418
36.949369
0 -84.40668
36.94845
0 -84.411432
36.947477
0 -84.416816
36.94692
0 -84.578158
36.867133
0 -84.578742
36.863698
0 -84.580578
36.86291
0 -84.584595
36.862834
0 -84.587771
36.86337
0 -84.590427
36.863151
0 -84.591673
36.862507
0 -84.591879
36.860529
0 -84.58962
36.855573
0 -84.586978
36.851594
0 -84.585844
36.850451
0 -84.580959
36.848872
0 -84.57403
36.847643
0 -84.572984
36.847252
0 -84.572558
36.845767
0 -84.573833
36.844288
0 -84.579497
36.841734
0 -84.581546
36.840599
0 -84.59155
36.840016
0 -84.594933
36.839136
0 -84.595679
36.838193
0 -84.595423
36.837267
0 -84.592731
36.834598
0 -84.587169
36.831119
0 -84.582717
36.826749
0 -84.582159
36.825997
0 -84.578874
36.825886
0 -84.577734
36.824952
0 -84.57745
36.822141
0 -84.577749
36.81872
0 -84.579408
36.817611
0 -84.581926
36.817057
0 -84.58209
36.815967
0 -84.579339
36.814397
0 -84.582699
36.81251
0 -84.585155
36.81044
0 -84.587562
36.810247
0 -84.58812
36.80887
0 -84.586863
36.806664
0 -84.585508
36.805499
0 -84.582099
36.804411
0 -84.581516
36.803683
0 -84.585458
36.802654
0 -84.587728
36.801395
0 -84.589308
36.801745
0 -84.591038
36.802956
0 -84.590809
36.804689
0 -84.588485
36.805351
0 -84.588135
36.806032
0 -84.59229
36.808225
0 -84.593828
36.807925
0 -84.595755
36.805607
0 -84.597297
36.805825
0 -84.599206
36.808628
0 -84.600053
36.808501
0 -84.602801
36.807396
0 -84.603066
36.806381
0 -84.601052
36.80442
0 -84.600172
36.802733
0 -84.5962
36.799852
0 -84.596277
36.799204
0 -84.59764
36.798631
0 -84.600029
36.798607
0 -84.604378
36.799438
0 -84.60668
36.800627
0 -84.607937
36.800172
0 -84.608581
36.79756
0 -84.607884
36.795273
0 -84.608435
36.794287
0 -84.611264
36.793756
0 -84.61345
36.794163
0 -84.61676
36.795679
0 -84.618279
36.795073
0 -84.618844
36.793294
0 -84.620372
36.792161
0 -84.62256
36.793933
0 -84.624239
36.793633
0 -84.625802
36.791364
0 -84.630621
36.787756
0 -84.630892
36.787113
0 -84.630704
36.786063
0 -84.629312
36.786098
0 -84.627359
36.787801
0 -84.626427
36.787686
0 -84.623312
36.7848
0 -84.622937
36.783959
0 -84.623782
36.782491
0 -84.624748
36.779387
0 -84.628401
36.779906
0 -84.63237
36.780109
0 -84.633943
36.779282
0 -84.63272
36.775885
0 -84.632953
36.774449
0 -84.635477
36.773508
0 -84.635841
36.772064
0 -84.634323
36.769779
0 -84.634328
36.7689
0 -84.636869
36.769081
0 -84.640431
36.77022
0 -84.641388
36.769721
0 -84.641284
36.767619
0 -84.642011
36.766831
0 -84.645676
36.766649
0 -84.650401
36.768164
0 -84.653154
36.76807
0 -84.654349
36.767379
0 -84.656692
36.764145
0 -84.658436
36.763924
0 -84.659703
36.761968
0 -84.662854
36.762224
0 -84.665453
36.761975
0 -84.666094
36.76099
0 -84.664742
36.758185
0 -84.665243
36.756361
0 -84.666253
36.756486
0 -84.670487
36.758536
0 -84.673117
36.761044
0 -84.674035
36.761265
0 -84.677383
36.759901
0 -84.677356
36.759144
0 -84.675772
36.758467
0 -84.673061
36.759065
0 -84.672312
36.758445
0 -84.674275
36.751326
0 -84.676899
36.753425
0 -84.678609
36.754355
0 -84.680268
36.754469
0 -84.680539
36.753143
0 -84.678854
36.752262
0 -84.676827
36.751601
0 -84.676157
36.750642
0 -84.676891
36.749408
0 -84.679289
36.74817
0 -84.678998
36.744812
0 -84.677122
36.741501
0 -84.674022
36.739931
0 -84.674243
36.73916
0 -84.778454
36.60329
0 