-99.879559
46.018298
0 -99.8800620862737
45.9416699059574
0 -99.83868
45.941293
0 -99.750396
45.940935
0 -99.749494
45.940956
0 -99.749325
45.940935
0 -99.74787
45.940933
0 -99.7389308837735
45.9409251999858
0 -99.718073
45.940907
0 -99.718071040168
45.9409070032797
0 -99.692975
45.940949
0 -99.671938
45.941062
0 -99.6300171732811
45.9410868305269
0 -99.61116
45.941098
0 -99.58878
45.941104
0 -99.49314
45.940383
0 -99.490254
45.940362
0 -99.4487160043449
45.9403643337526
0 -99.4427918639223
45.9403646665919
0 -99.40126
45.940367
0 -99.385565
45.940407
0 -99.378486
45.940403
0 -99.34496
45.940299
0 -99.344774
45.940299
0 -99.317875
45.940263
0 -99.297272
45.940165
0 -99.283968
45.940195
0 -99.276266
45.940188
0 -99.257745
45.94006
0 -99.222269
45.940071
0 -99.2222667621692
45.9400709925031
0 -99.221672
45.940069
0 -99.213644
45.940116
0 -99.212571
45.940108
0 -99.102372
45.940158
0 -99.0980553742669
45.9401698089509
0 -99.092868
45.940184
0 -99.0057543501525
45.9399443091284
0 -99.004607
46.015609
0 -99.004817
46.016149
0 -99.004716
46.026629
0 -99.003997
46.099234
0 -99.003722
46.113696
0 -99.003321
46.200757
0 -99.003174
46.222269
0 -99.002972
46.258818
0 -99.003103
46.259573
0 -99.003118
46.282898
0 -99.037367
46.283151
0 -99.038035
46.282969
0 -99.127704
46.283139
0 -99.165728
46.283095
0 -99.231773
46.28317
0 -99.246647
46.28322
0 -99.26351
46.283299
0 -99.274622
46.283357
0 -99.276594
46.283369
0 -99.288557
46.28338
0 -99.349068
46.283362
0 -99.350147
46.283308
0 -99.350321
46.283242
0 -99.355599
46.283247
0 -99.356384
46.283271
0 -99.358212
46.283294
0 -99.359109
46.283485
0 -99.364725
46.283358
0 -99.413949
46.28337
0 -99.464833
46.283227
0 -99.490205
46.2834
0 -99.491477
46.283201
0 -99.524274
46.283167
0 -99.544238
46.283091
0 -99.5499
46.28326
0 -99.586701
46.282985
0 -99.651861
46.282918
0 -99.658344
46.283215
0 -99.671272
46.282798
0 -99.749178
46.282496
0 -99.758355
46.282413
0 -99.773225
46.282497
0 -99.874793
46.282948
0 -99.875388
46.282751
0 -99.878431
46.282811
0 -99.878548
46.260383
0 -99.87852
46.239363
0 -99.878575
46.231054
0 -99.878938
46.229253
0 -99.878763
46.173505
0 -99.878875
46.17333
0 -99.878858
46.166165
0 -99.878979
46.146484
0 -99.879093
46.144487
0 -99.879014
46.124983
0 -99.879376
46.124044
0 -99.87932
46.115618
0 -99.879399
46.057581
0 -99.87971
46.025025
0 -99.879559
46.018298
0 