-89.26939
40.594329
0 -89.269277
40.590399
0 -89.268845
40.579331
0 -89.268662
40.572638
0 -89.267754
40.538979
0 -89.266499
40.485552
0 -89.265404
40.42753
0 -89.265024
40.398465
0 -89.26456
40.370616
0 -89.264726
40.37003
0 -89.26437
40.361683
0 -89.26374
40.325344
0 -89.263217
40.295259
0 -89.262962
40.294296
0 -89.26265
40.280919
0 -89.234096
40.281364
0 -89.215074
40.2815
0 -89.148772
40.28252
0 -89.148764
40.282038
0 -89.07812
40.28249
0 -89.072299
40.282545
0 -89.054154
40.283125
0 -89.034711
40.282797
0 -89.034709
40.282731
0 -89.000164
40.282542
0 -88.977392
40.283192
0 -88.919544
40.282865
0 -88.91956
40.282294
0 -88.878056
40.28259
0 -88.84254
40.282616
0 -88.823277
40.28259
0 -88.804427
40.282706
0 -88.784055
40.282497
0 -88.746002
40.282337
0 -88.728838
40.28231
0 -88.689271
40.282148
0 -88.68834
40.282035
0 -88.645853
40.282001
0 -88.574885
40.281501
0 -88.574144
40.281442
0 -88.517507
40.281095
0 -88.4809
40.281216
0 -88.479502
40.281799
0 -88.460418
40.281935
0 -88.460269
40.310991
0 -88.460381
40.340249
0 -88.459957
40.39885
0 -88.459801
40.416926
0 -88.459438
40.453471
0 -88.459227
40.486243
0 -88.45926
40.530039
0 -88.459271
40.536936
0 -88.459318
40.565887
0 -88.459349
40.573568
0 -88.459394
40.602892
0 -88.459475
40.617345
0 -88.56433
40.616572
0 -88.574502
40.61655
0 -88.574444
40.617465
0 -88.575264
40.670687
0 -88.582344
40.670729
0 -88.583738
40.728639
0 -88.584272
40.757608
0 -88.641399
40.756978
0 -88.680207
40.756653
0 -88.699288
40.756433
0 -88.709093
40.756318
0 -88.713519
40.756247
0 -88.718735
40.756163
0 -88.72882
40.756055
0 -88.757092
40.755648
0 -88.814487
40.75506
0 -88.871891
40.754332
0 -88.881434
40.754175
0 -88.929331
40.753337
0 -88.986896
40.752297
0 -88.986638
40.738985
0 -88.986627
40.738184
0 -88.986623
40.737899
0 -88.985276
40.679587
0 -88.984795
40.666908
0 -88.9847
40.664954
0 -88.9925
40.664804
0 -89.042488
40.664002
0 -89.04532
40.663939
0 -89.045072
40.658455
0 -89.044849
40.644727
0 -89.044569
40.635208
0 -89.044368
40.627428
0 -89.048374
40.627324
0 -89.054335
40.627499
0 -89.082221
40.626813
0 -89.101569
40.625036
0 -89.101293
40.616012
0 -89.101134
40.612326
0 -89.104502
40.612162
0 -89.105108
40.612087
0 -89.110511
40.611882
0 -89.122441
40.611646
0 -89.12508
40.611621
0 -89.134217
40.61149
0 -89.134006
40.603665
0 -89.133752
40.596734
0 -89.138623
40.596526
0 -89.155179
40.596659
0 -89.155175
40.596417
0 -89.159921
40.596311
0 -89.164693
40.596205
0 -89.174222
40.595992
0 -89.19337
40.595694
0 -89.202622
40.595582
0 -89.202725
40.595532
0 -89.269024
40.594516
0 -89.26939
40.594329
0 