-88.786926
35.115697
0 -88.786703
35.105419
0 -88.786685
35.089851
0 -88.786799
35.062521
0 -88.786149
35.000378
0 -88.786612
34.995252
0 -88.7196885252583
34.9954170188131
0 -88.6844382883445
34.9955039382727
0 -88.6058652359321
34.9956976824245
0 -88.5849897119446
34.9957491569513
0 -88.5642805092082
34.9958002213658
0 -88.5316851494129
34.9958805944727
0 -88.5310461459007
34.9958821701171
0 -88.5284971515357
34.9958884553859
0 -88.5142141767328
34.9959236741123
0 -88.5142131311916
34.9959236766904
0 -88.5048331795229
34.9959468056223
0 -88.5046331476009
34.9959472988578
0 -88.478834
34.9960109139754
0 -88.474158525998
34.996022442683
0 -88.469877
34.996033
0 -88.469801
34.996052
0 -88.4628193195682
34.9960174407092
0 -88.380508
34.99561
0 -88.38013
35.000086
0 -88.377903
35.050371
0 -88.377758
35.053546
0 -88.377642
35.056099
0 -88.377715
35.056779
0 -88.377485
35.059537
0 -88.377035
35.069423
0 -88.37374
35.140608
0 -88.372059
35.183229
0 -88.371918
35.186039
0 -88.370948
35.210118
0 -88.370907
35.211343
0 -88.370842
35.212962
0 -88.370841
35.213006
0 -88.370134
35.230735
0 -88.370063
35.23247
0 -88.369957
35.235188
0 -88.36984
35.238138
0 -88.369357
35.248726
0 -88.368646
35.255294
0 -88.368418
35.257294
0 -88.36796
35.27512
0 -88.367706
35.280384
0 -88.367243
35.290985
0 -88.374891
35.291129
0 -88.374892
35.291333
0 -88.374404
35.304102
0 -88.372512
35.305843
0 -88.372576
35.315748
0 -88.365568
35.315715
0 -88.36335
35.360912
0 -88.36325
35.36684
0 -88.363088
35.36756
0 -88.362572
35.380994
0 -88.367842
35.381147
0 -88.371019
35.380721
0 -88.370629
35.374818
0 -88.377029
35.374954
0 -88.383942
35.375077
0 -88.383473
35.38094
0 -88.397477
35.381079
0 -88.423425
35.382378
0 -88.423502
35.380505
0 -88.428981
35.3807
0 -88.428711
35.381664
0 -88.429376
35.382735
0 -88.43444
35.38298
0 -88.44146
35.383314
0 -88.487211
35.38523
0 -88.507707
35.384912
0 -88.508746
35.382781
0 -88.508712
35.379672
0 -88.509618
35.379026
0 -88.514337
35.379328
0 -88.521775
35.379323
0 -88.521975
35.385097
0 -88.528142
35.384686
0 -88.566735
35.382275
0 -88.564829
35.379771
0 -88.561722
35.376661
0 -88.556927
35.373235
0 -88.560484
35.372985
0 -88.560547
35.370671
0 -88.561199
35.369734
0 -88.565841
35.369504
0 -88.567201
35.369828
0 -88.565661
35.371766
0 -88.565898
35.372962
0 -88.567717
35.372962
0 -88.569612
35.371615
0 -88.569786
35.375078
0 -88.571763
35.38077
0 -88.571763
35.382084
0 -88.590897
35.376984
0 -88.596502
35.375078
0 -88.600039
35.373339
0 -88.607456
35.370298
0 -88.631463
35.363834
0 -88.641054
35.360926
0 -88.650378
35.351571
0 -88.663119
35.340258
0 -88.663831
35.339419
0 -88.662374
35.339446
0 -88.662033
35.334334
0 -88.662126
35.325531
0 -88.665364
35.325529
0 -88.665364
35.319193
0 -88.661719
35.319193
0 -88.661785
35.320573
0 -88.653924
35.320635
0 -88.653924
35.317571
0 -88.657968
35.317562
0 -88.660035
35.315983
0 -88.660063
35.312475
0 -88.672741
35.312454
0 -88.672734
35.319002
0 -88.674885
35.319003
0 -88.674885
35.323415
0 -88.679036
35.323426
0 -88.678943
35.32078
0 -88.682084
35.319135
0 -88.68273
35.317841
0 -88.683954
35.317839
0 -88.684137
35.315157
0 -88.685873
35.315209
0 -88.689275
35.310222
0 -88.699131
35.288442
0 -88.701451
35.280252
0 -88.704089
35.27276
0 -88.705899
35.266252
0 -88.707137
35.257875
0 -88.716024
35.258128
0 -88.716481
35.256343
0 -88.718446
35.25045
0 -88.719761
35.24755
0 -88.730382
35.24758
0 -88.735825
35.247339
0 -88.741723
35.247623
0 -88.781768
35.247587
0 -88.78419
35.187765
0 -88.784725
35.174901
0 -88.78661
35.128109
0 -88.786926
35.115697
0 