-83.77717
37.971775
0 -83.776305
37.969878
0 -83.773834
37.968387
0 -83.772689
37.96708
0 -83.774155
37.963458
0 -83.771194
37.962679
0 -83.770113
37.961468
0 -83.772126
37.959807
0 -83.775096
37.955605
0 -83.774087
37.954127
0 -83.774303
37.950614
0 -83.774374
37.949865
0 -83.774474
37.948789
0 -83.775269
37.939077
0 -83.772694
37.937569
0 -83.773672
37.933934
0 -83.772519
37.932632
0 -83.768979
37.931422
0 -83.76756
37.931635
0 -83.764554
37.92935
0 -83.764331
37.928141
0 -83.766171
37.927196
0 -83.765348
37.924705
0 -83.768746
37.91941
0 -83.768783
37.918371
0 -83.767597
37.917392
0 -83.765341
37.916907
0 -83.763992
37.917554
0 -83.762655
37.917288
0 -83.760182
37.915652
0 -83.757861
37.915772
0 -83.756096
37.91417
0 -83.756839
37.910321
0 -83.75676
37.907661
0 -83.758056
37.907052
0 -83.759048
37.90466
0 -83.757325
37.903487
0 -83.758084
37.902337
0 -83.756367
37.899866
0 -83.75409
37.898816
0 -83.752079
37.897031
0 -83.748696
37.895127
0 -83.677407
37.856502
0 -83.674026
37.852709
0 -83.66846
37.85229
0 -83.667352
37.852447
0 -83.66674
37.851092
0 -83.668041
37.84882
0 -83.669921
37.847932
0 -83.671804
37.845731
0 -83.675671
37.844016
0 -83.673491
37.842438
0 -83.671649
37.842609
0 -83.666218
37.845854
0 -83.665346
37.845021
0 -83.664871
37.842874
0 -83.663125
37.842021
0 -83.661273
37.83989
0 -83.66121
37.838489
0 -83.663425
37.835351
0 -83.660856
37.83362
0 -83.656556
37.832196
0 -83.654262
37.833945
0 -83.651247
37.835296
0 -83.647637
37.833531
0 -83.646567
37.830304
0 -83.644829
37.828718
0 -83.643216
37.825947
0 -83.640976
37.825474
0 -83.637989
37.826496
0 -83.63519
37.826351
0 -83.63106
37.825372
0 -83.629941
37.825165
0 -83.628308
37.822665
0 -83.625253
37.824077
0 -83.624104
37.828041
0 -83.621533
37.832341
0 -83.62154
37.834017
0 -83.620646
37.834844
0 -83.617179
37.835543
0 -83.612368
37.834032
0 -83.610984
37.833398
0 -83.605817
37.832226
0 -83.606252
37.830347
0 -83.608922
37.829356
0 -83.607898
37.828185
0 -83.601809
37.830273
0 -83.600249
37.830142
0 -83.599511
37.827238
0 -83.598121
37.826218
0 -83.597801
37.824524
0 -83.598281
37.822062
0 -83.596706
37.820503
0 -83.594589
37.819625
0 -83.592503
37.819442
0 -83.590333
37.818343
0 -83.587311
37.819607
0 -83.585455
37.825504
0 -83.582156
37.824699
0 -83.581689
37.823017
0 -83.582963
37.821627
0 -83.58233
37.820587
0 -83.579281
37.820349
0 -83.576533
37.820637
0 -83.575531
37.81972
0 -83.568793
37.821672
0 -83.564905
37.825034
0 -83.562624
37.825249
0 -83.562496
37.822901
0 -83.563929
37.820686
0 -83.563632
37.820121
0 -83.559455
37.820684
0 -83.556548
37.82137
0 -83.555918
37.821015
0 -83.55398
37.821785
0 -83.55141
37.821615
0 -83.547902
37.823168
0 -83.546517
37.824864
0 -83.541719
37.824901
0 -83.53932
37.826717
0 -83.536638
37.825557
0 -83.535339
37.82672
0 -83.532674
37.827407
0 -83.529919
37.830123
0 -83.524145
37.831167
0 -83.526192
37.83352
0 -83.526112
37.837799
0 -83.524697
37.839005
0 -83.523407
37.841402
0 -83.520263
37.844935
0 -83.520134
37.846003
0 -83.518169
37.847975
0 -83.518247
37.848999
0 -83.517002
37.851733
0 -83.51237
37.853519
0 -83.508202
37.854417
0 -83.505151
37.855791
0 -83.49995
37.856844
0 -83.498052
37.858384
0 -83.497383
37.86006
0 -83.49508
37.861906
0 -83.491997
37.864035
0 -83.494714
37.86549
0 -83.497186
37.867946
0 -83.502536
37.867916
0 -83.506406
37.86914
0 -83.506513
37.869737
0 -83.504558
37.87013
0 -83.503154
37.871583
0 -83.502675
37.873826
0 -83.499113
37.874562
0 -83.496027
37.890628
0 -83.485671
37.901016
0 -83.444343
37.942468
0 -83.440908
37.972421
0 -83.433942
38.033974
0 -83.436434
38.031703
0 -83.438643
38.030885
0 -83.444444
38.030549
0 -83.448255
38.031021
0 -83.45036
38.03022
0 -83.451448
38.028401
0 -83.45131
38.025964
0 -83.450412
38.021973
0 -83.450683
38.019202
0 -83.456067
38.017509
0 -83.46049
38.01789
0 -83.463408
38.016975
0 -83.466135
38.017682
0 -83.468809
38.019189
0 -83.468801
38.021262
0 -83.466189
38.023094
0 -83.461739
38.024698
0 -83.455092
38.029168
0 -83.45461
38.030244
0 -83.455647
38.03241
0 -83.456861
38.03288
0 -83.459521
38.032604
0 -83.46153
38.032199
0 -83.466583
38.029749
0 -83.470811
38.028369
0 -83.474917
38.025757
0 -83.477165
38.025761
0 -83.479496
38.027326
0 -83.478746
38.032365
0 -83.475725
38.034632
0 -83.473123
38.037982
0 -83.46773
38.039432
0 -83.465556
38.041749
0 -83.464288
38.047409
0 -83.463454
38.049218
0 -83.464069
38.050214
0 -83.468743
38.050034
0 -83.472603
38.047858
0 -83.474423
38.047525
0 -83.477784
38.048482
0 -83.47959
38.048189
0 -83.481065
38.046706
0 -83.484427
38.046509
0 -83.490447
38.048122
0 -83.493625
38.04872
0 -83.496147
38.049202
0 -83.498846
38.05062
0 -83.501094
38.049025
0 -83.574989
38.058883
0 -83.574995
38.057996
0 -83.57653
38.056239
0 -83.576098
38.055217
0 -83.577529
38.053683
0 -83.577572
38.051346
0 -83.576409
38.050375
0 -83.575809
38.048227
0 -83.573559
38.046535
0 -83.57333
38.045637
0 -83.574314
38.04421
0 -83.572804
38.041928
0 -83.572687
38.040715
0 -83.57279
38.039157
0 -83.574534
38.037924
0 -83.574493
38.035851
0 -83.5763
38.03434
0 -83.575789
38.033123
0 -83.575777
38.029163
0 -83.572951
38.027991
0 -83.573468
38.026767
0 -83.574902
38.025889
0 -83.574782
38.024895
0 -83.572955
38.023212
0 -83.574101
38.021109
0 -83.576961
38.019431
0 -83.577701
38.017813
0 -83.57693
38.016062
0 -83.577763
38.014545
0 -83.577403
38.01316
0 -83.579383
38.012632
0 -83.58053
38.011702
0 -83.582156
38.011628
0 -83.583227
38.013217
0 -83.585456
38.01412
0 -83.586555
38.013936
0 -83.588911
38.011864
0 -83.591724
38.013752
0 -83.59457
38.013763
0 -83.595888
38.012991
0 -83.599558
38.012282
0 -83.602742
38.012541
0 -83.60397
38.014211
0 -83.605111
38.014194
0 -83.607302
38.012834
0 -83.607841
38.011071
0 -83.60703
38.00998
0 -83.60982
38.007159
0 -83.610537
38.007342
0 -83.612493
38.00956
0 -83.612684
38.010413
0 -83.615768
38.013038
0 -83.617774
38.014028
0 -83.619671
38.014046
0 -83.620983
38.016517
0 -83.623064
38.018771
0 -83.623736
38.02069
0 -83.626014
38.023215
0 -83.6347
38.026865
0 -83.640494
38.025923
0 -83.642437
38.02624
0 -83.64464
38.025015
0 -83.647802
38.026371
0 -83.649854
38.025627
0 -83.651395
38.023951
0 -83.653115
38.024035
0 -83.657206
38.027643
0 -83.659293
38.028261
0 -83.662401
38.027777
0 -83.663042
38.026849
0 -83.669228
38.024466
0 -83.671381
38.022135
0 -83.671409
38.020218
0 -83.673942
38.019325
0 -83.675562
38.017726
0 -83.67722
38.017742
0 -83.679373
38.016235
0 -83.68165
38.016763
0 -83.684062
38.015755
0 -83.685775
38.015695
0 -83.686554
38.01356
0 -83.689207
38.012152
0 -83.692369
38.013025
0 -83.694269
38.012984
0 -83.696569
38.012008
0 -83.698929
38.013101
0 -83.701686
38.012161
0 -83.702963
38.012845
0 -83.705902
38.012729
0 -83.7059
38.010671
0 -83.70901
38.009389
0 -83.712187
38.009693
0 -83.713768
38.008013
0 -83.71359
38.006517
0 -83.715208
38.004399
0 -83.71729
38.003288
0 -83.718497
38.003397
0 -83.722177
38.006011
0 -83.723283
38.005652
0 -83.727146
38.006999
0 -83.727154
38.008629
0 -83.730982
38.010524
0 -83.733098
38.009822
0 -83.733293
38.007642
0 -83.735911
38.007057
0 -83.736634
38.008731
0 -83.738245
38.010136
0 -83.740512
38.007149
0 -83.744082
38.006919
0 -83.744235
38.005554
0 -83.747451
38.003967
0 -83.744956
38.001578
0 -83.746395
37.999321
0 -83.748003
37.99918
0 -83.748185
37.997596
0 -83.749591
37.996733
0 -83.751818
37.997098
0 -83.754434
37.994926
0 -83.754511
37.994054
0 -83.756862
37.992542
0 -83.759169
37.99634
0 -83.75943
37.998731
0 -83.761974
37.997666
0 -83.761838
37.995355
0 -83.762671
37.993811
0 -83.76208
37.992452
0 -83.763354
37.991582
0 -83.764546
37.986975
0 -83.765375
37.985736
0 -83.767092
37.985666
0 -83.769389
37.988193
0 -83.772865
37.990091
0 -83.774353
37.990127
0 -83.775168
37.988663
0 -83.775809
37.986946
0 -83.774334
37.984208
0 -83.775092
37.981453
0 -83.773911
37.979516
0 -83.774282
37.977971
0 -83.773812
37.975584
0 -83.774966
37.974463
0 -83.773514
37.973959
0 -83.774488
37.972869
0 -83.77717
37.971775
0 