-88.98246
45.117998
0 -88.98168
45.028917
0 -88.981362
45.014507
0 -88.982069
44.983022
0 -88.981432
44.942841
0 -88.940487
44.942971
0 -88.906644
44.943247
0 -88.903608
44.943085
0 -88.884554
44.942969
0 -88.87953
44.942969
0 -88.867205
44.94281
0 -88.864126
44.94293
0 -88.859161
44.942949
0 -88.828287
44.943161
0 -88.796642
44.94322
0 -88.776372
44.943289
0 -88.771201
44.943304
0 -88.769745
44.943312
0 -88.769703
44.943311
0 -88.762605
44.943206
0 -88.735763
44.943195
0 -88.735446
44.937252
0 -88.735452
44.92413
0 -88.735591
44.921653
0 -88.736194
44.856376
0 -88.713793
44.856487
0 -88.642438
44.856477
0 -88.641841
44.856475
0 -88.629829
44.856438
0 -88.627193
44.856429
0 -88.542263
44.855608
0 -88.540147
44.855735
0 -88.532404
44.855704
0 -88.489243
44.855439
0 -88.489149
44.855445
0 -88.489081
44.855957
0 -88.488995
44.884265
0 -88.48899
44.887407
0 -88.488921
44.910726
0 -88.488415
44.9435
0 -88.487549
44.988057
0 -88.487409
44.994347
0 -88.487331
44.995307
0 -88.486972
44.999987
0 -88.486111
45.030124
0 -88.483895
45.108848
0 -88.483732
45.116887
0 -88.500104
45.116453
0 -88.549484
45.116788
0 -88.559339
45.116826
0 -88.641159
45.117346
0 -88.806791
45.117675
0 -88.821942
45.117687
0 -88.930723
45.117811
0 -88.971283
45.11807
0 -88.977086
45.11773
0 -88.98246
45.117998
0 