-84.864624
32.968497
0 -84.864524
32.960822
0 -84.861531
32.96081
0 -84.861803
32.88507
0 -84.861768
32.872495
0 -84.859882
32.872487
0 -84.859002
32.872483
0 -84.847692
32.872436
0 -84.84759
32.86837
0 -84.835273
32.868063
0 -84.833684
32.868245
0 -84.822865
32.868087
0 -84.821727
32.867772
0 -84.815543
32.86754
0 -84.814542
32.868014
0 -84.80901
32.86787
0 -84.807757
32.867787
0 -84.767874
32.867711
0 -84.767758
32.868933
0 -84.751338
32.8692
0 -84.751461
32.862704
0 -84.74755
32.861618
0 -84.736906
32.857872
0 -84.700538
32.84464
0 -84.677107
32.844665
0 -84.676937
32.844665
0 -84.666826
32.844675
0 -84.662668
32.844679
0 -84.643248
32.844701
0 -84.624925
32.844721
0 -84.622568
32.84503
0 -84.620393
32.845021
0 -84.588592
32.845121
0 -84.574862
32.845165
0 -84.570669
32.845179
0 -84.51404
32.873635
0 -84.507058
32.877467
0 -84.506888
32.881788
0 -84.508431
32.88265
0 -84.509688
32.884538
0 -84.508912
32.888297
0 -84.509181
32.894146
0 -84.507949
32.898001
0 -84.508271
32.89994
0 -84.508171
32.903366
0 -84.510428
32.907083
0 -84.511594
32.91234
0 -84.512779
32.91366
0 -84.516244
32.914944
0 -84.518867
32.914704
0 -84.523317
32.913131
0 -84.526034
32.91328
0 -84.526902
32.914098
0 -84.526504
32.915839
0 -84.524448
32.916998
0 -84.524428
32.920851
0 -84.525401
32.923257
0 -84.52769
32.925412
0 -84.52799
32.927897
0 -84.526304
32.930262
0 -84.523086
32.932145
0 -84.522349
32.933906
0 -84.522928
32.937904
0 -84.522187
32.94061
0 -84.520482
32.942897
0 -84.518751
32.948301
0 -84.518959
32.950848
0 -84.519335
32.952379
0 -84.523143
32.959195
0 -84.524443
32.960548
0 -84.527891
32.961239
0 -84.531971
32.960667
0 -84.533403
32.96155
0 -84.534397
32.964191
0 -84.53257
32.968975
0 -84.531482
32.970149
0 -84.52702
32.970548
0 -84.524698
32.971348
0 -84.521984
32.973354
0 -84.521606
32.976138
0 -84.52326
32.978878
0 -84.5252
32.981128
0 -84.529371
32.983441
0 -84.530263
32.984962
0 -84.530105
32.98706
0 -84.528635
32.98959
0 -84.531248
32.993656
0 -84.530775
32.995992
0 -84.526977
33.000113
0 -84.530058
33.003577
0 -84.532879
33.00482
0 -84.53541
33.008135
0 -84.536832
33.009359
0 -84.537971
33.011367
0 -84.537661
33.013133
0 -84.533879
33.020477
0 -84.533863
33.022709
0 -84.534748
33.025616
0 -84.5345
33.026398
0 -84.533197
33.028208
0 -84.534811
33.030683
0 -84.535168
33.033686
0 -84.536998
33.035922
0 -84.536991
33.03673
0 -84.536107
33.040169
0 -84.535174
33.042177
0 -84.531509
33.042867
0 -84.529088
33.042693
0 -84.5276
33.044156
0 -84.527522
33.046233
0 -84.526454
33.047953
0 -84.525304
33.052445
0 -84.523474
33.053939
0 -84.523872
33.056621
0 -84.523084
33.058553
0 -84.522749
33.061335
0 -84.523645
33.065053
0 -84.525337
33.067267
0 -84.527226
33.070062
0 -84.52555
33.075885
0 -84.52515
33.078463
0 -84.523464
33.080188
0 -84.521031
33.081201
0 -84.517362
33.081683
0 -84.516734
33.080798
0 -84.517405
33.078964
0 -84.515927
33.078049
0 -84.512979
33.078373
0 -84.512575
33.081007
0 -84.510797
33.084055
0 -84.51148
33.086016
0 -84.517035
33.088537
0 -84.519299
33.090308
0 -84.519917
33.092836
0 -84.522519
33.094637
0 -84.5278
33.091935
0 -84.528364
33.094423
0 -84.527781
33.095768
0 -84.528555
33.098363
0 -84.526407
33.099553
0 -84.522962
33.100631
0 -84.521404
33.101956
0 -84.518671
33.101351
0 -84.51819
33.102539
0 -84.5186
33.104163
0 -84.518357
33.10682
0 -84.517764
33.110464
0 -84.519431
33.112229
0 -84.519768
33.114098
0 -84.518071
33.121327
0 -84.518188
33.122155
0 -84.517944
33.122709
0 -84.5137
33.126098
0 -84.511315
33.125914
0 -84.511209
33.129179
0 -84.510833
33.130965
0 -84.51273
33.131195
0 -84.515002
33.136311
0 -84.516734
33.137797
0 -84.515592
33.13991
0 -84.517816
33.141838
0 -84.515592
33.142792
0 -84.514851
33.143962
0 -84.515538
33.145578
0 -84.515351
33.147881
0 -84.512548
33.149755
0 -84.50999
33.154147
0 -84.50736
33.154491
0 -84.507366
33.155436
0 -84.509047
33.157297
0 -84.509421
33.160769
0 -84.510076
33.162062
0 -84.50766
33.1646
0 -84.505631
33.168051
0 -84.506031
33.172123
0 -84.507281
33.173237
0 -84.507397
33.175269
0 -84.503941
33.178423
0 -84.501484
33.179461
0 -84.50018
33.180774
0 -84.498295
33.181765
0 -84.496783
33.183866
0 -84.496133
33.186371
0 -84.495013
33.187418
0 -84.495132
33.189439
0 -84.496812
33.191998
0 -84.494836
33.194502
0 -84.493826
33.196513
0 -84.492582
33.195614
0 -84.490539
33.197586
0 -84.492319
33.198564
0 -84.492889
33.200006
0 -84.494525
33.200351
0 -84.496914
33.201696
0 -84.498443
33.201648
0 -84.498202
33.204703
0 -84.497132
33.205092
0 -84.497307
33.206383
0 -84.496144
33.207181
0 -84.49682
33.209907
0 -84.498232
33.210561
0 -84.49803
33.211579
0 -84.499511
33.212197
0 -84.499585
33.21367
0 -84.500902
33.215266
0 -84.502105
33.214973
0 -84.502581
33.215857
0 -84.501162
33.216579
0 -84.500585
33.218958
0 -84.502633
33.219638
0 -84.502352
33.221055
0 -84.565975
33.221535
0 -84.575955
33.221687
0 -84.576212
33.221704
0 -84.621777
33.222149
0 -84.635725
33.22244
0 -84.651506
33.222518
0 -84.651461
33.229481
0 -84.665998
33.229636
0 -84.669374
33.229708
0 -84.669476
33.226428
0 -84.674514
33.226496
0 -84.674613
33.222735
0 -84.696891
33.223065
0 -84.696779
33.231493
0 -84.71497
33.231187
0 -84.715068
33.222969
0 -84.736834
33.223222
0 -84.7427
33.223098
0 -84.747761
33.223173
0 -84.754291
33.223194
0 -84.795278
33.223346
0 -84.812765
33.223406
0 -84.824733
33.223472
0 -84.835008
33.223511
0 -84.85236
33.22359
0 -84.852345
33.215517
0 -84.852304
33.191043
0 -84.862359
33.191173
0 -84.862547
33.174078
0 -84.862608
33.158371
0 -84.862738
33.125284
0 -84.863332
33.097144
0 -84.863448
33.082057
0 -84.863595
33.076784
0 -84.863437
33.03772
0 -84.863383
33.035838
0 -84.864107
32.995612
0 -84.864145
32.979726
0 -84.864597
32.977279
0 -84.864188
32.972991
0 -84.864465
32.970143
0 -84.864624
32.968497
0 