-72.078666
43.33859
0 -72.090028
43.322567
0 -72.065429
43.255044
0 -72.0454
43.254782
0 -72.041538
43.222745
0 -72.029083
43.209748
0 -72.008995
43.187874
0 -71.999527
43.190091
0 -71.961792
43.197551
0 -71.913255
43.207263
0 -71.908676
43.200343
0 -71.874949
43.145738
0 -71.861756
43.12405
0 -71.856029
43.115383
0 -71.809658
43.124485
0 -71.761576
43.13354
0 -71.749302
43.135952
0 -71.735481
43.139203
0 -71.733116
43.139372
0 -71.707407
43.144267
0 -71.700663
43.146168
0 -71.667826
43.152588
0 -71.65255
43.09732
0 -71.641252
43.054173
0 -71.601237
43.058814
0 -71.546842
43.065122
0 -71.543827
43.06562
0 -71.518521
43.068914
0 -71.516267
43.061809
0 -71.512713
43.048283
0 -71.488828
43.051474
0 -71.486326
43.048295
0 -71.483096
43.041043
0 -71.480362
43.039153
0 -71.4798
43.038835
0 -71.476406
43.037876
0 -71.475696
43.03749
0 -71.473412
43.035083
0 -71.457812
43.042283
0 -71.454711
43.044183
0 -71.454378
43.043219
0 -71.454311
43.042683
0 -71.453408
43.038469
0 -71.451815
43.031292
0 -71.450683
43.024538
0 -71.45004
43.020489
0 -71.447188
43.019959
0 -71.440987
43.018837
0 -71.44023
43.018707
0 -71.43599
43.017903
0 -71.427766
43.016303
0 -71.41211
43.013384
0 -71.396884
43.010098
0 -71.392708
43.009183
0 -71.39221
43.008984
0 -71.403574
43.041315
0 -71.39367
43.038403
0 -71.392246
43.040611
0 -71.373117
43.070957
0 -71.359766
43.095763
0 -71.356182
43.101971
0 -71.329999
43.139649
0 -71.319493
43.158958
0 -71.317752
43.162556
0 -71.317489
43.162528
0 -71.315353
43.162302
0 -71.284506
43.21296
0 -71.280985
43.218538
0 -71.278908
43.221931
0 -71.276347
43.226127
0 -71.273206
43.231328
0 -71.266017
43.244455
0 -71.26164
43.251369
0 -71.254507
43.262629
0 -71.25319
43.26388
0 -71.249509
43.270783
0 -71.247215
43.274201
0 -71.235828
43.284717
0 -71.247694
43.291752
0 -71.249509
43.29258
0 -71.299862
43.320935
0 -71.30514
43.323779
0 -71.325742
43.33504
0 -71.330078
43.337122
0 -71.346983
43.346573
0 -71.349841
43.348211
0 -71.373281
43.360691
0 -71.374505
43.360904
0 -71.383186
43.365738
0 -71.453217
43.40205
0 -71.461537
43.406542
0 -71.467375
43.409391
0 -71.46913
43.410488
0 -71.535888
43.445787
0 -71.544678
43.450709
0 -71.546975
43.452586
0 -71.54828
43.452398
0 -71.556971
43.455239
0 -71.559378
43.455546
0 -71.561336
43.45475
0 -71.562456
43.451965
0 -71.563433
43.451287
0 -71.5678
43.452622
0 -71.57002
43.452065
0 -71.575114
43.446647
0 -71.580164
43.444264
0 -71.58551
43.444336
0 -71.588542
43.441716
0 -71.591311
43.442543
0 -71.591914
43.443029
0 -71.592929
43.443258
0 -71.595644
43.440351
0 -71.595063
43.438115
0 -71.597869
43.437486
0 -71.598811
43.435977
0 -71.600977
43.435018
0 -71.601408
43.43698
0 -71.603212
43.440054
0 -71.606694
43.440948
0 -71.611515
43.438947
0 -71.612269
43.437891
0 -71.614131
43.43986
0 -71.614693
43.44268
0 -71.617573
43.444025
0 -71.619575
43.443975
0 -71.621136
43.447058
0 -71.627581
43.458711
0 -71.624976
43.460462
0 -71.628811
43.468405
0 -71.624895
43.469513
0 -71.629054
43.478756
0 -71.63187
43.477911
0 -71.638686
43.492715
0 -71.653013
43.488896
0 -71.653267
43.488825
0 -71.653772
43.491557
0 -71.661875
43.495793
0 -71.665509
43.496603
0 -71.66935
43.497003
0 -71.672712
43.499613
0 -71.675939
43.500227
0 -71.678605
43.503013
0 -71.680027
43.506371
0 -71.684002
43.510545
0 -71.688361
43.513142
0 -71.689271
43.514747
0 -71.69072
43.515708
0 -71.690664
43.518337
0 -71.689423
43.520504
0 -71.688697
43.523006
0 -71.68666
43.526342
0 -71.686898
43.527913
0 -71.689314
43.530295
0 -71.703086
43.537051
0 -71.706127
43.538182
0 -71.707925
43.539218
0 -71.709851
43.542018
0 -71.710214
43.54495
0 -71.714098
43.550991
0 -71.718291
43.552326
0 -71.720682
43.552632
0 -71.721714
43.553799
0 -71.725178
43.556033
0 -71.727979
43.559507
0 -71.728703
43.56172
0 -71.72775
43.563524
0 -71.72952
43.563651
0 -71.730295
43.565077
0 -71.728522
43.56549
0 -71.730524
43.567656
0 -71.733731
43.567627
0 -71.735752
43.569327
0 -71.741618
43.568568
0 -71.743146
43.568019
0 -71.743087
43.566085
0 -71.74484
43.565219
0 -71.746653
43.566686
0 -71.749484
43.567644
0 -71.755581
43.565507
0 -71.757112
43.566524
0 -71.76057
43.567722
0 -71.777758
43.553187
0 -71.781202
43.559459
0 -71.782504
43.560647
0 -71.785542
43.561618
0 -71.78658
43.561425
0 -71.790083
43.558965
0 -71.793375
43.558413
0 -71.797572
43.559498
0 -71.799556
43.558414
0 -71.801321
43.556786
0 -71.802211
43.554144
0 -71.803858
43.552887
0 -71.807498
43.553088
0 -71.808987
43.552359
0 -71.810171
43.550835
0 -71.814925
43.551076
0 -71.817212
43.54931
0 -71.818085
43.547944
0 -71.816348
43.546904
0 -71.816853
43.545312
0 -71.81794
43.544618
0 -71.849503
43.611313
0 -71.864053
43.599442
0 -71.867833
43.596303
0 -71.89221
43.5746
0 -71.905768
43.560056
0 -71.930959
43.533013
0 -71.93522
43.528449
0 -71.960259
43.501629
0 -71.962471
43.500073
0 -71.966205
43.495345
0 -71.991753
43.466245
0 -71.999912
43.457016
0 -72.00927
43.440642
0 -72.011346
43.436992
0 -72.053802
43.441078
0 -72.057983
43.42294
0 -72.057429
43.422106
0 -72.047762
43.413101
0 -72.047117
43.411975
0 -72.046769
43.41029
0 -72.048344
43.393066
0 -72.048249
43.391542
0 -72.04872
43.385695
0 -72.049829
43.380265
0 -72.050519
43.377904
0 -72.050953
43.377043
0 -72.078666
43.33859
0 