-77.913929
40.400115
0 -77.913844
40.398679
0 -77.889116
40.398965
0 -77.889073
40.398559
0 -77.889107
40.392185
0 -77.888574
40.392177
0 -77.88809
40.392241
0 -77.887731
40.391705
0 -77.887717
40.391358
0 -77.88357
40.392422
0 -77.879835
40.392908
0 -77.877701
40.39355
0 -77.873095
40.393216
0 -77.870289
40.392261
0 -77.87003
40.39018
0 -77.872533
40.38557
0 -77.872762
40.381928
0 -77.872089
40.380375
0 -77.869528
40.376605
0 -77.867582
40.374078
0 -77.865918
40.37229
0 -77.861203
40.369842
0 -77.85859
40.366029
0 -77.854447
40.364739
0 -77.851382
40.365246
0 -77.844643
40.368946
0 -77.838343
40.36903
0 -77.83378
40.366891
0 -77.829837
40.363895
0 -77.823729
40.361438
0 -77.820487
40.360577
0 -77.818636
40.360542
0 -77.814698
40.362489
0 -77.810393
40.368591
0 -77.76172
40.368733
0 -77.756631
40.373809
0 -77.756359
40.374592
0 -77.75212
40.378545
0 -77.746766
40.384661
0 -77.74365
40.387814
0 -77.740216
40.390742
0 -77.738201
40.39331
0 -77.721861
40.408542
0 -77.721002
40.409045
0 -77.720636
40.409618
0 -77.711896
40.41626
0 -77.710745
40.417593
0 -77.706236
40.420733
0 -77.702495
40.423766
0 -77.696169
40.428022
0 -77.684583
40.437023
0 -77.680117
40.440887
0 -77.677011
40.443168
0 -77.671178
40.447939
0 -77.667338
40.450842
0 -77.661977
40.455541
0 -77.634174
40.477346
0 -77.628511
40.481298
0 -77.625958
40.482956
0 -77.612459
40.490919
0 -77.612509
40.514187
0 -77.611315
40.515017
0 -77.602689
40.520311
0 -77.596231
40.524689
0 -77.594094
40.525785
0 -77.588621
40.529264
0 -77.5797
40.534253
0 -77.574046
40.537794
0 -77.566648
40.541805
0 -77.559613
40.545018
0 -77.548837
40.550651
0 -77.548136
40.551358
0 -77.536565
40.557228
0 -77.532456
40.559476
0 -77.528227
40.562287
0 -77.526312
40.563005
0 -77.521964
40.566227
0 -77.520504
40.566688
0 -77.518001
40.568588
0 -77.516022
40.569305
0 -77.512735
40.573063
0 -77.510384
40.574133
0 -77.50628
40.576929
0 -77.502139
40.57887
0 -77.497506
40.58174
0 -77.497649
40.596907
0 -77.49776
40.609484
0 -77.49494
40.61108
0 -77.493681
40.612304
0 -77.489157
40.615224
0 -77.486415
40.615899
0 -77.484324
40.617741
0 -77.480828
40.619533
0 -77.478223
40.620345
0 -77.473643
40.622836
0 -77.471449
40.623452
0 -77.468999
40.624746
0 -77.45969
40.62896
0 -77.452035
40.632812
0 -77.448045
40.6344
0 -77.442505
40.637103
0 -77.439332
40.638187
0 -77.432038
40.641545
0 -77.425726
40.644106
0 -77.423863
40.644464
0 -77.42006
40.64593
0 -77.417082
40.647535
0 -77.412967
40.649316
0 -77.407941
40.651982
0 -77.395072
40.657256
0 -77.387345
40.660074
0 -77.384058
40.661635
0 -77.3742
40.664967
0 -77.368273
40.667593
0 -77.363647
40.668722
0 -77.36069
40.669991
0 -77.357356
40.671116
0 -77.355966
40.671981
0 -77.34966
40.674132
0 -77.344305
40.675499
0 -77.323053
40.683082
0 -77.319377
40.68387
0 -77.308882
40.687225
0 -77.307229
40.688029
0 -77.287941
40.693595
0 -77.303509
40.695424
0 -77.339653
40.699885
0 -77.354097
40.701667
0 -77.354266
40.709654
0 -77.355327
40.759414
0 -77.356628
40.807334
0 -77.357113
40.844484
0 -77.361907
40.846554
0 -77.36418
40.846937
0 -77.36775
40.846896
0 -77.377769
40.844393
0 -77.413857
40.833073
0 -77.438467
40.824027
0 -77.509597
40.794575
0 -77.51134
40.793856
0 -77.552767
40.777493
0 -77.571938
40.769333
0 -77.593355
40.761247
0 -77.652574
40.744921
0 -77.661988
40.737742
0 -77.667819
40.735335
0 -77.681334
40.729758
0 -77.676611
40.716452
0 -77.682476
40.713259
0 -77.686926
40.711738
0 -77.70117
40.704982
0 -77.699239
40.698065
0 -77.700629
40.696641
0 -77.700474
40.694852
0 -77.703066
40.69268
0 -77.707837
40.691451
0 -77.708356
40.690488
0 -77.703787
40.679936
0 -77.699629
40.681097
0 -77.694451
40.682025
0 -77.689778
40.683754
0 -77.686938
40.684095
0 -77.685346
40.684904
0 -77.682275
40.685122
0 -77.682708
40.682717
0 -77.68708
40.67675
0 -77.690614
40.675036
0 -77.698488
40.669815
0 -77.710846
40.662003
0 -77.715353
40.659926
0 -77.720737
40.657968
0 -77.720434
40.654575
0 -77.728193
40.648573
0 -77.731454
40.646519
0 -77.735142
40.644741
0 -77.743681
40.638599
0 -77.75162
40.6323
0 -77.758501
40.629832
0 -77.77248
40.625932
0 -77.777057
40.621677
0 -77.779853
40.619655
0 -77.781835
40.617569
0 -77.787734
40.612082
0 -77.792116
40.608392
0 -77.795922
40.604451
0 -77.799127
40.602283
0 -77.801329
40.599569
0 -77.809675
40.59089
0 -77.811561
40.589182
0 -77.814911
40.58508
0 -77.817115
40.582892
0 -77.81944
40.580084
0 -77.821
40.57964
0 -77.822157
40.576973
0 -77.823758
40.575482
0 -77.830114
40.566902
0 -77.832545
40.562534
0 -77.837512
40.555788
0 -77.838724
40.554547
0 -77.841827
40.550035
0 -77.816757
40.500555
0 -77.815996
40.499729
0 -77.818602
40.498169
0 -77.825866
40.492816
0 -77.828245
40.491558
0 -77.832329
40.487013
0 -77.835874
40.484232
0 -77.837436
40.481715
0 -77.838303
40.481142
0 -77.844137
40.473447
0 -77.848675
40.468897
0 -77.855255
40.461089
0 -77.859146
40.457675
0 -77.860918
40.455171
0 -77.864839
40.451184
0 -77.870182
40.445244
0 -77.874719
40.441529
0 -77.87587
40.439999
0 -77.880034
40.436506
0 -77.885411
40.430822
0 -77.888746
40.42866
0 -77.890123
40.427269
0 -77.892904
40.422559
0 -77.894922
40.420222
0 -77.896549
40.417547
0 -77.901479
40.416008
0 -77.905776
40.414386
0 -77.90805
40.414018
0 -77.912185
40.408748
0 -77.9126
40.404754
0 -77.913929
40.400115
0 