-92.693713
38.260812
0 -92.695886
38.222031
0 -92.691787
38.221031
0 -92.685887
38.218931
0 -92.684386
38.218031
0 -92.679586
38.214331
0 -92.675586
38.212831
0 -92.657586
38.212632
0 -92.652413
38.211751
0 -92.648257
38.211664
0 -92.645786
38.211932
0 -92.642485
38.212832
0 -92.640085
38.213032
0 -92.640459
38.201244
0 -92.640934
38.185898
0 -92.64094
38.185715
0 -92.641314
38.171631
0 -92.630161
38.171391
0 -92.627175
38.171326
0 -92.624557
38.171267
0 -92.615915
38.171033
0 -92.605039
38.170742
0 -92.604684
38.170733
0 -92.60482
38.162808
0 -92.605024
38.154269
0 -92.605087
38.150889
0 -92.605159
38.147027
0 -92.605219
38.143278
0 -92.605302
38.139894
0 -92.596374
38.139787
0 -92.596551
38.132529
0 -92.596944
38.127066
0 -92.596761
38.110754
0 -92.587688
38.110636
0 -92.587982
38.096134
0 -92.585516
38.096294
0 -92.579144
38.096037
0 -92.569682
38.095934
0 -92.570227
38.069272
0 -92.570281
38.066635
0 -92.563992
38.066527
0 -92.552081
38.066335
0 -92.552381
38.052145
0 -92.547881
38.052139
0 -92.533554
38.051808
0 -92.533895
38.037467
0 -92.51558
38.036936
0 -92.515979
38.022336
0 -92.461305
38.021851
0 -92.406275
38.021179
0 -92.404535
38.021145
0 -92.390076
38.020437
0 -92.379449
38.020231
0 -92.377349
38.020647
0 -92.365937
38.020632
0 -92.365625
38.02017
0 -92.363322
38.019982
0 -92.295665
38.018938
0 -92.295673
38.018436
0 -92.272452
38.017933
0 -92.223288
38.016988
0 -92.18537
38.016338
0 -92.185305
38.018661
0 -92.185017
38.02012
0 -92.182187
38.131521
0 -92.18179
38.148951
0 -92.18154
38.15148
0 -92.181416
38.161004
0 -92.181372
38.161238
0 -92.197773
38.161538
0 -92.19735
38.189318
0 -92.197082
38.206885
0 -92.197017
38.221385
0 -92.196659
38.224483
0 -92.196458
38.247831
0 -92.196326
38.255648
0 -92.195873
38.281038
0 -92.19574
38.288572
0 -92.195675
38.292237
0 -92.195222
38.308919
0 -92.194476
38.335536
0 -92.224678
38.335733
0 -92.226076
38.332934
0 -92.228244
38.330926
0 -92.232974
38.327748
0 -92.237109
38.32628
0 -92.246116
38.323757
0 -92.247778
38.322935
0 -92.250178
38.322713
0 -92.259278
38.325235
0 -92.268478
38.328335
0 -92.272879
38.330534
0 -92.276079
38.332534
0 -92.278479
38.334434
0 -92.281479
38.336234
0 -92.284479
38.337534
0 -92.288779
38.338834
0 -92.294179
38.339434
0 -92.29768
38.339234
0 -92.302628
38.336617
0 -92.328962
38.337299
0 -92.394297
38.340622
0 -92.408407
38.341344
0 -92.406397
38.375487
0 -92.404152
38.413876
0 -92.403484
38.425331
0 -92.406243
38.425406
0 -92.481598
38.42746
0 -92.495185
38.427829
0 -92.500191
38.427728
0 -92.513962
38.428118
0 -92.531857
38.428548
0 -92.541611
38.428806
0 -92.546029
38.428926
0 -92.606733
38.430371
0 -92.611566
38.430476
0 -92.623987
38.430637
0 -92.625189
38.430778
0 -92.63019
38.430958
0 -92.630457
38.427114
0 -92.633756
38.348082
0 -92.689834
38.348472
0 -92.689912
38.345821
0 -92.693083
38.273961
0 -92.693713
38.260812
0 