-85.338404
44.425376
0 -85.338015
44.403844
0 -85.337759
44.386345
0 -85.337591
44.384909
0 -85.337739
44.384227
0 -85.337092
44.339254
0 -85.336606
44.311094
0 -85.336232
44.2995
0 -85.336198
44.281263
0 -85.336113
44.252444
0 -85.335737
44.228132
0 -85.33586
44.226683
0 -85.335367
44.208421
0 -85.335087
44.196944
0 -85.334777
44.165118
0 -85.334
44.164831
0 -85.325969
44.164802
0 -85.307386
44.164849
0 -85.304052
44.16483
0 -85.297984
44.16486
0 -85.297679
44.164827
0 -85.213504
44.164892
0 -85.20647
44.1649
0 -85.150489
44.164555
0 -85.147597
44.164494
0 -85.143873
44.164492
0 -85.112629
44.164505
0 -85.106476
44.164453
0 -85.100395
44.164412
0 -85.092765
44.164302
0 -85.092083
44.164307
0 -85.08704
44.164239
0 -85.073622
44.164008
0 -85.057952
44.163705
0 -85.021022
44.163186
0 -85.01748
44.163241
0 -84.972504
44.162475
0 -84.967927
44.162409
0 -84.952179
44.162091
0 -84.921776
44.161763
0 -84.910216
44.161904
0 -84.890063
44.161252
0 -84.878931
44.161404
0 -84.877202
44.161635
0 -84.851705
44.161375
0 -84.853163
44.248767
0 -84.852863
44.270753
0 -84.852672
44.274398
0 -84.852881
44.274957
0 -84.853218
44.284508
0 -84.852857
44.291433
0 -84.854332
44.335756
0 -84.854865
44.359098
0 -84.854731
44.359581
0 -84.855105
44.361556
0 -84.855795
44.421984
0 -84.851295
44.502468
0 -84.851363
44.503259
0 -84.850929
44.511069
0 -85.005537
44.51047
0 -85.006835
44.510391
0 -85.092947
44.510461
0 -85.112339
44.511044
0 -85.126784
44.510886
0 -85.133787
44.511022
0 -85.154669
44.511133
0 -85.161509
44.511183
0 -85.2071
44.511177
0 -85.213226
44.511412
0 -85.2287
44.51142
0 -85.244972
44.511913
0 -85.304779
44.512194
0 -85.334
44.512303
0 -85.335066
44.476654
0 -85.338404
44.425376
0 