-101.181821
32.18688
0 -101.183997
32.087208
0 -101.138984
32.087012
0 -100.997512
32.086706
0 -100.99439
32.086865
0 -100.973807
32.086782
0 -100.972005
32.086691
0 -100.954494
32.086645
0 -100.95153
32.086741
0 -100.862291
32.086509
0 -100.858628
32.086689
0 -100.821594
32.08661
0 -100.790833
32.086573
0 -100.750385
32.086255
0 -100.73726
32.085521
0 -100.665353
32.085407
0 -100.664838
32.123872
0 -100.664125
32.12513
0 -100.663943
32.155181
0 -100.66411
32.158446
0 -100.662076
32.388022
0 -100.660832
32.485208
0 -100.660626
32.525312
0 -100.697858
32.52527
0 -100.783395
32.525427
0 -100.800619
32.525556
0 -100.817834
32.525679
0 -100.904192
32.526449
0 -100.922325
32.526692
0 -100.926882
32.526753
0 -100.927061
32.526753
0 -100.937129
32.526889
0 -100.946798
32.527018
0 -100.96935
32.52732
0 -100.985224
32.527535
0 -100.998913
32.52772
0 -101.000395
32.52786
0 -101.034427
32.527928
0 -101.170007
32.527736
0 -101.170746
32.527731
0 -101.174562
32.527703
0 -101.174571
32.524112
0 -101.174579
32.511462
0 -101.174697
32.493291
0 -101.17509
32.480466
0 -101.181381
32.212522
0 -101.181652
32.195313
0 -101.181821
32.18688
0 