-80.421388
39.721189
0 -80.42224
39.719857
0 -80.419965
39.715898
0 -80.420563
39.714082
0 -80.419668
39.712655
0 -80.417128
39.712585
0 -80.414281
39.71162
0 -80.412468
39.712897
0 -80.411622
39.715432
0 -80.407408
39.717752
0 -80.405222
39.714995
0 -80.406742
39.713234
0 -80.404876
39.709501
0 -80.404671
39.707887
0 -80.403207
39.707269
0 -80.403565
39.702824
0 -80.406808
39.700339
0 -80.405699
39.697001
0 -80.406035
39.695225
0 -80.4052
39.692934
0 -80.403206
39.691144
0 -80.399752
39.690162
0 -80.39731
39.686185
0 -80.3973
39.684127
0 -80.395725
39.682176
0 -80.395248
39.680506
0 -80.39577
39.677798
0 -80.398642
39.677558
0 -80.400914
39.67488
0 -80.400769
39.673755
0 -80.398324
39.670326
0 -80.399951
39.668084
0 -80.402562
39.667928
0 -80.402996
39.666815
0 -80.401925
39.66507
0 -80.400707
39.661469
0 -80.399261
39.6603
0 -80.400621
39.658306
0 -80.401497
39.655499
0 -80.398618
39.653516
0 -80.396539
39.653727
0 -80.394824
39.653051
0 -80.394123
39.649986
0 -80.392345
39.649294
0 -80.389704
39.644198
0 -80.39134
39.643341
0 -80.395391
39.638899
0 -80.39581
39.637347
0 -80.39323
39.635908
0 -80.390428
39.635118
0 -80.389942
39.633257
0 -80.385294
39.632624
0 -80.382763
39.634054
0 -80.37875
39.63313
0 -80.377274
39.632002
0 -80.374802
39.63152
0 -80.373369
39.632444
0 -80.3677
39.633563
0 -80.36673
39.631778
0 -80.363535
39.627079
0 -80.360232
39.625979
0 -80.35941
39.623613
0 -80.360561
39.621005
0 -80.357469
39.620143
0 -80.355563
39.61782
0 -80.352192
39.617693
0 -80.352311
39.615674
0 -80.351138
39.613802
0 -80.347953
39.613069
0 -80.347654
39.61185
0 -80.342356
39.612951
0 -80.339062
39.611227
0 -80.336517
39.612011
0 -80.334044
39.612125
0 -80.330381
39.614813
0 -80.327922
39.611851
0 -80.324532
39.612652
0 -80.323044
39.610925
0 -80.320709
39.610926
0 -80.31833
39.611661
0 -80.312894
39.611775
0 -80.30865
39.611528
0 -80.270212
39.611267
0 -80.26911
39.611446
0 -80.246271
39.610965
0 -80.197893
39.610839
0 -80.171455
39.610529
0 -80.153532
39.610426
0 -80.153242
39.606458
0 -80.148324
39.607201
0 -80.146198
39.606594
0 -80.144981
39.604689
0 -80.144407
39.603373
0 -80.144765
39.600565
0 -80.142242
39.596264
0 -80.138308
39.596643
0 -80.133278
39.594624
0 -80.13454
39.590709
0 -80.135426
39.589392
0 -80.135
39.587458
0 -80.13152
39.58625
0 -80.130966
39.583249
0 -80.128283
39.582475
0 -80.126216
39.579494
0 -80.122519
39.580441
0 -80.120413
39.57932
0 -80.119845
39.577939
0 -80.118024
39.577137
0 -80.115371
39.578609
0 -80.110721
39.576844
0 -80.11157
39.573836
0 -80.111011
39.571743
0 -80.106673
39.570815
0 -80.103519
39.569566
0 -80.103867
39.567066
0 -80.096316
39.562664
0 -80.086595
39.555572
0 -80.080944
39.550943
0 -80.080722
39.550769
0 -80.079874
39.55031
0 -80.043233
39.522944
0 -80.041746
39.519892
0 -80.041678
39.51973
0 -80.039498
39.517907
0 -80.038817
39.516187
0 -80.042327
39.516034
0 -80.043008
39.516512
0 -80.045837
39.51654
0 -80.047068
39.514208
0 -80.043399
39.512069
0 -80.042208
39.509713
0 -80.040323
39.508674
0 -80.039217
39.507323
0 -80.034191
39.505312
0 -80.032031
39.505502
0 -80.028582
39.506002
0 -80.027463
39.504815
0 -80.025109
39.50471
0 -80.023089
39.503644
0 -80.021415
39.503962
0 -80.020676
39.503366
0 -80.018593
39.5035
0 -80.016099
39.502274
0 -80.015511
39.501538
0 -80.017474
39.498532
0 -80.016617
39.497247
0 -80.017562
39.494485
0 -80.014997
39.492836
0 -80.012382
39.492351
0 -80.011185
39.490879
0 -80.011931
39.488457
0 -80.011903
39.48771
0 -80.010749
39.487111
0 -80.005692
39.48749
0 -80.004299
39.485603
0 -80.00096
39.487068
0 -79.99659
39.487202
0 -79.993682
39.484572
0 -79.99283
39.483337
0 -79.990115
39.482201
0 -79.990864
39.479537
0 -79.990304
39.478944
0 -79.985796
39.477826
0 -79.983229
39.476877
0 -79.98191
39.475257
0 -79.978614
39.474303
0 -79.976054
39.471343
0 -79.97667
39.469656
0 -79.976223
39.468097
0 -79.970815
39.466588
0 -79.968306
39.464227
0 -79.967959
39.462978
0 -79.938988
39.452509
0 -79.938878
39.452465
0 -79.894688
39.435588
0 -79.89974
39.481945
0 -79.89774
39.484059
0 -79.896817
39.485653
0 -79.881707
39.504811
0 -79.860843
39.53166
0 -79.849689
39.545998
0 -79.832709
39.567822
0 -79.8174
39.587527
0 -79.812106
39.59435
0 -79.794021
39.617663
0 -79.793919
39.617794
0 -79.789277
39.623781
0 -79.789177
39.625081
0 -79.78537
39.657287
0 -79.785002
39.657971
0 -79.763773
39.696867
0 -79.763774
39.720776
0 -79.808108502758
39.720744662923
0 -79.852904
39.720713
0 -79.853131
39.720713
0 -79.8536939925397
39.7207146095175
0 -79.8573819400102
39.7207251528471
0 -79.8580319370733
39.7207270110985
0 -79.9086406663868
39.7208716944272
0 -79.9161705658965
39.7208932213641
0 -79.9162796668476
39.7208935332686
0 -80.0417021197902
39.7212520986433
0 -80.0612988593956
39.7213081230003
0 -80.0616020514887
39.7213089897844
0 -80.0621570641057
39.7213105764884
0 -80.075947
39.72135
0 -80.084830251184
39.7213474423395
0 -80.174365860624
39.721321663299
0 -80.1851570352863
39.7213185563103
0 -80.2059800335602
39.7213125609648
0 -80.2218090273533
39.7213080034901
0 -80.2413070530893
39.7213023896299
0 -80.2435608055095
39.7213017407308
0 -80.2697370384492
39.7212942040851
0 -80.2744770586893
39.7212928393412
0 -80.2937785675821
39.7212872820621
0 -80.308651
39.721283
0 -80.309457
39.721264
0 -80.403360976601
39.721201079109
0 -80.421388
39.721189
0 