-121.977604
36.581507
0 -121.978714
36.581488
0 -121.975684
36.577037
0 -121.974951167154
36.5765355612865
0 -121.972802
36.575065
0 -121.972733406714
36.5748693085136
0 -121.972176515224
36.5732805389766
0 -121.971007
36.569944
0 -121.965285
36.568663
0 -121.963086506135
36.5671468106682
0 -121.953914
36.560821
0 -121.953572792312
36.5612642641038
0 -121.95146
36.564009
0 -121.949659
36.567602
0 -121.942533
36.566435
0 -121.932508
36.559935
0 -121.932047809452
36.5575010347722
0 -121.931927305254
36.5568636835067
0 -121.929972
36.546522
0 -121.931998407773
36.5455452259161
0 -121.932701892228
36.5452061306002
0 -121.933532
36.544806
0 -121.932327
36.539791
0 -121.931832220925
36.5395090337963
0 -121.928907
36.537842
0 -121.926522092501
36.5276688036687
0 -121.925937
36.525173
0 -121.928769
36.523147
0 -121.93722
36.52309
0 -121.937579
36.521084
0 -121.937057
36.519508
0 -121.938527
36.518826
0 -121.940618
36.519482
0 -121.940063
36.520743
0 -121.941795
36.521583
0 -121.942252
36.520638
0 -121.94467
36.520716
0 -121.944801
36.521924
0 -121.945878
36.523132
0 -121.94833
36.523227
0 -121.948232
36.522239
0 -121.949245
36.521452
0 -121.95016
36.521215
0 -121.950748
36.522502
0 -121.951565
36.523395
0 -121.952741
36.524183
0 -121.95358
36.523759
0 -121.954375
36.523369
0 -121.954734
36.522686
0 -121.954146
36.521452
0 -121.953199
36.520716
0 -121.951728
36.520716
0 -121.951271
36.519824
0 -121.951728
36.519036
0 -121.952512
36.519009
0 -121.953362
36.519613
0 -121.954016
36.519403
0 -121.954473
36.518904
0 -121.954375
36.518274
0 -121.953884
36.517757
0 -121.951070997848
36.5161156686443
0 -121.950430496214
36.5157419485548
0 -121.947932824649
36.5142846063867
0 -121.943678
36.511802
0 -121.942441
36.51188
0 -121.942072
36.511287
0 -121.941897
36.510115
0 -121.942406
36.509875
0 -121.942318
36.509197
0 -121.942318
36.508547
0 -121.942266
36.507742
0 -121.942266
36.506739
0 -121.941563
36.506415
0 -121.94035
36.506612
0 -121.939507
36.506556
0 -121.938763
36.506423
0 -121.938964
36.502197
0 -121.940203
36.501621
0 -121.940031
36.4999
0 -121.938958
36.499143
0 -121.938148
36.498967
0 -121.936812
36.498598
0 -121.937053
36.497964
0 -121.93898
36.497418
0 -121.939216
36.496896
0 -121.946192
36.490851
0 -121.943885
36.488214
0 -121.942044
36.489514
0 -121.942040607951
36.4894841132955
0 -121.941616671385
36.4857488884197
0 -121.9416
36.485602
0 -121.938393
36.481388
0 -121.937205
36.472488
0 -121.93677336877
36.4718032076703
0 -121.934905
36.468839
0 -121.931639141962
36.4675299118169
0 -121.929908
36.466836
0 -121.926066
36.458932
0 -121.9255
36.453918
0 -121.929808
36.453483
0 -121.929939590313
36.4523389652606
0 -121.930383
36.448484
0 -121.929238909692
36.4478837752816
0 -121.928759
36.447632
0 -121.9283
36.448467
0 -121.927007
36.448444
0 -121.926908
36.447781
0 -121.926936
36.446684
0 -121.919501
36.433933
0 -121.919375463544
36.4328423125389
0 -121.918975
36.429363
0 -121.916568033921
36.42738911731
0 -121.91474
36.42589
0 -121.916874467112
36.4172039808785
0 -121.917463
36.414809
0 -121.915885
36.413276
0 -121.915133
36.412279
0 -121.916814
36.411923
0 -121.91717857216
36.4111426876574
0 -121.917213
36.411069
0 -121.915928
36.40957
0 -121.915309
36.407484
0 -121.913560127808
36.4069060190684
0 -121.912849
36.406671
0 -121.913372
36.404941
0 -121.915057
36.403211
0 -121.91343
36.401714
0 -121.911576
36.400611
0 -121.905657
36.398206
0 -121.903195
36.393603
0 -121.905321
36.390306
0 -121.904018
36.387778
0 -121.902158
36.386421
0 -121.903088
36.384878
0 -121.902507
36.382867
0 -121.901813
36.381879
0 -121.905099
36.378171
0 -121.906585741286
36.3745767831618
0 -121.907166
36.373174
0 -121.903401
36.371394
0 -121.902669
36.363901
0 -121.905338
36.362794
0 -121.905376048199
36.3614195088192
0 -121.905378
36.361349
0 -121.904254
36.360369
0 -121.905893
36.359464
0 -121.90739
36.357391
0 -121.907093140766
36.3568529426386
0 -121.90675
36.356231
0 -121.906352559153
36.3557769583818
0 -121.896639176217
36.3446802627597
0 -121.892917
36.340428
0 -121.893559
36.332347
0 -121.894386072394
36.3310995412022
0 -121.897
36.327157
0 -121.895596
36.325196
0 -121.896119832747
36.3236693032453
0 -121.896123544306
36.323658486002
0 -121.896204
36.323424
0 -121.894714
36.317806
0 -121.899434
36.307698
0 -121.902897
36.307585
0 -121.902800217677
36.306890241185
0 -121.902729
36.306379
0 -121.899642
36.302674
0 -121.89676
36.304938
0 -121.888491
36.30281
0 -121.882324247427
36.296619830519
0 -121.8791383476
36.2934218329279
0 -121.876769745137
36.2910442362095
0 -121.874797
36.289064
0 -121.874400078657
36.2888687177223
0 -121.866789121829
36.2851241849251
0 -121.865868
36.284671
0 -121.86355
36.281393
0 -121.858141
36.281048
0 -121.853535111755
36.2786480741036
0 -121.851967
36.277831
0 -121.850134582378
36.2753107540625
0 -121.840935686063
36.2626588995996
0 -121.83935
36.260478
0 -121.838888094802
36.2592173162487
0 -121.835785
36.250748
0 -121.838287
36.249246
0 -121.837440527926
36.2489758313747
0 -121.833423514709
36.2476937206332
0 -121.833274
36.247646
0 -121.829723
36.24714
0 -121.829400524133
36.2466237022627
0 -121.828189
36.244684
0 -121.827634
36.242255
0 -121.826425
36.242081912278
0 -121.823567055325
36.2416727517044
0 -121.821159
36.241328
0 -121.815311
36.237369
0 -121.815415
36.235348
0 -121.814338465505
36.2346352201711
0 -121.813734
36.234235
0 -121.806979
36.232907
0 -121.801327
36.234555
0 -121.797059
36.234211
0 -121.794373603652
36.2328071340657
0 -121.786906280349
36.2289033822739
0 -121.785842
36.228347
0 -121.779851
36.227407
0 -121.767258
36.220926
0 -121.764355614827
36.2186790288166
0 -121.7545
36.211049
0 -121.753676605743
36.2109670363899
0 -121.749899
36.210591
0 -121.749627135091
36.2104626818898
0 -121.73957773224
36.2057194423629
0 -121.717176
36.195146
0 -121.714406
36.191414
0 -121.713424495019
36.1906287466437
0 -121.707788722879
36.1861198454419
0 -121.702478
36.181871
0 -121.699772
36.176923
0 -121.686697
36.168177
0 -121.680145
36.165818
0 -121.677546
36.163301
0 -121.675756
36.163412
0 -121.675000036792
36.1622544788708
0 -121.674265
36.161129
0 -121.674573
36.160008
0 -121.654844289468
36.1412968580978
0 -121.654389825896
36.1408657583444
0 -121.652101759226
36.137689934493
0 -121.649531265964
36.1341221040966
0 -121.648932046161
36.1332903903323
0 -121.645011
36.127848
0 -121.63357550564
36.1178863109185
0 -121.633155
36.11752
0 -121.632997414975
36.1168714075058
0 -121.632283
36.113931
0 -121.631918361689
36.1133416201371
0 -121.63162
36.112859365897
0 -121.630594
36.111201
0 -121.630268494906
36.1108540759828
0 -121.62643
36.106763
0 -121.622009
36.099695
0 -121.618672
36.087767
0 -121.618253445698
36.0856119899303
0 -121.618134
36.084997
0 -121.613775155506
36.0806821150383
0 -121.61049898182
36.0774389732625
0 -121.606845
36.072065
0 -121.597648
36.068266
0 -121.592853
36.065062
0 -121.593591
36.057482
0 -121.592606779832
36.0566542994183
0 -121.589183
36.053775
0 -121.590395
36.050363
0 -121.589436
36.047684
0 -121.582103
36.040748
0 -121.574602
36.025156
0 -121.567555
36.019753
0 -121.56126
36.020624
0 -121.553716
36.019798
0 -121.551480997853
36.018997
0 -121.542022
36.015607
0 -121.54009256382
36.0153713828674
0 -121.531876
36.014368
0 -121.525989257798
36.0108396209409
0 -121.525806600411
36.0107301402678
0 -121.52449
36.009941
0 -121.51159
36.006598
0 -121.503112
36.000299
0 -121.502830101973
35.9996767834946
0 -121.497283
35.987433
0 -121.491874
35.982044
0 -121.491208341935
35.9806718574684
0 -121.4862
35.970348
0 -121.485733151552
35.9660148297125
0 -121.485274445602
35.9617572360522
0 -121.485011
35.959312
0 -121.48322346624
35.9537104422266
0 -121.481929
35.949654
0 -121.481550211289
35.9489423123483
0 -121.480485214639
35.9469413420353
0 -121.476670982518
35.9397747888982
0 -121.476225975575
35.9344012235277
0 -121.476016312281
35.931869489063
0 -121.47594
35.930948
0 -121.47018
35.928193
0 -121.468318
35.924301
0 -121.468372614637
35.9242262145137
0 -121.470633
35.921131
0 -121.470633795097
35.9211307827647
0 -121.474703
35.920019
0 -121.474460041073
35.9196155776538
0 -121.472734723129
35.916750764988
0 -121.471054
35.91396
0 -121.468603977042
35.9108840964068
0 -121.463452
35.904416
0 -121.464604
35.899126
0 -121.461227
35.896906
0 -121.462847
35.89319
0 -121.46189043301
35.8910375066722
0 -121.461748
35.890717
0 -121.46491
35.888457
0 -121.463021
35.887021
0 -121.462306650774
35.8862493371094
0 -121.458883
35.882551
0 -121.452753
35.880056
0 -121.439584
35.86695
0 -121.426955
35.860103
0 -121.417888
35.857715
0 -121.413146
35.855316
0 -121.4116364303
35.8527631249721
0 -121.40780764824
35.8462881658432
0 -121.406823
35.844623
0 -121.402383366795
35.8396227951009
0 -121.40175477398
35.8389148328155
0 -121.392000513138
35.8279289471355
0 -121.388053
35.823483
0 -121.382096542764
35.8198129730231
0 -121.374251
35.814979
0 -121.374779
35.812047
0 -121.37327397878
35.8118821249407
0 -121.369868
35.811509
0 -121.365017165065
35.808804117402
0 -121.356737
35.804187
0 -121.346362833935
35.7951826441526
0 -121.243778
35.794525
0 -121.185056
35.794161
0 -121.175695
35.794102
0 -121.125937
35.793941
0 -121.114454
35.79331
0 -121.00155
35.792669
0 -121.001022
35.792904
0 -120.959274
35.792559
0 -120.876014
35.791969
0 -120.864116
35.79174
0 -120.85444
35.791868
0 -120.751007
35.79132
0 -120.731376
35.791117
0 -120.721938
35.791113
0 -120.691613
35.79089
0 -120.658273
35.790861
0 -120.617235
35.790843
0 -120.585265
35.790853
0 -120.583789
35.790748
0 -120.583642
35.790725
0 -120.580101
35.790819
0 -120.515083
35.790269
0 -120.425644
35.789961
0 -120.404531
35.789968
0 -120.250979
35.788977
0 -120.244551
35.789458
0 -120.213979
35.789276
0 -120.215784
35.790052
0 -120.216118
35.791951
0 -120.214857
35.793611
0 -120.214846
35.795182
0 -120.216298
35.796773
0 -120.215598
35.798218
0 -120.216742
35.801389
0 -120.21784
35.802023
0 -120.216551
35.803642
0 -120.219023
35.805509
0 -120.219516
35.807098
0 -120.217959
35.810275
0 -120.218086
35.814297
0 -120.219906
35.818915
0 -120.220667
35.819542
0 -120.226979
35.821433
0 -120.229823
35.821012
0 -120.231166
35.823252
0 -120.234521
35.82326
0 -120.238915
35.825751
0 -120.242345
35.823423
0 -120.244534
35.823988
0 -120.246149
35.826394
0 -120.247472
35.82679
0 -120.249836
35.829936
0 -120.25026
35.833093
0 -120.251715
35.834415
0 -120.251563
35.835618
0 -120.254677
35.840996
0 -120.255088
35.84258
0 -120.257662
35.843474
0 -120.259182
35.845287
0 -120.258327
35.846327
0 -120.257801
35.84958
0 -120.256864
35.851299
0 -120.257497
35.851873
0 -120.254965
35.853321
0 -120.255909
35.855682
0 -120.254223
35.855912
0 -120.250978
35.857285
0 -120.248578
35.860176
0 -120.248615
35.861872
0 -120.245988
35.864135
0 -120.240815
35.86548
0 -120.240246
35.865928
0 -120.241313
35.867858
0 -120.244273
35.870362
0 -120.244368
35.87233
0 -120.245214
35.873119
0 -120.243468
35.875133
0 -120.243275
35.877669
0 -120.246217
35.879744
0 -120.247937
35.88267
0 -120.252649
35.887174
0 -120.256537
35.889053
0 -120.257403
35.890578
0 -120.262692
35.89609
0 -120.267858
35.898426
0 -120.270198
35.900796
0 -120.272386
35.901887
0 -120.274516
35.903893
0 -120.27576
35.905881
0 -120.278972
35.906932
0 -120.281977
35.906778
0 -120.283422
35.905917
0 -120.287401
35.90552
0 -120.288862
35.906153
0 -120.293137
35.906146
0 -120.295157
35.907543
0 -120.297584
35.907852
0 -120.300927
35.907532
0 -120.306288
35.908008
0 -120.312574
35.907894
0 -120.315068
35.907186
0 -120.318719
35.906914
0 -120.322916
35.907818
0 -120.324267
35.908838
0 -120.32599
35.913125
0 -120.329914
35.91351
0 -120.332289
35.915523
0 -120.332754
35.917046
0 -120.332087
35.918794
0 -120.336369
35.923108
0 -120.336852
35.925517
0 -120.335067
35.928414
0 -120.33634
35.929675
0 -120.337106
35.931699
0 -120.336962
35.935911
0 -120.335883
35.93709
0 -120.340249
35.938978
0 -120.343031
35.942105
0 -120.344186
35.942534
0 -120.345829
35.944852
0 -120.348294
35.944773
0 -120.349644
35.944063
0 -120.354514
35.946488
0 -120.356513
35.948057
0 -120.356381
35.949804
0 -120.357331
35.952117
0 -120.356994
35.953833
0 -120.35753
35.955549
0 -120.35879
35.956684
0 -120.359304
35.95833
0 -120.362492
35.959409
0 -120.36036
35.962406
0 -120.360402
35.964418
0 -120.362256
35.96519
0 -120.365587
35.965654
0 -120.368336
35.966476
0 -120.3717
35.966268
0 -120.384631
35.968592
0 -120.387647
35.968601
0 -120.388868
35.969259
0 -120.391009
35.967904
0 -120.394005
35.967873
0 -120.396605
35.970358
0 -120.400783
35.971574
0 -120.407229
35.974405
0 -120.408543
35.975962
0 -120.413256
35.974633
0 -120.417249
35.97489
0 -120.420409
35.973419
0 -120.422786
35.973749
0 -120.423934
35.972413
0 -120.425518
35.972227
0 -120.429644
35.970342
0 -120.431173
35.969252
0 -120.433053
35.968933
0 -120.43609
35.970741
0 -120.436943
35.973082
0 -120.437085
35.976173
0 -120.439662
35.979577
0 -120.443606
35.9809
0 -120.446753
35.983909
0 -120.449087
35.985112
0 -120.4497
35.988432
0 -120.454375
35.990223
0 -120.461074
35.993703
0 -120.463688
35.992778
0 -120.465994
35.993544
0 -120.467234
35.994621
0 -120.468609
35.994347
0 -120.470371
35.995765
0 -120.470552
35.997055
0 -120.472386
35.99693
0 -120.472886
35.99883
0 -120.475072
36.000384
0 -120.477391
36.000824
0 -120.477816
36.003283
0 -120.48045
36.005928
0 -120.478428
36.008792
0 -120.478698
36.010183
0 -120.480447
36.011296
0 -120.483047
36.012107
0 -120.486216
36.011178
0 -120.488513
36.013646
0 -120.488082
36.014637
0 -120.493446
36.017403
0 -120.495107
36.018632
0 -120.497013
36.01912
0 -120.497549
36.020177
0 -120.499797
36.020655
0 -120.500446
36.02223
0 -120.502257
36.022215
0 -120.502513
36.020585
0 -120.504863
36.020358
0 -120.504884
36.021406
0 -120.508343
36.021581
0 -120.507224
36.02326
0 -120.509227
36.02384
0 -120.510445
36.021999
0 -120.513331
36.023748
0 -120.513194
36.025676
0 -120.514571
36.025683
0 -120.517568
36.027544
0 -120.519411
36.027188
0 -120.519755
36.02371
0 -120.51896
36.022266
0 -120.520009
36.020885
0 -120.522599
36.023158
0 -120.526216
36.022776
0 -120.529796
36.024281
0 -120.529154
36.026638
0 -120.529801
36.028977
0 -120.528785
36.032803
0 -120.52727
36.03424
0 -120.526994
36.035709
0 -120.529401
36.034295
0 -120.530532
36.035383
0 -120.535549
36.035095
0 -120.53677
36.036208
0 -120.538515
36.035964
0 -120.540409
36.036664
0 -120.54174
36.038849
0 -120.54304
36.039816
0 -120.543588
36.041776
0 -120.543084
36.043285
0 -120.545408
36.046123
0 -120.54787
36.047363
0 -120.550706
36.047618
0 -120.551779
36.049521
0 -120.555727
36.05025
0 -120.559207
36.05002
0 -120.560567
36.051342
0 -120.563167
36.051823
0 -120.564557
36.052862
0 -120.566649
36.052932
0 -120.569439
36.055268
0 -120.572585
36.056918
0 -120.575366
36.059109
0 -120.57648
36.060713
0 -120.581324
36.062877
0 -120.584592
36.066189
0 -120.587608
36.066604
0 -120.588336
36.068959
0 -120.592011
36.071326
0 -120.592282
36.073714
0 -120.596029
36.077785
0 -120.595859
36.079566
0 -120.594719
36.080887
0 -120.594918
36.083237
0 -120.594035
36.085161
0 -120.5928
36.08561
0 -120.593173
36.08853
0 -120.589796
36.089605
0 -120.592311
36.091831
0 -120.595135
36.095465
0 -120.595735
36.096903
0 -120.598096
36.098841
0 -120.598068
36.099711
0 -120.600607
36.101587
0 -120.603992
36.1017
0 -120.608019
36.102697
0 -120.608159
36.100151
0 -120.610223
36.0987
0 -120.612362
36.099053
0 -120.611504
36.097013
0 -120.612265
36.095224
0 -120.61516
36.095161
0 -120.617749
36.096647
0 -120.619694
36.09666
0 -120.62381
36.097963
0 -120.625998
36.097079
0 -120.627666
36.099195
0 -120.632224
36.10183
0 -120.633602
36.103325
0 -120.635359
36.101012
0 -120.638353
36.101902
0 -120.640549
36.101974
0 -120.641895
36.101272
0 -120.646108
36.104745
0 -120.648784
36.10799
0 -120.646224
36.110755
0 -120.645572
36.113042
0 -120.646573
36.113809
0 -120.645423
36.116199
0 -120.646217
36.117202
0 -120.649377
36.117826
0 -120.6512
36.117079
0 -120.653203
36.118815
0 -120.654221
36.122706
0 -120.652548
36.124961
0 -120.653576
36.128359
0 -120.655163
36.129917
0 -120.655726
36.131781
0 -120.658803
36.134211
0 -120.660293
36.134616
0 -120.662715
36.136731
0 -120.666311
36.137331
0 -120.667551
36.138057
0 -120.666287
36.139968
0 -120.664845
36.140346
0 -120.664705
36.147273
0 -120.66649
36.149646
0 -120.666617
36.15121
0 -120.665701
36.151903
0 -120.667165
36.155403
0 -120.667985
36.160574
0 -120.671859
36.162545
0 -120.671945
36.164287
0 -120.668803
36.164443
0 -120.667986
36.165703
0 -120.66576
36.165152
0 -120.664248
36.165651
0 -120.664592
36.167213
0 -120.663057
36.171158
0 -120.659488
36.170049
0 -120.654621
36.167721
0 -120.649688
36.168224
0 -120.649049
36.169327
0 -120.652355
36.172856
0 -120.651984
36.174089
0 -120.649921
36.177191
0 -120.648726
36.177463
0 -120.648852
36.179423
0 -120.644636
36.179362
0 -120.644946
36.183717
0 -120.642366
36.185915
0 -120.64277
36.18798
0 -120.640738
36.189655
0 -120.640387
36.191276
0 -120.641141
36.192018
0 -120.638999
36.193854
0 -120.639213
36.196467
0 -120.638147
36.197539
0 -120.634058
36.198106
0 -120.632754
36.198717
0 -120.62691
36.203227
0 -120.629421
36.205792
0 -120.629391
36.207417
0 -120.633231
36.21035
0 -120.634641
36.212548
0 -120.637097
36.214517
0 -120.638819
36.214976
0 -120.639721
36.218226
0 -120.641329
36.220081
0 -120.64503
36.220975
0 -120.649265
36.223952
0 -120.649547
36.225325
0 -120.651099
36.22766
0 -120.651408
36.230247
0 -120.652961
36.231438
0 -120.655928
36.232491
0 -120.656408
36.233521
0 -120.659091
36.23398
0 -120.662509
36.235331
0 -120.666916
36.235997
0 -120.668921
36.237669
0 -120.669543
36.239774
0 -120.671972
36.242682
0 -120.676746
36.244307
0 -120.679741
36.246665
0 -120.68177
36.251382
0 -120.679915
36.254178
0 -120.67812
36.255347
0 -120.676433
36.254922
0 -120.67459
36.255479
0 -120.672955
36.257679
0 -120.673668
36.259751
0 -120.674603
36.260189
0 -120.675356
36.262261
0 -120.677593
36.263344
0 -120.679869
36.265281
0 -120.680425
36.267064
0 -120.678582
36.267319
0 -120.679743
36.269617
0 -120.681651
36.271539
0 -120.683083
36.271959
0 -120.683929
36.270899
0 -120.687227
36.271446
0 -120.690207
36.27362
0 -120.691677
36.276338
0 -120.693135
36.277905
0 -120.694897
36.277994
0 -120.695497
36.279867
0 -120.697032
36.281088
0 -120.69773
36.282884
0 -120.69966
36.284158
0 -120.700893
36.283941
0 -120.701141
36.285295
0 -120.703747
36.287055
0 -120.706397
36.28692
0 -120.707679
36.285758
0 -120.709445
36.287212
0 -120.710762
36.287307
0 -120.711784
36.28857
0 -120.71435
36.289292
0 -120.716195
36.290401
0 -120.717327
36.292527
0 -120.718676
36.292096
0 -120.720857
36.292986
0 -120.722584
36.292656
0 -120.722692
36.294165
0 -120.725569
36.297295
0 -120.730225
36.300266
0 -120.731281
36.30127
0 -120.735142
36.302628
0 -120.735522
36.303481
0 -120.741031
36.30584
0 -120.745081
36.309297
0 -120.746654
36.310234
0 -120.750357
36.310158
0 -120.752577
36.307898
0 -120.75605
36.307799
0 -120.75834
36.308604
0 -120.756378
36.3067
0 -120.755726
36.305275
0 -120.751616
36.304361
0 -120.749355
36.302863
0 -120.747561
36.301212
0 -120.745713
36.30037
0 -120.744852
36.298899
0 -120.743114
36.298059
0 -120.739466
36.291985
0 -120.738289
36.288251
0 -120.737231
36.287861
0 -120.73626
36.285719
0 -120.733847
36.284196
0 -120.733325
36.279837
0 -120.732076
36.276972
0 -120.732006
36.275366
0 -120.730869
36.274079
0 -120.729234
36.273623
0 -120.728405
36.272271
0 -120.724813
36.27032
0 -120.724303
36.266904
0 -120.721604
36.26495
0 -120.719429
36.260651
0 -120.717696
36.260012
0 -120.716361
36.253843
0 -120.716028
36.251888
0 -120.714221
36.249605
0 -120.714662
36.248259
0 -120.713462
36.24747
0 -120.711738
36.24238
0 -120.711829
36.239537
0 -120.710182
36.23676
0 -120.709374
36.236699
0 -120.70802
36.23252
0 -120.707429
36.231785
0 -120.706411
36.227692
0 -120.707337
36.225098
0 -120.706604
36.224692
0 -120.706886
36.220391
0 -120.706012
36.218499
0 -120.705897
36.212296
0 -120.704856
36.211671
0 -120.705759
36.209199
0 -120.705538
36.206863
0 -120.706215
36.205908
0 -120.706121
36.20373
0 -120.706987
36.2037
0 -120.709508
36.201414
0 -120.711259
36.20041
0 -120.711873
36.19836
0 -120.712774
36.198569
0 -120.718426
36.196848
0 -120.71886
36.197875
0 -120.720792
36.19849
0 -120.720427
36.199556
0 -120.722928
36.199973
0 -120.724779
36.201318
0 -120.727259
36.20145
0 -120.728548
36.202718
0 -120.730526
36.201603
0 -120.731395
36.203547
0 -120.732223
36.203605
0 -120.735827
36.203167
0 -120.738524
36.201496
0 -120.740489
36.200957
0 -120.740767
36.200133
0 -120.743793
36.199121
0 -120.744389
36.198777
0 -120.746827
36.199753
0 -120.748601
36.198816
0 -120.752756
36.199538
0 -120.754903
36.201198
0 -120.755857
36.203341
0 -120.758135
36.202002
0 -120.761293
36.203388
0 -120.762369
36.20502
0 -120.76379
36.209085
0 -120.76663
36.209724
0 -120.766975
36.210674
0 -120.765312
36.213481
0 -120.768579
36.214092
0 -120.769263
36.216647
0 -120.77061
36.218817
0 -120.772331
36.220175
0 -120.774779
36.219906
0 -120.778967
36.223215
0 -120.780886
36.222359
0 -120.781496
36.223073
0 -120.780655
36.22482
0 -120.78306
36.228962
0 -120.788998
36.230535
0 -120.788761
36.232403
0 -120.789282
36.235001
0 -120.791284
36.234182
0 -120.794306
36.234645
0 -120.794909
36.23642
0 -120.796571
36.236404
0 -120.798931
36.235476
0 -120.801894
36.237437
0 -120.80032
36.239211
0 -120.80175
36.240651
0 -120.802768
36.239992
0 -120.805473
36.240168
0 -120.806511
36.241042
0 -120.806911
36.243239
0 -120.809732
36.244827
0 -120.812166
36.245195
0 -120.8118
36.247354
0 -120.810443
36.248497
0 -120.810774
36.251702
0 -120.813022
36.250259
0 -120.814281
36.253098
0 -120.818945
36.253273
0 -120.821137
36.254174
0 -120.821585
36.255992
0 -120.823715
36.257277
0 -120.824641
36.25515
0 -120.825987
36.254455
0 -120.825581
36.257733
0 -120.827061
36.256972
0 -120.829521
36.257249
0 -120.828111
36.258348
0 -120.829447
36.259551
0 -120.832852
36.25921
0 -120.833131
36.262039
0 -120.837059
36.262742
0 -120.836212
36.26556
0 -120.837447
36.266713
0 -120.839354
36.270574
0 -120.839067
36.271535
0 -120.837522
36.270729
0 -120.836715
36.271509
0 -120.838581
36.272173
0 -120.839843
36.273623
0 -120.839355
36.274491
0 -120.840278
36.276644
0 -120.843868
36.278956
0 -120.845022
36.28089
0 -120.847683
36.281757
0 -120.849616
36.281685
0 -120.851354
36.283201
0 -120.851002
36.285003
0 -120.85202
36.285964
0 -120.856288
36.284688
0 -120.856763
36.28611
0 -120.859818
36.28812
0 -120.859656
36.290114
0 -120.860776
36.29057
0 -120.862472
36.289833
0 -120.86508
36.292578
0 -120.866471
36.292155
0 -120.869329
36.293714
0 -120.871547
36.293383
0 -120.87389
36.295167
0 -120.878731
36.295379
0 -120.880476
36.294879
0 -120.881701
36.293359
0 -120.883246
36.294079
0 -120.886918
36.292828
0 -120.889216
36.290364
0 -120.892367
36.29249
0 -120.896345
36.297532
0 -120.898511
36.299332
0 -120.899019
36.300755
0 -120.904706
36.302295
0 -120.904882
36.304031
0 -120.907115
36.303609
0 -120.910426
36.305576
0 -120.911715
36.308263
0 -120.912794
36.308741
0 -120.91612
36.308835
0 -120.918142
36.310561
0 -120.919778
36.310984
0 -120.923823
36.309935
0 -120.925554
36.308075
0 -120.92616
36.30639
0 -120.925705
36.302135
0 -120.927496
36.300619
0 -120.930379
36.301376
0 -120.933104
36.299768
0 -120.93424
36.295943
0 -120.936479
36.294152
0 -120.936103
36.292506
0 -120.934427
36.290676
0 -120.934574
36.289332
0 -120.936334
36.289561
0 -120.937203
36.288668
0 -120.941213
36.2866
0 -120.939272
36.285329
0 -120.939157
36.283463
0 -120.942577
36.28048
0 -120.945457
36.279009
0 -120.948681
36.277933
0 -120.953432
36.274706
0 -120.956655
36.275974
0 -120.958278
36.278441
0 -120.959133
36.280732
0 -120.962695
36.281022
0 -120.964249
36.280489
0 -120.964501
36.282653
0 -120.970236
36.287228
0 -120.972266
36.287799
0 -120.973597
36.290167
0 -120.97716
36.290605
0 -120.979641
36.290465
0 -120.982813
36.291169
0 -120.985019
36.292921
0 -120.986193
36.292772
0 -120.986449
36.292
0 -120.98506
36.290209
0 -120.988067
36.285226
0 -120.987734
36.282619
0 -120.98814
36.280075
0 -120.987206
36.277326
0 -120.987492
36.275137
0 -120.989846
36.273801
0 -120.990794
36.271279
0 -120.992835
36.269904
0 -120.994701
36.269898
0 -121.00017
36.270807
0 -121.00246
36.268058
0 -121.004545
36.267071
0 -121.009298
36.268649
0 -121.010635
36.268738
0 -121.010902
36.26522
0 -121.012001
36.26464
0 -121.013173
36.26597
0 -121.013098
36.267695
0 -121.014576
36.268611
0 -121.015511
36.267905
0 -121.016208
36.263817
0 -121.018122
36.261582
0 -121.018919
36.259643
0 -121.020463
36.259973
0 -121.022342
36.261474
0 -121.02471
36.259926
0 -121.026833
36.259761
0 -121.027664
36.261788
0 -121.02618
36.263151
0 -121.0277
36.264212
0 -121.02866
36.267234
0 -121.02862
36.269797
0 -121.025878
36.270463
0 -121.025647
36.272177
0 -121.027253
36.275106
0 -121.029065
36.275804
0 -121.033611
36.275212
0 -121.0364
36.275301
0 -121.035715
36.273674
0 -121.036258
36.27279
0 -121.040302
36.271058
0 -121.040797
36.323969
0 -121.11695
36.38519
0 -121.120372
36.387889
0 -121.143476
36.406177
0 -121.193465
36.445751
0 -121.195138
36.447232
0 -121.196
36.448068
0 -121.197919
36.451716
0 -121.19767
36.455065
0 -121.199043
36.456464
0 -121.202042
36.45794
0 -121.205562
36.462422
0 -121.209823
36.464804
0 -121.213916
36.470173
0 -121.215085
36.47321
0 -121.216825
36.474035
0 -121.219366
36.472503
0 -121.220668
36.473814
0 -121.222356
36.473841
0 -121.223277
36.47247
0 -121.225465
36.471992
0 -121.229511
36.475277
0 -121.230472
36.478557
0 -121.227954
36.48068
0 -121.228846
36.481612
0 -121.228108
36.484599
0 -121.230301
36.486262
0 -121.230817
36.488139
0 -121.23249
36.489409
0 -121.23101
36.492035
0 -121.232923
36.493127
0 -121.234582
36.496177
0 -121.236865
36.497623
0 -121.237901
36.49949
0 -121.237289
36.499965
0 -121.238757
36.50135
0 -121.239526
36.503434
0 -121.239295
36.504782
0 -121.242923
36.505584
0 -121.244091
36.506911
0 -121.247218
36.506871
0 -121.24984
36.504731
0 -121.252187
36.505586
0 -121.254882
36.503511
0 -121.257882
36.504535
0 -121.259599
36.504464
0 -121.263094
36.503442
0 -121.265197
36.50368
0 -121.266479
36.502373
0 -121.268959
36.501969
0 -121.271172
36.502238
0 -121.272251
36.503167
0 -121.275611
36.5033
0 -121.27847
36.502391
0 -121.281993
36.502706
0 -121.284087
36.503928
0 -121.284963
36.505697
0 -121.287221
36.504763
0 -121.288153
36.505379
0 -121.29319
36.506069
0 -121.296182
36.50515
0 -121.297146
36.503936
0 -121.299839
36.50564
0 -121.302046
36.50507
0 -121.304499
36.502457
0 -121.305942
36.50222
0 -121.307711
36.499672
0 -121.309017
36.499568
0 -121.311788
36.502736
0 -121.311967
36.504588
0 -121.309783
36.506214
0 -121.310726
36.508749
0 -121.308372
36.510329
0 -121.306762
36.512174
0 -121.307314
36.514222
0 -121.307189
36.516812
0 -121.304823
36.517368
0 -121.303116
36.518407
0 -121.303246
36.520129
0 -121.300626
36.522608
0 -121.297823
36.523816
0 -121.296889
36.525989
0 -121.295362
36.527129
0 -121.296017
36.52925
0 -121.297118
36.530261
0 -121.296772
36.532312
0 -121.298506
36.533056
0 -121.298709
36.534663
0 -121.30115
36.5376
0 -121.30156
36.539243
0 -121.305145
36.540744
0 -121.307867
36.543327
0 -121.307744
36.544965
0 -121.310042
36.545901
0 -121.311682
36.548249
0 -121.313476
36.549917
0 -121.316125
36.549479
0 -121.318411
36.550681
0 -121.319255
36.551821
0 -121.321445
36.552808
0 -121.325988
36.553503
0 -121.328697
36.55474
0 -121.329756
36.558007
0 -121.328879
36.56146
0 -121.33171
36.561946
0 -121.330773
36.563491
0 -121.331635
36.565922
0 -121.331248
36.570504
0 -121.333478
36.571679
0 -121.33392
36.574404
0 -121.331394
36.57623
0 -121.328632
36.576637
0 -121.326124
36.576404
0 -121.325161
36.576961
0 -121.32347
36.577869
0 -121.32499
36.580194
0 -121.326282
36.580757
0 -121.324938
36.582453
0 -121.325334
36.583746
0 -121.327233
36.584177
0 -121.32735
36.585886
0 -121.324369
36.588169
0 -121.324194
36.590252
0 -121.325134
36.591665
0 -121.324998
36.59844
0 -121.323781
36.602367
0 -121.321554
36.6043
0 -121.318711
36.604854
0 -121.319669
36.606528
0 -121.318405
36.608244
0 -121.318373
36.610026
0 -121.323099
36.612528
0 -121.324462
36.614626
0 -121.329132
36.618233
0 -121.330331
36.620046
0 -121.331433
36.620378
0 -121.332247
36.620358
0 -121.335247
36.623476
0 -121.335827
36.62496
0 -121.3384
36.628393
0 -121.339948
36.629185
0 -121.342089
36.631354
0 -121.34161
36.633307
0 -121.34348
36.635415
0 -121.343124
36.63675
0 -121.341586
36.638009
0 -121.342314
36.639523
0 -121.345394
36.641266
0 -121.34659
36.643152
0 -121.349012
36.642945
0 -121.350671
36.646171
0 -121.350092
36.648357
0 -121.352131
36.647749
0 -121.353172
36.649457
0 -121.354876
36.649445
0 -121.357489
36.65081
0 -121.359509
36.652809
0 -121.363317
36.654729
0 -121.366248
36.65661
0 -121.36803
36.656744
0 -121.371164
36.655429
0 -121.373423
36.655466
0 -121.378334
36.652861
0 -121.380721
36.654031
0 -121.383584
36.653269
0 -121.386107
36.654904
0 -121.388367
36.654632
0 -121.390029
36.655614
0 -121.391137
36.654655
0 -121.39586
36.655429
0 -121.396253
36.656745
0 -121.398911
36.657028
0 -121.401946
36.655424
0 -121.406993
36.656035
0 -121.408346
36.656659
0 -121.409823
36.659964
0 -121.409234
36.661162
0 -121.410898
36.662816
0 -121.412054
36.66485
0 -121.411778
36.66647
0 -121.414845
36.672459
0 -121.415535
36.673058
0 -121.419875
36.673089
0 -121.423427
36.674508
0 -121.425391
36.675159
0 -121.429182
36.677614
0 -121.431571
36.678728
0 -121.432811
36.677854
0 -121.435895
36.677369
0 -121.437914
36.675593
0 -121.439227
36.675743
0 -121.440826
36.674158
0 -121.444333
36.673148
0 -121.446113
36.673772
0 -121.44953
36.678761
0 -121.451499
36.679938
0 -121.453738
36.679931
0 -121.455321
36.681818
0 -121.456836
36.681964
0 -121.458659
36.684419
0 -121.458962
36.68572
0 -121.460956
36.686687
0 -121.462975
36.685183
0 -121.465429
36.684727
0 -121.469023
36.685434
0 -121.468379
36.686505
0 -121.469391
36.69077
0 -121.471837
36.693585
0 -121.472825
36.696889
0 -121.475372
36.697817
0 -121.474907
36.699052
0 -121.476676
36.69996
0 -121.477545
36.701387
0 -121.47748
36.703018
0 -121.478546
36.702907
0 -121.481708
36.704594
0 -121.480486
36.70654
0 -121.481595
36.707524
0 -121.482332
36.709634
0 -121.483318
36.710104
0 -121.484508
36.713062
0 -121.483958
36.714575
0 -121.483368
36.715499
0 -121.476806
36.715259
0 -121.474382
36.716732
0 -121.467822
36.717177
0 -121.466021
36.718111
0 -121.464121
36.717574
0 -121.462625
36.718341
0 -121.461592
36.717638
0 -121.460142
36.718841
0 -121.458399
36.719154
0 -121.455871
36.721378
0 -121.453072
36.721198
0 -121.453084
36.723045
0 -121.45134
36.724793
0 -121.452559
36.726243
0 -121.452291
36.727975
0 -121.452646
36.729209
0 -121.454674
36.730003
0 -121.454426
36.730975
0 -121.458894
36.733829
0 -121.459661
36.735522
0 -121.457826
36.736345
0 -121.460168
36.737261
0 -121.46003
36.740942
0 -121.461749
36.74209
0 -121.462368
36.743851
0 -121.464111
36.744191
0 -121.465549
36.743482
0 -121.466579
36.745556
0 -121.471382
36.745449
0 -121.473002
36.746325
0 -121.474416
36.749399
0 -121.475651
36.74921
0 -121.476571
36.752342
0 -121.47617
36.75426
0 -121.474368
36.756672
0 -121.477221
36.760655
0 -121.479276
36.761078
0 -121.480428
36.763048
0 -121.481296
36.765172
0 -121.483002
36.76505
0 -121.484332
36.764237
0 -121.489029
36.76386
0 -121.491188
36.762741
0 -121.492593
36.763311
0 -121.495738
36.761966
0 -121.497417
36.760397
0 -121.502427
36.7602
0 -121.504011
36.757205
0 -121.505748
36.758909
0 -121.535053
36.783637
0 -121.548121
36.794479
0 -121.560563
36.805503
0 -121.574738
36.818052
0 -121.5971
36.836849
0 -121.597698
36.83735
0 -121.622089
36.846203
0 -121.622665
36.84772
0 -121.626053
36.851719
0 -121.630032
36.856924
0 -121.630106
36.857028
0 -121.637521
36.867032
0 -121.642565
36.8737
0 -121.641284
36.879826
0 -121.643626
36.891845
0 -121.644001
36.893996
0 -121.645629
36.894238
0 -121.646055
36.896476
0 -121.645449
36.897934
0 -121.645992
36.902115
0 -121.646565
36.902832
0 -121.64824
36.902386
0 -121.650046
36.900218
0 -121.651616
36.900673
0 -121.653231
36.902117
0 -121.653699
36.90378
0 -121.652159
36.908055
0 -121.652205
36.909202
0 -121.653885
36.911825
0 -121.655227
36.912863
0 -121.657904
36.913814
0 -121.661241
36.914177
0 -121.6671
36.91229
0 -121.670535
36.909189
0 -121.673375
36.908234
0 -121.67643
36.905479
0 -121.680621
36.903285
0 -121.6863
36.907851
0 -121.694695
36.910005
0 -121.697441
36.911607
0 -121.699105
36.911103
0 -121.702324
36.908175
0 -121.705529
36.909503
0 -121.706795
36.911196
0 -121.700961
36.91368
0 -121.698461
36.916738
0 -121.698476
36.918546
0 -121.699956
36.919683
0 -121.702658
36.918157
0 -121.706809
36.915128
0 -121.709998
36.915304
0 -121.712522
36.910762
0 -121.713804
36.909248
0 -121.715417
36.908871
0 -121.718552
36.910562
0 -121.721825
36.913032
0 -121.725594
36.914345
0 -121.727008
36.913984
0 -121.728381
36.911415
0 -121.736064
36.908511
0 -121.740827
36.908637
0 -121.744097
36.909367
0 -121.745365
36.909293
0 -121.747833
36.907248
0 -121.75109
36.905246
0 -121.751172
36.905203
0 -121.752541
36.903886
0 -121.754364
36.902967
0 -121.757482
36.899981
0 -121.760539
36.89436
0 -121.764157
36.891494
0 -121.765059
36.88827
0 -121.76936
36.885185
0 -121.7725
36.883767
0 -121.776114
36.883302
0 -121.779534
36.883607
0 -121.781826
36.885044
0 -121.783107
36.885655
0 -121.783464
36.88582
0 -121.784082
36.885903
0 -121.784995
36.885724
0 -121.786174
36.885221
0 -121.787014
36.88497
0 -121.787591
36.884476
0 -121.787827
36.884138
0 -121.789934
36.881792
0 -121.793216
36.880017
0 -121.794313
36.878869
0 -121.795528
36.876212
0 -121.797358
36.873694
0 -121.799065
36.872038
0 -121.802647
36.869331
0 -121.803499
36.867444
0 -121.802906
36.865602
0 -121.800813
36.861332
0 -121.800489
36.858831
0 -121.800842
36.857548
0 -121.801702
36.856546
0 -121.80795
36.852713
0 -121.810469
36.850671
0 -121.810551858284
36.8506482495196
0 -121.809363
36.848654
0 -121.80438402598
36.8382276382218
0 -121.803355814141
36.8360744820533
0 -121.79918
36.82733
0 -121.791544
36.815186
0 -121.790519007841
36.8116735345239
0 -121.789444373244
36.8079909532611
0 -121.788278
36.803994
0 -121.793144554352
36.7912318214677
0 -121.794931
36.786547
0 -121.798135692271
36.7756847924788
0 -121.805096860633
36.7520901228669
0 -121.805103058999
36.7520691136937
0 -121.805177503582
36.751816786028
0 -121.805643
36.750239
0 -121.806561204449
36.726891112113
0 -121.807062
36.714157
0 -121.80863329263
36.7075110691863
0 -121.809278675009
36.7047813633652
0 -121.80979338505
36.7026043485582
0 -121.814462
36.682858
0 -121.821503081411
36.6658031577635
0 -121.825052
36.657207
0 -121.831995
36.644856
0 -121.842263
36.630059
0 -121.850898
36.62024
0 -121.850907692083
36.6202309090534
0 -121.857900039809
36.6136722511409
0 -121.857998867572
36.6135795530208
0 -121.859069456996
36.6125753652906
0 -121.85910609553
36.6125409992065
0 -121.860604
36.611136
0 -121.871364
36.604559
0 -121.878267
36.602407
0 -121.878269048222
36.6024067714824
0 -121.886764
36.601459
0 -121.889049327389
36.6018557523775
0 -121.889477
36.60193
0 -121.889208
36.605016
0 -121.889596
36.608485
0 -121.890764929753
36.6088570928144
0 -121.890770921178
36.608859
0 -121.892904
36.609538
0 -121.89508
36.609634
0 -121.897524
36.612265
0 -121.896865
36.613959
0 -121.899178655583
36.6166272779131
0 -121.90098037807
36.6187051569005
0 -121.900998192545
36.6187257018638
0 -121.901360869421
36.6191439675325
0 -121.901846559126
36.6197041006491
0 -121.90368700051
36.6218266331179
0 -121.90412
36.622326
0 -121.909349
36.621945
0 -121.910916600989
36.622678637263
0 -121.912255636305
36.6233053057905
0 -121.915349
36.624753
0 -121.914965
36.626959
0 -121.919236
36.627643
0 -121.920348807317
36.6293052409084
0 -121.92039775683
36.6293783585828
0 -121.922358471898
36.6323071502476
0 -121.923583171563
36.6341365288398
0 -121.923866
36.634559
0 -121.929666
36.636959
0 -121.93643
36.636746
0 -121.938551
36.633908
0 -121.939231
36.6271
0 -121.941317
36.622686
0 -121.941666
36.618059
0 -121.945876
36.614644
0 -121.948596
36.610756
0 -121.952008345958
36.6091922997135
0 -121.952009
36.609192
0 -121.956939
36.610639
0 -121.958975268849
36.6093977330676
0 -121.959695
36.608959
0 -121.96091379745
36.60382351707
0 -121.962187773342
36.5984555361558
0 -121.963478745279
36.5930159412953
0 -121.964059
36.590571
0 -121.964179927985
36.5901374014374
0 -121.965239
36.58634
0 -121.968718
36.582663
0 -121.972442
36.583876
0 -121.974558
36.58307
0 -121.974472262215
36.5826266729189
0 -121.974435
36.582434
0 -121.974981
36.581895
0 -121.974939
36.580766
0 -121.975652
36.580311
0 -121.976198
36.580766
0 -121.977604
36.581507
0 