-76.793245
40.95014
0 -76.794236
40.949197
0 -76.792923
40.948186
0 -76.792878
40.946583
0 -76.785195
40.947623
0 -76.775701
40.949471
0 -76.767376
40.949784
0 -76.75081
40.952885
0 -76.743552
40.954439
0 -76.737827
40.954289
0 -76.734147
40.95454
0 -76.725311
40.956336
0 -76.718877
40.957143
0 -76.714016
40.958266
0 -76.702515
40.960157
0 -76.697985
40.961385
0 -76.694254
40.961978
0 -76.687145
40.962753
0 -76.682119
40.964962
0 -76.678686
40.965588
0 -76.674862
40.965502
0 -76.666669
40.967139
0 -76.661348
40.967996
0 -76.652451
40.961643
0 -76.649075
40.963284
0 -76.644446
40.96453
0 -76.639698
40.96479
0 -76.632036
40.963682
0 -76.626414
40.961119
0 -76.621142
40.95756
0 -76.615114
40.953039
0 -76.613182
40.951262
0 -76.610324
40.948593
0 -76.603538
40.943267
0 -76.601436
40.942186
0 -76.592687
40.94045
0 -76.58552
40.939892
0 -76.580435
40.939932
0 -76.577228
40.939495
0 -76.572515
40.939308
0 -76.563404
40.939588
0 -76.558735
40.939028
0 -76.557013
40.938617
0 -76.557628
40.935771
0 -76.558877
40.933082
0 -76.55857
40.930496
0 -76.56008
40.928967
0 -76.56167
40.924778
0 -76.565572
40.921146
0 -76.567423
40.917898
0 -76.567086
40.916961
0 -76.568111
40.915454
0 -76.567506
40.912787
0 -76.566583
40.911783
0 -76.565685
40.909122
0 -76.566176
40.90748
0 -76.564795
40.904233
0 -76.561613
40.899847
0 -76.560294
40.898861
0 -76.560143
40.895248
0 -76.558917
40.893381
0 -76.558722
40.891711
0 -76.557636
40.890499
0 -76.557323
40.888824
0 -76.555107
40.887507
0 -76.554878
40.886538
0 -76.552889
40.884061
0 -76.551792
40.883406
0 -76.550514
40.882584
0 -76.533446
40.882529
0 -76.528034
40.882515
0 -76.525286
40.910579
0 -76.525536
40.911209
0 -76.524862
40.915936
0 -76.526204
40.917428
0 -76.527808
40.918023
0 -76.528213
40.919121
0 -76.52673
40.920712
0 -76.523719
40.921757
0 -76.52224
40.922743
0 -76.520138
40.926634
0 -76.520701
40.928845
0 -76.52178
40.931653
0 -76.523771
40.934166
0 -76.525824
40.934567
0 -76.527637
40.937764
0 -76.529395
40.940143
0 -76.526549
40.940811
0 -76.518371
40.943686
0 -76.512421
40.946102
0 -76.514163
40.948691
0 -76.515795
40.950003
0 -76.516273
40.952521
0 -76.515203
40.95415
0 -76.514561
40.956751
0 -76.515034
40.959048
0 -76.517473
40.960465
0 -76.521498
40.964676
0 -76.521815
40.967064
0 -76.525057
40.967789
0 -76.527342
40.971512
0 -76.529005
40.973069
0 -76.551022
40.989295
0 -76.551099
40.989352
0 -76.565233
40.999812
0 -76.566208
41.008587
0 -76.562847
41.023447
0 -76.562263
41.034214
0 -76.563013
41.036261
0 -76.569915
41.053761
0 -76.618971
41.063759
0 -76.616965
41.065964
0 -76.616039
41.068748
0 -76.617363
41.073353
0 -76.618216
41.074211
0 -76.616595
41.076042
0 -76.615353
41.079359
0 -76.617898
41.081358
0 -76.620458
41.08484
0 -76.620678
41.089613
0 -76.621311
41.091624
0 -76.640767
41.155718
0 -76.678776
41.154172
0 -76.694572
41.159617
0 -76.729997
41.171881
0 -76.732672
41.17204
0 -76.732664
41.167575
0 -76.731552
41.16585
0 -76.731275
41.16308
0 -76.731416
41.155885
0 -76.730877
41.15361
0 -76.731689
41.153239
0 -76.732159
41.150945
0 -76.733476
41.148164
0 -76.733309
41.147248
0 -76.734428
41.143215
0 -76.73423
41.141932
0 -76.735554
41.14044
0 -76.735804
41.137833
0 -76.734732
41.13691
0 -76.733883
41.133287
0 -76.734
41.131612
0 -76.735634
41.130207
0 -76.735314
41.12896
0 -76.733514
41.127687
0 -76.734085
41.124267
0 -76.734946
41.118756
0 -76.735342
41.110098
0 -76.734196
41.103801
0 -76.735058
41.091058
0 -76.737696
41.08658
0 -76.739248
41.081483
0 -76.746578
41.06539
0 -76.748772
41.06198
0 -76.753332
41.054995
0 -76.756503
41.050503
0 -76.757731
41.047435
0 -76.757912
41.044294
0 -76.759677
41.038706
0 -76.764505
41.029611
0 -76.761963
41.025932
0 -76.770597
41.018727
0 -76.772343
41.016295
0 -76.773768
41.014356
0 -76.773264
41.013063
0 -76.774692
41.01231
0 -76.775786
41.008118
0 -76.774504
41.00558
0 -76.773712
41.002552
0 -76.774259
41.000098
0 -76.784907
40.966926
0 -76.786543
40.965163
0 -76.786816
40.960679
0 -76.785447
40.958907
0 -76.788636
40.957213
0 -76.7905
40.956708
0 -76.791506
40.955549
0 -76.791334
40.954013
0 -76.789066
40.95234
0 -76.793245
40.95014
0 