-87.6411458985761
36.6380360579522
0 -87.626107
36.543051
0 -87.60342
36.4259
0 -87.603744
36.425276
0 -87.602597
36.418979
0 -87.592358
36.367663
0 -87.587951
36.347122
0 -87.586957
36.34178
0 -87.564016
36.339567
0 -87.530815
36.33636
0 -87.513533
36.334713
0 -87.505401
36.33399
0 -87.497965
36.332994
0 -87.486543
36.331915
0 -87.43417
36.32683
0 -87.426109
36.326056
0 -87.42121
36.325418
0 -87.415654
36.325003
0 -87.375526
36.320952
0 -87.372524
36.320589
0 -87.372244
36.322092
0 -87.368922
36.321999
0 -87.368928
36.323508
0 -87.366088
36.323488
0 -87.365436
36.319807
0 -87.359097
36.319164
0 -87.327204
36.31593
0 -87.325958
36.323582
0 -87.320939
36.32318
0 -87.321861
36.316389
0 -87.319391
36.316212
0 -87.317268
36.314965
0 -87.315548
36.31524
0 -87.314735
36.317316
0 -87.31501
36.321654
0 -87.305167
36.319252
0 -87.305703
36.313854
0 -87.303129
36.312442
0 -87.300135
36.314207
0 -87.29871
36.317147
0 -87.296413
36.317747
0 -87.294569
36.317104
0 -87.290409
36.317489
0 -87.286373
36.320081
0 -87.286501
36.321933
0 -87.281957
36.342875
0 -87.279837
36.348574
0 -87.280203
36.351135
0 -87.281383
36.352167
0 -87.280252
36.352995
0 -87.280597
36.354166
0 -87.278784
36.355439
0 -87.276928
36.355798
0 -87.27551
36.353275
0 -87.272786
36.35335
0 -87.268285
36.355814
0 -87.266524
36.356308
0 -87.265002
36.353755
0 -87.263871
36.354047
0 -87.262661
36.354879
0 -87.257884
36.359525
0 -87.25557
36.362932
0 -87.256852
36.364245
0 -87.255085
36.365785
0 -87.254531
36.367375
0 -87.254883
36.370636
0 -87.253922
36.373393
0 -87.248891
36.376427
0 -87.249988
36.37792
0 -87.221847
36.394285
0 -87.215057
36.395949
0 -87.205617
36.409471
0 -87.203975
36.410285
0 -87.20517
36.412422
0 -87.200578
36.411804
0 -87.200807
36.410594
0 -87.19721
36.410277
0 -87.195607
36.408595
0 -87.193001
36.407688
0 -87.183336
36.40651
0 -87.1794
36.406611
0 -87.178857
36.408216
0 -87.179434
36.409727
0 -87.18214
36.411464
0 -87.18236
36.41279
0 -87.179858
36.417042
0 -87.179908
36.418081
0 -87.17851
36.419821
0 -87.179549
36.424001
0 -87.174805
36.425178
0 -87.171307
36.427616
0 -87.168718
36.426557
0 -87.16795
36.427742
0 -87.166711
36.427264
0 -87.167354
36.425132
0 -87.164327
36.423063
0 -87.163242
36.42136
0 -87.16304
36.418961
0 -87.163701
36.416852
0 -87.162729
36.413298
0 -87.157889
36.415556
0 -87.150974
36.416644
0 -87.149487
36.417481
0 -87.148387
36.4193
0 -87.148602
36.422773
0 -87.151205
36.424295
0 -87.152239
36.426977
0 -87.151455
36.430912
0 -87.151642
36.433364
0 -87.150062
36.437761
0 -87.150251
36.440199
0 -87.149709
36.442873
0 -87.150276
36.445037
0 -87.14703
36.445962
0 -87.128026
36.451227
0 -87.12577
36.453076
0 -87.122691
36.455711
0 -87.120443
36.45546
0 -87.119598
36.461107
0 -87.128677
36.46195
0 -87.127528
36.468887
0 -87.125003
36.48406
0 -87.123982
36.488568
0 -87.120657
36.510943
0 -87.117643
36.510501
0 -87.113244
36.523046
0 -87.118626
36.523667
0 -87.116147
36.539212
0 -87.120063
36.538814
0 -87.121522
36.53998
0 -87.121936
36.54247
0 -87.120792
36.545076
0 -87.118449
36.547752
0 -87.117722
36.549641
0 -87.119002
36.550386
0 -87.122305
36.549882
0 -87.126515
36.547295
0 -87.129672
36.546523
0 -87.131443
36.548066
0 -87.131808
36.549678
0 -87.131042
36.552214
0 -87.13158
36.553727
0 -87.132644
36.553646
0 -87.135689
36.552015
0 -87.1399
36.553836
0 -87.141268
36.554908
0 -87.137368
36.55855
0 -87.137088
36.559654
0 -87.13796
36.562058
0 -87.141954
36.563629
0 -87.14779
36.563109
0 -87.150004
36.564016
0 -87.150233
36.567702
0 -87.149618
36.568587
0 -87.147965
36.568537
0 -87.144053
36.567117
0 -87.14158
36.565184
0 -87.136828
36.563124
0 -87.133346
36.562763
0 -87.132522
36.56372
0 -87.132726
36.566521
0 -87.134081
36.569013
0 -87.134335
36.570564
0 -87.133632
36.57279
0 -87.131849
36.573144
0 -87.129755
36.572283
0 -87.122028
36.609369
0 -87.12099
36.613544
0 -87.131292
36.621995
0 -87.126771
36.621443
0 -87.125932
36.628989
0 -87.117437
36.628118
0 -87.1149831929854
36.6424139676934
0 -87.1509571557252
36.6422523939992
0 -87.1743840726663
36.6421471741894
0 -87.1977588216232
36.6420421886873
0 -87.1979612531895
36.6420412794849
0 -87.2035604632039
36.642016131156
0 -87.23053
36.641895
0 -87.231037
36.641888
0 -87.247655
36.641841
0 -87.2752156257281
36.6417307323955
0 -87.278398
36.641718
0 -87.281506
36.641761
0 -87.3149492444387
36.6416269600103
0 -87.335979533755
36.6415426709465
0 -87.344131
36.64151
0 -87.347796
36.64144
0 -87.3558691509244
36.6413922988241
0 -87.3564273258725
36.6413890007808
0 -87.398353641194
36.6411412741421
0 -87.4094478325022
36.6410757227884
0 -87.4142954016638
36.6410470803474
0 -87.4142959709118
36.6410470769839
0 -87.414309
36.641047
0 -87.425009
36.641047
0 -87.4262069499773
36.641015749131
0 -87.4363215449599
36.6407518901315
0 -87.4363256493118
36.6407517830614
0 -87.436509
36.640747
0 -87.445349285035
36.6406328488755
0 -87.4454075808545
36.6406320961245
0 -87.4516284216772
36.6405517688531
0 -87.4608982060744
36.6404320717722
0 -87.466896063231
36.6403546238012
0 -87.4754637047213
36.6402439932156
0 -87.4756760017987
36.6402412519069
0 -87.563052
36.639113
0 -87.564928
36.639113
0 -87.6411458985761
36.6380360579522
0 