-85.562645
43.366707
0 -85.562744
43.316041
0 -85.562538
43.294271
0 -85.551778
43.294288
0 -85.543488
43.294158
0 -85.531647
43.2943
0 -85.506876
43.294196
0 -85.492451
43.294299
0 -85.471547
43.294241
0 -85.462141
43.2943
0 -85.460898
43.294309
0 -85.458101
43.294318
0 -85.44359
43.294316
0 -85.432009
43.294322
0 -85.422339
43.294306
0 -85.362585
43.294405
0 -85.323905
43.294296
0 -85.312376
43.294205
0 -85.312257
43.279013
0 -85.31229
43.250113
0 -85.31225
43.206438
0 -85.31228
43.176763
0 -85.312425
43.158664
0 -85.312474
43.126058
0 -85.312513
43.118793
0 -85.297391
43.11891
0 -85.283065
43.119106
0 -85.26292
43.119307
0 -85.257611
43.119338
0 -85.256482
43.119344
0 -85.255034
43.119353
0 -85.253789
43.11936
0 -85.224248
43.119651
0 -85.213413
43.119666
0 -85.1936
43.119534
0 -85.18313
43.119545
0 -85.148228
43.119747
0 -85.14691
43.119757
0 -85.145862
43.119769
0 -85.144389
43.119822
0 -85.13986
43.119779
0 -85.134993
43.119846
0 -85.115094
43.120045
0 -85.075033
43.120213
0 -85.064695
43.120157
0 -85.054399
43.120142
0 -85.053265
43.120134
0 -85.051032
43.120119
0 -84.985531
43.119788
0 -84.965616
43.119675
0 -84.955716
43.119608
0 -84.836889
43.118851
0 -84.836714
43.162371
0 -84.836689
43.17218
0 -84.836583
43.180524
0 -84.83653
43.184239
0 -84.83648
43.191309
0 -84.836356
43.205656
0 -84.835592
43.263727
0 -84.835305
43.2922
0 -84.845573
43.292231
0 -84.845234
43.328402
0 -84.845204
43.33383
0 -84.845137
43.350239
0 -84.845174
43.357855
0 -84.845005
43.379177
0 -84.84515
43.3971
0 -84.845368
43.411993
0 -84.845407
43.415498
0 -84.845721
43.437304
0 -84.845625
43.440074
0 -84.845962
43.466158
0 -84.905771
43.466184
0 -84.944773
43.466242
0 -84.965497
43.466135
0 -84.965747
43.466224
0 -85.005188
43.466052
0 -85.084996
43.46619
0 -85.124157
43.466403
0 -85.129338
43.466458
0 -85.13449
43.466518
0 -85.13945
43.466564
0 -85.144618
43.466607
0 -85.180185
43.466992
0 -85.204278
43.467386
0 -85.224263
43.467452
0 -85.323425
43.467832
0 -85.327861
43.467865
0 -85.333136
43.467908
0 -85.3579
43.46818
0 -85.35906
43.468159
0 -85.382916
43.468314
0 -85.402677
43.468285
0 -85.442704
43.468309
0 -85.462606
43.468208
0 -85.562392
43.468247
0 -85.562635
43.426413
0 -85.562639
43.425213
0 -85.562614
43.395872
0 -85.562686
43.381322
0 -85.562645
43.366707
0 