-109.04589821607
37.3268401231398
0 -109.046039
37.249993
0 -109.045584
37.249351
0 -109.045560197749
37.2399019969828
0 -109.045487
37.210844
0 -109.045978
37.201831
0 -109.045995
37.177279
0 -109.045156
37.112064
0 -109.045203
37.111958
0 -109.045173
37.109464
0 -109.045189
37.096271
0 -109.044995
37.086429
0 -109.045058
37.074661
0 -109.045166
37.072742
0 -109.045205263231
37.0220042627278
0 -109.045208279166
37.0181069336652
0 -109.045223
36.999084
0 -109.005419884788
36.9990051819501
0 -109.004904882847
36.9990041621443
0 -108.958868
36.998913
0 -108.954404
36.998906
0 -108.646005179836
36.9992576962256
0 -108.620309
36.999287
0 -108.619689
36.999249
0 -108.536403045142
36.9993217088993
0 -108.37920295281
36.9994589450721
0 -108.381069
37.001468
0 -108.379612
37.004177
0 -108.376431
37.00662
0 -108.377282
37.009234
0 -108.376678
37.011838
0 -108.374789
37.013652
0 -108.375097
37.01556
0 -108.37406
37.01659
0 -108.374323
37.017923
0 -108.373213
37.018736
0 -108.37178
37.021239
0 -108.373344
37.024693
0 -108.372506
37.025756
0 -108.372319
37.028481
0 -108.3718
37.029105
0 -108.365827
37.028279
0 -108.359023
37.025938
0 -108.355392
37.025588
0 -108.35644
37.028431
0 -108.355031
37.031158
0 -108.352863
37.03329
0 -108.355118
37.03557
0 -108.354386
37.038812
0 -108.350712
37.040702
0 -108.349854
37.042603
0 -108.347188
37.045912
0 -108.347003
37.047772
0 -108.343044
37.048795
0 -108.341153
37.051015
0 -108.337367
37.052321
0 -108.334792
37.05422
0 -108.334219
37.055857
0 -108.334719
37.059815
0 -108.333387
37.060798
0 -108.33446
37.062759
0 -108.334313
37.064561
0 -108.333177
37.067443
0 -108.330453
37.067876
0 -108.328266
37.069121
0 -108.327731
37.071247
0 -108.330174
37.074589
0 -108.328335
37.07566
0 -108.325701
37.076157
0 -108.326751
37.079157
0 -108.324106
37.081346
0 -108.325087
37.083378
0 -108.323601
37.085209
0 -108.323312
37.087814
0 -108.322419
37.088761
0 -108.32307
37.090715
0 -108.322074
37.093435
0 -108.320619
37.095445
0 -108.321065
37.0971
0 -108.317341
37.097535
0 -108.316261
37.099835
0 -108.316623
37.102363
0 -108.316094
37.102971
0 -108.314601
37.104036
0 -108.310591
37.104622
0 -108.31013
37.1054
0 -108.311173
37.109842
0 -108.309722
37.111154
0 -108.309845
37.112813
0 -108.311418
37.114165
0 -108.311799
37.116824
0 -108.30962
37.119839
0 -108.311123
37.123126
0 -108.309658
37.124967
0 -108.310326
37.129348
0 -108.309042
37.130476
0 -108.309018
37.130491
0 -108.307244
37.131826
0 -108.304108
37.135432
0 -108.301513
37.13644
0 -108.300893
37.138787
0 -108.294227
37.144447
0 -108.290459
37.145975
0 -108.29015
37.146959
0 -108.291241
37.149328
0 -108.290214
37.152207
0 -108.290169
37.154201
0 -108.29189
37.156032
0 -108.29441
37.157172
0 -108.296073
37.158422
0 -108.295762
37.159696
0 -108.29388
37.162394
0 -108.294045
37.16476
0 -108.295882
37.167085
0 -108.297415
37.17116
0 -108.297308
37.172104
0 -108.295401
37.17531
0 -108.294622
37.180192
0 -108.2946
37.181863
0 -108.295925
37.186874
0 -108.295721
37.190071
0 -108.29379
37.192518
0 -108.2929
37.194323
0 -108.29263
37.198319
0 -108.293273
37.199993
0 -108.292883
37.202462
0 -108.294857
37.205602
0 -108.297161
37.207557
0 -108.297467
37.20843
0 -108.297283
37.213233
0 -108.295164
37.215009
0 -108.291535
37.220287
0 -108.291676
37.222003
0 -108.290423
37.223584
0 -108.289354
37.22353
0 -108.286277
37.224788
0 -108.281683
37.228559
0 -108.279742
37.228572
0 -108.278845
37.227244
0 -108.276913
37.228704
0 -108.270787
37.229207
0 -108.268906
37.230159
0 -108.267536
37.233087
0 -108.261448
37.235031
0 -108.26127
37.236757
0 -108.260079
37.239305
0 -108.257671
37.240352
0 -108.25597
37.243695
0 -108.25064
37.246314
0 -108.249461
37.249745
0 -108.247312
37.24989
0 -108.246601
37.254929
0 -108.244291
37.258014
0 -108.242462
37.261428
0 -108.23994
37.261846
0 -108.238589
37.262667
0 -108.23741
37.266976
0 -108.237154
37.270433
0 -108.235281
37.272615
0 -108.234838
37.274768
0 -108.23353
37.275735
0 -108.228676
37.276964
0 -108.227312
37.278166
0 -108.226876
37.280502
0 -108.22803
37.281949
0 -108.227447
37.283511
0 -108.225169
37.286663
0 -108.219688
37.287415
0 -108.219705
37.290758
0 -108.218968
37.292151
0 -108.219376
37.293804
0 -108.217989
37.29725
0 -108.213771
37.298118
0 -108.212504
37.300151
0 -108.212466
37.301734
0 -108.213085
37.303297
0 -108.216494
37.306229
0 -108.216477
37.311615
0 -108.213618
37.313162
0 -108.213821
37.31451
0 -108.212025
37.317473
0 -108.211423
37.320512
0 -108.210482
37.321744
0 -108.205215
37.324457
0 -108.203051
37.326792
0 -108.204679
37.328125
0 -108.204811
37.329546
0 -108.206702
37.332241
0 -108.207921
37.333072
0 -108.207779
37.334527
0 -108.206596
37.33763
0 -108.20576
37.338566
0 -108.204985
37.341589
0 -108.204836
37.34408
0 -108.203253
37.347244
0 -108.201981
37.348691
0 -108.198242
37.3515
0 -108.197776
37.354939
0 -108.195669
37.356073
0 -108.192688
37.35907
0 -108.190429
37.360151
0 -108.188946
37.360166
0 -108.184463
37.362396
0 -108.183599
37.363109
0 -108.179139
37.36403
0 -108.173032
37.366388
0 -108.166586
37.365174
0 -108.164632
37.363457
0 -108.164299
37.362343
0 -108.161704
37.362225
0 -108.158106
37.363894
0 -108.152473
37.362589
0 -108.150011
37.36355
0 -108.147041
37.365379
0 -108.145649
37.367363
0 -108.142196
37.369742
0 -108.1412
37.371967
0 -108.139821
37.373038
0 -108.137183
37.373099
0 -108.13373
37.373725
0 -108.132349
37.374678
0 -108.120481
37.374715
0 -108.117232
37.376747
0 -108.116491
37.378283
0 -108.113616
37.380346
0 -108.109174
37.381542
0 -108.105857
37.382068
0 -108.10626
37.384573
0 -108.105654
37.38912
0 -108.107455
37.392086
0 -108.107556
37.394323
0 -108.106308
37.400738
0 -108.105692
37.401863
0 -108.105336
37.405573
0 -108.103418
37.408861
0 -108.101264
37.410347
0 -108.099546
37.412627
0 -108.099168
37.415441
0 -108.098572
37.41651
0 -108.095142
37.419319
0 -108.089509
37.421224
0 -108.087543
37.42514
0 -108.087063
37.427921
0 -108.082871
37.427892
0 -108.080041
37.429187
0 -108.081052
37.432414
0 -108.080622
37.43409
0 -108.07955
37.435309
0 -108.079046
37.437306
0 -108.078042
37.438881
0 -108.073413
37.438961
0 -108.068807
37.43787
0 -108.065406
37.438491
0 -108.063745
37.437745
0 -108.061414
37.437446
0 -108.057397
37.438118
0 -108.055169
37.437545
0 -108.052764
37.437608
0 -108.048443
37.442564
0 -108.044104
37.443
0 -108.043283
37.444349
0 -108.042405
37.448353
0 -108.039878
37.450449
0 -108.038262
37.452454
0 -108.03915
37.454616
0 -108.03881
37.456526
0 -108.037469
37.459066
0 -108.034686
37.460752
0 -108.03401
37.46347
0 -108.033146
37.46494
0 -108.03639
37.471178
0 -108.034704
37.475039
0 -108.034514
37.476829
0 -108.032644
37.478913
0 -108.033653
37.480099
0 -108.033471
37.48314
0 -108.03389
37.484749
0 -108.035932
37.485733
0 -108.036549
37.487755
0 -108.036556
37.491127
0 -108.035345
37.493975
0 -108.03518
37.496354
0 -108.034605
37.497173
0 -108.036321
37.499486
0 -108.037932
37.503189
0 -108.037274
37.50527
0 -108.034079
37.508407
0 -108.031531
37.509309
0 -108.032754
37.509915
0 -108.034521
37.513135
0 -108.033691
37.516321
0 -108.032143
37.518046
0 -108.033588
37.519999
0 -108.034638
37.523226
0 -108.033808
37.525743
0 -108.033746
37.527461
0 -108.034524
37.529527
0 -108.034745
37.532496
0 -108.028908
37.536252
0 -108.025437
37.539719
0 -108.025496
37.541106
0 -108.024115
37.543506
0 -108.024237
37.544943
0 -108.023535
37.546594
0 -108.02154
37.548667
0 -108.021907
37.551279
0 -108.020253
37.55378
0 -108.02053
37.556423
0 -108.019696
37.558524
0 -108.021198
37.559414
0 -108.021746
37.562824
0 -108.018279
37.567141
0 -108.02085
37.571445
0 -108.019506
37.574027
0 -108.020161
37.578284
0 -108.019743
37.580904
0 -108.020534
37.58249
0 -108.019711
37.584947
0 -108.021206
37.588207
0 -108.023006
37.590999
0 -108.022439
37.591426
0 -108.017389
37.591794
0 -108.016639
37.592471
0 -108.01689
37.595399
0 -108.015807
37.596302
0 -108.013944
37.59647
0 -108.014104
37.599028
0 -108.01553
37.600852
0 -108.014298
37.603594
0 -108.012705
37.604922
0 -108.009832
37.605777
0 -108.004844
37.606048
0 -108.00461
37.607317
0 -108.002642
37.609674
0 -108.000748
37.61118
0 -108.0002
37.614325
0 -107.999594
37.614821
0 -107.997648
37.614397
0 -107.994887
37.614857
0 -107.993153
37.615859
0 -107.991713
37.619652
0 -107.989722
37.620707
0 -107.989219
37.622241
0 -107.987221
37.625004
0 -107.985916
37.625181
0 -107.981953
37.627172
0 -107.979878
37.628875
0 -107.972098
37.630215
0 -107.972449
37.631641
0 -107.97212
37.634321
0 -107.969923
37.63717
0 -107.970531
37.638476
0 -107.970086
37.639587
0 -108.107996
37.638753
0 -108.125632
37.638105
0 -108.161142
37.635265
0 -108.408293
37.631886
0 -108.414229
37.632241
0 -108.666056
37.633195
0 -108.66606
37.631583
0 -108.694763
37.631516
0 -108.70078
37.631551
0 -108.917081
37.631902
0 -109.008426
37.525281
0 -109.024945
37.504545
0 -109.039764
37.488159
0 -109.041136
37.487262
0 -109.043463780896
37.4847105614627
0 -109.04581
37.374993
0 -109.045837970864
37.3597250611027
0 -109.04589821607
37.3268401231398
0 