-96.889216
44.195705
0 -96.889206
44.181716
0 -96.889139
44.175003
0 -96.889028
44.167291
0 -96.88903
44.167229
0 -96.888637
44.138282
0 -96.888712
44.10957
0 -96.888705
44.051491
0 -96.888662
44.036988
0 -96.888668
44.0331
0 -96.888701
44.022455
0 -96.88875
44.014817
0 -96.888785
43.993037
0 -96.888777
43.978763
0 -96.888902
43.956294
0 -96.888863
43.935295
0 -96.888805
43.874973
0 -96.888588
43.874532
0 -96.888664
43.848385
0 -96.860648
43.848273
0 -96.850917
43.848258
0 -96.82866
43.848235
0 -96.771248
43.848255
0 -96.768853
43.848251
0 -96.72773
43.848213
0 -96.707214
43.848442
0 -96.70441
43.848183
0 -96.657646
43.848408
0 -96.651136
43.848272
0 -96.648003
43.848206
0 -96.638039
43.847862
0 -96.631775
43.847904
0 -96.532089
43.847523
0 -96.526924
43.847542
0 -96.50663
43.847618
0 -96.497146
43.848085
0 -96.491562
43.848343
0 -96.490768
43.848301
0 -96.488579
43.848511
0 -96.479088
43.848625
0 -96.470131
43.849087
0 -96.4532635931213
43.8495011683367
0 -96.4532636118807
43.8495059094739
0 -96.453264
43.849604
0 -96.453335
43.877029
0 -96.453304
43.878583
0 -96.453183
43.87865
0 -96.4532131642212
43.8912283017687
0 -96.4532666085474
43.9135142695277
0 -96.4532829277277
43.9203192711604
0 -96.4533171679341
43.9345972346126
0 -96.4533221362542
43.9366689946998
0 -96.453352
43.949122
0 -96.453289
43.950814
0 -96.4531884676889
43.9635637671368
0 -96.453165
43.96654
0 -96.453292
43.96718
0 -96.453389
43.97806
0 -96.453263
43.980277
0 -96.4533268993851
43.9926577516394
0 -96.453328
43.992871
0 -96.453297
43.994723
0 -96.453116
44.006876
0 -96.4531109762819
44.0070363602714
0 -96.453053
44.008887
0 -96.4531716351561
44.0143950078582
0 -96.4533322919163
44.021854
0 -96.453373
44.023744
0 -96.4533735560658
44.023773002309
0 -96.453405
44.025413
0 -96.453313
44.03643
0 -96.453187
44.03835
0 -96.4529972784872
44.1111814703427
0 -96.4528457980993
44.1693327006037
0 -96.4527742995591
44.1967800033853
0 -96.525731
44.195735
0 -96.528818
44.195716
0 -96.545947
44.195681
0 -96.579028
44.195574
0 -96.639427
44.195536
0 -96.646177
44.195571
0 -96.648563
44.195583
0 -96.707967
44.195443
0 -96.728895
44.195588
0 -96.748018
44.195811
0 -96.758525
44.195637
0 -96.767367
44.195583
0 -96.769455
44.19558
0 -96.789288
44.195626
0 -96.789622
44.195586
0 -96.889216
44.195705
0 