-92.085617
32.965193
0 -92.085608
32.964555
0 -92.083454
32.962085
0 -92.084536
32.959555
0 -92.084899
32.957031
0 -92.08027
32.957403
0 -92.079505
32.957109
0 -92.078838
32.955165
0 -92.08058
32.951318
0 -92.079981
32.948567
0 -92.077754
32.946501
0 -92.07821
32.942128
0 -92.077182
32.93733
0 -92.076693
32.933871
0 -92.075369
32.930723
0 -92.073607
32.927645
0 -92.072613
32.925232
0 -92.0733
32.922941
0 -92.076655
32.922913
0 -92.078727
32.922492
0 -92.079584
32.920972
0 -92.079446
32.919763
0 -92.077108
32.918304
0 -92.074624
32.917753
0 -92.073888
32.916583
0 -92.074576
32.914425
0 -92.07549
32.914274
0 -92.07819
32.915706
0 -92.07951
32.915831
0 -92.080691
32.914644
0 -92.080625
32.912863
0 -92.078066
32.909893
0 -92.077935
32.909121
0 -92.079508
32.907393
0 -92.081653
32.906568
0 -92.081018
32.90484
0 -92.078277
32.905151
0 -92.076984
32.904086
0 -92.078442
32.902696
0 -92.081225
32.901832
0 -92.081562
32.900283
0 -92.079731
32.897945
0 -92.079067
32.896169
0 -92.077121
32.894202
0 -92.077266
32.893159
0 -92.080139
32.890244
0 -92.082388
32.885587
0 -92.084296
32.882176
0 -92.084803
32.878574
0 -92.084205
32.875924
0 -92.083914
32.875131
0 -92.079376
32.867819
0 -92.078362
32.864929
0 -92.071859
32.857452
0 -92.069044
32.853259
0 -92.065993
32.849704
0 -92.063352
32.847966
0 -92.05739
32.844608
0 -92.056309
32.843082
0 -92.055693
32.839854
0 -92.056038
32.83753
0 -92.057189
32.836583
0 -92.059218
32.836002
0 -92.063762
32.836016
0 -92.065274
32.835505
0 -92.067014
32.833947
0 -92.067486
32.832096
0 -92.067074
32.829708
0 -92.062761
32.828212
0 -92.06096
32.826974
0 -92.061542
32.824179
0 -92.062837
32.823023
0 -92.06599
32.821434
0 -92.065743
32.820055
0 -92.061015
32.808599
0 -92.059285
32.805678
0 -92.05487
32.800076
0 -92.05358
32.797457
0 -92.052728
32.794734
0 -92.052713
32.792009
0 -92.054236
32.786584
0 -92.054279
32.780155
0 -92.054864
32.777898
0 -92.059349
32.768118
0 -92.061854
32.765637
0 -92.063138
32.762179
0 -92.06312
32.759016
0 -92.062499
32.75508
0 -92.061156
32.750135
0 -92.058924
32.747692
0 -92.055265
32.745715
0 -92.052925
32.74404
0 -92.052075
32.741377
0 -92.052668
32.736954
0 -92.055325
32.734863
0 -92.056765
32.734691
0 -92.06355
32.735784
0 -92.066606
32.735278
0 -92.068587
32.734537
0 -92.069639
32.733513
0 -92.068645
32.73231
0 -92.063197
32.732311
0 -92.061906
32.731977
0 -92.059857
32.729738
0 -92.059782
32.727044
0 -92.061685
32.725003
0 -92.065179
32.723003
0 -92.060429
32.722061
0 -92.05658
32.720518
0 -92.053291
32.720419
0 -92.047915
32.719796
0 -92.0496
32.717579
0 -92.051023
32.718799
0 -92.054261
32.718979
0 -92.05614
32.718496
0 -92.059319
32.716343
0 -92.061528
32.71427
0 -92.065741
32.709636
0 -92.064285
32.708739
0 -92.0623
32.709956
0 -92.060915
32.712113
0 -92.057636
32.712778
0 -92.054524
32.714893
0 -92.052135
32.715157
0 -92.052879
32.713181
0 -92.056765
32.7108
0 -92.058475
32.706699
0 -92.057545
32.705093
0 -92.055316
32.703758
0 -92.054713
32.701888
0 -92.05585
32.698074
0 -92.055022
32.69734
0 -92.051229
32.697669
0 -92.045272
32.700303
0 -92.043183
32.700486
0 -92.042829
32.699248
0 -92.044804
32.696861
0 -92.046767
32.696007
0 -92.047068
32.69346
0 -92.050287
32.691294
0 -92.049891
32.686078
0 -92.046927
32.686658
0 -92.044874
32.688939
0 -92.041958
32.69028
0 -92.035099
32.692771
0 -92.032782
32.694384
0 -92.030614
32.697181
0 -92.030279
32.698239
0 -92.030563
32.699366
0 -92.031879
32.700372
0 -92.035327
32.700264
0 -92.038404
32.700802
0 -92.040922
32.701913
0 -92.04292
32.703529
0 -92.044009
32.705285
0 -92.044301
32.706566
0 -92.043357
32.709821
0 -92.042063
32.711335
0 -92.040382
32.71257
0 -92.036424
32.713317
0 -92.033241
32.712336
0 -92.027224
32.703193
0 -92.024135
32.701494
0 -92.021651
32.701592
0 -92.01892
32.700477
0 -92.015996
32.700659
0 -92.013022
32.702926
0 -92.011407
32.705634
0 -92.008617
32.708359
0 -92.005278
32.707906
0 -92.004439
32.707288
0 -92.00013
32.706058
0 -91.996593
32.704589
0 -91.993065
32.704454
0 -91.990893
32.704838
0 -91.989192
32.70663
0 -91.983376
32.706617
0 -91.981896
32.707741
0 -91.98068
32.707648
0 -91.977787
32.708986
0 -91.977106
32.711422
0 -91.975324
32.711612
0 -91.971717
32.70726
0 -91.971039
32.706
0 -91.971146
32.702517
0 -91.971824
32.701005
0 -91.971146
32.69947
0 -91.969843
32.693469
0 -91.968595
32.689207
0 -91.967297
32.686222
0 -91.964807
32.683032
0 -91.962696
32.679435
0 -91.961275
32.677645
0 -91.957189
32.674445
0 -91.954944
32.673976
0 -91.952889
32.672697
0 -91.951826
32.671054
0 -91.949098
32.668732
0 -91.947716
32.664806
0 -91.946513
32.66396
0 -91.942552
32.662896
0 -91.9363
32.658873
0 -91.934725
32.658783
0 -91.932691
32.661439
0 -91.929958
32.666206
0 -91.929271
32.666549
0 -91.923545
32.667626
0 -91.921826
32.667379
0 -91.919206
32.666263
0 -91.914913
32.663277
0 -91.913713
32.66197
0 -91.911683
32.661371
0 -91.909956
32.659101
0 -91.909114
32.654251
0 -91.910021
32.651239
0 -91.91221
32.650383
0 -91.912473
32.649013
0 -91.915507
32.649982
0 -91.919662
32.649272
0 -91.920238
32.648063
0 -91.922664
32.647242
0 -91.924214
32.645255
0 -91.924501
32.642271
0 -91.924378
32.637714
0 -91.923465
32.633793
0 -91.9212
32.629511
0 -91.921097
32.626264
0 -91.921585
32.624555
0 -91.924641
32.621707
0 -91.924401
32.618587
0 -91.925921
32.617163
0 -91.926785
32.615051
0 -91.929537
32.613307
0 -91.930881
32.610507
0 -91.932753
32.608507
0 -91.932681
32.606543
0 -91.933583
32.604537
0 -91.936328
32.601773
0 -91.936874
32.600482
0 -91.93931
32.599028
0 -91.941765
32.596973
0 -91.942346
32.593119
0 -91.941965
32.591573
0 -91.943419
32.587119
0 -91.940765
32.587028
0 -91.938237
32.584028
0 -91.934655
32.582773
0 -91.933274
32.5815
0 -91.931583
32.581937
0 -91.927863
32.583861
0 -91.925377
32.58302
0 -91.923968
32.582012
0 -91.922848
32.579852
0 -91.922432
32.576924
0 -91.923536
32.575388
0 -91.925527
32.573725
0 -91.927201
32.57118
0 -91.927233
32.569932
0 -91.926214
32.565895
0 -91.925077
32.564496
0 -91.923779
32.559951
0 -91.922045
32.558408
0 -91.922417
32.555359
0 -91.921439
32.552949
0 -91.92152
32.550926
0 -91.920738
32.547411
0 -91.918318
32.54327
0 -91.914708
32.539688
0 -91.911719
32.537776
0 -91.907939
32.536035
0 -91.907439
32.535149
0 -91.909119
32.533005
0 -91.906287
32.529421
0 -91.904832
32.528621
0 -91.904448
32.527613
0 -91.90328
32.520557
0 -91.90424
32.516894
0 -91.90416
32.515326
0 -91.90704
32.513198
0 -91.90792
32.511774
0 -91.913057
32.505902
0 -91.910353
32.505774
0 -91.908288
32.507438
0 -91.906656
32.507598
0 -91.903968
32.509022
0 -91.901984
32.512605
0 -91.90096
32.513309
0 -91.90024
32.515853
0 -91.90088
32.51899
0 -91.900672
32.52102
0 -91.899008
32.523037
0 -91.898992
32.527565
0 -91.899456
32.529549
0 -91.898592
32.531581
0 -91.897824
32.53566
0 -91.896
32.53774
0 -91.891856
32.540157
0 -91.890832
32.541869
0 -91.888816
32.543484
0 -91.8872
32.543948
0 -91.882464
32.541356
0 -91.881536
32.541356
0 -91.881184
32.539645
0 -91.877312
32.536973
0 -91.877664
32.534125
0 -91.874696
32.531917
0 -91.874449
32.530475
0 -91.871932
32.528301
0 -91.869523
32.525666
0 -91.867306
32.524223
0 -91.866439
32.522483
0 -91.86168
32.521659
0 -91.860192
32.520905
0 -91.857811
32.518592
0 -91.853593
32.517744
0 -91.851781
32.518067
0 -91.847346
32.517197
0 -91.845264
32.51729
0 -91.842669
32.518527
0 -91.840992
32.518138
0 -91.839154
32.51862
0 -91.838803
32.519993
0 -91.839263
32.522399
0 -91.838128
32.523615
0 -91.838696
32.525194
0 -91.836966
32.527119
0 -91.838751
32.530051
0 -91.838996
32.533946
0 -91.839997
32.535849
0 -91.839619
32.538048
0 -91.837952
32.541573
0 -91.837652
32.543531
0 -91.835675
32.545417
0 -91.83275
32.546472
0 -91.832642
32.547717
0 -91.830452
32.550649
0 -91.829072
32.551153
0 -91.825286
32.553559
0 -91.818415
32.553835
0 -91.816873
32.554706
0 -91.815629
32.556469
0 -91.815573
32.558878
0 -91.814333
32.560296
0 -91.814896
32.562918
0 -91.817476
32.565337
0 -91.817787
32.566276
0 -91.816579
32.567203
0 -91.813336
32.56758
0 -91.810786
32.569505
0 -91.80432
32.571316
0 -91.802588
32.570926
0 -91.801243
32.569464
0 -91.797557
32.570363
0 -91.798051
32.56789
0 -91.796749
32.566311
0 -91.793486
32.563924
0 -91.78938
32.56537
0 -91.78542
32.563859
0 -91.785424
32.560834
0 -91.784512
32.559443
0 -91.780771
32.559731
0 -91.778237
32.561435
0 -91.776087
32.561512
0 -91.775103
32.560822
0 -91.774141
32.558543
0 -91.769798
32.554375
0 -91.767736
32.554188
0 -91.763873
32.555571
0 -91.761194
32.557581
0 -91.760714
32.559272
0 -91.759742
32.559571
0 -91.757126
32.559519
0 -91.756077
32.560957
0 -91.754703
32.56149
0 -91.753135
32.560159
0 -91.75298
32.559263
0 -91.755232
32.558363
0 -91.754954
32.557516
0 -91.750562
32.55717
0 -91.74773
32.557484
0 -91.7452
32.558566
0 -91.742286
32.558906
0 -91.739651
32.561299
0 -91.736806
32.568568
0 -91.735118
32.571477
0 -91.735483
32.575383
0 -91.737087
32.576948
0 -91.739731
32.578321
0 -91.73719
32.579976
0 -91.736044
32.583698
0 -91.734937
32.585334
0 -91.73477
32.587854
0 -91.733873
32.588956
0 -91.731004
32.591043
0 -91.7284
32.593908
0 -91.727864
32.59693
0 -91.72506
32.599826
0 -91.72324
32.601186
0 -91.719885
32.605725
0 -91.717755
32.606644
0 -91.714566
32.608728
0 -91.713374
32.610633
0 -91.7114
32.611755
0 -91.708362
32.61216
0 -91.705991
32.613177
0 -91.702644
32.611863
0 -91.698928
32.611451
0 -91.698109
32.610534
0 -91.697749
32.608511
0 -91.695211
32.607844
0 -91.690296
32.608463
0 -91.687616
32.61099
0 -91.687719
32.613951
0 -91.687068
32.614846
0 -91.685302
32.615237
0 -91.682757
32.614839
0 -91.679072
32.613721
0 -91.674781
32.612966
0 -91.673022
32.611198
0 -91.671986
32.611187
0 -91.669541
32.613884
0 -91.665733
32.617004
0 -91.662991
32.618586
0 -91.660587
32.621251
0 -91.659686
32.624504
0 -91.656865
32.627935
0 -91.655295
32.630682
0 -91.65368
32.631673
0 -91.65306
32.632779
0 -91.654172
32.634954
0 -91.654032
32.635966
0 -91.652476
32.638005
0 -91.651225
32.638731
0 -91.648674
32.638663
0 -91.647093
32.639924
0 -91.643426
32.647708
0 -91.64131
32.651764
0 -91.640977
32.653185
0 -91.640437
32.657425
0 -91.636873
32.658153
0 -91.639164
32.661188
0 -91.636605
32.663449
0 -91.637587
32.667341
0 -91.63738
32.66849
0 -91.636209
32.669217
0 -91.632768
32.66971
0 -91.631325
32.67202
0 -91.628984
32.673372
0 -91.628742
32.675429
0 -91.625121
32.677643
0 -91.621993
32.679944
0 -91.621618
32.680849
0 -91.623231
32.68424
0 -91.62321
32.685384
0 -91.620495
32.68801
0 -91.620794
32.689124
0 -91.622706
32.691308
0 -91.623437
32.694989
0 -91.624023
32.69567
0 -91.62861
32.695546
0 -91.629748
32.698433
0 -91.632404
32.701237
0 -91.636328
32.700581
0 -91.638073
32.70111
0 -91.638883
32.702472
0 -91.637429
32.705289
0 -91.634671
32.707513
0 -91.633842
32.708987
0 -91.632903
32.713938
0 -91.630758
32.715394
0 -91.630151
32.717748
0 -91.629211
32.71885
0 -91.625121
32.719234
0 -91.623473
32.719817
0 -91.621363
32.722012
0 -91.618877
32.72063
0 -91.617627
32.72166
0 -91.617443
32.725125
0 -91.617737
32.726509
0 -91.615123
32.727822
0 -91.614523
32.730204
0 -91.611079
32.731167
0 -91.612309
32.735901
0 -91.611713
32.738048
0 -91.608685
32.737974
0 -91.606923
32.738455
0 -91.603998
32.74158
0 -91.60264
32.743954
0 -91.600703
32.745308
0 -91.597171
32.748897
0 -91.596059
32.751725
0 -91.596081
32.754798
0 -91.595356
32.759406
0 -91.596099
32.762465
0 -91.595407
32.766207
0 -91.595841
32.771054
0 -91.595933
32.7725
0 -91.597343
32.773905
0 -91.596835
32.775424
0 -91.598878
32.775917
0 -91.600825
32.779508
0 -91.600282
32.781802
0 -91.600927
32.782404
0 -91.605083
32.781908
0 -91.605331
32.78295
0 -91.602765
32.787444
0 -91.601687
32.78772
0 -91.599626
32.790291
0 -91.59703
32.790944
0 -91.595126
32.793042
0 -91.592652
32.793967
0 -91.593269
32.796253
0 -91.592634
32.796962
0 -91.590868
32.796132
0 -91.589792
32.796778
0 -91.589479
32.79838
0 -91.59046
32.800545
0 -91.58867
32.801969
0 -91.590876
32.802664
0 -91.59074
32.805964
0 -91.591189
32.807207
0 -91.588849
32.809948
0 -91.587085
32.809452
0 -91.58645
32.810164
0 -91.5877
32.811537
0 -91.585609
32.815657
0 -91.583086
32.8153
0 -91.584639
32.816511
0 -91.584147
32.818089
0 -91.582834
32.819173
0 -91.579508
32.818586
0 -91.579131
32.82172
0 -91.57554
32.823255
0 -91.573595
32.825387
0 -91.572966
32.826973
0 -91.573417
32.828519
0 -91.576624
32.829276
0 -91.57775
32.83001
0 -91.577361
32.831629
0 -91.57472
32.831576
0 -91.573618
32.834276
0 -91.573708
32.841279
0 -91.572682
32.842747
0 -91.569694
32.845443
0 -91.569682
32.849381
0 -91.568171
32.850803
0 -91.56696
32.855019
0 -91.562367
32.85656
0 -91.559938
32.858459
0 -91.557753
32.860861
0 -91.553366
32.863208
0 -91.549189
32.867103
0 -91.547213
32.870918
0 -91.54683
32.873412
0 -91.545635
32.874326
0 -91.542355
32.874848
0 -91.541202
32.876551
0 -91.537292
32.87688
0 -91.534728
32.87747
0 -91.530025
32.876102
0 -91.524421
32.875725
0 -91.521134
32.876569
0 -91.518423
32.876719
0 -91.516325
32.877788
0 -91.511515
32.879007
0 -91.507089
32.882317
0 -91.503905
32.88377
0 -91.500993
32.88664
0 -91.498142
32.889246
0 -91.494655
32.890796
0 -91.496684
32.894436
0 -91.497908
32.898162
0 -91.498296
32.901705
0 -91.497499
32.9061
0 -91.496875
32.906996
0 -91.491783
32.910131
0 -91.489318
32.912475
0 -91.488307
32.914341
0 -91.483669
32.920043
0 -91.480287
32.923682
0 -91.477158
32.92534
0 -91.475453
32.927697
0 -91.476196
32.930357
0 -91.479736
32.93542
0 -91.479766
32.937341
0 -91.477048
32.941598
0 -91.473257
32.945498
0 -91.46949
32.946975
0 -91.46669
32.949782
0 -91.46442
32.950749
0 -91.463998
32.954544
0 -91.461925
32.958644
0 -91.460212
32.961238
0 -91.458363
32.962885
0 -91.456279
32.965842
0 -91.450926
32.968128
0 -91.443936
32.971663
0 -91.441134
32.974471
0 -91.438491
32.978797
0 -91.437551
32.980932
0 -91.439032
32.985505
0 -91.442688
32.985239
0 -91.44281
32.982211
0 -91.444102
32.981867
0 -91.44588
32.982844
0 -91.448764
32.982967
0 -91.449623
32.983825
0 -91.447425
32.986542
0 -91.446216
32.986755
0 -91.445498
32.988121
0 -91.447121
32.988894
0 -91.44933
32.988768
0 -91.447881
32.991971
0 -91.44638
32.992616
0 -91.441355
32.990094
0 -91.438925
32.990957
0 -91.438116
33.000124
0 -91.436195
33.000233
0 -91.433352
33.001615
0 -91.435179
33.003692
0 -91.437364
33.002699
0 -91.435782
33.006099
0 -91.453369
33.005843
0 -91.4604000514466
33.0059095659352
0 -91.489176
33.006182
0 -91.500118
33.006784
0 -91.559494
33.00684
0 -91.572326
33.006908
0 -91.579639
33.006472
0 -91.579802
33.006518
0 -91.609001
33.006556
0 -91.617615
33.006717
0 -91.6236548008718
33.0066649730019
0 -91.62667
33.006639
0 -91.6276389719966
33.006647277932
0 -91.656303566408
33.0068921596877
0 -91.6991091033497
33.0072578475773
0 -91.735531
33.007569
0 -91.755068
33.00701
0 -91.8002944875779
33.0072804699157
0 -91.8003160450046
33.0072805988365
0 -91.875128
33.007728
0 -91.9242880632987
33.0075914315018
0 -91.950001
33.00752
0 -91.951958
33.007428
0 -91.9777977772244
33.0075901231125
0 -92.0011193089961
33.0077364463291
0 -92.069105
33.008163
0 -92.066814
33.003255
0 -92.066741
33.001446
0 -92.070713
32.999065
0 -92.072003
32.997005
0 -92.071715
32.993646
0 -92.070925
32.991501
0 -92.071391
32.987766
0 -92.072816
32.986746
0 -92.076639
32.985706
0 -92.078385
32.984851
0 -92.081817
32.981628
0 -92.080913
32.979922
0 -92.075428
32.973782
0 -92.075129
32.97244
0 -92.076088
32.969609
0 -92.077636
32.96889
0 -92.079714
32.968873
0 -92.083
32.969417
0 -92.085617
32.965193
0 