-96.933022
38.657858
0 -96.933924
38.65535
0 -96.931808
38.654225
0 -96.931378
38.653945
0 -96.930566
38.653224
0 -96.930542
38.652925
0 -96.929697
38.651749
0 -96.930303
38.650491
0 -96.930376
38.638426
0 -96.930076
38.616602
0 -96.930336
38.614961
0 -96.930286
38.609362
0 -96.929969
38.522412
0 -96.819723
38.522464
0 -96.819021
38.522488
0 -96.81783
38.522396
0 -96.745575
38.522129
0 -96.734015
38.522077
0 -96.709102
38.522022
0 -96.597554
38.521974
0 -96.55749
38.521821
0 -96.533991
38.521676
0 -96.464802
38.521559
0 -96.462285
38.521638
0 -96.368708
38.521744
0 -96.35378
38.521657
0 -96.35378
38.536382
0 -96.35362
38.549675
0 -96.353543
38.571216
0 -96.353503
38.572076
0 -96.35332
38.594286
0 -96.353088
38.608893
0 -96.353338
38.623473
0 -96.353206
38.687504
0 -96.353032
38.688464
0 -96.353047
38.692343
0 -96.353056
38.695479
0 -96.352613
38.739021
0 -96.371328
38.73917
0 -96.389749
38.738984
0 -96.390075
38.751931
0 -96.390398
38.825858
0 -96.408511
38.826032
0 -96.427881
38.825482
0 -96.436211
38.825673
0 -96.461935
38.825985
0 -96.462035
38.825967
0 -96.501397
38.826188
0 -96.501373
38.851804
0 -96.501656
38.85475
0 -96.501556
38.869704
0 -96.519396
38.869791
0 -96.520184
38.869879
0 -96.631026
38.870225
0 -96.649575
38.870158
0 -96.686986
38.870322
0 -96.704926
38.870332
0 -96.705428
38.870256
0 -96.760624
38.870102
0 -96.815905
38.869893
0 -96.853024
38.86996
0 -96.890245
38.870067
0 -96.89029
38.855762
0 -96.890052
38.841052
0 -96.890171
38.812169
0 -96.927234
38.81216
0 -96.927225
38.78314
0 -96.927237
38.775836
0 -96.927284
38.768616
0 -96.927431
38.754123
0 -96.927557
38.720724
0 -96.928434
38.712443
0 -96.927515
38.712359
0 -96.927374
38.696005
0 -96.930409
38.696009
0 -96.930402
38.68456
0 -96.93041
38.681863
0 -96.930411
38.680572
0 -96.930413
38.679179
0 -96.930482
38.677711
0 -96.930585
38.67665
0 -96.933022
38.657858
0 