-120.005711
45.350614
0 -120.00674
45.257454
0 -119.898472
45.256155
0 -119.882037
45.255956
0 -119.882986
45.192813
0 -119.883201
45.19089
0 -119.882993
45.189274
0 -119.883034
45.169657
0 -119.780144
45.169283
0 -119.764248
45.167847
0 -119.760125
45.16758
0 -119.760426
45.081261
0 -119.790327
45.08146
0 -119.790426
45.067761
0 -119.79164
45.050003
0 -119.791196
45.023521
0 -119.791055
44.994636
0 -119.781888
44.994656
0 -119.753282
44.994744
0 -119.74778
44.994476
0 -119.671987
44.994424
0 -119.666708
44.993525
0 -119.656776
44.99409
0 -119.634604
44.994175
0 -119.627164
44.994439
0 -119.624314
44.994879
0 -119.587474
44.995595
0 -119.531096
44.995483
0 -119.524894
44.995842
0 -119.509458
44.996286
0 -119.501423
44.995961
0 -119.490981
44.99652
0 -119.408168
44.994759
0 -119.392873
44.995006
0 -119.388536
44.99487
0 -119.382861
44.995089
0 -119.379641
44.994903
0 -119.370871
44.994995
0 -119.338353
44.995049
0 -119.306615
44.995889
0 -119.176618
44.995429
0 -119.163882
44.995887
0 -119.162848
45.00648
0 -119.163103
45.082863
0 -119.146402
45.082963
0 -119.146629
45.120635
0 -119.147
45.124858
0 -119.146971
45.143739
0 -119.14689
45.148112
0 -119.146909
45.148623
0 -119.146853
45.171034
0 -119.146929
45.218156
0 -119.147291
45.220909
0 -119.147148
45.231836
0 -119.147178
45.232298
0 -119.147376
45.238216
0 -119.147424
45.241569
0 -119.146216
45.255341
0 -119.147117
45.255341
0 -119.145425
45.428864
0 -119.145408
45.44985
0 -119.145407
45.451165
0 -119.14537
45.496725
0 -119.145648
45.499845
0 -119.14537
45.516055
0 -119.248276
45.516102
0 -119.248589
45.565882
0 -119.248328
45.573184
0 -119.248241
45.601873
0 -119.251126
45.602085
0 -119.372852
45.60276
0 -119.37613
45.602955
0 -119.434639
45.602771
0 -119.434513
45.621465
0 -119.434774
45.624851
0 -119.434652
45.688512
0 -119.434783
45.69002
0 -119.434815
45.704487
0 -119.434792
45.746141
0 -119.434698
45.756433
0 -119.435016
45.802206
0 -119.435026
45.805453
0 -119.434774
45.808235
0 -119.434741
45.837417
0 -119.434549
45.864628
0 -119.432354
45.864589
0 -119.432358
45.865429
0 -119.432563
45.879327
0 -119.432804
45.893635
0 -119.432172
45.907286
0 -119.431889610726
45.9182633352062
0 -119.450256
45.917354
0 -119.456258999876
45.9155890320807
0 -119.487829
45.906307
0 -119.524632
45.908605
0 -119.536947009462
45.9130248378011
0 -119.571584
45.925456
0 -119.600549
45.919581
0 -119.623393
45.905639
0 -119.669877
45.856867
0 -119.672193139108
45.8566132698264
0 -119.729905392059
45.8502909639208
0 -119.772927
45.845578
0 -119.802655
45.84753
0 -119.868135
45.835962
0 -119.876144
45.834718
0 -119.907461
45.828135
0 -119.908919979031
45.8280406268389
0 -119.965744
45.824365
0 -119.999502134311
45.8124813815411
0 -119.998764
45.687979
0 -119.998748
45.684931
0 -119.999243
45.517431
0 -120.00471
45.517116
0 -120.00538
45.385918
0 -120.005711
45.350614
0 