-94.653462
46.348678
0 -94.653243
46.333664
0 -94.653387
46.324397
0 -94.65319
46.318733
0 -94.653304
46.282632
0 -94.647909
46.282439
0 -94.648039
46.278969
0 -94.647625
46.252454
0 -94.647815
46.242598
0 -94.647436
46.23773
0 -94.647378
46.223908
0 -94.647927
46.220637
0 -94.647817
46.216555
0 -94.647993
46.215674
0 -94.647807
46.213331
0 -94.647727
46.194809
0 -94.647721
46.194148
0 -94.647603
46.183859
0 -94.64763
46.182604
0 -94.647634
46.179939
0 -94.647619
46.166262
0 -94.647914
46.16574
0 -94.647595
46.163733
0 -94.647573
46.161013
0 -94.647537
46.156563
0 -94.647495
46.155396
0 -94.647561
46.154722
0 -94.647787
46.107816
0 -94.647899
46.093301
0 -94.647887
46.085267
0 -94.647883
46.056863
0 -94.647907
46.049641
0 -94.647856
46.048921
0 -94.648217
46.020416
0 -94.648182
46.020217
0 -94.648147
46.018356
0 -94.648802
45.933369
0 -94.648349
45.932903
0 -94.643736
45.932854
0 -94.643487
45.932241
0 -94.643545
45.9209
0 -94.643573
45.918485
0 -94.643492
45.917991
0 -94.643635
45.913853
0 -94.643672
45.912448
0 -94.643744
45.912121
0 -94.643774
45.910885
0 -94.643916
45.910384
0 -94.643685
45.910403
0 -94.643635
45.909928
0 -94.643643
45.908012
0 -94.643725
45.904777
0 -94.64365
45.903921
0 -94.643737
45.860361
0 -94.64373
45.856441
0 -94.643701
45.853597
0 -94.643757
45.853048
0 -94.643746
45.852346
0 -94.643735
45.846927
0 -94.643905
45.845703
0 -94.643976
45.830909
0 -94.644034
45.817068
0 -94.644053
45.812689
0 -94.644042
45.802924
0 -94.643944
45.796318
0 -94.643903
45.791714
0 -94.643924
45.78466
0 -94.643949
45.781201
0 -94.64399
45.77395
0 -94.635945
45.774013
0 -94.630093
45.774077
0 -94.624725
45.774135
0 -94.621547
45.77415
0 -94.61134
45.77417
0 -94.540508
45.774263
0 -94.53397
45.77442
0 -94.52887
45.77439
0 -94.519647
45.77437
0 -94.5133
45.77438
0 -94.481063
45.774989
0 -94.47643
45.77509
0 -94.45034
45.7753
0 -94.44637
45.7753
0 -94.38812
45.77526
0 -94.33154
45.77517
0 -94.315098
45.77521
0 -94.30526
45.7752
0 -94.271776
45.775208
0 -94.273952
45.776609
0 -94.278843
45.777788
0 -94.281854
45.779557
0 -94.284899
45.780456
0 -94.288405
45.78044
0 -94.291803
45.781551
0 -94.294915
45.783498
0 -94.299817
45.784828
0 -94.305489
45.785261
0 -94.308122
45.786995
0 -94.312007
45.790589
0 -94.312827
45.792053
0 -94.313521
45.79536
0 -94.312861
45.797531
0 -94.31323
45.800071
0 -94.314758
45.801064
0 -94.317357
45.801041
0 -94.319441
45.800076
0 -94.322844
45.797782
0 -94.324499
45.797713
0 -94.327853
45.79861
0 -94.33006
45.800748
0 -94.334582
45.802754
0 -94.340875
45.808322
0 -94.344945
45.811314
0 -94.349205
45.81583
0 -94.352016
45.819787
0 -94.353165
45.822131
0 -94.351738
45.822159
0 -94.347985
45.822091
0 -94.325202
45.822324
0 -94.304076
45.822481
0 -94.303972
45.822482
0 -94.2883
45.822599
0 -94.276455
45.822653
0 -94.261702
45.822826
0 -94.198502
45.823184
0 -94.135353
45.823298
0 -94.129628
45.823272
0 -94.124801
45.823225
0 -94.124123
45.823216
0 -94.073327
45.823511
0 -94.06857
45.823541
0 -94.052206
45.823645
0 -94.041984
45.823684
0 -94.020942
45.823881
0 -94.010432
45.823981
0 -94.000614
45.824131
0 -93.938176
45.823982
0 -93.927742
45.823601
0 -93.885971
45.823126
0 -93.867039
45.822549
0 -93.846335
45.82267
0 -93.825773
45.822117
0 -93.818058
45.822128
0 -93.816026
45.822131
0 -93.763948
45.822143
0 -93.764399
45.830789
0 -93.764332
45.83663
0 -93.765841
45.862109
0 -93.766649
45.865822
0 -93.766825
45.87291
0 -93.766515
45.873496
0 -93.768374
45.909702
0 -93.768603
45.910411
0 -93.768446
45.93907
0 -93.767894
45.953023
0 -93.768891
45.982525
0 -93.810321
45.98308
0 -93.810526
46.070034
0 -93.810526
46.07024
0 -93.810224
46.152263
0 -93.810362
46.156585
0 -93.8958
46.1569
0 -93.89616
46.15685
0 -93.914443
46.156777
0 -93.923286
46.156673
0 -93.937295
46.156576
0 -93.9411
46.156587
0 -93.941679
46.156649
0 -94.025399
46.156364
0 -94.035161
46.156612
0 -94.04002
46.15648
0 -94.042084
46.156475
0 -94.06241
46.15639
0 -94.07236
46.15645
0 -94.076564
46.156376
0 -94.082276
46.156243
0 -94.092641
46.156127
0 -94.12497
46.155992
0 -94.141628
46.155917
0 -94.165766
46.156393
0 -94.166446
46.156515
0 -94.18839
46.15705
0 -94.229687
46.156978
0 -94.236928
46.156992
0 -94.237718
46.157025
0 -94.242947
46.157299
0 -94.246378
46.157128
0 -94.29207
46.15717
0 -94.302549
46.157184
0 -94.31369
46.15713
0 -94.32912
46.156847
0 -94.33461
46.1571
0 -94.35008
46.157109
0 -94.374592
46.157093
0 -94.373524
46.160631
0 -94.371357
46.163226
0 -94.370961
46.164919
0 -94.372055
46.169261
0 -94.371644
46.173991
0 -94.370125
46.175603
0 -94.366036
46.177692
0 -94.365929
46.179143
0 -94.368837
46.182658
0 -94.373918
46.188082
0 -94.375281
46.190316
0 -94.380431
46.194456
0 -94.385044
46.196702
0 -94.386141
46.197723
0 -94.386947
46.201793
0 -94.387843
46.203846
0 -94.391839
46.206292
0 -94.394831
46.209394
0 -94.395718
46.211859
0 -94.394897
46.217265
0 -94.395049
46.220838
0 -94.394384
46.228711
0 -94.392726
46.230749
0 -94.390133
46.231863
0 -94.388981
46.233166
0 -94.38979
46.236058
0 -94.388922
46.238166
0 -94.384737
46.240205
0 -94.378834
46.240462
0 -94.372702
46.242954
0 -94.371183
46.244011
0 -94.365598
46.249967
0 -94.363479
46.251971
0 -94.360467
46.253516
0 -94.355302
46.255095
0 -94.354387
46.256032
0 -94.353616
46.259941
0 -94.355549
46.262705
0 -94.354783
46.264214
0 -94.350526
46.267175
0 -94.347679
46.268193
0 -94.34135
46.269223
0 -94.33977
46.270087
0 -94.337739
46.273972
0 -94.338022
46.275562
0 -94.341679
46.277705
0 -94.346415
46.276616
0 -94.34986
46.278367
0 -94.350635
46.279859
0 -94.348769
46.28245
0 -94.344746
46.285264
0 -94.343673
46.286628
0 -94.343936
46.287813
0 -94.346041
46.291074
0 -94.349411
46.293381
0 -94.350529
46.295407
0 -94.356237
46.298139
0 -94.360673
46.300008
0 -94.363923
46.299988
0 -94.370736
46.297166
0 -94.373125
46.297881
0 -94.374996
46.302292
0 -94.377633
46.304223
0 -94.380285
46.308232
0 -94.38192
46.309457
0 -94.383073
46.308451
0 -94.383889
46.305898
0 -94.38583
46.304156
0 -94.387365
46.303542
0 -94.390147
46.303494
0 -94.391187
46.304161
0 -94.391231
46.306124
0 -94.386968
46.309119
0 -94.386844
46.31034
0 -94.389232
46.312446
0 -94.390964
46.312798
0 -94.396165
46.313031
0 -94.399653
46.315296
0 -94.400156
46.319991
0 -94.402291
46.321566
0 -94.407332
46.32298
0 -94.411691
46.32508
0 -94.415973
46.325872
0 -94.41773
46.326789
0 -94.423099
46.327697
0 -94.423823
46.328271
0 -94.423789
46.330743
0 -94.426529
46.332336
0 -94.430306
46.332414
0 -94.4347
46.330522
0 -94.443179
46.33187
0 -94.445111
46.331791
0 -94.449432
46.330295
0 -94.451725
46.328305
0 -94.453386
46.327976
0 -94.454764
46.328468
0 -94.45762
46.331406
0 -94.459253
46.331459
0 -94.461556
46.330221
0 -94.46568
46.32573
0 -94.467386
46.322569
0 -94.469312
46.321946
0 -94.473268
46.320594
0 -94.474644
46.320406
0 -94.476399
46.320351
0 -94.481072
46.321473
0 -94.482118
46.318284
0 -94.483826
46.315805
0 -94.487726
46.314268
0 -94.490026
46.313898
0 -94.495266
46.315011
0 -94.4976
46.31521
0 -94.501878
46.313519
0 -94.505381
46.313468
0 -94.507885
46.312863
0 -94.510251
46.309431
0 -94.513392
46.308195
0 -94.517229
46.308816
0 -94.534724
46.302797
0 -94.540523
46.303504
0 -94.545061
46.304756
0 -94.548259
46.306706
0 -94.550436
46.307532
0 -94.556183
46.307136
0 -94.557405
46.307735
0 -94.559094
46.311203
0 -94.561223
46.312424
0 -94.565992
46.313499
0 -94.56795
46.313941
0 -94.572971
46.31594
0 -94.581724
46.322126
0 -94.585557
46.324378
0 -94.594391
46.326784
0 -94.59748
46.326553
0 -94.600951
46.327217
0 -94.604213
46.330051
0 -94.607545
46.329468
0 -94.609169
46.3284
0 -94.612254
46.325051
0 -94.614168
46.324549
0 -94.616064
46.324814
0 -94.617722
46.32756
0 -94.61883
46.32776
0 -94.622062
46.326405
0 -94.622852
46.326665
0 -94.625291
46.330401
0 -94.632295
46.337059
0 -94.632906
46.337569
0 -94.633996
46.338831
0 -94.636003
46.340661
0 -94.636554
46.34099
0 -94.637279
46.341423
0 -94.640141
46.341969
0 -94.643929
46.341681
0 -94.650791
46.347043
0 -94.653462
46.348678
0 