-101.041763
33.962895
0 -101.041489
33.958019
0 -101.041158
33.833625
0 -100.957016
33.834011
0 -100.928689
33.834229
0 -100.926924
33.834258
0 -100.518691
33.83565
0 -100.518088
34.003886
0 -100.517991
34.060225
0 -100.518164
34.060695
0 -100.518362
34.167737
0 -100.51734
34.314102
0 -100.624038
34.314191
0 -100.625404
34.313399
0 -100.627316
34.313392
0 -100.670188
34.313244
0 -100.672837
34.313474
0 -100.682694
34.313391
0 -100.723385
34.313319
0 -100.769851
34.313257
0 -100.946132
34.312759
0 -100.963587
34.312754
0 -100.963904
34.312687
0 -101.041484
34.312444
0 -101.041501
34.256296
0 -101.041344
34.177758
0 -101.041437
34.130796
0 -101.041482
34.0784
0 -101.041456
33.98975
0 -101.041763
33.962895
0 