-102.885753
48.459445
0 -102.885821
48.416014
0 -102.885738
48.372597
0 -102.868589
48.372748
0 -102.865882
48.372537
0 -102.848128
48.372546
0 -102.828061
48.37292
0 -102.828279
48.356614
0 -102.828089
48.347341
0 -102.828191
48.298686
0 -102.828305
48.285042
0 -102.828198
48.284294
0 -102.828194
48.284138
0 -102.82824
48.259123
0 -102.828201
48.2589
0 -102.828188
48.197113
0 -102.828162
48.12502
0 -102.828477
48.123664
0 -102.8241
48.122424
0 -102.806472
48.118937
0 -102.803211
48.118743
0 -102.79479
48.11913
0 -102.790534
48.120113
0 -102.78528
48.121769
0 -102.777347
48.125019
0 -102.769498
48.129533
0 -102.766283
48.130354
0 -102.762314
48.129962
0 -102.75779
48.128866
0 -102.750462
48.126206
0 -102.748462
48.125018
0 -102.744816
48.123863
0 -102.742302
48.122293
0 -102.739783
48.119886
0 -102.73756
48.116608
0 -102.737445
48.113661
0 -102.737826
48.109842
0 -102.738807
48.105956
0 -102.739846
48.10351
0 -102.741635
48.10076
0 -102.744533
48.099349
0 -102.750462
48.097993
0 -102.757335
48.095732
0 -102.758333
48.095092
0 -102.757721
48.093347
0 -102.75586
48.092443
0 -102.752147
48.091678
0 -102.744162
48.091019
0 -102.740462
48.090319
0 -102.733162
48.088318
0 -102.724062
48.087818
0 -102.718062
48.087818
0 -102.712661
48.088218
0 -102.703661
48.087918
0 -102.698732
48.086539
0 -102.692617
48.084924
0 -102.688906
48.083689
0 -102.684346
48.083058
0 -102.677233
48.082665
0 -102.671067
48.081164
0 -102.667707
48.079895
0 -102.663487
48.076651
0 -102.662679
48.07491
0 -102.662304
48.068548
0 -102.663718
48.058834
0 -102.667203
48.054243
0 -102.668041
48.050859
0 -102.667583
48.049152
0 -102.666324
48.047043
0 -102.661653
48.042862
0 -102.658192
48.040688
0 -102.654684
48.039252
0 -102.650327
48.038318
0 -102.639766
48.03712
0 -102.632414
48.038331
0 -102.62546
48.040781
0 -102.616359
48.046287
0 -102.612661
48.047101
0 -102.60836
48.046351
0 -102.602398
48.041318
0 -102.600367
48.039068
0 -102.599405
48.037246
0 -102.598825
48.032843
0 -102.598699
48.026626
0 -102.599174
48.019668
0 -102.597693
48.014603
0 -102.593862
48.011619
0 -102.584594
48.007851
0 -102.572613
48.004208
0 -102.561692
48.001583
0 -102.5567
48.000757
0 -102.552981
47.998646
0 -102.551583
47.996054
0 -102.551659
47.991516
0 -102.555359
47.984716
0 -102.559115
47.979691
0 -102.56156
47.974916
0 -102.563668
47.971666
0 -102.565902
47.969028
0 -102.573584
47.961134
0 -102.578078
47.956808
0 -102.580561
47.954815
0 -102.583461
47.952715
0 -102.591561
47.947715
0 -102.597161
47.945015
0 -102.605262
47.941716
0 -102.610462
47.939116
0 -102.612562
47.937716
0 -102.61626
47.934418
0 -102.621463
47.928916
0 -102.625463
47.926216
0 -102.627663
47.923916
0 -102.630663
47.919615
0 -102.632663
47.917315
0 -102.639763
47.910915
0 -102.644764
47.906715
0 -102.647864
47.901615
0 -102.649064
47.896015
0 -102.648964
47.891415
0 -102.649464
47.888615
0 -102.649464
47.883215
0 -102.649664
47.882415
0 -102.654965
47.875015
0 -102.654665
47.870915
0 -102.656165
47.861818
0 -102.654665
47.851814
0 -102.653366
47.847414
0 -102.652766
47.844714
0 -102.650766
47.838314
0 -102.650266
47.835414
0 -102.648366
47.829914
0 -102.646366
47.826613
0 -102.642266
47.823713
0 -102.635266
47.818413
0 -102.631166
47.815013
0 -102.628466
47.811913
0 -102.624466
47.806413
0 -102.623166
47.805513
0 -102.612166
47.800512
0 -102.606466
47.798312
0 -102.603565
47.797612
0 -102.596565
47.795112
0 -102.592265
47.792812
0 -102.583565
47.788912
0 -102.572065
47.784311
0 -102.568065
47.782411
0 -102.561965
47.780111
0 -102.559765
47.779811
0 -102.553265
47.779911
0 -102.547764
47.780411
0 -102.539364
47.781711
0 -102.535464
47.782611
0 -102.521864
47.783411
0 -102.515263
47.782911
0 -102.504063
47.78111
0 -102.500663
47.78001
0 -102.499063
47.78001
0 -102.495463
47.77881
0 -102.487863
47.77471
0 -102.481662
47.77001
0 -102.472962
47.76491
0 -102.471062
47.76411
0 -102.462962
47.76151
0 -102.459461
47.76091
0 -102.444761
47.76031
0 -102.43306
47.759309
0 -102.42936
47.758309
0 -102.42266
47.755509
0 -102.418159
47.753009
0 -102.415359
47.752009
0 -102.409859
47.751409
0 -102.406359
47.751409
0 -102.400058
47.752409
0 -102.397158
47.753209
0 -102.386458
47.757409
0 -102.385758
47.758008
0 -102.385704
47.806181
0 -102.385672
47.846324
0 -102.385565
47.84775
0 -102.375455
47.847661
0 -102.330149
47.847606
0 -102.282814
47.847549
0 -102.257456
47.847518
0 -102.128969
47.84765
0 -102.113176
47.847668
0 -102.000484
47.847629
0 -101.957898
47.847631
0 -101.947127
47.847738
0 -101.89338
47.847639
0 -101.872563
47.847547
0 -101.871862
47.847589
0 -101.871862
47.891023
0 -101.871581
47.89246
0 -101.871476
47.919969
0 -101.871797
47.934441
0 -101.871965
47.942234
0 -101.871718
47.946532
0 -101.871584
47.998588
0 -101.871537
48.023176
0 -101.922123
48.023173
0 -101.922219
48.110115
0 -101.922188
48.124042
0 -101.92202
48.125688
0 -101.92218
48.183606
0 -101.921899
48.187048
0 -101.922146
48.189387
0 -101.922148
48.196929
0 -101.92213
48.196992
0 -101.922157
48.225074
0 -101.921955
48.225675
0 -101.922077
48.227626
0 -101.922058
48.283418
0 -101.922057
48.283743
0 -101.922041
48.327235
0 -101.922016
48.328212
0 -101.922087
48.371431
0 -101.922237
48.37233
0 -101.965038
48.372318
0 -101.973399
48.372095
0 -101.973261
48.415909
0 -101.973278
48.429805
0 -101.973401
48.458776
0 -101.973464
48.459392
0 -101.973309
48.459388
0 -101.973229
48.482782
0 -101.973403
48.483967
0 -101.973322
48.547133
0 -101.983007
48.547228
0 -101.983824
48.547123
0 -102.006988
48.547464
0 -102.018778
48.546471
0 -102.103485
48.546289
0 -102.233892
48.546339
0 -102.320418
48.546302
0 -102.343159
48.546403
0 -102.36341
48.54642
0 -102.364648
48.546421
0 -102.408176
48.546375
0 -102.429912
48.546414
0 -102.494477
48.546568
0 -102.494531
48.546568
0 -102.539265
48.546558
0 -102.54021
48.54651
0 -102.540802
48.546412
0 -102.544084
48.546496
0 -102.581801
48.546487
0 -102.62497
48.546467
0 -102.625161
48.546476
0 -102.654088
48.546471
0 -102.654445
48.546426
0 -102.719456
48.546399
0 -102.720791
48.546276
0 -102.755309
48.546277
0 -102.820906
48.546428
0 -102.842713
48.546404
0 -102.864529
48.546398
0 -102.875295
48.546407
0 -102.885763
48.54639
0 -102.885753
48.459445
0 