-109.009802
46.750432
0 -109.00944
46.624964
0 -109.009157
46.621914
0 -109.000715
46.621924
0 -108.988972
46.623071
0 -108.985505
46.62391
0 -108.985495
46.622694
0 -108.986639
46.599734
0 -108.986546
46.596293
0 -108.988585
46.578572
0 -108.98729
46.578647
0 -108.926007
46.578161
0 -108.904807
46.577215
0 -108.904879
46.511109
0 -108.904558
46.508163
0 -108.904994
46.505164
0 -108.904767
46.499962
0 -108.905296
46.489508
0 -108.880056
46.489651
0 -108.881792
46.451589
0 -108.871925
46.451719
0 -108.869726
46.451481
0 -108.860715
46.451592
0 -108.861822
46.380469
0 -108.861594
46.37496
0 -108.861115
46.373117
0 -108.861315
46.364825
0 -108.850881
46.364999
0 -108.840796
46.364858
0 -108.840619
46.350397
0 -108.83029
46.35053
0 -108.830477
46.320965
0 -108.819719
46.320925
0 -108.820392
46.305595
0 -108.812061
46.305674
0 -108.799006
46.305098
0 -108.799835
46.276799
0 -108.796144
46.276785
0 -108.779115
46.27672
0 -108.779385
46.262363
0 -108.778661
46.249956
0 -108.779044
46.210354
0 -108.78014
46.132402
0 -108.71747
46.132477
0 -108.716588
46.132579
0 -108.550861
46.132777
0 -108.507834
46.132888
0 -108.477791
46.132794
0 -108.458294
46.13291
0 -108.404936
46.132675
0 -108.40464
46.236126
0 -108.36273
46.236145
0 -108.362629
46.249965
0 -108.320708
46.249966
0 -108.320898
46.260315
0 -108.32073
46.264061
0 -108.24645
46.263829
0 -108.238291
46.263381
0 -108.17299
46.262848
0 -108.158861
46.263421
0 -108.151361
46.263272
0 -108.140162
46.263636
0 -108.126745
46.263437
0 -108.029531
46.263812
0 -108.029154
46.307749
0 -108.011203
46.30778
0 -108.011552
46.336639
0 -107.99083
46.336806
0 -107.990689
46.351398
0 -107.969784
46.351402
0 -107.969685
46.365888
0 -107.949458
46.365889
0 -107.949183
46.368683
0 -107.949167
46.380508
0 -107.928387
46.380797
0 -107.928505
46.39529
0 -107.892229
46.3956
0 -107.88692
46.395298
0 -107.799592
46.395032
0 -107.782089
46.395286
0 -107.781214
46.496014
0 -107.792425
46.495842
0 -107.796682
46.495876
0 -107.796766
46.567787
0 -107.795483
46.567869
0 -107.795687
46.596218
0 -107.837732
46.596647
0 -107.835365
46.598908
0 -107.835542
46.601882
0 -107.834203
46.602655
0 -107.831245
46.602358
0 -107.830684
46.600428
0 -107.829006
46.600736
0 -107.829524
46.602707
0 -107.828868
46.604555
0 -107.82615
46.60522
0 -107.82655
46.606644
0 -107.8276
46.606762
0 -107.830215
46.608679
0 -107.827117
46.609809
0 -107.82629
46.611008
0 -107.821723
46.610828
0 -107.8208
46.611946
0 -107.8217
46.613253
0 -107.8197
46.6129
0 -107.817093
46.613848
0 -107.816987
46.615751
0 -107.818392
46.6176
0 -107.820593
46.619216
0 -107.822348
46.621791
0 -107.822437
46.623746
0 -107.819519
46.623969
0 -107.815101
46.62671
0 -107.814589
46.627528
0 -107.816782
46.629893
0 -107.81636
46.630722
0 -107.813166
46.631343
0 -107.812174
46.632306
0 -107.81291
46.637955
0 -107.811726
46.640097
0 -107.814875
46.641106
0 -107.816679
46.640762
0 -107.819147
46.639002
0 -107.820915
46.639448
0 -107.821274
46.640513
0 -107.820131
46.64227
0 -107.818006
46.643665
0 -107.817639
46.645114
0 -107.82119
46.645727
0 -107.818034
46.648527
0 -107.814595
46.65008
0 -107.814377
46.65304
0 -107.812876
46.653799
0 -107.815175
46.65461
0 -107.813713
46.656187
0 -107.812815
46.655877
0 -107.808763
46.656026
0 -107.807595
46.65324
0 -107.805884
46.654365
0 -107.805218
46.655865
0 -107.808805
46.657629
0 -107.80893
46.659087
0 -107.810078
46.660569
0 -107.808655
46.662646
0 -107.805478
46.662816
0 -107.803268
46.661386
0 -107.800562
46.66147
0 -107.799235
46.663761
0 -107.796777
46.665396
0 -107.797197
46.667486
0 -107.800889
46.668909
0 -107.800966
46.670128
0 -107.798509
46.670704
0 -107.797145
46.671944
0 -107.797656
46.673179
0 -107.799653
46.674266
0 -107.799373
46.675096
0 -107.79696
46.676702
0 -107.79464
46.677261
0 -107.792939
46.67983
0 -107.794245
46.684128
0 -107.79508
46.685631
0 -107.797005
46.686728
0 -107.800592
46.68778
0 -107.799766
46.691282
0 -107.800323
46.692267
0 -107.80452
46.693988
0 -107.805017
46.69496
0 -107.803427
46.695953
0 -107.804531
46.696793
0 -107.806467
46.696785
0 -107.808228
46.694593
0 -107.807302
46.693637
0 -107.808681
46.69327
0 -107.810755
46.695036
0 -107.812605
46.695766
0 -107.814065
46.697913
0 -107.815541
46.698736
0 -107.815402
46.700225
0 -107.814075
46.701012
0 -107.818713
46.70208
0 -107.821857
46.701501
0 -107.822949
46.703141
0 -107.822039
46.704494
0 -107.818692
46.706367
0 -107.816882
46.708428
0 -107.817492
46.710108
0 -107.820028
46.709833
0 -107.820362
46.712137
0 -107.822154
46.712848
0 -107.823797
46.710876
0 -107.826004
46.71413
0 -107.825452
46.716188
0 -107.824152
46.717321
0 -107.821428
46.718081
0 -107.819301
46.719671
0 -107.819425
46.720462
0 -107.821334
46.720799
0 -107.822447
46.719822
0 -107.826002
46.720459
0 -107.826872
46.721116
0 -107.827401
46.726368
0 -107.82654
46.72726
0 -107.823935
46.728177
0 -107.81942
46.727978
0 -107.817535
46.727386
0 -107.816103
46.726135
0 -107.814816
46.726453
0 -107.814305
46.72877
0 -107.811261
46.728469
0 -107.811468
46.730519
0 -107.810371
46.730405
0 -107.809508
46.728798
0 -107.80909
46.730342
0 -107.80776
46.730987
0 -107.807637
46.732399
0 -107.809508
46.733329
0 -107.811335
46.733123
0 -107.811834
46.734197
0 -107.808446
46.735759
0 -107.810721
46.737125
0 -107.81486
46.73698
0 -107.816433
46.737551
0 -107.816131
46.738408
0 -107.81373
46.739697
0 -107.813132
46.741341
0 -107.813427
46.743319
0 -107.815217
46.744463
0 -107.817306
46.74479
0 -107.820286
46.744205
0 -107.821723
46.744915
0 -107.82329
46.746777
0 -107.825451
46.748165
0 -107.826785
46.749982
0 -107.82419
46.750963
0 -107.825814
46.753708
0 -107.827558
46.754837
0 -107.827755
46.755986
0 -107.871845
46.755467
0 -107.875664
46.755896
0 -108.008613
46.755085
0 -108.011619
46.755081
0 -108.011619
46.754276
0 -108.178443
46.754368
0 -108.261615
46.754247
0 -108.323504
46.752053
0 -108.367451
46.750513
0 -108.373625
46.749972
0 -108.379314
46.74961
0 -108.63095
46.749414
0 -108.694659
46.749491
0 -108.695241
46.749224
0 -108.764331
46.749465
0 -108.768187
46.749661
0 -108.793486
46.749653
0 -108.798438
46.749967
0 -108.995015
46.750734
0 -108.998439
46.750999
0 -109.002841
46.750341
0 -109.009802
46.750432
0 