-70.234054
41.285653
0 -70.237144
41.285117
0 -70.2331066079895
41.2830533418969
0 -70.22134
41.277039
0 -70.2126523957224
41.2736973122649
0 -70.2124552834862
41.2736214930263
0 -70.195635063167
41.2671515938288
0 -70.170356
41.257428
0 -70.1629639170759
41.2552717434123
0 -70.1423587970506
41.249261268929
0 -70.118669
41.242351
0 -70.1169548507974
41.2421814148638
0 -70.1169278996459
41.2421787485178
0 -70.1148567121933
41.2419738406803
0 -70.100495
41.240553
0 -70.097861
41.241149
0 -70.092404
41.24332
0 -70.083489
41.244775
0 -70.0750937317934
41.2445675350263
0 -70.05318
41.244026
0 -70.0437721063938
41.2425234140155
0 -70.036972831898
41.2414374648127
0 -70.015225
41.237964
0 -70.001603
41.239916
0 -69.9850096084073
41.2440375441476
0 -69.974983
41.246528
0 -69.9727312993816
41.2479812368022
0 -69.968088
41.250978
0 -69.9665646883405
41.2526725351221
0 -69.964129
41.255382
0 -69.960181
41.264546
0 -69.9602146078365
41.2695119079302
0 -69.9602438161364
41.273827738488
0 -69.960277
41.278731
0 -69.966415091845
41.2879504439763
0 -69.9686160689453
41.2912563223472
0 -69.9751853643607
41.3011234361955
0 -69.9775372850456
41.304656032569
0 -69.9900701740725
41.3234804931932
0 -69.994372415625
41.3299424810499
0 -70.02038
41.369006
0 -70.037371
41.384066
0 -70.04274
41.389311
0 -70.049053
41.391702
0 -70.0490616349374
41.391637753362
0 -70.049564
41.3879
0 -70.045586
41.383598
0 -70.041517
41.381539
0 -70.0370928129665
41.379901484584
0 -70.034641
41.378994
0 -70.030363
41.37507
0 -70.0244690108334
41.3690596576045
0 -70.024031
41.368613
0 -70.024421
41.360622
0 -70.031332
41.339332
0 -70.046088
41.321651
0 -70.062565
41.308726
0 -70.0640179925475
41.3080084792531
0 -70.0756358447834
41.3022713197417
0 -70.082072
41.299093
0 -70.092142
41.297741
0 -70.0925213855178
41.2977282023463
0 -70.0946867536375
41.2976551588849
0 -70.104110790002
41.2973372617892
0 -70.104415
41.297327
0 -70.109613
41.295379
0 -70.1228553487567
41.2940161449518
0 -70.12446
41.293851
0 -70.1319283496631
41.2939300655431
0 -70.1630617648737
41.2942596671946
0 -70.1677298705201
41.2943090872573
0 -70.1727984311467
41.2943627468363
0 -70.1855105039345
41.2944973263598
0 -70.186991
41.294513
0 -70.193411
41.296726
0 -70.1949980459443
41.2965768666504
0 -70.199115
41.29619
0 -70.2025846250867
41.2935818463694
0 -70.2045453391363
41.2921079570185
0 -70.205692
41.291246
0 -70.207434
41.288689
0 -70.2054887709883
41.2884233864
0 -70.2042555039129
41.2882549884861
0 -70.202205
41.287975
0 -70.195843738205
41.2906307301463
0 -70.195788
41.290654
0 -70.1923053296939
41.2871135868306
0 -70.191747
41.286546
0 -70.1918870027769
41.2861368567749
0 -70.193886
41.280295
0 -70.1968995866617
41.2788539031657
0 -70.2005230988279
41.2771211400174
0 -70.20173
41.276544
0 -70.2061254145417
41.2761507816885
0 -70.2105269365785
41.2757570169941
0 -70.2116092230359
41.2756601945331
0 -70.211712
41.275651
0 -70.21504
41.279581
0 -70.2194283106717
41.2812300787149
0 -70.2208006403107
41.2817457850464
0 -70.221219
41.281903
0 -70.2236082504102
41.2826010669293
0 -70.2282624263337
41.2839608768018
0 -70.234054
41.285653
0 