-78.255152
35.814759
0 -78.256901
35.813229
0 -78.251593
35.810961
0 -78.251063
35.80707
0 -78.249329
35.803572
0 -78.249228
35.795128
0 -78.247522
35.792429
0 -78.244826
35.792933
0 -78.243898
35.792316
0 -78.244655
35.790508
0 -78.247013
35.788264
0 -78.247124
35.785907
0 -78.245298
35.784901
0 -78.246211
35.782854
0 -78.248266
35.781258
0 -78.248184
35.777004
0 -78.248857
35.774921
0 -78.250865
35.773681
0 -78.248321
35.772314
0 -78.24644
35.772269
0 -78.245063
35.771308
0 -78.245006
35.77021
0 -78.243461
35.769044
0 -78.241355
35.768495
0 -78.238491
35.768474
0 -78.238769
35.764629
0 -78.237898
35.762295
0 -78.234499
35.759825
0 -78.235958
35.758657
0 -78.236322
35.757101
0 -78.23475
35.756735
0 -78.234973
35.755294
0 -78.23427
35.753143
0 -78.232529
35.751747
0 -78.230676
35.751176
0 -78.226465
35.750585
0 -78.225089
35.750972
0 -78.2245
35.752254
0 -78.222816
35.753032
0 -78.221918
35.754497
0 -78.219251
35.754978
0 -78.217707
35.754269
0 -78.21678
35.752324
0 -78.217193
35.749762
0 -78.215621
35.748245
0 -78.216742
35.740395
0 -78.215198
35.738405
0 -78.215253
35.735933
0 -78.212923
35.734927
0 -78.212446
35.733599
0 -78.209443
35.731952
0 -78.208572
35.730396
0 -78.206973
35.731312
0 -78.206103
35.73074
0 -78.207407
35.729171
0 -78.204811
35.727856
0 -78.193585
35.728566
0 -78.193389
35.729871
0 -78.19207
35.730443
0 -78.188933
35.734315
0 -78.186515
35.734714
0 -78.18277
35.73766
0 -78.180913
35.738431
0 -78.163916
35.742067
0 -78.154047
35.744331
0 -78.147281
35.74568
0 -78.146498
35.746042
0 -78.117192
35.757144
0 -78.092773
35.766429
0 -78.066789
35.776453
0 -78.048187
35.78358
0 -78.037979
35.787491
0 -78.036975
35.787876
0 -78.022686
35.793353
0 -77.990655
35.806014
0 -77.987457
35.807314
0 -77.931355
35.830165
0 -77.915581
35.83659
0 -77.897526
35.844047
0 -77.883046
35.846224
0 -77.874704
35.849468
0 -77.874139
35.849929
0 -77.861162
35.845909
0 -77.854304
35.844424
0 -77.853412
35.844054
0 -77.844812
35.837487
0 -77.835178
35.85497
0 -77.833258
35.858403
0 -77.828444
35.867208
0 -77.826133
35.871406
0 -77.826
35.871668
0 -77.822385
35.878216
0 -77.818613
35.886403
0 -77.817639
35.888744
0 -77.816614
35.891224
0 -77.814185
35.8971
0 -77.8091
35.909272
0 -77.806145
35.916365
0 -77.804215
35.920999
0 -77.801874
35.926925
0 -77.801582
35.927324
0 -77.801425
35.928001
0 -77.798824
35.933932
0 -77.798321
35.935586
0 -77.797886
35.936207
0 -77.79534
35.942298
0 -77.794553
35.944187
0 -77.794191
35.945228
0 -77.791993
35.950328
0 -77.789671
35.955898
0 -77.788623
35.958715
0 -77.783678
35.970277
0 -77.777751
35.984635
0 -77.776019
35.991297
0 -77.774125
35.998742
0 -77.77194
36.006583
0 -77.77141
36.007759
0 -77.770889
36.008915
0 -77.769597
36.01111
0 -77.767717
36.014506
0 -77.766549
36.016748
0 -77.761918
36.024652
0 -77.758851
36.030558
0 -77.755501
36.036607
0 -77.754253
36.03925
0 -77.753085
36.041396
0 -77.752277
36.042438
0 -77.747816
36.050496
0 -77.746734
36.052274
0 -77.746617
36.052663
0 -77.742913
36.05953
0 -77.73802
36.067388
0 -77.733067
36.074727
0 -77.720191
36.093829
0 -77.716873
36.098974
0 -77.716617
36.099666
0 -77.715781
36.100555
0 -77.70855
36.112119
0 -77.706663
36.115974
0 -77.705294
36.12213
0 -77.70426
36.143155
0 -77.70222
36.148401
0 -77.697879
36.152981
0 -77.699154
36.153118
0 -77.702999
36.150537
0 -77.704501
36.151237
0 -77.705841
36.150253
0 -77.707175
36.148223
0 -77.706357
36.147113
0 -77.707154
36.146422
0 -77.711344
36.145435
0 -77.713461
36.14574
0 -77.71464
36.146561
0 -77.716656
36.145861
0 -77.718679
36.143442
0 -77.721552
36.141403
0 -77.720131
36.140808
0 -77.719764
36.139146
0 -77.7166
36.137209
0 -77.717561
36.135184
0 -77.72093
36.133899
0 -77.723327
36.134459
0 -77.724594
36.136522
0 -77.726173
36.137959
0 -77.731707
36.139411
0 -77.730171
36.143435
0 -77.730958
36.145909
0 -77.729525
36.14902
0 -77.732054
36.147291
0 -77.734273
36.148583
0 -77.73591
36.150422
0 -77.736976
36.1534
0 -77.740908
36.155143
0 -77.742416
36.154939
0 -77.743774
36.153669
0 -77.745685
36.152968
0 -77.747073
36.15376
0 -77.749812
36.157379
0 -77.752806
36.157237
0 -77.753529
36.156199
0 -77.753146
36.152447
0 -77.753814
36.151193
0 -77.757258
36.148873
0 -77.761124
36.14858
0 -77.765672
36.147597
0 -77.768391
36.146431
0 -77.770708
36.146186
0 -77.772337
36.14692
0 -77.773677
36.145981
0 -77.773815
36.142924
0 -77.775879
36.142604
0 -77.778047
36.143895
0 -77.779918
36.143477
0 -77.781945
36.141643
0 -77.783562
36.141468
0 -77.786431
36.142912
0 -77.788765
36.144162
0 -77.791893
36.144982
0 -77.796421
36.145419
0 -77.798597
36.144477
0 -77.80059
36.144998
0 -77.802102
36.146333
0 -77.801997
36.14837
0 -77.804178
36.14977
0 -77.805788
36.147755
0 -77.80598
36.146451
0 -77.805146
36.142013
0 -77.806163
36.139771
0 -77.807569
36.13837
0 -77.808875
36.138244
0 -77.814217
36.139453
0 -77.818093
36.141439
0 -77.818948
36.143309
0 -77.821597
36.144772
0 -77.824559
36.143987
0 -77.82979
36.145762
0 -77.832675
36.144383
0 -77.834941
36.14443
0 -77.840138
36.145455
0 -77.84248
36.145671
0 -77.846895
36.145033
0 -77.849594
36.145426
0 -77.852138
36.146512
0 -77.854975
36.146032
0 -77.856565
36.146195
0 -77.859755
36.148485
0 -77.861446
36.149089
0 -77.864892
36.148778
0 -77.866451
36.148218
0 -77.86786
36.146552
0 -77.869521
36.146452
0 -77.871424
36.145248
0 -77.875449
36.145508
0 -77.876417
36.144793
0 -77.879055
36.144475
0 -77.879368
36.143336
0 -77.881964
36.146806
0 -77.884116
36.147357
0 -77.885386
36.146479
0 -77.886303
36.144088
0 -77.887613
36.143891
0 -77.891313
36.148868
0 -77.891744
36.149846
0 -77.892414
36.151277
0 -77.894793
36.15319
0 -77.901104
36.156238
0 -77.90134
36.159852
0 -77.900542
36.162242
0 -77.907427
36.165065
0 -77.909984
36.165334
0 -77.911627
36.165033
0 -77.91533
36.163516
0 -77.918797
36.164382
0 -77.922073
36.165898
0 -77.923036
36.166847
0 -77.922661
36.169567
0 -77.92127
36.173227
0 -77.917843
36.179499
0 -77.91799
36.181584
0 -77.923782
36.188833
0 -77.924553
36.188953
0 -77.925819
36.185927
0 -77.925688
36.183844
0 -77.926261
36.183124
0 -77.928747
36.182108
0 -77.931082
36.182356
0 -77.932539
36.183159
0 -77.933748
36.186316
0 -77.937922
36.189078
0 -77.941176
36.192399
0 -77.943635
36.192646
0 -77.944672
36.190082
0 -77.944287
36.18786
0 -77.943039
36.186236
0 -77.944063
36.182756
0 -77.9452
36.181748
0 -77.948233
36.181689
0 -77.951122
36.180573
0 -77.956031
36.184307
0 -77.957979
36.186759
0 -77.961536
36.188919
0 -77.963829
36.190669
0 -77.964292
36.191628
0 -77.96802
36.1945
0 -77.971334
36.193937
0 -77.973566
36.19403
0 -77.972625
36.189111
0 -77.969896
36.186776
0 -77.969125
36.184714
0 -77.969184
36.18328
0 -77.971555
36.177824
0 -77.97352
36.176766
0 -77.975748
36.177675
0 -77.976431
36.176207
0 -77.978618
36.175403
0 -77.979229
36.178281
0 -77.980368
36.179257
0 -77.983241
36.179909
0 -77.984543
36.182239
0 -77.984198
36.184145
0 -77.983185
36.185482
0 -77.983171
36.186765
0 -77.985668
36.18814
0 -77.986984
36.189379
0 -77.987975
36.189359
0 -77.990038
36.187154
0 -77.991181
36.186673
0 -77.990668
36.185148
0 -77.99193
36.185167
0 -77.993577
36.186785
0 -77.99346
36.190297
0 -77.994571
36.191418
0 -77.996638
36.192431
0 -77.997664
36.197537
0 -77.996906
36.198652
0 -78.001097
36.198755
0 -78.003937
36.201051
0 -78.006134
36.201572
0 -78.006554
36.202663
0 -78.010693
36.19621
0 -78.03424
36.160814
0 -78.047353
36.141075
0 -78.051947
36.134148
0 -78.05217
36.133813
0 -78.057963
36.125092
0 -78.059806
36.122613
0 -78.073202
36.102858
0 -78.077937
36.095934
0 -78.087709
36.081484
0 -78.091803
36.075448
0 -78.117427
36.03756
0 -78.122153
36.030525
0 -78.131239
36.016805
0 -78.172179
35.956301
0 -78.182046
35.938698
0 -78.184004
35.935317
0 -78.197287
35.913962
0 -78.216776
35.882524
0 -78.232386
35.857572
0 -78.240615
35.844271
0 -78.254903
35.81773
0 -78.255152
35.814759
0 