-96.874044
32.084917
0 -96.896209
32.073977
0 -96.862751
32.024375
0 -96.853118
32.010046
0 -96.849974
32.005384
0 -96.838465
31.988328
0 -96.833288
31.980849
0 -96.830525
31.976849
0 -96.828244
31.973545
0 -96.828158
31.973421
0 -96.811718
31.949636
0 -96.808055
31.94415
0 -96.79918
31.931363
0 -96.796353
31.927216
0 -96.794978
31.925118
0 -96.791801
31.920209
0 -96.788507
31.915943
0 -96.738111
31.842588
0 -96.720278
31.816585
0 -96.719114
31.814887
0 -96.712331
31.814323
0 -96.576072
31.803046
0 -96.554122
31.80122
0 -96.539356
31.800009
0 -96.500261
31.796698
0 -96.496713
31.796191
0 -96.455171
31.816697
0 -96.454908
31.816828
0 -96.454629
31.816965
0 -96.377915
31.854857
0 -96.351257
31.868174
0 -96.343493
31.872071
0 -96.340177
31.873736
0 -96.339683
31.873983
0 -96.339492
31.874072
0 -96.337171
31.875162
0 -96.335699
31.875965
0 -96.333058
31.877243
0 -96.322849
31.882226
0 -96.302738
31.892076
0 -96.302146
31.892304
0 -96.248657
31.918424
0 -96.153581
31.96475
0 -96.120491
31.980805
0 -96.05478
32.012526
0 -96.055573
32.014606
0 -96.05407
32.015816
0 -96.05251
32.015501
0 -96.051062
32.016038
0 -96.050758
32.01678
0 -96.05284
32.018605
0 -96.05626
32.019759
0 -96.057606
32.020625
0 -96.05876
32.022655
0 -96.061579
32.024996
0 -96.063156
32.027539
0 -96.06353
32.029192
0 -96.06219
32.031397
0 -96.063448
32.03292
0 -96.063941
32.034476
0 -96.065416
32.03571
0 -96.066462
32.037757
0 -96.065588
32.042379
0 -96.064647
32.044444
0 -96.065004
32.046342
0 -96.066102
32.047893
0 -96.06575
32.049571
0 -96.064003
32.051081
0 -96.064288
32.052354
0 -96.065987
32.055146
0 -96.066808
32.05844
0 -96.066545
32.060041
0 -96.062372
32.061916
0 -96.062449
32.062939
0 -96.064655
32.065412
0 -96.068602
32.066399
0 -96.068816
32.067379
0 -96.0668
32.071421
0 -96.069237
32.072947
0 -96.070245
32.074763
0 -96.069534
32.0765
0 -96.06664
32.077297
0 -96.065059
32.076538
0 -96.06338
32.07667
0 -96.062524
32.077754
0 -96.063021
32.08086
0 -96.064523
32.08251
0 -96.06601
32.085812
0 -96.067209
32.085986
0 -96.069346
32.085346
0 -96.072126
32.083878
0 -96.07774
32.082839
0 -96.081578
32.081479
0 -96.084851
32.081362
0 -96.085992
32.081736
0 -96.092134
32.081895
0 -96.09537
32.080684
0 -96.098003
32.081641
0 -96.099844
32.08076
0 -96.100285
32.077772
0 -96.101092
32.07716
0 -96.105364
32.075337
0 -96.108199
32.076037
0 -96.109205
32.077111
0 -96.108063
32.081212
0 -96.108004
32.083602
0 -96.108757
32.085504
0 -96.111232
32.090045
0 -96.114382
32.091046
0 -96.116241
32.093521
0 -96.117827
32.094977
0 -96.117965
32.098197
0 -96.117438
32.099294
0 -96.117196
32.104053
0 -96.116066
32.106963
0 -96.11153
32.115803
0 -96.113114
32.117474
0 -96.114342
32.120119
0 -96.114147
32.124315
0 -96.114699
32.126487
0 -96.113786
32.128778
0 -96.111564
32.131976
0 -96.10881
32.133872
0 -96.105977
32.135242
0 -96.104105
32.138477
0 -96.102421
32.142269
0 -96.102712
32.145086
0 -96.102549
32.148134
0 -96.102974
32.150554
0 -96.104429
32.152656
0 -96.107413
32.153828
0 -96.110505
32.155844
0 -96.112675
32.156784
0 -96.112857
32.160321
0 -96.11366
32.160901
0 -96.115693
32.160915
0 -96.117734
32.1599
0 -96.119099
32.157864
0 -96.120556
32.156743
0 -96.123997
32.155757
0 -96.125954
32.154657
0 -96.128111
32.154326
0 -96.13098
32.152954
0 -96.135872
32.152758
0 -96.138914
32.151377
0 -96.140792
32.153347
0 -96.144135
32.152572
0 -96.145345
32.152814
0 -96.14955
32.155914
0 -96.152209
32.158416
0 -96.153415
32.158295
0 -96.156706
32.156526
0 -96.159006
32.154902
0 -96.161081
32.156039
0 -96.163059
32.155982
0 -96.166611
32.158043
0 -96.166975
32.158672
0 -96.165407
32.162571
0 -96.166455
32.166102
0 -96.16842
32.166475
0 -96.171489
32.168551
0 -96.174448
32.167921
0 -96.17584
32.168241
0 -96.175368
32.169268
0 -96.173218
32.170045
0 -96.173169
32.17156
0 -96.175317
32.173372
0 -96.175325
32.175885
0 -96.175939
32.177384
0 -96.176839
32.178997
0 -96.176477
32.181379
0 -96.171666
32.185291
0 -96.169727
32.184753
0 -96.168197
32.183178
0 -96.166497
32.183086
0 -96.166173
32.18452
0 -96.168158
32.185746
0 -96.168252
32.186906
0 -96.167327
32.187583
0 -96.164167
32.187775
0 -96.164936
32.188832
0 -96.163374
32.190535
0 -96.16023
32.190052
0 -96.157907
32.191334
0 -96.156105
32.194357
0 -96.155969
32.195592
0 -96.157279
32.197656
0 -96.156139
32.19885
0 -96.155642
32.200444
0 -96.156315
32.201032
0 -96.159951
32.200567
0 -96.160933
32.201767
0 -96.160392
32.20438
0 -96.157895
32.205756
0 -96.156011
32.205708
0 -96.152241
32.206424
0 -96.150517
32.206256
0 -96.14739
32.207338
0 -96.14621
32.211249
0 -96.146799
32.211937
0 -96.150479
32.214127
0 -96.15186
32.213715
0 -96.155392
32.21497
0 -96.162177
32.211685
0 -96.164109
32.211392
0 -96.167332
32.20984
0 -96.170894
32.206981
0 -96.17534
32.20636
0 -96.175035
32.20456
0 -96.175848
32.203939
0 -96.179349
32.203553
0 -96.18141
32.204562
0 -96.183368
32.201761
0 -96.186147
32.202962
0 -96.189536
32.202316
0 -96.193685
32.204221
0 -96.196965
32.206942
0 -96.197202
32.209274
0 -96.196348
32.21026
0 -96.194214
32.211207
0 -96.196449
32.212962
0 -96.196096
32.213974
0 -96.194155
32.215481
0 -96.193977
32.216409
0 -96.195159
32.217709
0 -96.195947
32.219538
0 -96.197414
32.219984
0 -96.197769
32.217633
0 -96.197263
32.215981
0 -96.198155
32.214799
0 -96.20032
32.214311
0 -96.202945
32.214371
0 -96.204163
32.215936
0 -96.203935
32.217499
0 -96.204655
32.218217
0 -96.209099
32.218653
0 -96.20989
32.220172
0 -96.208179
32.221456
0 -96.208629
32.223508
0 -96.211104
32.226435
0 -96.214894
32.224002
0 -96.216279
32.225095
0 -96.215705
32.227062
0 -96.217149
32.233353
0 -96.218379
32.233833
0 -96.22032
32.232954
0 -96.221995
32.233508
0 -96.222574
32.234492
0 -96.224236
32.235166
0 -96.2278
32.235573
0 -96.229373
32.236182
0 -96.229815
32.237394
0 -96.232214
32.24089
0 -96.235891
32.241906
0 -96.236135
32.242944
0 -96.233193
32.243396
0 -96.233197
32.245204
0 -96.234517
32.247401
0 -96.233967
32.250009
0 -96.235083
32.250896
0 -96.236582
32.250901
0 -96.238039
32.250143
0 -96.240153
32.250659
0 -96.243126
32.250285
0 -96.246616
32.25045
0 -96.248927
32.251041
0 -96.254399
32.250582
0 -96.255314
32.249234
0 -96.252044
32.248569
0 -96.251034
32.247078
0 -96.25655
32.245061
0 -96.257758
32.24575
0 -96.257391
32.247408
0 -96.259589
32.24985
0 -96.259487
32.251088
0 -96.260529
32.251313
0 -96.260853
32.249739
0 -96.262248
32.249739
0 -96.264676
32.252216
0 -96.266714
32.255859
0 -96.267044
32.258649
0 -96.268671
32.258961
0 -96.272605
32.255601
0 -96.272213
32.252833
0 -96.273668
32.252617
0 -96.27664
32.255787
0 -96.277734
32.260646
0 -96.278898
32.260355
0 -96.282151
32.258265
0 -96.282295
32.257045
0 -96.280369
32.25513
0 -96.281547
32.253909
0 -96.28507
32.254592
0 -96.285895
32.25598
0 -96.285646
32.259666
0 -96.284595
32.263643
0 -96.284881
32.265829
0 -96.28561
32.266895
0 -96.288597
32.267223
0 -96.28989
32.268142
0 -96.289359
32.270444
0 -96.287632
32.271575
0 -96.285529
32.271428
0 -96.284731
32.271911
0 -96.283853
32.274479
0 -96.284013
32.279225
0 -96.28519
32.280402
0 -96.287126
32.285483
0 -96.288199
32.287105
0 -96.290902
32.289169
0 -96.293299
32.289527
0 -96.293651
32.290409
0 -96.291781
32.291334
0 -96.28955
32.29181
0 -96.288882
32.293212
0 -96.292936
32.293716
0 -96.295947
32.293377
0 -96.297456
32.293292
0 -96.300485
32.294372
0 -96.300048
32.295404
0 -96.297573
32.296503
0 -96.296572
32.298154
0 -96.29868
32.301156
0 -96.300416
32.301354
0 -96.301909
32.297697
0 -96.303033
32.297366
0 -96.304294
32.297991
0 -96.304816
32.299837
0 -96.30426
32.302038
0 -96.306448
32.301513
0 -96.307494
32.300527
0 -96.307191
32.298789
0 -96.308046
32.298488
0 -96.310108
32.298299
0 -96.311345
32.298859
0 -96.309661
32.299935
0 -96.312635
32.30313
0 -96.314065
32.302543
0 -96.315162
32.300297
0 -96.317433
32.300985
0 -96.315839
32.302539
0 -96.320046
32.303975
0 -96.323116
32.306204
0 -96.324404
32.306121
0 -96.323279
32.304232
0 -96.324398
32.303131
0 -96.328212
32.302995
0 -96.330988
32.303481
0 -96.336632
32.30566
0 -96.339016
32.305973
0 -96.339532
32.308569
0 -96.342357
32.307689
0 -96.34539
32.309039
0 -96.343742
32.310499
0 -96.345317
32.312767
0 -96.348828
32.313351
0 -96.349846
32.312561
0 -96.353071
32.311657
0 -96.356036
32.314987
0 -96.359331
32.316654
0 -96.360067
32.316926
0 -96.364369
32.316417
0 -96.367452
32.317871
0 -96.374721
32.324884
0 -96.381298
32.327513
0 -96.383082
32.328851
0 -96.385872
32.327365
0 -96.395079
32.323644
0 -96.429305
32.305745
0 -96.482928
32.277856
0 -96.490708
32.274063
0 -96.504187
32.267654
0 -96.505742
32.267044
0 -96.506698
32.26667
0 -96.508599
32.265667
0 -96.539436
32.250147
0 -96.547809
32.24587
0 -96.593152
32.22293
0 -96.600043
32.219478
0 -96.609089
32.214875
0 -96.625266
32.206583
0 -96.674379
32.182884
0 -96.690827
32.174945
0 -96.702902
32.169147
0 -96.714929
32.163327
0 -96.755243
32.143819
0 -96.758918
32.141993
0 -96.771568
32.135703
0 -96.874044
32.084917
0 