-100.247745
38.654408
0 -100.248558
38.639367
0 -100.24745
38.552365
0 -100.246859
38.500016
0 -100.247198
38.494161
0 -100.246499
38.448305
0 -100.245852
38.407359
0 -100.244393
38.26229
0 -100.227137
38.262237
0 -100.04644
38.261588
0 -100.044096
38.261763
0 -100.027754
38.261508
0 -100.025536
38.261679
0 -100.009942
38.261556
0 -100.000407
38.26148
0 -99.988665
38.261683
0 -99.952085
38.261522
0 -99.875404
38.261495
0 -99.872734
38.261725
0 -99.804772
38.261898
0 -99.790446
38.261787
0 -99.786558
38.261726
0 -99.694593
38.262012
0 -99.676294
38.261858
0 -99.642144
38.261959
0 -99.640049
38.262052
0 -99.584207
38.262179
0 -99.584794
38.349386
0 -99.585127
38.407519
0 -99.585408
38.436593
0 -99.585827
38.463124
0 -99.585897
38.463986
0 -99.586386
38.534218
0 -99.586268
38.536212
0 -99.586358
38.53667
0 -99.58631
38.538408
0 -99.58644
38.55296
0 -99.585087
38.696537
0 -99.598323
38.696514
0 -99.658957
38.696465
0 -99.691242
38.696564
0 -99.763771
38.696552
0 -99.765053
38.696836
0 -99.784008
38.696928
0 -99.801067
38.697028
0 -99.806256
38.696599
0 -99.898701
38.696489
0 -99.968979
38.696367
0 -100.027076
38.696266
0 -100.061599
38.696481
0 -100.118235
38.697063
0 -100.118734
38.697129
0 -100.153823
38.697341
0 -100.2472
38.698165
0 -100.247745
38.654408
0 