-77.234253
37.546983
0 -77.234832
37.54381
0 -77.232086
37.544463
0 -77.231063
37.541418
0 -77.228316
37.538764
0 -77.228504
37.536398
0 -77.226512
37.53387
0 -77.223347
37.533986
0 -77.220616
37.532697
0 -77.220152
37.531066
0 -77.220821
37.529303
0 -77.220254
37.527221
0 -77.214847
37.525372
0 -77.214426
37.524334
0 -77.212509
37.52323
0 -77.21239
37.521363
0 -77.21029
37.520443
0 -77.209279
37.517769
0 -77.208695
37.516304
0 -77.206239
37.515977
0 -77.207007
37.513446
0 -77.204545
37.512698
0 -77.203173
37.513035
0 -77.201325
37.511104
0 -77.198184
37.508965
0 -77.193983
37.50754
0 -77.192962
37.506598
0 -77.191958
37.502868
0 -77.191937
37.501237
0 -77.189862
37.500144
0 -77.188164
37.500224
0 -77.188632
37.498704
0 -77.187439
37.497561
0 -77.186055
37.49798
0 -77.184836
37.49572
0 -77.181203
37.493153
0 -77.179941
37.493329
0 -77.179291
37.49176
0 -77.177514
37.49134
0 -77.177324
37.4906
0 -77.176778
37.488688
0 -77.174765
37.488606
0 -77.171264
37.487238
0 -77.17063
37.485936
0 -77.171113
37.484162
0 -77.170072
37.482641
0 -77.170383
37.481416
0 -77.168811
37.480899
0 -77.166647
37.481915
0 -77.164655
37.48471
0 -77.163483
37.485523
0 -77.161043
37.486143
0 -77.157776
37.486044
0 -77.157728
37.483692
0 -77.159514
37.482292
0 -77.160426
37.479162
0 -77.161638
37.476516
0 -77.160805
37.475302
0 -77.15786
37.474529
0 -77.154782
37.476275
0 -77.15032
37.477286
0 -77.147394
37.475738
0 -77.141977
37.476346
0 -77.141083
37.473412
0 -77.143296
37.47053
0 -77.141747
37.468382
0 -77.138175
37.469814
0 -77.133029
37.470658
0 -77.131367
37.471563
0 -77.128735
37.471051
0 -77.126874
37.471583
0 -77.124114
37.467898
0 -77.122739
37.463142
0 -77.121112
37.462698
0 -77.11983
37.461315
0 -77.118431
37.461425
0 -77.118554
37.460305
0 -77.117616
37.458218
0 -77.119006
37.456938
0 -77.119073
37.455822
0 -77.117675
37.454418
0 -77.116186
37.454517
0 -77.11531
37.452765
0 -77.111783
37.453503
0 -77.10964
37.452834
0 -77.107393
37.451127
0 -77.107806
37.450237
0 -77.105483
37.44853
0 -77.100646
37.447087
0 -77.101279
37.444802
0 -77.098336
37.442952
0 -77.095948
37.440275
0 -77.094219
37.441024
0 -77.093108
37.440465
0 -77.086402
37.441395
0 -77.086392
37.439894
0 -77.08354
37.439864
0 -77.082335
37.44054
0 -77.080774
37.439973
0 -77.079752
37.440747
0 -77.078546
37.440076
0 -77.076287
37.441287
0 -77.075617
37.440484
0 -77.073502
37.44057
0 -77.07315
37.439649
0 -77.070143
37.439931
0 -77.069125
37.439434
0 -77.0689
37.437904
0 -77.066489
37.436621
0 -77.065446
37.437169
0 -77.061688
37.436463
0 -77.059677
37.434891
0 -77.060391
37.433116
0 -77.06154
37.43296
0 -77.060991
37.431423
0 -77.059677
37.428985
0 -77.057855
37.429122
0 -77.057478
37.430493
0 -77.055597
37.431706
0 -77.05299
37.430903
0 -77.050797
37.432161
0 -77.048146
37.431301
0 -77.046913
37.431791
0 -77.044773
37.429459
0 -77.043597
37.430132
0 -77.038375
37.429178
0 -77.035545
37.426868
0 -77.034861
37.427792
0 -77.031231
37.429426
0 -77.029111
37.427284
0 -77.029412
37.429124
0 -77.027573
37.428046
0 -77.026375
37.428888
0 -77.025398
37.427844
0 -77.025065
37.425725
0 -77.023728
37.422831
0 -77.024068
37.420898
0 -77.022018
37.421339
0 -77.02235
37.420538
0 -77.024721
37.420156
0 -77.023601
37.417816
0 -77.021316
37.41601
0 -77.019051
37.41556
0 -77.017771
37.4145
0 -77.015769
37.414267
0 -77.013315
37.41535
0 -77.013073
37.416675
0 -77.011202
37.417435
0 -77.011302
37.416077
0 -77.007648
37.413749
0 -77.003289
37.414941
0 -76.998263
37.418196
0 -76.996374
37.41794
0 -76.992118
37.415792
0 -76.991476
37.414917
0 -76.988911
37.414961
0 -76.986785
37.415866
0 -76.985756
37.417539
0 -76.983639
37.418113
0 -76.983238
37.420266
0 -76.982
37.420861
0 -76.980133
37.419515
0 -76.976765
37.418725
0 -76.975191
37.418998
0 -76.971672
37.418353
0 -76.969622
37.416743
0 -76.969479
37.415243
0 -76.971196
37.413335
0 -76.972732
37.410208
0 -76.971041
37.407992
0 -76.968821
37.406511
0 -76.956555
37.403826
0 -76.953999
37.403491
0 -76.95192
37.403967
0 -76.948549
37.405892
0 -76.945356
37.40884
0 -76.943083
37.410389
0 -76.940828
37.409883
0 -76.93847
37.407354
0 -76.936854
37.403419
0 -76.93703
37.401171
0 -76.93802
37.39953
0 -76.942859
37.396439
0 -76.945329
37.394115
0 -76.946108
37.391081
0 -76.945604
37.385998
0 -76.944854
37.383938
0 -76.942518
37.383238
0 -76.940987
37.383729
0 -76.93643
37.386545
0 -76.933289
37.387985
0 -76.932297
37.389335
0 -76.931593
37.391538
0 -76.931176
37.396311
0 -76.930205
37.397823
0 -76.92761
37.399566
0 -76.925772
37.399405
0 -76.919462
37.396383
0 -76.917993
37.395327
0 -76.915321
37.395805
0 -76.911009
37.399522
0 -76.909808
37.403234
0 -76.908061
37.405079
0 -76.906882
37.405438
0 -76.90492
37.404914
0 -76.904116
37.403821
0 -76.905039
37.397096
0 -76.906368
37.392609
0 -76.908216
37.390861
0 -76.917323
37.389204
0 -76.918757
37.387401
0 -76.918847
37.385522
0 -76.917932
37.384261
0 -76.915248
37.382644
0 -76.905683
37.378105
0 -76.904471
37.377665
0 -76.903362
37.380032
0 -76.903388
37.381152
0 -76.900203
37.385759
0 -76.898628
37.385846
0 -76.898308
37.382526
0 -76.895145
37.382023
0 -76.8934
37.38228
0 -76.892164
37.383381
0 -76.89198
37.384888
0 -76.89241
37.38795
0 -76.893489
37.389541
0 -76.897188
37.39217
0 -76.89874
37.391592
0 -76.900368
37.392117
0 -76.900529
37.395889
0 -76.898166
37.395745
0 -76.897739
37.397197
0 -76.897974
37.39955
0 -76.894153
37.400228
0 -76.895212
37.402982
0 -76.893953
37.405305
0 -76.895101
37.406821
0 -76.894921
37.40791
0 -76.893153
37.409645
0 -76.893341
37.411582
0 -76.894672
37.414335
0 -76.892153
37.417475
0 -76.892758
37.419427
0 -76.890381
37.420038
0 -76.891996
37.420866
0 -76.891683
37.423392
0 -76.892465
37.423733
0 -76.893333
37.424223
0 -76.892525
37.42437
0 -76.895784
37.428462
0 -76.893505
37.429717
0 -76.892677
37.433067
0 -76.885774
37.432537
0 -76.885748
37.43344
0 -76.882786
37.436925
0 -76.880076
37.438249
0 -76.877327
37.440145
0 -76.868687
37.440624
0 -76.86577
37.441464
0 -76.864065
37.443495
0 -76.861303
37.445522
0 -76.858234
37.447408
0 -76.856623
37.447997
0 -76.852564
37.447795
0 -76.850374
37.448592
0 -76.847066
37.448293
0 -76.844995
37.447567
0 -76.83974
37.448816
0 -76.830121
37.449799
0 -76.826887
37.449087
0 -76.824152
37.450757
0 -76.822119
37.450445
0 -76.818757
37.449214
0 -76.816897
37.449187
0 -76.814664
37.44766
0 -76.812466
37.447364
0 -76.810331
37.445804
0 -76.808029
37.445425
0 -76.805866
37.443277
0 -76.802862
37.442052
0 -76.801843
37.44053
0 -76.797648
37.438244
0 -76.795037
37.437726
0 -76.792264
37.435528
0 -76.790169
37.43612
0 -76.786653
37.438188
0 -76.785654
37.437534
0 -76.783154
37.43772
0 -76.780329
37.436192
0 -76.77732
37.435741
0 -76.776893
37.433923
0 -76.774385
37.434716
0 -76.774254
37.436838
0 -76.772953
37.438217
0 -76.770188
37.438627
0 -76.771184
37.437012
0 -76.771066
37.435006
0 -76.769682
37.435427
0 -76.767592
37.438274
0 -76.767996
37.439219
0 -76.765675
37.438654
0 -76.766402
37.437571
0 -76.764635
37.437078
0 -76.763628
37.438221
0 -76.764479
37.439824
0 -76.765717
37.440005
0 -76.764909
37.441473
0 -76.763718
37.441619
0 -76.764086
37.442757
0 -76.760475
37.442771
0 -76.75955
37.443993
0 -76.760259
37.444702
0 -76.762422
37.444958
0 -76.761486
37.446532
0 -76.758948
37.444834
0 -76.758113
37.445998
0 -76.760573
37.447377
0 -76.762419
37.449509
0 -76.762841
37.450823
0 -76.7658
37.451651
0 -76.764464
37.452438
0 -76.763462
37.454197
0 -76.762045
37.452842
0 -76.760473
37.45253
0 -76.761244
37.455265
0 -76.760258
37.458691
0 -76.758504
37.456685
0 -76.756298
37.456618
0 -76.757654
37.45951
0 -76.756789
37.461715
0 -76.751934
37.463243
0 -76.741984
37.467076
0 -76.747411
37.478153
0 -76.749682
37.481577
0 -76.751693
37.483941
0 -76.756803
37.48833
0 -76.76454
37.493563
0 -76.772189
37.497579
0 -76.778142
37.500156
0 -76.782319
37.501597
0 -76.786937
37.502765
0 -76.789524
37.503862
0 -76.79085
37.505762
0 -76.791457
37.508339
0 -76.792184
37.517594
0 -76.79618
37.519944
0 -76.799841
37.523124
0 -76.806032
37.531005
0 -76.807802
37.533923
0 -76.808355
37.535212
0 -76.815221
37.547001
0 -76.816867
37.549027
0 -76.818039
37.55047
0 -76.821078
37.552038
0 -76.824064
37.552356
0 -76.826927
37.550894
0 -76.829017
37.546494
0 -76.830538
37.542626
0 -76.831942
37.541014
0 -76.851001
37.526083
0 -76.853827
37.524383
0 -76.857361
37.522899
0 -76.86097
37.522547
0 -76.86488
37.523664
0 -76.874687
37.528196
0 -76.877756
37.530384
0 -76.877712
37.533846
0 -76.8767
37.536419
0 -76.87568
37.537567
0 -76.87077
37.541227
0 -76.868154
37.543556
0 -76.865047
37.547081
0 -76.863776
37.549149
0 -76.855988
37.564729
0 -76.853994
37.569658
0 -76.853577
37.572627
0 -76.854007
37.574945
0 -76.854919
37.576826
0 -76.856244
37.578197
0 -76.858427
37.579541
0 -76.86046
37.580151
0 -76.868479
37.581383
0 -76.869785
37.581255
0 -76.875434
37.579643
0 -76.882011
37.576501
0 -76.882514
37.573887
0 -76.880142
37.567987
0 -76.877914
37.564297
0 -76.873245
37.557547
0 -76.873139
37.555063
0 -76.874686
37.552535
0 -76.875899
37.551848
0 -76.879307
37.5508
0 -76.884203
37.549687
0 -76.889693
37.547632
0 -76.893857
37.545668
0 -76.896359
37.545301
0 -76.899403
37.545651
0 -76.902014
37.546707
0 -76.905261
37.548963
0 -76.905702
37.550186
0 -76.905145
37.55291
0 -76.903696
37.555694
0 -76.903143
37.557983
0 -76.902562
37.563812
0 -76.903125
37.565791
0 -76.90432
37.566967
0 -76.907202
37.568618
0 -76.910526
37.569376
0 -76.917029
37.56956
0 -76.92155
37.568943
0 -76.937314
37.563123
0 -76.939508
37.562039
0 -76.942711
37.559552
0 -76.943449
37.557109
0 -76.943478
37.549637
0 -76.943156
37.544578
0 -76.944122
37.542291
0 -76.944206
37.538797
0 -76.945314
37.536566
0 -76.947111
37.535517
0 -76.949044
37.53534
0 -76.952966
37.535784
0 -76.95837
37.537082
0 -76.962933
37.538506
0 -76.96711
37.540153
0 -76.973973
37.541255
0 -76.975604
37.542496
0 -76.976297
37.544765
0 -76.973943
37.54724
0 -76.968302
37.549878
0 -76.962652
37.551985
0 -76.959808
37.553675
0 -76.957537
37.555715
0 -76.95676
37.557035
0 -76.955096
37.563805
0 -76.955901
37.56902
0 -76.957064
37.571913
0 -76.95825
37.573422
0 -76.9613
37.576222
0 -76.96278
37.579012
0 -76.963635
37.583073
0 -76.965314
37.584992
0 -76.968576
37.586232
0 -76.972696
37.586272
0 -76.976067
37.585935
0 -76.980522
37.584634
0 -76.983521
37.584242
0 -76.986064
37.583428
0 -76.989142
37.582207
0 -76.990453
37.581838
0 -76.992693
37.580914
0 -76.993875
37.578544
0 -76.991806
37.576798
0 -76.982573
37.573969
0 -76.980757
37.571339
0 -76.980613
37.570088
0 -76.981158
37.567113
0 -76.981852
37.56618
0 -76.984014
37.56514
0 -76.988269
37.564487
0 -76.990531
37.564679
0 -76.993543
37.564346
0 -76.996856
37.56214
0 -77.000079
37.561807
0 -77.005476
37.563098
0 -77.010734
37.563841
0 -77.016644
37.565842
0 -77.019163
37.567417
0 -77.02436
37.571785
0 -77.025829
37.573448
0 -77.025924
37.575422
0 -77.023969
37.577683
0 -77.02158
37.579556
0 -77.018967
37.582412
0 -77.019014
37.583475
0 -77.021183
37.584116
0 -77.025112
37.583849
0 -77.02804
37.584305
0 -77.030944
37.585889
0 -77.032267
37.586101
0 -77.036166
37.585559
0 -77.039706
37.587289
0 -77.042857
37.590864
0 -77.046403
37.59435
0 -77.048195
37.595673
0 -77.053996
37.598838
0 -77.05742
37.599507
0 -77.06297
37.601658
0 -77.067217
37.60392
0 -77.068419
37.603857
0 -77.069472
37.602779
0 -77.069945
37.5995
0 -77.070888
37.597688
0 -77.07279
37.5969
0 -77.077719
37.596223
0 -77.079455
37.596434
0 -77.084159
37.598358
0 -77.085862
37.600141
0 -77.091015
37.604127
0 -77.0922
37.607802
0 -77.091719
37.610726
0 -77.089718
37.616315
0 -77.089643
37.618224
0 -77.091698
37.61837
0 -77.093717
37.617069
0 -77.097965
37.617344
0 -77.100088
37.618832
0 -77.103753
37.622853
0 -77.10573
37.624232
0 -77.110702
37.624595
0 -77.114186
37.62382
0 -77.117448
37.623885
0 -77.120316
37.624758
0 -77.123675
37.626881
0 -77.126107
37.624542
0 -77.127326
37.625715
0 -77.133507
37.625477
0 -77.135163
37.624017
0 -77.134958
37.621304
0 -77.133723
37.619716
0 -77.137559
37.617496
0 -77.137711
37.615769
0 -77.136132
37.613676
0 -77.133995
37.612147
0 -77.133134
37.609632
0 -77.134366
37.608224
0 -77.137149
37.60376
0 -77.137741
37.601776
0 -77.137356
37.596616
0 -77.139392
37.594853
0 -77.14021
37.592562
0 -77.142661
37.591033
0 -77.150801
37.591599
0 -77.158078
37.593762
0 -77.162724
37.593607
0 -77.166566
37.595659
0 -77.170295
37.59639
0 -77.172038
37.595136
0 -77.210256
37.56432
0 -77.212129
37.560801
0 -77.2162
37.556571
0 -77.222097
37.550846
0 -77.226151
37.549358
0 -77.234253
37.546983
0 