-72.46673
41.583899
0 -72.449059
41.553937
0 -72.446554
41.550657
0 -72.435138
41.53187
0 -72.430767
41.524567
0 -72.383057
41.529
0 -72.374528
41.529909
0 -72.361634
41.530818
0 -72.358576
41.531436
0 -72.344985
41.532456
0 -72.344566
41.532417
0 -72.323394
41.53425
0 -72.322931
41.518119
0 -72.321848
41.512221
0 -72.315246
41.478091
0 -72.312537
41.478411
0 -72.305531
41.436282
0 -72.386129
41.427658
0 -72.399793
41.42611
0 -72.403029
41.424774
0 -72.405171
41.424815
0 -72.409477
41.425295
0 -72.427612
41.423289
0 -72.43371
41.423995
0 -72.426102
41.413069
0 -72.425479
41.411656
0 -72.425123
41.407237
0 -72.42525
41.40198
0 -72.425663
41.400805
0 -72.426339
41.398783
0 -72.425753
41.395968
0 -72.423514
41.391888
0 -72.421676
41.39051
0 -72.416213
41.389347
0 -72.411751
41.389524
0 -72.405295
41.388444
0 -72.402022
41.388545
0 -72.397246
41.387664
0 -72.394893
41.38755
0 -72.38718
41.386054
0 -72.384833
41.38519
0 -72.382594
41.38248
0 -72.381601
41.380606
0 -72.376004
41.376255
0 -72.375093
41.374507
0 -72.374909
41.373305
0 -72.376428
41.369098
0 -72.377366
41.364478
0 -72.378393
41.35591
0 -72.379397
41.349746
0 -72.378771
41.347998
0 -72.377687
41.346465
0 -72.372158
41.343433
0 -72.369147
41.342337
0 -72.366058
41.341079
0 -72.362489
41.338942
0 -72.357834
41.335135
0 -72.353379
41.329833
0 -72.351242
41.326369
0 -72.349121
41.324492
0 -72.347916
41.321784
0 -72.347439
41.318803
0 -72.3490378627189
41.3115555309125
0 -72.346463
41.311214
0 -72.34171
41.296394
0 -72.333894
41.282916
0 -72.3292852900993
41.2796557346694
0 -72.3288945897681
41.2793793478341
0 -72.327595
41.27846
0 -72.31776
41.277782
0 -72.298804
41.27892
0 -72.284687
41.280805
0 -72.2801917116802
41.2829879661633
0 -72.27798
41.284062
0 -72.268805
41.28443
0 -72.261487
41.282926
0 -72.251323
41.289997
0 -72.250515
41.294386
0 -72.251895
41.29862
0 -72.2515208189592
41.2987069815596
0 -72.2488103721913
41.2993370479212
0 -72.248161
41.299488
0 -72.24545
41.297466
0 -72.241173
41.300153
0 -72.235531
41.300413
0 -72.231815
41.296574
0 -72.225276
41.299047
0 -72.225219986622
41.2978537262402
0 -72.2251934107516
41.2972875706194
0 -72.225009
41.293359
0 -72.221836656073
41.2928355698146
0 -72.212924
41.291365
0 -72.209992
41.286065
0 -72.205109
41.285187
0 -72.2014
41.28847
0 -72.204022
41.299097
0 -72.2039880302184
41.2995759739211
0 -72.2036432942295
41.3044367513638
0 -72.2035779661765
41.3053578769112
0 -72.203022
41.313197
0 -72.201422
41.315697
0 -72.1915159517901
41.3228407847668
0 -72.191022
41.323197
0 -72.184122
41.323997
0 -72.177622
41.322497
0 -72.1774650579298
41.3222891577989
0 -72.173922
41.317597
0 -72.172715
41.309596
0 -72.164401
41.303715
0 -72.161073
41.306929
0 -72.16158
41.310262
0 -72.15632
41.313178
0 -72.1559882169118
41.3130622872205
0 -72.149665
41.310857
0 -72.144041
41.30291
0 -72.134221
41.299398
0 -72.1254987519934
41.3012342216659
0 -72.123044
41.301751
0 -72.11182
41.299098
0 -72.107782
41.302861
0 -72.101358
41.303771
0 -72.1011122448683
41.304096793875
0 -72.098438
41.307642
0 -72.093097
41.309429
0 -72.094443
41.314164
0 -72.0913367349466
41.3150024051527
0 -72.088478
41.315774
0 -72.0820020402424
41.3172242653722
0 -72.074104
41.318993
0 -72.066956
41.318893
0 -72.065048
41.315238
0 -72.060535
41.312107
0 -72.055068
41.312999
0 -72.0547506764111
41.3133260914975
0 -72.049123
41.319127
0 -72.041527
41.318488
0 -72.036447
41.31587
0 -72.035341
41.312821
0 -72.030262
41.312121
0 -72.027497
41.316034
0 -72.021898
41.316838
0 -72.0202819284619
41.3154053072847
0 -72.0115673936891
41.3076796279495
0 -72.010838
41.307033
0 -72.0102887045407
41.3069996275278
0 -72.0056918504038
41.3067203454328
0 -72.005143
41.306687
0 -72.0036509005825
41.3105467420542
0 -72.000678
41.318237
0 -72.0001008130767
41.3183448179197
0 -71.993724
41.319536
0 -71.989231
41.315856
0 -71.988153
41.320577
0 -71.982194
41.329861
0 -71.9802752216186
41.3299490109487
0 -71.979447
41.329987
0 -71.969266
41.321033
0 -71.96244
41.321535
0 -71.9603568021841
41.3231338731251
0 -71.95413
41.327913
0 -71.945652
41.337799
0 -71.9375554403829
41.3379372845366
0 -71.936284
41.337959
0 -71.932663
41.333348
0 -71.92763
41.33229
0 -71.921206
41.327927
0 -71.9090940294406
41.3275069485771
0 -71.904655
41.327353
0 -71.897962
41.333527
0 -71.8936573290734
41.3333181458508
0 -71.892665
41.33327
0 -71.886302
41.33641
0 -71.8823774862605
41.3362379310113
0 -71.877521
41.336025
0 -71.868727
41.327815
0 -71.85957
41.322399
0 -71.860513
41.320248
0 -71.857458
41.320789
0 -71.851923
41.324664
0 -71.847709
41.329604
0 -71.844666
41.330585
0 -71.836156
41.336013
0 -71.830617723719
41.3412470472827
0 -71.829384
41.342413
0 -71.829902
41.346636
0 -71.831303
41.351295
0 -71.835703
41.353568
0 -71.836768
41.355103
0 -71.837873
41.360145
0 -71.8377317214458
41.3632966890791
0 -71.8377133908183
41.3637056148293
0 -71.837633
41.365499
0 -71.8355881682153
41.3670686692761
0 -71.8349469163787
41.3675609118721
0 -71.832499
41.36944
0 -71.8321077620934
41.3700842619703
0 -71.8320107595773
41.3702439986192
0 -71.831613
41.370899
0 -71.8320765800314
41.3729621714499
0 -71.832674
41.375621
0 -71.8313139597931
41.3777248226273
0 -71.830637
41.378772
0 -71.8316433377617
41.3800224459541
0 -71.833531
41.382368
0 -71.8330005628195
41.3852672388358
0 -71.832655
41.387156
0 -71.835204
41.389558
0 -71.83817
41.390595
0 -71.8386323044412
41.3911510258414
0 -71.842131
41.395359
0 -71.8421660144265
41.3958299905162
0 -71.842244
41.396879
0 -71.84115
41.39923
0 -71.841726
41.403241
0 -71.843256
41.404461
0 -71.843472
41.40583
0 -71.8428165698118
41.4087322073789
0 -71.842563
41.409855
0 -71.839649
41.412119
0 -71.836883
41.412228
0 -71.834107
41.411582
0 -71.827902
41.414334
0 -71.824573
41.415235
0 -71.823873
41.417164
0 -71.82033
41.419382
0 -71.816904
41.419927
0 -71.8129
41.419404
0 -71.806812
41.416673
0 -71.803684
41.417428
0 -71.801439
41.415545
0 -71.797683
41.416709
0 -71.7976736925499
41.4169104184967
0 -71.797235453979
41.426394149577
0 -71.7967394589644
41.4371277628393
0 -71.7964992379505
41.4423262817432
0 -71.795497602244
41.4640022461898
0 -71.7935683158896
41.5057530964788
0 -71.7925957022037
41.5268010079481
0 -71.7917190617471
41.545772004335
0 -71.7905084708522
41.5719698775019
0 -71.7893586727423
41.5968521603427
0 -71.789356
41.59691
0 -71.787855198595
41.6344503677445
0 -71.7876366458895
41.6399171462982
0 -71.817437
41.641866
0 -71.820089
41.641844
0 -71.846992
41.643757
0 -71.857917
41.644227
0 -71.874516
41.642129
0 -71.884279
41.641219
0 -71.884422
41.641204
0 -71.909061
41.638666
0 -71.936549
41.635883
0 -71.951936
41.634328
0 -71.954983
41.634799
0 -71.975253
41.638117
0 -71.981928
41.639203
0 -72.01492
41.644588
0 -72.031216
41.647242
0 -72.062051
41.652239
0 -72.092407
41.657189
0 -72.103523
41.659305
0 -72.11
41.660224
0 -72.119773
41.661834
0 -72.119957
41.663301
0 -72.146717
41.667169
0 -72.151747
41.667516
0 -72.152922
41.665622
0 -72.15501
41.662666
0 -72.157472
41.657798
0 -72.157546
41.657627
0 -72.173334
41.667859
0 -72.175469
41.668995
0 -72.178276
41.671206
0 -72.185111
41.675312
0 -72.198866
41.685394
0 -72.208239
41.69225
0 -72.211178
41.694145
0 -72.211589
41.69441
0 -72.214587
41.696343
0 -72.217176
41.698012
0 -72.234997
41.710692
0 -72.237889
41.713117
0 -72.239559
41.714191
0 -72.242847
41.713257
0 -72.24413
41.714381
0 -72.244965
41.713878
0 -72.243264
41.712253
0 -72.245701
41.710951
0 -72.246571
41.708268
0 -72.247677
41.708766
0 -72.247302
41.706928
0 -72.244021
41.706529
0 -72.245981
41.703719
0 -72.247446
41.704108
0 -72.251249
41.703324
0 -72.251354
41.701223
0 -72.250045
41.699653
0 -72.252007
41.699078
0 -72.254092
41.700499
0 -72.257724
41.699789
0 -72.258421
41.698439
0 -72.260728
41.698645
0 -72.261279
41.695346
0 -72.263562
41.693261
0 -72.263936
41.691834
0 -72.26576
41.690891
0 -72.266564
41.690673
0 -72.268825
41.692391
0 -72.270824
41.691453
0 -72.273596
41.69293
0 -72.274204
41.692217
0 -72.274762
41.690682
0 -72.272157
41.688618
0 -72.269392
41.685708
0 -72.269598
41.684737
0 -72.267858
41.681532
0 -72.267253
41.678047
0 -72.266141
41.677273
0 -72.267489
41.675594
0 -72.267503
41.673685
0 -72.268418
41.671137
0 -72.278669
41.671975
0 -72.290511
41.663302
0 -72.303643
41.653982
0 -72.334226
41.643598
0 -72.329226
41.629597
0 -72.327018
41.625098
0 -72.32451
41.61857
0 -72.328095
41.605471
0 -72.34354
41.59925
0 -72.352262
41.599059
0 -72.353111
41.598855
0 -72.355851
41.59761
0 -72.358885
41.598284
0 -72.361591
41.600791
0 -72.363719
41.601159
0 -72.365217
41.59978
0 -72.36782
41.6002
0 -72.371366
41.599484
0 -72.37498
41.60144
0 -72.376128
41.600283
0 -72.376595
41.597701
0 -72.377613
41.596237
0 -72.380517
41.595465
0 -72.382035
41.593807
0 -72.382369
41.592066
0 -72.383859
41.59078
0 -72.38415
41.588652
0 -72.385935
41.589083
0 -72.393259
41.592309
0 -72.394103
41.592803
0 -72.401195
41.595491
0 -72.404461
41.597162
0 -72.407328
41.599398
0 -72.408928
41.601898
0 -72.410629
41.601798
0 -72.417229
41.590598
0 -72.427729
41.589198
0 -72.42886
41.588986
0 -72.46673
41.583899
0 