-86.039706
43.561429
0 -86.03978
43.554182
0 -86.03964
43.539751
0 -86.039653
43.533995
0 -86.039658
43.525302
0 -86.039491
43.467447
0 -86.039286
43.445759
0 -86.039311
43.409579
0 -86.039132
43.380643
0 -86.039088
43.366035
0 -86.038995
43.318113
0 -86.038995
43.317957
0 -86.038998
43.30803
0 -86.038998
43.307526
0 -86.038989
43.300035
0 -86.038953
43.293519
0 -86.027934
43.293478
0 -86.020074
43.29344
0 -86.001348
43.29337
0 -85.959737
43.293394
0 -85.939656
43.293302
0 -85.920004
43.29316
0 -85.908102
43.293138
0 -85.869928
43.293014
0 -85.830099
43.292949
0 -85.810594
43.292925
0 -85.800817
43.292943
0 -85.790448
43.293003
0 -85.775505
43.293077
0 -85.771046
43.293111
0 -85.765649
43.293151
0 -85.760765
43.293193
0 -85.752657
43.293228
0 -85.740997
43.293311
0 -85.740607
43.293304
0 -85.731184
43.293292
0 -85.72651
43.293304
0 -85.726151
43.293304
0 -85.721713
43.293309
0 -85.712543
43.293309
0 -85.681789
43.293767
0 -85.673008
43.293832
0 -85.66287
43.293914
0 -85.661495
43.293927
0 -85.65645
43.293754
0 -85.651507
43.293946
0 -85.646471
43.293974
0 -85.641722
43.293994
0 -85.641149
43.293999
0 -85.613863
43.294145
0 -85.611571
43.29416
0 -85.592974
43.294166
0 -85.582333
43.294211
0 -85.571636
43.294252
0 -85.562538
43.294271
0 -85.562744
43.316041
0 -85.562645
43.366707
0 -85.562686
43.381322
0 -85.562614
43.395872
0 -85.562639
43.425213
0 -85.562635
43.426413
0 -85.562392
43.468247
0 -85.562388
43.468481
0 -85.562457
43.51202
0 -85.562513
43.512696
0 -85.562484
43.526283
0 -85.562542
43.540445
0 -85.562562
43.54879
0 -85.562512
43.555047
0 -85.562535
43.56561
0 -85.562571
43.569342
0 -85.562515
43.581449
0 -85.562595
43.589504
0 -85.562249
43.642112
0 -85.56211
43.644873
0 -85.562379
43.656808
0 -85.562822
43.714415
0 -85.562745
43.728497
0 -85.562576
43.749717
0 -85.562548
43.754939
0 -85.562541
43.757469
0 -85.562564
43.760469
0 -85.562517
43.764685
0 -85.562439
43.815634
0 -85.564079
43.815486
0 -85.602679
43.815509
0 -85.60408
43.81564
0 -85.681516
43.81553
0 -85.713499
43.815572
0 -85.800327
43.814231
0 -85.801054
43.814295
0 -85.801354
43.814234
0 -85.850195
43.814099
0 -85.918819
43.814636
0 -85.998133
43.815109
0 -86.037884
43.815611
0 -86.039133
43.757375
0 -86.039277
43.728339
0 -86.039368
43.702711
0 -86.039352
43.69891
0 -86.039273
43.684978
0 -86.039217
43.641209
0 -86.039246
43.626814
0 -86.039542
43.59755
0 -86.039633
43.579537
0 -86.039639
43.575706
0 -86.039706
43.561429
0 