-81.943718
34.206054
0 -81.945019
34.203148
0 -81.943697
34.202002
0 -81.941113
34.198733
0 -81.939798
34.196159
0 -81.936907
34.194532
0 -81.932995
34.195289
0 -81.931108
34.196075
0 -81.926748
34.195856
0 -81.924818
34.194914
0 -81.920471
34.192013
0 -81.91947
34.190722
0 -81.920107
34.189308
0 -81.921712
34.188304
0 -81.922473
34.186227
0 -81.919929
34.18363
0 -81.91859
34.17835
0 -81.916989
34.176981
0 -81.912892
34.177624
0 -81.908091
34.179036
0 -81.905445
34.178055
0 -81.904473
34.176408
0 -81.904504
34.172822
0 -81.906334
34.170761
0 -81.907646
34.16733
0 -81.907693
34.161902
0 -81.905606
34.160411
0 -81.902576
34.158956
0 -81.897991
34.155767
0 -81.898091
34.153972
0 -81.899185
34.151487
0 -81.899141
34.15018
0 -81.897554
34.146613
0 -81.89573
34.145545
0 -81.89251
34.144865
0 -81.888146
34.14351
0 -81.88358
34.142639
0 -81.881297
34.141543
0 -81.878535
34.137656
0 -81.877438
34.136861
0 -81.870084
34.135357
0 -81.867213
34.136894
0 -81.866664
34.138132
0 -81.866727
34.140926
0 -81.868035
34.142682
0 -81.872763
34.145809
0 -81.872978
34.147794
0 -81.87099
34.149996
0 -81.871689
34.151202
0 -81.875926
34.155783
0 -81.878848
34.156704
0 -81.879248
34.157881
0 -81.878528
34.159516
0 -81.876102
34.161845
0 -81.875593
34.163051
0 -81.875848
34.164844
0 -81.87685
34.16636
0 -81.876356
34.167834
0 -81.870677
34.170595
0 -81.8665
34.172051
0 -81.862502
34.176435
0 -81.860571
34.179373
0 -81.853377
34.180082
0 -81.848576
34.177471
0 -81.845626
34.174923
0 -81.842461
34.173111
0 -81.838918
34.172184
0 -81.835863
34.175456
0 -81.834206
34.177996
0 -81.83206
34.179619
0 -81.827264
34.182187
0 -81.825677
34.180742
0 -81.827864
34.177906
0 -81.829756
34.176728
0 -81.828806
34.173622
0 -81.827335
34.172838
0 -81.823832
34.172433
0 -81.818431
34.173095
0 -81.815089
34.174395
0 -81.810816
34.175381
0 -81.808395
34.175173
0 -81.805202
34.173857
0 -81.799985
34.17243
0 -81.796127
34.170329
0 -81.793584
34.169318
0 -81.790256
34.169584
0 -81.788676
34.172045
0 -81.786793
34.171973
0 -81.784165
34.172681
0 -81.782267
34.172178
0 -81.781422
34.171288
0 -81.78143
34.169764
0 -81.783772
34.167895
0 -81.785243
34.168807
0 -81.785946
34.166477
0 -81.785604
34.165914
0 -81.780231
34.166353
0 -81.780058
34.165105
0 -81.778804
34.164667
0 -81.773636
34.166591
0 -81.77182
34.16955
0 -81.771674
34.171967
0 -81.771025
34.173854
0 -81.768863
34.174908
0 -81.766004
34.174635
0 -81.763345
34.173959
0 -81.760609
34.175644
0 -81.758263
34.175544
0 -81.75534
34.177437
0 -81.753858
34.177709
0 -81.749177
34.177097
0 -81.746953
34.178212
0 -81.743947
34.179158
0 -81.741718
34.182106
0 -81.737944
34.185663
0 -81.73419
34.187194
0 -81.731614
34.187613
0 -81.729077
34.18642
0 -81.726303
34.184349
0 -81.724115
34.18131
0 -81.720883
34.178326
0 -81.718593
34.176606
0 -81.715502
34.175234
0 -81.709036
34.173179
0 -81.704527
34.172714
0 -81.700284
34.172993
0 -81.696667
34.174049
0 -81.693705
34.173954
0 -81.691503
34.172943
0 -81.684112
34.166736
0 -81.682493
34.165967
0 -81.679116
34.164955
0 -81.676667
34.163224
0 -81.674346
34.157695
0 -81.672671
34.156009
0 -81.6672
34.154732
0 -81.66009
34.1523
0 -81.657065
34.149768
0 -81.654886
34.148385
0 -81.647418
34.14604
0 -81.645685
34.145943
0 -81.642671
34.146573
0 -81.639438
34.146637
0 -81.636963
34.146181
0 -81.63203
34.142436
0 -81.631348
34.141617
0 -81.62996
34.137577
0 -81.624828
34.128748
0 -81.622676
34.126301
0 -81.619946
34.124724
0 -81.616007
34.123982
0 -81.608915
34.123539
0 -81.607615
34.123161
0 -81.606454
34.121712
0 -81.604293
34.120296
0 -81.60248
34.114759
0 -81.600468
34.112906
0 -81.599713
34.112905
0 -81.599026
34.113113
0 -81.59792
34.116155
0 -81.596516
34.117493
0 -81.595286
34.118459
0 -81.593689
34.118504
0 -81.589596
34.117212
0 -81.588619
34.116338
0 -81.585536
34.111648
0 -81.58277
34.109437
0 -81.57135
34.099714
0 -81.568511
34.099687
0 -81.566463
34.100075
0 -81.563416
34.09926
0 -81.558503
34.096133
0 -81.554151
34.094072
0 -81.548539
34.093905
0 -81.546076
34.092045
0 -81.544355
34.087492
0 -81.542359
34.084216
0 -81.540507
34.083304
0 -81.538899
34.081744
0 -81.536868
34.081626
0 -81.533607
34.08207
0 -81.530171
34.082893
0 -81.524801
34.082701
0 -81.518834
34.081393
0 -81.51385
34.082253
0 -81.512835
34.081709
0 -81.511147
34.078709
0 -81.509632
34.076952
0 -81.505562
34.074825
0 -81.502477
34.07388
0 -81.499825
34.074817
0 -81.495772
34.076844
0 -81.492501
34.076777
0 -81.487989
34.079106
0 -81.48699
34.081332
0 -81.485078
34.082299
0 -81.482147
34.081901
0 -81.477342
34.078032
0 -81.472674
34.076494
0 -81.471972
34.076552
0 -81.470024
34.077872
0 -81.468782
34.082954
0 -81.466669
34.087247
0 -81.463628
34.087275
0 -81.45991
34.084317
0 -81.458512
34.08367
0 -81.455911
34.083328
0 -81.454164
34.081858
0 -81.449302
34.080101
0 -81.444674
34.077884
0 -81.440976
34.078397
0 -81.434811
34.082013
0 -81.43022
34.0835
0 -81.42624
34.083503
0 -81.424727
34.08317
0 -81.419992
34.079903
0 -81.418508
34.077916
0 -81.414123
34.073842
0 -81.41129
34.073128
0 -81.406709
34.073016
0 -81.404439
34.072464
0 -81.40282
34.070839
0 -81.394083
34.071545
0 -81.392792
34.074004
0 -81.390139
34.075255
0 -81.388235
34.079347
0 -81.38967
34.081375
0 -81.391862
34.082629
0 -81.394383
34.085119
0 -81.397013
34.085979
0 -81.399301
34.089358
0 -81.400502
34.091851
0 -81.402007
34.092362
0 -81.403917
34.094955
0 -81.402896
34.097488
0 -81.405594
34.098395
0 -81.408283
34.098335
0 -81.408991
34.09882
0 -81.409446
34.100879
0 -81.412124
34.102875
0 -81.41321
34.104248
0 -81.412937
34.106104
0 -81.41548
34.107488
0 -81.416509
34.10707
0 -81.41708
34.109814
0 -81.419721
34.109334
0 -81.422158
34.110007
0 -81.421992
34.111266
0 -81.420233
34.114039
0 -81.420912
34.115493
0 -81.42695
34.117365
0 -81.432203
34.121254
0 -81.433661
34.125125
0 -81.435493
34.128899
0 -81.435842
34.129365
0 -81.437172
34.129963
0 -81.436412
34.131016
0 -81.433132
34.135564
0 -81.432923
34.13586
0 -81.431357
34.138042
0 -81.430657
34.139066
0 -81.422754
34.150567
0 -81.410226
34.168672
0 -81.403672
34.177876
0 -81.402981
34.177891
0 -81.399492
34.17763
0 -81.387139
34.176752
0 -81.374766
34.179009
0 -81.373274
34.179599
0 -81.371677
34.180622
0 -81.360152
34.189065
0 -81.352349
34.196689
0 -81.342881
34.197462
0 -81.338961
34.197587
0 -81.341546
34.201435
0 -81.343423
34.202703
0 -81.345328
34.20503
0 -81.328793
34.227335
0 -81.316911
34.239458
0 -81.318557
34.24157
0 -81.320374
34.243089
0 -81.321072
34.243731
0 -81.322967
34.245987
0 -81.324444
34.249286
0 -81.326843
34.252814
0 -81.328381
34.257022
0 -81.330144
34.259084
0 -81.334963
34.262355
0 -81.340552
34.265257
0 -81.341804
34.266311
0 -81.342297
34.266928
0 -81.345335
34.275917
0 -81.34534
34.279166
0 -81.344285
34.282736
0 -81.339674
34.289981
0 -81.33961
34.292197
0 -81.341154
34.295407
0 -81.343494
34.298183
0 -81.346747
34.300074
0 -81.351539
34.301518
0 -81.353991
34.302884
0 -81.358978
34.310519
0 -81.361278
34.315938
0 -81.36167
34.317812
0 -81.363726
34.32126
0 -81.365177
34.322745
0 -81.366471
34.325822
0 -81.365836
34.330424
0 -81.366611
34.332149
0 -81.368853
34.335093
0 -81.37042
34.337666
0 -81.37153
34.340693
0 -81.371354
34.342714
0 -81.370388
34.345813
0 -81.371459
34.350403
0 -81.372941
34.352854
0 -81.374466
34.35458
0 -81.376719
34.359748
0 -81.378161
34.362089
0 -81.3817
34.365477
0 -81.382693
34.367183
0 -81.38365
34.370313
0 -81.383772
34.372257
0 -81.384674
34.375141
0 -81.387271
34.380256
0 -81.389714
34.383034
0 -81.394845
34.387098
0 -81.39653
34.389809
0 -81.397322
34.392593
0 -81.397948
34.400933
0 -81.399779
34.404378
0 -81.40506
34.411813
0 -81.40624
34.414488
0 -81.406121
34.419044
0 -81.406591
34.421693
0 -81.409956
34.427391
0 -81.410345
34.431808
0 -81.411211
34.433252
0 -81.414395
34.439131
0 -81.415101
34.442854
0 -81.416053
34.445167
0 -81.4196
34.450825
0 -81.42124
34.453824
0 -81.420643
34.456459
0 -81.415757
34.462078
0 -81.415218
34.464328
0 -81.412853
34.467946
0 -81.412494
34.469879
0 -81.413008
34.473009
0 -81.414962
34.477769
0 -81.415977
34.479515
0 -81.422449
34.482217
0 -81.42344
34.492284
0 -81.423241
34.494379
0 -81.425329
34.495813
0 -81.42772
34.495633
0 -81.428939
34.494592
0 -81.429856
34.492571
0 -81.43344
34.492407
0 -81.435554
34.496257
0 -81.436835
34.496997
0 -81.439692
34.496922
0 -81.443275
34.495599
0 -81.443702
34.494748
0 -81.443717
34.49069
0 -81.444938
34.487991
0 -81.446717
34.488215
0 -81.448979
34.490345
0 -81.452196
34.490243
0 -81.457287
34.487046
0 -81.458723
34.486973
0 -81.462142
34.490262
0 -81.465596
34.491492
0 -81.467932
34.494174
0 -81.468976
34.494052
0 -81.474535
34.490262
0 -81.479735
34.49001
0 -81.483597
34.489083
0 -81.484647
34.490003
0 -81.499824
34.478036
0 -81.507782
34.472301
0 -81.534758
34.449679
0 -81.54043
34.445027
0 -81.541455
34.445166
0 -81.542398
34.446236
0 -81.541316
34.447681
0 -81.541656
34.448615
0 -81.545901
34.448539
0 -81.547961
34.449737
0 -81.549276
34.451279
0 -81.551142
34.452306
0 -81.551515
34.456015
0 -81.552135
34.457654
0 -81.550688
34.458764
0 -81.549411
34.458521
0 -81.54832
34.460816
0 -81.547605
34.45994
0 -81.546066
34.460616
0 -81.546343
34.461925
0 -81.548669
34.462748
0 -81.552161
34.462687
0 -81.554822
34.462277
0 -81.556878
34.463081
0 -81.557021
34.463921
0 -81.554603
34.466561
0 -81.553122
34.467602
0 -81.551779
34.470294
0 -81.552349
34.472107
0 -81.553543
34.473845
0 -81.552468
34.474939
0 -81.552944
34.476874
0 -81.55727
34.478665
0 -81.559258
34.480222
0 -81.563346
34.482536
0 -81.564585
34.484389
0 -81.567603
34.486477
0 -81.570647
34.488081
0 -81.573293
34.490165
0 -81.575014
34.490861
0 -81.578581
34.494327
0 -81.581389
34.494585
0 -81.58503
34.496283
0 -81.588426
34.496805
0 -81.589859
34.49831
0 -81.591812
34.502072
0 -81.593425
34.504269
0 -81.598511
34.509027
0 -81.600284
34.510011
0 -81.602717
34.51285
0 -81.605022
34.513275
0 -81.607721
34.512576
0 -81.609862
34.513767
0 -81.613374
34.51375
0 -81.614059
34.516139
0 -81.616966
34.51793
0 -81.617737
34.52213
0 -81.617302
34.524369
0 -81.617791
34.525249
0 -81.623322
34.524718
0 -81.625108
34.522793
0 -81.62719
34.521685
0 -81.628558
34.522503
0 -81.627861
34.524176
0 -81.62856
34.525331
0 -81.631211
34.52733
0 -81.634198
34.527443
0 -81.63594
34.527112
0 -81.640184
34.527501
0 -81.64079
34.528146
0 -81.641706
34.53114
0 -81.643552
34.533652
0 -81.645129
34.53146
0 -81.645825
34.52734
0 -81.649582
34.520423
0 -81.649702
34.517709
0 -81.654035
34.514415
0 -81.657691
34.513324
0 -81.658615
34.510796
0 -81.66125
34.50738
0 -81.66475
34.505335
0 -81.674077
34.493119
0 -81.702221
34.456012
0 -81.703468
34.453413
0 -81.703198
34.452631
0 -81.704235
34.453361
0 -81.706748
34.453213
0 -81.708994
34.452503
0 -81.714482
34.449342
0 -81.717476
34.448934
0 -81.722491
34.449661
0 -81.723524
34.447128
0 -81.724734
34.445353
0 -81.728203
34.443409
0 -81.730071
34.441278
0 -81.734455
34.437736
0 -81.734104
34.43528
0 -81.735857
34.433224
0 -81.737103
34.430544
0 -81.738183
34.429083
0 -81.739181
34.42794
0 -81.741762
34.426199
0 -81.743175
34.423402
0 -81.745941
34.421672
0 -81.746385
34.420152
0 -81.747462
34.419591
0 -81.746653
34.417887
0 -81.746212
34.414166
0 -81.747064
34.412908
0 -81.74983
34.410729
0 -81.754377
34.407925
0 -81.754349
34.405552
0 -81.754859
34.403458
0 -81.756099
34.400851
0 -81.757867
34.39856
0 -81.759188
34.398052
0 -81.762189
34.398052
0 -81.763756
34.394277
0 -81.765911
34.391405
0 -81.774607
34.383946
0 -81.776075
34.382217
0 -81.778407
34.378887
0 -81.780906
34.373198
0 -81.780456
34.369184
0 -81.780592
34.367721
0 -81.781755
34.366031
0 -81.782627
34.365089
0 -81.785754
34.363272
0 -81.792296
34.359586
0 -81.797337
34.357229
0 -81.800864
34.354518
0 -81.806538
34.350588
0 -81.812641
34.347707
0 -81.814861
34.346998
0 -81.817959
34.346788
0 -81.821049
34.347048
0 -81.823858
34.34678
0 -81.832168
34.344899
0 -81.836257
34.343161
0 -81.840254
34.339731
0 -81.844694
34.335135
0 -81.849816
34.332984
0 -81.850582
34.329104
0 -81.848467
34.323528
0 -81.852284
34.322482
0 -81.855198
34.320723
0 -81.856168
34.318689
0 -81.858375
34.318333
0 -81.861302
34.315545
0 -81.865085
34.316734
0 -81.867573
34.31639
0 -81.869135
34.314462
0 -81.869722
34.31411
0 -81.871309
34.312415
0 -81.872621
34.312031
0 -81.877354
34.312247
0 -81.88027
34.311768
0 -81.883076
34.311964
0 -81.883652
34.310735
0 -81.88815
34.304846
0 -81.889655
34.303821
0 -81.893003
34.302924
0 -81.895331
34.300497
0 -81.89577
34.295849
0 -81.898091
34.290239
0 -81.899742
34.284892
0 -81.900501
34.280948
0 -81.901711
34.276471
0 -81.903461
34.273469
0 -81.90296
34.264535
0 -81.9032
34.263286
0 -81.906646
34.259066
0 -81.908041
34.257896
0 -81.909228
34.255592
0 -81.910121
34.250614
0 -81.911351
34.246345
0 -81.915619
34.240537
0 -81.923777
34.230895
0 -81.924472
34.229594
0 -81.925742
34.225812
0 -81.926727
34.219721
0 -81.929241
34.21769
0 -81.932843
34.216457
0 -81.934721
34.215388
0 -81.938624
34.210819
0 -81.941961
34.208593
0 -81.943718
34.206054
0 