-89.32265
32.282101
0 -89.322692
32.223472
0 -89.250061
32.223369
0 -89.248629
32.223662
0 -89.185831
32.223793
0 -89.123408
32.223954
0 -89.117675
32.223972
0 -89.100296
32.223961
0 -89.068227
32.223992
0 -88.934057
32.224381
0 -88.925851
32.224161
0 -88.913847
32.224186
0 -88.914124
32.238885
0 -88.914152
32.240545
0 -88.914444
32.283155
0 -88.914686
32.286019
0 -88.914684
32.343316
0 -88.914735
32.371642
0 -88.915049
32.393859
0 -88.915068
32.398695
0 -88.915068
32.398829
0 -88.915271
32.45024
0 -88.91531
32.459931
0 -88.914987
32.463201
0 -88.915416
32.486401
0 -88.915441
32.500265
0 -88.915315
32.51616
0 -88.915679
32.526899
0 -88.915455
32.529066
0 -88.915593
32.558432
0 -88.914516
32.576955
0 -88.966047
32.576677
0 -88.97566
32.576969
0 -88.976855
32.577333
0 -88.984189
32.577001
0 -89.00909
32.576894
0 -89.034296
32.576886
0 -89.059257
32.57688
0 -89.059441
32.576881
0 -89.089979
32.576873
0 -89.090764
32.576873
0 -89.100227
32.576907
0 -89.102982
32.576757
0 -89.104238
32.576908
0 -89.121841
32.576876
0 -89.125741
32.576932
0 -89.132612
32.576973
0 -89.134967
32.576971
0 -89.205657
32.576984
0 -89.249575
32.576911
0 -89.250062
32.576464
0 -89.252811
32.576464
0 -89.256261
32.576464
0 -89.317588
32.576458
0 -89.322598
32.576433
0 -89.322599
32.559566
0 -89.322229
32.54233
0 -89.322325
32.538423
0 -89.322421
32.492233
0 -89.322505
32.489961
0 -89.322382
32.489321
0 -89.322519
32.483721
0 -89.322526
32.438839
0 -89.322632
32.398485
0 -89.322634
32.398061
0 -89.322645
32.389302
0 -89.322591
32.350316
0 -89.322593
32.3486
0 -89.322602
32.336177
0 -89.322613
32.324144
0 -89.322626
32.307952
0 -89.32265
32.282101
0 