-81.231434
38.263716
0 -81.231636
38.263514
0 -81.230625
38.262533
0 -81.225664
38.263498
0 -81.221573
38.262375
0 -81.220353
38.261557
0 -81.220811
38.256955
0 -81.222141
38.255768
0 -81.219967
38.254235
0 -81.215891
38.255306
0 -81.213689
38.254652
0 -81.21012
38.25109
0 -81.20743
38.250025
0 -81.204275
38.248883
0 -81.203097
38.248822
0 -81.197405
38.249147
0 -81.194075
38.250239
0 -81.192285
38.249368
0 -81.191024
38.247013
0 -81.191211
38.245485
0 -81.193524
38.243517
0 -81.1939
38.242011
0 -81.192364
38.240354
0 -81.187609
38.237371
0 -81.186175
38.237499
0 -81.18563
38.237038
0 -81.186315
38.236198
0 -81.188407
38.234863
0 -81.193997
38.233516
0 -81.194905
38.232763
0 -81.194319
38.230127
0 -81.191802
38.228495
0 -81.190136
38.230841
0 -81.187166
38.23166
0 -81.178553
38.233438
0 -81.176678
38.233563
0 -81.174387
38.233147
0 -81.169907
38.231679
0 -81.168128
38.230272
0 -81.164487
38.228249
0 -81.158672
38.22606
0 -81.153947
38.226153
0 -81.152532
38.226401
0 -81.150621
38.228065
0 -81.146599
38.233312
0 -81.144125
38.235765
0 -81.141024
38.236451
0 -81.133427
38.235223
0 -81.13246
38.234818
0 -81.12738
38.230855
0 -81.126673
38.229274
0 -81.123335
38.224938
0 -81.119851
38.222454
0 -81.117726
38.222225
0 -81.115329
38.219884
0 -81.114551
38.217844
0 -81.112772
38.214903
0 -81.110385
38.212923
0 -81.103411
38.210793
0 -81.098302
38.207455
0 -81.095105
38.204864
0 -81.092756
38.204506
0 -81.090594
38.205239
0 -81.088163
38.205064
0 -81.084381
38.204104
0 -81.083734
38.203048
0 -81.083598
38.19949
0 -81.080353
38.197536
0 -81.074603
38.196093
0 -81.071333
38.196014
0 -81.067846
38.197336
0 -81.065823
38.199793
0 -81.066354
38.202021
0 -81.07091
38.205283
0 -81.071649
38.20718
0 -81.071053
38.209133
0 -81.068876
38.211171
0 -81.06511
38.211807
0 -81.059326
38.210648
0 -81.057723
38.210562
0 -81.051825
38.212106
0 -81.050716
38.21327
0 -81.052628
38.217051
0 -81.054693
38.218535
0 -81.058672
38.219323
0 -81.059689
38.221137
0 -81.057581
38.222827
0 -81.055611
38.223032
0 -81.051402
38.222685
0 -81.047308
38.223233
0 -81.041037
38.226624
0 -81.038336
38.228493
0 -81.036914
38.230875
0 -81.036572
38.232546
0 -81.036946
38.234772
0 -81.039194
38.237907
0 -81.038261
38.239902
0 -81.03633
38.240163
0 -81.034307
38.239924
0 -81.029602
38.238222
0 -81.027696
38.236088
0 -81.027004
38.23362
0 -81.027048
38.230894
0 -81.029199
38.227508
0 -81.031832
38.225506
0 -81.034159
38.221937
0 -81.034522
38.219855
0 -81.031163
38.217814
0 -81.025088
38.217147
0 -81.023185
38.216456
0 -81.021067
38.21499
0 -81.019433
38.212549
0 -81.019038
38.210136
0 -81.019632
38.207261
0 -81.019107
38.205364
0 -81.016304
38.203782
0 -81.013444
38.203781
0 -81.010277
38.205411
0 -81.007497
38.205634
0 -81.007462
38.207837
0 -81.00995
38.209988
0 -81.011303
38.211946
0 -81.011181
38.215836
0 -81.009873
38.219081
0 -81.007667
38.221364
0 -81.004958
38.221912
0 -80.994575
38.222761
0 -80.991685
38.222163
0 -80.990117
38.222547
0 -80.983473
38.222537
0 -80.971321
38.216409
0 -80.96942
38.215685
0 -80.968825
38.214971
0 -80.966735
38.210639
0 -80.966025
38.20843
0 -80.965784
38.205429
0 -80.966203
38.203174
0 -80.965489
38.201366
0 -80.963577
38.200658
0 -80.960988
38.201108
0 -80.957559
38.202602
0 -80.956145
38.20242
0 -80.953477
38.200459
0 -80.947355
38.196994
0 -80.944073
38.193702
0 -80.947385
38.189322
0 -80.948344
38.185382
0 -80.947049
38.183485
0 -80.945879
38.183101
0 -80.94263
38.183615
0 -80.941345
38.182111
0 -80.943429
38.180793
0 -80.94468
38.179149
0 -80.946614
38.179149
0 -80.950658
38.177621
0 -80.950672
38.175844
0 -80.946179
38.172667
0 -80.94704
38.171534
0 -80.949061
38.170615
0 -80.949907
38.168312
0 -80.947106
38.166321
0 -80.945772
38.164638
0 -80.9437
38.16337
0 -80.943903
38.160576
0 -80.942627
38.159298
0 -80.942363
38.157639
0 -80.940749
38.155054
0 -80.938592
38.153522
0 -80.929859
38.151068
0 -80.927298
38.150804
0 -80.923568
38.14718
0 -80.921403
38.142756
0 -80.919665
38.141456
0 -80.913936
38.142083
0 -80.912374
38.143769
0 -80.910878
38.144234
0 -80.90827
38.143079
0 -80.909334
38.138838
0 -80.908761
38.137321
0 -80.910033
38.135455
0 -80.910467
38.132906
0 -80.909874
38.131713
0 -80.907479
38.129753
0 -80.905282
38.128649
0 -80.90446
38.12721
0 -80.904446
38.125011
0 -80.903156
38.122945
0 -80.901888
38.122534
0 -80.901184
38.122513
0 -80.898426
38.125702
0 -80.893864
38.129039
0 -80.893548
38.13124
0 -80.892336
38.133042
0 -80.885834
38.136499
0 -80.882755
38.13402
0 -80.882232
38.131136
0 -80.883263
38.129312
0 -80.884717
38.128372
0 -80.886243
38.12596
0 -80.887765
38.121575
0 -80.885842
38.116891
0 -80.88438
38.115842
0 -80.882272
38.115435
0 -80.878636
38.113393
0 -80.876778
38.111445
0 -80.876337
38.109854
0 -80.876902
38.108478
0 -80.879836
38.106024
0 -80.882187
38.103457
0 -80.880692
38.103282
0 -80.807129
38.093835
0 -80.749813
38.086306
0 -80.711961
38.079129
0 -80.708084
38.081383
0 -80.691273
38.091232
0 -80.683582
38.096445
0 -80.6828
38.096984
0 -80.682184
38.097497
0 -80.630361
38.132804
0 -80.594053
38.157111
0 -80.593442
38.157416
0 -80.586191
38.162593
0 -80.585565
38.163107
0 -80.555858
38.183148
0 -80.508425
38.215529
0 -80.507831
38.215948
0 -80.459741
38.249777
0 -80.436514
38.267334
0 -80.497636
38.299982
0 -80.499807
38.30089
0 -80.511825
38.307252
0 -80.609534
38.358778
0 -80.612755
38.366983
0 -80.62552
38.354392
0 -80.633443
38.375108
0 -80.635422
38.375827
0 -80.661668
38.41251
0 -80.65634
38.415529
0 -80.648614
38.419778
0 -80.640725
38.424173
0 -80.641942
38.42691
0 -80.650471
38.44532
0 -80.675722
38.500104
0 -80.678291
38.503492
0 -80.662223
38.516978
0 -80.650786
38.52659
0 -80.652196
38.526105
0 -80.654566
38.526704
0 -80.655915
38.528202
0 -80.657869
38.527075
0 -80.659145
38.527291
0 -80.658924
38.525428
0 -80.665769
38.526815
0 -80.667092
38.52774
0 -80.668982
38.527319
0 -80.675369
38.53016
0 -80.675019
38.531762
0 -80.677642
38.53307
0 -80.680497
38.532513
0 -80.683818
38.533093
0 -80.685665
38.532096
0 -80.688511
38.531727
0 -80.691099
38.534641
0 -80.693255
38.533659
0 -80.695311
38.533765
0 -80.696242
38.536793
0 -80.697191
38.537313
0 -80.699111
38.536354
0 -80.700328
38.533474
0 -80.706243
38.533444
0 -80.70778
38.534571
0 -80.710341
38.534244
0 -80.71154
38.537023
0 -80.71635
38.536858
0 -80.718231
38.535625
0 -80.719145
38.53226
0 -80.72213
38.533982
0 -80.723887
38.536166
0 -80.725614
38.535013
0 -80.725884
38.532869
0 -80.727238
38.532263
0 -80.730806
38.534414
0 -80.732967
38.534141
0 -80.736916
38.53261
0 -80.73772
38.531719
0 -80.737888
38.529374
0 -80.736534
38.5267
0 -80.736239
38.524788
0 -80.739018
38.523889
0 -80.741394
38.525261
0 -80.741927
38.526666
0 -80.743142
38.527042
0 -80.748318
38.525677
0 -80.750828
38.525652
0 -80.751911
38.532781
0 -80.753747
38.533898
0 -80.757691
38.534746
0 -80.757771
38.537897
0 -80.760675
38.537928
0 -80.760294
38.541512
0 -80.762919
38.542228
0 -80.764905
38.544433
0 -80.767118
38.544075
0 -80.770568
38.544508
0 -80.771044
38.546081
0 -80.772799
38.547084
0 -80.775298
38.547186
0 -80.778329
38.549126
0 -80.777898
38.553388
0 -80.77973
38.556219
0 -80.785295
38.557587
0 -80.881232
38.507045
0 -80.878724
38.504029
0 -80.875911
38.502984
0 -80.874267
38.503403
0 -80.872455
38.502803
0 -80.867247
38.504004
0 -80.865925
38.501343
0 -80.864608
38.500102
0 -80.825286
38.494355
0 -80.823841
38.49149
0 -80.817424
38.478553
0 -80.848949
38.45718
0 -80.911314
38.414816
0 -80.919587
38.410813
0 -80.976584
38.38346
0 -80.999825
38.372307
0 -81.004723
38.368764
0 -81.017992
38.36271
0 -81.028931
38.358912
0 -81.040789
38.353282
0 -81.04201
38.352712
0 -81.098788
38.326032
0 -81.19067
38.282987
0 -81.231434
38.263716
0 