-94.786052
44.45324
0 -94.78649
44.451309
0 -94.78088
44.449719
0 -94.776968
44.446796
0 -94.77506
44.446439
0 -94.77318
44.447
0 -94.768622
44.446867
0 -94.767722
44.446422
0 -94.767602
44.443025
0 -94.765669
44.442752
0 -94.762922
44.443057
0 -94.760923
44.444922
0 -94.75822
44.446719
0 -94.755162
44.447561
0 -94.749167
44.449759
0 -94.748352
44.449642
0 -94.744809
44.447306
0 -94.740675
44.445979
0 -94.7381
44.444726
0 -94.73662
44.441815
0 -94.732087
44.441896
0 -94.730815
44.441222
0 -94.730915
44.439224
0 -94.729299
44.437728
0 -94.727249
44.436804
0 -94.727598
44.43513
0 -94.726233
44.433771
0 -94.722617
44.433535
0 -94.712783
44.433819
0 -94.709676
44.434659
0 -94.70702
44.434323
0 -94.703779
44.432366
0 -94.701145
44.430185
0 -94.699047
44.429114
0 -94.695043
44.428258
0 -94.694297
44.425855
0 -94.694769
44.423894
0 -94.696337
44.421734
0 -94.700034
44.42039
0 -94.699755
44.41759
0 -94.702775
44.416612
0 -94.701978
44.415317
0 -94.699315
44.414216
0 -94.698979
44.413168
0 -94.701323
44.412193
0 -94.700785
44.411744
0 -94.697745
44.412652
0 -94.696292
44.412405
0 -94.694988
44.411195
0 -94.693453
44.411629
0 -94.693523
44.412489
0 -94.69596
44.414936
0 -94.696466
44.416422
0 -94.695037
44.417462
0 -94.692482
44.417651
0 -94.688704
44.417325
0 -94.687848
44.416536
0 -94.684933
44.411662
0 -94.685165
44.409974
0 -94.689037
44.407921
0 -94.69243
44.407827
0 -94.697098
44.409132
0 -94.69699
44.406809
0 -94.695293
44.404553
0 -94.694586
44.402663
0 -94.6929
44.402191
0 -94.689373
44.40548
0 -94.688328
44.407012
0 -94.685396
44.405713
0 -94.68485
44.407378
0 -94.681633
44.409009
0 -94.680271
44.409144
0 -94.676689
44.408432
0 -94.674771
44.407535
0 -94.672593
44.405045
0 -94.67015
44.403561
0 -94.669876
44.402819
0 -94.673454
44.399631
0 -94.677184
44.397876
0 -94.677098
44.396834
0 -94.673256
44.396002
0 -94.66877
44.394329
0 -94.666062
44.394048
0 -94.662681
44.395055
0 -94.661916
44.397056
0 -94.6625
44.39857
0 -94.661754
44.399312
0 -94.658612
44.398708
0 -94.656309
44.397748
0 -94.655865
44.40027
0 -94.654885
44.400625
0 -94.654035
44.399416
0 -94.654377
44.395597
0 -94.655439
44.393921
0 -94.654239
44.393026
0 -94.652568
44.393732
0 -94.647731
44.3969
0 -94.644701
44.397579
0 -94.64139
44.397042
0 -94.63771
44.395527
0 -94.638074
44.394276
0 -94.640055
44.393944
0 -94.641707
44.390923
0 -94.640881
44.390086
0 -94.63717
44.391425
0 -94.632767
44.392057
0 -94.630439
44.39142
0 -94.627686
44.391264
0 -94.626367
44.389671
0 -94.626027
44.388137
0 -94.626584
44.384533
0 -94.623665
44.382359
0 -94.621429
44.382098
0 -94.619106
44.384256
0 -94.615166
44.385443
0 -94.607859
44.384851
0 -94.600672
44.386001
0 -94.596118
44.385118
0 -94.594285
44.383035
0 -94.593293
44.379559
0 -94.593524
44.377796
0 -94.592505
44.376733
0 -94.588874
44.377205
0 -94.587206
44.376438
0 -94.587235
44.37384
0 -94.585833
44.374194
0 -94.584371
44.377294
0 -94.583249
44.378298
0 -94.580858
44.376984
0 -94.579906
44.375634
0 -94.578754
44.37206
0 -94.576945
44.371699
0 -94.574495
44.374253
0 -94.572487
44.375478
0 -94.570376
44.376098
0 -94.565475
44.376763
0 -94.563414
44.376261
0 -94.561592
44.372467
0 -94.560769
44.371518
0 -94.558108
44.371478
0 -94.557252
44.372157
0 -94.556735
44.375537
0 -94.555658
44.375907
0 -94.554199
44.374769
0 -94.552653
44.371958
0 -94.549305
44.370424
0 -94.548608
44.366867
0 -94.547027
44.364717
0 -94.54519
44.364458
0 -94.541262
44.364953
0 -94.539434
44.365238
0 -94.533197
44.36488
0 -94.525921
44.365089
0 -94.522958
44.365391
0 -94.520935
44.366414
0 -94.520051
44.369644
0 -94.518657
44.370354
0 -94.517608
44.369766
0 -94.517809
44.3671
0 -94.520017
44.362927
0 -94.520257
44.359956
0 -94.517768
44.358027
0 -94.514645
44.357157
0 -94.50922
44.355152
0 -94.506249
44.355208
0 -94.502273
44.357554
0 -94.501327
44.356856
0 -94.502764
44.353928
0 -94.502003
44.352547
0 -94.499765
44.352223
0 -94.496413
44.354095
0 -94.496974
44.355927
0 -94.499039
44.357602
0 -94.500016
44.359618
0 -94.497686
44.361746
0 -94.49594
44.361708
0 -94.491976
44.360014
0 -94.490564
44.358663
0 -94.491492
44.35628
0 -94.491686
44.352254
0 -94.491266
44.351228
0 -94.489936
44.350377
0 -94.487071
44.350125
0 -94.484838
44.349243
0 -94.483726
44.347786
0 -94.48323
44.345591
0 -94.480748
44.344437
0 -94.476451
44.344337
0 -94.474266
44.34307
0 -94.472623
44.340573
0 -94.466316
44.336016
0 -94.465224
44.334342
0 -94.46183
44.332529
0 -94.460063
44.332401
0 -94.455345
44.333761
0 -94.452393
44.3339
0 -94.451405
44.333122
0 -94.451312
44.329647
0 -94.452953
44.32644
0 -94.453765
44.324806
0 -94.453121
44.32299
0 -94.451314
44.322385
0 -94.452877
44.320822
0 -94.452301
44.317528
0 -94.451833
44.31656
0 -94.444565
44.30971
0 -94.443083
44.308564
0 -94.440409
44.309206
0 -94.43783
44.311725
0 -94.435877
44.312957
0 -94.432642
44.312146
0 -94.4316
44.311005
0 -94.431926
44.309145
0 -94.433971
44.307913
0 -94.43962
44.308246
0 -94.441478
44.30742
0 -94.441546
44.306592
0 -94.439204
44.30384
0 -94.437388
44.302776
0 -94.435023
44.298237
0 -94.431566
44.296035
0 -94.429171
44.296709
0 -94.426731
44.299312
0 -94.424732
44.299034
0 -94.424708
44.297755
0 -94.424996
44.296219
0 -94.426661
44.294943
0 -94.430682
44.294687
0 -94.432188
44.293314
0 -94.431607
44.292663
0 -94.430103
44.291726
0 -94.427914
44.29074
0 -94.426448
44.290508
0 -94.425481
44.29094
0 -94.424184
44.292259
0 -94.422558
44.292792
0 -94.421013
44.289898
0 -94.415995
44.288462
0 -94.413754
44.286146
0 -94.414167
44.285703
0 -94.414698
44.28545
0 -94.413896
44.283185
0 -94.411189
44.281639
0 -94.412005
44.279534
0 -94.411105
44.278171
0 -94.411401
44.277079
0 -94.41376
44.27544
0 -94.413715
44.274699
0 -94.411245
44.273168
0 -94.406309
44.271597
0 -94.400543
44.270905
0 -94.398245
44.268165
0 -94.393475
44.267151
0 -94.384749
44.266489
0 -94.383916
44.265191
0 -94.384605
44.263766
0 -94.383482
44.262401
0 -94.380022
44.261331
0 -94.377891
44.262429
0 -94.378867
44.263753
0 -94.378722
44.26507
0 -94.375899
44.266295
0 -94.374317
44.266224
0 -94.371731
44.264448
0 -94.365156
44.263742
0 -94.362082
44.262712
0 -94.360453
44.262028
0 -94.360354
44.259724
0 -94.363171
44.258941
0 -94.362924
44.25768
0 -94.358571
44.256715
0 -94.356788
44.258337
0 -94.356643
44.26094
0 -94.355324
44.261496
0 -94.352786
44.260299
0 -94.350965
44.25832
0 -94.349346
44.257833
0 -94.345947
44.258095
0 -94.342365
44.25777
0 -94.342575
44.255016
0 -94.345141
44.253044
0 -94.34253
44.252027
0 -94.341508
44.253921
0 -94.337158
44.256797
0 -94.331831
44.254907
0 -94.330424
44.253916
0 -94.328496
44.24968
0 -94.322461
44.247071
0 -94.321647
44.251199
0 -94.320328
44.25101
0 -94.317607
44.247953
0 -94.32058
44.246079
0 -94.31974
44.243401
0 -94.311766
44.242778
0 -94.311026
44.244351
0 -94.312609
44.246109
0 -94.311906
44.247116
0 -94.30958
44.246709
0 -94.307905
44.244276
0 -94.308402
44.242355
0 -94.303913
44.241779
0 -94.301495
44.242795
0 -94.300025
44.242634
0 -94.298189
44.237799
0 -94.298606
44.234997
0 -94.297235
44.233725
0 -94.295026
44.234372
0 -94.293708
44.236207
0 -94.294299
44.238714
0 -94.292369
44.240097
0 -94.290883
44.239537
0 -94.28862
44.235634
0 -94.286634
44.233934
0 -94.280293
44.230075
0 -94.280106
44.227137
0 -94.276028
44.226556
0 -94.273467
44.224139
0 -94.271753
44.224809
0 -94.270901
44.227432
0 -94.271624
44.228854
0 -94.271314
44.230536
0 -94.269486
44.230992
0 -94.268023
44.230309
0 -94.267474
44.228869
0 -94.268493
44.225998
0 -94.268031
44.22465
0 -94.265999
44.223617
0 -94.262091
44.224688
0 -94.259502
44.224023
0 -94.257214
44.224188
0 -94.256014
44.223657
0 -94.253849
44.220805
0 -94.251323
44.220232
0 -94.249053
44.220201
0 -94.248069
44.220083
0 -94.247028
44.218054
0 -94.251329
44.216788
0 -94.252217
44.215696
0 -94.251354
44.214734
0 -94.2478
44.213436
0 -94.246004
44.213261
0 -94.243387
44.214345
0 -94.241997
44.213962
0 -94.238713
44.209708
0 -94.236835
44.209855
0 -94.23644
44.211932
0 -94.233397
44.21246
0 -94.22962
44.21125
0 -94.226541
44.2119
0 -94.224465
44.211716
0 -94.224215
44.213406
0 -94.22561
44.214334
0 -94.226163
44.215751
0 -94.224141
44.216786
0 -94.218971
44.21359
0 -94.219499
44.212389
0 -94.222637
44.210294
0 -94.223332
44.206861
0 -94.221905
44.20551
0 -94.21966
44.205102
0 -94.217275
44.205432
0 -94.214672
44.204792
0 -94.213531
44.203445
0 -94.214548
44.201268
0 -94.209937
44.200165
0 -94.207563
44.201695
0 -94.201648
44.202722
0 -94.19884
44.202644
0 -94.194183
44.200143
0 -94.190577
44.198196
0 -94.186271
44.197142
0 -94.180524
44.197519
0 -94.177603
44.197021
0 -94.173097
44.195075
0 -94.16872
44.194568
0 -94.160983
44.194485
0 -94.156781
44.193871
0 -94.151979
44.191785
0 -94.150173
44.191755
0 -94.148046
44.192319
0 -94.144927
44.194038
0 -94.142641
44.193854
0 -94.136297
44.189336
0 -94.134072
44.186889
0 -94.13207
44.185793
0 -94.129116
44.184886
0 -94.125105
44.184282
0 -94.124935
44.183176
0 -94.126415
44.181034
0 -94.125218
44.1799
0 -94.121819
44.179302
0 -94.120479
44.179539
0 -94.116588
44.1789
0 -94.11518
44.17949
0 -94.114133
44.181113
0 -94.111205
44.179501
0 -94.108736
44.17556
0 -94.109017
44.174
0 -94.111087
44.174004
0 -94.114252
44.176351
0 -94.115378
44.175489
0 -94.113726
44.173367
0 -94.109911
44.172389
0 -94.105189
44.173573
0 -94.102841
44.173258
0 -94.101385
44.175236
0 -94.099518
44.175301
0 -94.097737
44.173721
0 -94.098301
44.172473
0 -94.103489
44.171043
0 -94.104202
44.169739
0 -94.099901
44.168112
0 -94.096757
44.16769
0 -94.094001
44.168395
0 -94.092156
44.167008
0 -94.09211
44.164186
0 -94.089788
44.163338
0 -94.085596
44.163514
0 -94.084403
44.162989
0 -94.084539
44.160765
0 -94.080962
44.159833
0 -94.076943
44.159715
0 -94.073812
44.158515
0 -94.068952
44.159643
0 -94.065302
44.161581
0 -94.061981
44.162759
0 -94.06009
44.161902
0 -94.059598
44.157723
0 -94.056271
44.154311
0 -94.048825
44.154044
0 -94.046671
44.154374
0 -94.044184
44.156152
0 -94.043465
44.15877
0 -94.044461
44.162008
0 -94.043759
44.162397
0 -94.039955
44.162995
0 -94.037209
44.164075
0 -94.033281
44.165412
0 -94.027652
44.166372
0 -94.021791
44.166507
0 -94.017171
44.165485
0 -94.015688
44.165109
0 -94.013696
44.165075
0 -94.011016
44.165791
0 -94.004104
44.168814
0 -94.003441
44.169286
0 -94.002043
44.173738
0 -94.00297
44.177665
0 -94.005429
44.18323
0 -94.006426
44.183778
0 -94.008671
44.184014
0 -94.010848
44.184212
0 -94.011844
44.183881
0 -94.014115
44.183874
0 -94.014592
44.183797
0 -94.015878
44.183484
0 -94.016121
44.183646
0 -94.016725
44.18405
0 -94.017684
44.184495
0 -94.018833
44.184666
0 -94.019761
44.184707
0 -94.02025
44.18477
0 -94.019984
44.188388
0 -94.019194
44.189757
0 -94.018482
44.189741
0 -94.01701
44.191335
0 -94.015734
44.191911
0 -94.008669
44.189953
0 -94.009801
44.191464
0 -94.012287
44.193861
0 -94.011047
44.193908
0 -94.011701
44.198795
0 -94.013351
44.200387
0 -94.017034
44.2006
0 -94.019516
44.196986
0 -94.021876
44.199661
0 -94.021145
44.201917
0 -94.019833
44.20304
0 -94.014502
44.204413
0 -94.015561
44.20731
0 -94.016582
44.208686
0 -94.019243
44.210477
0 -94.024435
44.2108
0 -94.025919
44.211979
0 -94.026341
44.218661
0 -94.025966
44.220647
0 -94.024602
44.222016
0 -94.021752
44.222258
0 -94.01747
44.2209
0 -94.016704
44.219882
0 -94.017111
44.21721
0 -94.014841
44.216727
0 -94.014452
44.218997
0 -94.015294
44.221526
0 -94.013868
44.224777
0 -94.014006
44.226135
0 -94.01727
44.229213
0 -94.016923
44.232613
0 -94.018473
44.236156
0 -94.015123
44.237405
0 -94.012635
44.23772
0 -94.011834
44.239192
0 -94.012463
44.240011
0 -94.017013
44.240097
0 -94.019121
44.239463
0 -94.021381
44.239987
0 -94.022081
44.240822
0 -94.021338
44.242533
0 -94.017326
44.245766
0 -94.015269
44.248418
0 -94.013104
44.248232
0 -94.009898
44.246194
0 -94.008499
44.247658
0 -94.008575
44.249963
0 -94.009983
44.25233
0 -94.016132
44.25738
0 -94.019756
44.25741
0 -94.022384
44.255862
0 -94.024496
44.255895
0 -94.025073
44.258227
0 -94.021633
44.261605
0 -94.019208
44.262968
0 -94.014291
44.264955
0 -94.013274
44.268469
0 -94.01233
44.269693
0 -94.008409
44.270673
0 -94.008461
44.271555
0 -94.012597
44.272828
0 -94.012565
44.274977
0 -94.010956
44.276755
0 -94.006934
44.27864
0 -94.00469
44.279042
0 -93.998135
44.278806
0 -93.996986
44.280968
0 -93.996316
44.284358
0 -93.993944
44.289078
0 -93.990816
44.291465
0 -93.989871
44.292984
0 -93.991132
44.295466
0 -93.988741
44.29617
0 -93.985518
44.297031
0 -93.984434
44.297552
0 -93.980978
44.299631
0 -93.974479
44.299694
0 -93.970406
44.304428
0 -93.966103
44.307049
0 -93.959783
44.307299
0 -93.953492
44.318065
0 -93.95077
44.320379
0 -93.950653
44.322304
0 -93.952744
44.32463
0 -93.951277
44.326852
0 -93.950823
44.328758
0 -93.94867
44.330544
0 -93.944614
44.330681
0 -93.94362
44.331266
0 -93.942917
44.333973
0 -93.945176
44.337048
0 -93.945193
44.338988
0 -93.943252
44.3409
0 -93.941155
44.34119
0 -93.937334
44.338981
0 -93.936032
44.339665
0 -93.934662
44.342057
0 -93.932806
44.344007
0 -93.932685
44.344885
0 -93.93618
44.350082
0 -93.939377
44.352664
0 -93.943548
44.354972
0 -93.944881
44.355374
0 -93.94956
44.355723
0 -93.953958
44.357008
0 -93.956656
44.360225
0 -93.956432
44.361847
0 -93.953143
44.36403
0 -93.952693
44.365577
0 -93.952892
44.365922
0 -93.953032
44.366165
0 -93.954208
44.366519
0 -93.9546
44.366473
0 -93.955252
44.366086
0 -93.955347
44.36592
0 -93.956453
44.363984
0 -93.957459
44.363191
0 -93.960626
44.363276
0 -93.962047
44.365888
0 -93.961741
44.367138
0 -93.962375
44.369966
0 -93.961989
44.370739
0 -93.955696
44.373704
0 -93.955138
44.375674
0 -93.956259
44.37845
0 -93.957188
44.379395
0 -93.961575
44.380532
0 -93.963128
44.381589
0 -93.963256
44.383222
0 -93.962456
44.384263
0 -93.959429
44.385304
0 -93.956163
44.385064
0 -93.953264
44.38367
0 -93.952239
44.385704
0 -93.953056
44.38801
0 -93.954289
44.389419
0 -93.956724
44.390689
0 -93.959648
44.390913
0 -93.961528
44.390558
0 -93.964842
44.389195
0 -93.96569
44.390892
0 -93.965002
44.392013
0 -93.963176
44.39275
0 -93.956519
44.39169
0 -93.950857
44.392812
0 -93.949971
44.393633
0 -93.948892
44.396951
0 -93.94894
44.400371
0 -93.950696
44.406775
0 -93.953563
44.408208
0 -93.954062
44.409642
0 -93.947378
44.413104
0 -93.944431
44.41304
0 -93.94092
44.412347
0 -93.939237
44.413858
0 -93.938087
44.418378
0 -93.937841
44.420585
0 -93.934478
44.42565
0 -93.933464
44.428533
0 -93.933298
44.433169
0 -93.932385
44.435377
0 -93.928995
44.442871
0 -93.928565
44.443383
0 -93.927892
44.44541
0 -93.929099
44.447536
0 -93.933447
44.450272
0 -93.933356
44.451449
0 -93.929565
44.45273
0 -93.928294
44.452912
0 -93.927804
44.4532
0 -93.927247
44.454123
0 -93.927226
44.454871
0 -93.927323
44.455162
0 -93.928504
44.456586
0 -93.92955
44.45664
0 -94.009512
44.456516
0 -94.07994
44.456738
0 -94.089998
44.45677
0 -94.10472
44.456817
0 -94.11933
44.456875
0 -94.12034
44.45685
0 -94.129684
44.456799
0 -94.14981
44.45647
0 -94.172148
44.456946
0 -94.25071
44.4566
0 -94.271029
44.45664
0 -94.281978
44.456655
0 -94.3698
44.45663
0 -94.37158
44.4563
0 -94.374
44.45662
0 -94.383197
44.456639
0 -94.401748
44.45651
0 -94.432
44.45639
0 -94.492208
44.456364
0 -94.496765
44.456391
0 -94.50226
44.45642
0 -94.54797
44.45611
0 -94.55278
44.45588
0 -94.55727
44.45611
0 -94.57297
44.45589
0 -94.6242
44.45603
0 -94.74358
44.45632
0 -94.744961
44.456379
0 -94.762654
44.456283
0 -94.78063
44.45665
0 -94.779965
44.454913
0 -94.781143
44.45357
0 -94.783903
44.453963
0 -94.786052
44.45324
0 