-81.697442
39.755572
0 -81.697461
39.754995
0 -81.639886
39.75342
0 -81.6398
39.752771
0 -81.64218
39.690663
0 -81.6432
39.665681
0 -81.594846
39.664288
0 -81.586132
39.663993
0 -81.587362
39.625073
0 -81.58773
39.622053
0 -81.587941
39.621464
0 -81.58764
39.614637
0 -81.588185
39.586973
0 -81.583965
39.586802
0 -81.539015
39.585262
0 -81.530137
39.584694
0 -81.527268
39.584785
0 -81.526174
39.584647
0 -81.524669
39.584794
0 -81.491253
39.583835
0 -81.477203
39.583425
0 -81.473471
39.583318
0 -81.473492
39.586327
0 -81.47316
39.645976
0 -81.468277
39.645852
0 -81.458435
39.645607
0 -81.451935
39.645449
0 -81.452409
39.635639
0 -81.452625
39.63187
0 -81.452712
39.631165
0 -81.413665
39.630502
0 -81.41385
39.615874
0 -81.395036
39.615681
0 -81.394585
39.614283
0 -81.394683
39.609465
0 -81.394934
39.601547
0 -81.366367
39.601055
0 -81.35629
39.600865
0 -81.356445
39.593512
0 -81.28353
39.591838
0 -81.283075
39.605796
0 -81.28167
39.64284
0 -81.281815
39.6452
0 -81.280731
39.678783
0 -81.281233
39.692195
0 -81.280588
39.707112
0 -81.280649
39.707112
0 -81.280832
39.707113
0 -81.280894
39.707114
0 -81.319125
39.70736
0 -81.318244
39.738579
0 -81.317871
39.750574
0 -81.317044
39.772179
0 -81.316779
39.779103
0 -81.316567
39.784328
0 -81.315661
39.806983
0 -81.314897
39.827914
0 -81.314372
39.84538
0 -81.313591
39.869471
0 -81.237316
39.867828
0 -81.234297
39.949015
0 -81.234139
39.94939
0 -81.234053
39.95127
0 -81.303474
39.952833
0 -81.303932
39.952797
0 -81.304388
39.953014
0 -81.32025
39.953153
0 -81.347761
39.953633
0 -81.347838
39.949962
0 -81.367125
39.950324
0 -81.374157
39.950383
0 -81.376068
39.95055
0 -81.386006
39.950694
0 -81.38644
39.93346
0 -81.38639
39.9328
0 -81.386531
39.92888
0 -81.386682
39.92758
0 -81.386754
39.924216
0 -81.386711
39.92257
0 -81.386809
39.921518
0 -81.387312
39.921396
0 -81.397382
39.921684
0 -81.397978
39.921644
0 -81.402134
39.921978
0 -81.405039
39.922049
0 -81.461717
39.923595
0 -81.46275
39.9235
0 -81.464108
39.89455
0 -81.470589
39.894717
0 -81.474017
39.894798
0 -81.492462
39.895261
0 -81.530508
39.896316
0 -81.57859
39.897683
0 -81.578624
39.896449
0 -81.579449
39.868684
0 -81.580345
39.841156
0 -81.580313
39.839104
0 -81.599162
39.839738
0 -81.680815
39.841924
0 -81.682707
39.842021
0 -81.694146
39.842636
0 -81.694815
39.824776
0 -81.697442
39.755572
0 