-100.664838
32.123872
0 -100.665353
32.085407
0 -100.625382
32.085388
0 -100.618581
32.084788
0 -100.538838
32.083638
0 -100.512466
32.083307
0 -100.444064
32.082619
0 -100.411476
32.0823
0 -100.325082
32.081414
0 -100.31632
32.081384
0 -100.314026
32.081377
0 -100.250373
32.081592
0 -100.235137
32.082372
0 -100.151911
32.082638
0 -100.151842
32.090639
0 -100.151658
32.117581
0 -100.151055
32.126597
0 -100.149547
32.281181
0 -100.149307
32.314388
0 -100.148996
32.36542
0 -100.148926
32.378551
0 -100.148803
32.390003
0 -100.148609
32.404941
0 -100.148469
32.418613
0 -100.146942
32.494639
0 -100.146666
32.500293
0 -100.146543
32.522793
0 -100.149297
32.522821
0 -100.209402
32.523455
0 -100.469991
32.524234
0 -100.471416
32.524242
0 -100.523706
32.524521
0 -100.60645
32.525046
0 -100.610995
32.525073
0 -100.660626
32.525312
0 -100.660832
32.485208
0 -100.662076
32.388022
0 -100.66411
32.158446
0 -100.663943
32.155181
0 -100.664125
32.12513
0 -100.664838
32.123872
0 