-76.335148
36.878719
0 -76.336784
36.875027
0 -76.330784
36.868403
0 -76.317211
36.860657
0 -76.313533
36.858533
0 -76.306663
36.854047
0 -76.301263
36.850647
0 -76.29796
36.846412
0 -76.295863
36.843847
0 -76.294262
36.841647
0 -76.295018
36.837206
0 -76.295262
36.835747
0 -76.294543
36.8324
0 -76.293135
36.829219
0 -76.289962
36.822048
0 -76.288062
36.822248
0 -76.283762
36.822648
0 -76.280615
36.823191
0 -76.279725
36.823429
0 -76.276963
36.824892
0 -76.275185
36.827417
0 -76.27471
36.828039
0 -76.272416
36.82714
0 -76.265218
36.824296
0 -76.260647
36.822475
0 -76.258946
36.821724
0 -76.257475
36.820757
0 -76.249593
36.828767
0 -76.24572
36.832886
0 -76.243765
36.836862
0 -76.24196
36.837147
0 -76.22606
36.839947
0 -76.21876
36.835147
0 -76.21726
36.833547
0 -76.213495
36.83242
0 -76.210412
36.832907
0 -76.206859
36.832647
0 -76.201389
36.829409
0 -76.200159
36.827948
0 -76.197259
36.828148
0 -76.195451
36.830035
0 -76.194674
36.830837
0 -76.194859
36.833348
0 -76.191454
36.839435
0 -76.189529
36.841003
0 -76.187624
36.842118
0 -76.186497
36.842598
0 -76.183058
36.846003
0 -76.179467
36.849683
0 -76.177672
36.8542
0 -76.177637
36.854364
0 -76.176905
36.856971
0 -76.185159
36.860947
0 -76.186959
36.862547
0 -76.189759
36.862447
0 -76.192563
36.864447
0 -76.193259
36.865247
0 -76.190359
36.869347
0 -76.189852
36.873644
0 -76.188443
36.874108
0 -76.193122
36.877425
0 -76.195559
36.881947
0 -76.198459
36.886642
0 -76.193959
36.893847
0 -76.192559
36.895047
0 -76.182012
36.906668
0 -76.183109
36.907191
0 -76.187011
36.91055
0 -76.1892
36.912034
0 -76.190231
36.91329
0 -76.192592
36.918223
0 -76.18915
36.918978
0 -76.187459
36.923047
0 -76.183419
36.922595
0 -76.182404
36.92192
0 -76.179467
36.921179
0 -76.176765
36.921031
0 -76.176325
36.922006
0 -76.1770937206237
36.9300720442027
0 -76.180715
36.929906
0 -76.189959
36.931447
0 -76.1978759937367
36.9333008622129
0 -76.20576
36.935147
0 -76.2147367204321
36.9376311238931
0 -76.22166
36.939547
0 -76.228561
36.941947
0 -76.234961
36.945147
0 -76.242411127887
36.9499569146312
0 -76.2488817421497
36.9541344405324
0 -76.248895
36.954143
0 -76.2507533936518
36.9551934290747
0 -76.2533086870198
36.9566377702376
0 -76.25879
36.959736
0 -76.267866
36.964491
0 -76.2747490656293
36.9669719421169
0 -76.277199
36.967855
0 -76.27994
36.968373
0 -76.2843540826662
36.9686952461287
0 -76.285063
36.968747
0 -76.2928863573807
36.9689050201038
0 -76.2956016433745
36.9689598648148
0 -76.296186
36.968851
0 -76.29742
36.967535
0 -76.298881
36.968565
0 -76.3002134393763
36.9684406412387
0 -76.299364
36.965547
0 -76.300471
36.95635
0 -76.3129113258783
36.9555427847783
0 -76.315867
36.955351
0 -76.320252
36.957764
0 -76.321387
36.962332
0 -76.325665
36.963187
0 -76.330207
36.942061
0 -76.329468
36.93232
0 -76.328864
36.918447
0 -76.333158
36.917293
0 -76.33232
36.914839
0 -76.328279
36.915029
0 -76.326021
36.903722
0 -76.322931
36.903912
0 -76.3210632885667
36.9036091393559
0 -76.3185643776539
36.9032039259193
0 -76.314137
36.902486
0 -76.314731
36.896024
0 -76.314802072418
36.8956108236492
0 -76.3154968289284
36.8915718874833
0 -76.316039
36.88842
0 -76.3167631677988
36.8872616900208
0 -76.317969367549
36.885332367549
0 -76.318059
36.885189
0 -76.321743
36.885759
0 -76.3268455168679
36.887853991639
0 -76.3304069699516
36.8893162532299
0 -76.331008
36.888099
0 -76.333598
36.882216
0 -76.335148
36.878719
0 