-96.871663
47.419392
0 -96.871048
47.418239
0 -96.868761
47.418293
0 -96.866217
47.419007
0 -96.863452
47.418045
0 -96.861231
47.41781
0 -96.861095
47.417056
0 -96.86207
47.415159
0 -96.861833
47.414337
0 -96.858398387299
47.4106442631565
0 -96.858094
47.410317
0 -96.855709
47.409603
0 -96.850665
47.410203
0 -96.844746
47.411956
0 -96.842307
47.411883
0 -96.8422386446488
47.4117051093664
0 -96.841897
47.410816
0 -96.84343
47.40964
0 -96.847141
47.408153
0 -96.852067
47.407081
0 -96.852739
47.405909
0 -96.850778
47.404753
0 -96.845049
47.403068
0 -96.842147
47.400717
0 -96.839212
47.399513
0 -96.839871
47.398246
0 -96.843293
47.396649
0 -96.845874
47.396185
0 -96.848733
47.394959
0 -96.848896
47.393531
0 -96.846077
47.392512
0 -96.843427
47.392163
0 -96.841767
47.39246
0 -96.841205
47.393249
0 -96.83951
47.392496
0 -96.837444
47.389274
0 -96.8383
47.388117
0 -96.841729
47.387002
0 -96.841767
47.385654
0 -96.838621
47.383935
0 -96.838154
47.382209
0 -96.839776
47.380933
0 -96.842407
47.380693
0 -96.845653
47.382058
0 -96.8482
47.382724
0 -96.850081
47.381503
0 -96.848892
47.37987
0 -96.846803
47.379116
0 -96.843605
47.377415
0 -96.843921
47.375556
0 -96.8461
47.374742
0 -96.848617
47.37482
0 -96.852676
47.374973
0 -96.854622
47.37378
0 -96.853916
47.372583
0 -96.852035
47.371876
0 -96.848907
47.370565
0 -96.845578
47.370442
0 -96.841475
47.373073
0 -96.838404
47.373497
0 -96.836706
47.372028
0 -96.837773
47.370808
0 -96.842541
47.36855
0 -96.845006
47.368039
0 -96.852304
47.369739
0 -96.857327
47.368874
0 -96.858211
47.367602
0 -96.856665
47.366203
0 -96.852417
47.366241
0 -96.850072
47.366129
0 -96.848506
47.364812
0 -96.848153
47.362818
0 -96.850895
47.360999
0 -96.852136
47.359903
0 -96.852175
47.358388
0 -96.849831
47.356857
0 -96.845759
47.356424
0 -96.838111
47.356032
0 -96.837044
47.354816
0 -96.838413
47.353437
0 -96.843822
47.35464
0 -96.844798
47.354065
0 -96.844486
47.352503
0 -96.842889
47.350921
0 -96.845199
47.35021
0 -96.847312
47.349411
0 -96.846639
47.347028
0 -96.843252
47.345076
0 -96.840586
47.340956
0 -96.837952
47.340567
0 -96.834954
47.341007
0 -96.831936
47.340065
0 -96.830613
47.338643
0 -96.832119
47.335874
0 -96.834807
47.332473
0 -96.836447
47.33193
0 -96.841868
47.332204
0 -96.844557
47.331382
0 -96.846072
47.3299
0 -96.846009
47.328403
0 -96.844893
47.327242
0 -96.842874
47.326598
0 -96.840513
47.326725
0 -96.838154
47.328224
0 -96.83622
47.330472
0 -96.835004
47.330944
0 -96.832284
47.330627
0 -96.829977
47.329536
0 -96.8288
47.328138
0 -96.829132
47.326878
0 -96.830523
47.326038
0 -96.831555
47.32572
0 -96.835015
47.325706
0 -96.837033
47.324509
0 -96.8369719690187
47.3243920107423
0 -96.835878
47.322295
0 -96.83466
47.32024
0 -96.835657
47.318948
0 -96.8370655315954
47.3187266662094
0 -96.838578
47.318489
0 -96.841966
47.318427
0 -96.845982
47.317034
0 -96.846976
47.315834
0 -96.845778
47.3147
0 -96.84363
47.314292
0 -96.842388
47.313
0 -96.843733
47.310655
0 -96.84288
47.308738
0 -96.840297
47.309143
0 -96.838616
47.311161
0 -96.837045
47.311391
0 -96.835735
47.310843
0 -96.834271
47.309327
0 -96.83151
47.306977
0 -96.830697
47.30542
0 -96.832884
47.30449
0 -96.843922
47.29302
0 -96.844088
47.289981
0 -96.841465
47.284041
0 -96.84022
47.276981
0 -96.840353
47.275496
0 -96.841188
47.274019
0 -96.845804
47.27306
0 -96.847517
47.271776
0 -96.846713
47.2697
0 -96.843856
47.268607
0 -96.839761
47.268767
0 -96.836917
47.269083
0 -96.834591
47.267012
0 -96.835806
47.265177
0 -96.838546
47.264582
0 -96.842054
47.265328
0 -96.84496
47.265299
0 -96.847315
47.262757
0 -96.84651
47.260872
0 -96.843866
47.261522
0 -96.842839
47.262292
0 -96.840411
47.262761
0 -96.836532
47.262901
0 -96.835419
47.261034
0 -96.83656
47.260206
0 -96.838801
47.2593
0 -96.842145
47.25913
0 -96.84476
47.25889
0 -96.84527
47.257834
0 -96.843733
47.257249
0 -96.841137
47.256808
0 -96.839564
47.256484
0 -96.838553
47.25608
0 -96.839414
47.254824
0 -96.84143
47.253872
0 -96.844281
47.251757
0 -96.844049
47.25033
0 -96.842303
47.249411
0 -96.839946
47.250505
0 -96.838499
47.252181
0 -96.836529
47.252181
0 -96.835368
47.250428
0 -96.832494
47.24797
0 -96.833181
47.245869
0 -96.837315
47.244698
0 -96.83986
47.243947
0 -96.84296
47.242088
0 -96.843721
47.239788
0 -96.841946
47.238785
0 -96.84004
47.239823
0 -96.839496
47.241326
0 -96.838521
47.242246
0 -96.836716
47.24246
0 -96.835134
47.23948
0 -96.8332785051915
47.2382080185729
0 -96.8324078071433
47.2376111364146
0 -96.830838
47.236535
0 -96.828878
47.234248
0 -96.828948
47.232155
0 -96.829955
47.231456
0 -96.83164
47.231307
0 -96.834566
47.233889
0 -96.837417
47.234963
0 -96.841176
47.233415
0 -96.842762
47.231328
0 -96.841228
47.229404
0 -96.837374
47.229254
0 -96.834181
47.229087
0 -96.831539
47.227462
0 -96.832078
47.225936
0 -96.838792
47.224325
0 -96.842688
47.223091
0 -96.845634
47.221107
0 -96.84504
47.21861
0 -96.842393
47.217749
0 -96.840374
47.218776
0 -96.84006
47.221604
0 -96.838926
47.222728
0 -96.836672
47.222986
0 -96.83471
47.222412
0 -96.833114
47.220833
0 -96.833473
47.218879
0 -96.836616
47.217244
0 -96.837252
47.216162
0 -96.83578
47.214504
0 -96.832897
47.213068
0 -96.830419
47.211204
0 -96.830777
47.209483
0 -96.832756
47.208749
0 -96.836136
47.208556
0 -96.837178
47.207468
0 -96.835654
47.20635
0 -96.832312
47.205324
0 -96.82962
47.204031
0 -96.82723
47.201672
0 -96.827922
47.200168
0 -96.829817
47.200428
0 -96.831599
47.202102
0 -96.833727
47.202825
0 -96.835729
47.201933
0 -96.838589
47.199097
0 -96.844069
47.195044
0 -96.844711
47.192902
0 -96.841974
47.190856
0 -96.839909
47.191238
0 -96.83988
47.193227
0 -96.840382
47.195356
0 -96.839686
47.196176
0 -96.838233
47.196366
0 -96.835354
47.195094
0 -96.828535
47.192792
0 -96.825926
47.190847
0 -96.826283
47.189067
0 -96.828412
47.188302
0 -96.832635
47.187639
0 -96.834856
47.186697
0 -96.836029
47.185128
0 -96.83482
47.183801
0 -96.831889
47.18346
0 -96.826414
47.185192
0 -96.823066
47.185685
0 -96.821555
47.184314
0 -96.82286
47.182324
0 -96.826328
47.182451
0 -96.827597
47.181762
0 -96.824674
47.180082
0 -96.824768
47.178045
0 -96.826501
47.17737
0 -96.829446
47.177262
0 -96.832351
47.17767
0 -96.833383
47.176328
0 -96.830706
47.174336
0 -96.828497
47.17394
0 -96.826434
47.174173
0 -96.823408
47.173974
0 -96.82243
47.172723
0 -96.824468
47.169927
0 -96.82527
47.168202
0 -96.824549
47.166548
0 -96.822497
47.165962
0 -96.820674
47.165882
0 -96.81895
47.164901
0 -96.819964
47.163021
0 -96.821852
47.161787
0 -96.824288
47.16112
0 -96.830289
47.16086
0 -96.831983
47.159503
0 -96.830637
47.158239
0 -96.825044
47.158607
0 -96.822707
47.157668
0 -96.822405
47.156914
0 -96.822706
47.156229
0 -96.824945
47.154897
0 -96.830259
47.154806
0 -96.833107
47.155474
0 -96.83472
47.15639
0 -96.836471
47.156536
0 -96.836639
47.155198
0 -96.836145
47.153555
0 -96.837733
47.152783
0 -96.840719
47.152524
0 -96.841101
47.151401
0 -96.8400093283371
47.1506357277082
0 -96.8397821177233
47.1504764508917
0 -96.824748
47.150539
0 -96.824212
47.150494
0 -96.753754
47.151064
0 -96.690079
47.151337
0 -96.564095
47.151435
0 -96.500731
47.151283
0 -96.447396
47.15102
0 -96.436144
47.1512
0 -96.407392
47.151151
0 -96.371374
47.151237
0 -96.322284
47.151321
0 -96.301408
47.151322
0 -96.194671
47.151149
0 -96.109711
47.151669
0 -96.067302
47.151727
0 -96.067069
47.151813
0 -96.067079
47.180637
0 -96.067073
47.215929
0 -96.066959
47.23877
0 -96.066624
47.274865
0 -96.066555
47.283636
0 -96.066563
47.287505
0 -96.066649
47.322697
0 -96.066784
47.325166
0 -96.06693
47.354116
0 -96.067434
47.412306
0 -96.0674
47.455931
0 -96.067491
47.484467
0 -96.067526
47.496643
0 -96.067621
47.499136
0 -96.113273
47.499216
0 -96.118232
47.499463
0 -96.195508
47.499775
0 -96.217452
47.499739
0 -96.217826
47.499772
0 -96.323115
47.499592
0 -96.430116
47.499213
0 -96.451641
47.499129
0 -96.494469
47.498951
0 -96.500343
47.499245
0 -96.516018
47.499228
0 -96.580027
47.499167
0 -96.623189
47.499127
0 -96.625349
47.499418
0 -96.644909
47.499287
0 -96.68112
47.498724
0 -96.688117
47.498625
0 -96.708663
47.498919
0 -96.710971
47.498808
0 -96.794519
47.49904
0 -96.815854
47.49906
0 -96.818097
47.498887
0 -96.8491281184791
47.4989745274964
0 -96.8490416760069
47.4978981307989
0 -96.849035
47.497815
0 -96.852301
47.496464
0 -96.855255
47.495026
0 -96.8561093837075
47.4943454825902
0 -96.857427
47.493296
0 -96.861214
47.492056
0 -96.863615
47.492587
0 -96.865068
47.491544
0 -96.864718
47.490453
0 -96.863417
47.489685
0 -96.853141
47.487358
0 -96.852185
47.485846
0 -96.853817
47.48365
0 -96.85607
47.483148
0 -96.860841
47.484174
0 -96.863392
47.483663
0 -96.866452
47.480106
0 -96.868415
47.47901
0 -96.868401
47.477489
0 -96.866765
47.476695
0 -96.864457
47.477136
0 -96.860543
47.480656
0 -96.856864
47.481235
0 -96.852652
47.47999
0 -96.851896
47.478696
0 -96.852734
47.476805
0 -96.85749
47.473779
0 -96.860039
47.473734
0 -96.861002
47.472588
0 -96.859555
47.466865
0 -96.857272
47.464065
0 -96.854128
47.461731
0 -96.853908
47.460403
0 -96.854741
47.459529
0 -96.858788
47.458295
0 -96.862171
47.458305
0 -96.863552
47.457294
0 -96.862664
47.455745
0 -96.859212
47.455332
0 -96.856246
47.455451
0 -96.854232
47.454406
0 -96.854469
47.453457
0 -96.855667
47.452723
0 -96.858153
47.452446
0 -96.859239
47.451557
0 -96.857012
47.449036
0 -96.8582714239537
47.4478337132362
0 -96.859106
47.447037
0 -96.859537
47.445662
0 -96.85748
47.441603
0 -96.855849
47.439866
0 -96.856657
47.43838
0 -96.859979
47.437931
0 -96.862368
47.437302
0 -96.862598
47.435671
0 -96.860513
47.434482
0 -96.858996
47.43408
0 -96.8544
47.433367
0 -96.852818
47.432282
0 -96.853447
47.43149
0 -96.856941
47.431202
0 -96.858643
47.430627
0 -96.860823
47.430237
0 -96.863698
47.429053
0 -96.864731
47.428022
0 -96.864072
47.426955
0 -96.862482
47.426455
0 -96.859751
47.427112
0 -96.857301
47.427232
0 -96.855394
47.426641
0 -96.854323
47.425411
0 -96.855851
47.42401
0 -96.85946
47.423294
0 -96.862924
47.422309
0 -96.864261
47.420972
0 -96.870285
47.420169
0 -96.871663
47.419392
0 