-82.662934
36.921218
0 -82.661682
36.918724
0 -82.660291
36.918804
0 -82.658898
36.919102
0 -82.655138
36.917238
0 -82.651259
36.917099
0 -82.650262
36.916493
0 -82.650408
36.912717
0 -82.646504
36.914727
0 -82.648753
36.909513
0 -82.64679
36.904544
0 -82.643681
36.900477
0 -82.636917
36.904516
0 -82.637294
36.906566
0 -82.633961
36.906397
0 -82.624799
36.906514
0 -82.618505
36.906841
0 -82.615137
36.905251
0 -82.612605
36.912543
0 -82.617806
36.912649
0 -82.613951
36.913765
0 -82.618029
36.915505
0 -82.62028
36.91481
0 -82.619357
36.916202
0 -82.619626
36.918834
0 -82.621558
36.922091
0 -82.622512
36.925447
0 -82.622182
36.927759
0 -82.620584
36.929454
0 -82.618249
36.930018
0 -82.618902
36.931292
0 -82.616947
36.932787
0 -82.612089
36.934229
0 -82.595849
36.935882
0 -82.590923
36.934879
0 -82.590266
36.93562
0 -82.59219
36.94064
0 -82.589374
36.942527
0 -82.58948
36.94335
0 -82.594382
36.942508
0 -82.59867
36.942196
0 -82.596775
36.94383
0 -82.591582
36.946495
0 -82.58889
36.951182
0 -82.593208
36.95601
0 -82.597529
36.958314
0 -82.596808
36.9564
0 -82.595538
36.956381
0 -82.59682
36.954966
0 -82.598999
36.956041
0 -82.599298
36.957279
0 -82.601212
36.957432
0 -82.602415
36.959921
0 -82.603366
36.959614
0 -82.605069
36.959108
0 -82.606653
36.953424
0 -82.607801
36.951023
0 -82.610846
36.948712
0 -82.614756
36.95061
0 -82.614202
36.951602
0 -82.612675
36.950872
0 -82.611192
36.953625
0 -82.611296
36.955156
0 -82.615064
36.956148
0 -82.615764
36.956716
0 -82.618362
36.955127
0 -82.623807
36.95526
0 -82.622417
36.953396
0 -82.625352
36.952686
0 -82.628069
36.951288
0 -82.630757
36.951642
0 -82.633893
36.952629
0 -82.635721
36.95038
0 -82.63689
36.947369
0 -82.6387
36.945201
0 -82.641337
36.94372
0 -82.64304
36.942145
0 -82.643033
36.941266
0 -82.645932
36.937956
0 -82.645025
36.935747
0 -82.646721
36.933798
0 -82.647933
36.932778
0 -82.652336
36.931637
0 -82.652722
36.929654
0 -82.654617
36.929645
0 -82.655531
36.927921
0 -82.655455
36.923596
0 -82.662934
36.921218
0 