146.051034
16.006741
0 146.050936
16.005766
0 146.051498322022
16.0056374428271
0 146.051544
16.005627
0 146.052822
16.00602
0 146.052840576437
16.0060391080861
0 146.05401
16.007242
0 146.054687
16.008005
0 146.05495
16.008794
0 146.055107
16.00995
0 146.055265
16.011055
0 146.055476
16.011843
0 146.055791
16.012475
0 146.056252
16.012691
0 146.05713
16.012642
0 146.057837
16.012805
0 146.058398
16.012984
0 146.058642
16.01391
0 146.058495
16.014934
0 146.05885494276
16.0152518264181
0 146.059324
16.015666
0 146.060251
16.016544
0 146.060393
16.017229
0 146.06108
16.018153
0 146.061568
16.019128
0 146.062202
16.019909
0 146.062918
16.0207
0 146.063314
16.021452
0 146.063834
16.02244
0 146.064024
16.023434
0 146.064591
16.024152
0 146.064818
16.024898
0 146.063834
16.026668
0 146.063048
16.027651
0 146.062397
16.027858
0 146.06177
16.027553
0 146.060197
16.024407
0 146.059568
16.023225
0 146.05882
16.02185
0 146.058105
16.020006
0 146.056935
16.018592
0 146.056266468445
16.0182162184988
0 146.056154
16.018153
0 146.055716
16.017812
0 146.055221
16.016777
0 146.054105
16.01415
0 146.053852960088
16.0136274393724
0 146.053314
16.01251
0 146.052789
16.011423
0 146.052204
16.010155
0 146.051668
16.008497
0 146.051034
16.006741
0 