-83.689384
42.871263
0 -83.688797
42.843977
0 -83.688597
42.842008
0 -83.687476
42.819585
0 -83.687374
42.812434
0 -83.687022
42.79828
0 -83.686954
42.797908
0 -83.686818
42.793351
0 -83.686729
42.790597
0 -83.686676
42.788958
0 -83.686493
42.783263
0 -83.685139
42.744746
0 -83.682885
42.696407
0 -83.683029
42.696079
0 -83.682727
42.695582
0 -83.681003
42.664576
0 -83.679105
42.63542
0 -83.678018
42.620953
0 -83.677273
42.606265
0 -83.675435
42.580836
0 -83.674115
42.562762
0 -83.672903
42.547901
0 -83.671868
42.533601
0 -83.671567
42.533021
0 -83.67141
42.527636
0 -83.670823
42.519617
0 -83.670751
42.518642
0 -83.670649
42.517259
0 -83.669663
42.503391
0 -83.66963
42.502961
0 -83.667675
42.47483
0 -83.667661
42.474647
0 -83.667639
42.474412
0 -83.667161
42.467385
0 -83.666694
42.460615
0 -83.6666
42.459326
0 -83.666194
42.452875
0 -83.666089
42.451309
0 -83.666108
42.450543
0 -83.666083
42.450411
0 -83.665724
42.445659
0 -83.665568
42.443218
0 -83.66533
42.439551
0 -83.664808
42.431179
0 -83.659045
42.431359
0 -83.614623
42.432969
0 -83.59079
42.433863
0 -83.571328
42.434513
0 -83.566706
42.43467
0 -83.551907
42.435166
0 -83.512502
42.436482
0 -83.496953
42.43697
0 -83.493009
42.437098
0 -83.483248
42.437415
0 -83.474454
42.43764
0 -83.473364
42.437669
0 -83.463395
42.43801
0 -83.46021
42.438103
0 -83.453704
42.43829
0 -83.453068
42.438308
0 -83.433672
42.438942
0 -83.414357
42.439523
0 -83.399629
42.43991
0 -83.385307
42.440276
0 -83.375469
42.440557
0 -83.367896
42.440774
0 -83.365711
42.440838
0 -83.365563
42.440842
0 -83.363109
42.440903
0 -83.355901
42.441086
0 -83.352495
42.441176
0 -83.346305
42.441333
0 -83.346035
42.441339
0 -83.336456
42.441575
0 -83.330184
42.441725
0 -83.328103
42.441774
0 -83.320551
42.441944
0 -83.316825
42.442033
0 -83.312072
42.442121
0 -83.305865
42.442261
0 -83.297426
42.442488
0 -83.287803
42.442683
0 -83.281777
42.442799
0 -83.278517
42.442864
0 -83.278263
42.442868
0 -83.268509
42.443156
0 -83.265308
42.443237
0 -83.258867
42.443403
0 -83.250371
42.443628
0 -83.239423
42.443918
0 -83.226042
42.44421
0 -83.225608
42.444219
0 -83.219806
42.444346
0 -83.219631
42.444349
0 -83.210254
42.444568
0 -83.203632
42.444746
0 -83.203558
42.444748
0 -83.200522
42.444839
0 -83.190798
42.445147
0 -83.185879
42.445244
0 -83.181005
42.445343
0 -83.175605
42.445453
0 -83.171265
42.445545
0 -83.16696
42.445683
0 -83.165872
42.445706
0 -83.161516
42.445794
0 -83.158248
42.445867
0 -83.153582
42.445971
0 -83.151779
42.446012
0 -83.149318
42.446066
0 -83.147211
42.446115
0 -83.14206
42.446229
0 -83.136553
42.446345
0 -83.124708
42.446578
0 -83.117492
42.446719
0 -83.11263
42.446799
0 -83.112342
42.446809
0 -83.111706
42.446831
0 -83.109626
42.446959
0 -83.102875
42.44714
0 -83.099599
42.446962
0 -83.097421
42.44682
0 -83.094929
42.446862
0 -83.0947
42.446865
0 -83.093121
42.446898
0 -83.090247
42.446994
0 -83.083393
42.447153
0 -83.083499
42.449139
0 -83.083647
42.453411
0 -83.08379
42.457291
0 -83.083958
42.461825
0 -83.084172
42.465448
0 -83.084369
42.469044
0 -83.084523
42.476345
0 -83.084836
42.483849
0 -83.084846
42.484132
0 -83.085122
42.49076
0 -83.085346
42.49776
0 -83.085482
42.501613
0 -83.085625
42.505205
0 -83.085924
42.512106
0 -83.086246
42.520018
0 -83.08637
42.522995
0 -83.086882
42.534792
0 -83.087406
42.540709
0 -83.087637
42.543337
0 -83.088157
42.549379
0 -83.088618
42.56036
0 -83.088776
42.563843
0 -83.088786
42.56411
0 -83.08905
42.570721
0 -83.089068
42.571081
0 -83.089366
42.57845
0 -83.08961
42.585061
0 -83.089677
42.586832
0 -83.0899
42.593009
0 -83.090185
42.597876
0 -83.090687
42.60747
0 -83.091449
42.624208
0 -83.091789
42.63149
0 -83.091795
42.631611
0 -83.092151
42.638772
0 -83.092491
42.646016
0 -83.092833
42.653335
0 -83.09314
42.660336
0 -83.093458
42.66782
0 -83.093492
42.671311
0 -83.093706
42.67361
0 -83.093816
42.675216
0 -83.094156
42.6825
0 -83.094655
42.693048
0 -83.094664
42.693424
0 -83.095062
42.7044
0 -83.095255
42.708826
0 -83.095436
42.712491
0 -83.095339
42.71249
0 -83.09603
42.741388
0 -83.096031
42.741411
0 -83.097629
42.763296
0 -83.098363
42.777889
0 -83.099432
42.80055
0 -83.100531
42.829654
0 -83.101068
42.844297
0 -83.101426
42.851566
0 -83.101755
42.858715
0 -83.102043
42.865603
0 -83.102092
42.869439
0 -83.102113
42.869979
0 -83.102229
42.87321
0 -83.102891
42.888647
0 -83.132496
42.888155
0 -83.138511
42.888025
0 -83.1437
42.887896
0 -83.181203
42.886617
0 -83.221744
42.885545
0 -83.221913
42.885543
0 -83.236709
42.88516
0 -83.261321
42.884531
0 -83.305489
42.883391
0 -83.336678
42.882788
0 -83.356447
42.882387
0 -83.372988
42.882037
0 -83.375024
42.882004
0 -83.446539
42.880501
0 -83.448457
42.880526
0 -83.453364
42.880432
0 -83.453297
42.876299
0 -83.458729
42.876056
0 -83.472013
42.875747
0 -83.473613
42.875776
0 -83.482757
42.875616
0 -83.487753
42.875526
0 -83.51259
42.874886
0 -83.523904
42.874665
0 -83.532327
42.87452
0 -83.550951
42.874094
0 -83.56196
42.873645
0 -83.570219
42.873305
0 -83.571052
42.873309
0 -83.58131
42.87313
0 -83.594453
42.872947
0 -83.598581
42.872879
0 -83.625267
42.872446
0 -83.649939
42.871965
0 -83.669826
42.871607
0 -83.67056
42.871594
0 -83.689384
42.871263
0 