-89.485818
36.220931
0 -89.483604
36.213649
0 -89.482971
36.212659
0 -89.478557
36.212794
0 -89.338075
36.209133
0 -89.267423
36.207422
0 -89.267259
36.207417
0 -89.260116
36.207139
0 -89.245343
36.207172
0 -89.201845
36.205988
0 -89.194408
36.205625
0 -89.191809
36.205592
0 -89.180389
36.205244
0 -89.178191
36.205367
0 -89.154464
36.204678
0 -89.092369
36.203293
0 -89.03709
36.202604
0 -89.027933
36.202477
0 -89.027326
36.202467
0 -89.003805
36.202163
0 -89.000065
36.202106
0 -88.997935
36.202229
0 -88.961232
36.201635
0 -88.959839
36.222834
0 -88.95977
36.223926
0 -88.956614
36.27767
0 -88.956151
36.286938
0 -88.954623
36.317957
0 -88.951537
36.381359
0 -88.951171
36.389024
0 -88.950205
36.409248
0 -88.948449
36.409797
0 -88.949115
36.410461
0 -88.946805
36.412027
0 -88.94501
36.409901
0 -88.94518
36.40877
0 -88.94344
36.407874
0 -88.941571
36.408715
0 -88.94187
36.409643
0 -88.940721
36.410116
0 -88.940769
36.411193
0 -88.938152
36.41089
0 -88.935814
36.409698
0 -88.93436
36.408286
0 -88.933116
36.409105
0 -88.931695
36.411077
0 -88.931546
36.41005
0 -88.92999
36.40972
0 -88.928277
36.410198
0 -88.926768
36.409451
0 -88.925803
36.407731
0 -88.924573
36.408319
0 -88.924206
36.407006
0 -88.922582
36.407423
0 -88.920441
36.407027
0 -88.91794
36.407571
0 -88.918096
36.406774
0 -88.916465
36.406131
0 -88.913577
36.40657
0 -88.91357
36.40546
0 -88.91181
36.405383
0 -88.911382
36.404108
0 -88.912326
36.403661
0 -88.911511
36.402164
0 -88.909698
36.403057
0 -88.90981
36.401981
0 -88.908678
36.401293
0 -88.909725
36.400597
0 -88.908346
36.399218
0 -88.907299
36.400339
0 -88.907279
36.398998
0 -88.906111
36.398454
0 -88.904404
36.399651
0 -88.904398
36.398404
0 -88.903128
36.39758
0 -88.901863
36.397815
0 -88.900518
36.396832
0 -88.901674
36.396222
0 -88.901111
36.394799
0 -88.89825
36.395139
0 -88.897938
36.393826
0 -88.894832
36.393764
0 -88.891135
36.394861
0 -88.890415
36.394076
0 -88.887357
36.394745
0 -88.887942
36.393558
0 -88.885917
36.392887
0 -88.881825
36.39489
0 -88.880323
36.39473
0 -88.87986
36.396455
0 -88.877652
36.395735
0 -88.876945
36.3963
0 -88.877249
36.398123
0 -88.874607
36.398462
0 -88.872449
36.397797
0 -88.873239
36.400005
0 -88.870616
36.400452
0 -88.870257
36.402034
0 -88.866716
36.40147
0 -88.867151
36.402678
0 -88.865235
36.402399
0 -88.864171
36.404134
0 -88.864789
36.406822
0 -88.862233
36.406092
0 -88.860433
36.40762
0 -88.859427
36.406819
0 -88.855772
36.40954
0 -88.854302
36.408584
0 -88.851449
36.409515
0 -88.850361
36.40964
0 -88.850179
36.410986
0 -88.848697
36.411228
0 -88.846523
36.413163
0 -88.845211
36.412554
0 -88.841711
36.413395
0 -88.840358
36.412373
0 -88.838985
36.412379
0 -88.839128
36.414165
0 -88.837224
36.413127
0 -88.836096
36.414034
0 -88.834288
36.413748
0 -88.834845
36.412979
0 -88.833832
36.412183
0 -88.832806
36.412721
0 -88.830332
36.412683
0 -88.82819
36.411486
0 -88.827096
36.412859
0 -88.824982
36.411459
0 -88.822909
36.412805
0 -88.821577
36.412772
0 -88.82208
36.411294
0 -88.818885
36.411498
0 -88.818817
36.410542
0 -88.81642
36.410732
0 -88.816166
36.414879
0 -88.815389
36.422528
0 -88.814016
36.470802
0 -88.815009
36.472514
0 -88.815517
36.474918
0 -88.816711
36.477288
0 -88.820055
36.47874
0 -88.819909
36.480216
0 -88.821452
36.482823
0 -88.821838
36.485965
0 -88.822543
36.488078
0 -88.825881
36.492884
0 -88.827064
36.495799
0 -88.827005
36.500347
0 -88.8273011555617
36.5028524305169
0 -88.834626
36.502914
0 -88.834865800811
36.5029112012574
0 -88.8365448107249
36.5028916053413
0 -88.8435621254683
36.502809705461
0 -88.8552560763571
36.5026732240271
0 -88.859294
36.50262609696
0 -88.8716909968321
36.5024814101968
0 -88.8717376955418
36.5024808651708
0 -88.874725
36.502446
0 -88.8757890374701
36.5023656993691
0 -88.884557
36.501704
0 -88.8892690537296
36.5018659738926
0 -88.8945550859053
36.5020476779345
0 -88.8993449449784
36.5022123263371
0 -88.89951
36.502218
0 -88.9198414415829
36.5022095495617
0 -88.9641660287314
36.5021911267564
0 -88.964471
36.502191
0 -89.000063
36.502633
0 -89.006825
36.502684
0 -89.010439
36.50271
0 -89.0105563150147
36.5027112308143
0 -89.034649
36.502964
0 -89.058871
36.503157
0 -89.072118
36.503249
0 -89.0724038389433
36.5032512673047
0 -89.090146
36.503392
0 -89.117537
36.503603
0 -89.119805
36.503647
0 -89.1200033077951
36.5036509963915
0 -89.1602570254511
36.5044622081409
0 -89.163224
36.504522
0 -89.163429
36.504526
0 -89.211409
36.50563
0 -89.2563432316657
36.5062148978768
0 -89.279091
36.506511
0 -89.282298
36.506782
0 -89.300284
36.507147
0 -89.346053
36.50321
0 -89.3460556085742
36.5032097487948
0 -89.345148
36.50124
0 -89.344593
36.493911
0 -89.343548
36.485282
0 -89.340158
36.47717
0 -89.340395
36.475967
0 -89.344854
36.470607
0 -89.353805
36.462283
0 -89.35638
36.460151
0 -89.36005
36.456487
0 -89.360894
36.455135
0 -89.365402
36.447617
0 -89.36626
36.445355
0 -89.369237
36.434289
0 -89.369336
36.430119
0 -89.367852
36.424381
0 -89.366841
36.421984
0 -89.363909
36.416812
0 -89.36012
36.409277
0 -89.373495
36.388405
0 -89.380643
36.377103
0 -89.382774
36.375069
0 -89.392951
36.363926
0 -89.402314
36.353676
0 -89.403834
36.352001
0 -89.405062
36.35211
0 -89.400588
36.331604
0 -89.401056
36.32368
0 -89.403787
36.318837
0 -89.404284
36.313674
0 -89.405145
36.312075
0 -89.4162
36.292316
0 -89.420556
36.27906
0 -89.428816
36.259735
0 -89.431957
36.2547
0 -89.437432
36.246887
0 -89.441337
36.2403
0 -89.443726
36.236637
0 -89.445666
36.234524
0 -89.45264
36.228636
0 -89.455334
36.227489
0 -89.457973
36.227026
0 -89.471931
36.225976
0 -89.485818
36.220931
0 