-86.540787
43.644593
0 -86.540916
43.633158
0 -86.5388763789888
43.619956534034
0 -86.538497
43.617501
0 -86.5379226126339
43.6159651047951
0 -86.529507
43.593462
0 -86.520205
43.576718
0 -86.5089697541796
43.5602174078174
0 -86.5010761601701
43.5486245172222
0 -86.4988684282742
43.5453821419111
0 -86.493016
43.536787
0 -86.485927
43.525314
0 -86.4830938871756
43.5210632658436
0 -86.479276
43.515335
0 -86.471985
43.500685
0 -86.468747
43.491963
0 -86.465144
43.484642
0 -86.463495
43.479235
0 -86.4615386091284
43.4723264306271
0 -86.397141
43.472487
0 -86.290839
43.470274
0 -86.281629
43.470264
0 -86.280666
43.470128
0 -86.277874
43.470076
0 -86.227495
43.469189
0 -86.218915
43.469105
0 -86.218306
43.469098
0 -86.158631
43.468744
0 -86.079139
43.467917
0 -86.039491
43.467447
0 -86.039658
43.525302
0 -86.039653
43.533995
0 -86.03964
43.539751
0 -86.03978
43.554182
0 -86.039706
43.561429
0 -86.039639
43.575706
0 -86.039633
43.579537
0 -86.039542
43.59755
0 -86.039246
43.626814
0 -86.039217
43.641209
0 -86.039273
43.684978
0 -86.039352
43.69891
0 -86.039368
43.702711
0 -86.039277
43.728339
0 -86.039133
43.757375
0 -86.037884
43.815611
0 -86.05786
43.815647
0 -86.085124
43.815854
0 -86.087079
43.815974
0 -86.08782
43.815863
0 -86.117453
43.815991
0 -86.123454
43.816051
0 -86.124443
43.816068
0 -86.126463
43.816052
0 -86.127448
43.816082
0 -86.128293
43.81614
0 -86.158332
43.816129
0 -86.178789
43.816443
0 -86.193151
43.816668
0 -86.196877
43.816633
0 -86.258367
43.817456
0 -86.278044
43.81776
0 -86.278389
43.81779
0 -86.279381
43.817885
0 -86.318271
43.818223
0 -86.354681
43.818766
0 -86.356816
43.818816
0 -86.358286
43.818836
0 -86.363287
43.818915
0 -86.370672
43.819037
0 -86.371927
43.819054
0 -86.377217
43.819122
0 -86.378324
43.819142
0 -86.381906
43.819186
0 -86.397934
43.819417
0 -86.402481
43.819439
0 -86.413855
43.81931
0 -86.418283
43.819505
0 -86.4307941816123
43.8194069777613
0 -86.431043
43.815975
0 -86.4311422515185
43.8154201632446
0 -86.433576
43.801815
0 -86.4369956258149
43.7906274902238
0 -86.437391
43.789334
0 -86.4398361385662
43.7851935967696
0 -86.440505
43.784061
0 -86.44179
43.780958
0 -86.442402
43.777818
0 -86.445123
43.771564
0 -86.4458204473351
43.7704224656201
0 -86.4459147481465
43.7702681204634
0 -86.4531110186618
43.7584897541452
0 -86.454254
43.756619
0 -86.461554
43.746685
0 -86.4733111109186
43.7342039290495
0 -86.481854
43.725135
0 -86.510319
43.698625
0 -86.5178668199226
43.6903264001105
0 -86.5268633306971
43.6804350084128
0 -86.529179
43.677889
0 -86.534538
43.668005
0 -86.538482
43.658795
0 -86.5388947274523
43.6562520259099
0 -86.5404997425431
43.64636290473
0 -86.540787
43.644593
0 