-80.738604
40.075672
0 -80.7385240603836
40.07231453611
0 -80.738504
40.071472
0 -80.7384676823602
40.0713033823867
0 -80.737104
40.064972
0 -80.7369900050097
40.0647562237684
0 -80.734304
40.059672
0 -80.733104
40.058772
0 -80.7324443175258
40.055893385567
0 -80.7321840761106
40.0547577866644
0 -80.7311679546392
40.0503238020619
0 -80.731064105567
40.0498706424742
0 -80.7310539929163
40.0498265145441
0 -80.730904
40.049172
0 -80.730904
40.0478465662651
0 -80.730904
40.046672
0 -80.7313963316682
40.03912291442
0 -80.731504
40.037472
0 -80.7332673845788
40.0333574359829
0 -80.725134
40.032497
0 -80.724525
40.032552
0 -80.723068
40.032569
0 -80.721468
40.032297
0 -80.719061
40.032269
0 -80.713147
40.031881
0 -80.706843
40.031609
0 -80.694346
40.030569
0 -80.691163
40.030454
0 -80.669253
40.028626
0 -80.656815
40.027474
0 -80.653591
40.027278
0 -80.652487
40.02742
0 -80.651957
40.027342
0 -80.651208
40.027273
0 -80.646992
40.026965
0 -80.631717
40.025675
0 -80.627597
40.025166
0 -80.583412
40.021274
0 -80.576051
40.021034
0 -80.522096
40.016778
0 -80.51912
40.01641
0 -80.5190136783384
40.0739290696469
0 -80.519008
40.077001
0 -80.51896
40.078089
0 -80.5189913219311
40.0958343965733
0 -80.5189913952154
40.0958759156816
0 -80.5190047729564
40.1034550562999
0 -80.5190047834139
40.1034609809665
0 -80.5190295628998
40.1174997642516
0 -80.5190298173771
40.1176439380353
0 -80.519104
40.159672
0 -80.55336
40.167444
0 -80.582223
40.173867
0 -80.59491
40.176908
0 -80.596464
40.17697
0 -80.622684
40.177178
0 -80.623835
40.177189
0 -80.661351
40.178439
0 -80.664323
40.178799
0 -80.662143
40.181733
0 -80.663905
40.182663
0 -80.664913
40.183095
0 -80.663734
40.185897
0 -80.666853
40.185778
0 -80.669215
40.183738
0 -80.671997
40.184294
0 -80.672992
40.183067
0 -80.676748
40.183132
0 -80.6818121778124
40.1855662376397
0 -80.682008
40.185495
0 -80.683705
40.184215
0 -80.686137
40.181607
0 -80.6875433419407
40.1795670616009
0 -80.6914214134304
40.1739418102182
0 -80.6999360025716
40.161591160039
0 -80.7029817207599
40.1571732604477
0 -80.704602
40.154823
0 -80.705994
40.151591
0 -80.7064281437613
40.1494359731364
0 -80.707322
40.144999
0 -80.7080234578832
40.143274238852
0 -80.710042
40.138311
0 -80.7100705555005
40.1375837270965
0 -80.7103954010722
40.1293103164411
0 -80.7104418101643
40.1281283348776
0 -80.710554
40.125271
0 -80.70881
40.118088
0 -80.7086820586206
40.1179367965517
0 -80.7082046206897
40.1173725517241
0 -80.708106
40.117256
0 -80.7075867630886
40.1153822320154
0 -80.707002
40.113272
0 -80.706702
40.110872
0 -80.707702
40.105372
0 -80.709102
40.101472
0 -80.7098079282579
40.1002537768484
0 -80.710203
40.099572
0 -80.713003
40.096872
0 -80.7170447072811
40.0944973457023
0 -80.7291099108205
40.0874085870553
0 -80.730704
40.086472
0 -80.7327766421901
40.0842974245874
0 -80.7351123171293
40.0818468803889
0 -80.736804
40.080072
0 -80.738604
40.075672
0 