-120.885717
48.974835
0 -120.882035
48.973062
0 -120.880756
48.971659
0 -120.880343
48.970361
0 -120.882348
48.96796
0 -120.881337
48.966381
0 -120.872329
48.962083
0 -120.86729
48.962
0 -120.861249
48.95965
0 -120.859834
48.957682
0 -120.850966
48.955967
0 -120.849774
48.956517
0 -120.849133
48.955336
0 -120.844517
48.952322
0 -120.843681
48.951302
0 -120.840663
48.950319
0 -120.838864
48.94502
0 -120.837489
48.943318
0 -120.836089
48.939434
0 -120.834064
48.939326
0 -120.831387
48.938157
0 -120.824515
48.939252
0 -120.820149
48.941507
0 -120.81994
48.943559
0 -120.818093
48.944948
0 -120.815619
48.945315
0 -120.813419
48.946785
0 -120.815518
48.949379
0 -120.81527
48.951005
0 -120.811572
48.950748
0 -120.806333
48.95187
0 -120.805356
48.951679
0 -120.801278
48.953409
0 -120.799955
48.954861
0 -120.800842
48.9591
0 -120.795691
48.958627
0 -120.790593
48.959146
0 -120.788843
48.957878
0 -120.784414
48.957806
0 -120.781762
48.956813
0 -120.77872
48.957534
0 -120.771462
48.955746
0 -120.767614
48.954433
0 -120.765645
48.950469
0 -120.762257
48.948045
0 -120.759146
48.944735
0 -120.75604
48.942632
0 -120.755386
48.940734
0 -120.755657
48.93819
0 -120.754284
48.936414
0 -120.754856
48.932824
0 -120.755789
48.931599
0 -120.759098
48.929582
0 -120.761424
48.928709
0 -120.770196
48.927204
0 -120.771939
48.927233
0 -120.772093
48.923153
0 -120.770633
48.920895
0 -120.772634
48.918476
0 -120.771489
48.915726
0 -120.767777
48.911548
0 -120.771139
48.908122
0 -120.772178
48.905979
0 -120.770191
48.902852
0 -120.765549
48.90006
0 -120.763479
48.900587
0 -120.763854
48.896941
0 -120.766277
48.893468
0 -120.764628
48.889488
0 -120.763028
48.888662
0 -120.765055
48.886775
0 -120.77011
48.883539
0 -120.770113
48.881616
0 -120.768718
48.879928
0 -120.768442
48.87811
0 -120.766742
48.87652
0 -120.764329
48.876154
0 -120.762264
48.873078
0 -120.759643
48.872639
0 -120.749725
48.867266
0 -120.745728
48.867153
0 -120.740077
48.864767
0 -120.736006
48.864477
0 -120.735522
48.862209
0 -120.736311
48.861379
0 -120.735323
48.858001
0 -120.732942
48.856573
0 -120.731827
48.855103
0 -120.730511
48.855073
0 -120.73369
48.851656
0 -120.73572
48.84721
0 -120.738467
48.842457
0 -120.73851
48.84096
0 -120.736886
48.839805
0 -120.736692
48.836957
0 -120.73775
48.833414
0 -120.736246
48.831824
0 -120.737394
48.829368
0 -120.737786
48.826881
0 -120.739227
48.824915
0 -120.742244
48.824145
0 -120.743317
48.821576
0 -120.743346
48.819774
0 -120.742013
48.818183
0 -120.74344
48.815686
0 -120.742518
48.813459
0 -120.742742
48.811849
0 -120.740907
48.8096
0 -120.73953
48.809103
0 -120.738879
48.807552
0 -120.735554
48.803768
0 -120.737623
48.79748
0 -120.736003
48.793806
0 -120.733955
48.792877
0 -120.7355
48.789567
0 -120.735229
48.785745
0 -120.73371
48.7829
0 -120.729163
48.777083
0 -120.726797
48.775486
0 -120.725658
48.773315
0 -120.719162
48.773029
0 -120.717652
48.772404
0 -120.711252
48.771996
0 -120.709544
48.77035
0 -120.705855
48.765415
0 -120.703491
48.763778
0 -120.703059
48.761759
0 -120.699506
48.757283
0 -120.696597
48.756475
0 -120.69223
48.755967
0 -120.690626
48.752003
0 -120.691886
48.748716
0 -120.68933
48.745385
0 -120.686263
48.74457
0 -120.680708
48.741549
0 -120.678815
48.739384
0 -120.67833
48.736768
0 -120.67685
48.73504
0 -120.669846
48.732993
0 -120.66501
48.733092
0 -120.65958
48.726577
0 -120.656507
48.725504
0 -120.654676
48.724198
0 -120.658035
48.720281
0 -120.660303
48.720302
0 -120.662558
48.72116
0 -120.668066
48.721351
0 -120.669937
48.721065
0 -120.677904
48.718135
0 -120.681159
48.713172
0 -120.681598
48.710263
0 -120.680195
48.707336
0 -120.680207
48.704738
0 -120.67839
48.703473
0 -120.676989
48.701455
0 -120.677911
48.700205
0 -120.677979
48.695297
0 -120.680965
48.694175
0 -120.690143
48.69555
0 -120.697243
48.697402
0 -120.703258
48.697166
0 -120.704063
48.695636
0 -120.707313
48.693592
0 -120.708254
48.691755
0 -120.711891
48.689296
0 -120.71285
48.686002
0 -120.712932
48.68214
0 -120.715042
48.678832
0 -120.718857
48.674609
0 -120.71824
48.673804
0 -120.719122
48.671646
0 -120.717296
48.669223
0 -120.717334
48.665924
0 -120.716758
48.664854
0 -120.721495
48.664086
0 -120.727882
48.665076
0 -120.732769
48.666591
0 -120.738839
48.662548
0 -120.743875
48.661269
0 -120.74765
48.659516
0 -120.751219
48.659287
0 -120.752021
48.657538
0 -120.751629
48.654994
0 -120.749729
48.653699
0 -120.752488
48.651849
0 -120.752366
48.648652
0 -120.758202
48.644068
0 -120.768558
48.644175
0 -120.771533
48.642698
0 -120.773505
48.639562
0 -120.773496
48.637215
0 -120.77707
48.636386
0 -120.778824
48.634161
0 -120.779837
48.630762
0 -120.783969
48.628008
0 -120.789047
48.625379
0 -120.787851
48.622814
0 -120.784137
48.618478
0 -120.781998
48.61298
0 -120.784789
48.610541
0 -120.785676
48.605849
0 -120.783937
48.602154
0 -120.781076
48.600504
0 -120.778014
48.59748
0 -120.77653
48.597191
0 -120.773476
48.594425
0 -120.773182
48.592898
0 -120.771548
48.592228
0 -120.76837
48.58963
0 -120.765648
48.589465
0 -120.765795
48.5882
0 -120.764553
48.586284
0 -120.762526
48.585351
0 -120.760068
48.583044
0 -120.758258
48.58221
0 -120.755189
48.581292
0 -120.748672
48.579986
0 -120.747174
48.580182
0 -120.744571
48.578603
0 -120.742236
48.579412
0 -120.734881
48.581105
0 -120.730341
48.582935
0 -120.729814
48.585027
0 -120.727302
48.585577
0 -120.726551
48.586699
0 -120.723534
48.588196
0 -120.722452
48.59129
0 -120.723438
48.593001
0 -120.721675
48.59671
0 -120.718541
48.596747
0 -120.717903
48.595289
0 -120.714886
48.594915
0 -120.714733
48.59351
0 -120.711447
48.591433
0 -120.707277
48.591104
0 -120.704682
48.589758
0 -120.697515
48.581571
0 -120.695309
48.58022
0 -120.692209
48.576877
0 -120.688596
48.575489
0 -120.687888
48.572724
0 -120.686705
48.571237
0 -120.685392
48.566104
0 -120.689279
48.562407
0 -120.690788
48.562195
0 -120.692349
48.560686
0 -120.696127
48.559874
0 -120.700244
48.559751
0 -120.700579
48.556988
0 -120.699748
48.556078
0 -120.702152
48.550697
0 -120.704054
48.54965
0 -120.705343
48.547718
0 -120.704732
48.54614
0 -120.70888
48.541977
0 -120.706734
48.537764
0 -120.704715
48.536834
0 -120.701613
48.532467
0 -120.701557
48.53162
0 -120.697791
48.532521
0 -120.690171
48.532087
0 -120.686817
48.530644
0 -120.683955
48.530641
0 -120.677731
48.531333
0 -120.672282
48.532581
0 -120.663942
48.533509
0 -120.65594
48.53623
0 -120.655629
48.537131
0 -120.651747
48.536585
0 -120.650552
48.534058
0 -120.648262
48.532237
0 -120.648731
48.530629
0 -120.648681
48.526695
0 -120.649403
48.525833
0 -120.652827
48.524629
0 -120.654265
48.523528
0 -120.656301
48.520961
0 -120.656416
48.517857
0 -120.658316
48.51515
0 -120.655483
48.512655
0 -120.656056
48.509644
0 -120.657243
48.507962
0 -120.657004
48.506646
0 -120.655797
48.506989
0 -120.649617
48.505752
0 -120.647542
48.504691
0 -120.643257
48.503827
0 -120.64083
48.502271
0 -120.637815
48.50213
0 -120.636445
48.501044
0 -120.633066
48.500326
0 -120.629812
48.49886
0 -120.628212
48.49656
0 -120.631512
48.49526
0 -120.634112
48.49606
0 -120.638213
48.49586
0 -120.640813
48.494059
0 -120.642013
48.492459
0 -120.645013
48.491359
0 -120.649613
48.488759
0 -120.650813
48.485559
0 -120.652813
48.485059
0 -120.654013
48.481459
0 -120.652513
48.477959
0 -120.646313
48.475659
0 -120.642812
48.473859
0 -120.638812
48.473359
0 -120.636112
48.47216
0 -120.632012
48.46926
0 -120.635912
48.468359
0 -120.639812
48.468959
0 -120.642412
48.468159
0 -120.645312
48.465159
0 -120.647912
48.463459
0 -120.648812
48.461459
0 -120.650612
48.461259
0 -120.652512
48.456059
0 -120.654412
48.454459
0 -120.654612
48.452659
0 -120.661413
48.451659
0 -120.665513
48.451859
0 -120.668113
48.449959
0 -120.667713
48.448359
0 -120.665913
48.447359
0 -120.664212
48.442359
0 -120.663112
48.441359
0 -120.658312
48.441159
0 -120.651312
48.436759
0 -120.650912
48.433959
0 -120.651312
48.431659
0 -120.655612
48.430659
0 -120.655712
48.429259
0 -120.652112
48.425059
0 -120.651212
48.421559
0 -120.649512
48.418759
0 -120.649711
48.414359
0 -120.646011
48.412259
0 -120.644211
48.408959
0 -120.645411
48.407059
0 -120.644711
48.403959
0 -120.644911
48.401259
0 -120.648411
48.399259
0 -120.650211
48.397559
0 -120.648611
48.396359
0 -120.641111
48.397059
0 -120.639211
48.396359
0 -120.636711
48.396759
0 -120.630711
48.396559
0 -120.62691
48.397059
0 -120.62421
48.398159
0 -120.62141
48.39846
0 -120.61801
48.39606
0 -120.61501
48.39496
0 -120.61121
48.39456
0 -120.60741
48.39016
0 -120.60351
48.38806
0 -120.60251
48.38686
0 -120.59971
48.38546
0 -120.594209
48.38476
0 -120.588809
48.38446
0 -120.588509
48.38326
0 -120.585609
48.38016
0 -120.582609
48.37936
0 -120.574409
48.378561
0 -120.569509
48.376361
0 -120.56744
48.376203
0 -120.567209
48.373761
0 -120.563008
48.372261
0 -120.562408
48.369061
0 -120.563608
48.366761
0 -120.562408
48.363261
0 -120.559808
48.360561
0 -120.565908
48.358861
0 -120.566908
48.357461
0 -120.566608
48.354861
0 -120.568808
48.349861
0 -120.568708
48.348161
0 -120.573008
48.346861
0 -120.576708
48.34526
0 -120.580208
48.34056
0 -120.581408
48.34036
0 -120.583508
48.33846
0 -120.585008
48.33536
0 -120.584908
48.33306
0 -120.583708
48.32776
0 -120.585608
48.32486
0 -120.589008
48.32286
0 -120.587538
48.321758
0 -120.583608
48.31916
0 -120.579708
48.31966
0 -120.576808
48.31836
0 -120.573808
48.31886
0 -120.569308
48.316861
0 -120.565408
48.316561
0 -120.563508
48.315561
0 -120.561708
48.315561
0 -120.561808
48.314261
0 -120.560408
48.312461
0 -120.555407
48.310461
0 -120.552707
48.308761
0 -120.551107
48.307061
0 -120.548007
48.307161
0 -120.546107
48.306561
0 -120.540307
48.307061
0 -120.538507
48.307661
0 -120.536107
48.307161
0 -120.530707
48.306861
0 -120.525607
48.307162
0 -120.520207
48.310862
0 -120.517207
48.311762
0 -120.512207
48.311862
0 -120.510906
48.307962
0 -120.508206
48.306862
0 -120.506506
48.302562
0 -120.502906
48.300762
0 -120.502106
48.298562
0 -120.500206
48.297462
0 -120.498806
48.295362
0 -120.493606
48.293962
0 -120.493406
48.291962
0 -120.488306
48.286762
0 -120.484405
48.284962
0 -120.482805
48.283762
0 -120.481305
48.283862
0 -120.479305
48.280462
0 -120.476705
48.277862
0 -120.469305
48.277762
0 -120.466305
48.275263
0 -120.466005
48.274563
0 -120.468005
48.270962
0 -120.466905
48.267962
0 -120.463804
48.267263
0 -120.460704
48.265263
0 -120.458304
48.264463
0 -120.455004
48.261863
0 -120.450804
48.260163
0 -120.443204
48.260663
0 -120.439403
48.257963
0 -120.437803
48.255963
0 -120.435003
48.254263
0 -120.432403
48.253363
0 -120.430803
48.251363
0 -120.428159
48.250698
0 -120.424303
48.249963
0 -120.416702
48.249463
0 -120.413602
48.248363
0 -120.408502
48.247163
0 -120.407202
48.245763
0 -120.402702
48.244763
0 -120.399602
48.244963
0 -120.395702
48.243563
0 -120.391901
48.242963
0 -120.391101
48.241763
0 -120.387901
48.239863
0 -120.386801
48.237363
0 -120.384501
48.234463
0 -120.384901
48.232563
0 -120.390001
48.229963
0 -120.391301
48.228263
0 -120.390501
48.227263
0 -120.386901
48.226363
0 -120.384601
48.224463
0 -120.384901
48.223063
0 -120.383719
48.221995
0 -120.382801
48.220563
0 -120.378001
48.218363
0 -120.3712
48.218763
0 -120.368
48.219463
0 -120.3655
48.218663
0 -120.3617
48.219363
0 -120.359
48.220363
0 -120.3572
48.219063
0 -120.3544
48.218663
0 -120.3549
48.215863
0 -120.3535
48.211963
0 -120.347799
48.205563
0 -120.346699
48.201462
0 -120.346399
48.199162
0 -120.350999
48.194462
0 -120.3518
48.191762
0 -120.351199
48.188862
0 -120.3527
48.186362
0 -120.3564
48.183862
0 -120.3577
48.183562
0 -120.3573
48.181962
0 -120.3582
48.178962
0 -120.3584
48.175362
0 -120.3624
48.172061
0 -120.3625
48.168761
0 -120.3611
48.166761
0 -120.3607
48.163661
0 -120.3593
48.160961
0 -120.3606
48.158861
0 -120.358
48.155661
0 -120.353299
48.155261
0 -120.353599
48.153461
0 -120.351999
48.149161
0 -120.350299
48.147861
0 -120.348999
48.144861
0 -120.345899
48.143061
0 -120.343799
48.143961
0 -120.340199
48.143561
0 -120.338799
48.142161
0 -120.333999
48.139961
0 -120.331398
48.136161
0 -120.328498
48.132661
0 -120.326298
48.131461
0 -120.327098
48.129461
0 -120.324098
48.127261
0 -120.319398
48.124561
0 -120.317892
48.124261
0 -120.314598
48.124961
0 -120.311898
48.126361
0 -120.309097
48.127161
0 -120.306697
48.126761
0 -120.301097
48.127161
0 -120.297697
48.129961
0 -120.293397
48.129261
0 -120.290697
48.129461
0 -120.288397
48.125461
0 -120.284796
48.123661
0 -120.280996
48.124061
0 -120.278796
48.121761
0 -120.273796
48.119161
0 -120.272596
48.116261
0 -120.267896
48.113061
0 -120.264795
48.110261
0 -120.258795
48.110561
0 -120.255495
48.106561
0 -120.251795
48.105161
0 -120.250695
48.103161
0 -120.249295
48.103061
0 -120.244695
48.101061
0 -120.242494
48.097661
0 -120.239994
48.095761
0 -120.237332
48.095299
0 -120.234681
48.092596
0 -120.235894
48.089161
0 -120.233694
48.088361
0 -120.229494
48.088561
0 -120.225994
48.085361
0 -120.223394
48.083961
0 -120.219193
48.084661
0 -120.217193
48.081661
0 -120.215093
48.080761
0 -120.213493
48.079061
0 -120.207793
48.078361
0 -120.200793
48.077161
0 -120.195992
48.077161
0 -120.186092
48.078261
0 -120.184292
48.077061
0 -120.182592
48.074161
0 -120.181592
48.074161
0 -120.170591
48.069761
0 -120.166591
48.069361
0 -120.162791
48.068061
0 -120.160691
48.069061
0 -120.158091
48.068961
0 -120.156391
48.065961
0 -120.15309
48.065661
0 -120.14929
48.066161
0 -120.14869
48.064761
0 -120.14639
48.065561
0 -120.14329
48.065061
0 -120.14199
48.062061
0 -120.13469
48.058461
0 -120.133089
48.057361
0 -120.131789
48.055061
0 -120.134789
48.052561
0 -120.13969
48.054261
0 -120.14879
48.053061
0 -120.14939
48.051561
0 -120.14709
48.049261
0 -120.14749
48.048261
0 -120.15039
48.046361
0 -120.15019
48.04486
0 -120.14699
48.04306
0 -120.14669
48.03756
0 -120.14529
48.03646
0 -120.14179
48.03586
0 -120.135089
48.03366
0 -120.127989
48.03336
0 -120.124289
48.03206
0 -120.121689
48.03226
0 -120.119989
48.02776
0 -120.116589
48.02656
0 -120.113888
48.02486
0 -120.110588
48.02456
0 -120.108988
48.02346
0 -120.103188
48.02216
0 -120.102788
48.02146
0 -120.094587
48.020461
0 -120.093314
48.019497
0 -120.090287
48.018261
0 -120.087687
48.01546
0 -120.086387
48.01286
0 -120.082987
48.01096
0 -120.081887
48.00686
0 -120.082287
48.00496
0 -120.079987
48.00326
0 -120.077953
47.999593
0 -120.080126
47.998327
0 -120.079871
47.997036
0 -120.081104
47.993084
0 -120.076957
47.990669
0 -120.071536
47.985953
0 -120.069939
47.985166
0 -120.067779
47.982805
0 -120.063854
47.981583
0 -120.063024
47.978865
0 -120.06561
47.976448
0 -120.067292
47.973351
0 -120.069848
47.971683
0 -120.070156
47.968501
0 -120.066389
47.966457
0 -120.061658
47.966716
0 -120.053853
47.961604
0 -120.051614
47.962225
0 -120.048806
47.960571
0 -120.011714
47.960395
0 -119.926902
47.96048
0 -119.909725
47.960473
0 -119.875839
47.960516
0 -119.870307
47.960328
0 -119.870423
47.960442
0 -119.876183
47.964729
0 -119.88201
47.969777
0 -119.884091
47.973374
0 -119.88369
47.976056
0 -119.882302
47.979703
0 -119.882063
47.98307
0 -119.880413
47.986587
0 -119.877833
47.989538
0 -119.874588
47.991762
0 -119.87321
47.992178
0 -119.869884
47.996989
0 -119.869227
47.999284
0 -119.867454
48.002692
0 -119.86635
48.006976
0 -119.868491
48.01732
0 -119.869041
48.018455
0 -119.871199
48.020777
0 -119.875004
48.024039
0 -119.876176
48.025504
0 -119.878442
48.027043
0 -119.882646
48.031634
0 -119.886793
48.037478
0 -119.889157
48.040459
0 -119.890861
48.041879
0 -119.892773
48.044617
0 -119.893925
48.047475
0 -119.89345
48.051367
0 -119.892513
48.054139
0 -119.891656
48.055053
0 -119.888565
48.056986
0 -119.880627
48.060299
0 -119.866534
48.06429
0 -119.863735
48.065418
0 -119.859539
48.067715
0 -119.8586
48.068677
0 -119.851435
48.073418
0 -119.849417
48.074342
0 -119.847723
48.075141
0 -119.841206
48.077406
0 -119.83622
48.078585
0 -119.830702
48.078638
0 -119.826392
48.079434
0 -119.820054
48.082313
0 -119.814582
48.085348
0 -119.810288
48.086843
0 -119.805069
48.086316
0 -119.796829
48.086044
0 -119.790408
48.085584
0 -119.783839
48.08596
0 -119.780824
48.086646
0 -119.776865
48.088336
0 -119.774215
48.091441
0 -119.773962
48.093435
0 -119.776265
48.101456
0 -119.775869
48.102674
0 -119.773789
48.10405
0 -119.771307
48.104713
0 -119.768568
48.104278
0 -119.761462
48.104157
0 -119.75494
48.103113
0 -119.75004
48.10334
0 -119.745157
48.102391
0 -119.738742
48.099504
0 -119.736374
48.097587
0 -119.734254
48.094872
0 -119.732816
48.091935
0 -119.727535
48.085674
0 -119.724311
48.083425
0 -119.721396
48.082535
0 -119.717218
48.082087
0 -119.709387
48.082604
0 -119.701509
48.083854
0 -119.695303
48.087099
0 -119.685937
48.093019
0 -119.6846
48.093325
0 -119.683136
48.092543
0 -119.680996
48.090522
0 -119.67428
48.083293
0 -119.671402
48.078399
0 -119.670458
48.073832
0 -119.670241
48.069775
0 -119.672198
48.065238
0 -119.674093
48.062102
0 -119.67776
48.056034
0 -119.681242
48.048915
0 -119.682611
48.046576
0 -119.687022
48.041388
0 -119.6924
48.034486
0 -119.693627
48.032554
0 -119.69338
48.029754
0 -119.691895
48.026599
0 -119.690641
48.024951
0 -119.689573
48.023546
0 -119.68631
48.020749
0 -119.675302
48.014794
0 -119.668916
48.010754
0 -119.663953
48.007465
0 -119.658543
48.00262
0 -119.654798
48.00107
0 -119.646549
47.998732
0 -119.636978
47.996801
0 -119.632285
47.996298
0 -119.628006
47.996271
0 -119.624515
47.996797
0 -119.620734
47.996828
0 -119.61496
47.999402
0 -119.611862
48.003805
0 -119.610729
48.006542
0 -119.606635
48.011902
0 -119.599947
48.017349
0 -119.592443
48.022538
0 -119.582465
48.027467
0 -119.57974
48.02819
0 -119.574133
48.030867
0 -119.569268
48.03273
0 -119.563494
48.036051
0 -119.558902
48.039911
0 -119.556463
48.042984
0 -119.554237
48.044713
0 -119.54065
48.052235
0 -119.53382
48.053799
0 -119.530112
48.053996
0 -119.522048
48.058406
0 -119.517535
48.062402
0 -119.516418
48.067199
0 -119.516941
48.071137
0 -119.516043
48.071812
0 -119.515813
48.074767
0 -119.513363
48.076762
0 -119.510425
48.078125
0 -119.509059
48.07946
0 -119.507227
48.079812
0 -119.504462
48.081249
0 -119.501155
48.082275
0 -119.492557
48.08173
0 -119.480565
48.078406
0 -119.476451
48.078201
0 -119.472277
48.078496
0 -119.468333
48.0794
0 -119.464001
48.079656
0 -119.460847
48.079513
0 -119.455211
48.07781
0 -119.451597
48.078017
0 -119.448604
48.078589
0 -119.44465
48.078631
0 -119.441248
48.078167
0 -119.437879
48.077019
0 -119.435203
48.075339
0 -119.428332
48.068396
0 -119.427274
48.066232
0 -119.424891
48.063712
0 -119.418522
48.05868
0 -119.410463
48.054599
0 -119.402765
48.051045
0 -119.400277
48.050104
0 -119.396369
48.049403
0 -119.392772
48.049713
0 -119.384168
48.051057
0 -119.376149
48.052039
0 -119.366077
48.052786
0 -119.355727
48.051775
0 -119.346081
48.04953
0 -119.341222
48.049513
0 -119.336092
48.052263
0 -119.331911
48.058671
0 -119.330009
48.064684
0 -119.328933
48.078781
0 -119.330015
48.08319
0 -119.329522
48.090066
0 -119.327885
48.095657
0 -119.325444
48.099645
0 -119.315923
48.106658
0 -119.310771
48.109528
0 -119.301119
48.114563
0 -119.297145
48.115483
0 -119.292942
48.115278
0 -119.289911
48.114303
0 -119.284258
48.111882
0 -119.273309
48.106351
0 -119.26661
48.103772
0 -119.262064
48.102546
0 -119.255803
48.101894
0 -119.251144
48.102997
0 -119.248269
48.104748
0 -119.241994
48.107515
0 -119.238428
48.10944
0 -119.233031
48.113535
0 -119.230936
48.114336
0 -119.227801
48.114629
0 -119.222782
48.116293
0 -119.219338
48.116521
0 -119.214577
48.115796
0 -119.212715
48.115951
0 -119.209439
48.117186
0 -119.207462
48.118535
0 -119.201095
48.124874
0 -119.189402
48.128958
0 -119.182499
48.128657
0 -119.177303
48.129001
0 -119.174524
48.129675
0 -119.171134
48.131523
0 -119.1704
48.132697
0 -119.167205
48.135757
0 -119.159779
48.140228
0 -119.157442
48.142262
0 -119.154085
48.144506
0 -119.151185
48.14585
0 -119.147413
48.14642
0 -119.139132
48.14863
0 -119.13574
48.15056
0 -119.133453
48.151023
0 -119.128716
48.150904
0 -119.126141
48.15051
0 -119.122461
48.149233
0 -119.114067
48.145278
0 -119.111121
48.14391
0 -119.10383
48.138807
0 -119.099086
48.137596
0 -119.09171
48.136742
0 -119.085579
48.137674
0 -119.078905
48.139962
0 -119.075219
48.140518
0 -119.071327
48.140401
0 -119.069168
48.140069
0 -119.064308
48.138438
0 -119.062237
48.138378
0 -119.059477
48.136764
0 -119.052569
48.133503
0 -119.05169
48.13224
0 -119.044383
48.126526
0 -119.041563
48.124876
0 -119.033329
48.118303
0 -119.030388
48.115395
0 -119.028433
48.112683
0 -119.026886
48.109661
0 -119.025527
48.10344
0 -119.022665
48.095055
0 -119.021771
48.093417
0 -119.022243
48.088381
0 -119.022418
48.082737
0 -119.019541
48.073723
0 -119.018653
48.070286
0 -119.017253
48.067704
0 -119.013551
48.06335
0 -119.013096
48.059454
0 -119.011867
48.056099
0 -119.008235
48.049443
0 -119.006111
48.046143
0 -119.004112
48.044246
0 -119.001134
48.042225
0 -118.991751
48.039668
0 -118.985527
48.038406
0 -118.980369
48.037019
0 -118.977281
48.035822
0 -118.967337
48.029379
0 -118.962895
48.027405
0 -118.955484
48.023185
0 -118.951722
48.020058
0 -118.950863
48.018736
0 -118.950749
48.016619
0 -118.951522
48.011844
0 -118.952532
48.007075
0 -118.955132
48.003375
0 -118.960382
47.999308
0 -118.960757
47.998589
0 -118.961082
47.997877
0 -118.961093
47.992788
0 -118.962174
47.989111
0 -118.96543
47.983227
0 -118.967568
47.981071
0 -118.972684
47.976913
0 -118.978553
47.973021
0 -118.981768
47.96969
0 -118.982269
47.968961
0 -118.982694
47.967817
0 -118.98268
47.965129
0 -118.982431
47.962262
0 -118.982394
47.962019
0 -118.98177
47.957985
0 -118.982748
47.953009
0 -118.982754
47.949782
0 -118.981664
47.947977
0 -118.978101
47.945277
0 -118.973502
47.94357
0 -118.964529
47.941681
0 -118.959153
47.941036
0 -118.954307
47.940809
0 -118.941775
47.942455
0 -118.923879
47.945523
0 -118.913276
47.946597
0 -118.904617
47.947024
0 -118.899283
47.947928
0 -118.892968
47.949347
0 -118.887427
47.951522
0 -118.874182
47.955621
0 -118.869636
47.95665
0 -118.859304
47.957666
0 -118.851972
47.957686
0 -118.851673
47.963426
0 -118.845785
47.963478
0 -118.845887
47.985014
0 -118.845959
47.997673
0 -118.845527
47.999875
0 -118.84574
48.050069
0 -118.846212
48.183489
0 -118.844447
48.396494
0 -118.843439
48.481682
0 -118.86954
48.481881
0 -118.86953
48.640781
0 -118.869672
48.653598
0 -118.835399
48.654153
0 -118.835997
48.682734
0 -118.835197
48.693868
0 -118.835835
48.746337
0 -118.83628
48.749883
0 -118.836416
48.791708
0 -118.836472
48.799379
0 -118.836562
48.812712
0 -118.836564
48.813638
0 -118.83655
48.826978
0 -118.835757
48.933991
0 -118.836465
48.999898
0 -118.836898466696
49.0003077150958
0 -118.902778931778
49.0002975128745
0 -119.132102
49.000262
0 -119.137274
49.000297
0 -119.180699276376
49.0002904430819
0 -119.428678
49.000253
0 -119.442129938457
49.0002567080666
0 -119.4577
49.000261
0 -119.701218
49.000258
0 -119.701707927339
49.0002647533844
0 -119.702016
49.000269
0 -119.876195
49.000448
0 -119.919252504416
49.0000932175166
0 -120.001199
48.999418
0 -120.035508818984
48.9995357459609
0 -120.376216
49.000705
0 -120.716604
49.000188
0 -120.85138024644
49.0002799567607
0 -120.855496
48.998149
0 -120.853105
48.994525
0 -120.85127
48.993797
0 -120.854316
48.990603
0 -120.857472
48.987642
0 -120.858453
48.986335
0 -120.861569
48.984815
0 -120.862236
48.981964
0 -120.86401
48.980664
0 -120.866031
48.979781
0 -120.875606
48.978709
0 -120.880612
48.977634
0 -120.885717
48.974835
0 