-96.623991
35.491655
0 -96.624865
35.462706
0 -96.623699
35.400722
0 -96.622639
35.400256
0 -96.621297
35.398089
0 -96.617305
35.395825
0 -96.616029
35.395698
0 -96.613776
35.396816
0 -96.612608
35.396574
0 -96.611392
35.394227
0 -96.610198
35.394258
0 -96.606764
35.395876
0 -96.606372
35.397978
0 -96.606708
35.399368
0 -96.604829
35.399381
0 -96.599717
35.396955
0 -96.597282
35.398835
0 -96.596254
35.400204
0 -96.595
35.403153
0 -96.594004
35.404278
0 -96.591698
35.408784
0 -96.589102
35.411575
0 -96.585654
35.411474
0 -96.581367
35.409527
0 -96.578682
35.407178
0 -96.57745
35.404787
0 -96.577325
35.402658
0 -96.576671
35.401934
0 -96.574218
35.40194
0 -96.569848
35.40108
0 -96.566948
35.399383
0 -96.565418
35.399367
0 -96.561114
35.400187
0 -96.556862
35.402401
0 -96.555566
35.402437
0 -96.554935
35.401692
0 -96.55651
35.399021
0 -96.55673
35.394974
0 -96.554396
35.39366
0 -96.550001
35.392178
0 -96.546585
35.392608
0 -96.541906
35.39256
0 -96.539402
35.391827
0 -96.538291
35.390932
0 -96.536718
35.390772
0 -96.535146
35.391371
0 -96.535096
35.391455
0 -96.534393
35.393893
0 -96.534576
35.394978
0 -96.533768
35.397152
0 -96.53245
35.398484
0 -96.531716
35.400505
0 -96.534551
35.402708
0 -96.537415
35.403535
0 -96.538133
35.405235
0 -96.536919
35.409689
0 -96.537163
35.41094
0 -96.54051
35.412041
0 -96.544049
35.411842
0 -96.546913
35.412963
0 -96.549996
35.414942
0 -96.550009
35.415739
0 -96.548104
35.417534
0 -96.547775
35.418546
0 -96.549188
35.4196
0 -96.551099
35.420131
0 -96.551714
35.422251
0 -96.552592
35.422974
0 -96.554804
35.422835
0 -96.555618
35.422001
0 -96.555485
35.41984
0 -96.556844
35.418816
0 -96.560102
35.421559
0 -96.56082
35.422691
0 -96.560671
35.424427
0 -96.559065
35.429198
0 -96.555997
35.43313
0 -96.555866
35.434701
0 -96.558754
35.435002
0 -96.564634
35.436057
0 -96.568476
35.438165
0 -96.569602
35.439564
0 -96.569396
35.441312
0 -96.568159
35.442218
0 -96.565367
35.442267
0 -96.563054
35.443276
0 -96.562339
35.444178
0 -96.561234
35.447466
0 -96.560295
35.448753
0 -96.558695
35.448915
0 -96.556485
35.447356
0 -96.554093
35.447831
0 -96.553286
35.449907
0 -96.554661
35.45345
0 -96.553641
35.454309
0 -96.548918
35.453543
0 -96.54564
35.452677
0 -96.543905
35.453171
0 -96.543684
35.454141
0 -96.54612
35.456419
0 -96.546184
35.457474
0 -96.544957
35.457847
0 -96.543213
35.457323
0 -96.540327
35.45339
0 -96.539282
35.449769
0 -96.536492
35.447165
0 -96.53461
35.446867
0 -96.532335
35.446371
0 -96.529665
35.444458
0 -96.52548
35.441137
0 -96.521552
35.438493
0 -96.519714
35.435809
0 -96.520412
35.4326
0 -96.518633
35.431205
0 -96.511413
35.429642
0 -96.505701
35.430001
0 -96.501573
35.428723
0 -96.496594
35.428896
0 -96.491756
35.430425
0 -96.49012
35.430944
0 -96.487522
35.432521
0 -96.484402
35.436548
0 -96.483016
35.439842
0 -96.48306
35.44249
0 -96.484285
35.44453
0 -96.487965
35.445829
0 -96.488281
35.448229
0 -96.487735
35.449159
0 -96.485502
35.450775
0 -96.484193
35.451197
0 -96.481062
35.453883
0 -96.476734
35.458874
0 -96.476692
35.460907
0 -96.475754
35.463421
0 -96.473097
35.463958
0 -96.471513
35.462988
0 -96.470414
35.46058
0 -96.4693
35.459567
0 -96.465588
35.45811
0 -96.463825
35.458727
0 -96.462239
35.460914
0 -96.459052
35.46151
0 -96.45651
35.461263
0 -96.454562
35.460149
0 -96.45399
35.458813
0 -96.452554
35.458209
0 -96.449236
35.45943
0 -96.446202
35.458444
0 -96.443483
35.461144
0 -96.442219
35.46556
0 -96.44129
35.467712
0 -96.441216
35.435425
0 -96.441388
35.433422
0 -96.441248
35.39182
0 -96.44125
35.387229
0 -96.441275
35.348138
0 -96.441277
35.333715
0 -96.441382
35.311731
0 -96.441368
35.290122
0 -96.418351
35.290309
0 -96.415348
35.290119
0 -96.405906
35.290183
0 -96.2821
35.290051
0 -96.244621
35.290152
0 -96.225653
35.290137
0 -96.175727
35.290131
0 -96.141476
35.28995
0 -96.125297
35.289958
0 -96.122846
35.289887
0 -96.096222
35.28983
0 -96.034507
35.289795
0 -96.002212
35.289861
0 -95.992878
35.289599
0 -95.981376
35.289899
0 -95.981309
35.303263
0 -95.981334
35.355297
0 -95.981423
35.375123
0 -95.981307
35.376828
0 -96.020539
35.376834
0 -96.025605
35.376993
0 -96.043785
35.377059
0 -96.044727
35.376861
0 -96.051999
35.3769
0 -96.054248
35.37672
0 -96.058966
35.376921
0 -96.08753
35.376877
0 -96.087716
35.418516
0 -96.08765
35.420433
0 -96.087621
35.434939
0 -96.087719
35.463981
0 -96.087675
35.477847
0 -96.087877
35.500063
0 -96.087755
35.519997
0 -96.087795
35.552119
0 -96.104024
35.552066
0 -96.105599
35.552074
0 -96.121491
35.55191
0 -96.132236
35.552101
0 -96.134445
35.5521
0 -96.13972
35.552103
0 -96.141097
35.552094
0 -96.14176
35.552085
0 -96.192844
35.551902
0 -96.192802
35.558899
0 -96.192597
35.616739
0 -96.192398
35.618875
0 -96.192563
35.639087
0 -96.281488
35.638818
0 -96.323059
35.638933
0 -96.325213
35.638798
0 -96.33226
35.638948
0 -96.343178
35.63885
0 -96.344341
35.63896
0 -96.381036
35.639019
0 -96.387625
35.639291
0 -96.394327
35.639191
0 -96.46793
35.639116
0 -96.476563
35.63904
0 -96.496852
35.639003
0 -96.522188
35.639137
0 -96.529303
35.639094
0 -96.556465
35.639061
0 -96.620648
35.639005
0 -96.621068
35.615085
0 -96.621517
35.580876
0 -96.621631
35.57921
0 -96.621693
35.551767
0 -96.62188
35.550025
0 -96.622232
35.542685
0 -96.623503
35.52067
0 -96.623894
35.513696
0 -96.623991
35.491655
0 