-97.674049
35.568352
0 -97.674052
35.565697
0 -97.674042
35.557309
0 -97.674035
35.551183
0 -97.672483
35.551114
0 -97.67132
35.551112
0 -97.67122
35.537199
0 -97.67122
35.530103
0 -97.67122
35.514919
0 -97.67122
35.507456
0 -97.671319
35.492956
0 -97.671449
35.486074
0 -97.671457
35.485839
0 -97.671465
35.478745
0 -97.671509
35.47276
0 -97.671363
35.471353
0 -97.671321
35.469214
0 -97.67132
35.464209
0 -97.671415
35.460419
0 -97.671419
35.460204
0 -97.671419
35.450329
0 -97.671411
35.435471
0 -97.6714
35.428319
0 -97.671388
35.420896
0 -97.671388
35.420777
0 -97.671383
35.406352
0 -97.671379
35.393078
0 -97.671374
35.391654
0 -97.671369
35.377151
0 -97.662295
35.377147
0 -97.636094
35.377129
0 -97.575423
35.377124
0 -97.57501
35.377124
0 -97.565564
35.377103
0 -97.565504
35.377103
0 -97.559176
35.377113
0 -97.547863
35.377131
0 -97.547733
35.377131
0 -97.54438
35.377135
0 -97.534531
35.377144
0 -97.530138
35.377148
0 -97.530078
35.377148
0 -97.521151
35.377181
0 -97.512417
35.377213
0 -97.512235
35.377213
0 -97.503515
35.377241
0 -97.503331
35.377241
0 -97.476985
35.377316
0 -97.459227
35.37734
0 -97.441222
35.377274
0 -97.423566
35.377316
0 -97.408579
35.377296
0 -97.405912
35.377363
0 -97.358429
35.377426
0 -97.358076
35.37724
0 -97.353178
35.377249
0 -97.344197
35.377222
0 -97.344157
35.377222
0 -97.317832
35.377286
0 -97.317737
35.377286
0 -97.300174
35.377322
0 -97.264998
35.377368
0 -97.23904
35.377286
0 -97.238846
35.377288
0 -97.230492
35.377571
0 -97.225918
35.377206
0 -97.212908
35.37714
0 -97.159456
35.377088
0 -97.142114
35.37686
0 -97.141907
35.384292
0 -97.142005
35.398641
0 -97.141972
35.403423
0 -97.141878
35.403877
0 -97.141869
35.40578
0 -97.14192
35.406291
0 -97.141879
35.411359
0 -97.141864
35.415799
0 -97.141796
35.420424
0 -97.141641
35.434778
0 -97.141668
35.434906
0 -97.14166
35.441757
0 -97.14149
35.463977
0 -97.141331
35.46927
0 -97.14134
35.492545
0 -97.141441
35.55018
0 -97.14092
35.551097
0 -97.140801
35.564977
0 -97.140805
35.565272
0 -97.140963
35.579535
0 -97.141134
35.608482
0 -97.141295
35.615752
0 -97.141302
35.637508
0 -97.141412
35.644663
0 -97.141361
35.651674
0 -97.141278
35.666525
0 -97.141141
35.680967
0 -97.140973
35.706155
0 -97.140973
35.706257
0 -97.141072
35.724441
0 -97.156467
35.724367
0 -97.233699
35.724904
0 -97.247132
35.724864
0 -97.247139
35.724799
0 -97.248245
35.72487
0 -97.300638
35.725125
0 -97.318447
35.725215
0 -97.336318
35.725219
0 -97.355212
35.725355
0 -97.355532
35.725353
0 -97.359671
35.725341
0 -97.371579
35.725294
0 -97.389482
35.725273
0 -97.413026
35.725294
0 -97.416155
35.725031
0 -97.419373
35.725255
0 -97.443055
35.725279
0 -97.452424
35.725315
0 -97.460514
35.72534
0 -97.478358
35.725371
0 -97.483714
35.725413
0 -97.495436
35.725461
0 -97.514049
35.725564
0 -97.519947
35.725595
0 -97.531857
35.725654
0 -97.567161
35.725819
0 -97.638468
35.725908
0 -97.665103
35.725958
0 -97.674026
35.72597
0 -97.674014
35.70383
0 -97.673992
35.689218
0 -97.67402
35.682071
0 -97.673946
35.65296
0 -97.673951
35.63854
0 -97.673999
35.623962
0 -97.674021
35.609255
0 -97.674036
35.594822
0 -97.674035
35.58028
0 -97.674039
35.576604
0 -97.674041
35.573726
0 -97.674043
35.573477
0 -97.674044
35.572967
0 -97.674048
35.569475
0 -97.674049
35.568352
0 