-91.678333
36.62506
0 -91.677974
36.60675
0 -91.672304
36.606604
0 -91.671905
36.595014
0 -91.672053
36.59115
0 -91.671926
36.544696
0 -91.67187
36.544225
0 -91.67225
36.507778
0 -91.672406
36.500062
0 -91.672343
36.499463
0 -91.64259
36.499335
0 -91.631439
36.499198
0 -91.6176945446342
36.4992641624735
0 -91.6176925868443
36.4992641718979
0 -91.601317
36.499343
0 -91.596213
36.499162
0 -91.5824066465687
36.49916170656
0 -91.5647710019908
36.4991613317322
0 -91.5557005060141
36.4991611389481
0 -91.5549983823242
36.4991611240251
0 -91.5534012998357
36.4991610900808
0 -91.549163
36.499161
0 -91.5446730578733
36.4991403913305
0 -91.5441582698972
36.4991380284726
0 -91.539359
36.499116
0 -91.53687
36.499156
0 -91.5344724062903
36.4991107241323
0 -91.529951924498
36.4990253599045
0 -91.529774
36.499022
0 -91.5274925126682
36.4990058323433
0 -91.5054045324398
36.4988493068709
0 -91.50014
36.498812
0 -91.4500043450567
36.4975617737561
0 -91.446284
36.497469
0 -91.436502
36.497377
0 -91.433298
36.497262
0 -91.4331046728294
36.4972609679119
0 -91.407261
36.497123
0 -91.407137
36.497112
0 -91.405141
36.497165
0 -91.404915
36.49712
0 -91.3274678343435
36.4973368312969
0 -91.3024588343953
36.4974068497907
0 -91.235646784527
36.4975939056152
0 -91.227398
36.497617
0 -91.218645
36.497564
0 -91.21736
36.497511
0 -91.1724171874143
36.4976104539896
0 -91.1723712114553
36.4976105557298
0 -91.126529
36.497712
0 -91.1268
36.500064
0 -91.123512
36.594204
0 -91.123985
36.599525
0 -91.123514
36.61464
0 -91.123182
36.628948
0 -91.122897
36.643766
0 -91.122382
36.671026
0 -91.122058
36.688917
0 -91.121823
36.692612
0 -91.12197
36.693259
0 -91.120814
36.730601
0 -91.119618
36.780081
0 -91.117526
36.780055
0 -91.116349
36.800327
0 -91.116498
36.802505
0 -91.115926
36.823672
0 -91.224825
36.825679
0 -91.224467
36.840395
0 -91.223498
36.873789
0 -91.223037
36.875053
0 -91.22283
36.883857
0 -91.250129
36.88515
0 -91.330188
36.885536
0 -91.333626
36.885486
0 -91.369319
36.88567
0 -91.375138
36.88539
0 -91.387743
36.885486
0 -91.440994
36.885841
0 -91.459202
36.885829
0 -91.493151
36.886061
0 -91.500138
36.886898
0 -91.512022
36.886954
0 -91.536878
36.887032
0 -91.540223
36.887332
0 -91.543717
36.887206
0 -91.581742
36.888054
0 -91.658111
36.888724
0 -91.658466
36.875056
0 -91.658206
36.873591
0 -91.658188
36.866487
0 -91.658576
36.85896
0 -91.658413
36.857609
0 -91.65823
36.840698
0 -91.658693
36.830984
0 -91.660017
36.787531
0 -91.664239
36.787597
0 -91.674237
36.787832
0 -91.674892
36.767728
0 -91.674718
36.766188
0 -91.67658
36.69391
0 -91.67703
36.679217
0 -91.677729
36.645569
0 -91.678333
36.62506
0 