-66.546835
18.155019
0 -66.54722
18.15313
0 -66.545392
18.150502
0 -66.544281
18.147619
0 -66.541066
18.14747
0 -66.540568
18.148213
0 -66.537533
18.148949
0 -66.534862
18.152293
0 -66.533641
18.152088
0 -66.531129
18.152821
0 -66.529159
18.15234
0 -66.527748
18.153175
0 -66.525491
18.152467
0 -66.524156
18.152742
0 -66.521899
18.151954
0 -66.522069
18.152387
0 -66.520925
18.152596
0 -66.51945
18.154255
0 -66.516287
18.154305
0 -66.513457
18.155678
0 -66.512001
18.157108
0 -66.510671
18.159775
0 -66.507965
18.160991
0 -66.505679
18.163487
0 -66.502791
18.164994
0 -66.501791
18.164805
0 -66.497201
18.165452
0 -66.496522
18.166675
0 -66.493436
18.166499
0 -66.490649
18.167145
0 -66.489441
18.166503
0 -66.488562
18.165932
0 -66.485789
18.166831
0 -66.484852
18.168227
0 -66.481413
18.169838
0 -66.477374
18.170011
0 -66.475601
18.172276
0 -66.472871
18.172431
0 -66.472353
18.175672
0 -66.470545
18.177829
0 -66.469565
18.177963
0 -66.467794
18.177499
0 -66.467226
18.17762
0 -66.465441
18.177807
0 -66.464004
18.178854
0 -66.461355
18.17709
0 -66.4591
18.177144
0 -66.457933
18.176539
0 -66.454948
18.177243
0 -66.453776
18.178488
0 -66.452202
18.178308
0 -66.447603
18.175756
0 -66.445565
18.175686
0 -66.44456
18.176674
0 -66.443825
18.176434
0 -66.442334
18.175967
0 -66.439962
18.176005
0 -66.436075
18.175501
0 -66.430859
18.173246
0 -66.429429
18.171552
0 -66.427994
18.170935
0 -66.424836
18.170796
0 -66.423649
18.172025
0 -66.42256
18.171382
0 -66.421957
18.16993
0 -66.422116
18.168064
0 -66.420902
18.166316
0 -66.418169
18.16491
0 -66.416353
18.164777
0 -66.413686
18.163337
0 -66.412698
18.164128
0 -66.411254
18.164072
0 -66.410526
18.163172
0 -66.407062
18.163956
0 -66.40572
18.165489
0 -66.404889
18.165958
0 -66.40449
18.167153
0 -66.401788
18.166719
0 -66.401327
18.164797
0 -66.398269
18.165758
0 -66.395528
18.165639
0 -66.391932
18.166519
0 -66.391627
18.167848
0 -66.390351
18.168218
0 -66.389024
18.171029
0 -66.389042
18.172438
0 -66.386197
18.172706
0 -66.384912
18.172244
0 -66.383523
18.173074
0 -66.382107
18.172262
0 -66.3793
18.173315
0 -66.37812
18.172502
0 -66.375532
18.173204
0 -66.374613
18.174901
0 -66.373768
18.173694
0 -66.372052
18.176665
0 -66.373064
18.179269
0 -66.372771
18.180956
0 -66.373855
18.182156
0 -66.37379
18.184105
0 -66.37139
18.185599
0 -66.369411
18.18597
0 -66.365909
18.185312
0 -66.364777
18.186922
0 -66.365295
18.188838
0 -66.366738
18.191248
0 -66.367657
18.194029
0 -66.367318
18.196933
0 -66.366062
18.197777
0 -66.363734
18.200663
0 -66.360882
18.199879
0 -66.357417
18.194887
0 -66.355969
18.193784
0 -66.356011
18.192219
0 -66.354631
18.191926
0 -66.353891
18.193356
0 -66.352205
18.193233
0 -66.351631
18.194334
0 -66.352965
18.198586
0 -66.350933
18.204721
0 -66.35073
18.207049
0 -66.352536
18.210466
0 -66.35212
18.212313
0 -66.352272
18.215902
0 -66.351614
18.218554
0 -66.353727
18.218595
0 -66.352744
18.220485
0 -66.354485
18.222911
0 -66.353008
18.226159
0 -66.352142
18.224969
0 -66.351181
18.224965
0 -66.350398
18.227491
0 -66.351252
18.228831
0 -66.351062
18.230165
0 -66.351459
18.232062
0 -66.350793
18.241235
0 -66.352345
18.243962
0 -66.35375
18.243968
0 -66.355996
18.245613
0 -66.357139
18.245691
0 -66.35799
18.246103
0 -66.35811
18.246363
0 -66.357464
18.248967
0 -66.361687
18.256025
0 -66.364121
18.259338
0 -66.368497
18.264617
0 -66.371899
18.268166
0 -66.372839
18.269932
0 -66.375532
18.271387
0 -66.377013
18.27352
0 -66.378846
18.274585
0 -66.382626
18.27432
0 -66.383033
18.275348
0 -66.382568
18.276352
0 -66.382452
18.279242
0 -66.381505
18.280177
0 -66.380217
18.28381
0 -66.378649
18.28477
0 -66.377429
18.286281
0 -66.378645
18.287444
0 -66.378401
18.290007
0 -66.379059
18.292496
0 -66.377712
18.293976
0 -66.38279
18.291785
0 -66.384028
18.290797
0 -66.384896
18.286438
0 -66.386392
18.283953
0 -66.38872
18.276827
0 -66.390046
18.27413
0 -66.390957
18.273392
0 -66.392796
18.273325
0 -66.397561
18.269458
0 -66.398213
18.26893
0 -66.409431
18.26331
0 -66.412262
18.262952
0 -66.426794
18.260838
0 -66.427453
18.260674
0 -66.428428
18.260743
0 -66.429136
18.260636
0 -66.43185
18.258693
0 -66.435778
18.256704
0 -66.437375
18.25668
0 -66.43774
18.256167
0 -66.438835
18.256181
0 -66.439863
18.258598
0 -66.440612
18.25786
0 -66.442043
18.259117
0 -66.443037
18.25802
0 -66.444497
18.257539
0 -66.446062
18.258075
0 -66.446614
18.257194
0 -66.450446
18.256809
0 -66.452063
18.256112
0 -66.455703
18.257726
0 -66.453903
18.256148
0 -66.455203
18.252542
0 -66.454522
18.25173
0 -66.45419
18.251157
0 -66.457316
18.249459
0 -66.460768
18.249115
0 -66.463646
18.247812
0 -66.466652
18.245899
0 -66.472393
18.247047
0 -66.474327
18.248147
0 -66.4752
18.249564
0 -66.475942
18.250162
0 -66.483008
18.252588
0 -66.487268
18.252762
0 -66.48947
18.25238
0 -66.491997
18.253063
0 -66.493739
18.252076
0 -66.495295
18.252791
0 -66.496961
18.252327
0 -66.498262
18.254593
0 -66.501073
18.256842
0 -66.501242
18.256281
0 -66.501864
18.252427
0 -66.503091
18.25032
0 -66.505932
18.250627
0 -66.508251
18.249158
0 -66.509666
18.246447
0 -66.512208
18.242815
0 -66.509929
18.240695
0 -66.509828
18.238965
0 -66.507687
18.238395
0 -66.506915
18.236583
0 -66.508021
18.233257
0 -66.508016
18.232166
0 -66.509024
18.229936
0 -66.510312
18.229762
0 -66.511454
18.23041
0 -66.515435
18.2297
0 -66.51768
18.230242
0 -66.517857
18.229726
0 -66.516779
18.228627
0 -66.517712
18.225934
0 -66.516489
18.222199
0 -66.516403
18.219704
0 -66.515262
18.216464
0 -66.515128
18.214515
0 -66.514466
18.214014
0 -66.512364
18.210321
0 -66.514044
18.207247
0 -66.512241
18.206114
0 -66.512798
18.204508
0 -66.512664
18.202834
0 -66.511264
18.198191
0 -66.512364
18.197429
0 -66.513282
18.193498
0 -66.51455
18.192361
0 -66.514242
18.189053
0 -66.51361
18.187855
0 -66.514671
18.186897
0 -66.515248
18.185135
0 -66.512987
18.18374
0 -66.51295
18.180396
0 -66.51105
18.178101
0 -66.511426
18.173371
0 -66.512612
18.171147
0 -66.512738
18.169385
0 -66.511816
18.167816
0 -66.512043
18.166513
0 -66.512907
18.165931
0 -66.515747
18.167647
0 -66.518176
18.166772
0 -66.519707
18.165171
0 -66.519919
18.163836
0 -66.52264
18.161713
0 -66.526393
18.160787
0 -66.527159
18.158871
0 -66.528892
18.157051
0 -66.531556
18.155679
0 -66.533556
18.157878
0 -66.533564
18.158912
0 -66.536069
18.159407
0 -66.537238
18.160467
0 -66.538421
18.16003
0 -66.54205
18.161842
0 -66.543133
18.163098
0 -66.543211
18.161577
0 -66.544836
18.160262
0 -66.544152
18.158328
0 -66.546835
18.155019
0 