-99.04864
39.306932
0 -99.047978
39.292499
0 -99.048148
39.291318
0 -99.048076
39.277957
0 -99.047542
39.263597
0 -99.048108
39.219671
0 -99.047687
39.133014
0 -99.0375
39.133121
0 -99.028469
39.133204
0 -98.935695
39.133299
0 -98.917291
39.133212
0 -98.891788
39.133209
0 -98.890468
39.133319
0 -98.825006
39.133233
0 -98.815737
39.133209
0 -98.742383
39.133123
0 -98.741369
39.133119
0 -98.713208
39.133123
0 -98.70536
39.133155
0 -98.695485
39.13319
0 -98.695272
39.133117
0 -98.664871
39.133242
0 -98.661747
39.133357
0 -98.649887
39.133274
0 -98.64822
39.13351
0 -98.601673
39.133286
0 -98.594278
39.133285
0 -98.538736
39.13313
0 -98.538327
39.132857
0 -98.537228
39.133172
0 -98.489997
39.132697
0 -98.490003
39.213246
0 -98.489907
39.213494
0 -98.490149
39.21978
0 -98.490068
39.241666
0 -98.490054
39.263301
0 -98.490054
39.263355
0 -98.490047
39.306844
0 -98.489722
39.39365
0 -98.48948
39.425672
0 -98.489232
39.437272
0 -98.489321
39.438706
0 -98.488509
39.480233
0 -98.48814
39.508843
0 -98.487384
39.567492
0 -98.504212
39.567556
0 -98.505266
39.567603
0 -98.507011
39.567525
0 -98.580002
39.567538
0 -98.580834
39.567429
0 -98.598742
39.567488
0 -98.617464
39.56763
0 -98.626761
39.567719
0 -98.686871
39.567647
0 -98.695836
39.567686
0 -98.710297
39.567583
0 -98.729351
39.567626
0 -98.78539
39.567764
0 -98.822284
39.567819
0 -98.841604
39.567854
0 -98.868409
39.568011
0 -98.896847
39.568029
0 -98.933205
39.567946
0 -98.935408
39.56796
0 -98.953828
39.567987
0 -99.044398
39.568035
0 -99.044393
39.560308
0 -99.0444
39.556945
0 -99.044398
39.553116
0 -99.044128
39.551842
0 -99.044399
39.509547
0 -99.044422
39.480562
0 -99.045235
39.448918
0 -99.045542
39.444573
0 -99.045288
39.393847
0 -99.046137
39.36482
0 -99.046691
39.321892
0 -99.04864
39.306932
0 