-85.565105
44.131379
0 -85.564726
44.123736
0 -85.564041
44.117492
0 -85.563537
44.074656
0 -85.563041
44.053397
0 -85.563239
44.052852
0 -85.562832
44.002924
0 -85.562744
43.988348
0 -85.562662
43.973917
0 -85.562561
43.965418
0 -85.562596
43.962734
0 -85.562581
43.962052
0 -85.562593
43.959485
0 -85.562328
43.916366
0 -85.562319
43.901901
0 -85.562507
43.84442
0 -85.562439
43.815634
0 -85.443132
43.81481
0 -85.411518
43.814602
0 -85.404128
43.814621
0 -85.374944
43.814573
0 -85.334771
43.814369
0 -85.324384
43.814384
0 -85.300215
43.814191
0 -85.290145
43.814341
0 -85.266059
43.814001
0 -85.206146
43.813754
0 -85.188025
43.813735
0 -85.177385
43.813628
0 -85.168258
43.813625
0 -85.158975
43.813607
0 -85.156127
43.813592
0 -85.088811
43.813676
0 -85.088519
43.842157
0 -85.087828
43.857077
0 -85.088117
43.882497
0 -85.088242
43.9008
0 -85.08827
43.907319
0 -85.08825
43.915233
0 -85.087912
43.98402
0 -85.087877
43.986801
0 -85.087871
43.987243
0 -85.087846
43.989697
0 -85.087632
43.991339
0 -85.087602
44.07366
0 -85.08742
44.088047
0 -85.08704
44.164239
0 -85.092083
44.164307
0 -85.092765
44.164302
0 -85.100395
44.164412
0 -85.106476
44.164453
0 -85.112629
44.164505
0 -85.143873
44.164492
0 -85.147597
44.164494
0 -85.150489
44.164555
0 -85.20647
44.1649
0 -85.213504
44.164892
0 -85.297679
44.164827
0 -85.297984
44.16486
0 -85.304052
44.16483
0 -85.307386
44.164849
0 -85.325969
44.164802
0 -85.334
44.164831
0 -85.334777
44.165118
0 -85.346795
44.164772
0 -85.350255
44.164913
0 -85.35276
44.16491
0 -85.355183
44.164784
0 -85.359866
44.164867
0 -85.362098
44.164874
0 -85.36552
44.164903
0 -85.365765
44.164779
0 -85.366137
44.164824
0 -85.370585
44.164887
0 -85.38582
44.165064
0 -85.405477
44.165083
0 -85.415479
44.165128
0 -85.417335
44.165116
0 -85.420104
44.16514
0 -85.441921
44.165039
0 -85.444421
44.165041
0 -85.456097
44.165054
0 -85.466563
44.165062
0 -85.484532
44.165064
0 -85.484615
44.165006
0 -85.4925
44.165005
0 -85.564554
44.164893
0 -85.564526
44.143491
0 -85.564357
44.142444
0 -85.564425
44.133127
0 -85.565105
44.131379
0 