-76.6169252975653
43.4180442652892
0 -76.615971
43.407506
0 -76.61546
43.40266
0 -76.613933
43.379563
0 -76.612665
43.367521
0 -76.610123
43.334127
0 -76.610232
43.333077
0 -76.60965
43.324887
0 -76.609083
43.317115
0 -76.607712
43.296745
0 -76.60572
43.264841
0 -76.605012
43.25357
0 -76.600761
43.253742
0 -76.552408
43.255307
0 -76.481148
43.256641
0 -76.481019
43.255365
0 -76.480536
43.247237
0 -76.479224
43.227519
0 -76.450873
43.228509
0 -76.430465
43.229222
0 -76.415279
43.229752
0 -76.403001
43.230212
0 -76.366004
43.23167
0 -76.34496
43.232621
0 -76.344582
43.231525
0 -76.324213
43.232308
0 -76.322437
43.230916
0 -76.316117
43.229428
0 -76.312261
43.230388
0 -76.307541
43.230788
0 -76.303473
43.228771
0 -76.301476
43.227588
0 -76.300836
43.227076
0 -76.297876
43.22378
0 -76.289524
43.219028
0 -76.287684
43.21618
0 -76.287572
43.211652
0 -76.282915
43.206756
0 -76.281027
43.201091
0 -76.276151
43.201768
0 -76.271351
43.203968
0 -76.269751
43.205568
0 -76.268151
43.209468
0 -76.266522
43.211127
0 -76.264451
43.213468
0 -76.264351
43.214968
0 -76.262051
43.218468
0 -76.262951
43.220868
0 -76.262151
43.223568
0 -76.263551
43.226168
0 -76.266851
43.227468
0 -76.267451
43.229568
0 -76.267451
43.231768
0 -76.268351
43.233368
0 -76.272151
43.234868
0 -76.275551
43.238768
0 -76.274051
43.240168
0 -76.270051
43.239368
0 -76.267551
43.239668
0 -76.265651
43.238468
0 -76.263751
43.236368
0 -76.262651
43.236268
0 -76.258951
43.237468
0 -76.258051
43.237368
0 -76.25745
43.236868
0 -76.257951
43.234868
0 -76.25655
43.232068
0 -76.25285
43.227768
0 -76.250001
43.225191
0 -76.247826
43.220196
0 -76.24645
43.218168
0 -76.24465
43.214568
0 -76.24015
43.214168
0 -76.233849
43.212368
0 -76.230049
43.207868
0 -76.224449
43.204968
0 -76.22212
43.204899
0 -76.217646
43.204821
0 -76.214913
43.205412
0 -76.212349
43.207268
0 -76.210149
43.206968
0 -76.208336
43.208036
0 -76.210649
43.210568
0 -76.209729
43.21306
0 -76.206176
43.216612
0 -76.198748
43.212568
0 -76.194248
43.217068
0 -76.202548
43.222268
0 -76.203027
43.223446
0 -76.20472
43.22898
0 -76.204832
43.232068
0 -76.203936
43.234756
0 -76.205008
43.237412
0 -76.206656
43.238228
0 -76.212017
43.238964
0 -76.213393
43.24002
0 -76.212177
43.241684
0 -76.210609
43.244004
0 -76.212065
43.250556
0 -76.21195
43.2536
0 -76.21235
43.254872
0 -76.212977
43.256672
0 -76.208957
43.262917
0 -76.20902
43.264442
0 -76.211621
43.266772
0 -76.211711
43.267668
0 -76.21083
43.268473
0 -76.205013
43.271116
0 -76.202573
43.271539
0 -76.200428
43.270584
0 -76.196801
43.267625
0 -76.194068
43.266066
0 -76.18943
43.261672
0 -76.185278
43.258674
0 -76.182104
43.257621
0 -76.179626
43.253593
0 -76.177314
43.252238
0 -76.174275
43.251373
0 -76.172338
43.250068
0 -76.169839
43.24722
0 -76.161347
43.243568
0 -76.157647
43.243268
0 -76.156145
43.24267
0 -76.148526
43.239636
0 -76.143372
43.240228
0 -76.139838
43.240356
0 -76.138142
43.239637
0 -76.137758
43.238597
0 -76.13624
43.238328
0 -76.134497
43.236437
0 -76.131816
43.235846
0 -76.13
43.234586
0 -76.129748
43.234943
0 -76.126504
43.233805
0 -76.121496
43.234548
0 -76.116781
43.233458
0 -76.114311
43.232536
0 -76.113824
43.231613
0 -76.109787
43.228988
0 -76.106654
43.226866
0 -76.107433
43.225647
0 -76.106601
43.224422
0 -76.102653
43.223686
0 -76.099378
43.224931
0 -76.09575
43.22366
0 -76.090645
43.220483
0 -76.087517
43.219197
0 -76.084682
43.216892
0 -76.082701
43.216821
0 -76.080462
43.215763
0 -76.079294
43.21831
0 -76.079781
43.216627
0 -76.078737
43.215461
0 -76.075818
43.214971
0 -76.074951
43.215821
0 -76.072015
43.214732
0 -76.071614
43.214185
0 -76.069414
43.214699
0 -76.068056
43.212614
0 -76.068371
43.21263
0 -76.076825
43.214145
0 -76.079779
43.213559
0 -76.083643
43.21419
0 -76.085182
43.213081
0 -76.085211
43.211364
0 -76.083167
43.210579
0 -76.080142
43.209931
0 -76.078243
43.208329
0 -76.08076
43.208616
0 -76.082457
43.20685
0 -76.082687
43.204537
0 -76.081803
43.202174
0 -76.078902
43.19948
0 -76.074154
43.199223
0 -76.071695
43.199848
0 -76.066931
43.200093
0 -76.065844
43.200563
0 -76.060389
43.200492
0 -76.056711
43.1993
0 -76.053478
43.200485
0 -76.052619
43.202857
0 -76.049958
43.202953
0 -76.046131
43.202161
0 -76.042746
43.200396
0 -76.040754
43.198861
0 -76.03514
43.195618
0 -76.032525
43.19119
0 -76.031007
43.190591
0 -76.025719
43.190482
0 -76.016251
43.187399
0 -76.011647
43.185477
0 -76.008512
43.182602
0 -76.008653
43.181345
0 -76.005215
43.179352
0 -76.00274
43.179416
0 -76.003613
43.176752
0 -76.002285
43.178139
0 -76.002541
43.179621
0 -75.99909
43.180554
0 -75.995379
43.182586
0 -75.994217
43.18218
0 -75.993394
43.183376
0 -75.992226
43.184852
0 -75.98988
43.184948
0 -75.986195
43.183376
0 -75.986017
43.181576
0 -75.984547
43.17966
0 -75.982229
43.178122
0 -75.979489
43.177401
0 -75.976861
43.178156
0 -75.973438
43.179898
0 -75.970652
43.179572
0 -75.965807
43.180448
0 -75.959603
43.180423
0 -75.959274
43.17624
0 -75.957728
43.173967
0 -75.955599
43.172182
0 -75.952692
43.171097
0 -75.949486
43.171302
0 -75.94608
43.173714
0 -75.938172
43.174318
0 -75.935864
43.175747
0 -75.932895
43.176688
0 -75.930655
43.173892
0 -75.930034
43.171117
0 -75.92816
43.169339
0 -75.928113
43.163904
0 -75.927558
43.162806
0 -75.925365
43.161708
0 -75.921596
43.161307
0 -75.9191
43.16022
0 -75.917535
43.160391
0 -75.911253
43.158909
0 -75.904577
43.157884
0 -75.892945
43.156666
0 -75.887144
43.156321
0 -75.884275
43.155562
0 -75.875059
43.23019
0 -75.874912
43.231474
0 -75.874792
43.232527
0 -75.872979
43.246285
0 -75.872363
43.249389
0 -75.872361
43.249948
0 -75.870738
43.261701
0 -75.870751
43.263587
0 -75.86978
43.272803
0 -75.868428
43.279536
0 -75.862934
43.319222
0 -75.865461
43.319883
0 -75.877986
43.322887
0 -75.885857
43.324742
0 -75.886756
43.325021
0 -75.850555
43.403729
0 -75.814627
43.483578
0 -75.756213
43.470388
0 -75.757569
43.492522
0 -75.758069
43.499087
0 -75.75902
43.513157
0 -75.763973
43.583468
0 -75.765037
43.589015
0 -75.765404
43.593556
0 -75.765133
43.598572
0 -75.766776
43.625069
0 -75.768772
43.636919
0 -75.769507
43.644568
0 -75.770727
43.656309
0 -75.772715
43.672645
0 -75.77272
43.673451
0 -75.774553
43.688884
0 -75.904169
43.697957
0 -75.936762
43.700136
0 -75.955052
43.701455
0 -76.025087
43.707018
0 -76.022003
43.668143
0 -76.066391
43.671328
0 -76.076293
43.672143
0 -76.101959
43.67428
0 -76.139399
43.676892
0 -76.157755
43.677879
0 -76.171586
43.678651
0 -76.173309
43.678754
0 -76.1996693718617
43.6801913412181
0 -76.19658
43.66316
0 -76.196596
43.649761
0 -76.196731754073
43.6471277875381
0 -76.1984284086305
43.6142178952223
0 -76.199138
43.600454
0 -76.203473
43.574978
0 -76.209853
43.560136
0 -76.217958
43.545156
0 -76.219003479432
43.5433723661338
0 -76.221234
43.539567
0 -76.228701
43.532987
0 -76.235834
43.529256
0 -76.2401144245876
43.5284066489652
0 -76.246513
43.527137
0 -76.259858
43.524728
0 -76.265016
43.522803
0 -76.270216
43.520651
0 -76.2706476103836
43.5205667384673
0 -76.274908
43.519735
0 -76.278098
43.520692
0 -76.283744
43.516475
0 -76.291258
43.513783
0 -76.297103
43.51287
0 -76.300312
43.513678
0 -76.304422
43.512677
0 -76.309673
43.515038
0 -76.315831
43.514752
0 -76.318683
43.514407
0 -76.330911
43.511978
0 -76.334317
43.514381
0 -76.337815
43.514387
0 -76.345492
43.513437
0 -76.352527
43.516158
0 -76.356927
43.519115
0 -76.363604
43.524404
0 -76.368849
43.525822
0 -76.370972231404
43.5254888974405
0 -76.383127
43.523582
0 -76.383576
43.525375
0 -76.386423
43.525288
0 -76.401078928996
43.5239993338771
0 -76.410636
43.523159
0 -76.417581
43.521285
0 -76.422219
43.515978
0 -76.428253
43.513201
0 -76.433809
43.512389
0 -76.437473
43.509213
0 -76.44643
43.505411
0 -76.447505
43.50303
0 -76.450091
43.503856
0 -76.469724
43.495521
0 -76.472498
43.492781
0 -76.477082
43.485662
0 -76.4810037041061
43.4815688205727
0 -76.486962
43.47535
0 -76.491703
43.474889
0 -76.495053
43.47242
0 -76.498369
43.470438
0 -76.506858
43.469127
0 -76.50889
43.467349
0 -76.511337
43.466395
0 -76.5134704062637
43.4660707647125
0 -76.51616
43.465662
0 -76.519522
43.4644
0 -76.5196361332275
43.4643416659853
0 -76.5262464062783
43.4609631251923
0 -76.526321
43.460925
0 -76.53181
43.460299
0 -76.5373797816708
43.4582729506658
0 -76.5375360736394
43.4582160983047
0 -76.5430384833319
43.4562145560265
0 -76.546831
43.454835
0 -76.5475412894848
43.4541039478129
0 -76.549602
43.451983
0 -76.5508907569937
43.4518162469936
0 -76.552933
43.451552
0 -76.5573438314961
43.4500342194229
0 -76.562404
43.448293
0 -76.564958
43.448886
0 -76.567058
43.444731
0 -76.570036
43.442558
0 -76.57498
43.441349
0 -76.583987
43.436022
0 -76.586571
43.43339
0 -76.590538
43.4315
0 -76.594959
43.430272
0 -76.598907
43.424365
0 -76.60177
43.423524
0 -76.607093
43.423374
0 -76.6169252975653
43.4180442652892
0 