-96.463838
40.696964
0 -96.46384
40.68247
0 -96.463807
40.638989
0 -96.463794
40.631371
0 -96.463783
40.624525
0 -96.463763
40.616814
0 -96.463745
40.609996
0 -96.463738
40.606516
0 -96.46371
40.591867
0 -96.463706
40.587458
0 -96.463699
40.581007
0 -96.46368
40.566507
0 -96.463673
40.558456
0 -96.463667
40.552005
0 -96.463642
40.544609
0 -96.463655
40.537501
0 -96.46365
40.534312
0 -96.463644
40.530462
0 -96.463632
40.523013
0 -96.455766
40.522803
0 -96.44461
40.522846
0 -96.425752
40.523001
0 -96.406719
40.522948
0 -96.397341
40.522945
0 -96.355248
40.522867
0 -96.349762
40.522868
0 -96.341005
40.522879
0 -96.331275
40.522891
0 -96.318057
40.522978
0 -96.316271
40.52277
0 -96.29342
40.522939
0 -96.280005
40.522881
0 -96.274146
40.522862
0 -96.271084
40.522865
0 -96.25089
40.522869
0 -96.246084
40.522842
0 -96.236461
40.52279
0 -96.226556
40.52281
0 -96.226075
40.522923
0 -96.12269
40.523256
0 -96.086212
40.523242
0 -96.085085
40.523181
0 -96.067012
40.523148
0 -96.056004
40.523122
0 -96.009999
40.523055
0 -95.982642
40.523098
0 -95.972917
40.523103
0 -95.963226
40.523097
0 -95.963004
40.523099
0 -95.925512
40.523017
0 -95.923899
40.523018
0 -95.912526
40.522983
0 -95.90639
40.522957
0 -95.897133
40.522925
0 -95.883419
40.522951
0 -95.878102
40.522969
0 -95.869377
40.522969
0 -95.865534
40.522978
0 -95.832586
40.523027
0 -95.81346
40.523095
0 -95.811584
40.522998
0 -95.808529
40.523093
0 -95.783214
40.523065
0 -95.759709
40.523232
0 -95.750252
40.522955
0 -95.709974
40.523798
0 -95.714291
40.527208
0 -95.722444
40.528118
0 -95.725214
40.527773
0 -95.731179
40.525436
0 -95.73725
40.52393
0 -95.74868
40.524275
0 -95.75711
40.52599
0 -95.762857
40.528371
0 -95.76692
40.531563
0 -95.768693
40.534106
0 -95.769281
40.536656
0 -95.768412
40.540347
0 -95.764696
40.545721
0 -95.763624
40.548298
0 -95.763366
40.550797
0 -95.763833
40.553873
0 -95.76503
40.556921
0 -95.771776
40.566133
0 -95.774704
40.573574
0 -95.773549
40.578205
0 -95.768527
40.583296
0 -95.765645
40.585208
0 -95.758895
40.588973
0 -95.753148
40.59284
0 -95.750053
40.597052
0 -95.748858
40.599965
0 -95.748626
40.603355
0 -95.749685
40.606842
0 -95.751271
40.609057
0 -95.7529175762875
40.6101999290972
0 -95.758045
40.613759
0 -95.764412
40.61709
0 -95.766823
40.61878
0 -95.768926
40.621264
0 -95.770083
40.624425
0 -95.7703164407663
40.6314867457426
0 -95.770442
40.635285
0 -95.771325
40.639393
0 -95.772832
40.642496
0 -95.7741763595843
40.6444490371615
0 -95.776251
40.647463
0 -95.781909
40.653272
0 -95.786568
40.657253
0 -95.789485
40.659388
0 -95.795489
40.662384
0 -95.804307
40.664886
0 -95.81415
40.66557
0 -95.822913
40.66724
0 -95.8308293305508
40.670623923681
0 -95.832177
40.6712
0 -95.8355881252786
40.6732215027065
0 -95.8373454037636
40.6742629019292
0 -95.8377387932003
40.6744960325667
0 -95.842801
40.677496
0 -95.844827
40.679867
0 -95.8449462545511
40.6801375210945
0 -95.846034
40.682605
0 -95.847931
40.694197
0 -95.8492256424834
40.6968927500315
0 -95.849828
40.698147
0 -95.852615
40.702262
0 -95.8530810373483
40.7026611947891
0 -95.859378
40.708055
0 -95.8631672287627
40.7095651627736
0 -95.870481
40.71248
0 -95.87528
40.71412
0 -95.877015
40.714287
0 -95.883178
40.717579
0 -95.885349
40.721093
0 -95.888907
40.731855
0 -95.888697
40.736292
0 -95.88669
40.742101
0 -95.883643
40.747831
0 -95.879027
40.753081
0 -95.873335
40.757616
0 -95.869982
40.759645
0 -95.861695
40.762871
0 -95.852776
40.765631
0 -95.84662
40.768619
0 -95.842824
40.771093
0 -95.838879
40.774545
0 -95.836903
40.776477
0 -95.835232
40.779151
0 -95.834156
40.783016
0 -95.8342151936933
40.7837840663969
0 -95.858337
40.784009
0 -95.873331
40.784109
0 -95.882823
40.784085
0 -95.887924
40.784266
0 -95.888762
40.784292
0 -95.88935
40.784268
0 -95.890238
40.78419
0 -95.892514
40.78413
0 -95.911753
40.784154
0 -95.920441
40.784148
0 -95.949768
40.784077
0 -95.959495
40.784135
0 -96.006899
40.784065
0 -96.016462
40.784128
0 -96.021999
40.783907
0 -96.054437
40.78408
0 -96.059245
40.784078
0 -96.073487
40.78406
0 -96.092554
40.784108
0 -96.121177
40.784108
0 -96.14027
40.784035
0 -96.149129
40.784019
0 -96.178363
40.783946
0 -96.187029
40.783923
0 -96.197565
40.783895
0 -96.216654
40.783839
0 -96.236322
40.783734
0 -96.244842
40.783733
0 -96.245704
40.783731
0 -96.255381
40.783706
0 -96.283623
40.783602
0 -96.321824
40.78351
0 -96.331641
40.783498
0 -96.349979
40.783863
0 -96.463764
40.78396
0 -96.463807
40.754956
0 -96.463816
40.747509
0 -96.463821
40.743452
0 -96.463791
40.704206
0 -96.463838
40.696964
0 