-97.931614
39.277094
0 -97.931082
39.248497
0 -97.931487
39.246702
0 -97.931433
39.238441
0 -97.929746
39.219273
0 -97.929875
39.190279
0 -97.930021
39.132492
0 -97.930344
39.132146
0 -97.928426
39.132066
0 -97.92834
39.125003
0 -97.92884
39.117973
0 -97.928832
39.103475
0 -97.928895
39.045387
0 -97.928326
39.030897
0 -97.928379
38.99909
0 -97.92856
38.958395
0 -97.923595
38.95828
0 -97.817361
38.958151
0 -97.721706
38.958134
0 -97.720924
38.95806
0 -97.706158
38.958074
0 -97.6686
38.958129
0 -97.643026
38.958129
0 -97.641137
38.958017
0 -97.593353
38.957916
0 -97.575384
38.957942
0 -97.538277
38.958052
0 -97.482553
38.95815
0 -97.446094
38.958102
0 -97.371614
38.957852
0 -97.371277
38.997136
0 -97.371198
38.997619
0 -97.371187
39.0385
0 -97.371199
39.044942
0 -97.371145
39.10297
0 -97.371154
39.131961
0 -97.370972
39.156946
0 -97.371124
39.161281
0 -97.370697
39.21899
0 -97.370044
39.284836
0 -97.369996
39.291514
0 -97.369839
39.306011
0 -97.480482
39.306511
0 -97.517903
39.306545
0 -97.51907
39.306624
0 -97.53686
39.306589
0 -97.592363
39.306584
0 -97.629837
39.306597
0 -97.667454
39.306636
0 -97.704157
39.306693
0 -97.78378
39.306655
0 -97.817083
39.306672
0 -97.920232
39.306478
0 -97.926096
39.306517
0 -97.929097
39.306397
0 -97.929892
39.291629
0 -97.931614
39.277094
0 