-96.281223
46.627283
0 -96.28117
46.58778
0 -96.28119
46.57323
0 -96.28114
46.55886
0 -96.28105
46.54436
0 -96.281027
46.5385
0 -96.28077
46.483144
0 -96.28075
46.481284
0 -96.28071
46.4717
0 -96.28068
46.45711
0 -96.280603
46.381512
0 -96.280563
46.376961
0 -96.28047
46.36994
0 -96.280448
46.369441
0 -96.280487
46.367899
0 -96.280478
46.34771
0 -96.280252
46.311389
0 -96.27988
46.29675
0 -96.28
46.28222
0 -96.276708
46.282196
0 -96.27557
46.282262
0 -96.264647
46.282196
0 -96.26483
46.249904
0 -96.265396
46.244675
0 -96.265393
46.238566
0 -96.265376
46.224091
0 -96.265334
46.209436
0 -96.26529
46.19507
0 -96.265289
46.194867
0 -96.265415
46.124959
0 -96.265178
46.123076
0 -96.265366
46.10861
0 -96.225138
46.108631
0 -96.183306
46.108522
0 -96.162325
46.10846
0 -96.152121
46.108408
0 -96.142125
46.10839
0 -96.14185
46.10839
0 -96.1015
46.10844
0 -96.0808
46.10843
0 -96.01876
46.10848
0 -95.962151
46.108444
0 -95.947363
46.10839
0 -95.941342
46.108405
0 -95.93611
46.10837
0 -95.89457
46.1083
0 -95.824324
46.107668
0 -95.822667
46.107866
0 -95.76975
46.10745
0 -95.712049
46.107469
0 -95.685359
46.107478
0 -95.64532
46.107532
0 -95.625754
46.107533
0 -95.572272
46.1078
0 -95.555908
46.107909
0 -95.524961
46.107808
0 -95.520733
46.107835
0 -95.511352
46.10789
0 -95.496064
46.107975
0 -95.485303
46.108155
0 -95.417501
46.108011
0 -95.396616
46.107991
0 -95.395083
46.10805
0 -95.308467
46.107384
0 -95.303822
46.107566
0 -95.271571
46.107253
0 -95.256283
46.107109
0 -95.250846
46.107234
0 -95.195987
46.106919
0 -95.195345
46.106679
0 -95.14588
46.106761
0 -95.14604
46.121309
0 -95.146337
46.194073
0 -95.146372
46.208642
0 -95.14592
46.223148
0 -95.145791
46.282368
0 -95.154256
46.282428
0 -95.155275
46.347464
0 -95.155403
46.354686
0 -95.15557
46.36888
0 -95.155567
46.38283
0 -95.155295
46.387293
0 -95.155438
46.423259
0 -95.155413
46.43103
0 -95.15537
46.43114
0 -95.15536
46.43231
0 -95.155401
46.433376
0 -95.15536
46.43426
0 -95.15533
46.441633
0 -95.15564
46.4491
0 -95.1554
46.45246
0 -95.15544
46.456076
0 -95.155369
46.456582
0 -95.15536
46.45856
0 -95.155375
46.469335
0 -95.15549
46.48498
0 -95.155465
46.533925
0 -95.155681
46.534428
0 -95.155655
46.535505
0 -95.15541
46.54297
0 -95.155429
46.546596
0 -95.155464
46.557653
0 -95.15554
46.62994
0 -95.163392
46.629938
0 -95.163872
46.688405
0 -95.163844
46.69627
0 -95.164093
46.703015
0 -95.16371
46.71764
0 -95.171591
46.717603
0 -95.185554
46.717466
0 -95.199921
46.717522
0 -95.205645
46.717393
0 -95.227001
46.717183
0 -95.247999
46.716255
0 -95.268471
46.716476
0 -95.28148
46.716576
0 -95.28758
46.716624
0 -95.288675
46.716632
0 -95.300631
46.716753
0 -95.32354
46.716372
0 -95.325764
46.71655
0 -95.329795
46.716319
0 -95.340248
46.716407
0 -95.349387
46.716757
0 -95.354653
46.716638
0 -95.361476
46.716308
0 -95.390993
46.716156
0 -95.393433
46.716219
0 -95.414397
46.71617
0 -95.435464
46.715917
0 -95.44463
46.716782
0 -95.456783
46.717131
0 -95.465851
46.717211
0 -95.48856
46.717539
0 -95.542719
46.71595
0 -95.621219
46.715691
0 -95.626709
46.715452
0 -95.668195
46.715516
0 -95.77938
46.716271
0 -95.780214
46.716432
0 -95.794775
46.71641
0 -95.834902
46.716574
0 -95.844358
46.716506
0 -95.863292
46.71668
0 -95.910353
46.716623
0 -95.921006
46.716609
0 -95.923152
46.716634
0 -95.926173
46.716841
0 -95.940367
46.716942
0 -95.957945
46.717073
0 -95.962655
46.716848
0 -95.984328
46.717275
0 -96.015957
46.717515
0 -96.026487
46.717544
0 -96.03507
46.717764
0 -96.04799
46.71781
0 -96.06391
46.717846
0 -96.0956
46.717944
0 -96.174587
46.717854
0 -96.173762
46.685648
0 -96.173888
46.684387
0 -96.173234
46.664747
0 -96.173323
46.664376
0 -96.173259
46.659734
0 -96.173272
46.654686
0 -96.172806
46.645311
0 -96.172499
46.644415
0 -96.17227
46.630709
0 -96.213515
46.630964
0 -96.233339
46.63075
0 -96.240155
46.630702
0 -96.279636
46.63088
0 -96.28023
46.630976
0 -96.280977
46.630765
0 -96.281223
46.627283
0 