-108.13238
38.331573
0 -108.131748
38.320756
0 -108.123683
38.320928
0 -108.123269
38.313635
0 -108.104819
38.313718
0 -108.104161
38.284179
0 -108.08635
38.284334
0 -108.086691
38.275748
0 -108.087218
38.262553
0 -108.086604
38.255202
0 -108.011531
38.255261
0 -108.011531
38.248203
0 -107.984084
38.248386
0 -107.984184
38.233936
0 -107.965419
38.234015
0 -107.965408
38.226509
0 -107.947142
38.226477
0 -107.94702
38.218947
0 -107.937588
38.218992
0 -107.938145
38.173936
0 -107.947744
38.173767
0 -107.946963
38.152491
0 -107.965789
38.152328
0 -107.965453
38.144903
0 -107.951717
38.144982
0 -107.951574
38.116125
0 -107.891469
38.115957
0 -107.891529
38.101364
0 -107.892539
38.101347
0 -107.892346
38.09567
0 -107.892052
38.087011
0 -107.896714
38.086829
0 -107.892926
38.07247
0 -107.893774
38.057742
0 -107.891999
38.057837
0 -107.891984
38.051355
0 -107.891356
38.048707
0 -107.888045
38.04539
0 -107.891828
38.043564
0 -107.893332
38.0416
0 -107.893156
38.0392
0 -107.896564
38.034753
0 -107.896692
38.031598
0 -107.898751
38.029424
0 -107.900193
38.026249
0 -107.896424
38.025476
0 -107.895165
38.025732
0 -107.891098
38.02464
0 -107.891384
38.022537
0 -107.889335
38.017615
0 -107.891044
38.013531
0 -107.889716
38.011615
0 -107.8833
38.007371
0 -107.878652
38.008232
0 -107.874971
38.006897
0 -107.873568
38.006819
0 -107.86594
38.008012
0 -107.862419
38.00943
0 -107.860993
38.008763
0 -107.857418
38.008357
0 -107.855784
38.008721
0 -107.851803
38.008238
0 -107.848909
38.008533
0 -107.84446
38.0059
0 -107.842113
38.005668
0 -107.841498
38.00113
0 -107.844825
37.998499
0 -107.847682
37.997518
0 -107.849368
37.994427
0 -107.848715
37.992459
0 -107.843105
37.991653
0 -107.838174
37.992363
0 -107.836047
37.992213
0 -107.832678
37.990727
0 -107.829781
37.988963
0 -107.826006
37.988675
0 -107.824833
37.988163
0 -107.821943
37.988602
0 -107.819481
37.989724
0 -107.815604
37.989394
0 -107.814321
37.990673
0 -107.809797
37.990143
0 -107.808068
37.989278
0 -107.804462
37.988652
0 -107.801896
37.986906
0 -107.79964
37.988264
0 -107.795469
37.98852
0 -107.793251
37.986415
0 -107.793309
37.985333
0 -107.791727
37.982355
0 -107.788862
37.980614
0 -107.786848
37.97851
0 -107.787082
37.977205
0 -107.78918
37.975273
0 -107.785368
37.971012
0 -107.783592
37.966787
0 -107.782448
37.965734
0 -107.781572
37.963214
0 -107.780412
37.961879
0 -107.778675
37.960948
0 -107.776062
37.962011
0 -107.768877
37.961726
0 -107.765783
37.960951
0 -107.763601
37.959209
0 -107.760855
37.959632
0 -107.758891
37.95836
0 -107.755754
37.954646
0 -107.748897
37.953116
0 -107.747344
37.95023
0 -107.745859
37.94878
0 -107.744316
37.945797
0 -107.743893
37.942044
0 -107.742407
37.940368
0 -107.739148
37.939261
0 -107.738327
37.935291
0 -107.735402
37.931941
0 -107.732787
37.929668
0 -107.733307
37.926947
0 -107.735563
37.924859
0 -107.733318
37.922063
0 -107.733402
37.919915
0 -107.737494
37.917687
0 -107.736951
37.914565
0 -107.735123
37.911291
0 -107.736371
37.909505
0 -107.73668
37.907728
0 -107.738283
37.905432
0 -107.736659
37.904564
0 -107.732566
37.904233
0 -107.729562
37.902673
0 -107.724408
37.898802
0 -107.723256
37.898828
0 -107.720864
37.89742
0 -107.718794
37.897197
0 -107.716633
37.897088
0 -107.715768
37.897743
0 -107.711963
37.89887
0 -107.709575
37.899401
0 -107.707779
37.898856
0 -107.708159
37.896918
0 -107.707304
37.893876
0 -107.705091
37.893969
0 -107.701693
37.892941
0 -107.700639
37.892007
0 -107.697206
37.892844
0 -107.695665
37.89241
0 -107.693154
37.894804
0 -107.692256
37.897728
0 -107.689915
37.898975
0 -107.689098
37.901559
0 -107.688085
37.901811
0 -107.684272
37.900768
0 -107.683304
37.90092
0 -107.680572
37.904057
0 -107.678452
37.904482
0 -107.67508
37.903427
0 -107.671605
37.902886
0 -107.666283
37.902965
0 -107.663756
37.903517
0 -107.662813
37.905472
0 -107.661612
37.906313
0 -107.662226
37.907734
0 -107.661264
37.909446
0 -107.656691
37.907992
0 -107.652684
37.908869
0 -107.650942
37.909582
0 -107.649488
37.91094
0 -107.648656
37.913096
0 -107.64725
37.913405
0 -107.646418
37.915319
0 -107.646799
37.91665
0 -107.645639
37.917524
0 -107.641338
37.918772
0 -107.637926
37.920859
0 -107.637464
37.923564
0 -107.639255
37.92587
0 -107.640009
37.929534
0 -107.641716
37.930993
0 -107.642528
37.933212
0 -107.642842
37.936611
0 -107.640644
37.939075
0 -107.641184
37.942634
0 -107.641973
37.943731
0 -107.640927
37.945919
0 -107.640911
37.947332
0 -107.642692
37.949558
0 -107.642885
37.953134
0 -107.642044
37.955354
0 -107.639928
37.957859
0 -107.640891
37.95927
0 -107.640418
37.962016
0 -107.64168
37.964759
0 -107.568875
37.965015
0 -107.569035
37.966039
0 -107.571591
37.966382
0 -107.572687
37.967166
0 -107.574944
37.967146
0 -107.580296
37.968475
0 -107.582984
37.967923
0 -107.587004
37.968478
0 -107.588221
37.970312
0 -107.587295
37.972124
0 -107.584165
37.976019
0 -107.585123
37.978782
0 -107.58691
37.98059
0 -107.588906
37.984655
0 -107.589808
37.989629
0 -107.591367
37.992252
0 -107.58679
37.993764
0 -107.586737
37.999408
0 -107.584193
38.000111
0 -107.580421
38.000548
0 -107.574343
38.004661
0 -107.574092
38.006349
0 -107.569546
38.005362
0 -107.566325
38.005289
0 -107.56211
38.003165
0 -107.55938
38.000786
0 -107.556506
37.999162
0 -107.554286
37.999472
0 -107.54992
37.998294
0 -107.548588
37.998852
0 -107.546317
38.000826
0 -107.54338
38.005766
0 -107.537975
38.008919
0 -107.537901
38.013072
0 -107.539353
38.014707
0 -107.539427
38.017715
0 -107.537566
38.019702
0 -107.536589
38.022744
0 -107.537378
38.024363
0 -107.538988
38.025361
0 -107.539856
38.027109
0 -107.538882
38.028236
0 -107.536852
38.028686
0 -107.536656
38.030534
0 -107.53728
38.032708
0 -107.534498
38.034393
0 -107.531796
38.036992
0 -107.531129
38.038963
0 -107.527027
38.039878
0 -107.525311
38.039039
0 -107.52298
38.041045
0 -107.521955
38.042567
0 -107.522337
38.044164
0 -107.520691
38.04609
0 -107.522627
38.047958
0 -107.521071
38.05218
0 -107.522989
38.055325
0 -107.522282
38.057222
0 -107.518959
38.058172
0 -107.515879
38.057881
0 -107.511
38.060539
0 -107.514919
38.064955
0 -107.515333
38.067838
0 -107.51683
38.069741
0 -107.52054
38.07042
0 -107.524375
38.072766
0 -107.525104
38.074788
0 -107.526466
38.075921
0 -107.527971
38.075731
0 -107.530087
38.076486
0 -107.533107
38.079677
0 -107.536022
38.079441
0 -107.541548
38.079748
0 -107.544373
38.08073
0 -107.550289
38.078236
0 -107.554098
38.07953
0 -107.556309
38.082872
0 -107.55744
38.085715
0 -107.55955
38.087205
0 -107.560382
38.090601
0 -107.559828
38.091669
0 -107.56465
38.096992
0 -107.565394
38.098868
0 -107.563072
38.10043
0 -107.56213
38.106487
0 -107.561314
38.107357
0 -107.561606
38.108896
0 -107.560855
38.110503
0 -107.561982
38.114437
0 -107.563755
38.116455
0 -107.564238
38.119064
0 -107.563205
38.123212
0 -107.564733
38.127906
0 -107.568077
38.130558
0 -107.570011
38.1347
0 -107.573522
38.134953
0 -107.574019
38.136991
0 -107.572987
38.138053
0 -107.57236
38.14121
0 -107.571214
38.143553
0 -107.56862
38.147267
0 -107.564733
38.149822
0 -107.563208
38.152897
0 -107.562435
38.157477
0 -107.562189
38.158792
0 -107.563298
38.16212
0 -107.564292
38.166664
0 -107.566311
38.168728
0 -107.566523
38.170741
0 -107.567993
38.171468
0 -107.566566
38.176645
0 -107.568044
38.179538
0 -107.568011
38.180811
0 -107.570258
38.181353
0 -107.570796
38.183963
0 -107.572344
38.187435
0 -107.572075
38.190141
0 -107.572612
38.194064
0 -107.573283
38.196175
0 -107.574325
38.196772
0 -107.574364
38.198359
0 -107.575353
38.199471
0 -107.57584
38.202726
0 -107.575338
38.203764
0 -107.575119
38.207912
0 -107.575576
38.209797
0 -107.577394
38.210435
0 -107.57871
38.212007
0 -107.580784
38.21246
0 -107.579943
38.21593
0 -107.58087
38.21809
0 -107.579539
38.220288
0 -107.579015
38.222663
0 -107.580372
38.224968
0 -107.579868
38.227851
0 -107.580243
38.230824
0 -107.581909
38.230897
0 -107.582682
38.234603
0 -107.584908
38.236255
0 -107.58748
38.240228
0 -107.58665
38.24303
0 -107.588619
38.246761
0 -107.588821
38.249588
0 -107.590701
38.252046
0 -107.593951
38.253523
0 -107.597414
38.253395
0 -107.600159
38.253895
0 -107.60206
38.255496
0 -107.60699
38.257864
0 -107.61157
38.260827
0 -107.612717
38.26216
0 -107.612709
38.263587
0 -107.615355
38.268971
0 -107.614725
38.270107
0 -107.61708
38.272686
0 -107.617137
38.27545
0 -107.619937
38.275272
0 -107.623165
38.279028
0 -107.624477
38.279711
0 -107.625269
38.283032
0 -107.626557
38.28597
0 -107.629236
38.287861
0 -107.629385
38.290327
0 -107.630083
38.292292
0 -107.629625
38.294157
0 -107.631236
38.295205
0 -107.631699
38.297259
0 -107.633986
38.300031
0 -107.63504
38.301896
0 -107.634993
38.303993
0 -107.633723
38.306467
0 -107.632988
38.309518
0 -107.634777
38.311155
0 -107.636498
38.316307
0 -107.635745
38.31827
0 -107.633747
38.320481
0 -107.633666
38.322127
0 -107.630962
38.325679
0 -107.63234
38.326866
0 -107.633987
38.330213
0 -107.635423
38.330924
0 -107.635697
38.332148
0 -107.770775
38.332238
0 -107.783127
38.332232
0 -107.856089
38.332214
0 -107.866597
38.332205
0 -107.875618
38.332778
0 -108.000622
38.332495
0 -108.011681
38.331961
0 -108.13238
38.331573
0 