-85.076118
38.578895
0 -85.07593
38.578018
0 -85.073151
38.573967
0 -85.066787
38.567064
0 -85.062961
38.564532
0 -85.059544
38.564745
0 -85.05308
38.568855
0 -85.04264
38.573862
0 -85.040913
38.574162
0 -85.038736
38.573454
0 -85.035698
38.571588
0 -85.03199
38.569841
0 -85.025146
38.567477
0 -85.017035
38.563862
0 -85.011897
38.562608
0 -85.009185
38.561124
0 -85.006662
38.557523
0 -85.00264
38.554011
0 -85.002185
38.553193
0 -85.002707
38.55212
0 -85.005143
38.550801
0 -85.007761
38.550251
0 -85.011485
38.548661
0 -85.012303
38.54781
0 -85.012866
38.545634
0 -85.012892
38.540593
0 -85.014111
38.537392
0 -85.01854
38.531709
0 -85.021317
38.528711
0 -85.025295
38.523448
0 -85.02708
38.517535
0 -85.029183
38.513565
0 -85.029888
38.510765
0 -85.029154
38.507901
0 -85.028578
38.506657
0 -85.026493
38.505297
0 -85.022289
38.504024
0 -85.019245
38.503918
0 -85.017363
38.504751
0 -85.013695
38.508348
0 -85.007173
38.513923
0 -85.003279
38.516073
0 -85.00048
38.517048
0 -84.995602
38.518055
0 -84.990871
38.518397
0 -84.985026
38.518405
0 -84.981156
38.517757
0 -84.979072
38.516329
0 -84.977261
38.513937
0 -84.977166
38.512989
0 -84.98038
38.509625
0 -84.983394
38.506978
0 -84.987936
38.502515
0 -84.989521
38.500519
0 -84.992159
38.495293
0 -84.992419
38.493274
0 -84.991422
38.489347
0 -84.988781
38.487085
0 -84.978759
38.484804
0 -84.976096
38.483901
0 -84.96844
38.480777
0 -84.96573
38.479343
0 -84.960416
38.475732
0 -84.956842
38.473646
0 -84.955507
38.472389
0 -84.953565
38.468836
0 -84.952147
38.465009
0 -84.951452
38.460022
0 -84.95181
38.456992
0 -84.955195
38.452203
0 -84.955748
38.450749
0 -84.955966
38.44795
0 -84.956986
38.44526
0 -84.961051
38.440497
0 -84.963226
38.437059
0 -84.962687
38.435794
0 -84.957041
38.429897
0 -84.954397
38.427837
0 -84.949835
38.42618
0 -84.944294
38.426295
0 -84.939253
38.427797
0 -84.937978
38.429117
0 -84.937531
38.431817
0 -84.938347
38.447056
0 -84.938189
38.450414
0 -84.936237
38.455101
0 -84.935123
38.456681
0 -84.932548
38.45919
0 -84.928986
38.461993
0 -84.924695
38.464124
0 -84.922642
38.464538
0 -84.917914
38.463099
0 -84.914874
38.461824
0 -84.91223
38.459844
0 -84.911187
38.458397
0 -84.909628
38.454859
0 -84.908995
38.451546
0 -84.909846
38.449384
0 -84.911557
38.448154
0 -84.916506
38.445624
0 -84.923345
38.442794
0 -84.926656
38.440226
0 -84.928133
38.436278
0 -84.92794
38.434513
0 -84.926611
38.432098
0 -84.924715
38.431176
0 -84.916424
38.430799
0 -84.912014
38.428288
0 -84.910223
38.427716
0 -84.899039
38.425677
0 -84.895832
38.424854
0 -84.882153
38.420142
0 -84.880258
38.419049
0 -84.880248
38.41618
0 -84.882316
38.413
0 -84.88431
38.410977
0 -84.886372
38.408207
0 -84.888485
38.401996
0 -84.889601
38.400223
0 -84.89273
38.397179
0 -84.894788
38.39459
0 -84.897591
38.389558
0 -84.897422
38.38623
0 -84.897654
38.383491
0 -84.89859
38.381029
0 -84.898649
38.378967
0 -84.897367
38.377119
0 -84.894369
38.375308
0 -84.884884
38.374363
0 -84.879261
38.373598
0 -84.875864
38.372857
0 -84.871231
38.370989
0 -84.86835
38.368643
0 -84.866981
38.36545
0 -84.867062
38.361992
0 -84.868681
38.357646
0 -84.870482
38.356751
0 -84.859597
38.356611
0 -84.857762
38.357055
0 -84.855189
38.355499
0 -84.849315
38.354697
0 -84.839909
38.35626
0 -84.838628
38.356957
0 -84.8368
38.355963
0 -84.836335
38.354522
0 -84.834323
38.353084
0 -84.83274
38.352815
0 -84.832059
38.350751
0 -84.830198
38.350813
0 -84.827689
38.349587
0 -84.827782
38.348533
0 -84.824089
38.348303
0 -84.821853
38.349599
0 -84.818451
38.347792
0 -84.815898
38.347962
0 -84.81509
38.349636
0 -84.812504
38.34993
0 -84.8104
38.348855
0 -84.808762
38.349306
0 -84.806423
38.348303
0 -84.804671
38.346643
0 -84.803387
38.346827
0 -84.801712
38.344409
0 -84.800051
38.344164
0 -84.798533
38.343007
0 -84.796721
38.340223
0 -84.793412
38.338669
0 -84.746226
38.349481
0 -84.740594
38.352415
0 -84.706066
38.370062
0 -84.681555
38.390157
0 -84.64946
38.416567
0 -84.624376
38.430627
0 -84.623583
38.431191
0 -84.580539
38.473039
0 -84.600769
38.481028
0 -84.60356
38.481072
0 -84.605287
38.480535
0 -84.607616
38.481826
0 -84.609816
38.48243
0 -84.61238
38.481212
0 -84.6175
38.480883
0 -84.621078
38.481677
0 -84.624606
38.484213
0 -84.626651
38.485132
0 -84.627493
38.486501
0 -84.627286
38.48761
0 -84.628437
38.491395
0 -84.630239
38.493387
0 -84.633563
38.495022
0 -84.633952
38.497953
0 -84.635649
38.500439
0 -84.636163
38.502841
0 -84.639003
38.505706
0 -84.641779
38.506856
0 -84.643734
38.508413
0 -84.642152
38.509724
0 -84.642606
38.51191
0 -84.642287
38.513854
0 -84.645115
38.513262
0 -84.650051
38.515294
0 -84.649345
38.517167
0 -84.647896
38.518904
0 -84.644642
38.519592
0 -84.646197
38.520776
0 -84.649487
38.520955
0 -84.652079
38.523516
0 -84.653819
38.52319
0 -84.655497
38.524508
0 -84.652895
38.526362
0 -84.653134
38.527795
0 -84.654343
38.528508
0 -84.658157
38.52908
0 -84.658155
38.530165
0 -84.65697
38.532016
0 -84.657752
38.53282
0 -84.661789
38.532851
0 -84.663683
38.531006
0 -84.666945
38.531751
0 -84.667328
38.529263
0 -84.668143
38.527761
0 -84.670066
38.526686
0 -84.671469
38.527435
0 -84.671773
38.530752
0 -84.674574
38.532033
0 -84.672297
38.533516
0 -84.671479
38.534712
0 -84.671867
38.536764
0 -84.670379
38.537212
0 -84.669591
38.536286
0 -84.667716
38.53565
0 -84.666336
38.536032
0 -84.669259
38.539907
0 -84.669306
38.540759
0 -84.666145
38.542881
0 -84.665457
38.543453
0 -84.66782
38.545532
0 -84.670729
38.545315
0 -84.675152
38.546146
0 -84.674856
38.547817
0 -84.679296
38.551279
0 -84.677529
38.553492
0 -84.678137
38.556014
0 -84.675776
38.554751
0 -84.674127
38.555119
0 -84.674505
38.557942
0 -84.678639
38.559493
0 -84.680764
38.559701
0 -84.738447
38.595701
0 -84.774322
38.618594
0 -84.776476
38.637675
0 -84.785788
38.720459
0 -84.786543
38.722721
0 -84.787953
38.723847
0 -84.790624
38.723564
0 -84.793642
38.724626
0 -84.794516
38.724259
0 -84.796215
38.721512
0 -84.795829
38.719982
0 -84.797244
38.718783
0 -84.798246
38.716689
0 -84.799612
38.715507
0 -84.802176
38.714465
0 -84.805233
38.714671
0 -84.807878
38.713757
0 -84.808343
38.712328
0 -84.813114
38.711976
0 -84.815334
38.709959
0 -84.816185
38.707398
0 -84.8142
38.706288
0 -84.810173
38.704821
0 -84.810314
38.703558
0 -84.811845
38.702307
0 -84.814971
38.70218
0 -84.819102
38.70318
0 -84.820088
38.703339
0 -84.823974
38.705248
0 -84.8253
38.70609
0 -84.825224
38.707116
0 -84.827521
38.708276
0 -84.830512
38.711481
0 -84.831576
38.71173
0 -84.833243
38.712031
0 -84.834826
38.711335
0 -84.835535
38.708591
0 -84.837352
38.707566
0 -84.83766
38.706599
0 -84.839505
38.705258
0 -84.840695
38.705181
0 -84.842158
38.703082
0 -84.84296
38.698992
0 -84.844734
38.696818
0 -84.845686
38.696506
0 -84.847797
38.697356
0 -84.853907
38.69755
0 -84.85824
38.699318
0 -84.858533
38.700576
0 -84.859745
38.700891
0 -84.864129
38.700187
0 -84.86535
38.700629
0 -84.86901
38.699745
0 -84.870541
38.698394
0 -84.870978
38.692844
0 -84.872053
38.689799
0 -84.877106
38.686656
0 -84.880329
38.68529
0 -84.882106
38.68498
0 -84.885704
38.688082
0 -84.888102
38.687346
0 -84.8886
38.6864
0 -84.888917
38.683211
0 -84.88814
38.678129
0 -84.889989
38.67636
0 -84.890939
38.676166
0 -84.892181
38.676634
0 -84.89498
38.678701
0 -84.895973
38.678815
0 -84.899908
38.678282
0 -84.904134
38.678497
0 -84.905248
38.676958
0 -84.905295
38.674828
0 -84.904417
38.672957
0 -84.904518
38.670719
0 -84.905579
38.669364
0 -84.908352
38.669424
0 -84.911569
38.668669
0 -84.913137
38.668769
0 -84.918362
38.670065
0 -84.921288
38.670433
0 -84.923508
38.672774
0 -84.925431
38.673417
0 -84.927723
38.671578
0 -84.927495
38.670669
0 -84.93072
38.66764
0 -84.932366
38.666556
0 -84.933684
38.663241
0 -84.934536
38.66213
0 -84.93441
38.65969
0 -84.936623
38.657535
0 -84.937733
38.654424
0 -84.936589
38.652092
0 -84.936982
38.650827
0 -84.94602
38.650406
0 -84.94964
38.649055
0 -84.951171
38.64892
0 -84.95486
38.653256
0 -84.957326
38.653673
0 -84.960288
38.650755
0 -84.963888
38.650746
0 -84.965732
38.649777
0 -84.969888
38.648732
0 -84.970108
38.646501
0 -84.968916
38.645742
0 -84.969638
38.644349
0 -84.97092
38.643646
0 -84.971102
38.641518
0 -84.974623
38.636619
0 -84.975966
38.635628
0 -84.977866
38.635467
0 -84.980898
38.637146
0 -84.982017
38.637098
0 -84.985584
38.633149
0 -84.990109
38.631042
0 -84.9922
38.630749
0 -84.996471
38.632169
0 -85.001504
38.633197
0 -85.002687
38.634127
0 -85.006008
38.634067
0 -85.009549
38.632796
0 -85.011142
38.631978
0 -85.015006
38.632386
0 -85.015787
38.632138
0 -85.016993
38.629708
0 -85.01648
38.628067
0 -85.012705
38.625249
0 -85.01226
38.623782
0 -85.01294
38.622389
0 -85.014455
38.621462
0 -85.016853
38.620816
0 -85.019375
38.620773
0 -85.021091
38.620163
0 -85.022037
38.618872
0 -85.0243
38.614202
0 -85.025374
38.613373
0 -85.02762
38.612798
0 -85.03595
38.611285
0 -85.037996
38.611378
0 -85.04036
38.610534
0 -85.043103
38.611148
0 -85.044155
38.611932
0 -85.04527
38.614393
0 -85.047378
38.614909
0 -85.049034
38.614446
0 -85.051558
38.61224
0 -85.054189
38.611468
0 -85.056974
38.611672
0 -85.059846
38.611022
0 -85.062119
38.607698
0 -85.06362
38.606538
0 -85.068487
38.604226
0 -85.06781
38.602282
0 -85.063912
38.600046
0 -85.063812
38.599035
0 -85.066659
38.597402
0 -85.066468
38.594483
0 -85.067446
38.593747
0 -85.068487
38.593827
0 -85.071681
38.596237
0 -85.074583
38.596838
0 -85.074117
38.594006
0 -85.075321
38.588619
0 -85.075781
38.585423
0 -85.076118
38.578895
0 