-117.027001
43.621032
0 -117.026937
43.617614
0 -117.026789
43.610669
0 -117.02676
43.601912
0 -117.026824
43.600357
0 -117.026889
43.596033
0 -117.026922
43.593632
0 -117.026774
43.578674
0 -117.026746
43.577526
0 -117.026745350468
43.5737089790098
0 -117.026743821013
43.5647210211312
0 -117.02674059016
43.5457346710279
0 -117.026719331236
43.420805024449
0 -117.026701376309
43.3152915591549
0 -117.026652
43.025128
0 -117.026683
43.024876
0 -117.026253
42.807447
0 -117.026303
42.80717
0 -117.026331
42.807015
0 -117.026665
42.624878
0 -117.026631374451
42.5522229216117
0 -117.026575021601
42.4304607260049
0 -117.026551
42.378557
0 -117.026129
42.357193
0 -117.026195
42.166404
0 -117.02659
42.133258
0 -117.026098
42.117647
0 -117.026197
41.99989
0 -117.018294
41.999358
0 -117.009255
41.998127
0 -116.969156
41.998991
0 -116.862274527007
41.9986036012513
0 -116.62677
41.99775
0 -116.625947
41.997379
0 -116.586937
41.99737
0 -116.582217
41.997834
0 -116.525319
41.997558
0 -116.510452
41.997096
0 -116.501741
41.997334
0 -116.499777
41.99674
0 -116.485823
41.996861
0 -116.483094
41.996885
0 -116.463528
41.996547
0 -116.37817904436
41.9963081486354
0 -116.368478
41.996281
0 -116.332763
41.997283
0 -116.163931
41.997555
0 -116.160833
41.997508
0 -116.038602
41.99746
0 -116.03857
41.997413
0 -116.030754
41.997399
0 -116.030758
41.997383
0 -116.01896
41.997762
0 -116.018945
41.997722
0 -116.012219
41.998048
0 -116.012212
41.998035
0 -115.98688
41.998534
0 -115.887612
41.998048
0 -115.879596
41.997891
0 -115.870181
41.996766
0 -115.733220610812
41.9971298939872
0 -115.711103055967
41.9971886587532
0 -115.625914
41.997415
0 -115.586849
41.996884
0 -115.56997503799
41.996835721919
0 -115.313877
41.996103
0 -115.254333
41.996721
0 -115.250795
41.996156
0 -115.038255996474
41.9960123742054
0 -115.037829
42.202404
0 -115.037868
42.245604
0 -115.037861
42.301361
0 -115.037854
42.458979
0 -115.03731
42.468325
0 -115.037575
42.579123
0 -115.037369
42.624817
0 -115.037562
42.628859
0 -115.037694
42.682433
0 -115.03755
42.748562
0 -115.037694
42.749936
0 -115.037716
42.76848
0 -115.454314
42.767732
0 -115.454328
42.826741
0 -115.454456
42.851137
0 -115.441512
42.851104
0 -115.44157
42.930904
0 -115.447262
42.93032
0 -115.451069
42.928783
0 -115.455624
42.928245
0 -115.459712
42.928864
0 -115.462882
42.928772
0 -115.465875
42.928227
0 -115.474188
42.927722
0 -115.484078
42.929788
0 -115.485656
42.929528
0 -115.488674
42.928039
0 -115.492353
42.926871
0 -115.497201
42.926463
0 -115.500908
42.927352
0 -115.509175
42.931634
0 -115.51034
42.933844
0 -115.515529
42.937339
0 -115.519704
42.938875
0 -115.524151
42.93966
0 -115.528202
42.941469
0 -115.532606
42.942408
0 -115.535079
42.942569
0 -115.53941
42.942298
0 -115.551145
42.940582
0 -115.556154
42.938749
0 -115.559234
42.935202
0 -115.56063
42.934679
0 -115.563434
42.934865
0 -115.567555
42.934559
0 -115.570205
42.935729
0 -115.579739
42.937182
0 -115.584413
42.936532
0 -115.585855
42.936879
0 -115.593526
42.936779
0 -115.597611
42.937811
0 -115.60074
42.9372
0 -115.60373
42.937249
0 -115.604943
42.93841
0 -115.606959
42.941963
0 -115.609967
42.944231
0 -115.611361
42.945909
0 -115.61229
42.949746
0 -115.614403
42.951759
0 -115.618766
42.953446
0 -115.624025
42.956299
0 -115.629847
42.956488
0 -115.638068
42.955793
0 -115.641066
42.95536
0 -115.64678
42.953664
0 -115.649207
42.952604
0 -115.656742
42.947869
0 -115.658257
42.947671
0 -115.663861
42.945201
0 -115.671823
42.943391
0 -115.681088
42.942181
0 -115.687483
42.94023
0 -115.691976
42.939458
0 -115.696011
42.939286
0 -115.704629
42.939679
0 -115.708071
42.939551
0 -115.719459
42.940116
0 -115.723432
42.940522
0 -115.727872
42.938748
0 -115.731619
42.938791
0 -115.73334
42.939544
0 -115.738214
42.942889
0 -115.740118
42.943079
0 -115.743874
42.941655
0 -115.749381
42.938352
0 -115.754453
42.937694
0 -115.761139
42.939323
0 -115.76991
42.938948
0 -115.772058
42.939499
0 -115.781537
42.943659
0 -115.787325
42.944712
0 -115.790955
42.9459
0 -115.796031
42.948926
0 -115.796007
42.952027
0 -115.794711
42.953338
0 -115.787555
42.959193
0 -115.785919
42.961519
0 -115.786159
42.962872
0 -115.788033
42.964736
0 -115.7885
42.969046
0 -115.789639
42.971133
0 -115.791273
42.972585
0 -115.793499
42.973241
0 -115.806203
42.973884
0 -115.810065
42.973912
0 -115.815967
42.972944
0 -115.822823
42.973394
0 -115.826718
42.973422
0 -115.831206
42.973016
0 -115.834157
42.97235
0 -115.838787
42.970727
0 -115.843943
42.969853
0 -115.848363
42.970018
0 -115.853487
42.971665
0 -115.856296
42.972948
0 -115.861771
42.974595
0 -115.86436
42.974694
0 -115.866159
42.97625
0 -115.867895
42.982695
0 -115.869739
42.984299
0 -115.878624
42.989103
0 -115.885786
42.988114
0 -115.889233
42.986893
0 -115.893281
42.983401
0 -115.89642
42.982277
0 -115.903238
42.981891
0 -115.906885
42.982468
0 -115.916669
42.986439
0 -115.917649
42.988181
0 -115.916725
42.991864
0 -115.91805
42.995259
0 -115.921801
42.997448
0 -115.926546
43.001526
0 -115.930258
43.001889
0 -115.933147
43.001404
0 -115.936428
43.001415
0 -115.939278
42.999893
0 -115.942438
42.9961
0 -115.944349
42.994925
0 -115.947158
42.99392
0 -115.953553
42.992685
0 -115.956641
42.990116
0 -115.960491
42.989168
0 -115.962094
42.988315
0 -115.963908
42.986568
0 -115.967035
42.981887
0 -115.967896
42.979711
0 -115.967366
42.977381
0 -115.96772
42.976011
0 -115.97114
42.972281
0 -115.971571
42.971016
0 -115.970788
42.968742
0 -115.967798
42.964532
0 -115.967287
42.963137
0 -115.962059
42.956588
0 -115.960975
42.952975
0 -115.961209
42.952103
0 -115.96143
42.951025
0 -115.962749
42.949672
0 -115.964999
42.944297
0 -115.965669
42.943725
0 -115.977283
42.946957
0 -115.980009
42.947713
0 -115.993878
42.948692
0 -115.99855
42.948221
0 -116.002266
42.949015
0 -116.007768
42.949283
0 -116.012092
42.949917
0 -116.01349
42.950505
0 -116.021036
42.955253
0 -116.023221
42.957474
0 -116.02751
42.959891
0 -116.031607
42.961677
0 -116.035138
42.965574
0 -116.035791
42.966884
0 -116.036201
42.968363
0 -116.039776
42.973802
0 -116.043762
42.978574
0 -116.045331
42.97996
0 -116.048588
42.984195
0 -116.053041
42.98725
0 -116.059179
42.987826
0 -116.062657
42.987745
0 -116.069786
42.986484
0 -116.074737
42.985957
0 -116.076535
42.986062
0 -116.078854
42.986983
0 -116.0868
42.987937
0 -116.09068
42.987828
0 -116.093196
42.991567
0 -116.096584
42.995372
0 -116.097258
42.995762
0 -116.099418
42.996504
0 -116.10294
42.998586
0 -116.109336
43.00446
0 -116.112902
43.008759
0 -116.115497
43.010932
0 -116.118036
43.012541
0 -116.125929
43.014914
0 -116.130292
43.01509
0 -116.132673
43.014767
0 -116.138576
43.013248
0 -116.144175
43.013438
0 -116.14623
43.014187
0 -116.148858
43.015893
0 -116.149739
43.01719
0 -116.149679
43.019631
0 -116.148641
43.021622
0 -116.145342
43.024025
0 -116.141921
43.025984
0 -116.140299
43.02775
0 -116.139613
43.029933
0 -116.139705
43.031803
0 -116.141535
43.034565
0 -116.145978
43.037391
0 -116.148749
43.038751
0 -116.153748
43.039674
0 -116.15814
43.03947
0 -116.165001
43.038144
0 -116.169911
43.037874
0 -116.173793
43.039805
0 -116.176887
43.042509
0 -116.17914
43.042935
0 -116.183534
43.04318
0 -116.190063
43.044971
0 -116.195994
43.047987
0 -116.200621
43.048917
0 -116.205522
43.052706
0 -116.205842
43.056501
0 -116.206848
43.061817
0 -116.20791
43.06375
0 -116.208039
43.065877
0 -116.207422
43.068665
0 -116.205254
43.071498
0 -116.196701
43.077152
0 -116.192821
43.080178
0 -116.192044
43.081355
0 -116.192195
43.084118
0 -116.197051
43.086482
0 -116.202948
43.09185
0 -116.204634
43.092894
0 -116.210025
43.094419
0 -116.21799
43.096102
0 -116.223126
43.09666
0 -116.232355
43.09548
0 -116.235046
43.094816
0 -116.238455
43.095069
0 -116.241023
43.096951
0 -116.243148
43.097818
0 -116.250938
43.099847
0 -116.25329
43.100029
0 -116.265035
43.105263
0 -116.266902
43.106557
0 -116.267466
43.10816
0 -116.266184
43.111715
0 -116.266168
43.112553
0 -116.266147
43.113729
0 -116.268018
43.116562
0 -116.269401
43.117486
0 -116.271757
43.117877
0 -116.279223
43.119733
0 -116.284253
43.119986
0 -116.299488
43.119115
0 -116.30316
43.119929
0 -116.306244
43.121365
0 -116.308225
43.123649
0 -116.310064
43.126855
0 -116.312279
43.135834
0 -116.315087
43.140153
0 -116.316739
43.142228
0 -116.319356
43.144261
0 -116.322291
43.145457
0 -116.329914
43.147566
0 -116.332751
43.149583
0 -116.332551
43.15285
0 -116.333994
43.159102
0 -116.335119
43.16104
0 -116.338399
43.163531
0 -116.340993
43.164437
0 -116.343585
43.16474
0 -116.351251
43.165051
0 -116.35367
43.166191
0 -116.355519
43.167726
0 -116.356941
43.169728
0 -116.360545
43.173441
0 -116.363889
43.175408
0 -116.365266
43.17667
0 -116.366738
43.180329
0 -116.370592
43.183551
0 -116.375776
43.185248
0 -116.380121
43.187335
0 -116.385964
43.193445
0 -116.386188
43.194557
0 -116.385615
43.197251
0 -116.382621
43.205382
0 -116.383884
43.208901
0 -116.384456
43.215312
0 -116.383192
43.218759
0 -116.381258
43.222656
0 -116.376391
43.230443
0 -116.376173
43.232271
0 -116.377268
43.239835
0 -116.378132
43.241445
0 -116.381452
43.244236
0 -116.385042
43.249887
0 -116.386523
43.250625
0 -116.388408
43.253257
0 -116.389757
43.254364
0 -116.396661
43.257554
0 -116.40011
43.259641
0 -116.402809
43.261999
0 -116.40342
43.263418
0 -116.402352
43.265623
0 -116.402716
43.268073
0 -116.402494
43.271028
0 -116.40313
43.27422
0 -116.406171
43.276845
0 -116.406606
43.278312
0 -116.405819
43.279277
0 -116.406199
43.280647
0 -116.409962
43.28428
0 -116.412331
43.285025
0 -116.414529
43.28578
0 -116.417075
43.288427
0 -116.42187
43.290854
0 -116.423427
43.292807
0 -116.42796
43.294701
0 -116.429283
43.294591
0 -116.433111
43.296436
0 -116.440564
43.296056
0 -116.442476
43.294674
0 -116.447366
43.292677
0 -116.450587
43.291983
0 -116.455547
43.291774
0 -116.456838
43.291342
0 -116.462031
43.290682
0 -116.465447
43.290769
0 -116.468277
43.291354
0 -116.472477
43.291353
0 -116.477528
43.290056
0 -116.480736
43.28986
0 -116.489679
43.287875
0 -116.491323
43.28733
0 -116.494304
43.285505
0 -116.497596
43.28253
0 -116.499856
43.281985
0 -116.501505
43.282168
0 -116.501838
43.283488
0 -116.506806
43.2865
0 -116.50855
43.286911
0 -116.511722
43.290253
0 -116.514872
43.293439
0 -116.518177
43.295924
0 -116.521382
43.297849
0 -116.524418
43.298286
0 -116.528672
43.298346
0 -116.531599
43.29904
0 -116.533564
43.29841
0 -116.535909
43.298374
0 -116.539708
43.299191
0 -116.544175
43.300569
0 -116.551474
43.299194
0 -116.560932
43.302479
0 -116.566915
43.303358
0 -116.570842
43.304706
0 -116.572809
43.30444
0 -116.578003
43.305577
0 -116.579565
43.306253
0 -116.581581
43.309013
0 -116.582417
43.312544
0 -116.583362
43.313256
0 -116.583344
43.31547
0 -116.58452
43.317123
0 -116.586902
43.319106
0 -116.588807
43.321729
0 -116.59387
43.32754
0 -116.595607
43.328038
0 -116.598875
43.330339
0 -116.600183
43.332708
0 -116.600059
43.337984
0 -116.602629
43.342884
0 -116.603805
43.346123
0 -116.605704
43.348587
0 -116.607428
43.352037
0 -116.608625
43.353407
0 -116.612003
43.355545
0 -116.615968
43.361177
0 -116.617972
43.365402
0 -116.622442
43.369966
0 -116.623585
43.370523
0 -116.630551
43.372299
0 -116.632987
43.374212
0 -116.640216
43.377758
0 -116.645803
43.377088
0 -116.650643
43.379078
0 -116.657056
43.382917
0 -116.661734
43.38523
0 -116.667292
43.386863
0 -116.671187
43.390918
0 -116.673423
43.396421
0 -116.675615
43.398572
0 -116.676323
43.40027
0 -116.677989
43.402145
0 -116.680146
43.403358
0 -116.682151
43.403827
0 -116.686144
43.407446
0 -116.688363
43.408671
0 -116.692694
43.409896
0 -116.698243
43.414396
0 -116.701463
43.416302
0 -116.703775
43.4195
0 -116.710376
43.424108
0 -116.713474
43.42578
0 -116.716988
43.430236
0 -116.718919
43.432358
0 -116.724618
43.435743
0 -116.727908
43.436448
0 -116.728932
43.437266
0 -116.731364
43.441397
0 -116.739612
43.449542
0 -116.741069
43.450487
0 -116.743288
43.454031
0 -116.746164
43.456912
0 -116.7477
43.457993
0 -116.749311
43.458865
0 -116.754016
43.460117
0 -116.757015
43.461636
0 -116.759399
43.463416
0 -116.762905
43.465045
0 -116.764002
43.465946
0 -116.769812
43.4685
0 -116.775871
43.472673
0 -116.777354
43.473162
0 -116.780671
43.477217
0 -116.781009
43.479416
0 -116.780563
43.481792
0 -116.781354
43.487365
0 -116.781528
43.490409
0 -116.78324
43.493476
0 -116.78385
43.497631
0 -116.784994
43.499417
0 -116.783035
43.501356
0 -116.783224
43.504875
0 -116.784581
43.511053
0 -116.784852
43.513728
0 -116.784303
43.516354
0 -116.782142
43.519875
0 -116.780031
43.524724
0 -116.781012
43.527856
0 -116.782553
43.529972
0 -116.784935
43.531841
0 -116.787837
43.53412
0 -116.791286
43.537817
0 -116.793296
43.540976
0 -116.797585
43.545195
0 -116.799911
43.548396
0 -116.80065
43.549417
0 -116.803146
43.55957
0 -116.804497
43.563326
0 -116.810318
43.571433
0 -116.811794
43.573841
0 -116.815386
43.577078
0 -116.827149
43.582951
0 -116.829263
43.583501
0 -116.83208
43.585612
0 -116.83398
43.587634
0 -116.838263
43.591327
0 -116.841895
43.593273
0 -116.848119
43.594524
0 -116.855331
43.594621
0 -116.862408
43.59417
0 -116.867125
43.591926
0 -116.869077
43.591638
0 -116.871218
43.591964
0 -116.871903
43.592184
0 -116.875978
43.594453
0 -116.880453
43.595634
0 -116.886825
43.596646
0 -116.892843
43.597657
0 -116.89534
43.598441
0 -116.902954
43.600624
0 -116.905923
43.600331
0 -116.907408
43.600514
0 -116.91247
43.604117
0 -116.91593
43.608176
0 -116.919847
43.615804
0 -116.923414
43.619172
0 -116.931361
43.62488
0 -116.934873
43.626434
0 -116.937465
43.627169
0 -116.946237
43.631844
0 -116.952337
43.633634
0 -116.956131
43.635912
0 -116.958833
43.639514
0 -116.960495
43.64278
0 -116.962312
43.646199
0 -116.963819
43.649618
0 -116.964031
43.652863
0 -116.963357
43.65541
0 -116.963729
43.661166
0 -116.965322
43.663716
0 -116.968605
43.667791
0 -116.973156
43.67027
0 -116.979207
43.671871
0 -116.991641
43.671406
0 -116.993336
43.671431
0 -116.998766
43.672567
0 -117.004934
43.672842
0 -117.012124
43.674957
0 -117.016965
43.676591
0 -117.022556
43.678785
0 -117.026623426768
43.6808645315467
0 -117.026717
43.675523
0 -117.026661
43.664385
0 -117.026705
43.631659
0 -117.026905
43.62488
0 -117.027001
43.621032
0 