-71.080003
45.306987
0 -71.083924
45.305451
0 -71.076914
45.246912
0 -71.0726
45.180935
0 -71.069387
45.144037
0 -71.0597451777294
45.0148488393083
0 -71.059004
45.004918
0 -71.057861
45.000049
0 -71.0571595144334
44.9906293037298
0 -71.0558882489945
44.973558483054
0 -71.052707
44.93084
0 -71.049434503081
44.8960076580886
0 -71.0463842319086
44.8635406791947
0 -71.044646
44.845039
0 -71.0433321925281
44.8285552135486
0 -71.0392918474297
44.7778627131499
0 -71.037518
44.755607
0 -71.036705
44.736498
0 -71.0348468118307
44.70991961246
0 -71.0310559784326
44.6556978491196
0 -71.031039
44.655455
0 -71.0290060843815
44.6103329910633
0 -71.026655
44.558149
0 -71.022992
44.500058
0 -71.020773
44.473737
0 -71.0188882452159
44.4404231753282
0 -71.0174597497479
44.4151739238252
0 -71.015363
44.378113
0 -71.0148948883148
44.3714281717305
0 -71.01275843898
44.3409187925341
0 -71.012749
44.340784
0 -71.01127
44.301846
0 -71.0102643963652
44.2847733583381
0 -71.0095870854908
44.2732743089574
0 -71.008736
44.258825
0 -71.008764
44.258443
0 -71.008567
44.245491
0 -71.0021619977753
44.1106192952439
0 -71.001335
44.093205
0 -71.001367
44.092931
0 -71.0000323470798
44.0692643116122
0 -70.998444
44.041099
0 -70.9975742363815
44.0217179588544
0 -70.9975662146149
44.0215392089212
0 -70.996776734038
44.0039471238777
0 -70.9966112612483
44.0002598749778
0 -70.9948067196432
43.9600490701639
0 -70.9946862935724
43.9573656023985
0 -70.9932512678528
43.9253887618812
0 -70.992842
43.916269
0 -70.992653
43.89624
0 -70.9921761423154
43.8862615253756
0 -70.9917604196723
43.8775623306687
0 -70.989929
43.839239
0 -70.989067
43.79244
0 -70.9890367618669
43.7921536087332
0 -70.987532
43.79291
0 -70.98278
43.79367
0 -70.978836
43.791841
0 -70.974371
43.786354
0 -70.971749
43.785053
0 -70.967183
43.785767
0 -70.965419
43.787782
0 -70.963685
43.787934
0 -70.960505
43.785485
0 -70.957548
43.785123
0 -70.952384
43.786984
0 -70.948862
43.790047
0 -70.947359
43.790952
0 -70.942606
43.792283
0 -70.940864
43.792285
0 -70.93886
43.791162
0 -70.935259
43.789972
0 -70.929441
43.789935
0 -70.927071
43.790299
0 -70.924571
43.791944
0 -70.923607
43.794317
0 -70.921441
43.795877
0 -70.918775
43.796724
0 -70.914562
43.798982
0 -70.912682
43.800909
0 -70.908145
43.801623
0 -70.906163
43.801458
0 -70.899235
43.802313
0 -70.89643
43.803804
0 -70.894326
43.804401
0 -70.890019
43.806729
0 -70.888577
43.80707
0 -70.884509
43.808008
0 -70.882953
43.809942
0 -70.880657
43.810858
0 -70.878988
43.810678
0 -70.876515
43.808576
0 -70.873376
43.808227
0 -70.870441
43.807024
0 -70.865756
43.806477
0 -70.864311
43.808024
0 -70.861435
43.807297
0 -70.860894
43.806387
0 -70.861682
43.804912
0 -70.855775
43.805413
0 -70.852593
43.804735
0 -70.850412
43.80636
0 -70.845744
43.807574
0 -70.843334
43.807606
0 -70.842885
43.809071
0 -70.841207
43.809894
0 -70.834008
43.809496
0 -70.829685
43.808683
0 -70.828133
43.806885
0 -70.826482
43.806767
0 -70.82493
43.807629
0 -70.821334
43.807435
0 -70.819356
43.809708
0 -70.816014
43.811351
0 -70.813992
43.811432
0 -70.81217
43.810745
0 -70.812115
43.808626
0 -70.810119
43.807631
0 -70.810032
43.809631
0 -70.808856
43.810239
0 -70.807075
43.809808
0 -70.80556
43.808275
0 -70.804079
43.808049
0 -70.802013
43.809438
0 -70.799272
43.807775
0 -70.798652
43.806281
0 -70.796543
43.806571
0 -70.798244
43.808584
0 -70.797442
43.809708
0 -70.794619
43.810176
0 -70.791669
43.812874
0 -70.787786
43.814254
0 -70.786063
43.813457
0 -70.782984
43.814147
0 -70.78346
43.817436
0 -70.781553
43.822873
0 -70.781647
43.82356
0 -70.785564
43.828798
0 -70.787126
43.832604
0 -70.789488
43.833599
0 -70.792437
43.833184
0 -70.794289
43.834257
0 -70.794721
43.835441
0 -70.794655
43.841409
0 -70.793392
43.844422
0 -70.792214
43.846088
0 -70.792734
43.847854
0 -70.795466
43.850134
0 -70.795112
43.852161
0 -70.799259
43.853757
0 -70.801612
43.856083
0 -70.800595
43.857604
0 -70.79845
43.858496
0 -70.795993
43.858274
0 -70.794033
43.857431
0 -70.793106
43.857748
0 -70.792945
43.85924
0 -70.796316
43.861221
0 -70.798193
43.863304
0 -70.781503
43.873879
0 -70.780492
43.868231
0 -70.766288
43.877239
0 -70.765288
43.871538
0 -70.743878
43.885849
0 -70.749827
43.885789
0 -70.749675
43.887588
0 -70.752063
43.888695
0 -70.754509
43.888464
0 -70.756855
43.89979
0 -70.757717
43.9011
0 -70.757112
43.905305
0 -70.757934
43.906864
0 -70.754488
43.909523
0 -70.752506
43.912178
0 -70.752483
43.914006
0 -70.72978
43.92833
0 -70.747507
43.945901
0 -70.715418
43.961815
0 -70.78176
44.031394
0 -70.782979
44.030605
0 -70.791679
44.02874
0 -70.791214
44.029158
0 -70.791705
44.031324
0 -70.792601
44.032431
0 -70.792864
44.033867
0 -70.792357
44.037594
0 -70.793246
44.039224
0 -70.792531
44.04014
0 -70.848077
44.049522
0 -70.855387
44.056686
0 -70.858452
44.05964
0 -70.857959
44.0604
0 -70.859112
44.064118
0 -70.858224
44.06559
0 -70.860095
44.068738
0 -70.859249
44.070273
0 -70.860983
44.071762
0 -70.86094
44.074675
0 -70.861705
44.075982
0 -70.861319
44.077226
0 -70.865454
44.078468
0 -70.866583
44.079706
0 -70.864681
44.081938
0 -70.862877
44.086312
0 -70.860836
44.085521
0 -70.859151
44.085922
0 -70.857804
44.088042
0 -70.857706
44.091897
0 -70.858756
44.093446
0 -70.857885
44.094271
0 -70.858546
44.095269
0 -70.821803
44.077089
0 -70.739974
44.119405
0 -70.734875
44.12191
0 -70.699501
44.139197
0 -70.69592
44.134217
0 -70.670903
44.147558
0 -70.624329
44.171036
0 -70.60797
44.154108
0 -70.607383
44.154404
0 -70.60454
44.154124
0 -70.601506
44.152398
0 -70.601024
44.150419
0 -70.599997
44.149385
0 -70.598661
44.149768
0 -70.596525
44.145526
0 -70.599068
44.143969
0 -70.597826
44.142636
0 -70.596181
44.144541
0 -70.595061
44.144831
0 -70.594473
44.142939
0 -70.595844
44.14193
0 -70.595482
44.140216
0 -70.594334
44.139088
0 -70.595499
44.137316
0 -70.5936
44.134988
0 -70.592175
44.134603
0 -70.592334
44.133453
0 -70.589972
44.132815
0 -70.590984
44.130361
0 -70.590732
44.129221
0 -70.59205
44.128991
0 -70.588241
44.123768
0 -70.587233
44.124097
0 -70.587331
44.122516
0 -70.588954
44.122376
0 -70.590676
44.120556
0 -70.59148
44.118362
0 -70.594058
44.117002
0 -70.595757
44.114386
0 -70.598941
44.112031
0 -70.599522
44.110484
0 -70.602243
44.107624
0 -70.602642
44.10471
0 -70.604909
44.10313
0 -70.606173
44.101293
0 -70.605755
44.09872
0 -70.604253
44.098264
0 -70.604219
44.096914
0 -70.605187
44.095892
0 -70.606673
44.095709
0 -70.605427
44.094587
0 -70.604676
44.091852
0 -70.605523
44.089823
0 -70.603009
44.088593
0 -70.604422
44.087066
0 -70.605827
44.083989
0 -70.605574
44.082498
0 -70.606731
44.08078
0 -70.609067
44.079005
0 -70.60895
44.07677
0 -70.608173
44.07435
0 -70.611904
44.070625
0 -70.60894
44.069446
0 -70.608871
44.067727
0 -70.610383
44.066917
0 -70.612232
44.067049
0 -70.613507
44.066383
0 -70.611791
44.065309
0 -70.61265
44.062807
0 -70.613834
44.063056
0 -70.613882
44.061845
0 -70.610386
44.060814
0 -70.609236
44.058476
0 -70.609447
44.05529
0 -70.606992
44.053483
0 -70.607949
44.051863
0 -70.606879
44.050824
0 -70.603675
44.050239
0 -70.604404
44.048734
0 -70.603634
44.04644
0 -70.604444
44.044309
0 -70.602975
44.044505
0 -70.602226
44.043264
0 -70.603669
44.042505
0 -70.603633
44.041453
0 -70.597464
44.039329
0 -70.598416
44.038311
0 -70.595415
44.035675
0 -70.592631
44.035057
0 -70.595724
44.033537
0 -70.59459
44.03281
0 -70.595631
44.032057
0 -70.5937
44.032048
0 -70.592858
44.031078
0 -70.594681
44.031179
0 -70.59187
44.029427
0 -70.591223
44.030331
0 -70.590966
44.027711
0 -70.589744
44.028277
0 -70.589849
44.026893
0 -70.588439
44.025697
0 -70.583592
44.022996
0 -70.581645
44.022312
0 -70.584793
44.021318
0 -70.582591
44.018693
0 -70.581463
44.018236
0 -70.578709
44.017018
0 -70.575643
44.016583
0 -70.57452
44.015617
0 -70.57237
44.016304
0 -70.563851
44.024992
0 -70.555888
44.016251
0 -70.554836
44.017336
0 -70.544094
44.005647
0 -70.534853
44.015094
0 -70.525655
44.024475
0 -70.511836
44.038547
0 -70.508997
44.041454
0 -70.505239
44.039591
0 -70.502371
44.042568
0 -70.480078
44.032078
0 -70.478441
44.03539
0 -70.480156
44.038181
0 -70.480928
44.040296
0 -70.481459
44.043688
0 -70.480131
44.048522
0 -70.479071
44.054077
0 -70.47922
44.055664
0 -70.480146
44.056719
0 -70.48381
44.059003
0 -70.485288
44.060398
0 -70.459741
44.086278
0 -70.451157
44.094549
0 -70.428822
44.116717
0 -70.420719
44.124983
0 -70.419714
44.125821
0 -70.401809
44.143657
0 -70.391735
44.153562
0 -70.365474
44.180067
0 -70.334094
44.210753
0 -70.325218
44.208399
0 -70.314493
44.237247
0 -70.306455
44.25886
0 -70.281511
44.322394
0 -70.265223
44.362913
0 -70.276752
44.407534
0 -70.278692
44.415173
0 -70.268287
44.416406
0 -70.274412
44.440632
0 -70.238904
44.458942
0 -70.240584
44.466464
0 -70.250895
44.503402
0 -70.269388
44.501181
0 -70.270618
44.506218
0 -70.280908
44.505095
0 -70.289888
44.540248
0 -70.307659
44.537876
0 -70.284924
44.564695
0 -70.280748
44.569619
0 -70.281543
44.569772
0 -70.34758
44.580175
0 -70.47164
44.598611
0 -70.549985
44.610727
0 -70.510598
44.627216
0 -70.563799
44.713193
0 -70.61503
44.795634
0 -70.769228
44.732228
0 -70.773901
44.839741
0 -70.795286
44.92165
0 -70.796412
44.925877
0 -70.804537
44.924934
0 -70.823634
45.01379
0 -70.779842
45.018379
0 -70.8350668336888
45.2767432392075
0 -70.836483
45.275615
0 -70.839042
45.269132
0 -70.84108
45.267144
0 -70.84328
45.265658
0 -70.848554
45.263325
0 -70.849261
45.256398
0 -70.846505
45.252972
0 -70.848319
45.244707
0 -70.8411
45.238926
0 -70.83877
45.237555
0 -70.837089
45.237227
0 -70.837529
45.23497
0 -70.839772
45.234156
0 -70.84443
45.234513
0 -70.854319
45.231021
0 -70.857042
45.22916
0 -70.874899
45.234074
0 -70.878495
45.23327
0 -70.885029
45.234873
0 -70.889142
45.238129
0 -70.892822
45.239172
0 -70.896898
45.242031
0 -70.898482
45.244088
0 -70.897583
45.248242
0 -70.895137
45.252252
0 -70.896627
45.253107
0 -70.898343
45.254868
0 -70.898565
45.258502
0 -70.906618
45.261487
0 -70.905184
45.265456
0 -70.907978
45.269316
0 -70.911488
45.270451
0 -70.915194
45.274735
0 -70.916473
45.27733
0 -70.921474
45.278873
0 -70.9217
45.279445
0 -70.919951
45.284953
0 -70.918753
45.287033
0 -70.913732
45.292746
0 -70.912111
45.296197
0 -70.913828
45.300332
0 -70.919869
45.305389
0 -70.920049
45.307713
0 -70.917904
45.311924
0 -70.921435
45.313867
0 -70.927226
45.314847
0 -70.929923
45.318462
0 -70.939188
45.320177
0 -70.940616
45.323221
0 -70.943887
45.324336
0 -70.945231
45.325649
0 -70.945171
45.329071
0 -70.948255
45.330077
0 -70.949365
45.331536
0 -70.950824
45.33453
0 -70.950282
45.337486
0 -70.952377
45.339097
0 -70.96111
45.33676
0 -70.967188
45.332401
0 -70.973296
45.333638
0 -70.975895
45.333461
0 -70.977674
45.332487
0 -70.980888
45.332242
0 -70.982553
45.332655
0 -70.985595
45.332188
0 -70.989324
45.334655
0 -70.990233
45.336277
0 -70.991084
45.338249
0 -70.99273
45.338173
0 -70.997676
45.340372
0 -71.001771
45.343658
0 -71.004848
45.345419
0 -71.01081
45.34725
0 -71.012757
45.34476
0 -71.01292
45.343297
0 -71.011185
45.339881
0 -71.011435
45.337883
0 -71.01129
45.334424
0 -71.010583
45.333564
0 -71.008234
45.333294
0 -71.005087
45.331545
0 -71.0024
45.328482
0 -71.002563
45.327819
0 -71.007575
45.32205
0 -71.00905
45.319022
0 -71.014268
45.316761
0 -71.021753
45.314409
0 -71.024009
45.315436
0 -71.02708
45.314648
0 -71.030565
45.312652
0 -71.032455
45.310074
0 -71.03467
45.310678
0 -71.03821
45.311922
0 -71.042485
45.313043
0 -71.047928
45.313273
0 -71.052431
45.311087
0 -71.055691
45.312885
0 -71.059265
45.313753
0 -71.063932
45.312696
0 -71.066197
45.311353
0 -71.073743
45.307718
0 -71.078407
45.306232
0 -71.080003
45.306987
0 