-80.886169
26.769228
0 -80.886232
26.750342
0 -80.886055
26.745335
0 -80.886101
26.738689
0 -80.886103
26.696317
0 -80.886013
26.652696
0 -80.885805
26.625387
0 -80.885495
26.609246
0 -80.883483
26.50035
0 -80.883178
26.498986
0 -80.883086
26.478459
0 -80.882692
26.47161
0 -80.883088
26.46227
0 -80.880017
26.346059
0 -80.881915
26.346125
0 -80.881233
26.333806
0 -80.539899
26.334698
0 -80.535907
26.334587
0 -80.297471
26.334356
0 -80.296935
26.334356
0 -80.297062
26.35532
0 -80.296881
26.355431
0 -80.25113
26.34169
0 -80.24977
26.341526
0 -80.235739
26.337271
0 -80.227359
26.334656
0 -80.226227
26.334416
0 -80.22095
26.33285
0 -80.219745
26.332928
0 -80.218865
26.332228
0 -80.212653
26.330366
0 -80.204083
26.327822
0 -80.20297
26.327829
0 -80.202937
26.32783
0 -80.202658
26.32784
0 -80.190266
26.327793
0 -80.186594
26.327788
0 -80.177873
26.327792
0 -80.177595
26.327758
0 -80.170149
26.327781
0 -80.169917
26.327806
0 -80.15377
26.327766
0 -80.153449
26.327772
0 -80.12908
26.327806
0 -80.128333
26.327676
0 -80.128139
26.327701
0 -80.120125
26.327791
0 -80.117036
26.327847
0 -80.107273
26.327863
0 -80.101736
26.327797
0 -80.099017
26.327321
0 -80.098331
26.326203
0 -80.099229
26.323559
0 -80.098888
26.322809
0 -80.098268
26.322599
0 -80.096367
26.322435
0 -80.095633
26.324154
0 -80.092046
26.326354
0 -80.090909
26.325607
0 -80.090778
26.325546
0 -80.089263
26.32446
0 -80.088807
26.322107
0 -80.087907
26.320772
0 -80.080612
26.320811
0 -80.079937
26.320904
0 -80.079383
26.320779
0 -80.076948
26.320889
0 -80.076801
26.320886
0 -80.076757
26.32089
0 -80.075788
26.320922
0 -80.075733
26.32091
0 -80.075716
26.320927
0 -80.075264
26.320956
0 -80.0748371491155
26.3210321365904
0 -80.072264
26.335356
0 -80.0709363077412
26.3362143139956
0 -80.070564
26.336455
0 -80.0692516050557
26.3506597452795
0 -80.0683280286766
26.3606561013831
0 -80.067555
26.369023
0 -80.0663380273461
26.3911518144505
0 -80.066307
26.391716
0 -80.065332
26.393078
0 -80.0642073444104
26.4052434260357
0 -80.0636540086698
26.4112288717919
0 -80.0622384670896
26.4265408184487
0 -80.0616474530454
26.4329338313023
0 -80.061643
26.432982
0 -80.059809
26.444511
0 -80.058563
26.453092
0 -80.0586952339512
26.454335742625
0 -80.058812
26.455434
0 -80.0588103382786
26.455444643159
0 -80.0578350693431
26.4616911431529
0 -80.0556721006973
26.475544741007
0 -80.0518248423347
26.500186046048
0 -80.0507011428426
26.5073832289114
0 -80.0504506718285
26.5089874707064
0 -80.0504164458817
26.509206684473
0 -80.0504045459269
26.5092829024934
0 -80.050363
26.509549
0 -80.0477032576507
26.5233812178985
0 -80.044899
26.537965
0 -80.0421827281226
26.5451320883139
0 -80.0421546749696
26.545206108675
0 -80.042063
26.545448
0 -80.041627
26.554448
0 -80.038863
26.569347
0 -80.037670849591
26.583996126597
0 -80.037480566866
26.5863343179081
0 -80.0368859263157
26.5936412521962
0 -80.036158
26.602586
0 -80.0360199719383
26.6127770718908
0 -80.036014
26.613218
0 -80.0360784342716
26.6148553429925
0 -80.036118851269
26.6158823816463
0 -80.036846
26.63436
0 -80.036965
26.646044
0 -80.0369279318967
26.6469691298099
0 -80.035763
26.676043
0 -80.034552
26.686397
0 -80.033662
26.689443
0 -80.032862
26.700842
0 -80.032862
26.702388
0 -80.032862
26.70555
0 -80.032862
26.7075509510261
0 -80.032862
26.715242
0 -80.0335462720764
26.7190403383207
0 -80.03406
26.721892
0 -80.0340623421993
26.7219410035728
0 -80.0342369567211
26.7255942945183
0 -80.034355
26.728064
0 -80.034762
26.736541
0 -80.035256
26.748276
0 -80.0361085831593
26.7552574425159
0 -80.037462
26.76634
0 -80.035179
26.771216
0 -80.0325663723866
26.7730331512584
0 -80.031379
26.773859
0 -80.0313735181607
26.7815860440412
0 -80.031372
26.783726
0 -80.03233
26.787227
0 -80.031472
26.792731
0 -80.031362
26.796339
0 -80.0316003182447
26.7973449713626
0 -80.0357210263756
26.814739
0 -80.041026480177
26.8371339895075
0 -80.046263
26.859238
0 -80.0530774658929
26.8820411445592
0 -80.053598
26.883783
0 -80.0568969309902
26.8938940810515
0 -80.0577723087488
26.8965770760867
0 -80.061357
26.907564
0 -80.0628388017778
26.9123327025112
0 -80.0628935306132
26.9125088296685
0 -80.0653655167588
26.9204641221485
0 -80.0661809677071
26.9230883887969
0 -80.066715
26.924807
0 -80.068528
26.933127
0 -80.0710243898284
26.9415347582175
0 -80.071425
26.942884
0 -80.0708399042052
26.9441424260605
0 -80.070616
26.944624
0 -80.073964
26.951639
0 -80.0742657207782
26.9524784056307
0 -80.0756152457835
26.9562328666092
0 -80.076584
26.958928
0 -80.0774499946828
26.9619106313251
0 -80.0778635520065
26.9633349922975
0 -80.079948827411
26.9705170314788
0 -80.083263
26.970534
0 -80.083858
26.970551
0 -80.086688
26.970632
0 -80.08733
26.970537
0 -80.088578
26.970521
0 -80.093844
26.970582
0 -80.094199
26.970585
0 -80.095211
26.970594
0 -80.097385
26.970615
0 -80.102144
26.970666
0 -80.108917
26.970756
0 -80.110115
26.970834
0 -80.110359
26.970834
0 -80.121071
26.970834
0 -80.125678
26.970934
0 -80.126265
26.970934
0 -80.135711
26.970924
0 -80.139537
26.970939
0 -80.141758
26.97094
0 -80.141937
26.966863
0 -80.142065
26.956634
0 -80.159878
26.956634
0 -80.16711
26.956627
0 -80.190639
26.956682
0 -80.223127
26.956934
0 -80.254738
26.957241
0 -80.287428
26.957841
0 -80.374523
26.958386
0 -80.38469
26.958382
0 -80.443787
26.957675
0 -80.482405
26.957947
0 -80.530222
26.958071
0 -80.580237
26.957934
0 -80.611424
26.95785
0 -80.618063
26.957833
0 -80.885639
26.958919
0 -80.886169
26.769228
0 