-94.913823
42.953229
0 -94.91389
42.9097
0 -94.796877
42.909127
0 -94.786922
42.909125
0 -94.777103
42.909133
0 -94.769041
42.90913
0 -94.678737
42.908873
0 -94.677949
42.908857
0 -94.658812
42.908996
0 -94.619603
42.909104
0 -94.613524
42.90908
0 -94.599899
42.909066
0 -94.580269
42.908999
0 -94.560497
42.908931
0 -94.551025
42.908803
0 -94.541199
42.908743
0 -94.531424
42.908615
0 -94.521453
42.908485
0 -94.442954
42.908073
0 -94.443136
42.909498
0 -94.44307
42.944273
0 -94.443053
42.95149
0 -94.443054
42.951796
0 -94.44297
42.965944
0 -94.442955
42.969449
0 -94.442878
42.980427
0 -94.442775
42.994969
0 -94.442774
42.995048
0 -94.442619
43.031082
0 -94.442604
43.052723
0 -94.442595
43.082864
0 -94.442688
43.155085
0 -94.442751
43.168885
0 -94.443174
43.248299
0 -94.443137
43.255014
0 -94.560293
43.255231
0 -94.590279
43.25541
0 -94.599899
43.255322
0 -94.608556
43.25514
0 -94.678672
43.255298
0 -94.736562
43.255345
0 -94.737051
43.255458
0 -94.738747
43.255339
0 -94.762696
43.255254
0 -94.796925
43.255245
0 -94.816234
43.255458
0 -94.913723
43.255054
0 -94.913678
43.212176
0 -94.913459
43.168747
0 -94.913597
43.140793
0 -94.913566
43.126344
0 -94.91357
43.083078
0 -94.913848
43.003174
0 -94.913864
42.995794
0 -94.913838
42.96773
0 -94.913823
42.953229
0 