-76.987674
35.1543
0 -76.987658
35.154068
0 -76.98761
35.153884
0 -76.987561
35.153701
0 -76.98741
35.153501
0 -76.987323
35.153385
0 -76.987269
35.153209
0 -76.987248
35.152979
0 -76.987258
35.152731
0 -76.987296
35.152101
0 -76.98731
35.151775
0 -76.98704
35.151221
0 -76.986994
35.151069
0 -76.986932
35.150867
0 -76.986875
35.150759
0 -76.986494
35.150319
0 -76.986345
35.150105
0 -76.986175
35.149851
0 -76.986024
35.149605
0 -76.985816
35.148965
0 -76.985435
35.148149
0 -76.985149
35.147701
0 -76.985097
35.147609
0 -76.985022
35.147298
0 -76.984987
35.146631
0 -76.984934
35.146335
0 -76.984916
35.145964
0 -76.984881
35.145737
0 -76.984792
35.145542
0 -76.984587
35.145378
0 -76.984252
35.145108
0 -76.984184
35.144848
0 -76.984213
35.144233
0 -76.984146
35.144067
0 -76.984082
35.143951
0 -76.983779
35.143743
0 -76.983528
35.143627
0 -76.983123
35.143487
0 -76.982898
35.143379
0 -76.982507
35.143117
0 -76.982318
35.142873
0 -76.982239
35.142703
0 -76.982137
35.142336
0 -76.982037
35.141717
0 -76.98192
35.14132
0 -76.981776
35.14096
0 -76.981553
35.140764
0 -76.981329
35.140623
0 -76.981005
35.140359
0 -76.980924
35.14031
0 -76.980156
35.140042
0 -76.979862
35.139805
0 -76.979562
35.139618
0 -76.979219
35.139455
0 -76.978858
35.139222
0 -76.978695
35.139113
0 -76.978619
35.138939
0 -76.978582
35.138854
0 -76.978571
35.138826
0 -76.978535
35.138735
0 -76.977498
35.13759
0 -76.977104
35.135215
0 -76.975272
35.133313
0 -76.97373
35.132146
0 -76.971277
35.131466
0 -76.968948
35.129531
0 -76.966548
35.129348
0 -76.959192
35.127532
0 -76.956786
35.12564
0 -76.95416
35.125004
0 -76.95255
35.125244
0 -76.947865
35.122914
0 -76.946364
35.120893
0 -76.943634
35.121045
0 -76.94197
35.118127
0 -76.942143
35.115842
0 -76.940886
35.114634
0 -76.937837
35.114049
0 -76.938185
35.113023
0 -76.93635
35.107632
0 -76.935052
35.107526
0 -76.934713
35.106323
0 -76.936919
35.105295
0 -76.937113
35.103807
0 -76.93823
35.103041
0 -76.940309
35.103071
0 -76.939593
35.101715
0 -76.937174
35.101388
0 -76.93799
35.099328
0 -76.939073
35.093771
0 -76.938234
35.091806
0 -76.938962
35.088556
0 -76.937873
35.087209
0 -76.938019
35.085105
0 -76.937585
35.083123
0 -76.935221
35.080895
0 -76.935183
35.08025
0 -76.937021
35.077549
0 -76.9379
35.077046
0 -76.939166
35.072295
0 -76.939284
35.070253
0 -76.939811
35.067522
0 -76.942224
35.062548
0 -76.946239
35.058079
0 -76.9507090228944
35.0541625372132
0 -76.94669
35.048468
0 -76.945739
35.044965
0 -76.940748
35.043603
0 -76.939848
35.045259
0 -76.9357415133793
35.0437952209754
0 -76.93029
35.041852
0 -76.929339
35.038349
0 -76.933142
35.03543
0 -76.934038
35.034229
0 -76.924794
35.029238
0 -76.919832
35.028813
0 -76.914365
35.02492
0 -76.91389
35.028034
0 -76.908677
35.02842
0 -76.901055
35.025115
0 -76.89749
35.020054
0 -76.889409
35.014993
0 -76.882991
35.009542
0 -76.874673
35.002729
0 -76.87087
35.002144
0 -76.8685390111675
35.0018547868527
0 -76.866824
35.001642
0 -76.857084
34.996693
0 -76.8516162239768
34.9931565230297
0 -76.8481117936575
34.9908899091331
0 -76.843537
34.987931
0 -76.8399601224463
34.9846756510719
0 -76.836573
34.981593
0 -76.8353253106262
34.9807706927594
0 -76.820482
34.970988
0 -76.81142
34.968003
0 -76.8084259817211
34.9679199736675
0 -76.806696
34.967872
0 -76.8057601535171
34.9666329877147
0 -76.803606
34.963781
0 -76.800992
34.968651
0 -76.8005679505967
34.9688611160644
0 -76.7957032686782
34.971271561195
0 -76.790772
34.973715
0 -76.77118
34.976742
0 -76.767479
34.982284
0 -76.764185
34.984751
0 -76.757497
34.992409
0 -76.7569718395062
34.9924420845446
0 -76.748227
34.992993
0 -76.736818
34.997666
0 -76.729926
35.00195
0 -76.719706
35.003897
0 -76.711624
35.004481
0 -76.710198
35.008958
0 -76.706395
35.010905
0 -76.704237
35.01458
0 -76.702516
35.018933
0 -76.6995964549173
35.0207263310858
0 -76.6990563122836
35.0210581137945
0 -76.696888
35.02239
0 -76.6945486100552
35.0234078884059
0 -76.689283
35.025699
0 -76.683341
35.029786
0 -76.680013
35.029786
0 -76.6754274355998
35.0299458231567
0 -76.674619
35.029974
0 -76.668604
35.033289
0 -76.6652064443375
35.0362851613214
0 -76.662425
35.038738
0 -76.6618522285997
35.0393631092404
0 -76.658146
35.043408
0 -76.651626
35.046208
0 -76.641034
35.052359
0 -76.640796
35.055278
0 -76.637231
35.057807
0 -76.629863
35.061309
0 -76.617741
35.065784
0 -76.609422
35.067145
0 -76.60348
35.069869
0 -76.5973
35.073954
0 -76.594924
35.07765
0 -76.592552
35.083605
0 -76.592309
35.088541
0 -76.595161
35.092042
0 -76.588744
35.095932
0 -76.57686
35.097876
0 -76.569492
35.09846
0 -76.56664
35.102543
0 -76.565214
35.110321
0 -76.559272
35.114209
0 -76.557133
35.124708
0 -76.551191
35.133261
0 -76.545962
35.139092
0 -76.542159
35.145311
0 -76.536346
35.149927
0 -76.539544
35.15464
0 -76.543823
35.15153
0 -76.54715
35.149198
0 -76.55024
35.15464
0 -76.560935
35.164161
0 -76.564501
35.166298
0 -76.563788
35.169018
0 -76.565451
35.172516
0 -76.569254
35.173487
0 -76.572582
35.171933
0 -76.57995
35.17407
0 -76.588031
35.168824
0 -76.586605
35.166881
0 -76.58399
35.163384
0 -76.583753
35.159692
0 -76.586605
35.154445
0 -76.595399
35.154834
0 -76.600153
35.154445
0 -76.603955
35.160663
0 -76.6137
35.162995
0 -76.626535
35.159886
0 -76.633665
35.160663
0 -76.6339696951845
35.1693692168156
0 -76.634141
35.174264
0 -76.628912
35.174653
0 -76.622019
35.176401
0 -76.618692
35.178733
0 -76.61275
35.179898
0 -76.610611
35.183395
0 -76.608234
35.182424
0 -76.605144
35.184172
0 -76.605857
35.18728
0 -76.603242
35.188445
0 -76.598727
35.187863
0 -76.601579
35.19233
0 -76.601341
35.19738
0 -76.598013
35.198351
0 -76.593735
35.20107
0 -76.586367
35.202042
0 -76.574721
35.200876
0 -76.56374
35.194761
0 -76.548338
35.189805
0 -76.544253
35.193648
0 -76.537643
35.19233
0 -76.537167
35.187863
0 -76.534553
35.18456
0 -76.52671
35.184755
0 -76.523382
35.193107
0 -76.518628
35.202236
0 -76.521005
35.20612
0 -76.529324
35.208062
0 -76.539307
35.218548
0 -76.55024
35.222043
0 -76.560222
35.223402
0 -76.565451
35.229227
0 -76.555944
35.233886
0 -76.544536
35.232333
0 -76.529086
35.231168
0 -76.519104
35.225344
0 -76.505318
35.222626
0 -76.496049
35.216995
0 -76.491382
35.220745
0 -76.493197
35.225732
0 -76.498426
35.23408
0 -76.503417
35.240681
0 -76.49795
35.242816
0 -76.493434
35.246116
0 -76.486304
35.246893
0 -76.479174
35.247281
0 -76.484165
35.252521
0 -76.485353
35.260285
0 -76.481788
35.267077
0 -76.473232
35.263196
0 -76.467776
35.261213
0 -76.468716
35.267077
0 -76.473469
35.268824
0 -76.475846
35.276779
0 -76.469191
35.279108
0 -76.468909
35.281483
0 -76.476321
35.287063
0 -76.48155
35.286481
0 -76.479887
35.279108
0 -76.490582
35.277944
0 -76.497
35.28357
0 -76.492721
35.291331
0 -76.498901
35.296375
0 -76.497
35.305879
0 -76.492246
35.307819
0 -76.483927
35.306267
0 -76.481788
35.309759
0 -76.484165
35.313638
0 -76.491295
35.315577
0 -76.524095
35.320038
0 -76.544536
35.326243
0 -76.557846
35.327601
0 -76.574959
35.330509
0 -76.598013
35.331479
0 -76.606808
35.329346
0 -76.6111791793652
35.3354970084724
0 -76.612844
35.334823
0 -76.615522
35.33296
0 -76.617033
35.330871
0 -76.617496
35.328893
0 -76.616994
35.319697
0 -76.616235
35.314679
0 -76.616441
35.312509
0 -76.61909
35.304035
0 -76.619359
35.302284
0 -76.61886
35.300143
0 -76.614319
35.291569
0 -76.614421
35.285409
0 -76.612186
35.27932
0 -76.61425
35.274785
0 -76.614378
35.2726
0 -76.613845
35.270942
0 -76.614467
35.270463
0 -76.61625
35.267013
0 -76.624649
35.250758
0 -76.632535
35.235233
0 -76.662675
35.23254
0 -76.774169
35.222854
0 -76.83941
35.216598
0 -76.845277
35.216061
0 -76.845457
35.216045
0 -76.895546
35.253532
0 -76.895547
35.253531
0 -76.895605
35.253388
0 -76.895694
35.253232
0 -76.896385
35.252599
0 -76.897001
35.251757
0 -76.897442
35.251112
0 -76.897825
35.25017
0 -76.897827
35.250166
0 -76.897858
35.250147
0 -76.898065
35.24974
0 -76.898233
35.249504
0 -76.898521
35.249207
0 -76.898682
35.249068
0 -76.898782
35.248982
0 -76.899111
35.248795
0 -76.899211
35.248773
0 -76.899399
35.248718
0 -76.899868
35.248664
0 -76.900578
35.248444
0 -76.900806
35.248334
0 -76.901362
35.247988
0 -76.901523
35.247851
0 -76.902287
35.246626
0 -76.902386
35.246381
0 -76.902428
35.246275
0 -76.902516
35.245945
0 -76.902597
35.245341
0 -76.902603
35.245027
0 -76.902523
35.244533
0 -76.902422
35.244302
0 -76.902335
35.24417
0 -76.902033
35.243768
0 -76.901906
35.243599
0 -76.901808
35.243468
0 -76.901799
35.243456
0 -76.901774
35.243423
0 -76.901766
35.243412
0 -76.901746
35.243362
0 -76.901686
35.243164
0 -76.901646
35.243
0 -76.901626
35.242857
0 -76.901645
35.242726
0 -76.901653
35.242675
0 -76.9018
35.242329
0 -76.901954
35.242104
0 -76.902216
35.241609
0 -76.902343
35.24134
0 -76.902491
35.241109
0 -76.9026
35.240845
0 -76.902692
35.240626
0 -76.902759
35.240494
0 -76.902948
35.240237
0 -76.90307
35.240074
0 -76.903141
35.239978
0 -76.903248
35.239802
0 -76.90361
35.239335
0 -76.903744
35.239082
0 -76.903898
35.238758
0 -76.904488
35.237752
0 -76.904783
35.237318
0 -76.904816
35.237258
0 -76.90499
35.237088
0 -76.904999
35.237077
0 -76.905123
35.236933
0 -76.905151
35.236901
0 -76.905252
35.236824
0 -76.905386
35.236741
0 -76.905537
35.236692
0 -76.90564
35.236659
0 -76.905755
35.236614
0 -76.905868
35.23657
0 -76.906011
35.236515
0 -76.906264
35.236417
0 -76.906765
35.236241
0 -76.908259
35.235577
0 -76.908654
35.235412
0 -76.909585
35.235126
0 -76.911139
35.234725
0 -76.911649
35.234638
0 -76.912324
35.234599
0 -76.91276
35.234588
0 -76.913156
35.234621
0 -76.913738
35.234704
0 -76.9141
35.234737
0 -76.914615
35.234764
0 -76.914943
35.234825
0 -76.915225
35.234847
0 -76.9155
35.234896
0 -76.915727
35.234913
0 -76.916269
35.235034
0 -76.91651
35.235072
0 -76.917582
35.235199
0 -76.918064
35.235243
0 -76.918459
35.235265
0 -76.919263
35.235149
0 -76.919645
35.235072
0 -76.920174
35.234897
0 -76.920563
35.234737
0 -76.921078
35.234474
0 -76.92148
35.234292
0 -76.921755
35.234161
0 -76.922163
35.233919
0 -76.922813
35.233584
0 -76.922954
35.233485
0 -76.923309
35.233292
0 -76.923798
35.233084
0 -76.924528
35.232688
0 -76.92507
35.232375
0 -76.925144
35.232347
0 -76.925994
35.231919
0 -76.926684
35.231595
0 -76.926939
35.231507
0 -76.927394
35.231292
0 -76.927984
35.231067
0 -76.928131
35.231029
0 -76.928372
35.23099
0 -76.928439
35.230985
0 -76.928493
35.23099
0 -76.928514
35.230996
0 -76.928908
35.230985
0 -76.929591
35.23093
0 -76.93016
35.230908
0 -76.930421
35.230886
0 -76.93087
35.230792
0 -76.93156
35.230633
0 -76.931848
35.230528
0 -76.931935
35.230473
0 -76.93235
35.23032
0 -76.932638
35.230177
0 -76.932946
35.230061
0 -76.933395
35.229874
0 -76.93387
35.229627
0 -76.9343
35.22942
0 -76.934419
35.229363
0 -76.935069
35.229006
0 -76.93509
35.229
0 -76.935458
35.228748
0 -76.935712
35.228588
0 -76.936073
35.228406
0 -76.936181
35.228352
0 -76.936556
35.228121
0 -76.937044
35.227808
0 -76.937419
35.227533
0 -76.937432
35.227518
0 -76.937661
35.227335
0 -76.938035
35.227066
0 -76.938358
35.226772
0 -76.938578
35.226544
0 -76.938712
35.226313
0 -76.939027
35.225791
0 -76.93916
35.225604
0 -76.939214
35.225511
0 -76.939395
35.225093
0 -76.939589
35.224846
0 -76.939656
35.224714
0 -76.939797
35.224533
0 -76.939977
35.224401
0 -76.940078
35.224308
0 -76.940393
35.224104
0 -76.940607
35.223983
0 -76.940761
35.223884
0 -76.941276
35.223615
0 -76.941584
35.223505
0 -76.942207
35.223269
0 -76.942495
35.223142
0 -76.942555
35.223126
0 -76.942649
35.223087
0 -76.942837
35.222983
0 -76.943218
35.222736
0 -76.943345
35.222648
0 -76.9436
35.222378
0 -76.94374
35.222186
0 -76.943881
35.22195
0 -76.944082
35.221477
0 -76.944156
35.220977
0 -76.944162
35.220642
0 -76.944169
35.220563
0 -76.944127
35.220107
0 -76.944122
35.220028
0 -76.944101
35.219987
0 -76.944033
35.219855
0 -76.943717
35.219392
0 -76.94369
35.219353
0 -76.943673
35.219334
0 -76.943466
35.219153
0 -76.943298
35.21903
0 -76.943218
35.218972
0 -76.942943
35.218801
0 -76.942655
35.218642
0 -76.942615
35.218279
0 -76.942551
35.218014
0 -76.942521
35.217884
0 -76.942535
35.217499
0 -76.942474
35.217235
0 -76.94232
35.216999
0 -76.942233
35.216757
0 -76.942079
35.216444
0 -76.941972
35.216114
0 -76.941965
35.215702
0 -76.941992
35.215197
0 -76.941985
35.214504
0 -76.942012
35.214059
0 -76.942246
35.213532
0 -76.942568
35.213114
0 -76.942829
35.212724
0 -76.943411
35.211899
0 -76.943645
35.211498
0 -76.944067
35.210877
0 -76.944341
35.210377
0 -76.944636
35.209965
0 -76.944991
35.209542
0 -76.945332
35.209339
0 -76.945794
35.209229
0 -76.946256
35.209185
0 -76.946812
35.209152
0 -76.94726
35.209162
0 -76.947609
35.209102
0 -76.948305
35.208932
0 -76.948948
35.208843
0 -76.949396
35.208788
0 -76.949992
35.208739
0 -76.950568
35.2087
0 -76.950722
35.208629
0 -76.951204
35.208316
0 -76.951826
35.207936
0 -76.952523
35.207541
0 -76.953259
35.207134
0 -76.953935
35.206771
0 -76.95437
35.20643
0 -76.954778
35.206023
0 -76.954816
35.205994
0 -76.955227
35.205688
0 -76.955628
35.205424
0 -76.956717
35.20467
0 -76.956777
35.20463
0 -76.957068
35.204429
0 -76.957663
35.204028
0 -76.95852
35.203462
0 -76.95923
35.203
0 -76.959899
35.202582
0 -76.960341
35.202253
0 -76.961084
35.201665
0 -76.961338
35.201445
0 -76.961572
35.201203
0 -76.961793
35.200906
0 -76.961833
35.200824
0 -76.961887
35.200714
0 -76.96192
35.200614
0 -76.961987
35.200417
0 -76.962047
35.200219
0 -76.962114
35.1999
0 -76.962147
35.199626
0 -76.962261
35.19918
0 -76.962324
35.198987
0 -76.962396
35.198772
0 -76.962528
35.198417
0 -76.962689
35.198048
0 -76.962836
35.197746
0 -76.963003
35.197383
0 -76.963124
35.197043
0 -76.963257
35.196763
0 -76.963445
35.196312
0 -76.963532
35.195889
0 -76.963518
35.195718
0 -76.963578
35.195433
0 -76.963585
35.195218
0 -76.963598
35.195009
0 -76.963638
35.194817
0 -76.963678
35.194575
0 -76.963705
35.194312
0 -76.963739
35.193855
0 -76.963805
35.19357
0 -76.963872
35.193333
0 -76.963979
35.19302
0 -76.964093
35.192646
0 -76.964173
35.192421
0 -76.96424
35.192201
0 -76.96432
35.191778
0 -76.96436
35.191504
0 -76.964407
35.191311
0 -76.964467
35.191097
0 -76.964467
35.190877
0 -76.964541
35.190668
0 -76.964527
35.190465
0 -76.96454
35.190251
0 -76.96456
35.190075
0 -76.96459
35.18973
0 -76.96464
35.189283
0 -76.964681
35.189036
0 -76.964714
35.188673
0 -76.964741
35.188432
0 -76.964781
35.188182
0 -76.964787
35.188151
0 -76.964801
35.187943
0 -76.964834
35.187701
0 -76.964894
35.187393
0 -76.964921
35.187107
0 -76.964941
35.186964
0 -76.964988
35.186761
0 -76.965028
35.186541
0 -76.965041
35.186409
0 -76.965074
35.186195
0 -76.965135
35.185959
0 -76.965155
35.185811
0 -76.965181
35.18569
0 -76.965228
35.185547
0 -76.965261
35.185404
0 -76.965315
35.185206
0 -76.965348
35.185047
0 -76.965415
35.184843
0 -76.965542
35.184585
0 -76.965663
35.184393
0 -76.96583
35.184036
0 -76.965897
35.183838
0 -76.965917
35.183711
0 -76.965917
35.183683
0 -76.965917
35.183552
0 -76.965923
35.183442
0 -76.965917
35.183338
0 -76.965897
35.183228
0 -76.965843
35.18314
0 -76.965836
35.183057
0 -76.965823
35.182975
0 -76.965796
35.182865
0 -76.965783
35.182772
0 -76.965769
35.182728
0 -76.965776
35.182645
0 -76.965756
35.182541
0 -76.965789
35.182387
0 -76.965869
35.182168
0 -76.965878
35.182142
0 -76.965906
35.182066
0 -76.965916
35.182041
0 -76.96605
35.181898
0 -76.966451
35.181535
0 -76.967134
35.180963
0 -76.967355
35.180738
0 -76.967696
35.180496
0 -76.967908
35.180354
0 -76.967911
35.180354
0 -76.967937
35.180337
0 -76.968144
35.180227
0 -76.968318
35.18015
0 -76.96872
35.180001
0 -76.969014
35.179957
0 -76.969349
35.179985
0 -76.969717
35.179973
0 -76.970192
35.179929
0 -76.970393
35.17988
0 -76.970409
35.179872
0 -76.970523
35.179812
0 -76.970607
35.17977
0 -76.970794
35.179578
0 -76.971068
35.179094
0 -76.971229
35.178638
0 -76.971282
35.178336
0 -76.971275
35.17805
0 -76.971336
35.177627
0 -76.971282
35.177462
0 -76.971242
35.177275
0 -76.971101
35.176797
0 -76.970967
35.176489
0 -76.970739
35.17616
0 -76.970451
35.175896
0 -76.970391
35.175792
0 -76.970331
35.175539
0 -76.97021
35.175165
0 -76.970183
35.175061
0 -76.970103
35.174792
0 -76.969949
35.174347
0 -76.969627
35.173561
0 -76.96946
35.173336
0 -76.969219
35.173023
0 -76.968904
35.172457
0 -76.968844
35.172253
0 -76.968857
35.171748
0 -76.96893
35.171413
0 -76.969017
35.17094
0 -76.969137
35.170588
0 -76.969255
35.170222
0 -76.969319
35.170035
0 -76.969405
35.169786
0 -76.969612
35.169231
0 -76.969732
35.168824
0 -76.969819
35.168621
0 -76.969966
35.168297
0 -76.970154
35.167956
0 -76.970481
35.16745
0 -76.970668
35.167099
0 -76.970722
35.166923
0 -76.970869
35.166368
0 -76.970902
35.166055
0 -76.970909
35.165917
0 -76.970842
35.165604
0 -76.970728
35.165384
0 -76.970406
35.164956
0 -76.970159
35.164687
0 -76.970018
35.164423
0 -76.969857
35.164109
0 -76.969824
35.164044
0 -76.9698
35.16396
0 -76.969717
35.163659
0 -76.96971
35.163401
0 -76.969771
35.162988
0 -76.969793
35.162838
0 -76.969797
35.162813
0 -76.969897
35.162577
0 -76.970111
35.162175
0 -76.970291
35.161906
0 -76.970579
35.161488
0 -76.970759
35.161252
0 -76.971208
35.160928
0 -76.971455
35.160763
0 -76.97181
35.16057
0 -76.972251
35.160268
0 -76.972512
35.160032
0 -76.972686
35.159812
0 -76.973034
35.159427
0 -76.973315
35.159037
0 -76.973502
35.158844
0 -76.973923
35.158509
0 -76.974345
35.158163
0 -76.974813
35.157838
0 -76.975067
35.157536
0 -76.975408
35.157261
0 -76.975537
35.157068
0 -76.975609
35.156882
0 -76.975622
35.15669
0 -76.975702
35.156569
0 -76.976003
35.156255
0 -76.976267
35.1561
0 -76.976344
35.156054
0 -76.976404
35.156019
0 -76.976652
35.155942
0 -76.977026
35.155788
0 -76.977174
35.155744
0 -76.978251
35.15543
0 -76.979187
35.155183
0 -76.979374
35.155161
0 -76.979682
35.155078
0 -76.97975
35.155066
0 -76.98001
35.155023
0 -76.980385
35.154924
0 -76.98062
35.154892
0 -76.980759
35.154874
0 -76.980873
35.154863
0 -76.98108
35.154797
0 -76.981185
35.154772
0 -76.981415
35.15472
0 -76.981756
35.154742
0 -76.98195
35.15478
0 -76.982392
35.154973
0 -76.982767
35.15517
0 -76.982934
35.155264
0 -76.982995
35.155303
0 -76.983188
35.155428
0 -76.983354
35.155517
0 -76.983664
35.155686
0 -76.984152
35.155851
0 -76.984319
35.1559
0 -76.984687
35.155928
0 -76.984988
35.155867
0 -76.985276
35.155768
0 -76.985484
35.155702
0 -76.985543
35.155697
0 -76.985704
35.155685
0 -76.986059
35.155757
0 -76.986701
35.155877
0 -76.986835
35.155861
0 -76.986863
35.155839
0 -76.986893
35.15582
0 -76.98696
35.155811
0 -76.987449
35.155014
0 -76.987496
35.15481
0 -76.987607
35.154665
0 -76.987642
35.15457
0 -76.987674
35.1543
0 