-87.433667
39.935165
0 -87.434124
39.933332
0 -87.43319
39.931384
0 -87.431128
39.929571
0 -87.424699
39.926614
0 -87.422175
39.92594
0 -87.419069
39.925711
0 -87.417577
39.926121
0 -87.411879
39.92871
0 -87.408034
39.928936
0 -87.406797
39.928482
0 -87.404793
39.925949
0 -87.405186
39.923778
0 -87.41044
39.920682
0 -87.412566
39.919592
0 -87.41331
39.918379
0 -87.409827
39.913514
0 -87.4076
39.911926
0 -87.404959
39.910857
0 -87.399426
39.909589
0 -87.391975
39.906901
0 -87.3845
39.906327
0 -87.379939
39.903957
0 -87.378593
39.902769
0 -87.373218
39.896788
0 -87.368863
39.890471
0 -87.368017
39.888625
0 -87.36784
39.885871
0 -87.369972
39.882186
0 -87.370981
39.881479
0 -87.377568
39.878832
0 -87.378712
39.877972
0 -87.379013
39.876164
0 -87.376891
39.873505
0 -87.367988
39.867648
0 -87.365479
39.866876
0 -87.359803
39.866112
0 -87.356057
39.864725
0 -87.354621
39.863566
0 -87.353863
39.862077
0 -87.354325
39.859996
0 -87.35597
39.858648
0 -87.359965
39.857101
0 -87.361533
39.854632
0 -87.361781
39.851456
0 -87.363436
39.847527
0 -87.366394
39.842871
0 -87.370076
39.839229
0 -87.373172
39.8377
0 -87.380413
39.837196
0 -87.38304
39.836187
0 -87.384882
39.834698
0 -87.385538
39.833365
0 -87.385644
39.830419
0 -87.385366
39.824187
0 -87.385173
39.819979
0 -87.385191
39.812684
0 -87.384676
39.80869
0 -87.383561
39.804818
0 -87.381155
39.800255
0 -87.379053
39.797455
0 -87.376708
39.795394
0 -87.374596
39.792434
0 -87.374161
39.782996
0 -87.374279
39.777844
0 -87.376946
39.771799
0 -87.379435
39.769494
0 -87.380567
39.766766
0 -87.380316
39.764995
0 -87.380014
39.764169
0 -87.379769
39.75792
0 -87.377168
39.746105
0 -87.377492
39.741568
0 -87.37879
39.737331
0 -87.379907
39.73046
0 -87.381155
39.726759
0 -87.382139
39.724867
0 -87.383527
39.721985
0 -87.384418
39.718573
0 -87.384076
39.715935
0 -87.383149
39.713587
0 -87.380178
39.710985
0 -87.379727
39.71002
0 -87.379912
39.707025
0 -87.382697
39.703252
0 -87.385361
39.701073
0 -87.385584
39.700066
0 -87.382601
39.695653
0 -87.38152
39.693401
0 -87.384089
39.689205
0 -87.384003
39.685899
0 -87.385449
39.682502
0 -87.389361
39.678192
0 -87.390147
39.676588
0 -87.390667
39.673411
0 -87.38865
39.669858
0 -87.388109
39.667466
0 -87.388756
39.663893
0 -87.390143
39.661801
0 -87.393865
39.659149
0 -87.394332
39.65869
0 -87.395204
39.656426
0 -87.395409
39.655742
0 -87.39558
39.653632
0 -87.39548
39.651141
0 -87.394936
39.649364
0 -87.391886
39.644215
0 -87.391482
39.64221
0 -87.392423
39.637049
0 -87.392326
39.635374
0 -87.390596
39.631144
0 -87.389024
39.628211
0 -87.386287
39.625037
0 -87.382602
39.619704
0 -87.381442
39.617354
0 -87.381289
39.615874
0 -87.382418
39.607937
0 -87.381193
39.607937
0 -87.380101
39.60803
0 -87.314315
39.60825
0 -87.295604
39.608154
0 -87.291645
39.608118
0 -87.252816
39.607889
0 -87.238725
39.607684
0 -87.213056
39.607317
0 -87.199012
39.607137
0 -87.124237
39.605762
0 -87.120703
39.605721
0 -87.035373
39.60506
0 -87.030742
39.60487
0 -87.013062
39.604787
0 -87.013041
39.606742
0 -87.011945
39.691855
0 -87.011904
39.695589
0 -87.01167
39.713953
0 -87.011486
39.727968
0 -87.010786
39.754629
0 -87.010667
39.77843
0 -87.010762
39.779496
0 -87.010753
39.779561
0 -87.010598
39.781406
0 -87.010434
39.801109
0 -87.010604
39.801287
0 -87.010136
39.830707
0 -87.009916
39.831927
0 -87.009477
39.866705
0 -87.05376
39.867005
0 -87.091542
39.867265
0 -87.091328
39.881735
0 -87.091173
39.918074
0 -87.091051
39.945655
0 -87.091006
39.953009
0 -87.125902
39.953149
0 -87.126051
39.952985
0 -87.14834
39.953055
0 -87.178717
39.953301
0 -87.190124
39.953069
0 -87.204129
39.953279
0 -87.242187
39.952994
0 -87.256629
39.952862
0 -87.261413
39.952868
0 -87.313423
39.952764
0 -87.318521
39.952753
0 -87.415302
39.952562
0 -87.420221
39.952452
0 -87.420398
39.950509
0 -87.421385
39.946714
0 -87.423161
39.943681
0 -87.429508
39.938112
0 -87.433667
39.935165
0 