-111.046638
45.176652
0 -111.046844
45.100764
0 -111.045481
45.093563
0 -111.045366
45.07372
0 -111.044586
45.001607
0 -111.044275
45.001345
0 -110.785008
45.002952
0 -110.761554
44.999934
0 -110.750767
44.997948
0 -110.705272
44.992324
0 -110.552433
44.992237
0 -110.547165
44.992459
0 -110.48807
44.992361
0 -110.402927
44.99381
0 -110.362698
45.000593
0 -110.342131
44.999053
0 -110.324441
44.999156
0 -110.28677
44.99685
0 -110.199503
44.996188
0 -110.110103
45.003905
0 -110.026347
45.003665
0 -110.025544
45.003602
0 -110.002210648788
45.0032745036296
0 -110.00150863303
45.0032646504538
0 -110.001502195589
45.0032645601007
0 -109.99505
45.003174
0 -109.962006995743
45.0032019708623
0 -109.875735
45.003275
0 -109.855008511026
45.00298258886
0 -109.798687
45.002188
0 -109.798221
45.167405
0 -109.798173
45.17192
0 -109.812235
45.171916
0 -110.063819
45.172102
0 -110.154579
45.172955
0 -110.213009
45.172848
0 -110.228307
45.17282
0 -110.228549
45.17282
0 -110.229071
45.348775
0 -110.218798
45.348799
0 -110.217793
45.602646
0 -110.217441
45.606121
0 -110.21829
45.621037
0 -110.218312
45.623434
0 -110.218492
45.624935
0 -110.218228
45.651427
0 -110.218221
45.652187
0 -110.218072
45.669587
0 -110.219169
45.68092
0 -110.219128
45.682276
0 -110.220925
45.711125
0 -110.22033
45.736087
0 -110.220156
45.743382
0 -110.22034
45.747085
0 -110.220356
45.747423
0 -110.220902
45.784787
0 -110.237458
45.785123
0 -110.292662
45.785022
0 -110.29266
45.895182
0 -110.292757
45.915188
0 -110.292766
45.927368
0 -110.292767
45.995165
0 -110.292722
46.044572
0 -110.292704
46.133532
0 -110.281861
46.133557
0 -110.28186
46.18421
0 -110.409286
46.184218
0 -110.409172
46.191867
0 -110.532634
46.191961
0 -110.575817
46.192281
0 -110.783982
46.192408
0 -110.783956
46.142016
0 -110.790447
46.142024
0 -110.790787
46.082926
0 -110.791437
46.032652
0 -110.792386
46.018547
0 -110.792406
45.991167
0 -110.791134
45.978861
0 -110.790433
45.974472
0 -110.790059
45.969772
0 -110.788915
45.96129
0 -110.788541
45.952727
0 -110.788352
45.904959
0 -110.789149
45.843619
0 -110.789389
45.802324
0 -110.789554
45.786218
0 -110.795312
45.786233
0 -110.795114
45.76278
0 -110.795339
45.742873
0 -110.795749
45.701868
0 -110.795788
45.699233
0 -110.795739
45.663401
0 -110.795431
45.628253
0 -110.795057
45.613264
0 -110.794958
45.608628
0 -110.794977
45.590289
0 -110.815374
45.590937
0 -110.836475
45.59077
0 -110.857054
45.590872
0 -110.858228
45.525089
0 -110.919212
45.525338
0 -110.91912
45.498773
0 -110.918354
45.489819
0 -110.91866
45.456583
0 -110.918828
45.438847
0 -110.917256
45.438861
0 -110.917661
45.351328
0 -110.918634
45.351324
0 -111.038168
45.351174
0 -111.038166
45.265882
0 -111.038181
45.260871
0 -111.039105
45.176847
0 -111.046638
45.176652
0 