-98.065595
32.595018
0 -98.066836
32.558822
0 -98.000317
32.558221
0 -97.997791
32.557887
0 -97.996541
32.557833
0 -97.892972
32.557205
0 -97.87582
32.557269
0 -97.875312
32.557355
0 -97.823876
32.557101
0 -97.798963
32.55699
0 -97.759242
32.556965
0 -97.669586
32.556071
0 -97.664246
32.556018
0 -97.62845
32.555591
0 -97.617066
32.555484
0 -97.606587
32.55541
0 -97.606134
32.555399
0 -97.605579
32.555383
0 -97.584915
32.555297
0 -97.583863
32.555297
0 -97.571613
32.555351
0 -97.550582
32.555391
0 -97.550528
32.56242
0 -97.550382
32.577283
0 -97.550368
32.580323
0 -97.550238
32.607052
0 -97.550192
32.609696
0 -97.55001
32.611071
0 -97.549569
32.681079
0 -97.549563
32.68139
0 -97.549078
32.7088
0 -97.549094
32.713327
0 -97.549102
32.719731
0 -97.549001
32.720371
0 -97.548998
32.720873
0 -97.548806
32.734137
0 -97.548601
32.744518
0 -97.548201
32.776114
0 -97.54798
32.798402
0 -97.547699
32.821905
0 -97.547591
32.826847
0 -97.547097
32.856846
0 -97.546971
32.863714
0 -97.546652
32.866721
0 -97.54628
32.883612
0 -97.545878
32.900067
0 -97.545487
32.915451
0 -97.545356
32.921655
0 -97.545308
32.922853
0 -97.545179
32.929933
0 -97.545079
32.935711
0 -97.544982
32.940399
0 -97.544701
32.952991
0 -97.544419
32.97482
0 -97.544362
32.979397
0 -97.544364
32.979531
0 -97.544362
32.979649
0 -97.544181
32.994177
0 -97.544172
32.994651
0 -97.54916
32.994862
0 -97.579123
32.995111
0 -97.5816
32.995125
0 -97.604094
32.995447
0 -97.657232
32.996157
0 -97.679387
32.996371
0 -97.679565
32.996373
0 -97.679706
32.996376
0 -97.726882
32.99732
0 -97.766953
32.998109
0 -97.781737
32.998474
0 -97.786299
32.998573
0 -97.862318
33.000168
0 -97.921642
33.001284
0 -97.925499
33.001296
0 -97.952666
33.001786
0 -98.056094
33.003332
0 -98.057206
32.946063
0 -98.05777
32.920315
0 -98.058903
32.870835
0 -98.059504
32.842563
0 -98.059965
32.824914
0 -98.060338
32.81068
0 -98.06045
32.806109
0 -98.060452
32.806046
0 -98.060574
32.798206
0 -98.060812
32.790307
0 -98.060857
32.788819
0 -98.061219
32.774901
0 -98.06132
32.770988
0 -98.061716
32.75554
0 -98.061826
32.750133
0 -98.061574
32.749237
0 -98.062554
32.710189
0 -98.062855
32.696998
0 -98.063333
32.679344
0 -98.063363
32.678113
0 -98.063861
32.657919
0 -98.064331
32.638841
0 -98.064875
32.616903
0 -98.065595
32.595018
0 