-103.043979
34.312764
0 -103.043978936987
34.312749083575
0 -102.905801
34.312721
0 -102.817056
34.312832
0 -102.80977
34.312831
0 -102.750494
34.312824
0 -102.748351
34.312906
0 -102.722317
34.312927
0 -102.61515
34.312891
0 -102.526346
34.313032
0 -102.525631
34.313034
0 -102.525742
34.391974
0 -102.525767
34.470345
0 -102.525793
34.491399
0 -102.525305
34.500094
0 -102.525266
34.53103
0 -102.525222
34.640098
0 -102.525187
34.684647
0 -102.525184
34.746931
0 -102.612077
34.747185
0 -102.760707
34.747521
0 -102.848567
34.7475
0 -102.875497
34.747584
0 -103.042769
34.747361
0 -103.042827
34.671188
0 -103.043286
34.653099
0 -103.043277470412
34.6517710547868
0 -103.043277454333
34.6517685515225
0 -103.043268998042
34.6504520175788
0 -103.043072
34.619782
0 -103.043386657767
34.525070012152
0 -103.043594
34.46266
0 -103.043589
34.459774
0 -103.043588
34.459662
0 -103.043582
34.455657
0 -103.043575550185
34.4482992265586
0 -103.043549915641
34.4190560386443
0 -103.043538
34.405463
0 -103.043583
34.400678
0 -103.043610217744
34.3972048214656
0 -103.043611
34.397105
0 -103.043585
34.393716
0 -103.043606062016
34.391253248545
0 -103.043612422947
34.3905094739898
0 -103.043613
34.390442
0 -103.043613
34.388679
0 -103.043614
34.384969
0 -103.04363
34.38469
0 -103.043693
34.383578
0 -103.043776143499
34.3825986725886
0 -103.043919
34.380916
0 -103.043944
34.37966
0 -103.043946
34.379555
0 -103.043947462901
34.3765941336299
0 -103.043947594327
34.3763281317185
0 -103.043955125638
34.3610849856924
0 -103.043979
34.312764
0 