-76.491477
36.510536
0 -76.491405
36.468648
0 -76.487533
36.459353
0 -76.476473
36.432781
0 -76.467276
36.410685
0 -76.45369
36.378042
0 -76.447525
36.363523
0 -76.401399
36.301185
0 -76.39962
36.300884
0 -76.397628
36.299961
0 -76.3955
36.297013
0 -76.394633
36.296723
0 -76.394768
36.293113
0 -76.394825
36.292357
0 -76.393526
36.291688
0 -76.392082
36.290777
0 -76.391942
36.287434
0 -76.389681
36.285212
0 -76.386066
36.283096
0 -76.384538
36.280196
0 -76.380865
36.275592
0 -76.377189
36.275682
0 -76.375438
36.273392
0 -76.375948
36.271469
0 -76.377759
36.269707
0 -76.377718
36.268586
0 -76.375728
36.262127
0 -76.375078
36.258853
0 -76.37189
36.256837
0 -76.367762
36.254893
0 -76.363945
36.253979
0 -76.361033
36.25256
0 -76.358149
36.252401
0 -76.355718
36.251326
0 -76.351902
36.251144
0 -76.349896
36.249777
0 -76.347974
36.249601
0 -76.343676
36.24681
0 -76.342969
36.245413
0 -76.343788
36.244337
0 -76.343364
36.242986
0 -76.340961
36.241544
0 -76.338162
36.240721
0 -76.336438
36.241088
0 -76.332709
36.244088
0 -76.330737
36.243776
0 -76.330553
36.243644
0 -76.329206
36.242124
0 -76.325878
36.241083
0 -76.324737
36.240288
0 -76.321599
36.240449
0 -76.320214
36.239968
0 -76.318038
36.240518
0 -76.315975
36.238
0 -76.315438
36.233878
0 -76.314674
36.232711
0 -76.312074
36.232367
0 -76.307299
36.229826
0 -76.306988
36.227651
0 -76.304416
36.225819
0 -76.304417
36.223735
0 -76.303654
36.221789
0 -76.300404
36.222751
0 -76.29967
36.221903
0 -76.294921
36.222704
0 -76.29317
36.222475
0 -76.29057
36.223482
0 -76.289807
36.222955
0 -76.289825
36.21802
0 -76.287523
36.217854
0 -76.286327
36.216764
0 -76.285016
36.215993
0 -76.285006
36.214671
0 -76.288386
36.213941
0 -76.288403
36.213118
0 -76.286493
36.209674
0 -76.284064
36.208048
0 -76.282898
36.206026
0 -76.280101
36.20319
0 -76.280001
36.199368
0 -76.279305
36.198244
0 -76.273284
36.195179
0 -76.272786
36.194079
0 -76.2735069578987
36.1907856654395
0 -76.269778
36.190689
0 -76.265975
36.187236
0 -76.260503
36.188406
0 -76.254566
36.187428
0 -76.2491
36.184934
0 -76.249683
36.177787
0 -76.247877
36.175148
0 -76.236978
36.171888
0 -76.2352014581844
36.1705191556751
0 -76.231749
36.167859
0 -76.233117
36.1652
0 -76.228183
36.158487
0 -76.216538
36.15078
0 -76.214881
36.145401
0 -76.206873
36.137521
0 -76.19659
36.132331
0 -76.187541
36.125442
0 -76.179459
36.125442
0 -76.174943
36.123518
0 -76.166625
36.123714
0 -76.146422
36.13005
0 -76.125751
36.131041
0 -76.116039080284
36.1324315517053
0 -76.092555
36.135794
0 -76.071672
36.140183
0 -76.064224
36.143775
0 -76.05927
36.149285
0 -76.06062
36.154618
0 -76.068938
36.16805
0 -76.074643
36.182823
0 -76.077157
36.192969
0 -76.080106
36.19944
0 -76.106967
36.211211
0 -76.117187
36.213512
0 -76.1197368174296
36.219040068553
0 -76.12099
36.221757
0 -76.125985
36.232876
0 -76.133825
36.240546
0 -76.136637
36.252481
0 -76.144423
36.259402
0 -76.155725
36.264445
0 -76.172329
36.263355
0 -76.175419
36.267954
0 -76.1815173985853
36.2747234257712
0 -76.182017
36.275278
0 -76.1827899552544
36.2759660455428
0 -76.1829662246337
36.2761229515993
0 -76.183924732357
36.2769761665339
0 -76.1880945084286
36.2806878895923
0 -76.188717
36.281242
0 -76.1893279250819
36.2865136514656
0 -76.1894025795467
36.2871578422679
0 -76.189442
36.287498
0 -76.1909741658593
36.2918615567937
0 -76.195407
36.291201
0 -76.196493
36.29119
0 -76.197771
36.291352
0 -76.198437
36.29164
0 -76.202227
36.295524
0 -76.20457
36.296818
0 -76.20917
36.298163
0 -76.216558
36.298174
0 -76.217332
36.298716
0 -76.217298
36.300586
0 -76.217127
36.301213
0 -76.217107
36.301286
0 -76.216249
36.302406
0 -76.212225
36.304648
0 -76.209333
36.305281
0 -76.209136
36.305274
0 -76.205395
36.30417
0 -76.202012
36.304584
0 -76.200804
36.306436
0 -76.201285
36.312159
0 -76.200687
36.316309
0 -76.199767
36.317968
0 -76.197042
36.317875
0 -76.194442
36.315477
0 -76.192357
36.314369
0 -76.189681
36.314332
0 -76.186447
36.315133
0 -76.184246
36.316153
0 -76.18244
36.317955
0 -76.181345
36.321338
0 -76.182165
36.323307
0 -76.184051
36.324503
0 -76.190457
36.327891
0 -76.192248
36.32816
0 -76.196139
36.327683
0 -76.203607
36.328413
0 -76.206194
36.328086
0 -76.209818
36.327157
0 -76.213797
36.326905
0 -76.215707
36.327359
0 -76.217858
36.330305
0 -76.218211
36.332416
0 -76.217735
36.335647
0 -76.214319
36.340704
0 -76.214525
36.341841
0 -76.216986
36.344206
0 -76.220535
36.345533
0 -76.225209
36.346491
0 -76.226783
36.347588
0 -76.227886
36.350267
0 -76.226059
36.352884
0 -76.226232
36.355286
0 -76.227708
36.357868
0 -76.231055
36.361048
0 -76.231559
36.362411
0 -76.231063
36.365957
0 -76.230943
36.370204
0 -76.231218
36.371712
0 -76.233247
36.372617
0 -76.234779
36.372708
0 -76.237581
36.371893
0 -76.239816
36.369946
0 -76.240777
36.368526
0 -76.243436
36.366052
0 -76.248163
36.365133
0 -76.250645
36.363619
0 -76.251949
36.363418
0 -76.253706
36.363282
0 -76.255347
36.362756
0 -76.258318
36.36436
0 -76.260214
36.366467
0 -76.259731
36.367955
0 -76.25738
36.369969
0 -76.256699
36.373609
0 -76.259213
36.376619
0 -76.257938
36.377878
0 -76.257793
36.382961
0 -76.259349
36.384472
0 -76.262368
36.385188
0 -76.265436
36.385895
0 -76.268401
36.387267
0 -76.271721
36.388026
0 -76.274327
36.388096
0 -76.278576
36.386426
0 -76.279821
36.386403
0 -76.282964
36.388693
0 -76.285229
36.388877
0 -76.286136
36.386336
0 -76.287467
36.385031
0 -76.288713
36.385169
0 -76.290525
36.386749
0 -76.291516
36.386566
0 -76.297151
36.392611
0 -76.299755
36.394672
0 -76.300605
36.39568
0 -76.301369
36.39987
0 -76.302558
36.400923
0 -76.304286
36.400373
0 -76.310375
36.401885
0 -76.310092
36.405296
0 -76.311933
36.407609
0 -76.314453
36.408341
0 -76.314765
36.410722
0 -76.319808
36.41395
0 -76.323094
36.417224
0 -76.323095
36.419972
0 -76.321707
36.421643
0 -76.320517
36.421918
0 -76.320149
36.423338
0 -76.320872
36.426409
0 -76.322672
36.427558
0 -76.324134
36.42608
0 -76.328673
36.424735
0 -76.328984
36.423789
0 -76.330773
36.423886
0 -76.333096
36.425442
0 -76.336665
36.424298
0 -76.339188
36.424435
0 -76.341368
36.421824
0 -76.342284
36.421618
0 -76.342596
36.421552
0 -76.345277
36.421295
0 -76.347742
36.422348
0 -76.348649
36.423401
0 -76.347517
36.425507
0 -76.347631
36.428025
0 -76.349218
36.428368
0 -76.352759
36.427657
0 -76.353382
36.426947
0 -76.35613
36.427243
0 -76.357744
36.426441
0 -76.359955
36.42802
0 -76.364405
36.429575
0 -76.367806
36.43184
0 -76.367865
36.434061
0 -76.369169
36.435068
0 -76.3675
36.438846
0 -76.367897
36.439968
0 -76.372459
36.43992
0 -76.371497
36.441248
0 -76.375562
36.442119
0 -76.376723
36.443219
0 -76.376778
36.445646
0 -76.382502
36.447228
0 -76.386385
36.446795
0 -76.390746
36.450986
0 -76.392644
36.453299
0 -76.394428
36.454468
0 -76.396724
36.454629
0 -76.39814
36.455453
0 -76.400664
36.454538
0 -76.402789
36.455088
0 -76.406049
36.454013
0 -76.408061
36.4547
0 -76.408372
36.455799
0 -76.410299
36.456143
0 -76.411772
36.457197
0 -76.412225
36.458776
0 -76.415201
36.460563
0 -76.417638
36.460472
0 -76.421323
36.461914
0 -76.42206
36.463723
0 -76.42325
36.464616
0 -76.429599
36.466517
0 -76.434134
36.467112
0 -76.437227
36.467893
0 -76.491477
36.510536
0 