-66.087982
18.059119
0 -66.089399
18.056256
0 -66.086777
18.049774
0 -66.085543
18.048348
0 -66.086399
18.044658
0 -66.087363
18.043558
0 -66.085025
18.039305
0 -66.085713
18.036186
0 -66.082263
18.032958
0 -66.079372
18.033937
0 -66.077492
18.036901
0 -66.074308
18.036771
0 -66.067367
18.037855
0 -66.064769
18.039095
0 -66.059878
18.039424
0 -66.057263
18.040434
0 -66.05418
18.037607
0 -66.052232
18.03725
0 -66.05121
18.036937
0 -66.049991
18.036053
0 -66.048108
18.035614
0 -66.047749
18.033615
0 -66.046068
18.031398
0 -66.043683
18.029445
0 -66.04331
18.025187
0 -66.044079
18.022819
0 -66.04266
18.022057
0 -66.041878
18.017094
0 -66.042248
18.016539
0 -66.045655
18.011119
0 -66.046927
18.009097
0 -66.044628
18.006501
0 -66.039779
18.004213
0 -66.039035
18.003208
0 -66.039072
18.002675
0 -66.038449
18.000654
0 -66.037719
17.998425
0 -66.035176
17.998522
0 -66.031136
17.996112
0 -66.027969
17.994493
0 -66.026402
17.992841
0 -66.023972
17.9903
0 -66.023658
17.985141
0 -66.022135
17.982411
0 -66.0195958510165
17.9784780567537
0 -66.0171479636666
17.9796822909048
0 -66.016431
17.980035
0 -66.0161953067151
17.980035
0 -66.0102591564246
17.980035
0 -66.010014
17.980035
0 -66.007161
17.979809
0 -66.00648298469
17.9795401236621
0 -66.0043887041369
17.9787096077766
0 -66.004309
17.978678
0 -65.998367
17.979131
0 -65.993851
17.978678
0 -65.989573
17.974835
0 -65.9882987949745
17.9735473928707
0 -65.9860513373193
17.9712762964286
0 -65.9858073351389
17.9710297278303
0 -65.98577
17.970992
0 -65.9848469358447
17.970268856918
0 -65.98173
17.967827
0 -65.977452
17.9676
0 -65.976864570909
17.9681588342855
0 -65.975788
17.969183
0 -65.974124
17.972574
0 -65.969608
17.973931
0 -65.9694558254211
17.9739117060562
0 -65.9663733252783
17.9735208813537
0 -65.966043
17.973479
0 -65.965625269589
17.9733547683159
0 -65.96224
17.972348
0 -65.9615753743201
17.9721249778713
0 -65.9600759593949
17.9716218334421
0 -65.958199
17.970992
0 -65.953921
17.970992
0 -65.94893
17.972122
0 -65.9462203139737
17.9725288129154
0 -65.944414
17.9728
0 -65.9431583632811
17.9725441173143
0 -65.941087
17.972122
0 -65.9385745744681
17.972122
0 -65.938234
17.972122
0 -65.9346553446565
17.9749882525194
0 -65.933937553185
17.9755631532617
0 -65.933718
17.975739
0 -65.930629
17.976644
0 -65.925875
17.976644
0 -65.920408
17.975513
0 -65.916368
17.976192
0 -65.912327
17.978452
0 -65.9096539185063
17.9807528531551
0 -65.913006
17.984929
0 -65.915757
17.984703
0 -65.917754
17.985778
0 -65.920488
17.985074
0 -65.922261
17.986059
0 -65.926154
17.985998
0 -65.92904
17.989067
0 -65.931486
17.989196
0 -65.934445
17.990218
0 -65.937918
17.992037
0 -65.942003
17.992296
0 -65.943136
17.992612
0 -65.942803
17.992983
0 -65.944631
17.996905
0 -65.945894
17.997589
0 -65.948199
18.0016
0 -65.948679
18.003886
0 -65.948761
18.004595
0 -65.951673
18.006163
0 -65.952385
18.006029
0 -65.953048
18.006339
0 -65.953582
18.010483
0 -65.954983
18.013349
0 -65.955242
18.017032
0 -65.954635
18.01809
0 -65.95272
18.019384
0 -65.952991
18.023449
0 -65.959132
18.026528
0 -65.959813
18.02818
0 -65.963517
18.028975
0 -65.965852
18.028117
0 -65.967485
18.02554
0 -65.971954
18.024463
0 -65.973685
18.02647
0 -65.97565
18.032859
0 -65.978016
18.032258
0 -65.9819
18.03484
0 -65.980971
18.035814
0 -65.980881
18.037323
0 -65.979951
18.038897
0 -65.980408
18.040458
0 -65.982176
18.040282
0 -65.982212
18.041272
0 -65.985578
18.04521
0 -65.985668
18.048345
0 -65.985187
18.050462
0 -65.986943
18.052725
0 -65.987901
18.054833
0 -65.98912
18.056918
0 -65.988523
18.058941
0 -65.990742
18.059491
0 -65.991549
18.06011
0 -65.992312
18.061429
0 -65.99345
18.060052
0 -65.994442
18.06011
0 -65.996559
18.059695
0 -65.998594
18.060121
0 -65.999133
18.059857
0 -66.000072
18.060275
0 -66.002458
18.061893
0 -66.003155
18.062055
0 -66.007395
18.066218
0 -66.010668
18.067894
0 -66.010396
18.072011
0 -66.008612
18.07374
0 -66.010245
18.075565
0 -66.013125
18.076249
0 -66.013972
18.076957
0 -66.014076
18.078709
0 -66.018169
18.081463
0 -66.019443
18.083723
0 -66.018049
18.087142
0 -66.016785
18.087605
0 -66.016253
18.089248
0 -66.016379
18.091742
0 -66.013662
18.092839
0 -66.012806
18.093959
0 -66.013056
18.096502
0 -66.015133
18.096619
0 -66.017653
18.098822
0 -66.019198
18.101032
0 -66.019442
18.102576
0 -66.020579
18.102944
0 -66.022137
18.103174
0 -66.024896
18.102448
0 -66.028065
18.10157
0 -66.031257
18.101988
0 -66.031999
18.101563
0 -66.033371
18.102481
0 -66.037497
18.103091
0 -66.038482
18.104087
0 -66.042041
18.103839
0 -66.044723
18.105252
0 -66.044908
18.106019
0 -66.04679
18.106541
0 -66.051788
18.109878
0 -66.053331
18.109254
0 -66.053146
18.107293
0 -66.055122
18.105434
0 -66.058015
18.104288
0 -66.059873
18.100953
0 -66.061413
18.09978
0 -66.060512
18.09875
0 -66.060292
18.095481
0 -66.060856
18.094836
0 -66.059925
18.09299
0 -66.060053
18.090735
0 -66.062042
18.088727
0 -66.064119
18.084683
0 -66.065796
18.082099
0 -66.067145
18.080955
0 -66.06832
18.078723
0 -66.070171
18.079709
0 -66.074543
18.076407
0 -66.075087
18.075518
0 -66.080235
18.074822
0 -66.081144
18.074107
0 -66.079164
18.070408
0 -66.079992
18.068929
0 -66.079125
18.067313
0 -66.081068
18.063915
0 -66.084267
18.062772
0 -66.087816
18.061238
0 -66.087982
18.059119
0 