-80.625602
36.60619
0 -80.625704
36.604287
0 -80.624477
36.600697
0 -80.624316
36.597224
0 -80.623225
36.593971
0 -80.623187
36.592454
0 -80.622127
36.591426
0 -80.619099
36.591259
0 -80.614973
36.588427
0 -80.615444
36.585649
0 -80.614525
36.584001
0 -80.61495
36.581385
0 -80.614535
36.578329
0 -80.613726
36.577187
0 -80.612635
36.573582
0 -80.613545
36.570422
0 -80.613093
36.568958
0 -80.614714
36.56638
0 -80.612949
36.564301
0 -80.610857
36.5626
0 -80.612594
36.561003
0 -80.6120454635313
36.5578713573992
0 -80.6120264183849
36.5578705553268
0 -80.570999691425
36.5561427447365
0 -80.5638456739035
36.5558414585226
0 -80.5638290630076
36.5558407589669
0 -80.5291213658274
36.5543790696926
0 -80.5264979901528
36.5542685881454
0 -80.5109363614658
36.5536132215384
0 -80.4804875636461
36.5523308926949
0 -80.4801837350459
36.5523180971757
0 -80.4401
36.55063
0 -80.432628
36.550302
0 -80.431605
36.550219
0 -80.3780175178644
36.5477644495137
0 -80.3370016249927
36.545885735012
0 -80.295243
36.543973
0 -80.2947919758086
36.5439722862263
0 -80.2765530911762
36.5439434220613
0 -80.228263
36.543867
0 -80.225408
36.543748
0 -80.2253389968405
36.5437473211584
0 -80.1838160804183
36.543338825607
0 -80.1729476937142
36.5432319042248
0 -80.171636
36.543219
0 -80.1696740425242
36.5431919191971
0 -80.169535
36.54319
0 -80.122183
36.542646
0 -80.0967149515049
36.5426054825282
0 -80.0534582534932
36.5425366648469
0 -80.050364
36.605752
0 -80.050211
36.609333
0 -80.052059
36.610473
0 -80.05385
36.612677
0 -80.053962
36.613708
0 -80.051695
36.619796
0 -80.052277
36.620931
0 -80.054545
36.622562
0 -80.054123
36.625877
0 -80.055661
36.628
0 -80.054749
36.629479
0 -80.055905
36.631921
0 -80.059501
36.632911
0 -80.060455
36.634489
0 -80.059092
36.636143
0 -80.058893
36.64165
0 -80.058258
36.644502
0 -80.060224
36.649159
0 -80.059976
36.652287
0 -80.058431
36.656835
0 -80.058488
36.660681
0 -80.059653
36.663544
0 -80.060193
36.664459
0 -80.063149
36.666222
0 -80.065507
36.666772
0 -80.067582
36.670733
0 -80.069004
36.672107
0 -80.069095
36.674018
0 -80.06997
36.676571
0 -80.07577
36.680829
0 -80.076226
36.685202
0 -80.078074
36.688087
0 -80.078189
36.6923
0 -80.079867
36.694292
0 -80.080407
36.697749
0 -80.081005
36.698436
0 -80.081518
36.703221
0 -80.085784
36.706334
0 -80.086011
36.707662
0 -80.089823
36.712859
0 -80.091294
36.718408
0 -80.093552
36.72149
0 -80.094207
36.724581
0 -80.093552
36.725897
0 -80.091343
36.727086
0 -80.088962
36.730774
0 -80.089543
36.734068
0 -80.086025
36.737443
0 -80.084702
36.740146
0 -80.087843
36.740589
0 -80.094166
36.745104
0 -80.094744
36.746326
0 -80.091134
36.749079
0 -80.089839
36.753211
0 -80.089908
36.753379
0 -80.089788
36.753907
0 -80.089728
36.755351
0 -80.088946
36.759935
0 -80.089028
36.761822
0 -80.091524
36.763223
0 -80.092097
36.768936
0 -80.093151
36.769722
0 -80.094987
36.774998
0 -80.095141
36.778203
0 -80.094389
36.779552
0 -80.089347
36.782511
0 -80.084787
36.784632
0 -80.082475
36.787997
0 -80.077066
36.788637
0 -80.075021
36.790761
0 -80.072593
36.790781
0 -80.071249
36.789898
0 -80.068222
36.789673
0 -80.063216
36.790141
0 -80.061336
36.793641
0 -80.05349
36.791101
0 -80.051573
36.792467
0 -80.041493
36.794365
0 -80.041737
36.797942
0 -80.04324
36.800501
0 -80.047006
36.803705
0 -80.054335
36.80755
0 -80.058924
36.811121
0 -80.059867
36.813585
0 -80.062471
36.816075
0 -80.065356
36.817177
0 -80.069971
36.819934
0 -80.07267
36.823278
0 -80.07258
36.824995
0 -80.070466
36.827856
0 -80.070701
36.830499
0 -80.072606
36.831436
0 -80.075632
36.830643
0 -80.077064
36.830928
0 -80.078869
36.835226
0 -80.077428
36.836956
0 -80.074966
36.836538
0 -80.071408
36.835422
0 -80.070391
36.83445
0 -80.069143
36.834559
0 -80.067716
36.83861
0 -80.066449
36.841057
0 -80.067055
36.841901
0 -80.070244
36.843519
0 -80.072386
36.845591
0 -80.074392
36.846599
0 -80.077155
36.847146
0 -80.083969
36.849105
0 -80.086477
36.848395
0 -80.087367
36.846723
0 -80.089622
36.845594
0 -80.093632
36.84587
0 -80.099725
36.84588
0 -80.101942
36.846742
0 -80.195775
36.864554
0 -80.197006
36.864492
0 -80.198285
36.864747
0 -80.235455
36.87213
0 -80.238976
36.872078
0 -80.239368
36.870493
0 -80.242002
36.869915
0 -80.245698
36.870458
0 -80.248812
36.869917
0 -80.251339
36.870664
0 -80.253304
36.870687
0 -80.254356
36.868626
0 -80.253937
36.866532
0 -80.255234
36.864671
0 -80.26148
36.863903
0 -80.263933
36.863426
0 -80.264673
36.862131
0 -80.268845
36.862826
0 -80.270292
36.859893
0 -80.27277
36.859436
0 -80.274093
36.861831
0 -80.277356
36.86162
0 -80.27787
36.860908
0 -80.279815
36.861212
0 -80.280092
36.859695
0 -80.286446
36.858209
0 -80.287637
36.85917
0 -80.28999
36.857579
0 -80.291412
36.854821
0 -80.29061
36.853681
0 -80.291139
36.852356
0 -80.293521
36.851842
0 -80.292738
36.850009
0 -80.294491
36.849975
0 -80.294171
36.847809
0 -80.295973
36.847831
0 -80.298241
36.846206
0 -80.299703
36.846271
0 -80.30141
36.844601
0 -80.304862
36.843158
0 -80.305165
36.842286
0 -80.305975
36.843098
0 -80.309735
36.844277
0 -80.311789
36.843554
0 -80.317297
36.843729
0 -80.318204
36.843
0 -80.319805
36.84203
0 -80.321006
36.84082
0 -80.321496
36.837571
0 -80.325439
36.836572
0 -80.32692
36.836507
0 -80.328187
36.833953
0 -80.326919
36.83234
0 -80.328395
36.830759
0 -80.334282
36.83192
0 -80.336062
36.832738
0 -80.338181
36.832419
0 -80.341953
36.833249
0 -80.34396
36.832547
0 -80.345825
36.830037
0 -80.343596
36.828276
0 -80.343429
36.825529
0 -80.34185
36.823863
0 -80.341635
36.820227
0 -80.34309
36.817494
0 -80.344456
36.815873
0 -80.344442
36.813471
0 -80.346707
36.811854
0 -80.34899
36.811985
0 -80.350248
36.810712
0 -80.349951
36.808973
0 -80.350905
36.808314
0 -80.354247
36.807262
0 -80.356145
36.805912
0 -80.360351
36.805266
0 -80.361599
36.80309
0 -80.366193
36.804271
0 -80.368685
36.803136
0 -80.371032
36.80279
0 -80.372483
36.803177
0 -80.374198
36.804552
0 -80.376799
36.803578
0 -80.379207
36.802065
0 -80.380805
36.799869
0 -80.381891
36.799125
0 -80.385373
36.798658
0 -80.386909
36.797676
0 -80.388162
36.794792
0 -80.388075
36.793648
0 -80.390928
36.792613
0 -80.3905
36.789843
0 -80.387787
36.787961
0 -80.385329
36.785106
0 -80.385605
36.783249
0 -80.38973
36.781369
0 -80.391672
36.77971
0 -80.391998
36.77609
0 -80.390668
36.774621
0 -80.387834
36.773697
0 -80.387659
36.769959
0 -80.39098
36.768664
0 -80.393139
36.767318
0 -80.395165
36.765352
0 -80.397377
36.764327
0 -80.397722
36.758991
0 -80.39748
36.75726
0 -80.398142
36.756161
0 -80.39708
36.755738
0 -80.397272
36.753134
0 -80.39647
36.751252
0 -80.393929
36.749469
0 -80.393179
36.74834
0 -80.395791
36.746484
0 -80.394754
36.744439
0 -80.398426
36.742792
0 -80.400163
36.742599
0 -80.402784
36.744151
0 -80.405001
36.744041
0 -80.406129
36.74254
0 -80.409332
36.742676
0 -80.411719
36.741844
0 -80.415083
36.742966
0 -80.419914
36.742453
0 -80.420726
36.743716
0 -80.423409
36.743434
0 -80.425766
36.744203
0 -80.429314
36.743221
0 -80.432544
36.743646
0 -80.433608
36.745263
0 -80.438846
36.74646
0 -80.443794
36.747859
0 -80.44705
36.745577
0 -80.449264
36.745087
0 -80.451812
36.743069
0 -80.452709
36.741723
0 -80.455672
36.73916
0 -80.457761
36.739212
0 -80.458572
36.738359
0 -80.455546
36.735309
0 -80.452954
36.733378
0 -80.452573
36.732531
0 -80.45344
36.72903
0 -80.456376
36.729012
0 -80.456863
36.726603
0 -80.461502
36.72491
0 -80.462564
36.717893
0 -80.46404
36.716592
0 -80.463803
36.713791
0 -80.464266
36.712068
0 -80.46418
36.708718
0 -80.462496
36.707572
0 -80.459159
36.707399
0 -80.455244
36.705356
0 -80.45377
36.700447
0 -80.457187
36.698487
0 -80.45811
36.696526
0 -80.458197
36.694443
0 -80.459908
36.693713
0 -80.460343
36.692249
0 -80.460104
36.688107
0 -80.461459
36.686693
0 -80.462029
36.684719
0 -80.463609
36.682062
0 -80.463304
36.679122
0 -80.465106
36.677617
0 -80.466011
36.673072
0 -80.469215
36.671946
0 -80.470356
36.670243
0 -80.47399
36.668233
0 -80.478673
36.667411
0 -80.479278
36.665938
0 -80.480635
36.664895
0 -80.48393
36.665924
0 -80.484896
36.665692
0 -80.486566
36.663969
0 -80.486677
36.663104
0 -80.4893
36.661867
0 -80.488875
36.659261
0 -80.489638
36.657738
0 -80.489124
36.656101
0 -80.487931
36.655519
0 -80.487329
36.653822
0 -80.488737
36.650354
0 -80.491216
36.652696
0 -80.494043
36.652469
0 -80.496338
36.654012
0 -80.498882
36.65494
0 -80.501191
36.656612
0 -80.504512
36.654715
0 -80.504905
36.653324
0 -80.506649
36.65219
0 -80.510362
36.651484
0 -80.514174
36.648938
0 -80.51651
36.649841
0 -80.519144
36.647314
0 -80.523075
36.645925
0 -80.525522
36.644114
0 -80.528136
36.645901
0 -80.531357
36.645235
0 -80.53425
36.643034
0 -80.535763
36.642993
0 -80.53689
36.641453
0 -80.539047
36.641029
0 -80.541149
36.641258
0 -80.544644
36.64261
0 -80.547737
36.642951
0 -80.549978
36.642663
0 -80.550993
36.644227
0 -80.549671
36.646895
0 -80.55029
36.648804
0 -80.551765
36.649619
0 -80.552399
36.652112
0 -80.553877
36.653143
0 -80.555403
36.653479
0 -80.558131
36.651399
0 -80.56489
36.652523
0 -80.563985
36.653838
0 -80.566438
36.657013
0 -80.568216
36.657221
0 -80.569797
36.656501
0 -80.573685
36.658799
0 -80.578148
36.662118
0 -80.580988
36.662711
0 -80.582881
36.662445
0 -80.58963
36.662655
0 -80.594947
36.661372
0 -80.591854
36.657399
0 -80.592857
36.65498
0 -80.594976
36.654535
0 -80.596707
36.652503
0 -80.598708
36.651317
0 -80.600494
36.651382
0 -80.602708
36.652881
0 -80.604125
36.650513
0 -80.603922
36.647125
0 -80.602913
36.643226
0 -80.603138
36.639904
0 -80.604573
36.636949
0 -80.607183
36.63552
0 -80.608395
36.63372
0 -80.610984
36.633119
0 -80.611182
36.631059
0 -80.613046
36.628402
0 -80.612702
36.627617
0 -80.615129
36.625924
0 -80.613935
36.62476
0 -80.614251
36.623286
0 -80.617355
36.623706
0 -80.618019
36.622469
0 -80.621751
36.619833
0 -80.622242
36.6181
0 -80.621161
36.615732
0 -80.619299
36.613071
0 -80.622895
36.607447
0 -80.625602
36.60619
0 