-97.354132
36.159072
0 -97.353787
36.116372
0 -97.353786
36.116273
0 -97.353785
36.116068
0 -97.353786
36.115993
0 -97.353795
36.115669
0 -97.353803
36.114302
0 -97.353827
36.112005
0 -97.3539
36.111362
0 -97.353967
36.058049
0 -97.353966
36.057992
0 -97.353963
36.057821
0 -97.353963
36.057765
0 -97.35387
35.984934
0 -97.353249
35.985334
0 -97.347057
35.988405
0 -97.339747
35.993674
0 -97.336612
35.999169
0 -97.336624
36.000061
0 -97.334042
36.004669
0 -97.331398
36.006734
0 -97.328282
36.006912
0 -97.326259
36.008174
0 -97.32362
36.010877
0 -97.316755
36.011298
0 -97.311947
36.010306
0 -97.308611
36.01099
0 -97.300453
36.009273
0 -97.297101
36.007693
0 -97.294601
36.005557
0 -97.287467
35.996682
0 -97.285359
35.99179
0 -97.284544
35.987142
0 -97.284528
35.985448
0 -97.285885
35.98049
0 -97.284264
35.978818
0 -97.282228
35.977972
0 -97.27856
35.974462
0 -97.276704
35.973459
0 -97.270401
35.972798
0 -97.26539
35.972789
0 -97.263616
35.973392
0 -97.257915
35.97328
0 -97.251805
35.972566
0 -97.246852
35.972368
0 -97.243174
35.972182
0 -97.234292
35.969601
0 -97.232046
35.968042
0 -97.226261
35.96637
0 -97.221192
35.964573
0 -97.219109
35.96266
0 -97.217617
35.96034
0 -97.212172
35.954724
0 -97.20955
35.951429
0 -97.208062
35.94776
0 -97.205841
35.945959
0 -97.203592
35.944795
0 -97.195192
35.942239
0 -97.189552
35.941156
0 -97.180593
35.940687
0 -97.172378
35.941006
0 -97.16687
35.942825
0 -97.161856
35.943855
0 -97.158227
35.945153
0 -97.151411
35.948423
0 -97.145478
35.952148
0 -97.14289
35.954219
0 -97.140826
35.958091
0 -97.140484
35.958935
0 -97.140704
35.951361
0 -97.140583
35.941991
0 -97.038808
35.941978
0 -97.034006
35.942279
0 -97.029666
35.941884
0 -97.016421
35.942068
0 -96.945041
35.942153
0 -96.943944
35.942048
0 -96.926929
35.942044
0 -96.926069
35.941891
0 -96.918026
35.941834
0 -96.909532
35.941545
0 -96.891591
35.941357
0 -96.875155
35.942099
0 -96.86488
35.942153
0 -96.820292
35.94229
0 -96.784766
35.942187
0 -96.767255
35.942126
0 -96.757865
35.942144
0 -96.731535
35.942176
0 -96.695896
35.942085
0 -96.677874
35.942073
0 -96.660119
35.941665
0 -96.651047
35.941758
0 -96.648506
35.941815
0 -96.647031
35.941957
0 -96.642477
35.941925
0 -96.637832
35.941686
0 -96.633181
35.941502
0 -96.621097
35.941519
0 -96.621487
35.956557
0 -96.621353
35.95923
0 -96.621024
35.969824
0 -96.621177
35.973688
0 -96.621264
35.978233
0 -96.621267
35.978389
0 -96.621416
35.985944
0 -96.622057
36.00042
0 -96.62237
36.001368
0 -96.622382
36.002828
0 -96.622564
36.02579
0 -96.622847
36.047063
0 -96.622832
36.047278
0 -96.622863
36.058417
0 -96.622703
36.073076
0 -96.622444
36.126568
0 -96.621441
36.159929
0 -96.626393
36.160161
0 -96.629061
36.159841
0 -96.641755
36.159781
0 -96.65857
36.159741
0 -96.661543
36.159647
0 -96.661749
36.159779
0 -96.72449
36.159492
0 -96.727051
36.159234
0 -96.730923
36.159483
0 -96.819005
36.158886
0 -96.81901
36.161672
0 -96.818996
36.162437
0 -96.818712
36.216866
0 -96.818637
36.222467
0 -96.818888
36.225516
0 -96.818528
36.226786
0 -96.81838
36.232112
0 -96.818968
36.246478
0 -96.837117
36.246514
0 -96.853888
36.246515
0 -96.854138
36.246541
0 -96.871344
36.246487
0 -96.889833
36.246419
0 -96.925069
36.246474
0 -96.934231
36.246472
0 -96.969378
36.246426
0 -96.997242
36.246501
0 -97.014537
36.246466
0 -97.103655
36.246465
0 -97.13889
36.246422
0 -97.140968
36.246435
0 -97.140855
36.209855
0 -97.140855
36.201749
0 -97.140988
36.201298
0 -97.140647
36.162827
0 -97.140668
36.159231
0 -97.17642
36.159235
0 -97.23806
36.159319
0 -97.255652
36.159337
0 -97.300568
36.159167
0 -97.327169
36.15913
0 -97.354132
36.159072
0 