-84.016397
32.508208
0 -84.018147
32.506406
0 -83.987426
32.50609
0 -83.987287
32.514336
0 -83.971208
32.514248
0 -83.971115
32.505927
0 -83.932472
32.50569
0 -83.932211
32.511645
0 -83.923363
32.511355
0 -83.924
32.504494
0 -83.931122
32.483745
0 -83.923017
32.483264
0 -83.922832
32.497428
0 -83.900503
32.496982
0 -83.898656
32.495475
0 -83.896678
32.494543
0 -83.892473
32.49414
0 -83.891356
32.494611
0 -83.886478
32.493743
0 -83.884537
32.49194
0 -83.882702
32.492004
0 -83.881323
32.490665
0 -83.879547
32.490518
0 -83.877066
32.489015
0 -83.875842
32.486081
0 -83.874672
32.485081
0 -83.873406
32.481135
0 -83.872089
32.479014
0 -83.870938
32.478561
0 -83.867089
32.478223
0 -83.864785
32.477533
0 -83.863336
32.476494
0 -83.859881
32.475454
0 -83.855578
32.47526
0 -83.853341
32.474781
0 -83.849377
32.472872
0 -83.847616
32.469437
0 -83.846676
32.468514
0 -83.844637
32.465817
0 -83.844196
32.463867
0 -83.842618
32.461267
0 -83.840338
32.460199
0 -83.837824
32.461123
0 -83.834436
32.45989
0 -83.83259
32.458658
0 -83.828639
32.458163
0 -83.827785
32.457557
0 -83.827637
32.439148
0 -83.821225
32.439391
0 -83.817118
32.439876
0 -83.81715
32.44671
0 -83.797712
32.44699
0 -83.797699
32.48044
0 -83.797517
32.481606
0 -83.797691
32.48429
0 -83.797697
32.484779
0 -83.797697
32.485041
0 -83.797694
32.496568
0 -83.787752
32.49653
0 -83.787841
32.499974
0 -83.787186
32.512849
0 -83.777907
32.512948
0 -83.777979
32.507606
0 -83.778007
32.505547
0 -83.772385
32.505464
0 -83.772242
32.505463
0 -83.749907
32.505148
0 -83.749007
32.505248
0 -83.748969
32.517693
0 -83.748954
32.522278
0 -83.748954
32.522608
0 -83.748697
32.534157
0 -83.748161
32.533394
0 -83.745066
32.531855
0 -83.74335
32.531926
0 -83.738203
32.528399
0 -83.736972
32.528812
0 -83.733907
32.526775
0 -83.732719
32.523114
0 -83.731536
32.522495
0 -83.729962
32.522444
0 -83.727581
32.522657
0 -83.726622
32.521219
0 -83.723139
32.521122
0 -83.721894
32.523258
0 -83.719859
32.53176
0 -83.719967
32.546421
0 -83.719966
32.546544
0 -83.719962
32.546805
0 -83.720064
32.578272
0 -83.720057
32.580909
0 -83.720048
32.584121
0 -83.71977
32.585947
0 -83.71931
32.588904
0 -83.71918
32.595823
0 -83.719186
32.597774
0 -83.719138
32.598199
0 -83.714467
32.603343
0 -83.71399
32.60449
0 -83.713676
32.606111
0 -83.712812
32.60998
0 -83.712638
32.610382
0 -83.718079
32.610635
0 -83.718706
32.610644
0 -83.718685
32.613737
0 -83.718681
32.6144
0 -83.718679
32.614586
0 -83.718679
32.614604
0 -83.718651
32.618653
0 -83.718651
32.618954
0 -83.718651
32.619011
0 -83.718671
32.621446
0 -83.718684
32.623098
0 -83.718666
32.626543
0 -83.718571
32.63474
0 -83.718631
32.634983
0 -83.727279
32.635033
0 -83.728175
32.635134
0 -83.728181
32.635159
0 -83.728226
32.635472
0 -83.728187
32.639135
0 -83.728066
32.650768
0 -83.727768
32.651428
0 -83.709152
32.651304
0 -83.709133
32.653066
0 -83.709057
32.659422
0 -83.708914
32.674959
0 -83.70437
32.678351
0 -83.702562
32.681215
0 -83.702434
32.684384
0 -83.701474
32.687087
0 -83.70109
32.691598
0 -83.73818
32.692238
0 -83.747522
32.692434
0 -83.761203
32.69274
0 -83.764531
32.692815
0 -83.766611
32.692622
0 -83.807615
32.664363
0 -83.817676
32.657637
0 -83.837234
32.644141
0 -83.861492
32.627249
0 -83.871042
32.621078
0 -83.882642
32.613103
0 -83.920124
32.586993
0 -83.922375
32.587203
0 -83.929747
32.587293
0 -83.930508
32.580046
0 -83.945364
32.569617
0 -83.945084
32.562571
0 -83.945237
32.552667
0 -83.955002
32.55274
0 -83.954708
32.563048
0 -83.956703
32.561798
0 -83.973315
32.550474
0 -84.003109
32.530189
0 -84.003363
32.529927
0 -84.003362
32.526885
0 -84.001312
32.524075
0 -84.000559
32.521544
0 -84.001069
32.520586
0 -84.004385
32.52098
0 -84.007258
32.522967
0 -84.00849
32.521769
0 -84.009515
32.518324
0 -84.008774
32.516513
0 -84.010371
32.514972
0 -84.013828
32.514899
0 -84.015331
32.513737
0 -84.016609
32.511741
0 -84.016186
32.509878
0 -84.013645
32.510737
0 -84.014222
32.508642
0 -84.016397
32.508208
0 