-89.852263
30.662934
0 -89.851889
30.661199
0 -89.840988
30.658515
0 -89.836047
30.657298
0 -89.833261
30.657516
0 -89.824986
30.649423
0 -89.825744
30.645273
0 -89.82138
30.646528
0 -89.820587
30.644758
0 -89.823418
30.642841
0 -89.823448
30.639871
0 -89.820469
30.638262
0 -89.815788
30.639215
0 -89.813977
30.63818
0 -89.81385
30.636795
0 -89.818081
30.634019
0 -89.820068
30.632808
0 -89.820571
30.628355
0 -89.82228
30.626063
0 -89.8226517562371
30.6248276021069
0 -89.823261
30.622803
0 -89.826248
30.621259
0 -89.829948
30.622221
0 -89.830337
30.619779
0 -89.8305269207533
30.6189500426136
0 -89.830825
30.617649
0 -89.829902
30.616706
0 -89.828155
30.617931
0 -89.825271
30.618272
0 -89.821424
30.619815
0 -89.820868
30.618254
0 -89.822389
30.614462
0 -89.823278
30.60823
0 -89.821286
30.60713
0 -89.816905
30.60862
0 -89.81538
30.608566
0 -89.81392
30.607721
0 -89.814563
30.606152
0 -89.818117
30.604954
0 -89.822334
30.604642
0 -89.819969
30.602081
0 -89.817202
30.600891
0 -89.814041
30.598587
0 -89.8141897790341
30.5977903246064
0 -89.8143239360782
30.5970719463987
0 -89.81443
30.596504
0 -89.819696
30.596785
0 -89.819838
30.59534
0 -89.818527
30.592688
0 -89.816396
30.591646
0 -89.8140234198428
30.591550255571
0 -89.8124617126992
30.5914872335659
0 -89.812109
30.591473
0 -89.811431
30.586641
0 -89.8095573359544
30.5869433580282
0 -89.807118
30.587337
0 -89.807762
30.585825
0 -89.809739
30.584714
0 -89.8120710339305
30.5854866759069
0 -89.813735
30.586038
0 -89.815122
30.584735
0 -89.813681983386
30.5827162238639
0 -89.812925
30.581655
0 -89.809684
30.580293
0 -89.8074224002749
30.5737223403271
0 -89.8072307895013
30.5731656506665
0 -89.806843
30.572039
0 -89.808184
30.568795
0 -89.808027
30.567998
0 -89.806182
30.567543
0 -89.803753
30.568148
0 -89.799947
30.569351
0 -89.794495
30.569653
0 -89.793978
30.567231
0 -89.795685
30.565653
0 -89.794335
30.565328
0 -89.793308
30.565159
0 -89.791435
30.565464
0 -89.791397
30.569435
0 -89.7907719014103
30.5697641093523
0 -89.789604
30.570379
0 -89.7886095247504
30.5698975563414
0 -89.786865
30.569053
0 -89.787719
30.566431
0 -89.791254
30.561369
0 -89.796697
30.561718
0 -89.800277
30.563695
0 -89.801494
30.563703
0 -89.802833
30.562879
0 -89.803887
30.560581
0 -89.803831
30.558888
0 -89.802789
30.557903
0 -89.794532
30.556554
0 -89.791664
30.551524
0 -89.79196
30.548788
0 -89.793989
30.548283
0 -89.797981
30.549118
0 -89.802986
30.550947
0 -89.803919
30.549349
0 -89.799693
30.547065
0 -89.793818
30.545935
0 -89.791046
30.545046
0 -89.788542
30.544464
0 -89.783994
30.544075
0 -89.780246
30.544607
0 -89.779565
30.544345
0 -89.775355
30.538848
0 -89.771643
30.530249
0 -89.770744
30.527819
0 -89.769996
30.521896
0 -89.768133
30.51502
0 -89.76057
30.515761
0 -89.758862
30.513062
0 -89.758575
30.505942
0 -89.758133
30.505404
0 -89.752931
30.502493
0 -89.746435
30.502619
0 -89.742816
30.498704
0 -89.742396
30.497316
0 -89.734615
30.494723
0 -89.726154
30.49256
0 -89.7246380002795
30.4919122546649
0 -89.724614
30.491902
0 -89.7214350091729
30.488851724502
0 -89.721181
30.488608
0 -89.719652
30.483166
0 -89.715886
30.477797
0 -89.712493
30.47751
0 -89.710164
30.478308
0 -89.709551
30.477853
0 -89.705538
30.47235
0 -89.701799
30.465115
0 -89.6983958945006
30.4640565109095
0 -89.695864
30.463269
0 -89.690102
30.459657
0 -89.6897794685397
30.4592779821573
0 -89.684157
30.459152
0 -89.677226
30.459103
0 -89.646961
30.458892
0 -89.647072
30.502738
0 -89.625061
30.502312
0 -89.600284
30.502469
0 -89.599154
30.502474
0 -89.595733
30.502488
0 -89.595873
30.517069
0 -89.587527
30.517068
0 -89.585799
30.516905
0 -89.563144
30.516879
0 -89.558086
30.516876
0 -89.54451
30.516862
0 -89.544187
30.523636
0 -89.543762
30.585704
0 -89.544045
30.62774
0 -89.544232
30.648368
0 -89.530162
30.648375
0 -89.500056
30.648363
0 -89.495158
30.648076
0 -89.428121
30.647808
0 -89.40222
30.647713
0 -89.341446
30.64772
0 -89.341393
30.695093
0 -89.341264
30.785968
0 -89.340896
30.857628
0 -89.340898
30.880041
0 -89.340872
30.895042
0 -89.340806
30.909912
0 -89.340876
30.911406
0 -89.340701
31.001033
0 -89.348966
31.001043
0 -89.34895
31.01037
0 -89.424808
31.010114
0 -89.424876
31.005355
0 -89.424981
30.997452
0 -89.425337
30.982452
0 -89.441578
30.982884
0 -89.46706
30.9829
0 -89.471345
30.982901
0 -89.476022
30.982901
0 -89.475943
30.992267
0 -89.475904
30.998574
0 -89.47594
31.001363
0 -89.49553
31.001562
0 -89.497921
31.001587
0 -89.501396
31.001461
0 -89.501424
31.008376
0 -89.501436
31.0111
0 -89.501411
31.013907
0 -89.533141
31.013946
0 -89.539817
31.013951
0 -89.551854
31.014004
0 -89.551891
31.007724
0 -89.551851
31.001917
0 -89.61003
31.002345
0 -89.62507
31.002501
0 -89.654038
31.002502
0 -89.7281451296188
31.0022996279851
0 -89.728126
31.000956
0 -89.73
30.999749
0 -89.73554
30.999715
0 -89.734227
30.995602
0 -89.732035
30.994409
0 -89.728563
30.994396
0 -89.727698
30.993329
0 -89.72993
30.98209
0 -89.730501
30.979707
0 -89.732168
30.978088
0 -89.735912
30.977865
0 -89.736883
30.977122
0 -89.737149
30.976081
0 -89.736086
30.974446
0 -89.728382
30.971141
0 -89.727086
30.969707
0 -89.727072
30.967395
0 -89.728041
30.966518
0 -89.729327
30.966242
0 -89.731393
30.96613
0 -89.733933
30.966919
0 -89.735686
30.966573
0 -89.743134
30.959993
0 -89.743592
30.958482
0 -89.751196
30.951439
0 -89.756333
30.943498
0 -89.756554
30.941949
0 -89.755835
30.939543
0 -89.750073
30.935763
0 -89.748897
30.933888
0 -89.748851
30.932816
0 -89.750073
30.929815
0 -89.752549
30.928157
0 -89.752812
30.925413
0 -89.750741
30.923246
0 -89.748208
30.923369
0 -89.745161
30.922416
0 -89.744448
30.920577
0 -89.744789
30.918933
0 -89.746718
30.915805
0 -89.750073
30.91293
0 -89.754086
30.9128
0 -89.757417
30.914993
0 -89.759403
30.915134
0 -89.7626
30.913736
0 -89.764202
30.911906
0 -89.764451
30.910276
0 -89.763622
30.907732
0 -89.761593
30.906591
0 -89.759803
30.906216
0 -89.756671
30.901069
0 -89.757024
30.898947
0 -89.758719
30.897319
0 -89.760701
30.896306
0 -89.765101
30.896919
0 -89.770269
30.89939
0 -89.771986
30.899127
0 -89.773099
30.898338
0 -89.773553
30.896862
0 -89.772011
30.89024
0 -89.770027
30.882254
0 -89.775458
30.881497
0 -89.77711
30.881088
0 -89.7780861076074
30.8796400739157
0 -89.778583
30.878903
0 -89.779194
30.875185
0 -89.778005
30.873411
0 -89.768237
30.866392
0 -89.767789
30.865577
0 -89.767955
30.863858
0 -89.771722
30.854677
0 -89.772587
30.85366
0 -89.774739
30.853254
0 -89.778755
30.8558
0 -89.781643
30.856613
0 -89.783384
30.856022
0 -89.784073
30.85527
0 -89.784416
30.853744
0 -89.783791
30.852131
0 -89.780947
30.848542
0 -89.780228
30.846235
0 -89.7806
30.845508
0 -89.782649
30.845264
0 -89.784717
30.84623
0 -89.785603
30.847523
0 -89.785977
30.849175
0 -89.78744
30.84952
0 -89.789509
30.851382
0 -89.791027
30.851534
0 -89.79247
30.850386
0 -89.791872
30.848692
0 -89.789365
30.847064
0 -89.7875
30.844112
0 -89.790121
30.837983
0 -89.790805
30.832131
0 -89.790432
30.830985
0 -89.789426
30.83047
0 -89.786837
30.830642
0 -89.784092
30.832889
0 -89.78235
30.832552
0 -89.782256
30.831261
0 -89.783985
30.827385
0 -89.787493
30.824193
0 -89.787454
30.822587
0 -89.786382
30.82124
0 -89.784529
30.820903
0 -89.782202
30.82122
0 -89.781168
30.820123
0 -89.782404
30.817975
0 -89.785894
30.815962
0 -89.791745
30.820387
0 -89.79276
30.820297
0 -89.793485
30.819658
0 -89.793959
30.817922
0 -89.794526
30.817405
0 -89.795327
30.817227
0 -89.796184
30.818098
0 -89.796147
30.818937
0 -89.795497
30.820754
0 -89.796634
30.821648
0 -89.797491
30.821478
0 -89.798654
30.820855
0 -89.800049
30.819078
0 -89.799673
30.815172
0 -89.797809
30.813196
0 -89.797156
30.811753
0 -89.797425
30.811454
0 -89.799027
30.811339
0 -89.800422
30.810425
0 -89.804252
30.806934
0 -89.804065
30.803247
0 -89.804632
30.802511
0 -89.808176
30.800562
0 -89.810143
30.799846
0 -89.8106509599102
30.7993889349057
0 -89.811171
30.798921
0 -89.811479
30.797996
0 -89.810863
30.797379
0 -89.808601
30.794913
0 -89.807071
30.793908
0 -89.806237
30.793371
0 -89.804901
30.792549
0 -89.804696
30.791624
0 -89.805107
30.790596
0 -89.806763
30.789069
0 -89.810657
30.788026
0 -89.812096
30.788437
0 -89.81261
30.789876
0 -89.813535
30.792035
0 -89.813946
30.793782
0 -89.816418
30.796054
0 -89.817559
30.796054
0 -89.819164
30.795229
0 -89.821078
30.792523
0 -89.8212752774948
30.7918750788161
0 -89.821486
30.791183
0 -89.82113
30.788609
0 -89.819024
30.784371
0 -89.820087
30.782391
0 -89.824395
30.779629
0 -89.828055
30.783416
0 -89.830418
30.779842
0 -89.827656
30.774815
0 -89.827819
30.771223
0 -89.828756
30.768736
0 -89.831537
30.76761
0 -89.8321274187491
30.7655086244292
0 -89.8322358941349
30.7651225467069
0 -89.832408
30.76451
0 -89.8303205727095
30.76186597041
0 -89.829314
30.760591
0 -89.826121
30.759014
0 -89.82688
30.756067
0 -89.832649
30.755994
0 -89.833167
30.753314
0 -89.829349
30.751318
0 -89.82657
30.753137
0 -89.824227
30.755158
0 -89.822459
30.754628
0 -89.825774
30.747305
0 -89.825101
30.742079
0 -89.828697
30.739451
0 -89.82775
30.738365
0 -89.826351
30.738365
0 -89.822969
30.740075
0 -89.819548
30.740671
0 -89.816764
30.740076
0 -89.816075
30.739366
0 -89.816499
30.737946
0 -89.81748
30.737305
0 -89.821535
30.736618
0 -89.8258969313316
30.736307122431
0 -89.827414
30.736199
0 -89.833818
30.736972
0 -89.835437
30.73626
0 -89.8358006647861
30.7358542079603
0 -89.83687
30.734661
0 -89.836945
30.728201
0 -89.836331
30.727197
0 -89.833065
30.726759
0 -89.828061
30.725018
0 -89.83006
30.71631
0 -89.831961
30.715384
0 -89.836257
30.716185
0 -89.845801
30.707314
0 -89.846576
30.706209
0 -89.8461928375923
30.7049993857529
0 -89.845926
30.704157
0 -89.843605
30.702511
0 -89.84173
30.702713
0 -89.839312
30.704143
0 -89.838065
30.704036
0 -89.835848
30.699555
0 -89.8357974621526
30.6984091567519
0 -89.835478
30.691166
0 -89.836797
30.690573
0 -89.844965
30.674691
0 -89.847201
30.670038
0 -89.845807
30.668931
0 -89.843816
30.668761
0 -89.842344
30.669724
0 -89.84135
30.671963
0 -89.840597
30.67288
0 -89.838868
30.673731
0 -89.837894
30.672514
0 -89.838804
30.66909
0 -89.8417869041958
30.665556526803
0 -89.843355
30.663699
0 -89.845642
30.663569
0 -89.846917
30.663952
0 -89.848879
30.665202
0 -89.85055
30.664781
0 -89.852263
30.662934
0 