-96.501028
48.108693
0 -96.500888
48.035645
0 -96.500901
48.021656
0 -96.482586
48.021673
0 -96.482677
47.981223
0 -96.482471
47.978653
0 -96.48255
47.963595
0 -96.39585
47.96338
0 -96.35264
47.96338
0 -96.31
47.96328
0 -96.29933
47.96299
0 -96.28839
47.96295
0 -96.23338
47.962783
0 -96.222692
47.962767
0 -96.21531
47.96284
0 -96.184906
47.962948
0 -96.18254
47.96314
0 -96.15263
47.963023
0 -96.09612
47.963696
0 -96.09093
47.96347
0 -96.07583
47.96357
0 -95.96737
47.96447
0 -95.957013
47.964186
0 -95.83824
47.96454
0 -95.81827
47.96448
0 -95.70984
47.96433
0 -95.709802
47.949348
0 -95.709745
47.94658
0 -95.709619
47.935805
0 -95.684878
47.935137
0 -95.666299
47.935053
0 -95.663421
47.934888
0 -95.656464
47.935003
0 -95.582155
47.933966
0 -95.58243
47.991233
0 -95.582887
48.020557
0 -95.592487
48.020558
0 -95.593094
48.107612
0 -95.593788
48.172916
0 -95.660723
48.172867
0 -95.72252
48.172987
0 -95.83074
48.172107
0 -95.852776
48.172052
0 -95.905783
48.171893
0 -95.917773
48.171865
0 -95.981727
48.171686
0 -96.108522
48.171801
0 -96.118905
48.172141
0 -96.12972
48.172926
0 -96.173639
48.173695
0 -96.180798
48.172623
0 -96.183407
48.171993
0 -96.207083
48.172113
0 -96.217617
48.172141
0 -96.239744
48.172694
0 -96.260725
48.174875
0 -96.30267
48.174659
0 -96.335608
48.174428
0 -96.346619
48.174298
0 -96.368524
48.175052
0 -96.380059
48.174476
0 -96.389414
48.174788
0 -96.456502
48.174386
0 -96.497334
48.173982
0 -96.500843
48.174108
0 -96.501028
48.108693
0 