-66.76969
18.087833
0 -66.769155
18.085213
0 -66.766795
18.083551
0 -66.765884
18.082197
0 -66.766215
18.080564
0 -66.765919
18.077994
0 -66.766998
18.07743
0 -66.766327
18.076421
0 -66.766538
18.074705
0 -66.767925
18.073613
0 -66.76891
18.070603
0 -66.768119
18.068561
0 -66.768364
18.067428
0 -66.767376
18.066216
0 -66.767405
18.064248
0 -66.76671
18.062903
0 -66.768788
18.060775
0 -66.769504
18.059069
0 -66.768423
18.057241
0 -66.768753
18.056077
0 -66.766482
18.052079
0 -66.766425
18.050354
0 -66.768072
18.049159
0 -66.767956
18.045853
0 -66.767045
18.044811
0 -66.766097
18.039857
0 -66.765131
18.03898
0 -66.764437
18.041386
0 -66.763166
18.044301
0 -66.762964
18.046997
0 -66.761492
18.047862
0 -66.75945
18.051888
0 -66.757424
18.053548
0 -66.756707
18.055306
0 -66.75564
18.056235
0 -66.754786
18.053561
0 -66.753962
18.052551
0 -66.754123
18.050991
0 -66.753517
18.049552
0 -66.752351
18.049468
0 -66.75156
18.048305
0 -66.748819
18.046068
0 -66.746599
18.044764
0 -66.743652
18.04587
0 -66.740295
18.044878
0 -66.738798
18.047449
0 -66.738173
18.044853
0 -66.736335
18.043507
0 -66.73629
18.042404
0 -66.738423
18.041091
0 -66.739186
18.03954
0 -66.738287
18.036803
0 -66.739897
18.035268
0 -66.741037
18.033077
0 -66.74172
18.030531
0 -66.739897
18.029098
0 -66.737218
18.02466
0 -66.735943
18.023424
0 -66.736121
18.022515
0 -66.734223
18.020529
0 -66.732995
18.017494
0 -66.734528
18.014304
0 -66.73765
18.013354
0 -66.739833
18.014235
0 -66.741884
18.013566
0 -66.748822
18.010752
0 -66.751373
18.006582
0 -66.751264
18.005503
0 -66.752053
18.001915
0 -66.75246
18.001212
0 -66.754288
17.999101
0 -66.7616294905104
17.9981888826794
0 -66.7614529785127
17.998021
0 -66.760958975828
17.9975511481177
0 -66.7587648065884
17.9954642474204
0 -66.758467
17.995181
0 -66.7567375779531
17.9914792544404
0 -66.756566
17.991112
0 -66.757041
17.986139
0 -66.7618696511575
17.9844162957389
0 -66.762745
17.984104
0 -66.762745
17.980713
0 -66.7622642812356
17.9802811621759
0 -66.7592414427079
17.9775656950272
0 -66.758467
17.97687
0 -66.756566
17.975739
0 -66.7558247463694
17.9760526206338
0 -66.754427
17.976644
0 -66.7539653569809
17.9821255259327
0 -66.753951
17.982296
0 -66.751337
17.986817
0 -66.7513053921589
17.9868356088632
0 -66.746345
17.989756
0 -66.7428525614334
17.9900578898895
0 -66.7412924246024
17.9901927496806
0 -66.741116
17.990208
0 -66.7385010827918
17.9899711852178
0 -66.736125
17.989756
0 -66.732322
17.99179
0 -66.7270247193548
17.99179
0 -66.726618
17.99179
0 -66.726330318697
17.9917216135505
0 -66.722470850479
17.990804156192
0 -66.719963
17.990208
0 -66.7199595376087
17.9902065237243
0 -66.7168922868675
17.9888987259689
0 -66.7133174669835
17.9873745136319
0 -66.71307
17.987269
0 -66.707841
17.983652
0 -66.700711
17.978
0 -66.6991396137648
17.9774695931641
0 -66.699096
17.977645
0 -66.698097
17.981617
0 -66.693203
17.983328
0 -66.691778
17.985012
0 -66.691964
17.98684
0 -66.688818
17.988359
0 -66.686768
17.991486
0 -66.687315
17.9929
0 -66.688103
17.99319
0 -66.689267
17.994045
0 -66.689367
17.994321
0 -66.689212
17.994571
0 -66.689015
17.994717
0 -66.68825
17.995923
0 -66.688695
17.996907
0 -66.687817
17.998414
0 -66.689533
18.000602
0 -66.689366
18.002286
0 -66.690022
18.003736
0 -66.689138
18.007357
0 -66.687859
18.00963
0 -66.688176
18.013355
0 -66.686494
18.016031
0 -66.686373
18.016852
0 -66.686971
18.021125
0 -66.688738
18.026581
0 -66.689432
18.029629
0 -66.689424
18.029842
0 -66.689359
18.029939
0 -66.688982
18.030339
0 -66.689412
18.032112
0 -66.689853
18.036041
0 -66.689446
18.040257
0 -66.688462
18.042315
0 -66.685942
18.045486
0 -66.685833
18.046161
0 -66.685514
18.047329
0 -66.687759
18.053009
0 -66.686415
18.055146
0 -66.685103
18.058894
0 -66.684252
18.063451
0 -66.684408
18.065014
0 -66.682309
18.066288
0 -66.680822
18.069522
0 -66.679565
18.071102
0 -66.679328
18.072408
0 -66.680716
18.07477
0 -66.680353
18.077052
0 -66.67939
18.081123
0 -66.680203
18.082103
0 -66.679742
18.083462
0 -66.678387
18.084757
0 -66.678078
18.088758
0 -66.676835
18.090626
0 -66.679366
18.094662
0 -66.679221
18.097888
0 -66.678124
18.099953
0 -66.67876
18.101538
0 -66.679249
18.104557
0 -66.681595
18.107415
0 -66.684568
18.112033
0 -66.684826
18.114964
0 -66.684366
18.115775
0 -66.684467
18.118586
0 -66.688383
18.122696
0 -66.688714
18.124287
0 -66.692089
18.125629
0 -66.69407
18.130534
0 -66.697643
18.130713
0 -66.698249
18.130601
0 -66.700298
18.130928
0 -66.702752
18.128741
0 -66.704887
18.129695
0 -66.709333
18.129071
0 -66.710204
18.127734
0 -66.711243
18.129249
0 -66.712442
18.129653
0 -66.713595
18.132105
0 -66.717164
18.131519
0 -66.717118
18.129817
0 -66.717671
18.128343
0 -66.719939
18.126169
0 -66.72138
18.125493
0 -66.722238
18.123865
0 -66.724866
18.121746
0 -66.725804
18.119187
0 -66.725182
18.116794
0 -66.726703
18.115127
0 -66.727526
18.113034
0 -66.731774
18.112008
0 -66.736273
18.11519
0 -66.738166
18.115805
0 -66.739502
18.117591
0 -66.743382
18.11674
0 -66.744215
18.115868
0 -66.746489
18.115787
0 -66.747489
18.115392
0 -66.747747
18.114394
0 -66.749618
18.113664
0 -66.752928
18.117087
0 -66.755039
18.120176
0 -66.757148
18.123931
0 -66.756755
18.125215
0 -66.758779
18.12743
0 -66.759058
18.128962
0 -66.761027
18.129709
0 -66.762818
18.131874
0 -66.765825
18.134027
0 -66.76653
18.134873
0 -66.768938
18.134984
0 -66.769049
18.134983
0 -66.769155
18.13101
0 -66.767956
18.129194
0 -66.76875
18.127607
0 -66.765092
18.122595
0 -66.764269
18.119546
0 -66.764041
18.116747
0 -66.761843
18.11399
0 -66.760966
18.111611
0 -66.762821
18.1106
0 -66.764923
18.107263
0 -66.765905
18.106632
0 -66.764983
18.101441
0 -66.765812
18.098733
0 -66.766514
18.097391
0 -66.76715
18.096632
0 -66.767604
18.093937
0 -66.767787
18.093164
0 -66.76969
18.087833
0 