-92.3162276738383
44.5409661360087
0 -92.314071
44.538014
0 -92.3136566353984
44.5368314514545
0 -92.310827
44.528756
0 -92.307957
44.524475
0 -92.303527
44.519822
0 -92.303046
44.518646
0 -92.302466
44.516487
0 -92.302961
44.503601
0 -92.302215
44.500298
0 -92.297122
44.492732
0 -92.291005
44.485464
0 -92.282364
44.477707
0 -92.276784
44.473649
0 -92.262476
44.465149
0 -92.249071
44.459524
0 -92.244884
44.456842
0 -92.24201
44.454254
0 -92.2394771148869
44.4516389380379
0 -92.237325
44.449417
0 -92.232472
44.445434
0 -92.221083
44.440386
0 -92.2171419932933
44.4391324669546
0 -92.215163
44.438503
0 -92.195378
44.433792
0 -92.1892949740651
44.4325331253205
0 -92.17028
44.428598
0 -92.1636479879433
44.4274200678816
0 -92.162454
44.427208
0 -92.139569
44.424673
0 -92.1380910078119
44.4244218905408
0 -92.124513
44.422115
0 -92.121106
44.420572
0 -92.115296
44.416056
0 -92.111085
44.413948
0 -92.097415
44.411464
0 -92.087241
44.408848
0 -92.0836398321986
44.4071887773643
0 -92.084036
44.409101
0 -92.083844
44.412
0 -92.083095
44.414255
0 -92.080754
44.41551
0 -92.079881
44.417208
0 -92.080229
44.419386
0 -92.082356
44.424444
0 -92.081271
44.429807
0 -92.079699
44.433114
0 -92.074958
44.437117
0 -92.07239
44.44149
0 -92.065487
44.455774
0 -92.064078
44.459021
0 -92.062205
44.461384
0 -92.059317
44.466289
0 -92.060169
44.473975
0 -92.059411
44.475464
0 -92.059187
44.479352
0 -92.057765
44.482075
0 -92.05617
44.486116
0 -92.056113
44.488935
0 -92.052145
44.49456
0 -92.050737
44.499967
0 -92.049652
44.502815
0 -92.045473
44.509976
0 -92.043914
44.512375
0 -92.04339
44.514391
0 -92.04373
44.52049
0 -92.047753
44.527016
0 -92.047919
44.530432
0 -92.046296
44.53444
0 -92.040797
44.541881
0 -92.038838
44.546969
0 -92.038295
44.556252
0 -92.038943
44.559192
0 -92.039984
44.561301
0 -92.039585
44.56421
0 -92.036463
44.568052
0 -92.034072
44.571973
0 -92.032574
44.576963
0 -92.031351
44.579463
0 -92.02918
44.586292
0 -92.022788
44.590519
0 -92.019973
44.591458
0 -92.012311
44.591843
0 -92.010205
44.592539
0 -92.003146
44.596834
0 -92.00092
44.596696
0 -91.964447
44.596633
0 -91.89306
44.596678
0 -91.892978
44.596678
0 -91.873171
44.596549
0 -91.842832
44.596609
0 -91.82239
44.596575
0 -91.821399
44.596617
0 -91.771958
44.596593
0 -91.741518
44.59659
0 -91.705682
44.596788
0 -91.667762
44.596656
0 -91.650248
44.596649
0 -91.650361
44.683633
0 -91.675556
44.683693
0 -91.678964
44.683661
0 -91.690151
44.683694
0 -91.690625
44.683693
0 -91.771541
44.68374
0 -91.837334
44.683756
0 -91.839112
44.683733
0 -91.892993
44.683902
0 -91.899459
44.683893
0 -91.899587
44.683892
0 -91.948706
44.683817
0 -91.974301
44.683843
0 -92.01675
44.683923
0 -92.018952
44.683979
0 -92.02842
44.683915
0 -92.074862
44.684122
0 -92.078622
44.684131
0 -92.104256
44.684192
0 -92.114889
44.684253
0 -92.135202
44.684363
0 -92.135132
44.675174
0 -92.135077
44.660946
0 -92.135059
44.653733
0 -92.135051
44.650361
0 -92.135024
44.640506
0 -92.134997
44.634851
0 -92.134976
44.633252
0 -92.134867
44.611804
0 -92.134831
44.597294
0 -92.134812
44.592866
0 -92.135004
44.575622
0 -92.135028
44.568309
0 -92.13512
44.563235
0 -92.135157
44.560858
0 -92.135271
44.551007
0 -92.135404
44.539579
0 -92.155334
44.539478
0 -92.21626
44.539758
0 -92.2428
44.539818
0 -92.250177
44.539715
0 -92.3162276738383
44.5409661360087
0 