-76.588159
36.241786
0 -76.589895
36.238992
0 -76.586526
36.213527
0 -76.577027
36.140242
0 -76.573374
36.112266
0 -76.572187
36.109501
0 -76.570013
36.106923
0 -76.565966
36.104175
0 -76.564238
36.103431
0 -76.559733
36.101078
0 -76.547713
36.099206
0 -76.544256
36.096375
0 -76.539173
36.094552
0 -76.536974
36.095095
0 -76.534691
36.096427
0 -76.52888
36.09577
0 -76.523815
36.096355
0 -76.521744
36.097156
0 -76.517759
36.097247
0 -76.51063
36.093686
0 -76.507038
36.088474
0 -76.505781
36.087707
0 -76.502227
36.087006
0 -76.500154
36.085616
0 -76.494654
36.084764
0 -76.493129
36.085749
0 -76.491414
36.084801
0 -76.487668
36.087009
0 -76.484886
36.089518
0 -76.482901
36.090765
0 -76.479854
36.093349
0 -76.478505
36.093274
0 -76.474112
36.089982
0 -76.472567
36.089236
0 -76.46997
36.088916
0 -76.466289
36.089585
0 -76.460474
36.087991
0 -76.459228
36.087004
0 -76.456546
36.081351
0 -76.454331
36.079572
0 -76.451833
36.079396
0 -76.449601
36.080141
0 -76.44762
36.079338
0 -76.447171
36.077135
0 -76.445697
36.075881
0 -76.439708
36.076745
0 -76.435672
36.076937
0 -76.429987
36.075083
0 -76.424197
36.075617
0 -76.418648
36.074876
0 -76.413462
36.075491
0 -76.4118100763153
36.0753730679655
0 -76.411197
36.080698
0 -76.4073335494598
36.0796384249489
0 -76.40424
36.07879
0 -76.384102
36.081082
0 -76.369366
36.085308
0 -76.355069
36.086458
0 -76.347024
36.088765
0 -76.336566
36.088381
0 -76.334892
36.085321
0 -76.331902
36.083826
0 -76.323478
36.084879
0 -76.323256
36.087805
0 -76.317789
36.090494
0 -76.311332
36.090897
0 -76.304004
36.094527
0 -76.302578
36.100289
0 -76.309233
36.101057
0 -76.315888
36.100865
0 -76.328722
36.104514
0 -76.33609
36.108546
0 -76.339656
36.109122
0 -76.340606
36.113155
0 -76.34536
36.113923
0 -76.346418
36.121023
0 -76.360096
36.121027
0 -76.365087
36.119875
0 -76.371742
36.117763
0 -76.381963
36.122946
0 -76.382879
36.127537
0 -76.389191
36.133236
0 -76.395035
36.134273
0 -76.396328
36.139182
0 -76.402878
36.144638
0 -76.42554
36.160891
0 -76.430212
36.160759
0 -76.435678
36.162486
0 -76.436867
36.169585
0 -76.4418448683643
36.1741064474045
0 -76.4425401735186
36.174738
0 -76.442571
36.174766
0 -76.449226
36.177452
0 -76.4533107535093
36.1811052392939
0 -76.4533786648122
36.1811659764325
0 -76.4564448299303
36.183908231226
0 -76.4568191139725
36.1842429758237
0 -76.457890756475
36.185201409788
0 -76.45802
36.185317
0 -76.4577573468919
36.185907673446
0 -76.456042064344
36.1897651258125
0 -76.454693
36.192799
0 -76.4540924231422
36.1928716402384
0 -76.4530477905938
36.1929979893581
0 -76.449939
36.193374
0 -76.44471
36.191648
0 -76.438055
36.191839
0 -76.434965
36.189921
0 -76.427359
36.180713
0 -76.420942
36.181097
0 -76.416664
36.177452
0 -76.405018
36.17208
0 -76.400799
36.167976
0 -76.3939111377574
36.1643807952356
0 -76.390281
36.162486
0 -76.387677
36.155717
0 -76.382676
36.149244
0 -76.379378
36.142886
0 -76.373571
36.138208
0 -76.365325
36.137728
0 -76.359383
36.140031
0 -76.354629
36.139456
0 -76.347499
36.138304
0 -76.339893
36.138112
0 -76.3392622657664
36.1376981998652
0 -76.33609
36.135617
0 -76.32896
36.134273
0 -76.323256
36.134849
0 -76.318977
36.132353
0 -76.314699
36.128514
0 -76.309339
36.124882
0 -76.296873
36.122946
0 -76.288554
36.119683
0 -76.284458
36.114587
0 -76.26336
36.105858
0 -76.257894
36.106434
0 -76.251476
36.102593
0 -76.2491
36.104706
0 -76.241732
36.102017
0 -76.238712
36.098568
0 -76.233721
36.097855
0 -76.228897
36.099905
0 -76.224656
36.097162
0 -76.213685
36.096064
0 -76.206555
36.101441
0 -76.19681
36.103553
0 -76.191715
36.107197
0 -76.200375
36.10893
0 -76.210358
36.115459
0 -76.218914
36.118147
0 -76.227471
36.12525
0 -76.228527
36.130647
0 -76.236027
36.137536
0 -76.236432
36.146113
0 -76.244584
36.155002
0 -76.24601
36.158648
0 -76.251239
36.162102
0 -76.259558
36.165364
0 -76.264761
36.170657
0 -76.269065
36.172847
0 -76.270015
36.178987
0 -76.274803845644
36.1801461007687
0 -76.277146
36.180713
0 -76.27699
36.184952
0 -76.27881
36.188003
0 -76.277146
36.19088
0 -76.2735069578987
36.1907856654395
0 -76.272786
36.194079
0 -76.273284
36.195179
0 -76.279305
36.198244
0 -76.280001
36.199368
0 -76.280101
36.20319
0 -76.282898
36.206026
0 -76.284064
36.208048
0 -76.286493
36.209674
0 -76.288403
36.213118
0 -76.288386
36.213941
0 -76.285006
36.214671
0 -76.285016
36.215993
0 -76.286327
36.216764
0 -76.287523
36.217854
0 -76.289825
36.21802
0 -76.289807
36.222955
0 -76.29057
36.223482
0 -76.29317
36.222475
0 -76.294921
36.222704
0 -76.29967
36.221903
0 -76.300404
36.222751
0 -76.303654
36.221789
0 -76.304417
36.223735
0 -76.304416
36.225819
0 -76.306988
36.227651
0 -76.307299
36.229826
0 -76.312074
36.232367
0 -76.314674
36.232711
0 -76.315438
36.233878
0 -76.315975
36.238
0 -76.318038
36.240518
0 -76.320214
36.239968
0 -76.321599
36.240449
0 -76.324737
36.240288
0 -76.325878
36.241083
0 -76.329206
36.242124
0 -76.330553
36.243644
0 -76.330737
36.243776
0 -76.332709
36.244088
0 -76.336438
36.241088
0 -76.338162
36.240721
0 -76.340961
36.241544
0 -76.343364
36.242986
0 -76.343788
36.244337
0 -76.342969
36.245413
0 -76.343676
36.24681
0 -76.347974
36.249601
0 -76.349896
36.249777
0 -76.351902
36.251144
0 -76.355718
36.251326
0 -76.358149
36.252401
0 -76.361033
36.25256
0 -76.363945
36.253979
0 -76.367762
36.254893
0 -76.37189
36.256837
0 -76.375078
36.258853
0 -76.375728
36.262127
0 -76.377718
36.268586
0 -76.377759
36.269707
0 -76.375948
36.271469
0 -76.375438
36.273392
0 -76.377189
36.275682
0 -76.380865
36.275592
0 -76.384538
36.280196
0 -76.386066
36.283096
0 -76.389681
36.285212
0 -76.391942
36.287434
0 -76.392082
36.290777
0 -76.393526
36.291688
0 -76.394825
36.292357
0 -76.394768
36.293113
0 -76.394633
36.296723
0 -76.3955
36.297013
0 -76.397628
36.299961
0 -76.39962
36.300884
0 -76.401399
36.301185
0 -76.447525
36.363523
0 -76.45369
36.378042
0 -76.539147
36.357238
0 -76.556837
36.355186
0 -76.559674
36.351892
0 -76.559645
36.348167
0 -76.561247
36.344521
0 -76.560445
36.338786
0 -76.559803
36.335963
0 -76.563344
36.326739
0 -76.563273
36.324864
0 -76.561654
36.322545
0 -76.562029
36.321584
0 -76.567343
36.315607
0 -76.567893
36.314554
0 -76.568748
36.309269
0 -76.567531
36.304212
0 -76.567743
36.302061
0 -76.567235
36.297319
0 -76.565622
36.294093
0 -76.565631
36.292992
0 -76.568032
36.286879
0 -76.567324
36.282316
0 -76.567586
36.277393
0 -76.568333
36.273838
0 -76.571373
36.267454
0 -76.571457
36.264505
0 -76.572542
36.259731
0 -76.572613
36.258073
0 -76.573178
36.257223
0 -76.577536
36.25482
0 -76.582674
36.250824
0 -76.587079
36.24892
0 -76.588235
36.244842
0 -76.588159
36.241786
0 