-119.3387
40.1576
0 -119.339296
39.998609
0 -119.251006
39.99872
0 -119.250106
39.999207
0 -119.225176
39.999385
0 -118.680292
39.9985
0 -118.186997
40.002091
0 -118.125989
40.002145
0 -118.119286
40.00188
0 -117.927711
40.002603
0 -117.733711
40.002259
0 -117.7327
40.002466
0 -117.731672
40.002284
0 -117.724814
40.002126
0 -117.625949
40.001982
0 -117.621357
40.001481
0 -117.60965
40.00141
0 -117.605552
40.001529
0 -117.593143
40.001258
0 -117.541749
40.001034
0 -117.480303
40.136003
0 -117.405287
40.299212
0 -117.388388
40.33624
0 -117.377197
40.360636
0 -117.375935
40.362764
0 -117.300597
40.526136
0 -117.299913
40.624041
0 -117.299971
40.676264
0 -117.301168
40.682348
0 -117.309441
40.683537
0 -117.625957
40.684462
0 -117.644399
40.684343
0 -117.644149
40.829319
0 -117.64422
40.857824
0 -117.737789
40.857602
0 -117.755824
40.857698
0 -117.804496
40.857608
0 -117.830763
40.857653
0 -117.83137
40.857536
0 -117.852165
40.857711
0 -117.90044
40.857947
0 -117.952241
40.857816
0 -117.95285
40.857816
0 -118.000325
40.857896
0 -118.248507
40.856909
0 -118.250981
40.857015
0 -118.786738
40.855929
0 -118.786705
40.96085
0 -118.874286
40.961027
0 -119.307607
40.960264
0 -119.309598
40.960378
0 -119.309899
40.956924
0 -119.309326
40.954888
0 -119.309568
40.953745
0 -119.311368
40.7499
0 -119.311903
40.74402
0 -119.312936
40.584395
0 -119.312976
40.558759
0 -119.313037
40.518314
0 -119.338504
40.517805
0 -119.338019
40.358669
0 -119.337787
40.354929
0 -119.33821
40.311593
0 -119.3387
40.1576
0 