-93.512441
38.519808
0 -93.512743
38.512476
0 -93.429836
38.510246
0 -93.429268
38.510123
0 -93.402046
38.509579
0 -93.401531
38.509357
0 -93.356123
38.508117
0 -93.350729
38.507958
0 -93.326074
38.507235
0 -93.323492
38.507151
0 -93.322046
38.507121
0 -93.320788
38.507081
0 -93.291851
38.506321
0 -93.290454
38.535388
0 -93.271596
38.535189
0 -93.179307
38.534071
0 -93.073748
38.530316
0 -93.067353
38.530094
0 -93.067294
38.529995
0 -93.067292
38.530096
0 -93.066636
38.545856
0 -93.065482
38.57345
0 -93.063452
38.620832
0 -93.061955
38.649145
0 -93.061919
38.650392
0 -93.061417
38.66533
0 -93.060615
38.685333
0 -93.059974
38.693077
0 -93.059549
38.700905
0 -93.05914
38.709524
0 -93.058962
38.71322
0 -93.055499
38.797303
0 -93.054987
38.807728
0 -93.054501
38.817123
0 -93.054652
38.820878
0 -93.053682
38.840654
0 -93.053643
38.84175
0 -93.052439
38.875196
0 -93.052043
38.884247
0 -93.050511
38.918362
0 -93.050707
38.924894
0 -93.050453
38.928244
0 -93.069819
38.930042
0 -93.105535
38.931503
0 -93.12521
38.93132
0 -93.159173
38.932542
0 -93.164103
38.932719
0 -93.164203
38.932119
0 -93.245542
38.934758
0 -93.252378
38.934864
0 -93.268575
38.935526
0 -93.27376
38.935492
0 -93.273782
38.93512
0 -93.311087
38.936124
0 -93.316329
38.936413
0 -93.352199
38.937625
0 -93.366079
38.938162
0 -93.38485
38.938859
0 -93.396308
38.939266
0 -93.408061
38.939682
0 -93.495238
38.942839
0 -93.496377
38.942837
0 -93.497278
38.92843
0 -93.497888
38.913945
0 -93.498616
38.8993
0 -93.493124
38.899158
0 -93.493562
38.891201
0 -93.493733
38.888203
0 -93.495896
38.854839
0 -93.497502
38.825714
0 -93.498271
38.811182
0 -93.499941
38.781198
0 -93.500442
38.772816
0 -93.500848
38.766688
0 -93.503254
38.730344
0 -93.50376
38.723207
0 -93.504794
38.70884
0 -93.504649
38.707659
0 -93.505503
38.694133
0 -93.506416
38.679722
0 -93.506424
38.679589
0 -93.509167
38.644958
0 -93.509553
38.635839
0 -93.507569
38.635863
0 -93.507564
38.635787
0 -93.508285
38.617489
0 -93.50837
38.617242
0 -93.51103
38.55621
0 -93.511559
38.541609
0 -93.511707
38.537977
0 -93.511838
38.534397
0 -93.511923
38.532297
0 -93.512441
38.519808
0 