-121.497032
40.437017
0 -121.49788
40.432003
0 -121.490958
40.429698
0 -121.486678
40.429587
0 -121.483197
40.427525
0 -121.47689
40.42687
0 -121.473806
40.424641
0 -121.474029
40.423732
0 -121.477918
40.42115
0 -121.479598
40.419505
0 -121.478896
40.417855
0 -121.479297
40.415937
0 -121.480536
40.414594
0 -121.47997
40.411192
0 -121.481609
40.407628
0 -121.48241
40.404096
0 -121.483429
40.402044
0 -121.484278
40.396559
0 -121.48274
40.393189
0 -121.484117
40.388514
0 -121.483903
40.385753
0 -121.481972
40.381507
0 -121.477526
40.378433
0 -121.474402
40.375867
0 -121.47354
40.374556
0 -121.476966
40.371803
0 -121.479596
40.369236
0 -121.480992
40.366614
0 -121.479725
40.364784
0 -121.479111
40.360351
0 -121.474458
40.357017
0 -121.473491
40.355487
0 -121.473092
40.352502
0 -121.47242
40.35162
0 -121.470395
40.350213
0 -121.468424
40.349774
0 -121.463147
40.349546
0 -121.459431
40.350381
0 -121.442738
40.34807
0 -121.438702
40.347897
0 -121.436178
40.348186
0 -121.429353
40.350349
0 -121.424235
40.347432
0 -121.419342
40.346505
0 -121.417688
40.34587
0 -121.414802
40.343806
0 -121.412066
40.342719
0 -121.403354
40.341545
0 -121.399007
40.342279
0 -121.397478
40.342109
0 -121.394092
40.339741
0 -121.389552
40.338955
0 -121.386714
40.339133
0 -121.381826
40.340513
0 -121.380383
40.340288
0 -121.37868
40.338377
0 -121.376864
40.337472
0 -121.376084
40.336215
0 -121.372422
40.333631
0 -121.36796
40.331801
0 -121.367235
40.329839
0 -121.368909
40.32564
0 -121.367463
40.322893
0 -121.366133
40.321961
0 -121.363982
40.323073
0 -121.360858
40.322278
0 -121.356331
40.319739
0 -121.353544
40.315524
0 -121.351537
40.314573
0 -121.348996
40.31436
0 -121.345571
40.312667
0 -121.34482
40.31074
0 -121.342264
40.309751
0 -121.343024
40.306643
0 -121.347321
40.306793
0 -121.349041
40.306489
0 -121.350777
40.30461
0 -121.350817
40.3036
0 -121.354593
40.299976
0 -121.356626
40.29747
0 -121.358441
40.297001
0 -121.36065
40.297883
0 -121.363991
40.300365
0 -121.366689
40.301054
0 -121.3768
40.297989
0 -121.375479
40.294852
0 -121.372248
40.294236
0 -121.371293
40.293171
0 -121.369678
40.289698
0 -121.370265
40.287961
0 -121.366374
40.287121
0 -121.363195
40.287501
0 -121.36303
40.281648
0 -121.360381
40.280197
0 -121.360543
40.278521
0 -121.359133
40.276891
0 -121.356269
40.276387
0 -121.350322
40.275883
0 -121.349367
40.273418
0 -121.34944
40.271961
0 -121.352671
40.268488
0 -121.352524
40.267535
0 -121.349
40.265406
0 -121.349
40.264454
0 -121.350716
40.262603
0 -121.355203
40.257773
0 -121.356882
40.253371
0 -121.359489
40.251209
0 -121.367098
40.245572
0 -121.366589
40.243321
0 -121.367249
40.242341
0 -121.364823
40.239135
0 -121.367411
40.236005
0 -121.36643
40.232435
0 -121.362493
40.228308
0 -121.361713
40.225581
0 -121.363346
40.22341
0 -121.363794
40.221331
0 -121.365602
40.219128
0 -121.365348
40.216708
0 -121.367735
40.212728
0 -121.368395
40.21223
0 -121.376081
40.210507
0 -121.385028
40.210297
0 -121.389655
40.204403
0 -121.395318
40.200428
0 -121.400774
40.199811
0 -121.401807
40.19743
0 -121.401606
40.195346
0 -121.404796
40.192604
0 -121.407356
40.191404
0 -121.410422
40.192558
0 -121.412735
40.194314
0 -121.417696
40.194904
0 -121.421566
40.194617
0 -121.42402
40.195432
0 -121.424727
40.194998
0 -121.429697
40.194748
0 -121.434389
40.195941
0 -121.436111
40.19504
0 -121.439187
40.195085
0 -121.44237
40.192913
0 -121.444111
40.190745
0 -121.442824
40.188484
0 -121.439628
40.18782
0 -121.438514
40.185795
0 -121.438628
40.183882
0 -121.436108
40.181878
0 -121.43942
40.180564
0 -121.440851
40.178663
0 -121.443311
40.178549
0 -121.445123
40.177692
0 -121.444995
40.174165
0 -121.442811
40.170049
0 -121.442694
40.165716
0 -121.443683
40.163979
0 -121.442877
40.161856
0 -121.443777
40.160285
0 -121.44555
40.159025
0 -121.445321
40.156538
0 -121.446208
40.155874
0 -121.442807
40.154132
0 -121.44187
40.152075
0 -121.438264
40.152447
0 -121.436886
40.151905
0 -121.404509
40.151648
0 -121.404855
40.115545
0 -121.385934
40.1159
0 -121.386105
40.10865
0 -121.380671
40.108625
0 -121.376489
40.108626
0 -121.376792
40.086034
0 -121.366818
40.086054
0 -121.367008
40.077673
0 -121.367142
40.071888
0 -121.376844
40.071747
0 -121.377076
40.057089
0 -121.381996
40.056991
0 -121.382266
40.051827
0 -121.400353
40.052095
0 -121.400338
40.030523
0 -121.409642
40.030624
0 -121.409562
40.015728
0 -121.41948
40.015766
0 -121.419817
39.987549
0 -121.410263
39.987303
0 -121.410327
39.958478
0 -121.419844
39.958625
0 -121.420573
39.929606
0 -121.411086
39.929433
0 -121.411001
39.915091
0 -121.427616
39.914816
0 -121.430012
39.914833
0 -121.429957
39.900313
0 -121.411
39.900425
0 -121.411936
39.871421
0 -121.399018
39.871287
0 -121.398529
39.862884
0 -121.388775
39.862826
0 -121.38015
39.862816
0 -121.380183
39.855421
0 -121.361206
39.855473
0 -121.360516
39.84074
0 -121.351079
39.84035
0 -121.350794
39.833016
0 -121.350821
39.825704
0 -121.34094
39.825759
0 -121.332293
39.825696
0 -121.332333
39.811053
0 -121.318471
39.810906
0 -121.316938
39.796702
0 -121.307709
39.796616
0 -121.307808
39.789365
0 -121.298496
39.789291
0 -121.294126
39.78925
0 -121.294224
39.785502
0 -121.289468
39.785439
0 -121.289505
39.781657
0 -121.284946
39.781576
0 -121.285852
39.767624
0 -121.268272
39.768799
0 -121.268025
39.754244
0 -121.251074
39.754041
0 -121.250294
39.749849
0 -121.24836
39.745834
0 -121.248256
39.740041
0 -121.229706
39.740213
0 -121.229446
39.725665
0 -121.210878
39.725651
0 -121.210618
39.711923
0 -121.208941
39.711879
0 -121.208687
39.700358
0 -121.190532
39.699891
0 -121.190284
39.685353
0 -121.171188
39.685564
0 -121.171143
39.671088
0 -121.163015
39.670987
0 -121.162864
39.663824
0 -121.155144
39.663913
0 -121.155077
39.656785
0 -121.136412
39.65681
0 -121.136715
39.628169
0 -121.116633
39.628048
0 -121.116331
39.621018
0 -121.097538
39.620903
0 -121.097703
39.613698
0 -121.088947
39.613545
0 -121.088921
39.603306
0 -121.079345
39.60335
0 -121.076695
39.597264
0 -121.05267
39.612334
0 -121.050922
39.613801
0 -121.009477
39.639459
0 -121.006346
39.639519
0 -121.00334
39.638143
0 -121.002019
39.63903
0 -121.000677
39.638682
0 -120.998044
39.640435
0 -120.994962
39.640598
0 -120.993909
39.641805
0 -120.991711
39.642357
0 -120.990826
39.643968
0 -120.986394
39.644684
0 -120.983922
39.64679
0 -120.983685
39.648844
0 -120.981854
39.649623
0 -120.978955
39.648717
0 -120.978268
39.649678
0 -120.975483
39.651089
0 -120.975392
39.653052
0 -120.973042
39.654984
0 -120.969631
39.656163
0 -120.968334
39.657158
0 -120.967251
39.659013
0 -120.964611
39.66171
0 -120.963955
39.665046
0 -120.963283
39.665543
0 -120.958934
39.666751
0 -120.957653
39.66748
0 -120.957531
39.669127
0 -120.954547
39.668845
0 -120.950481
39.671557
0 -120.949435
39.672548
0 -120.952113
39.676424
0 -120.947596
39.679448
0 -120.944529
39.680921
0 -120.94173
39.684295
0 -120.941912
39.685843
0 -120.94012
39.686604
0 -120.940531
39.688391
0 -120.939036
39.689143
0 -120.939829
39.690599
0 -120.938456
39.690962
0 -120.939784
39.691986
0 -120.93928
39.693085
0 -120.93764
39.69261
0 -120.936534
39.693068
0 -120.937587
39.695181
0 -120.935633
39.697903
0 -120.937349
39.698542
0 -120.93722
39.700733
0 -120.93426
39.701618
0 -120.93429
39.726039
0 -120.934366
39.738792
0 -120.931083
39.740839
0 -120.929645
39.74243
0 -120.925583
39.744345
0 -120.922743
39.750957
0 -120.921203
39.751317
0 -120.916803
39.75323
0 -120.913879
39.757222
0 -120.911753
39.757525
0 -120.905997
39.757348
0 -120.904773
39.757791
0 -120.903148
39.759776
0 -120.901364
39.76025
0 -120.898844
39.759428
0 -120.895226
39.759849
0 -120.892775
39.761852
0 -120.890939
39.76452
0 -120.888905
39.765444
0 -120.887662
39.767157
0 -120.885384
39.767933
0 -120.883368
39.769673
0 -120.88083
39.771049
0 -120.875682
39.772213
0 -120.873618
39.775875
0 -120.870988
39.776821
0 -120.870474
39.775941
0 -120.865675
39.773761
0 -120.864668
39.772249
0 -120.862642
39.770798
0 -120.85949
39.770463
0 -120.858422
39.766305
0 -120.856402
39.763612
0 -120.85439
39.759912
0 -120.851131
39.758414
0 -120.848248
39.757982
0 -120.844315
39.756134
0 -120.843888
39.751329
0 -120.841929
39.750502
0 -120.840428
39.747004
0 -120.837289
39.745566
0 -120.835375
39.746389
0 -120.830856
39.74704
0 -120.828721
39.746823
0 -120.826688
39.742094
0 -120.824806
39.742852
0 -120.819431
39.743765
0 -120.81577
39.746945
0 -120.81443
39.745564
0 -120.813009
39.742331
0 -120.813151
39.74017
0 -120.814453
39.736757
0 -120.813062
39.734543
0 -120.812581
39.730027
0 -120.811716
39.725396
0 -120.809519
39.723657
0 -120.809379
39.721186
0 -120.808305
39.719922
0 -120.804046
39.720944
0 -120.797394
39.718451
0 -120.794768
39.7184
0 -120.793585
39.717557
0 -120.791675
39.715124
0 -120.791508
39.713641
0 -120.792484
39.709794
0 -120.790332
39.710494
0 -120.786024
39.709759
0 -120.78454
39.710381
0 -120.782981
39.709843
0 -120.782238
39.711677
0 -120.780701
39.712331
0 -120.778837
39.712025
0 -120.777154
39.712823
0 -120.775449
39.712453
0 -120.771752
39.713517
0 -120.7706
39.715478
0 -120.77048
39.717757
0 -120.769675
39.718012
0 -120.759663
39.717622
0 -120.757183
39.719117
0 -120.754368
39.719121
0 -120.749929
39.719635
0 -120.747991
39.716556
0 -120.745994
39.715949
0 -120.745265
39.715095
0 -120.74246
39.712543
0 -120.739717
39.711685
0 -120.738481
39.710812
0 -120.735605
39.710928
0 -120.734969
39.708611
0 -120.734065
39.708214
0 -120.729856
39.708263
0 -120.726799
39.706958
0 -120.72341
39.707775
0 -120.720524
39.70785
0 -120.717178
39.706183
0 -120.716573
39.706343
0 -120.714851
39.704436
0 -120.712865
39.703462
0 -120.712163
39.700753
0 -120.710302
39.699215
0 -120.707864
39.699233
0 -120.705782
39.696701
0 -120.70575
39.695048
0 -120.704695
39.693504
0 -120.701978
39.691201
0 -120.69934
39.691559
0 -120.698669
39.692469
0 -120.695017
39.691711
0 -120.693435
39.689287
0 -120.689979
39.686641
0 -120.688753
39.684032
0 -120.686065
39.682179
0 -120.683488
39.680963
0 -120.68076
39.676833
0 -120.679907
39.67659
0 -120.679167
39.676742
0 -120.676612
39.679657
0 -120.6738
39.679748
0 -120.673638
39.681125
0 -120.672159
39.681189
0 -120.671317
39.682445
0 -120.666635
39.682651
0 -120.662455
39.68469
0 -120.66004
39.686197
0 -120.658957
39.688518
0 -120.655585
39.69356
0 -120.65473
39.694115
0 -120.655035
39.695576
0 -120.654473
39.697374
0 -120.6554
39.699547
0 -120.65411
39.703094
0 -120.654901
39.705404
0 -120.654124
39.706234
0 -120.603597
39.706561
0 -120.575701
39.706532
0 -120.557063
39.7065
0 -120.49662
39.706633
0 -120.487992
39.706581
0 -120.465358
39.706461
0 -120.446336
39.708571
0 -120.359921
39.708489
0 -120.306013
39.708043
0 -120.28235
39.70785
0 -120.251052
39.708461
0 -120.249616
39.708033
0 -120.147149
39.707658
0 -120.14658
39.736406
0 -120.127763
39.736159
0 -120.127635
39.750954
0 -120.11911
39.751087
0 -120.119584
39.765627
0 -120.117102
39.765664
0 -120.110627
39.765779
0 -120.111068
39.780817
0 -120.10781
39.794214
0 -120.108321
39.828391
0 -120.108099
39.881266
0 -120.099339
39.881219
0 -120.099556
39.910339
0 -120.108883
39.910374
0 -120.108761
39.93951
0 -120.126574
39.939551
0 -120.126711
39.947749
0 -120.135768
39.947757
0 -120.135735
39.95504
0 -120.144991
39.955067
0 -120.145015
39.962292
0 -120.154379
39.962351
0 -120.15433
39.968534
0 -120.163654
39.968659
0 -120.163406
39.98378
0 -120.173274
39.983889
0 -120.173003
39.998325
0 -120.182454
39.998521
0 -120.182484
40.01335
0 -120.201264
40.013474
0 -120.201383
40.042737
0 -120.21089
40.042757
0 -120.211333
40.056328
0 -120.209315
40.056287
0 -120.209631
40.084828
0 -120.209641
40.086008
0 -120.228663
40.085413
0 -120.24689
40.085805
0 -120.246788
40.107885
0 -120.265633
40.107748
0 -120.266561
40.115869
0 -120.275153
40.114809
0 -120.301733
40.114843
0 -120.341385
40.115243
0 -120.341463
40.122556
0 -120.360611
40.122514
0 -120.360401
40.129532
0 -120.37475
40.129385
0 -120.379399
40.12951
0 -120.379155
40.138852
0 -120.379117
40.140556
0 -120.387419
40.140551
0 -120.398307
40.14064
0 -120.398256
40.147365
0 -120.407954
40.147354
0 -120.407609
40.162164
0 -120.417254
40.162076
0 -120.416918
40.169441
0 -120.436371
40.169563
0 -120.436468
40.176646
0 -120.445892
40.176854
0 -120.445285
40.191357
0 -120.454152
40.191355
0 -120.454331
40.205751
0 -120.460673
40.205777
0 -120.482848
40.205798
0 -120.48246
40.220184
0 -120.49009
40.220268
0 -120.492062
40.220292
0 -120.49172
40.234791
0 -120.501429
40.234866
0 -120.510665
40.234698
0 -120.510817
40.248945
0 -120.521442
40.249083
0 -120.529734
40.249197
0 -120.529699
40.256203
0 -120.548663
40.256275
0 -120.548724
40.263596
0 -120.563402
40.263636
0 -120.576729
40.263796
0 -120.576819
40.284
0 -120.576825
40.28543
0 -120.585176
40.285478
0 -120.611817
40.285636
0 -120.622796
40.28571
0 -120.622661
40.293014
0 -120.642505
40.293184
0 -120.642466
40.294739
0 -120.642331
40.300393
0 -120.651651
40.300451
0 -120.652158
40.307656
0 -120.679262
40.30853
0 -120.726417
40.308433
0 -120.726574
40.315929
0 -120.737725
40.315767
0 -120.746374
40.315895
0 -120.751043
40.316055
0 -120.764403
40.31601
0 -120.764346
40.308718
0 -120.773728
40.308678
0 -120.773805
40.301434
0 -120.796318
40.301358
0 -120.796421
40.301281
0 -120.795711
40.279962
0 -120.796
40.277726
0 -120.81465
40.27783
0 -120.815013
40.270726
0 -120.83382
40.270728
0 -120.834058
40.256161
0 -120.843504
40.256019
0 -120.843599
40.248892
0 -120.853197
40.248855
0 -120.853118
40.241803
0 -120.871782
40.24164
0 -120.871757
40.199438
0 -120.890676
40.19941
0 -120.890646
40.192116
0 -120.928582
40.191931
0 -120.928066
40.206451
0 -120.947152
40.206499
0 -120.946188
40.220808
0 -121.003732
40.220975
0 -121.003918
40.234941
0 -121.022583
40.234673
0 -121.029563
40.234828
0 -121.041521
40.234795
0 -121.041517
40.256474
0 -121.061493
40.256417
0 -121.061156
40.263762
0 -121.061126
40.293783
0 -121.061136
40.294135
0 -121.06094
40.314699
0 -121.061417
40.446536
0 -121.12604
40.446539
0 -121.137261
40.446117
0 -121.195168
40.446482
0 -121.213956
40.446049
0 -121.249826
40.446036
0 -121.292739
40.445778
0 -121.308353
40.445091
0 -121.327826
40.445367
0 -121.337575
40.445484
0 -121.346531
40.449715
0 -121.366111
40.445927
0 -121.497635
40.445591
0 -121.497637
40.443751
0 -121.494509
40.441219
0 -121.494866
40.439032
0 -121.497032
40.437017
0 