-93.298833
35.337399
0 -93.299014
35.327425
0 -93.294201
35.325319
0 -93.282758
35.318273
0 -93.279647
35.31796
0 -93.278293
35.317402
0 -93.271999
35.313997
0 -93.264186
35.309348
0 -93.261782
35.30681
0 -93.255196
35.301368
0 -93.251889
35.297876
0 -93.250737
35.295109
0 -93.250495
35.292165
0 -93.249935
35.291035
0 -93.249972
35.288773
0 -93.250732
35.284431
0 -93.248006
35.278545
0 -93.246446
35.277078
0 -93.244222
35.275834
0 -93.240846
35.274931
0 -93.234656
35.273806
0 -93.226433
35.272203
0 -93.2138
35.271889
0 -93.208688
35.27147
0 -93.200975
35.27182
0 -93.198665
35.271732
0 -93.195765
35.271008
0 -93.19319
35.269855
0 -93.188328
35.266308
0 -93.183471
35.262324
0 -93.175427
35.254393
0 -93.17084
35.248868
0 -93.167266
35.246162
0 -93.160595
35.240383
0 -93.158477
35.238254
0 -93.156078
35.235307
0 -93.15371
35.231861
0 -93.150062
35.225745
0 -93.146903
35.220661
0 -93.140065
35.20968
0 -93.139068
35.207245
0 -93.137999
35.201093
0 -93.137873
35.196373
0 -93.136867
35.191231
0 -93.134237
35.186071
0 -93.13026
35.180476
0 -93.128327
35.178317
0 -93.125174
35.175791
0 -93.121963
35.173896
0 -93.117767
35.172262
0 -93.115102
35.171708
0 -93.110631
35.17127
0 -93.105217
35.172206
0 -93.101992
35.172525
0 -93.097267
35.173721
0 -93.093821
35.176264
0 -93.090463
35.179799
0 -93.087978
35.1816
0 -93.084537
35.182815
0 -93.083508
35.182717
0 -93.080943
35.181626
0 -93.07796
35.178786
0 -93.076493
35.175977
0 -93.075995
35.173485
0 -93.078011
35.168754
0 -93.080891
35.166197
0 -93.083961
35.163726
0 -93.084246
35.163138
0 -93.084546
35.16209
0 -93.084153
35.158119
0 -93.084482
35.155405
0 -93.085131
35.153682
0 -93.087328
35.150669
0 -93.087803
35.149683
0 -93.089924
35.147859
0 -93.092088
35.144726
0 -93.092657
35.142817
0 -93.092975
35.13893
0 -93.091455
35.134771
0 -93.088795
35.131103
0 -93.086801
35.12898
0 -93.084678
35.12739
0 -93.080078
35.124873
0 -93.074688
35.122401
0 -93.071593
35.120435
0 -93.06841
35.119106
0 -93.065176
35.118184
0 -93.061066
35.117531
0 -93.055797
35.117373
0 -93.04877
35.117794
0 -93.04566
35.118398
0 -93.042231
35.119598
0 -93.039073
35.121137
0 -93.032466
35.125083
0 -93.028974
35.128744
0 -93.027928
35.131451
0 -93.027899
35.132928
0 -93.029918
35.142433
0 -93.030391
35.147473
0 -93.030386
35.152546
0 -93.029272
35.15763
0 -93.027647
35.159793
0 -93.025156
35.161835
0 -93.021807
35.163309
0 -93.016549
35.16468
0 -93.01036
35.166295
0 -93.000171
35.168446
0 -92.990187
35.169915
0 -92.97876
35.170789
0 -92.96743
35.172119
0 -92.954286
35.170144
0 -92.952483
35.169518
0 -92.948974
35.169107
0 -92.945265
35.169734
0 -92.933554
35.173818
0 -92.926985
35.175624
0 -92.923746
35.17608
0 -92.917955
35.175533
0 -92.912719
35.173955
0 -92.907272
35.171576
0 -92.902707
35.170782
0 -92.896109
35.170678
0 -92.886834
35.170702
0 -92.873377
35.171358
0 -92.868642
35.172589
0 -92.86315
35.173499
0 -92.858641
35.173575
0 -92.855
35.172777
0 -92.854443
35.220127
0 -92.854338
35.230918
0 -92.854334
35.231349
0 -92.854317
35.256113
0 -92.854319
35.260196
0 -92.854076
35.262247
0 -92.853924
35.27445
0 -92.853765
35.2818
0 -92.853489
35.311582
0 -92.853267
35.31384
0 -92.853107
35.325373
0 -92.852999
35.332991
0 -92.852798
35.347347
0 -92.852317
35.376361
0 -92.851307
35.427627
0 -92.850624
35.46295
0 -92.850055
35.492083
0 -92.849735
35.513693
0 -92.84966
35.521063
0 -92.849582
35.528883
0 -92.849519
35.535163
0 -92.849378
35.549204
0 -92.813417
35.549
0 -92.812757
35.591668
0 -92.812749
35.592584
0 -92.812501
35.619739
0 -92.811861
35.625078
0 -92.811938
35.635599
0 -92.811692
35.651527
0 -92.811629
35.659328
0 -92.810817
35.679196
0 -92.810492
35.693586
0 -92.809763
35.722401
0 -92.845606
35.723039
0 -92.91919
35.724236
0 -92.951315
35.724663
0 -92.993353
35.725713
0 -93.000173
35.725399
0 -93.022953
35.725814
0 -93.076045
35.726886
0 -93.093781
35.727299
0 -93.101404
35.727234
0 -93.106572
35.727507
0 -93.146451
35.727673
0 -93.164452
35.728831
0 -93.165065
35.712183
0 -93.165474
35.659157
0 -93.16745
35.625016
0 -93.167544
35.612762
0 -93.167569
35.609378
0 -93.1678
35.597695
0 -93.185611
35.598314
0 -93.22117
35.598938
0 -93.222768
35.555739
0 -93.222029
35.555537
0 -93.222422
35.519262
0 -93.22345
35.483094
0 -93.223633
35.468593
0 -93.228038
35.468688
0 -93.25443
35.469326
0 -93.255612
35.469279
0 -93.278044
35.469805
0 -93.29591
35.469915
0 -93.296197
35.464293
0 -93.296341
35.452677
0 -93.296857
35.437082
0 -93.296927
35.433531
0 -93.297073
35.426098
0 -93.297823
35.390264
0 -93.297938
35.382797
0 -93.298073
35.365605
0 -93.298551
35.356964
0 -93.298413
35.353695
0 -93.298833
35.337399
0 