-76.419353
36.867539
0 -76.420368
36.866348
0 -76.401467
36.866548
0 -76.39999
36.866305
0 -76.398475
36.865079
0 -76.398976
36.861012
0 -76.399366
36.857244
0 -76.397695
36.857165
0 -76.396218
36.856947
0 -76.394267
36.856848
0 -76.391866
36.856548
0 -76.391266
36.854348
0 -76.388266
36.852948
0 -76.387266
36.851148
0 -76.388266
36.848948
0 -76.388266
36.844948
0 -76.383466
36.837548
0 -76.385233
36.836416
0 -76.388466
36.834348
0 -76.387966
36.833148
0 -76.389466
36.832948
0 -76.395466
36.828148
0 -76.397902
36.823763
0 -76.397953
36.823673
0 -76.403666
36.814048
0 -76.400366
36.806448
0 -76.396066
36.805748
0 -76.395066
36.806748
0 -76.391986
36.805275
0 -76.391285
36.803477
0 -76.388702
36.802073
0 -76.387266
36.800548
0 -76.386998
36.798547
0 -76.384628
36.795695
0 -76.378289
36.788596
0 -76.377638
36.788073
0 -76.375679
36.786062
0 -76.363882
36.787798
0 -76.363839
36.787804
0 -76.342065
36.791032
0 -76.336043
36.791923
0 -76.328806
36.792999
0 -76.322639
36.794177
0 -76.320044
36.79514
0 -76.312391
36.796276
0 -76.311061
36.796209
0 -76.310504
36.796103
0 -76.297429
36.797785
0 -76.294262
36.798848
0 -76.294862
36.798248
0 -76.292828
36.797154
0 -76.291562
36.799948
0 -76.290061
36.808742
0 -76.291262
36.818448
0 -76.289962
36.822048
0 -76.293135
36.829219
0 -76.294543
36.8324
0 -76.295262
36.835747
0 -76.295018
36.837206
0 -76.294262
36.841647
0 -76.295863
36.843847
0 -76.29796
36.846412
0 -76.301263
36.850647
0 -76.306663
36.854047
0 -76.313533
36.858533
0 -76.317211
36.860657
0 -76.330784
36.868403
0 -76.336784
36.875027
0 -76.335148
36.878719
0 -76.333598
36.882216
0 -76.331008
36.888099
0 -76.3304069699516
36.8893162532299
0 -76.339569
36.893078
0 -76.341233
36.894028
0 -76.345749
36.894218
0 -76.349433
36.895168
0 -76.354533
36.922759
0 -76.356444
36.924055
0 -76.384134
36.924435
0 -76.385867
36.923247
0 -76.387567
36.899547
0 -76.388293
36.897164
0 -76.39067
36.895739
0 -76.394711
36.896689
0 -76.3953553469187
36.8967703949246
0 -76.403791
36.897836
0 -76.4069079896396
36.8975071894675
0 -76.407507
36.897444
0 -76.4075281773086
36.8974503300621
0 -76.403767
36.893448
0 -76.404667
36.891148
0 -76.407167
36.890248
0 -76.405767
36.888448
0 -76.405667
36.885948
0 -76.404267
36.884848
0 -76.405789
36.881322
0 -76.407367
36.877648
0 -76.411067
36.876148
0 -76.413434
36.874257
0 -76.419353
36.867539
0 