-97.142036
34.942361
0 -97.142349
34.928176
0 -97.139757
34.927137
0 -97.135805
34.924399
0 -97.133689
34.924693
0 -97.132431
34.926168
0 -97.132842
34.928091
0 -97.134465
34.930375
0 -97.134932
34.932594
0 -97.132867
34.934642
0 -97.128744
34.934035
0 -97.125165
34.934033
0 -97.116794
34.935173
0 -97.114
34.935101
0 -97.110449
34.934362
0 -97.106021
34.9329
0 -97.099732
34.929535
0 -97.098636
34.929624
0 -97.096821
34.930918
0 -97.092191
34.931074
0 -97.087557
34.931538
0 -97.085537
34.931359
0 -97.082718
34.930449
0 -97.07972
34.928922
0 -97.07526
34.922434
0 -97.07179
34.91986
0 -97.069318
34.919686
0 -97.060604
34.921256
0 -97.054821
34.921406
0 -97.052477
34.921254
0 -97.050536
34.920018
0 -97.049468
34.918256
0 -97.047008
34.91674
0 -97.043208
34.915212
0 -97.037171
34.913496
0 -97.035808
34.912893
0 -97.030396
34.912057
0 -97.025946
34.912329
0 -97.020322
34.90967
0 -97.018931
34.908599
0 -97.01593
34.907348
0 -97.01368
34.907953
0 -97.008691
34.910576
0 -97.004481
34.912105
0 -97.000515
34.914276
0 -96.995926
34.914937
0 -96.993632
34.915827
0 -96.98934
34.918291
0 -96.987811
34.920338
0 -96.983308
34.921475
0 -96.97793
34.925628
0 -96.975062
34.930147
0 -96.976236
34.932075
0 -96.974944
34.934269
0 -96.9727
34.935412
0 -96.97085
34.934338
0 -96.967349
34.934669
0 -96.964976
34.938149
0 -96.965822
34.939058
0 -96.963937
34.940615
0 -96.958912
34.94587
0 -96.958841
34.94695
0 -96.957372
34.948836
0 -96.957037
34.950979
0 -96.947785
34.957414
0 -96.946455
34.95854
0 -96.941598
34.960879
0 -96.936998
34.962579
0 -96.934827
34.96282
0 -96.930586
34.964364
0 -96.929872
34.965109
0 -96.928271
34.965213
0 -96.921288
34.963986
0 -96.917914
34.962419
0 -96.915119
34.960426
0 -96.913952
34.959045
0 -96.910843
34.958972
0 -96.903156
34.946092
0 -96.902189
34.9448
0 -96.899456
34.943059
0 -96.896838
34.94219
0 -96.894458
34.939079
0 -96.892283
34.934868
0 -96.890528
34.932617
0 -96.889965
34.929461
0 -96.887362
34.926849
0 -96.8854
34.926251
0 -96.876318
34.926029
0 -96.872037
34.927481
0 -96.86994
34.928823
0 -96.868097
34.929415
0 -96.860976
34.93008
0 -96.853051
34.928819
0 -96.849442
34.929689
0 -96.846207
34.931504
0 -96.841374
34.933797
0 -96.837102
34.937798
0 -96.834995
34.939427
0 -96.830772
34.941908
0 -96.825779
34.943368
0 -96.821488
34.946112
0 -96.819333
34.946591
0 -96.817509
34.946329
0 -96.813452
34.944649
0 -96.811774
34.943504
0 -96.809899
34.940967
0 -96.807171
34.939512
0 -96.803857
34.936712
0 -96.801742
34.933548
0 -96.799818
34.932119
0 -96.798208
34.929992
0 -96.798364
34.92757
0 -96.797866
34.924425
0 -96.799378
34.919972
0 -96.799876
34.915334
0 -96.799966
34.910463
0 -96.798583
34.905939
0 -96.797711
34.905132
0 -96.790595
34.900834
0 -96.785069
34.899145
0 -96.779972
34.898853
0 -96.775681
34.899958
0 -96.776075
34.909396
0 -96.775466
34.918408
0 -96.775435
34.942168
0 -96.775373
34.970603
0 -96.7754
35.014144
0 -96.775447
35.043218
0 -96.775432
35.082192
0 -96.775671
35.115861
0 -96.775674
35.124152
0 -96.775693
35.126733
0 -96.775661
35.130785
0 -96.775732
35.133002
0 -96.775901
35.144642
0 -96.776003
35.153315
0 -96.776471
35.159237
0 -96.776758
35.170445
0 -96.776916
35.173615
0 -96.776877
35.180698
0 -96.776794
35.195427
0 -96.776742
35.217395
0 -96.776833
35.253067
0 -96.776924
35.26096
0 -96.777024
35.289992
0 -96.777033
35.290007
0 -96.777089
35.297257
0 -96.777108
35.304141
0 -96.776649
35.362292
0 -96.776714
35.384265
0 -96.776694
35.405417
0 -96.776695
35.410886
0 -96.775809
35.411275
0 -96.774381
35.40808
0 -96.775093
35.406726
0 -96.774473
35.405802
0 -96.770564
35.407146
0 -96.7692
35.41062
0 -96.767024
35.408457
0 -96.765048
35.409265
0 -96.762372
35.40923
0 -96.760647
35.407962
0 -96.759034
35.407502
0 -96.752593
35.406972
0 -96.749954
35.406332
0 -96.748759
35.40704
0 -96.744271
35.406589
0 -96.742784
35.406825
0 -96.741155
35.407454
0 -96.740119
35.408862
0 -96.741664
35.412069
0 -96.741446
35.414387
0 -96.73686
35.415452
0 -96.735754
35.413528
0 -96.734264
35.4138
0 -96.73314
35.416557
0 -96.736294
35.417654
0 -96.73806
35.419858
0 -96.734933
35.420442
0 -96.731324
35.423413
0 -96.729119
35.423714
0 -96.724807
35.425007
0 -96.721457
35.424312
0 -96.720274
35.423473
0 -96.716876
35.419181
0 -96.717195
35.41706
0 -96.720009
35.414443
0 -96.720368
35.412628
0 -96.718812
35.411967
0 -96.713321
35.414484
0 -96.711746
35.415521
0 -96.709213
35.415734
0 -96.707696
35.414878
0 -96.706445
35.415129
0 -96.705702
35.416671
0 -96.704536
35.416829
0 -96.702399
35.416048
0 -96.701805
35.414877
0 -96.700728
35.409672
0 -96.697089
35.409426
0 -96.695055
35.408746
0 -96.692844
35.408844
0 -96.690412
35.407688
0 -96.690037
35.406313
0 -96.690793
35.405192
0 -96.690002
35.403856
0 -96.688615
35.403641
0 -96.682537
35.405918
0 -96.680222
35.405084
0 -96.679001
35.402334
0 -96.677737
35.402205
0 -96.676906
35.403814
0 -96.675319
35.403942
0 -96.67438
35.401941
0 -96.674556
35.400388
0 -96.672272
35.40065
0 -96.668295
35.399333
0 -96.665411
35.398912
0 -96.661162
35.395287
0 -96.659408
35.394854
0 -96.654854
35.395465
0 -96.653489
35.394743
0 -96.653747
35.392112
0 -96.652425
35.391649
0 -96.646668
35.392883
0 -96.645548
35.392667
0 -96.641402
35.394812
0 -96.636243
35.39901
0 -96.635632
35.396749
0 -96.633823
35.393116
0 -96.632125
35.392172
0 -96.630182
35.392695
0 -96.62866
35.39599
0 -96.625707
35.399928
0 -96.623699
35.400722
0 -96.624865
35.462706
0 -96.672835
35.462744
0 -96.735822
35.462932
0 -96.806557
35.463251
0 -96.823889
35.463333
0 -96.84161
35.463395
0 -96.876949
35.463415
0 -96.878503
35.463365
0 -96.886161
35.463467
0 -96.903254
35.463484
0 -96.918498
35.463577
0 -96.918917
35.463574
0 -96.929701
35.463462
0 -96.965156
35.46355
0 -96.973685
35.463626
0 -97.000565
35.463535
0 -97.026895
35.463562
0 -97.026999
35.463562
0 -97.088842
35.463559
0 -97.116754
35.46362
0 -97.12973
35.463966
0 -97.132527
35.463968
0 -97.14149
35.463977
0 -97.14166
35.441757
0 -97.141668
35.434906
0 -97.141641
35.434778
0 -97.141796
35.420424
0 -97.141864
35.415799
0 -97.141879
35.411359
0 -97.14192
35.406291
0 -97.141869
35.40578
0 -97.141878
35.403877
0 -97.141972
35.403423
0 -97.142005
35.398641
0 -97.141907
35.384292
0 -97.142114
35.37686
0 -97.142115
35.376234
0 -97.142097
35.362291
0 -97.14197
35.35502
0 -97.142024
35.347775
0 -97.142031
35.340675
0 -97.142026
35.33321
0 -97.141943
35.318714
0 -97.141944
35.318709
0 -97.141926
35.304224
0 -97.141827
35.289748
0 -97.141987
35.26814
0 -97.141946
35.247356
0 -97.141943
35.24668
0 -97.141904
35.232173
0 -97.141687
35.22283
0 -97.141607
35.210289
0 -97.141605
35.209407
0 -97.141593
35.203044
0 -97.142184
35.192086
0 -97.142215
35.188915
0 -97.142191
35.185093
0 -97.142061
35.166838
0 -97.142059
35.159703
0 -97.14206
35.145213
0 -97.142056
35.145099
0 -97.142025
35.138299
0 -97.141991
35.130727
0 -97.14199
35.130725
0 -97.14202
35.101718
0 -97.142041
35.08729
0 -97.142009
35.072792
0 -97.142011
35.072674
0 -97.142084
35.014818
0 -97.142121
34.943523
0 -97.142036
34.942361
0 