-84.02737
37.869454
0 -84.026371
37.865947
0 -84.0248
37.864646
0 -84.023623
37.86285
0 -84.022873
37.85904
0 -84.020324
37.856545
0 -84.017151
37.855726
0 -84.015428
37.856085
0 -84.011593
37.855719
0 -84.009508
37.854723
0 -84.008211
37.85317
0 -84.00953
37.852825
0 -84.012688
37.853621
0 -84.013663
37.853403
0 -84.013596
37.851527
0 -84.012628
37.849892
0 -84.011309
37.849304
0 -84.009583
37.847032
0 -84.008315
37.84404
0 -84.006248
37.842965
0 -84.003661
37.840242
0 -84.001967
37.837592
0 -83.999943
37.839629
0 -83.998822
37.842051
0 -83.996909
37.843572
0 -83.99302
37.849133
0 -83.991595
37.850158
0 -83.988437
37.849424
0 -83.986415
37.847419
0 -83.985228
37.843974
0 -83.983318
37.843037
0 -83.980379
37.843665
0 -83.979768
37.847638
0 -83.978056
37.847788
0 -83.97236
37.845988
0 -83.97009
37.845738
0 -83.967452
37.847632
0 -83.96725
37.847098
0 -83.963623
37.845756
0 -83.962554
37.844644
0 -83.962645
37.841664
0 -83.964452
37.838849
0 -83.963344
37.837286
0 -83.964017
37.835137
0 -83.963118
37.832913
0 -83.963576
37.8316
0 -83.962735
37.830709
0 -83.963398
37.828792
0 -83.963271
37.826583
0 -83.961747
37.822951
0 -83.960391
37.821522
0 -83.962548
37.818811
0 -83.962549
37.816554
0 -83.963963
37.812336
0 -83.963293
37.809811
0 -83.961493
37.808226
0 -83.964482
37.806032
0 -83.965209
37.802105
0 -83.963262
37.800136
0 -83.91179
37.766732
0 -83.910875
37.766657
0 -83.909706
37.766673
0 -83.906972
37.762034
0 -83.905935
37.7591
0 -83.904165
37.758675
0 -83.900381
37.760137
0 -83.895678
37.760175
0 -83.891911
37.759042
0 -83.890358
37.759107
0 -83.886708
37.756526
0 -83.885
37.757032
0 -83.884361
37.758486
0 -83.882997
37.758597
0 -83.880986
37.757805
0 -83.878879
37.753647
0 -83.876863
37.752089
0 -83.875317
37.752048
0 -83.873752
37.753214
0 -83.870967
37.753259
0 -83.866177
37.752424
0 -83.865261
37.754006
0 -83.8633
37.754292
0 -83.86207
37.755306
0 -83.860581
37.757835
0 -83.859373
37.75864
0 -83.854754
37.759306
0 -83.852862
37.758487
0 -83.850594
37.758742
0 -83.847588
37.760403
0 -83.845822
37.760134
0 -83.842958
37.762724
0 -83.837975
37.763246
0 -83.83456
37.764542
0 -83.831591
37.764969
0 -83.830347
37.765247
0 -83.827095
37.76392
0 -83.82594
37.76249
0 -83.826621
37.760839
0 -83.82798
37.760392
0 -83.827663
37.75789
0 -83.829418
37.756455
0 -83.829778
37.753032
0 -83.829355
37.75166
0 -83.827119
37.751903
0 -83.825556
37.751354
0 -83.82593
37.750155
0 -83.824853
37.748126
0 -83.822829
37.747386
0 -83.822671
37.74629
0 -83.821069
37.745573
0 -83.819939
37.746117
0 -83.817899
37.748738
0 -83.816186
37.748687
0 -83.815275
37.749845
0 -83.811296
37.750003
0 -83.810728
37.752074
0 -83.808101
37.753433
0 -83.803931
37.756748
0 -83.800526
37.757228
0 -83.797809
37.758194
0 -83.795929
37.756544
0 -83.790363
37.755446
0 -83.787245
37.757889
0 -83.78473
37.76048
0 -83.782245
37.760561
0 -83.781113
37.759828
0 -83.779719
37.760514
0 -83.777121
37.759849
0 -83.77611
37.75851
0 -83.777592
37.756776
0 -83.776394
37.75375
0 -83.774497
37.752819
0 -83.77473
37.750875
0 -83.772738
37.748996
0 -83.773665
37.747447
0 -83.771884
37.745729
0 -83.769833
37.742224
0 -83.768963
37.741097
0 -83.76449
37.739624
0 -83.761704
37.739422
0 -83.75842
37.738176
0 -83.756719
37.736359
0 -83.753414
37.737
0 -83.750583
37.73569
0 -83.751778
37.73386
0 -83.7499
37.732373
0 -83.74845
37.731836
0 -83.74304
37.732423
0 -83.740166
37.730359
0 -83.737483
37.730436
0 -83.735175
37.732252
0 -83.732988
37.732829
0 -83.731984
37.731625
0 -83.729952
37.73151
0 -83.729889
37.73054
0 -83.726234
37.727966
0 -83.722651
37.728947
0 -83.721658
37.725678
0 -83.723003
37.724013
0 -83.722995
37.719591
0 -83.722052
37.718236
0 -83.7221
37.71642
0 -83.720933
37.716293
0 -83.720252
37.717224
0 -83.71221
37.720135
0 -83.707974
37.716463
0 -83.652357
37.795164
0 -83.652176
37.795419
0 -83.63106
37.825372
0 -83.63519
37.826351
0 -83.637989
37.826496
0 -83.640976
37.825474
0 -83.643216
37.825947
0 -83.644829
37.828718
0 -83.646567
37.830304
0 -83.647637
37.833531
0 -83.651247
37.835296
0 -83.654262
37.833945
0 -83.656556
37.832196
0 -83.660856
37.83362
0 -83.663425
37.835351
0 -83.66121
37.838489
0 -83.661273
37.83989
0 -83.663125
37.842021
0 -83.664871
37.842874
0 -83.665346
37.845021
0 -83.666218
37.845854
0 -83.671649
37.842609
0 -83.673491
37.842438
0 -83.675671
37.844016
0 -83.671804
37.845731
0 -83.669921
37.847932
0 -83.668041
37.84882
0 -83.66674
37.851092
0 -83.667352
37.852447
0 -83.66846
37.85229
0 -83.674026
37.852709
0 -83.677407
37.856502
0 -83.748696
37.895127
0 -83.752079
37.897031
0 -83.75409
37.898816
0 -83.756367
37.899866
0 -83.758084
37.902337
0 -83.757325
37.903487
0 -83.759048
37.90466
0 -83.758056
37.907052
0 -83.75676
37.907661
0 -83.756839
37.910321
0 -83.756096
37.91417
0 -83.757861
37.915772
0 -83.760182
37.915652
0 -83.762655
37.917288
0 -83.763992
37.917554
0 -83.765341
37.916907
0 -83.767597
37.917392
0 -83.768783
37.918371
0 -83.769968
37.917813
0 -83.770541
37.91572
0 -83.772007
37.914806
0 -83.77498
37.914973
0 -83.776451
37.913572
0 -83.776523
37.911321
0 -83.779103
37.910347
0 -83.780817
37.910755
0 -83.78237
37.908094
0 -83.785752
37.907245
0 -83.788441
37.907679
0 -83.790676
37.906676
0 -83.792117
37.907004
0 -83.794622
37.90628
0 -83.796257
37.907162
0 -83.799599
37.907379
0 -83.800672
37.906908
0 -83.801086
37.905465
0 -83.80232
37.904938
0 -83.805779
37.904065
0 -83.806681
37.903116
0 -83.808981
37.903846
0 -83.811296
37.903895
0 -83.812494
37.903283
0 -83.814919
37.900227
0 -83.81573
37.900767
0 -83.816108
37.90321
0 -83.818372
37.902942
0 -83.820662
37.903729
0 -83.822437
37.905723
0 -83.823998
37.906036
0 -83.826626
37.905571
0 -83.828286
37.906381
0 -83.831106
37.905024
0 -83.831034
37.90345
0 -83.832455
37.902777
0 -83.834726
37.903239
0 -83.835097
37.904042
0 -83.837938
37.906001
0 -83.841426
37.906298
0 -83.843698
37.905926
0 -83.844181
37.902858
0 -83.846646
37.903398
0 -83.847501
37.903028
0 -83.851235
37.903489
0 -83.852636
37.902756
0 -83.855583
37.903862
0 -83.860733
37.905359
0 -83.862351
37.908115
0 -83.866307
37.906743
0 -83.870605
37.906645
0 -83.871275
37.906209
0 -83.875269
37.905936
0 -83.876832
37.90446
0 -83.878662
37.905062
0 -83.879029
37.90669
0 -83.88063
37.908966
0 -83.880037
37.913645
0 -83.883538
37.91325
0 -83.886242
37.916507
0 -83.888784
37.915606
0 -83.892086
37.917248
0 -83.893581
37.916819
0 -83.89821
37.916787
0 -83.908162
37.916717
0 -83.908594
37.91698
0 -83.913572
37.918719
0 -83.91447
37.919512
0 -83.959881
37.933765
0 -83.961697
37.932442
0 -83.962917
37.932699
0 -83.963638
37.931568
0 -83.96631
37.930768
0 -83.968322
37.931248
0 -83.970082
37.92973
0 -83.971958
37.929243
0 -83.973835
37.93034
0 -83.974769
37.929441
0 -83.977291
37.929407
0 -83.979782
37.927642
0 -83.975823
37.924675
0 -83.975996
37.923544
0 -83.978111
37.923476
0 -83.979584
37.922852
0 -83.981943
37.92471
0 -83.982573
37.923991
0 -83.983043
37.922423
0 -83.98429
37.922924
0 -83.98568
37.924896
0 -83.985272
37.922354
0 -83.98849
37.919292
0 -83.991769
37.917776
0 -83.991546
37.915753
0 -83.992583
37.914382
0 -83.990267
37.913647
0 -83.989734
37.912882
0 -83.991097
37.911606
0 -83.990725
37.90974
0 -83.992277
37.907167
0 -83.991464
37.906028
0 -83.991845
37.904047
0 -83.991377
37.902904
0 -83.988221
37.903828
0 -83.985764
37.902937
0 -83.987177
37.899918
0 -83.988355
37.89929
0 -83.990118
37.899804
0 -83.992879
37.894784
0 -83.993181
37.892539
0 -83.994101
37.891193
0 -83.996454
37.889762
0 -83.9983
37.887367
0 -83.996832
37.885488
0 -83.995995
37.88288
0 -83.998379
37.881036
0 -83.996606
37.878888
0 -83.99656
37.878124
0 -83.998361
37.876021
0 -84.000335
37.875278
0 -84.00104
37.873256
0 -84.000351
37.87072
0 -84.003546
37.87063
0 -84.00373
37.869544
0 -84.002877
37.866977
0 -84.005854
37.864098
0 -84.006205
37.860664
0 -84.007963
37.859342
0 -84.011195
37.859589
0 -84.014618
37.858189
0 -84.016493
37.859342
0 -84.01804
37.8631
0 -84.018047
37.865056
0 -84.019049
37.868924
0 -84.020608
37.870185
0 -84.023156
37.870655
0 -84.026302
37.870104
0 -84.02737
37.869454
0 