-106.086777
47.180938
0 -106.086533
47.104021
0 -106.086744
47.100043
0 -106.08641
47.088972
0 -106.08667
46.860264
0 -106.044851
46.860242
0 -105.875568
46.860926
0 -105.871414
46.860458
0 -105.832773
46.860515
0 -105.832756
46.832018
0 -105.617595
46.83209
0 -105.618076
46.745025
0 -105.576256
46.744935
0 -105.575683
46.657889
0 -105.546813
46.658018
0 -105.510965
46.658073
0 -105.491952
46.657985
0 -105.491873
46.600172
0 -105.449022
46.600073
0 -105.449115
46.57163
0 -105.449006
46.570916
0 -105.422434
46.570932
0 -105.418871
46.570854
0 -105.239175
46.570089
0 -105.239439
46.541005
0 -105.112872
46.54099
0 -105.099767
46.54064
0 -105.092112
46.54046
0 -105.084428
46.540644
0 -105.005587
46.540404
0 -105.000526
46.540579
0 -104.984714
46.540606
0 -104.984754
46.56945
0 -104.858857
46.569114
0 -104.858698
46.612479
0 -104.732853
46.612672
0 -104.732855
46.622585
0 -104.733058
46.625007
0 -104.732843
46.656264
0 -104.607032
46.655877
0 -104.607036
46.670387
0 -104.607017
46.684926
0 -104.607058
46.745168
0 -104.607429
46.750009
0 -104.606852
46.831936
0 -104.603384
46.831913
0 -104.603766
46.86088
0 -104.875158
46.861098
0 -105.007656
46.861436
0 -105.008353
46.861438
0 -105.027522
46.86149
0 -105.027556
46.885237
0 -105.02729
46.888444
0 -105.027507
46.89069
0 -105.036156
46.890825
0 -105.04866
46.890598
0 -105.048385
46.905317
0 -105.069499
46.905164
0 -105.069484
46.919128
0 -105.196945
46.919179
0 -105.196683
46.956268
0 -105.196516
46.958279
0 -105.196717
46.961776
0 -105.196735
46.977172
0 -105.324898
46.977161
0 -105.324785
47.093263
0 -105.324793
47.107011
0 -105.324661
47.108769
0 -105.324817
47.181586
0 -105.366917
47.181616
0 -105.406237
47.181563
0 -105.833042
47.180967
0 -105.833193
47.125004
0 -105.832846
47.093144
0 -105.960127
47.092969
0 -105.960094
47.180981
0 -106.086777
47.180938
0 