-99.015348
37.643861
0 -99.014147
37.585837
0 -99.014065
37.560206
0 -99.01404
37.556868
0 -99.013495
37.528469
0 -99.01262
37.500019
0 -99.012941
37.499366
0 -99.012598
37.470421
0 -99.00038
37.470554
0 -98.99731
37.470422
0 -98.902839
37.470241
0 -98.879493
37.470192
0 -98.875382
37.470037
0 -98.87202
37.4703
0 -98.86621
37.470283
0 -98.792962
37.470436
0 -98.757736
37.470468
0 -98.75678
37.470535
0 -98.715486
37.470689
0 -98.687667
37.470859
0 -98.62908
37.470529
0 -98.610764
37.4706
0 -98.592522
37.470612
0 -98.574202
37.470679
0 -98.556094
37.470742
0 -98.546933
37.470777
0 -98.464663
37.471013
0 -98.464748
37.528986
0 -98.464801
37.557939
0 -98.464971
37.601595
0 -98.464895
37.645296
0 -98.464814
37.703357
0 -98.464804
37.732675
0 -98.464763
37.790904
0 -98.464899
37.824512
0 -98.472257
37.824497
0 -98.527284
37.824494
0 -98.529131
37.824488
0 -98.58235
37.824306
0 -98.657469
37.824384
0 -98.675706
37.824489
0 -98.684662
37.824536
0 -98.692326
37.824598
0 -98.693651
37.824613
0 -98.719383
37.824793
0 -98.721258
37.824808
0 -98.743625
37.824975
0 -98.776519
37.825169
0 -98.794413
37.825239
0 -98.802413
37.825258
0 -98.839224
37.825261
0 -98.868697
37.825257
0 -98.903844
37.82536
0 -98.912482
37.825385
0 -98.958896
37.825359
0 -99.013318
37.825336
0 -99.013567
37.759093
0 -99.013312
37.758538
0 -99.01355
37.73297
0 -99.013707
37.718171
0 -99.013948
37.71817
0 -99.015348
37.643861
0 