-102.747708
37.823451
0 -102.747988
37.823216
0 -102.747615
37.643642
0 -102.712666
37.64359
0 -102.625472
37.643621
0 -102.620517
37.643486
0 -102.539999
37.643734
0 -102.419402
37.643912
0 -102.383137
37.644103
0 -102.355923
37.644303
0 -102.355031
37.644166
0 -102.25572
37.644151
0 -102.219431
37.644161
0 -102.201281
37.644181
0 -102.199793
37.644387
0 -102.196162
37.644153
0 -102.156345
37.644424
0 -102.041585
37.644282
0 -102.041582
37.654495
0 -102.041694
37.665681
0 -102.041574
37.680436
0 -102.041876
37.723875
0 -102.041989965863
37.7385406283736
0 -102.042158
37.760164
0 -102.042668
37.788758
0 -102.042953
37.803535
0 -102.043033
37.824146
0 -102.043219
37.867929
0 -102.043714529642
37.9140037576958
0 -102.043845
37.926135
0 -102.043844
37.928102
0 -102.044539518897
38.0301954801574
0 -102.044644
38.045532
0 -102.044255
38.113011
0 -102.044589
38.125013
0 -102.044251
38.141778
0 -102.044296878805
38.1755588451927
0 -102.044398
38.250015
0 -102.04451007292
38.2624115834718
0 -102.044567368215
38.2687491172007
0 -102.064178
38.268774
0 -102.066348
38.268643
0 -102.088026
38.268543
0 -102.1174
38.268403
0 -102.120188
38.268599
0 -102.181136
38.268266
0 -102.185783
38.268528
0 -102.211067
38.268169
0 -102.212797
38.268229
0 -102.216604
38.268147
0 -102.256662
38.268148
0 -102.467675
38.267637
0 -102.471023
38.267799
0 -102.47975
38.26793
0 -102.618378
38.267495
0 -102.668224
38.267299
0 -102.722139
38.267101
0 -102.723824
38.26725
0 -102.74233
38.266971
0 -102.741898
38.25
0 -102.742411
38.222905
0 -102.741779
38.114117
0 -102.741695
38.10027
0 -102.741676
38.09656
0 -102.741334
38.006128
0 -102.741308
38.000007
0 -102.741048
37.997899
0 -102.740464
37.824064
0 -102.747708
37.823451
0 