-84.906983
37.087455
0 -84.905778
37.047187
0 -84.882352
37.025269
0 -84.863737
37.00802
0 -84.835712
36.997612
0 -84.808563
36.987609
0 -84.783794
36.978483
0 -84.770244
36.957846
0 -84.764872
36.95933
0 -84.760959
36.960138
0 -84.750158
36.961912
0 -84.733449
36.965769
0 -84.730741
36.966542
0 -84.713746
36.973305
0 -84.7119
36.975054
0 -84.707138
36.980967
0 -84.70514
36.981945
0 -84.699621
36.982574
0 -84.694922
36.982258
0 -84.68369
36.981007
0 -84.679165
36.980914
0 -84.67462
36.974372
0 -84.643399
36.92957
0 -84.620231
36.896321
0 -84.619349
36.894307
0 -84.614696
36.891512
0 -84.612082
36.888866
0 -84.609838
36.885944
0 -84.608441
36.884927
0 -84.605355
36.8807
0 -84.603991
36.879546
0 -84.602376
36.87916
0 -84.600842
36.879659
0 -84.594415
36.885745
0 -84.59259
36.888191
0 -84.59015
36.893202
0 -84.5883
36.894535
0 -84.586688
36.89482
0 -84.583341
36.893677
0 -84.582209
36.891962
0 -84.582758
36.889512
0 -84.587425
36.886653
0 -84.589693
36.8841
0 -84.589926
36.88259
0 -84.588086
36.879114
0 -84.581939
36.872951
0 -84.578753
36.869103
0 -84.578158
36.867133
0 -84.416816
36.94692
0 -84.411432
36.947477
0 -84.40668
36.94845
0 -84.397418
36.949369
0 -84.386572
36.951499
0 -84.382425
36.953195
0 -84.374429
36.958504
0 -84.371112
36.961287
0 -84.368174
36.962595
0 -84.365328
36.962854
0 -84.363398
36.96255
0 -84.360864
36.961416
0 -84.358024
36.9594
0 -84.353224
36.961721
0 -84.350245
36.963692
0 -84.346979
36.967005
0 -84.344732
36.971702
0 -84.344664
36.974049
0 -84.346389
36.976987
0 -84.346742
36.979173
0 -84.346714
36.983318
0 -84.347722
36.985422
0 -84.349922
36.987281
0 -84.349961
36.98914
0 -84.347364
36.990195
0 -84.344017
36.990467
0 -84.340149
36.99032
0 -84.337856
36.990732
0 -84.334868
36.991835
0 -84.33125
36.995552
0 -84.327936
36.997584
0 -84.322555
36.998725
0 -84.319414
36.998622
0 -84.31706
36.999333
0 -84.315049
37.001455
0 -84.313422
37.007077
0 -84.313895
37.008316
0 -84.316838
37.010753
0 -84.321264
37.012522
0 -84.324423
37.014143
0 -84.326284
37.015573
0 -84.329735
37.019407
0 -84.331071
37.021962
0 -84.331786
37.02438
0 -84.330172
37.027009
0 -84.328288
37.028258
0 -84.324112
37.028871
0 -84.319795
37.028623
0 -84.318719
37.028006
0 -84.317405
37.026065
0 -84.316166
37.02321
0 -84.314264
37.022795
0 -84.311039
37.024067
0 -84.309575
37.025609
0 -84.307608
37.032071
0 -84.306379
37.034204
0 -84.3049
37.035673
0 -84.303016
37.038396
0 -84.303175
37.040822
0 -84.306119
37.041006
0 -84.308865
37.038827
0 -84.310778
37.037964
0 -84.313673
37.037978
0 -84.315262
37.039535
0 -84.317027
37.040492
0 -84.31812
37.04356
0 -84.318001
37.046482
0 -84.31669
37.048354
0 -84.31582
37.051266
0 -84.316356
37.052893
0 -84.31591
37.054435
0 -84.317583
37.057884
0 -84.320656
37.060278
0 -84.324863
37.061556
0 -84.325223
37.062179
0 -84.324096
37.066303
0 -84.324597
37.067872
0 -84.318549
37.070538
0 -84.316543
37.073102
0 -84.316239
37.074717
0 -84.314647
37.077146
0 -84.311247
37.078143
0 -84.309347
37.077571
0 -84.305172
37.078886
0 -84.303283
37.08022
0 -84.302971
37.082867
0 -84.30204
37.084544
0 -84.302311
37.085994
0 -84.301489
37.087544
0 -84.299843
37.088439
0 -84.29848
37.088604
0 -84.291414
37.087269
0 -84.287263
37.088154
0 -84.28479
37.089278
0 -84.284561
37.091438
0 -84.286939
37.094541
0 -84.285782
37.096646
0 -84.28044
37.100348
0 -84.280174
37.101893
0 -84.283657
37.10514
0 -84.290724
37.110375
0 -84.291803
37.112468
0 -84.292959
37.11356
0 -84.291784
37.114876
0 -84.288699
37.115304
0 -84.281711
37.114312
0 -84.279377
37.115525
0 -84.278585
37.11881
0 -84.279032
37.119662
0 -84.282626
37.121191
0 -84.284018
37.122845
0 -84.287528
37.123442
0 -84.291646
37.122484
0 -84.293895
37.121127
0 -84.296094
37.121116
0 -84.296991
37.122262
0 -84.296507
37.12419
0 -84.295501
37.125135
0 -84.292529
37.126081
0 -84.289697
37.128718
0 -84.28941
37.12956
0 -84.290522
37.132515
0 -84.292279
37.135463
0 -84.292292
37.137255
0 -84.291329
37.140265
0 -84.2916
37.141716
0 -84.293722
37.144328
0 -84.29369
37.145742
0 -84.291832
37.149331
0 -84.289076
37.15174
0 -84.290856
37.154045
0 -84.290515
37.156844
0 -84.292078
37.16091
0 -84.29478
37.161533
0 -84.300475
37.16394
0 -84.303488
37.166352
0 -84.426518
37.264176
0 -84.436729
37.271858
0 -84.446286
37.27905
0 -84.468665
37.298952
0 -84.500289
37.327143
0 -84.502505
37.328533
0 -84.502932
37.328801
0 -84.556461
37.355729
0 -84.57412
37.343247
0 -84.574221
37.343176
0 -84.648083
37.290416
0 -84.651037
37.288281
0 -84.662623
37.279935
0 -84.689192
37.260755
0 -84.720712
37.238328
0 -84.806236
37.17727
0 -84.811396
37.17371
0 -84.882483
37.128146
0 -84.901112
37.116297
0 -84.902911
37.10237
0 -84.906983
37.087455
0 