-82.064562
38.607985
0 -82.063697
38.596131
0 -82.058689
38.526382
0 -82.055127
38.474547
0 -82.053527
38.45324
0 -82.053401
38.446898
0 -82.052163
38.428814
0 -82.052024
38.426697
0 -82.05201
38.426513
0 -82.05144
38.419848
0 -82.051418
38.41964
0 -82.0514
38.41937
0 -82.05105
38.414223
0 -82.050429
38.404523
0 -82.050383
38.403664
0 -82.047128
38.374432
0 -82.046864
38.372259
0 -82.046251
38.360309
0 -82.04475
38.352542
0 -82.043094
38.337278
0 -82.048684
38.294362
0 -82.048064
38.293355
0 -82.049151
38.291709
0 -82.048852
38.290342
0 -82.046778
38.290089
0 -82.045582
38.289231
0 -82.045792
38.288102
0 -82.044518
38.286984
0 -82.042708
38.287663
0 -82.040866
38.287606
0 -82.040741
38.285554
0 -82.039606
38.285552
0 -82.036521
38.286615
0 -82.035793
38.283653
0 -82.034247
38.283033
0 -82.032391
38.284001
0 -82.031681
38.280628
0 -82.029953
38.280523
0 -82.028291
38.279362
0 -82.025589
38.280879
0 -82.023615
38.280764
0 -82.021299
38.281745
0 -82.019384
38.281864
0 -82.019119
38.279609
0 -82.015467
38.279446
0 -82.016205
38.277192
0 -82.015777
38.274935
0 -82.016464
38.271954
0 -82.0141
38.271948
0 -82.011975
38.272502
0 -82.00879
38.272682
0 -82.006524
38.270878
0 -82.003419
38.271874
0 -82.001786
38.271601
0 -82.000938
38.270842
0 -82.000567
38.268109
0 -81.99803
38.267517
0 -81.997406
38.266605
0 -81.991774
38.269085
0 -81.991951
38.271773
0 -81.991151
38.275772
0 -81.986271
38.275965
0 -81.984493
38.277759
0 -81.983019
38.27731
0 -81.982094
38.276701
0 -81.92208
38.32059
0 -81.915197
38.325597
0 -81.904541
38.378076
0 -81.900222
38.398572
0 -81.899359
38.399088
0 -81.898761
38.39933
0 -81.897948
38.399695
0 -81.88026
38.408235
0 -81.864429
38.415388
0 -81.857456
38.41886
0 -81.850797
38.421932
0 -81.849552
38.423387
0 -81.846333
38.424348
0 -81.846147
38.42492
0 -81.846125
38.424988
0 -81.845213
38.42478
0 -81.844093
38.42518
0 -81.843837
38.425769
0 -81.843773
38.425916
0 -81.842877
38.425772
0 -81.841262
38.425981
0 -81.841175
38.425991
0 -81.84077
38.426038
0 -81.840488
38.426099
0 -81.83756
38.425245
0 -81.836045
38.428764
0 -81.828668
38.42918
0 -81.828713
38.430105
0 -81.826492
38.430956
0 -81.825637
38.430552
0 -81.822839
38.429692
0 -81.822348
38.430332
0 -81.819276
38.435308
0 -81.8147
38.43286
0 -81.813096
38.43398
0 -81.813443
38.435104
0 -81.813311
38.435148
0 -81.804767
38.438029
0 -81.804683
38.438057
0 -81.795583
38.441042
0 -81.777115
38.447052
0 -81.775874
38.447558
0 -81.754303
38.455751
0 -81.729993
38.465041
0 -81.727228
38.466116
0 -81.723066
38.467772
0 -81.721994
38.474684
0 -81.726378
38.475548
0 -81.726938
38.477836
0 -81.725578
38.478908
0 -81.725322
38.480252
0 -81.727498
38.48078
0 -81.729243
38.483692
0 -81.729387
38.486556
0 -81.732763
38.491596
0 -81.732603
38.4943
0 -81.734011
38.495772
0 -81.732907
38.497564
0 -81.734587
38.499067
0 -81.734506
38.500091
0 -81.731731
38.503622
0 -81.737228
38.504661
0 -81.737857
38.505686
0 -81.740818
38.507999
0 -81.742419
38.508707
0 -81.74382
38.510578
0 -81.742249
38.512383
0 -81.739829
38.51229
0 -81.739854
38.513349
0 -81.742458
38.516276
0 -81.742237
38.517496
0 -81.747216
38.519457
0 -81.747581
38.520919
0 -81.748926
38.52047
0 -81.752553
38.523626
0 -81.754069
38.523956
0 -81.753016
38.52562
0 -81.750814
38.52616
0 -81.75229
38.52806
0 -81.752595
38.53111
0 -81.754545
38.53218
0 -81.755128
38.53439
0 -81.752051
38.534899
0 -81.753911
38.5382
0 -81.750937
38.538737
0 -81.749283
38.540712
0 -81.749152
38.543176
0 -81.751491
38.546082
0 -81.751321
38.547077
0 -81.749091
38.547953
0 -81.748113
38.549651
0 -81.748251
38.552231
0 -81.747164
38.553563
0 -81.750146
38.555518
0 -81.747955
38.559127
0 -81.74953
38.560699
0 -81.749852
38.5635
0 -81.747752
38.565082
0 -81.748213
38.567415
0 -81.749853
38.568189
0 -81.748879
38.570574
0 -81.750533
38.572465
0 -81.750753
38.575429
0 -81.751851
38.577768
0 -81.751314
38.579518
0 -81.754649
38.580133
0 -81.755652
38.581769
0 -81.753556
38.583304
0 -81.753031
38.585072
0 -81.751534
38.58583
0 -81.750547
38.591014
0 -81.747052
38.591718
0 -81.743651
38.594172
0 -81.74176
38.59399
0 -81.741147
38.597665
0 -81.738968
38.599326
0 -81.737489
38.599167
0 -81.735779
38.597958
0 -81.732406
38.598345
0 -81.730491
38.596717
0 -81.728775
38.596219
0 -81.722189
38.601658
0 -81.716978
38.606225
0 -81.711857
38.612801
0 -81.706458
38.618114
0 -81.696348
38.626427
0 -81.735837
38.670795
0 -81.747024
38.683391
0 -81.747683
38.684134
0 -81.772653
38.680868
0 -81.772843
38.680843
0 -81.870015
38.668205
0 -81.874855
38.667704
0 -81.87541
38.667719
0 -81.950951
38.65796
0 -81.955791
38.657355
0 -81.957338
38.656644
0 -81.996575
38.638643
0 -82.021421
38.627339
0 -82.064562
38.607985
0 