-104.129727
34.954208
0 -104.129399
34.903928
0 -104.129344
34.902748
0 -104.129389
34.870909
0 -104.129406
34.867661
0 -104.129139
34.815982
0 -104.129424
34.779324
0 -104.129588
34.768569
0 -104.128901
34.750071
0 -104.129013
34.66489
0 -104.129205
34.663189
0 -104.128983
34.642477
0 -104.12959
34.632301
0 -104.12888
34.60522
0 -104.125515
34.605277
0 -104.116466
34.60583
0 -104.024762
34.605033
0 -104.02222
34.605207
0 -103.948839
34.605058
0 -103.740531
34.604794
0 -103.738232
34.604671
0 -103.706528
34.604935
0 -103.706612
34.60548
0 -103.705788
34.692446
0 -103.635246
34.691887
0 -103.586165
34.691681
0 -103.583337
34.691819
0 -103.496024
34.691473
0 -103.495951
34.715953
0 -103.495379
34.778699
0 -103.460622
34.778504
0 -103.46052
34.778504
0 -103.443031
34.778255
0 -103.390274
34.778122
0 -103.389755
34.821844
0 -103.38945
34.850109
0 -103.389578
34.864661
0 -103.319915
34.865205
0 -103.284157
34.86499
0 -103.283711
34.900163
0 -103.283425
34.923096
0 -103.283002
34.953947
0 -103.16515
34.954038
0 -103.042552379277
34.9541010774319
0 -103.042612979504
35.0594588280314
0 -103.042617642525
35.0675658178045
0 -103.042642
35.109913
0 -103.043261
35.125058
0 -103.04252
35.135596
0 -103.0426
35.142766
0 -103.042711
35.144735
0 -103.042568
35.159318
0 -103.042395
35.178573
0 -103.042339
35.181922
0 -103.042366
35.182786
0 -103.042377
35.183149
0 -103.042377029193
35.1831559850696
0 -103.042497
35.211862
0 -103.042775
35.241237
0 -103.042366
35.250056
0 -103.042050223806
35.3948895513524
0 -103.042050097037
35.3949476949054
0 -103.041554
35.622487
0 -103.041484995686
35.651085905415
0 -103.041272213551
35.7392736699575
0 -103.265768
35.74007
0 -103.26791
35.739981
0 -103.301735
35.739929
0 -103.303366
35.740062
0 -103.374988
35.740011
0 -103.375508
35.65251
0 -103.379325
35.652478
0 -103.379475
35.564751
0 -103.379617
35.500008
0 -103.379219
35.496773
0 -103.379234
35.494963
0 -103.379941
35.397987
0 -103.390311
35.389966
0 -103.397582
35.389938
0 -103.504302
35.389742
0 -103.505969
35.389876
0 -103.521699
35.389846
0 -103.604598
35.38948
0 -103.606919
35.389609
0 -103.637147
35.389722
0 -103.637054
35.337485
0 -103.637057
35.240881
0 -103.715325
35.241154
0 -103.744097
35.241351
0 -103.750523
35.2416
0 -103.76825
35.241514
0 -103.841957
35.241364
0 -103.857529
35.242199
0 -103.857698
35.264082
0 -104.124841
35.142183
0 -104.124815
35.125055
0 -104.125091
35.083609
0 -104.125077
35.039633
0 -104.124814
35.033266
0 -104.125528
34.954186
0 -104.129727
34.954208
0 