-73.96262
40.739033
0 -73.962478
40.736802
0 -73.95706
40.739167
0 -73.955087
40.7394
0 -73.952669
40.739258
0 -73.947064
40.737516
0 -73.942163
40.735678
0 -73.940368
40.733269
0 -73.93966
40.731487
0 -73.937525
40.729815
0 -73.931825
40.728482
0 -73.929058
40.727688
0 -73.927801
40.726494
0 -73.92418
40.72002
0 -73.923127
40.717024
0 -73.922711
40.716478
0 -73.924327
40.715568
0 -73.92404
40.714008
0 -73.922233
40.712854
0 -73.920745
40.71053
0 -73.921892
40.709396
0 -73.91996
40.708257
0 -73.919222
40.707815
0 -73.917737
40.706943
0 -73.916253
40.706066
0 -73.915513
40.705626
0 -73.914771
40.705189
0 -73.914031
40.704749
0 -73.913292
40.704313
0 -73.911807
40.703435
0 -73.912904
40.702362
0 -73.911422
40.701487
0 -73.910679
40.701046
0 -73.911808
40.699938
0 -73.911036
40.699532
0 -73.908774
40.698255
0 -73.908022
40.697825
0 -73.906117
40.69675
0 -73.90426
40.6957
0 -73.9058
40.694128
0 -73.905043
40.693704
0 -73.904288
40.693278
0 -73.902073
40.691999
0 -73.901241
40.691438
0 -73.901805
40.690766
0 -73.901162
40.687878
0 -73.896466
40.682336
0 -73.894403
40.685084
0 -73.892523
40.683424
0 -73.890154
40.685004
0 -73.889607
40.684214
0 -73.884517
40.686691
0 -73.883777
40.687863
0 -73.879616
40.691106
0 -73.874021
40.694191
0 -73.868917
40.69515
0 -73.868717
40.694622
0 -73.868672
40.693855
0 -73.868059
40.691184
0 -73.867277
40.687745
0 -73.867018
40.68683
0 -73.866598
40.68527
0 -73.866295
40.683189
0 -73.866027
40.681918
0 -73.864101
40.682373
0 -73.863787
40.681114
0 -73.863349
40.679352
0 -73.862028
40.677886
0 -73.861712
40.676611
0 -73.861318
40.675021
0 -73.861064
40.674343
0 -73.860389
40.671269
0 -73.857633
40.671656
0 -73.857267
40.670255
0 -73.856847
40.668603
0 -73.856425
40.667033
0 -73.856063
40.665511
0 -73.855685
40.663867
0 -73.85843
40.663453
0 -73.858025
40.661721
0 -73.857615
40.660119
0 -73.86036
40.659646
0 -73.863171
40.658277
0 -73.860676
40.654868
0 -73.860483
40.654659
0 -73.859755
40.654104
0 -73.856537
40.649916
0 -73.856148
40.649198
0 -73.855021
40.643098
0 -73.854938
40.64265
0 -73.848338
40.643521
0 -73.837652
40.63284
0 -73.836238
40.631111
0 -73.833041
40.628261
0 -73.833422
40.626782
0 -73.834008
40.614425
0 -73.834283
40.609186
0 -73.834463
40.607193
0 -73.835876
40.605637
0 -73.842017
40.598313
0 -73.844437
40.595855
0 -73.84668
40.593209
0 -73.849852
40.588669
0 -73.854937
40.585974
0 -73.859492
40.583938
0 -73.866005
40.581001
0 -73.86751
40.580229
0 -73.869232
40.579342
0 -73.871418
40.578535
0 -73.879222
40.574656
0 -73.885069
40.573749
0 -73.886292
40.573505
0 -73.890518
40.572705
0 -73.903871
40.571619
0 -73.92807
40.567786
0 -73.9342695432371
40.5667651450013
0 -73.9354125461796
40.5628869436942
0 -73.9369713506784
40.557597930499
0 -73.937068
40.55727
0 -73.940247
40.554582
0 -73.940573712484
40.5434832730011
0 -73.940591
40.542896
0 -73.917774
40.55285
0 -73.905141
40.556401
0 -73.9010160660574
40.5568532568131
0 -73.89623
40.557378
0 -73.8823707205739
40.5608449916622
0 -73.8793216484476
40.5616077374958
0 -73.8792028158448
40.5616374642681
0 -73.878681
40.561768
0 -73.8725865174353
40.5638924584605
0 -73.8629720953609
40.5672439226909
0 -73.8570428287102
40.5693107890026
0 -73.8470497674191
40.572794242008
0 -73.8438041606755
40.573925618894
0 -73.8414012986091
40.5747632257937
0 -73.8389190164826
40.5756285175078
0 -73.8370403194944
40.5762834071837
0 -73.8355312954688
40.5768094336058
0 -73.834408
40.577201
0 -73.8294966612884
40.5785222559136
0 -73.8210851044268
40.5807851459114
0 -73.815495604297
40.5822888418555
0 -73.8098659330526
40.5838033446948
0 -73.806834
40.584619
0 -73.8014345864318
40.585658064731
0 -73.7955944027194
40.5867819513979
0 -73.7908907618492
40.5876871214269
0 -73.7884870692082
40.5881496887439
0 -73.7884401183853
40.588158723974
0 -73.7857591786223
40.5886746448085
0 -73.7853023473749
40.5887625575478
0 -73.774928
40.590759
0 -73.7696436778067
40.5907955566824
0 -73.7675356211426
40.5908101401152
0 -73.7637578234581
40.5908362747347
0 -73.763622288472
40.5908372123591
0 -73.7560282162845
40.5908897477789
0 -73.755269
40.590895
0 -73.7552665240504
40.5908624008346
0 -73.7548889533319
40.585891180684
0 -73.752371
40.587965
0 -73.747749
40.591503
0 -73.744469
40.592904
0 -73.74338
40.592847
0 -73.743237
40.592839
0 -73.737185
40.592965
0 -73.737521
40.59392
0 -73.737637
40.594415
0 -73.738037
40.595913
0 -73.738309
40.598208
0 -73.738151
40.60271
0 -73.740571
40.60488
0 -73.743355
40.607499
0 -73.744567
40.610117
0 -73.745633
40.611756
0 -73.746942
40.611775
0 -73.748216
40.612011
0 -73.74912
40.611794
0 -73.750088
40.611641
0 -73.753458
40.61052
0 -73.754732
40.610405
0 -73.757235
40.610993
0 -73.75891
40.611206
0 -73.760021
40.611349
0 -73.763454
40.61369
0 -73.765931
40.614153
0 -73.766719
40.615004
0 -73.767459
40.620511
0 -73.767571
40.621477
0 -73.768553
40.623155
0 -73.768761
40.624352
0 -73.768709
40.624386
0 -73.767425
40.626606
0 -73.748001
40.634631
0 -73.746022
40.635212
0 -73.744177
40.637356
0 -73.742361
40.638093
0 -73.74127
40.637257
0 -73.74265
40.635045
0 -73.73996
40.635144
0 -73.739471
40.635706
0 -73.742283
40.640121
0 -73.741428
40.640502
0 -73.741437
40.646889
0 -73.739045
40.648201
0 -73.736735
40.6491
0 -73.735135
40.649732
0 -73.734388
40.649821
0 -73.732208
40.650091
0 -73.729739
40.650558
0 -73.72853
40.650973
0 -73.724984
40.652678
0 -73.724874
40.653447
0 -73.724787
40.654001
0 -73.726444
40.659162
0 -73.727592
40.661094
0 -73.727814
40.663224
0 -73.727834
40.663976
0 -73.728107
40.665345
0 -73.728272
40.66644
0 -73.728222
40.667314
0 -73.728264
40.668073
0 -73.727926
40.670097
0 -73.72807
40.671608
0 -73.727542
40.67416
0 -73.726543
40.676487
0 -73.726198
40.677381
0 -73.725841
40.678753
0 -73.72563
40.679588
0 -73.725861
40.683223
0 -73.725843
40.683575
0 -73.725821
40.68395
0 -73.725926
40.686225
0 -73.725996
40.686932
0 -73.726258
40.690611
0 -73.726503
40.696886
0 -73.726783
40.701987
0 -73.726762
40.702768
0 -73.726781
40.703145
0 -73.726895
40.7058
0 -73.727047
40.709497
0 -73.726971
40.710715
0 -73.728501
40.716706
0 -73.729176
40.719167
0 -73.730326
40.722157
0 -73.729559
40.72258
0 -73.728162
40.723084
0 -73.725672
40.724038
0 -73.724722
40.724314
0 -73.724197
40.724455
0 -73.721193
40.725267
0 -73.720913
40.725339
0 -73.716684
40.726375
0 -73.712421
40.72691
0 -73.71047
40.727173
0 -73.70967
40.727346
0 -73.707647
40.727796
0 -73.705269
40.731513
0 -73.704869
40.731997
0 -73.704599
40.732502
0 -73.70259
40.73551
0 -73.701471
40.737512
0 -73.700016
40.739272
0 -73.70002
40.73939
0 -73.700292
40.74105
0 -73.700582
40.743184
0 -73.700768
40.745014
0 -73.700872
40.746866
0 -73.701168
40.748865
0 -73.701633
40.752493
0 -73.707825
40.756216
0 -73.713325
40.75973
0 -73.720713
40.764532
0 -73.721143
40.764873
0 -73.722484
40.765527
0 -73.727729
40.768802
0 -73.729706
40.770054
0 -73.733893
40.772527
0 -73.738862
40.775573
0 -73.739376
40.776014
0 -73.739598
40.776075
0 -73.749664
40.782106
0 -73.7514510100874
40.7824681003752
0 -73.7530018625745
40.7811256131005
0 -73.7543402603258
40.7799670361472
0 -73.754606
40.779737
0 -73.7554263694168
40.7777011969923
0 -73.755473596397
40.777584
0 -73.755881
40.776573
0 -73.7542598582417
40.7742888294776
0 -73.753656
40.773438
0 -73.755557
40.771998
0 -73.7558793472193
40.7717190456756
0 -73.7583793846675
40.76955555173
0 -73.758885
40.769118
0 -73.7613603814722
40.7711265739969
0 -73.7615885976999
40.771311753205
0 -73.7635021041273
40.7728644105616
0 -73.7635865861473
40.772932960961
0 -73.76554
40.774518
0 -73.7661154058307
40.7760432340773
0 -73.7670348596146
40.7784804395572
0 -73.767441
40.779557
0 -73.7675451454684
40.7796576099919
0 -73.7703387934199
40.7823564206272
0 -73.7740787591547
40.7859694239389
0 -73.774334
40.786216
0 -73.7741389097254
40.7863202798795
0 -73.770293
40.788376
0 -73.775558
40.795613
0 -73.77885
40.797193
0 -73.781369
40.794907
0 -73.7817380322207
40.7953853403085
0 -73.7864224990023
40.8014573555951
0 -73.787918
40.800362
0 -73.79371
40.800375
0 -73.799745
40.802199
0 -73.811299
40.805397
0 -73.817418
40.80579
0 -73.823438
40.80481
0 -73.827583
40.803936
0 -73.830676
40.803108
0 -73.835409
40.802199
0 -73.844076
40.801023
0 -73.846654
40.801024
0 -73.853072
40.800113
0 -73.854632
40.799724
0 -73.862965
40.79767
0 -73.863147
40.797497
0 -73.867118
40.793742
0 -73.870207
40.790909
0 -73.870973
40.789057
0 -73.870809
40.787897
0 -73.871631
40.786798
0 -73.873088
40.785855
0 -73.876973
40.785778
0 -73.878307
40.785357
0 -73.885303
40.786685
0 -73.888307
40.787006
0 -73.89057
40.790108
0 -73.892182
40.790394
0 -73.899869
40.792449
0 -73.912456
40.796096
0 -73.910673
40.793116
0 -73.910296
40.790657
0 -73.912069
40.789339
0 -73.915344
40.786116
0 -73.917171
40.784193
0 -73.91909
40.783368
0 -73.919965
40.782635
0 -73.920999
40.781749
0 -73.924816
40.778758
0 -73.925745
40.778405
0 -73.926318
40.778242
0 -73.928277
40.776899
0 -73.929881
40.776222
0 -73.931847
40.777892
0 -73.934412
40.778093
0 -73.935855
40.777212
0 -73.93638
40.776921
0 -73.937655
40.775086
0 -73.937858
40.774088
0 -73.937466
40.772504
0 -73.934956
40.77173
0 -73.935323
40.770485
0 -73.941312
40.766918
0 -73.944715
40.762879
0 -73.95084
40.755219
0 -73.951367
40.754524
0 -73.957732
40.747775
0 -73.959124
40.746119
0 -73.960211
40.744511
0 -73.960513
40.744108
0 -73.960563
40.744024
0 -73.961381
40.742802
0 -73.96262
40.739033
0 