-83.661672
34.848157
0 -83.661303
34.843764
0 -83.659647
34.84062
0 -83.659255
34.83862
0 -83.659289
34.834044
0 -83.658092
34.831664
0 -83.659088
34.830275
0 -83.656449
34.825505
0 -83.652194
34.822993
0 -83.648681
34.82537
0 -83.647144
34.824637
0 -83.643577
34.823998
0 -83.639752
34.822781
0 -83.635345
34.823227
0 -83.634004
34.824265
0 -83.629583
34.825328
0 -83.628237
34.824391
0 -83.624974
34.823022
0 -83.621993
34.822825
0 -83.618766
34.823661
0 -83.613084
34.822015
0 -83.612315
34.822304
0 -83.6113
34.824078
0 -83.611359
34.82587
0 -83.607621
34.827593
0 -83.605522
34.827609
0 -83.601027
34.826078
0 -83.596501
34.824787
0 -83.594547
34.822997
0 -83.591658
34.821481
0 -83.587824
34.820632
0 -83.586897
34.819991
0 -83.58769
34.818227
0 -83.587045
34.817107
0 -83.584141
34.815248
0 -83.584311
34.812615
0 -83.581953
34.811145
0 -83.581757
34.810185
0 -83.583006
34.809304
0 -83.582147
34.808204
0 -83.582354
34.807116
0 -83.581208
34.805014
0 -83.577641
34.803344
0 -83.577864
34.801268
0 -83.575256
34.799355
0 -83.576248
34.795494
0 -83.573934
34.795207
0 -83.571359
34.792284
0 -83.570671
34.791237
0 -83.567055
34.791218
0 -83.565384
34.789936
0 -83.562897
34.78894
0 -83.562279
34.788006
0 -83.560501
34.787838
0 -83.558052
34.786285
0 -83.556473
34.784634
0 -83.560532
34.782745
0 -83.56221
34.781101
0 -83.559967
34.778343
0 -83.558929
34.775589
0 -83.558968
34.773884
0 -83.560432
34.771996
0 -83.558144
34.769894
0 -83.5578
34.768238
0 -83.556145
34.767723
0 -83.554794
34.765751
0 -83.555641
34.764488
0 -83.555061
34.763577
0 -83.55629
34.760895
0 -83.556091
34.758926
0 -83.556808
34.757893
0 -83.554413
34.754475
0 -83.552292
34.752747
0 -83.551765
34.750683
0 -83.548988
34.749451
0 -83.545181
34.749973
0 -83.54232
34.749657
0 -83.540413
34.748466
0 -83.536873
34.748592
0 -83.535133
34.747417
0 -83.537231
34.745602
0 -83.535294
34.741474
0 -83.535477
34.739895
0 -83.534218
34.740017
0 -83.532951
34.739048
0 -83.529533
34.738571
0 -83.527161
34.739174
0 -83.525502
34.738649
0 -83.520973
34.735833
0 -83.51638
34.734997
0 -83.515228
34.733002
0 -83.512673
34.731677
0 -83.50985
34.733124
0 -83.503487
34.734291
0 -83.502342
34.733017
0 -83.500526
34.733044
0 -83.498474
34.730358
0 -83.496384
34.72887
0 -83.493759
34.728771
0 -83.49192
34.726959
0 -83.4888
34.726948
0 -83.48658
34.726227
0 -83.484474
34.726589
0 -83.48365
34.725506
0 -83.481422
34.72493
0 -83.480217
34.7239
0 -83.47893
34.72394
0 -83.472733
34.727554
0 -83.471672
34.727951
0 -83.46904
34.730064
0 -83.469154
34.73111
0 -83.466774
34.733284
0 -83.465813
34.733635
0 -83.463661
34.732616
0 -83.460945
34.733082
0 -83.457565
34.731846
0 -83.45529
34.732628
0 -83.45034
34.734272
0 -83.447945
34.736195
0 -83.446373
34.736862
0 -83.446205
34.738461
0 -83.447433
34.741287
0 -83.446075
34.743053
0 -83.439705
34.743019
0 -83.438156
34.742146
0 -83.436119
34.742268
0 -83.433159
34.745052
0 -83.431221
34.747345
0 -83.428657
34.746758
0 -83.425713
34.746616
0 -83.423729
34.744938
0 -83.42289
34.743603
0 -83.424499
34.740749
0 -83.424423
34.739075
0 -83.423039
34.737835
0 -83.423256
34.736557
0 -83.422249
34.735588
0 -83.418594
34.734631
0 -83.415962
34.732975
0 -83.413406
34.733089
0 -83.406471
34.7318
0 -83.404961
34.730743
0 -83.403662
34.728921
0 -83.401924
34.729698
0 -83.395348
34.73209
0 -83.39286
34.734394
0 -83.387424
34.737363
0 -83.384972
34.735001
0 -83.385971
34.733429
0 -83.383989
34.733247
0 -83.381264
34.731339
0 -83.378097
34.731331
0 -83.375877
34.732227
0 -83.374824
34.73193
0 -83.374304
34.729703
0 -83.371933
34.727322
0 -83.369842
34.724724
0 -83.368462
34.723831
0 -83.365768
34.72121
0 -83.361336
34.71912
0 -83.358414
34.717171
0 -83.355621
34.716053
0 -83.3524926405687
34.7161214082301
0 -83.353238
34.728648
0 -83.3528571997088
34.7293861082533
0 -83.348829
34.737194
0 -83.339811
34.739167
0 -83.333524
34.745301
0 -83.327442
34.750067
0 -83.325587
34.754978
0 -83.320779
34.75842
0 -83.321008
34.765371
0 -83.319945
34.773725
0 -83.3238289970818
34.7895611288823
0 -83.323866
34.789712
0 -83.318006
34.793732
0 -83.313782
34.799911
0 -83.303643
34.802403
0 -83.301182
34.804008
0 -83.299761
34.807881
0 -83.300529
34.810562
0 -83.304047
34.810921
0 -83.306663
34.81485
0 -83.303131
34.818745
0 -83.300568
34.818661
0 -83.298988
34.817551
0 -83.300011
34.815247
0 -83.296051
34.813114
0 -83.294647
34.813602
0 -83.294716
34.815731
0 -83.290207
34.818031
0 -83.29112
34.822508
0 -83.289914
34.824477
0 -83.284812
34.823043
0 -83.283151
34.821328
0 -83.275656
34.816862
0 -83.271214
34.81844
0 -83.268159
34.821393
0 -83.267293
34.832748
0 -83.272426
34.834718
0 -83.268767
34.844539
0 -83.266651
34.848907
0 -83.26089
34.84822
0 -83.26076
34.84546
0 -83.256522
34.844062
0 -83.2541410512454
34.844230052949
0 -83.250529
34.844485
0 -83.248592
34.846073
0 -83.253762
34.848057
0 -83.252582
34.853483
0 -83.253319
34.855923
0 -83.246933
34.855007
0 -83.246343
34.860025
0 -83.248054
34.863117
0 -83.246719
34.867002
0 -83.243251
34.866033
0 -83.238609
34.865452
0 -83.237877
34.868877
0 -83.234703
34.870743
0 -83.240463
34.872723
0 -83.243126
34.877392
0 -83.240318
34.878769
0 -83.235794
34.877895
0 -83.232379
34.878051
0 -83.22924
34.879907
0 -83.2280932064494
34.8797295536329
0 -83.221517
34.878712
0 -83.218293
34.881698
0 -83.217192
34.886306
0 -83.214756
34.888609
0 -83.213344
34.887182
0 -83.213323
34.882796
0 -83.209683
34.880279
0 -83.205627
34.880142
0 -83.201183
34.884653
0 -83.204679
34.890793
0 -83.203069
34.893855
0 -83.199922
34.892474
0 -83.199117
34.890373
0 -83.196775
34.890733
0 -83.197287
34.892654
0 -83.196971
34.894922
0 -83.194872
34.898657
0 -83.190992
34.897337
0 -83.186541
34.899534
0 -83.180871
34.904708
0 -83.179676
34.90898
0 -83.174034
34.910911
0 -83.170754
34.914231
0 -83.168874
34.918393
0 -83.165022
34.918853
0 -83.160683
34.915136
0 -83.156749
34.915657
0 -83.158019
34.920117
0 -83.157705
34.923509
0 -83.159103
34.928181
0 -83.155724
34.930943
0 -83.143261
34.924756
0 -83.140621
34.924915
0 -83.130554
34.930932
0 -83.129885
34.932351
0 -83.130356
34.935167
0 -83.129493
34.937402
0 -83.12807
34.938113
0 -83.125175
34.937047
0 -83.119842
34.932884
0 -83.118065
34.935951
0 -83.112801
34.934723
0 -83.111725
34.935863
0 -83.116928
34.942734
0 -83.120727
34.942013
0 -83.12294
34.944513
0 -83.126761
34.948742
0 -83.127035
34.953778
0 -83.124378
34.95524
0 -83.116692
34.951336
0 -83.114021
34.950912
0 -83.120405
34.958864
0 -83.116418
34.95903
0 -83.11647
34.960636
0 -83.120327
34.962043
0 -83.12211
34.964329
0 -83.120387
34.968406
0 -83.115402
34.973637
0 -83.115974
34.975853
0 -83.111796
34.975534
0 -83.110855
34.976315
0 -83.112097
34.979401
0 -83.111275
34.981003
0 -83.110025
34.980635
0 -83.107918
34.979717
0 -83.105766
34.981503
0 -83.106991
34.98272
0 -83.10482
34.985085
0 -83.101746
34.986229
0 -83.102859
34.988708
0 -83.1007
34.98991
0 -83.098381
34.991123
0 -83.101204
34.992859
0 -83.103371
34.993542
0 -83.102524
34.995304
0 -83.102867
34.997257
0 -83.108606
35.000659
0 -83.1086139982703
35.0006588823784
0 -83.19041
34.999456
0 -83.2889213341784
34.9967899911526
0 -83.2968226373743
34.996576158456
0 -83.322768
34.995874
0 -83.3229108467237
34.9958718681381
0 -83.3370865568747
34.9956603081141
0 -83.3513194909151
34.9954478940737
0 -83.3539486216883
34.9954086566059
0 -83.3550367375118
34.9953924174329
0 -83.3556007014451
34.9953840007665
0 -83.3677567121069
34.9952025829836
0 -83.3814414377785
34.9949983504716
0 -83.381791822744
34.9949931212838
0 -83.3823514738726
34.9949847689822
0 -83.4827824314308
34.9934859251451
0 -83.4829076126988
34.9934840569246
0 -83.549381
34.992492
0 -83.54808
34.968532
0 -83.546883
34.946492
0 -83.55033
34.946133
0 -83.582241
34.942807
0 -83.591596
34.941378
0 -83.593513
34.939467
0 -83.596614
34.939559
0 -83.60159
34.938342
0 -83.601222
34.936538
0 -83.601957
34.93443
0 -83.602037
34.931922
0 -83.599507
34.93019
0 -83.599667
34.921933
0 -83.593222
34.921549
0 -83.593792
34.917937
0 -83.595225
34.9171
0 -83.597094
34.913682
0 -83.597909
34.913112
0 -83.59901
34.912774
0 -83.603172
34.9139
0 -83.603946
34.913162
0 -83.606761
34.914057
0 -83.608269
34.912883
0 -83.610309
34.913646
0 -83.612552
34.913539
0 -83.614714
34.914235
0 -83.618153
34.911425
0 -83.618055
34.909278
0 -83.618381
34.908675
0 -83.622705
34.909365
0 -83.624011
34.910498
0 -83.626289
34.910192
0 -83.628589
34.906692
0 -83.629989
34.905992
0 -83.628489
34.903492
0 -83.628589
34.900992
0 -83.627989
34.899792
0 -83.62879
34.897192
0 -83.63059
34.894492
0 -83.63309
34.894092
0 -83.63559
34.892292
0 -83.63749
34.892992
0 -83.64079
34.892192
0 -83.64259
34.892192
0 -83.645091
34.891392
0 -83.644291
34.888892
0 -83.646591
34.886892
0 -83.651091
34.880292
0 -83.656792
34.878492
0 -83.655192
34.876993
0 -83.654892
34.874593
0 -83.655992
34.872893
0 -83.656019
34.867016
0 -83.655044
34.865503
0 -83.656958
34.862012
0 -83.656432
34.860495
0 -83.657876
34.859183
0 -83.658367
34.85622
0 -83.66012
34.855185
0 -83.660583
34.851357
0 -83.661672
34.848157
0 