-88.307948
42.761535
0 -88.30806
42.755487
0 -88.307465
42.748242
0 -88.307187
42.716847
0 -88.306787
42.715833
0 -88.306855
42.711981
0 -88.306822
42.697706
0 -88.306775
42.694139
0 -88.306656
42.690175
0 -88.306643
42.689939
0 -88.30633
42.684018
0 -88.306276
42.683232
0 -88.305966
42.671415
0 -88.305888
42.66874
0 -88.305912
42.665049
0 -88.306334
42.65959
0 -88.306225
42.650921
0 -88.306136
42.643602
0 -88.306091
42.639903
0 -88.305891
42.625017
0 -88.305998
42.62424
0 -88.305891
42.610817
0 -88.302515
42.610832
0 -88.295073
42.610872
0 -88.269777
42.611055
0 -88.266542
42.611058
0 -88.266464
42.611057
0 -88.225685
42.611179
0 -88.188173
42.611456
0 -88.188308
42.64454
0 -88.188306
42.669709
0 -88.168887
42.669106
0 -88.110688
42.66939
0 -88.105747
42.669666
0 -88.083973
42.669906
0 -88.08083
42.669709
0 -88.074669
42.669738
0 -88.070725
42.669756
0 -88.029989
42.669642
0 -88.026986
42.669629
0 -87.953068
42.669564
0 -87.915617
42.669187
0 -87.895623
42.668959
0 -87.884756
42.668817
0 -87.869193
42.66857
0 -87.863945
42.668487
0 -87.845984
42.668097
0 -87.835873
42.667845
0 -87.822204
42.667814
0 -87.807767
42.667811
0 -87.8057677510698
42.6681275267379
0 -87.805420684798
42.6690669693127
0 -87.803127003897
42.6752755285032
0 -87.803074
42.675419
0 -87.797586
42.683387
0 -87.797334562193
42.6839926016796
0 -87.7969815841847
42.6848427684755
0 -87.7951494151693
42.6892556475345
0 -87.794874
42.689919
0 -87.7935570635437
42.6912794357663
0 -87.7899791133891
42.6949755680566
0 -87.788486
42.696518
0 -87.7870719901936
42.6999877752318
0 -87.786774
42.700719
0 -87.785074
42.700819
0 -87.7840154954862
42.7037200864453
0 -87.7837267979049
42.704511331668
0 -87.783721238795
42.704526567747
0 -87.7826381039484
42.7074951595487
0 -87.782374
42.708219
0 -87.7820580878938
42.7102132839384
0 -87.780900873315
42.7175185261315
0 -87.780817
42.718048
0 -87.778018
42.71891
0 -87.7785309886431
42.7259764396174
0 -87.778627
42.727299
0 -87.7785441149212
42.7275206778066
0 -87.777481
42.730364
0 -87.7777240345044
42.7334741570517
0 -87.7777313458095
42.7335677211617
0 -87.777836
42.734907
0 -87.7784508320358
42.7370370712625
0 -87.7786310776366
42.7376615279467
0 -87.779145
42.739442
0 -87.779814515467
42.7405791697083
0 -87.7799448451528
42.7408005342294
0 -87.781606
42.743622
0 -87.781628336907
42.7447269896073
0 -87.781736
42.750053
0 -87.7802042756399
42.7555426106628
0 -87.7797481471349
42.7571773485896
0 -87.779060948702
42.7596402276448
0 -87.7781751698843
42.7628148072027
0 -87.778174
42.762819
0 -87.7774323452438
42.7637812845659
0 -87.7750901913248
42.7668201898629
0 -87.7748149990518
42.7671772472063
0 -87.7728316630819
42.7697505922524
0 -87.772647761167
42.7699892018924
0 -87.77134
42.771686
0 -87.766285
42.776164
0 -87.7623668827676
42.7774336639838
0 -87.761761
42.77763
0 -87.758429
42.779697
0 -87.75802267428
42.7816175977348
0 -87.757913
42.782136
0 -87.7668211449603
42.7900700722753
0 -87.767168
42.790379
0 -87.773699
42.793481
0 -87.7759806834829
42.7949142397555
0 -87.7788306648544
42.7967044558983
0 -87.7789816828901
42.7967993178957
0 -87.7859434626864
42.8011723607159
0 -87.793976
42.806218
0 -87.7941069394122
42.8063432194938
0 -87.7973433653283
42.8094382663414
0 -87.8018950069348
42.8137910753879
0 -87.8089784373291
42.8205650753127
0 -87.8096927361811
42.8212481709458
0 -87.814716
42.826052
0 -87.823278
42.835318
0 -87.823651696661
42.8361047767442
0 -87.8252073982727
42.8393801334086
0 -87.8265591202976
42.8422260337465
0 -87.84361
42.842117
0 -87.85278
42.842297
0 -87.885584
42.842666
0 -87.914073
42.842723
0 -87.926581
42.843017
0 -87.951992
42.843547
0 -87.981253
42.843609
0 -88.040972
42.843444
0 -88.069924
42.843323
0 -88.09474
42.84331
0 -88.123628
42.843221
0 -88.124981
42.843269
0 -88.137412
42.843083
0 -88.161029
42.842864
0 -88.183573
42.842853
0 -88.188222
42.842838
0 -88.19795
42.842712
0 -88.221226
42.84211
0 -88.245673
42.842003
0 -88.306384
42.842095
0 -88.306435
42.840675
0 -88.306573
42.837022
0 -88.306927
42.821574
0 -88.307895
42.761844
0 -88.307948
42.761535
0 