-80.596085
37.121577
0 -80.596389
37.118897
0 -80.59604
37.115871
0 -80.594895
37.112359
0 -80.590406
37.102
0 -80.588948
37.10016
0 -80.585199
37.096642
0 -80.580067
37.089603
0 -80.578221
37.090405
0 -80.578286
37.09325
0 -80.573283
37.093226
0 -80.572089
37.092522
0 -80.564575
37.095392
0 -80.55626
37.099551
0 -80.558623
37.104167
0 -80.556982
37.10618
0 -80.556345
37.105486
0 -80.552199
37.106619
0 -80.5536
37.106933
0 -80.554521
37.108277
0 -80.550669
37.110119
0 -80.551762
37.112134
0 -80.55377
37.112132
0 -80.553132
37.113137
0 -80.555237
37.113985
0 -80.553043
37.114622
0 -80.55304
37.115776
0 -80.555707
37.115975
0 -80.555171
37.11742
0 -80.550468
37.118367
0 -80.546769
37.11771
0 -80.542307
37.117663
0 -80.541464
37.115729
0 -80.542192
37.115419
0 -80.542192
37.111397
0 -80.54028
37.111397
0 -80.54028
37.116827
0 -80.53844
37.117474
0 -80.536632
37.114504
0 -80.53261
37.112955
0 -80.531005
37.110472
0 -80.529634
37.111408
0 -80.52871
37.115111
0 -80.532631
37.118064
0 -80.532121
37.119029
0 -80.529543
37.120306
0 -80.524766
37.120958
0 -80.52593
37.124289
0 -80.523924
37.124868
0 -80.523354
37.124001
0 -80.520462
37.12553
0 -80.519728
37.124035
0 -80.519029
37.125927
0 -80.519827
37.128637
0 -80.513441
37.129988
0 -80.515065
37.132559
0 -80.514387
37.133528
0 -80.510634
37.134228
0 -80.507317
37.135752
0 -80.506975
37.136713
0 -80.510281
37.139319
0 -80.509586
37.147941
0 -80.518741
37.147088
0 -80.518812
37.151059
0 -80.524885
37.14836
0 -80.525009
37.144765
0 -80.527625
37.134427
0 -80.529203
37.133113
0 -80.529678
37.134066
0 -80.53284
37.134209
0 -80.535524
37.137924
0 -80.544642
37.143705
0 -80.548837
37.146557
0 -80.550105
37.14678
0 -80.553642
37.14673
0 -80.562176
37.14415
0 -80.567732
37.141772
0 -80.568062
37.141675
0 -80.573087
37.139876
0 -80.582596
37.134191
0 -80.592875
37.127866
0 -80.595167
37.125125
0 -80.596085
37.121577
0 