-102.168674
34.790345
0 -102.168839
34.747417
0 -102.120455
34.747664
0 -102.008443
34.748053
0 -102.007901
34.748001
0 -101.998493
34.74819
0 -101.866263
34.748169
0 -101.853319
34.748152
0 -101.848228
34.748134
0 -101.847458
34.748128
0 -101.629257
34.747649
0 -101.629396
34.750056
0 -101.628055
34.831755
0 -101.627886
34.84239
0 -101.627507
34.865974
0 -101.627861
34.875055
0 -101.626376
34.929653
0 -101.625989
34.971753
0 -101.625853
34.985783
0 -101.62516
34.993724
0 -101.625011
35.015087
0 -101.622941
35.183117
0 -101.707009
35.183123
0 -101.760065
35.183351
0 -101.76896
35.183038
0 -101.777713
35.183053
0 -101.787322
35.183052
0 -101.795347
35.183054
0 -101.795461
35.183053
0 -101.805454
35.182953
0 -101.813177
35.182953
0 -101.824363
35.182953
0 -101.825591
35.183047
0 -101.835609
35.18286
0 -101.838053
35.182853
0 -101.838462
35.182861
0 -101.848479
35.182853
0 -101.85467
35.182852
0 -101.861579
35.182753
0 -101.866115
35.182753
0 -101.875264
35.182767
0 -101.883976
35.182753
0 -101.892012
35.182853
0 -101.902332
35.183051
0 -101.912791
35.182953
0 -101.920323
35.182953
0 -101.922967
35.183044
0 -101.933457
35.182953
0 -101.937967
35.182953
0 -101.941342
35.182966
0 -101.956283
35.183169
0 -101.956283
35.183153
0 -101.988839
35.183211
0 -102.114599
35.183222
0 -102.123345
35.183228
0 -102.125474
35.183364
0 -102.167471
35.183233
0 -102.167554
35.102371
0 -102.167555
35.102007
0 -102.167719
35.030573
0 -102.168674
34.790345
0 