-78.335182
38.628751
0 -78.33832
38.627282
0 -78.288489
38.582882
0 -78.26668
38.563672
0 -78.263585
38.561925
0 -78.260379
38.559036
0 -78.252888
38.551602
0 -78.243241
38.542719
0 -78.231978
38.53255
0 -78.229257
38.533198
0 -78.228929
38.534082
0 -78.226035
38.53382
0 -78.223275
38.534479
0 -78.221597
38.534353
0 -78.220088
38.535765
0 -78.215091
38.538427
0 -78.212512
38.53732
0 -78.212491
38.535728
0 -78.210442
38.53227
0 -78.208289
38.530568
0 -78.203956
38.533111
0 -78.202069
38.532886
0 -78.199875
38.531009
0 -78.199035
38.528236
0 -78.191068
38.524059
0 -78.189776
38.526271
0 -78.187386
38.527787
0 -78.186659
38.527172
0 -78.183144
38.52648
0 -78.178643
38.526666
0 -78.177651
38.52525
0 -78.177135
38.521907
0 -78.175975
38.520792
0 -78.173396
38.522356
0 -78.171775
38.522202
0 -78.168792
38.523809
0 -78.152347
38.538908
0 -78.111
38.577362
0 -78.109348
38.578495
0 -78.10298
38.584756
0 -78.092202
38.594634
0 -78.090132
38.596786
0 -78.089203
38.597381
0 -78.065408
38.612636
0 -78.047467
38.624093
0 -78.04053
38.628355
0 -78.000422
38.654115
0 -77.999718
38.654701
0 -77.97907
38.66785
0 -77.935454
38.695853
0 -77.939271
38.697916
0 -77.941984
38.69879
0 -77.944027
38.696294
0 -77.947178
38.6956
0 -77.947905
38.69723
0 -77.950811
38.698277
0 -77.952035
38.697732
0 -77.952992
38.695038
0 -77.955485
38.694898
0 -77.962281
38.698918
0 -77.964092
38.698858
0 -77.96993
38.700644
0 -77.971438
38.701433
0 -77.972961
38.703475
0 -77.975071
38.703168
0 -77.978631
38.704057
0 -77.983776
38.706742
0 -77.984287
38.707632
0 -77.990019
38.70882
0 -77.991089
38.709455
0 -77.994728
38.710028
0 -77.997903
38.714929
0 -78.000588
38.716262
0 -78.001228
38.717654
0 -78.006714
38.719262
0 -78.00877
38.722472
0 -78.011362
38.7245
0 -78.014595
38.725056
0 -78.014172
38.726843
0 -78.010462
38.726879
0 -78.006169
38.727603
0 -78.006306
38.729165
0 -78.00942
38.729478
0 -78.009172
38.730757
0 -78.005914
38.732295
0 -78.012898
38.733073
0 -78.013281
38.735653
0 -78.011576
38.737099
0 -78.013525
38.739785
0 -78.017961
38.739399
0 -78.018972
38.740059
0 -78.018953
38.741867
0 -78.016769
38.743047
0 -78.015951
38.74465
0 -78.01564
38.747487
0 -78.017486
38.747552
0 -78.018838
38.748605
0 -78.016446
38.754176
0 -78.017395
38.755115
0 -78.01844
38.755668
0 -78.020019
38.754265
0 -78.021593
38.754024
0 -78.02332
38.755259
0 -78.024587
38.754537
0 -78.026071
38.755228
0 -78.027049
38.757188
0 -78.028118
38.757454
0 -78.028075
38.759293
0 -78.02814
38.759658
0 -78.027268
38.761435
0 -78.027001
38.764594
0 -78.023649
38.76817
0 -78.022595
38.770123
0 -78.02395
38.772001
0 -78.026661
38.774499
0 -78.026148
38.776749
0 -78.024504
38.777271
0 -78.023529
38.775674
0 -78.021194
38.776312
0 -78.019894
38.777538
0 -78.021602
38.778661
0 -78.022337
38.780077
0 -78.021821
38.781166
0 -78.02738
38.781736
0 -78.027694
38.784026
0 -78.029663
38.786568
0 -78.029275
38.787746
0 -78.026917
38.78809
0 -78.027887
38.790086
0 -78.029689
38.790641
0 -78.031813
38.793133
0 -78.031784
38.793819
0 -78.027003
38.794389
0 -78.025926
38.795102
0 -78.027629
38.796624
0 -78.029329
38.797019
0 -78.033167
38.799473
0 -78.036011
38.800217
0 -78.037877
38.799946
0 -78.03962
38.798458
0 -78.041043
38.798449
0 -78.043255
38.797357
0 -78.044079
38.79766
0 -78.043216
38.800367
0 -78.047801
38.801912
0 -78.04847
38.800557
0 -78.047841
38.798902
0 -78.05165
38.799254
0 -78.051858
38.801017
0 -78.05022
38.803793
0 -78.051726
38.80554
0 -78.05516
38.808478
0 -78.061754
38.812606
0 -78.065375
38.812701
0 -78.065802
38.814979
0 -78.069916
38.817472
0 -78.073085
38.817863
0 -78.077267
38.821419
0 -78.078584
38.823356
0 -78.080946
38.8249
0 -78.083979
38.824152
0 -78.087264
38.825678
0 -78.090163
38.828279
0 -78.094163
38.828393
0 -78.094591
38.829711
0 -78.096359
38.829331
0 -78.098346
38.830456
0 -78.099742
38.830467
0 -78.10048
38.832487
0 -78.103098
38.833617
0 -78.103675
38.835148
0 -78.105838
38.837869
0 -78.107728
38.842595
0 -78.111415
38.84513
0 -78.113086
38.845575
0 -78.114695
38.847709
0 -78.116176
38.84857
0 -78.116999
38.851298
0 -78.118475
38.853663
0 -78.12075
38.854633
0 -78.122163
38.856461
0 -78.123739
38.861872
0 -78.123714
38.86471
0 -78.130574
38.864865
0 -78.129874
38.862807
0 -78.131175
38.861697
0 -78.132988
38.861991
0 -78.134899
38.861
0 -78.138292
38.859633
0 -78.142948
38.859266
0 -78.142825
38.856767
0 -78.14353
38.855395
0 -78.149547
38.8544
0 -78.152641
38.854384
0 -78.151423
38.848482
0 -78.153174
38.846517
0 -78.157233
38.84491
0 -78.159103
38.841973
0 -78.158764
38.840828
0 -78.161066
38.838939
0 -78.159668
38.836997
0 -78.160264
38.836206
0 -78.162853
38.836414
0 -78.166171
38.83437
0 -78.168288
38.833949
0 -78.169071
38.831252
0 -78.170761
38.829242
0 -78.169577
38.826689
0 -78.170932
38.823837
0 -78.170419
38.821882
0 -78.170545
38.819288
0 -78.172517
38.818874
0 -78.174973
38.819219
0 -78.177931
38.81899
0 -78.180026
38.817995
0 -78.178505
38.815909
0 -78.179315
38.811215
0 -78.181562
38.805108
0 -78.182065
38.804462
0 -78.1823
38.801043
0 -78.181457
38.800173
0 -78.183603
38.797792
0 -78.184473
38.792978
0 -78.188703
38.790561
0 -78.188661
38.789013
0 -78.193085
38.787629
0 -78.195566
38.78061
0 -78.198183
38.779034
0 -78.200764
38.776665
0 -78.20672
38.77408
0 -78.210355
38.774825
0 -78.212469
38.774752
0 -78.215507
38.774067
0 -78.220114
38.771941
0 -78.224238
38.768064
0 -78.22666
38.768012
0 -78.229818
38.769192
0 -78.234516
38.76727
0 -78.23516
38.76591
0 -78.237432
38.763823
0 -78.238604
38.761847
0 -78.241845
38.762282
0 -78.24358
38.763168
0 -78.246234
38.761361
0 -78.247082
38.75992
0 -78.250343
38.758825
0 -78.252869
38.757042
0 -78.253709
38.757051
0 -78.255862
38.758257
0 -78.25694
38.759274
0 -78.262366
38.75855
0 -78.265815
38.758739
0 -78.268052
38.760575
0 -78.271343
38.761663
0 -78.276212
38.762229
0 -78.279867
38.761795
0 -78.284877
38.759229
0 -78.285909
38.75745
0 -78.289663
38.753241
0 -78.29054
38.750373
0 -78.292584
38.751021
0 -78.296019
38.751134
0 -78.299477
38.748369
0 -78.299783
38.744491
0 -78.30276
38.741469
0 -78.30338
38.739259
0 -78.304898
38.73817
0 -78.308744
38.73809
0 -78.313661
38.737177
0 -78.318775
38.737866
0 -78.320253
38.734942
0 -78.321945
38.729292
0 -78.321479
38.727197
0 -78.323505
38.723527
0 -78.323727
38.721259
0 -78.327082
38.716821
0 -78.329724
38.71148
0 -78.33072
38.707049
0 -78.332216
38.705638
0 -78.331705
38.702642
0 -78.328804
38.702679
0 -78.321896
38.699918
0 -78.319918
38.698239
0 -78.319953
38.696152
0 -78.318781
38.695544
0 -78.316356
38.690557
0 -78.315589
38.68756
0 -78.315868
38.685823
0 -78.314386
38.682509
0 -78.316594
38.680514
0 -78.320812
38.678157
0 -78.322756
38.675742
0 -78.323838
38.672092
0 -78.319462
38.670835
0 -78.317546
38.669499
0 -78.317449
38.66723
0 -78.319693
38.660693
0 -78.319864
38.657783
0 -78.317997
38.656448
0 -78.315581
38.651564
0 -78.318127
38.64885
0 -78.319619
38.646427
0 -78.320136
38.644529
0 -78.319664
38.643214
0 -78.322133
38.640214
0 -78.322053
38.638581
0 -78.32587
38.630718
0 -78.327615
38.628777
0 -78.331286
38.627979
0 -78.335182
38.628751
0 