-100.063741
29.71106
0 -100.060339
29.709552
0 -100.057365
29.709959
0 -100.055298
29.708842
0 -100.053508
29.708908
0 -100.052097
29.709645
0 -100.04996
29.708182
0 -100.046678
29.706597
0 -100.046709
29.704562
0 -100.047384
29.704325
0 -100.047573
29.702367
0 -100.046603
29.699765
0 -100.045803
29.695172
0 -100.044014
29.693301
0 -100.040776
29.692937
0 -100.039
29.689917
0 -100.03093
29.688711
0 -100.030718
29.686293
0 -100.028122
29.683182
0 -100.025186
29.683428
0 -100.025142
29.681366
0 -100.021786
29.678603
0 -100.01716
29.677154
0 -100.017013
29.676178
0 -100.01903
29.673417
0 -100.020025
29.671129
0 -100.021249
29.669689
0 -100.027975
29.667509
0 -100.030143
29.665893
0 -100.030451
29.665005
0 -100.030303
29.663256
0 -100.028423
29.660525
0 -100.026715
29.658769
0 -100.026234
29.657134
0 -100.023577
29.654295
0 -100.021254
29.652726
0 -100.020108
29.6503
0 -100.018353
29.64828
0 -100.017388
29.646204
0 -100.015932
29.644543
0 -100.014582
29.643883
0 -100.01363
29.642321
0 -100.013616
29.641111
0 -100.012035
29.639862
0 -100.010271
29.63919
0 -100.008436
29.63706
0 -100.009202
29.635221
0 -100.00843
29.633022
0 -100.00738
29.63228
0 -100.009001
29.629239
0 -100.010735
29.627571
0 -100.01323
29.626541
0 -100.014247
29.625226
0 -100.014188
29.623495
0 -100.011625
29.623499
0 -99.91422
29.624142
0 -99.87534
29.624377
0 -99.87294
29.624288
0 -99.869174
29.624166
0 -99.801272
29.624525
0 -99.755369
29.624763
0 -99.751765
29.624772
0 -99.745505
29.625219
0 -99.670042
29.626205
0 -99.60313
29.627181
0 -99.603318
29.740258
0 -99.603023
29.755972
0 -99.602776
29.907679
0 -99.691215
29.908582
0 -99.689915
30.069091
0 -99.689879
30.073948
0 -99.757621
30.074132
0 -99.918029
30.073637
0 -99.917482
30.078597
0 -99.928354
30.079411
0 -99.943779
30.080568
0 -99.967626
30.082356
0 -99.968043
30.077907
0 -99.973046
30.024591
0 -99.989672
30.025747
0 -100.000349
29.919694
0 -100.000349
29.915405
0 -100.002302
29.896828
0 -100.009015
29.897121
0 -100.009412
29.894505
0 -100.010303
29.893796
0 -100.016788
29.891147
0 -100.019579
29.888282
0 -100.020647
29.885103
0 -100.023413
29.883134
0 -100.02375
29.882236
0 -100.022972
29.881572
0 -100.022894
29.878376
0 -100.023902
29.875917
0 -100.023871
29.874423
0 -100.022832
29.873074
0 -100.021722
29.872915
0 -100.019556
29.869589
0 -100.019811
29.867342
0 -100.019395
29.86584
0 -100.020318
29.863337
0 -100.022211
29.86216
0 -100.022086
29.859872
0 -100.022599
29.85639
0 -100.022165
29.854074
0 -100.023427
29.85172
0 -100.024032
29.849204
0 -100.026167
29.848437
0 -100.03088
29.848273
0 -100.033954
29.84637
0 -100.034827
29.844065
0 -100.034233
29.842206
0 -100.033532
29.84252
0 -100.031402
29.841004
0 -100.031947
29.839217
0 -100.031458
29.836985
0 -100.03014
29.835709
0 -100.028487
29.83545
0 -100.027761
29.834157
0 -100.027907
29.83276
0 -100.026759
29.830488
0 -100.025542
29.829063
0 -100.025682
29.826802
0 -100.026483
29.826587
0 -100.027266
29.82436
0 -100.025765
29.822555
0 -100.025589
29.820905
0 -100.023692
29.817285
0 -100.023648
29.815975
0 -100.022558
29.81514
0 -100.020286
29.815727
0 -100.019018
29.815314
0 -100.017225
29.812407
0 -100.016788
29.809455
0 -100.017287
29.807442
0 -100.016474
29.805885
0 -100.016172
29.802881
0 -100.01553
29.801219
0 -100.015946
29.800422
0 -100.013469
29.796301
0 -100.013445
29.794662
0 -100.014541
29.793189
0 -100.015439
29.793144
0 -100.01834
29.791737
0 -100.020819
29.792062
0 -100.02227
29.790852
0 -100.024812
29.789995
0 -100.028343
29.7896
0 -100.029391
29.786921
0 -100.028496
29.785067
0 -100.029073
29.783322
0 -100.031562
29.781091
0 -100.03587
29.779403
0 -100.036281
29.775937
0 -100.035138
29.77351
0 -100.032923
29.771557
0 -100.031584
29.770952
0 -100.030639
29.767698
0 -100.030804
29.766739
0 -100.029411
29.763702
0 -100.029904
29.761463
0 -100.028322
29.758431
0 -100.02582
29.757991
0 -100.0241
29.75327
0 -100.025292
29.751197
0 -100.024552
29.748378
0 -100.021874
29.745468
0 -100.022272
29.743906
0 -100.024296
29.742465
0 -100.028009
29.741525
0 -100.029289
29.738423
0 -100.029605
29.73647
0 -100.029152
29.733581
0 -100.027924
29.731157
0 -100.026165
29.730578
0 -100.024748
29.729114
0 -100.02512
29.72764
0 -100.026393
29.726969
0 -100.025846
29.725687
0 -100.026084
29.72341
0 -100.030416
29.721051
0 -100.033498
29.721266
0 -100.037773
29.721071
0 -100.039529
29.718717
0 -100.063741
29.71106
0 