-95.310893
33.781354
0 -95.311035
33.7501
0 -95.31068
33.743232
0 -95.310819
33.739087
0 -95.310689
33.719518
0 -95.310573
33.696943
0 -95.310673
33.663154
0 -95.310385
33.637098
0 -95.310565
33.608422
0 -95.31049
33.600972
0 -95.310361
33.551074
0 -95.310535
33.53179
0 -95.310278
33.52122
0 -95.310271
33.520826
0 -95.309878
33.500106
0 -95.309285
33.495112
0 -95.308637
33.380662
0 -95.308073
33.38075
0 -95.30664
33.378027
0 -95.304382
33.379239
0 -95.301532
33.378332
0 -95.300098
33.382426
0 -95.299116
33.382738
0 -95.297587
33.380805
0 -95.29558
33.381179
0 -95.295989
33.379873
0 -95.2941
33.379308
0 -95.292465
33.380072
0 -95.29177
33.378677
0 -95.289109
33.377839
0 -95.290343
33.376525
0 -95.289818
33.375587
0 -95.285336
33.377557
0 -95.284926
33.374622
0 -95.283269
33.374834
0 -95.282206
33.376677
0 -95.280546
33.376966
0 -95.279154
33.376576
0 -95.278451
33.373694
0 -95.275749
33.374403
0 -95.274194
33.373395
0 -95.272584
33.373395
0 -95.272796
33.375773
0 -95.271376
33.376643
0 -95.268784
33.374208
0 -95.268354
33.372752
0 -95.266908
33.373072
0 -95.267564
33.371035
0 -95.266437
33.370798
0 -95.265578
33.372447
0 -95.263742
33.371693
0 -95.262106
33.370598
0 -95.262489
33.369247
0 -95.261917
33.367345
0 -95.260962
33.366934
0 -95.258997
33.366933
0 -95.258778
33.368307
0 -95.260169
33.369704
0 -95.257248
33.370527
0 -95.256266
33.369565
0 -95.25613
33.367686
0 -95.254165
33.368236
0 -95.251846
33.367938
0 -95.251954
33.369472
0 -95.250936
33.370683
0 -95.246378
33.369768
0 -95.245243
33.37013
0 -95.244516
33.369113
0 -95.24225
33.367936
0 -95.240644
33.368229
0 -95.240533
33.370061
0 -95.239423
33.370738
0 -95.238294
33.369276
0 -95.236855
33.36927
0 -95.236643
33.370869
0 -95.2343
33.370707
0 -95.233864
33.37156
0 -95.234997
33.373215
0 -95.233709
33.373627
0 -95.230787
33.371656
0 -95.231794
33.37007
0 -95.229237
33.371288
0 -95.228175
33.370666
0 -95.227741
33.371888
0 -95.229053
33.373412
0 -95.227817
33.373993
0 -95.229651
33.375557
0 -95.22645
33.374817
0 -95.222002
33.37511
0 -95.220252
33.375611
0 -95.222819
33.377029
0 -95.223011
33.378152
0 -95.219462
33.378222
0 -95.218152
33.378886
0 -95.217059
33.375909
0 -95.216159
33.376116
0 -95.215586
33.37804
0 -95.214222
33.379002
0 -95.212448
33.378636
0 -95.211465
33.379896
0 -95.209091
33.37898
0 -95.206362
33.379461
0 -95.206389
33.380629
0 -95.204724
33.380446
0 -95.201067
33.38095
0 -95.198201
33.379623
0 -95.196754
33.379759
0 -95.194243
33.377446
0 -95.19539
33.377218
0 -95.198419
33.377974
0 -95.198474
33.376989
0 -95.196836
33.375844
0 -95.198828
33.375464
0 -95.19826
33.374226
0 -95.196868
33.373838
0 -95.193347
33.374296
0 -95.1907
33.374021
0 -95.189167
33.375385
0 -95.187985
33.37493
0 -95.185973
33.375799
0 -95.18843
33.37786
0 -95.188485
33.378959
0 -95.186328
33.37944
0 -95.184499
33.37825
0 -95.185017
33.377265
0 -95.18308
33.37722
0 -95.182233
33.380423
0 -95.17975
33.381455
0 -95.178139
33.380173
0 -95.178249
33.378731
0 -95.177006
33.377798
0 -95.175738
33.378479
0 -95.176229
33.380378
0 -95.174618
33.380425
0 -95.175109
33.382118
0 -95.173281
33.382897
0 -95.17249
33.379783
0 -95.170825
33.379783
0 -95.169896
33.382783
0 -95.166102
33.382737
0 -95.166702
33.384704
0 -95.165583
33.385506
0 -95.164628
33.384706
0 -95.162226
33.384887
0 -95.160807
33.384178
0 -95.160943
33.382965
0 -95.158105
33.383124
0 -95.162282
33.380102
0 -95.160535
33.379873
0 -95.157805
33.380398
0 -95.156004
33.380077
0 -95.155076
33.38104
0 -95.153438
33.380764
0 -95.154038
33.382139
0 -95.15008
33.381679
0 -95.148933
33.382755
0 -95.146585
33.382961
0 -95.145603
33.382044
0 -95.142928
33.38328
0 -95.144456
33.384448
0 -95.144946
33.386487
0 -95.146229
33.386991
0 -95.145983
33.388044
0 -95.144481
33.388181
0 -95.143308
33.386485
0 -95.140061
33.385317
0 -95.138532
33.38582
0 -95.137685
33.387034
0 -95.133919
33.386093
0 -95.131161
33.386916
0 -95.129987
33.388129
0 -95.128076
33.388014
0 -95.125451
33.389454
0 -95.123264
33.389476
0 -95.122171
33.387163
0 -95.120423
33.385813
0 -95.119086
33.386226
0 -95.119469
33.388539
0 -95.118651
33.388928
0 -95.11532
33.388266
0 -95.114037
33.388495
0 -95.112783
33.390397
0 -95.109778
33.389069
0 -95.109041
33.389367
0 -95.108633
33.391886
0 -95.106176
33.391407
0 -95.106259
33.392895
0 -95.103311
33.393949
0 -95.101129
33.39663
0 -95.099463
33.395645
0 -95.099407
33.393355
0 -95.097278
33.393929
0 -95.095585
33.392578
0 -95.094521
33.392876
0 -95.095641
33.394982
0 -95.095204
33.396448
0 -95.093348
33.397571
0 -95.09212
33.396312
0 -95.090127
33.395946
0 -95.088434
33.394824
0 -95.086385
33.392488
0 -95.084174
33.391824
0 -95.082208
33.389581
0 -95.07732
33.387498
0 -95.076392
33.38617
0 -95.074208
33.385894
0 -95.07268
33.387544
0 -95.07126
33.386514
0 -95.070032
33.386834
0 -95.070742
33.389468
0 -95.068722
33.389055
0 -95.068913
33.390934
0 -95.066566
33.391208
0 -95.065201
33.389422
0 -95.062171
33.389879
0 -95.061095
33.39146
0 -95.059731
33.392103
0 -95.057614
33.391576
0 -95.058852
33.389631
0 -95.059596
33.38709
0 -95.05863
33.385947
0 -95.057085
33.387551
0 -95.05505
33.388331
0 -95.054578
33.387484
0 -95.055851
33.386682
0 -95.05513
33.38563
0 -95.05392
33.38609
0 -95.052619
33.388151
0 -95.0531
33.389183
0 -95.051232
33.38868
0 -95.050759
33.387628
0 -95.051965
33.385179
0 -95.0493
33.384997
0 -95.049583
33.382983
0 -95.04708
33.382137
0 -95.042437
33.381611
0 -95.041549
33.382595
0 -95.040694
33.38067
0 -95.039692
33.380097
0 -95.038396
33.381079
0 -95.041787
33.384214
0 -95.041194
33.384878
0 -95.038322
33.384281
0 -95.037731
33.383158
0 -95.034885
33.383294
0 -95.034791
33.381667
0 -95.033274
33.381825
0 -95.032344
33.384732
0 -95.031478
33.384227
0 -95.031659
33.382302
0 -95.029789
33.382187
0 -95.027983
33.383555
0 -95.025839
33.382344
0 -95.024729
33.382548
0 -95.024605
33.384127
0 -95.02349
33.384013
0 -95.023164
33.382547
0 -95.020899
33.380829
0 -95.019834
33.381034
0 -95.019342
33.38195
0 -95.019942
33.384149
0 -95.016802
33.384675
0 -95.018085
33.385935
0 -95.017538
33.387352
0 -95.0153
33.386688
0 -95.015518
33.387513
0 -95.017783
33.388475
0 -95.017018
33.391039
0 -95.014015
33.390306
0 -95.01213
33.393191
0 -95.010029
33.391838
0 -95.008854
33.392113
0 -95.006095
33.394607
0 -95.004374
33.395317
0 -95.001726
33.395041
0 -94.999756
33.39419
0 -94.999742
33.393091
0 -95.00293
33.391767
0 -95.002767
33.390188
0 -95.000746
33.391354
0 -94.998566
33.391695
0 -94.997364
33.390414
0 -94.996299
33.391033
0 -94.995042
33.388765
0 -94.992885
33.388767
0 -94.993624
33.391354
0 -94.991768
33.392203
0 -94.99043
33.390302
0 -94.987809
33.390166
0 -94.98658
33.388815
0 -94.984614
33.389319
0 -94.983715
33.391931
0 -94.981667
33.391886
0 -94.98093
33.390946
0 -94.98224
33.390282
0 -94.98303
33.387991
0 -94.981911
33.387214
0 -94.979317
33.387099
0 -94.977625
33.387994
0 -94.978144
33.389162
0 -94.977108
33.389817
0 -94.974841
33.389369
0 -94.974239
33.38749
0 -94.973202
33.388522
0 -94.9708
33.388042
0 -94.968452
33.38834
0 -94.966459
33.387929
0 -94.964631
33.389418
0 -94.964795
33.390769
0 -94.961191
33.389968
0 -94.961301
33.392235
0 -94.958189
33.392671
0 -94.957288
33.393679
0 -94.955595
33.393358
0 -94.954203
33.394481
0 -94.956169
33.395363
0 -94.956603
33.396428
0 -94.953376
33.396065
0 -94.952055
33.395162
0 -94.953248
33.393701
0 -94.952919
33.390633
0 -94.951336
33.390358
0 -94.949917
33.391458
0 -94.94735
33.391367
0 -94.94473
33.391871
0 -94.943365
33.389352
0 -94.941863
33.388985
0 -94.939597
33.38926
0 -94.936785
33.388367
0 -94.936103
33.389488
0 -94.93512
33.389077
0 -94.936075
33.386764
0 -94.935147
33.385917
0 -94.931871
33.388665
0 -94.930642
33.387314
0 -94.930915
33.385481
0 -94.929032
33.384382
0 -94.926712
33.383786
0 -94.925893
33.384817
0 -94.922125
33.384197
0 -94.920214
33.385227
0 -94.918248
33.387563
0 -94.915518
33.387907
0 -94.914646
33.384746
0 -94.913008
33.384518
0 -94.912461
33.38628
0 -94.911233
33.387769
0 -94.908694
33.387059
0 -94.908285
33.386075
0 -94.909213
33.384746
0 -94.907658
33.383853
0 -94.906347
33.385204
0 -94.907111
33.386806
0 -94.906619
33.387791
0 -94.905117
33.388019
0 -94.904571
33.38937
0 -94.899848
33.389803
0 -94.898427
33.393926
0 -94.895997
33.393856
0 -94.895288
33.392437
0 -94.892693
33.393237
0 -94.88977
33.395023
0 -94.890096
33.398183
0 -94.889304
33.39848
0 -94.886848
33.397083
0 -94.8848
33.396968
0 -94.882043
33.396074
0 -94.88027
33.394653
0 -94.877894
33.394858
0 -94.875984
33.394193
0 -94.877596
33.39211
0 -94.875959
33.39101
0 -94.874194
33.391969
0 -94.872828
33.390939
0 -94.868841
33.389017
0 -94.870013
33.386221
0 -94.866764
33.386201
0 -94.865617
33.38501
0 -94.867146
33.384459
0 -94.869084
33.385146
0 -94.868674
33.383336
0 -94.863186
33.38192
0 -94.864686
33.380384
0 -94.861027
33.379241
0 -94.857586
33.3767
0 -94.856603
33.376883
0 -94.857642
33.379379
0 -94.857288
33.381601
0 -94.854503
33.379724
0 -94.854149
33.38245
0 -94.852784
33.382267
0 -94.851419
33.380115
0 -94.849536
33.382222
0 -94.850437
33.38355
0 -94.849182
33.383848
0 -94.847515
33.379772
0 -94.846286
33.378833
0 -94.843421
33.38062
0 -94.845523
33.382315
0 -94.843995
33.383209
0 -94.842984
33.381605
0 -94.841564
33.380896
0 -94.840664
33.382225
0 -94.838016
33.38179
0 -94.837361
33.382294
0 -94.8393
33.383462
0 -94.839245
33.385179
0 -94.836624
33.383806
0 -94.835941
33.379407
0 -94.834658
33.378996
0 -94.83433
33.379432
0 -94.835096
33.383417
0 -94.833867
33.383875
0 -94.832557
33.382523
0 -94.830154
33.382776
0 -94.829362
33.380211
0 -94.828379
33.379043
0 -94.826286
33.378808
0 -94.824229
33.379365
0 -94.818824
33.376891
0 -94.816395
33.376182
0 -94.81271
33.375577
0 -94.811922
33.374584
0 -94.811404
33.372453
0 -94.812004
33.371767
0 -94.814624
33.372431
0 -94.815962
33.371996
0 -94.815307
33.369774
0 -94.812058
33.369087
0 -94.812086
33.367185
0 -94.814979
33.367072
0 -94.81547
33.366315
0 -94.814023
33.364162
0 -94.814951
33.362858
0 -94.81345
33.362674
0 -94.810502
33.365102
0 -94.808783
33.363636
0 -94.808428
33.365606
0 -94.807528
33.365972
0 -94.805644
33.365651
0 -94.805644
33.364873
0 -94.802779
33.364849
0 -94.800813
33.365354
0 -94.799558
33.363132
0 -94.800131
33.361873
0 -94.797401
33.361024
0 -94.795927
33.361552
0 -94.79489
33.360086
0 -94.794945
33.357658
0 -94.797675
33.356375
0 -94.79672
33.354566
0 -94.794837
33.353856
0 -94.794345
33.355849
0 -94.792653
33.356696
0 -94.791043
33.355322
0 -94.791289
33.352826
0 -94.791753
33.352277
0 -94.794619
33.352964
0 -94.795465
33.352414
0 -94.797566
33.348613
0 -94.79653
33.347903
0 -94.792218
33.348795
0 -94.790663
33.348681
0 -94.789981
33.347237
0 -94.790991
33.345748
0 -94.790418
33.344946
0 -94.788016
33.346069
0 -94.786815
33.349252
0 -94.785205
33.349092
0 -94.784878
33.345312
0 -94.786188
33.344443
0 -94.784881
33.343162
0 -94.783611
33.34422
0 -94.781867
33.344261
0 -94.782809
33.342015
0 -94.786918
33.34218
0 -94.788126
33.341282
0 -94.787308
33.338876
0 -94.789409
33.33842
0 -94.788346
33.33677
0 -94.786054
33.337617
0 -94.784444
33.337457
0 -94.783462
33.335327
0 -94.782289
33.335051
0 -94.781688
33.337913
0 -94.780215
33.336379
0 -94.780898
33.334983
0 -94.778987
33.333011
0 -94.777078
33.332966
0 -94.777214
33.331637
0 -94.779998
33.331043
0 -94.778907
33.329279
0 -94.779699
33.327675
0 -94.781717
33.327607
0 -94.78401
33.323829
0 -94.782456
33.322477
0 -94.778036
33.322546
0 -94.776481
33.322065
0 -94.776045
33.321011
0 -94.777546
33.320027
0 -94.779455
33.320714
0 -94.781311
33.320165
0 -94.781693
33.318905
0 -94.778174
33.319615
0 -94.774655
33.318285
0 -94.772936
33.318857
0 -94.772936
33.320048
0 -94.770126
33.321032
0 -94.769171
33.320528
0 -94.767015
33.322062
0 -94.76527
33.320847
0 -94.763959
33.322885
0 -94.760959
33.321922
0 -94.760087
33.3208
0 -94.761888
33.31915
0 -94.761398
33.317365
0 -94.758751
33.3186
0 -94.756242
33.317615
0 -94.754251
33.31798
0 -94.752422
33.319398
0 -94.752339
33.321919
0 -94.749837
33.323633
0 -94.749476
33.327046
0 -94.746925
33.328938
0 -94.74663
33.441922
0 -94.746892
33.456486
0 -94.746266
33.526882
0 -94.746096
33.7026140645714
0 -94.747127
33.702954
0 -94.753776
33.705247
0 -94.753547
33.708686
0 -94.749649
33.710291
0 -94.743458
33.71075
0 -94.740478
33.712814
0 -94.736351
33.716024
0 -94.732911
33.720151
0 -94.732417
33.723223
0 -94.734975
33.726112
0 -94.738251
33.727168
0 -94.742771
33.7268
0 -94.744376
33.72359
0 -94.744605
33.72038
0 -94.745522
33.71717
0 -94.748961
33.715336
0 -94.752859
33.714419
0 -94.755905
33.715073
0 -94.756528
33.717628
0 -94.754693
33.721068
0 -94.750337
33.72359
0 -94.748095
33.725343
0 -94.747827
33.729095
0 -94.74942
33.73299
0 -94.751825
33.734326
0 -94.754626427239
33.7328290936861
0 -94.755611
33.732303
0 -94.75882
33.729322
0 -94.761521
33.727069
0 -94.766891
33.726617
0 -94.772479
33.726147
0 -94.779446
33.727487
0 -94.785877
33.731506
0 -94.788202
33.73633
0 -94.782126
33.739545
0 -94.777885
33.744448
0 -94.773819
33.746512
0 -94.768996
33.745976
0 -94.761761
33.746512
0 -94.757813
33.750109
0 -94.757205
33.754818
0 -94.760058
33.758291
0 -94.76444
33.760178
0 -94.770499
33.760942
0 -94.774623
33.758034
0 -94.7762406773808
33.7562814742404
0 -94.777838
33.754551
0 -94.778202
33.749739
0 -94.780966
33.744804
0 -94.786721
33.740902
0 -94.795844
33.737588
0 -94.800079
33.733382
0 -94.805486
33.733152
0 -94.810529
33.73499
0 -94.816065
33.739215
0 -94.816208
33.741931
0 -94.811869
33.74678
0 -94.812155
33.750936
0 -94.814282
33.7519
0 -94.816663
33.755265
0 -94.816158
33.763403
0 -94.818574
33.767704
0 -94.821783
33.768752
0 -94.825294
33.768525
0 -94.83009
33.763661
0 -94.830844
33.758079
0 -94.823042
33.747525
0 -94.820089
33.734826
0 -94.822051
33.733114
0 -94.824999
33.733382
0 -94.828321
33.734947
0 -94.82875
33.738741
0 -94.83143
33.740081
0 -94.841634
33.739431
0 -94.849296
33.739585
0 -94.8693
33.745871
0 -94.874668
33.749164
0 -94.87708
33.75222
0 -94.875497
33.755483
0 -94.86948
33.75857
0 -94.866736
33.76183
0 -94.866691
33.767175
0 -94.868676
33.769824
0 -94.871355
33.771164
0 -94.874303
33.770896
0 -94.87493
33.767432
0 -94.874571
33.762857
0 -94.873944
33.76057
0 -94.875429
33.758265
0 -94.877758
33.758885
0 -94.881395
33.761177
0 -94.884485
33.764197
0 -94.886934
33.769067
0 -94.89602
33.768498
0 -94.902974
33.774647
0 -94.904172
33.777198
0 -94.90753
33.778131
0 -94.911427
33.778383
0 -94.914496
33.78215
0 -94.917522
33.786512
0 -94.9217865330701
33.7914056791626
0 -94.921955
33.791599
0 -94.921667
33.795919
0 -94.91863
33.802944
0 -94.917029
33.808321
0 -94.912621
33.808678
0 -94.910209
33.812429
0 -94.910882
33.815915
0 -94.912085
33.820468
0 -94.914764
33.824487
0 -94.918599
33.82682
0 -94.921999
33.828775
0 -94.926072
33.828533
0 -94.926822
33.826631
0 -94.926287
33.822612
0 -94.924411
33.81886
0 -94.923099
33.815456
0 -94.923071
33.811357
0 -94.925215
33.808678
0 -94.929211
33.807754
0 -94.939992
33.805679
0 -94.947874
33.808356
0 -94.953518
33.816475
0 -94.943831
33.8293
0 -94.949481
33.833534
0 -94.957676
33.835004
0 -94.964401
33.837021
0 -94.965888
33.848422
0 -94.9684727933635
33.8591617433602
0 -94.968895
33.860916
0 -94.971435
33.862123
0 -94.973411
33.861731
0 -94.976208
33.859847
0 -94.98165
33.852284
0 -94.983303
33.851354
0 -94.988487
33.851
0 -94.992671
33.852455
0 -94.995524
33.857438
0 -94.997485
33.860501
0 -95.000223
33.862505
0 -95.001993
33.863049
0 -95.004737
33.861677
0 -95.007873
33.859521
0 -95.012353
33.858012
0 -95.01728
33.857953
0 -95.023944
33.859325
0 -95.03144126158
33.8598478807179
0 -95.037207
33.86025
0 -95.046568
33.862565
0 -95.049423
33.864813
0 -95.050821
33.86944
0 -95.050572
33.877497
0 -95.058243
33.887548
0 -95.060105
33.901873
0 -95.062554
33.903031
0 -95.065581
33.903559
0 -95.070198
33.902443
0 -95.072413
33.902699
0 -95.072158
33.905579
0 -95.070498
33.908402
0 -95.065923
33.908703
0 -95.0642611440143
33.9100967732213
0 -95.063338
33.910871
0 -95.063248
33.913262
0 -95.06569
33.915966
0 -95.068729
33.917601
0 -95.074052
33.915349
0 -95.074902
33.910479
0 -95.075098
33.908911
0 -95.077058
33.906559
0 -95.078822
33.903031
0 -95.079369
33.894626
0 -95.079834
33.887479
0 -95.080586
33.882256
0 -95.082408
33.879882
0 -95.089607
33.880857
0 -95.093815
33.885196
0 -95.0955800164211
33.8880245743835
0 -95.095833
33.88843
0 -95.098911
33.89088
0 -95.100168
33.896101
0 -95.096755
33.899699
0 -95.091636
33.902104
0 -95.086759
33.903815
0 -95.080488
33.907735
0 -95.078528
33.910283
0 -95.076372
33.915378
0 -95.07795
33.918696
0 -95.082387
33.921758
0 -95.083819
33.921062
0 -95.085975
33.916946
0 -95.089111
33.914203
0 -95.092668
33.912831
0 -95.104789
33.909595
0 -95.112575
33.904603
0 -95.117138
33.903619
0 -95.122038
33.904795
0 -95.126442
33.90708
0 -95.131249
33.912243
0 -95.131642
33.916027
0 -95.12733
33.920278
0 -95.122795
33.924696
0 -95.120862
33.928118
0 -95.121184
33.931307
0 -95.1247
33.934675
0 -95.131056
33.936925
0 -95.135953
33.93537
0 -95.140069
33.934782
0 -95.147909
33.935566
0 -95.154978
33.936654
0 -95.1558864704409
33.9368927541364
0 -95.158296
33.937526
0 -95.163392
33.940857
0 -95.167527
33.944738
0 -95.171154
33.946506
0 -95.174794
33.947457
0 -95.179686
33.948688
0 -95.182232
33.948941
0 -95.184968
33.949529
0 -95.189758
33.951361
0 -95.197029
33.953105
0 -95.19935
33.953973
0 -95.202615
33.956907
0 -95.206882
33.959088
0 -95.211908
33.961241
0 -95.214137
33.962142
0 -95.217633
33.962646
0 -95.220488
33.961997
0 -95.22401
33.962161
0 -95.2257760617867
33.9620075905204
0 -95.226393
33.961954
0 -95.227574
33.960798
0 -95.229521
33.960451
0 -95.230637
33.959799
0 -95.230377
33.955768
0 -95.231644
33.953294
0 -95.232879
33.949736
0 -95.235707
33.948259
0 -95.239748
33.947543
0 -95.245847
33.943747
0 -95.250171
33.938497
0 -95.248273
33.92019
0 -95.249743
33.902755
0 -95.252694
33.894234
0 -95.260595
33.88765
0 -95.264019
33.889757
0 -95.265891
33.895378
0 -95.265227
33.905566
0 -95.266126
33.909773
0 -95.270674
33.91151
0 -95.278577
33.910191
0 -95.282981
33.907402
0 -95.285591
33.903357
0 -95.284298
33.899238
0 -95.280351
33.896751
0 -95.27794
33.887508
0 -95.278318
33.881677
0 -95.278767
33.877906
0 -95.280922
33.875403
0 -95.289302
33.873103
0 -95.30579
33.874805
0 -95.3104056193911
33.8773685301904
0 -95.310555
33.864127
0 -95.310878
33.789142
0 -95.310893
33.781354
0 