-100.760578
40.210706
0 -100.761019
40.174924
0 -100.758729
40.157954
0 -100.758497
40.156303
0 -100.758564
40.143698
0 -100.758633
40.126911
0 -100.758843
40.087171
0 -100.758843
40.086579
0 -100.758831
40.044245
0 -100.75883
40.01547
0 -100.75883
40.008994
0 -100.75883
40.002302
0 -100.752183
40.002128
0 -100.749622287449
40.0021472524584
0 -100.738825845252
40.0022284244175
0 -100.733296
40.00227
0 -100.729904
40.002111
0 -100.721128
40.002069
0 -100.702721168408
40.0021495753645
0 -100.6916442797
40.0021980641193
0 -100.683435
40.002234
0 -100.665095842904
40.0021770976379
0 -100.66023
40.002162
0 -100.645917008652
40.0018919070283
0 -100.645445
40.001883
0 -100.627121902041
40.0018924703652
0 -100.626769823934
40.0018926523382
0 -100.608894334389
40.0019018913553
0 -100.600945
40.001906
0 -100.59934297548
40.0019243813414
0 -100.594757
40.001977
0 -100.567238
40.001889
0 -100.551886
40.001889
0 -100.533682043035
40.0018671486516
0 -100.532916063344
40.0018662291983
0 -100.514415939423
40.0018440223422
0 -100.511065
40.00184
0 -100.487159
40.001767
0 -100.477018
40.001752
0 -100.475854
40.001768
0 -100.468773
40.001724
0 -100.463463171907
40.0017413723697
0 -100.457549388276
40.001760720724
0 -100.447072
40.001795
0 -100.439081
40.001774
0 -100.420010724232
40.0017876213476
0 -100.40245092792
40.0018001638032
0 -100.39008
40.001809
0 -100.307189232831
40.001711683347
0 -100.290114922096
40.0016916375105
0 -100.231652
40.001623
0 -100.229479
40.001693
0 -100.215406
40.001629
0 -100.196959
40.001494
0 -100.193596885795
40.0015728385343
0 -100.193291
40.030407
0 -100.193245
40.030582
0 -100.193623
40.087947
0 -100.1937
40.08865
0 -100.19383
40.102541
0 -100.193894
40.108551
0 -100.193967
40.109892
0 -100.194112
40.118471
0 -100.194326
40.160884
0 -100.194329
40.160961
0 -100.194649
40.175602
0 -100.195094
40.233968
0 -100.195216
40.263648
0 -100.195257
40.270471
0 -100.195351
40.276467
0 -100.197807
40.350027
0 -100.21315
40.349894
0 -100.243353
40.349773
0 -100.250127
40.349587
0 -100.252662
40.349498
0 -100.25423
40.349571
0 -100.26893
40.349239
0 -100.269568
40.349259
0 -100.296575
40.349656
0 -100.300918
40.349568
0 -100.310071
40.349891
0 -100.326756
40.350482
0 -100.333705
40.350935
0 -100.365753
40.35146
0 -100.366968
40.351502
0 -100.422735
40.350996
0 -100.440257
40.350819
0 -100.498734
40.350259
0 -100.500424
40.349979
0 -100.514598
40.350019
0 -100.533755
40.35007
0 -100.552555
40.350053
0 -100.587883
40.349664
0 -100.609301
40.349736
0 -100.649083
40.34973
0 -100.665203
40.349678
0 -100.758099
40.3495
0 -100.758435
40.349507
0 -100.758864
40.322065
0 -100.75977
40.271699
0 -100.759837
40.264405
0 -100.759838
40.264335
0 -100.760678
40.221547
0 -100.760626
40.220492
0 -100.760578
40.210706
0 