-104.101034
31.12474
0 -104.102351
31.105203
0 -104.068234
31.082754
0 -103.679946
30.829123
0 -103.585084
30.76647
0 -103.375412
30.987246
0 -103.253464
31.117154
0 -103.045817
31.33505
0 -103.01104
31.371306
0 -103.010487
31.373438
0 -103.010417
31.377005
0 -103.011383
31.377548
0 -103.013066
31.376388
0 -103.015322
31.37572
0 -103.021558
31.377598
0 -103.022583
31.379187
0 -103.023895
31.379569
0 -103.026771
31.377968
0 -103.028775
31.379795
0 -103.031637
31.37882
0 -103.033777
31.379227
0 -103.035268
31.378339
0 -103.03664
31.38061
0 -103.040098
31.380147
0 -103.042635
31.382507
0 -103.043801
31.381858
0 -103.046173
31.383659
0 -103.049235
31.383921
0 -103.049575
31.382695
0 -103.051203
31.384229
0 -103.052895
31.383751
0 -103.052299
31.385064
0 -103.05599
31.384427
0 -103.056753
31.385082
0 -103.058323
31.384922
0 -103.056702
31.383432
0 -103.059259
31.382531
0 -103.062072
31.379452
0 -103.064815
31.379144
0 -103.064084
31.378231
0 -103.066398
31.377566
0 -103.066949
31.375719
0 -103.065669
31.374571
0 -103.067713
31.373494
0 -103.06729
31.372097
0 -103.068065
31.370393
0 -103.065112
31.369617
0 -103.063234
31.367957
0 -103.063747
31.366978
0 -103.067643
31.365082
0 -103.069373
31.364807
0 -103.070737
31.365489
0 -103.075658
31.364394
0 -103.077632
31.364839
0 -103.078067
31.364229
0 -103.081707
31.364185
0 -103.090139
31.365371
0 -103.092074
31.364216
0 -103.095053
31.364221
0 -103.09645
31.363847
0 -103.099231
31.364649
0 -103.099738
31.365342
0 -103.105164
31.36401
0 -103.106183
31.36302
0 -103.106554
31.361222
0 -103.107502
31.361332
0 -103.107477
31.363349
0 -103.110278
31.364179
0 -103.113116
31.363755
0 -103.113482
31.36487
0 -103.115096
31.364359
0 -103.117819
31.364319
0 -103.118304
31.365087
0 -103.120543
31.365599
0 -103.123926
31.365191
0 -103.128334
31.367388
0 -103.129322
31.365932
0 -103.128682
31.36454
0 -103.130188
31.363859
0 -103.134058
31.365115
0 -103.135038
31.364439
0 -103.14249
31.36541
0 -103.144431
31.366801
0 -103.149307
31.367677
0 -103.150633
31.368805
0 -103.155002
31.370951
0 -103.158592
31.372326
0 -103.165049
31.372661
0 -103.165984
31.372251
0 -103.169026
31.372418
0 -103.170896
31.371506
0 -103.172469
31.372013
0 -103.177542
31.370444
0 -103.179755
31.371135
0 -103.181225
31.370245
0 -103.183332
31.37096
0 -103.185147
31.370825
0 -103.187013
31.371676
0 -103.190054
31.372095
0 -103.193685
31.371735
0 -103.195471
31.372792
0 -103.195469
31.373937
0 -103.199678
31.376162
0 -103.201014
31.376222
0 -103.206126
31.377819
0 -103.210223
31.379583
0 -103.211516
31.381409
0 -103.213817
31.382289
0 -103.216917
31.382362
0 -103.220988
31.384149
0 -103.226597
31.384071
0 -103.229195
31.385017
0 -103.230034
31.386892
0 -103.234468
31.386659
0 -103.23704
31.388019
0 -103.237662
31.389161
0 -103.241664
31.388518
0 -103.244934
31.389368
0 -103.244801
31.391155
0 -103.24766
31.392872
0 -103.247902
31.395484
0 -103.248865
31.397981
0 -103.251166
31.400016
0 -103.251058
31.401345
0 -103.25413
31.401689
0 -103.256319
31.405081
0 -103.256131
31.406684
0 -103.257786
31.407304
0 -103.257357
31.410671
0 -103.259519
31.412437
0 -103.258742
31.417706
0 -103.255186
31.420339
0 -103.255319
31.420912
0 -103.259773
31.425371
0 -103.261368
31.425143
0 -103.261677
31.42757
0 -103.262784
31.427732
0 -103.264061
31.426969
0 -103.267035
31.427604
0 -103.266553
31.426367
0 -103.2674
31.425588
0 -103.268965
31.427094
0 -103.270327
31.425594
0 -103.272042
31.425473
0 -103.272745
31.424364
0 -103.274734
31.423677
0 -103.272844
31.423249
0 -103.274824
31.421498
0 -103.275916
31.422248
0 -103.276691
31.421491
0 -103.27671
31.420623
0 -103.274321
31.420608
0 -103.275015
31.418228
0 -103.274351
31.416959
0 -103.276345
31.418044
0 -103.276809
31.415722
0 -103.279123
31.414433
0 -103.278425
31.415568
0 -103.280647
31.415779
0 -103.28063
31.418544
0 -103.282592
31.41706
0 -103.283449
31.418097
0 -103.284676
31.41791
0 -103.282779
31.419595
0 -103.284664
31.419554
0 -103.286489
31.420895
0 -103.288956
31.421544
0 -103.290908
31.42129
0 -103.293291
31.421699
0 -103.297211
31.420904
0 -103.299139
31.419659
0 -103.30294
31.421223
0 -103.306715
31.420168
0 -103.307733
31.419188
0 -103.306947
31.418117
0 -103.30856
31.416775
0 -103.31071
31.416164
0 -103.3134
31.417903
0 -103.315883
31.417918
0 -103.319859
31.416636
0 -103.320518
31.415819
0 -103.322495
31.415693
0 -103.323542
31.414305
0 -103.324815
31.414776
0 -103.327437
31.413101
0 -103.329193
31.413365
0 -103.329941
31.411998
0 -103.3317
31.414154
0 -103.332557
31.412578
0 -103.334054
31.414778
0 -103.334871
31.412993
0 -103.335982
31.414843
0 -103.337374
31.415408
0 -103.337615
31.417801
0 -103.34035
31.416707
0 -103.341308
31.419011
0 -103.342343
31.420181
0 -103.344097
31.419749
0 -103.344818
31.421063
0 -103.344586
31.422246
0 -103.345797
31.422502
0 -103.347859
31.420985
0 -103.3486
31.421628
0 -103.348849
31.423491
0 -103.349961
31.423289
0 -103.35111
31.422009
0 -103.35411
31.421201
0 -103.355701
31.419602
0 -103.357975
31.418095
0 -103.358364
31.417007
0 -103.357292
31.416172
0 -103.357911
31.415255
0 -103.361058
31.41501
0 -103.362053
31.416178
0 -103.360251
31.416499
0 -103.359534
31.417513
0 -103.361763
31.41903
0 -103.362148
31.417447
0 -103.363433
31.416572
0 -103.363717
31.414967
0 -103.365744
31.416017
0 -103.367549
31.41525
0 -103.36893
31.41388
0 -103.369079
31.415356
0 -103.370983
31.415464
0 -103.371514
31.416414
0 -103.370917
31.417006
0 -103.368771
31.416803
0 -103.367637
31.417669
0 -103.368248
31.418158
0 -103.370106
31.417692
0 -103.372165
31.4187
0 -103.373708
31.417217
0 -103.374584
31.418374
0 -103.37786
31.418311
0 -103.379991
31.419432
0 -103.3806
31.418736
0 -103.379929
31.417298
0 -103.380837
31.416899
0 -103.384642
31.41867
0 -103.383523
31.421345
0 -103.384252
31.422626
0 -103.388704
31.424455
0 -103.388794
31.426558
0 -103.391033
31.428122
0 -103.391027
31.429547
0 -103.393806
31.43133
0 -103.395097
31.430912
0 -103.39691
31.431495
0 -103.399299
31.431446
0 -103.398779
31.433788
0 -103.400747
31.433023
0 -103.401213
31.431693
0 -103.402926
31.431132
0 -103.403532
31.431974
0 -103.405927
31.431279
0 -103.407354
31.431944
0 -103.408302
31.43154
0 -103.40745
31.430225
0 -103.41009
31.428859
0 -103.410157
31.429705
0 -103.412199
31.429995
0 -103.413677
31.42878
0 -103.418187
31.426051
0 -103.41934
31.427249
0 -103.421895
31.427684
0 -103.423484
31.427225
0 -103.426823
31.428502
0 -103.427237
31.42951
0 -103.430543
31.431464
0 -103.433967
31.430573
0 -103.435616
31.430532
0 -103.437221
31.431668
0 -103.4401
31.432299
0 -103.44241
31.433752
0 -103.443094
31.43341
0 -103.440544
31.431934
0 -103.440954
31.430857
0 -103.442639
31.431193
0 -103.443733
31.430633
0 -103.442203
31.429957
0 -103.443492
31.429246
0 -103.442524
31.42794
0 -103.444356
31.428424
0 -103.445325
31.427198
0 -103.442964
31.426877
0 -103.443138
31.425915
0 -103.445264
31.425455
0 -103.446683
31.424385
0 -103.448804
31.426127
0 -103.450039
31.425393
0 -103.450128
31.42638
0 -103.451871
31.425566
0 -103.453923
31.425673
0 -103.454301
31.42685
0 -103.455991
31.427577
0 -103.456604
31.428563
0 -103.458099
31.42813
0 -103.459426
31.428494
0 -103.458841
31.43002
0 -103.460738
31.429437
0 -103.462313
31.429872
0 -103.462418
31.431322
0 -103.465057
31.431948
0 -103.465864
31.433565
0 -103.468128
31.43415
0 -103.466532
31.435686
0 -103.468367
31.437907
0 -103.470328
31.437281
0 -103.471929
31.438523
0 -103.472132
31.440277
0 -103.473785
31.43948
0 -103.475969
31.440025
0 -103.477238
31.442295
0 -103.476298
31.444833
0 -103.479732
31.445267
0 -103.479795
31.446713
0 -103.48303
31.447101
0 -103.482825
31.448826
0 -103.484442
31.449769
0 -103.483726
31.450549
0 -103.48586
31.451073
0 -103.486682
31.45277
0 -103.486577
31.455071
0 -103.488171
31.455187
0 -103.489097
31.455963
0 -103.489935
31.459714
0 -103.488434
31.461721
0 -103.486977
31.46239
0 -103.488813
31.463792
0 -103.488287
31.466439
0 -103.486675
31.466303
0 -103.486349
31.467442
0 -103.488968
31.46853
0 -103.488575
31.469244
0 -103.48645
31.469437
0 -103.484632
31.468808
0 -103.48365
31.469183
0 -103.482509
31.472271
0 -103.482507
31.473862
0 -103.480847
31.474902
0 -103.482102
31.477162
0 -103.485932
31.478818
0 -103.486296
31.480715
0 -103.485585
31.481825
0 -103.486439
31.482292
0 -103.489556
31.482327
0 -103.489771
31.486927
0 -103.492283
31.486437
0 -103.493681
31.486881
0 -103.495451
31.489812
0 -103.49307
31.490853
0 -103.494102
31.492979
0 -103.495925
31.492312
0 -103.496542
31.493458
0 -103.495972
31.49565
0 -103.496576
31.497102
0 -103.4956
31.4985
0 -103.496563
31.499777
0 -103.498724
31.500359
0 -103.50067
31.501797
0 -103.500937
31.502638
0 -103.499915
31.503713
0 -103.501307
31.505011
0 -103.503505
31.505477
0 -103.503838
31.506311
0 -103.503871
31.51004
0 -103.502801
31.510975
0 -103.503065
31.512394
0 -103.504172
31.513734
0 -103.503405
31.515689
0 -103.501529
31.515792
0 -103.500692
31.516664
0 -103.498843
31.516302
0 -103.498793
31.517264
0 -103.499969
31.518468
0 -103.499211
31.519923
0 -103.496393
31.520998
0 -103.495686
31.521695
0 -103.496811
31.522388
0 -103.499552
31.522545
0 -103.498991
31.524159
0 -103.497233
31.524423
0 -103.49722
31.525311
0 -103.499461
31.526207
0 -103.500151
31.527526
0 -103.502291
31.527084
0 -103.502642
31.528535
0 -103.49992
31.528963
0 -103.500087
31.531975
0 -103.497494
31.531828
0 -103.49865
31.533988
0 -103.49876
31.535828
0 -103.497727
31.536406
0 -103.497117
31.538131
0 -103.49594
31.539593
0 -103.496547
31.540735
0 -103.496842
31.543627
0 -103.496292
31.546745
0 -103.496701
31.548163
0 -103.495679
31.548581
0 -103.49538
31.549951
0 -103.496416
31.550475
0 -103.498116
31.549603
0 -103.49839
31.551018
0 -103.500404
31.551937
0 -103.501788
31.554277
0 -103.499874
31.554434
0 -103.499042
31.555514
0 -103.500371
31.557674
0 -103.500216
31.555971
0 -103.502046
31.555969
0 -103.501728
31.55758
0 -103.504101
31.558639
0 -103.502782
31.558934
0 -103.50161
31.56016
0 -103.501995
31.560929
0 -103.504264
31.560475
0 -103.505483
31.560896
0 -103.505347
31.561916
0 -103.503744
31.561757
0 -103.502397
31.563157
0 -103.50349
31.564021
0 -103.504404
31.562872
0 -103.505776
31.562378
0 -103.505784
31.563596
0 -103.508049
31.564068
0 -103.508488
31.565189
0 -103.506715
31.565883
0 -103.508573
31.566163
0 -103.508668
31.568099
0 -103.507222
31.569055
0 -103.508489
31.56887
0 -103.510542
31.56954
0 -103.511167
31.568639
0 -103.509701
31.568471
0 -103.509903
31.56759
0 -103.511417
31.567004
0 -103.512039
31.568947
0 -103.512919
31.569697
0 -103.513574
31.571858
0 -103.513917
31.575766
0 -103.514742
31.576884
0 -103.512855
31.578186
0 -103.515066
31.57899
0 -103.514262
31.580446
0 -103.514234
31.582187
0 -103.513278
31.581915
0 -103.510649
31.579491
0 -103.511752
31.582075
0 -103.510528
31.583174
0 -103.509676
31.585027
0 -103.51085
31.586312
0 -103.508338
31.586445
0 -103.507421
31.587821
0 -103.509155
31.586986
0 -103.511541
31.589663
0 -103.510703
31.59142
0 -103.510483
31.590243
0 -103.508324
31.589679
0 -103.505789
31.590625
0 -103.508524
31.592319
0 -103.504881
31.592529
0 -103.505646
31.593939
0 -103.507087
31.594504
0 -103.506826
31.595966
0 -103.504196
31.596648
0 -103.50536
31.597625
0 -103.505596
31.599277
0 -103.504206
31.599624
0 -103.504646
31.600998
0 -103.506227
31.602666
0 -103.508011
31.602267
0 -103.50827
31.60489
0 -103.507583
31.605997
0 -103.51107
31.607752
0 -103.512303
31.612294
0 -103.51414
31.6129
0 -103.512897
31.614144
0 -103.510301
31.614126
0 -103.510332
31.615648
0 -103.512549
31.615043
0 -103.513147
31.615853
0 -103.511016
31.618
0 -103.512754
31.618866
0 -103.511983
31.619813
0 -103.510651
31.619703
0 -103.510463
31.620984
0 -103.513085
31.622132
0 -103.513271
31.623442
0 -103.511931
31.623731
0 -103.510389
31.622828
0 -103.508805
31.624117
0 -103.509379
31.625934
0 -103.510708
31.624124
0 -103.511306
31.626272
0 -103.5129
31.625878
0 -103.515979
31.626133
0 -103.517674
31.625245
0 -103.516387
31.628461
0 -103.518291
31.627813
0 -103.518058
31.629131
0 -103.520008
31.629397
0 -103.521321
31.62884
0 -103.52107
31.630018
0 -103.523821
31.632343
0 -103.529801
31.63246
0 -103.529919
31.633272
0 -103.526209
31.63419
0 -103.526931
31.634648
0 -103.529014
31.634362
0 -103.530835
31.636012
0 -103.530741
31.63692
0 -103.528854
31.638026
0 -103.529074
31.639257
0 -103.530644
31.640849
0 -103.530927
31.642284
0 -103.532436
31.642248
0 -103.532216
31.640366
0 -103.532982
31.640444
0 -103.534779
31.642507
0 -103.537353
31.641153
0 -103.540721
31.642001
0 -103.541764
31.643296
0 -103.54384
31.642366
0 -103.547744
31.644308
0 -103.551615
31.644799
0 -103.55095
31.642819
0 -103.552361
31.641254
0 -103.55356
31.641576
0 -103.554294
31.639592
0 -103.556614
31.640668
0 -103.558745
31.640799
0 -103.559566
31.639607
0 -103.559999
31.636068
0 -103.561691
31.634571
0 -103.562324
31.63291
0 -103.564439
31.634239
0 -103.567715
31.632766
0 -103.570041
31.632895
0 -103.573028
31.632291
0 -103.575656
31.633069
0 -103.577331
31.633337
0 -103.58034
31.634769
0 -103.581741
31.6349
0 -103.581219
31.636621
0 -103.583986
31.63773
0 -103.587492
31.638003
0 -103.589061
31.639844
0 -103.59167
31.641399
0 -103.592376
31.642782
0 -103.591368
31.643754
0 -103.5918
31.644801
0 -103.593355
31.644641
0 -103.596486
31.642742
0 -103.597003
31.643801
0 -103.594597
31.644899
0 -103.594934
31.646386
0 -103.59767
31.646203
0 -103.599233
31.646546
0 -103.600701
31.648109
0 -103.600581
31.649461
0 -103.602008
31.649867
0 -103.602575
31.648135
0 -103.605034
31.648255
0 -103.605056
31.650446
0 -103.607268
31.651102
0 -103.610174
31.650539
0 -103.610887
31.651802
0 -103.610471
31.653808
0 -103.611471
31.654359
0 -103.612151
31.654056
0 -103.613727
31.651572
0 -103.61489
31.650618
0 -103.616327
31.650967
0 -103.616524
31.652438
0 -103.615744
31.655589
0 -103.616798
31.655906
0 -103.618554
31.654464
0 -103.619584
31.654785
0 -103.619299
31.65644
0 -103.618246
31.657488
0 -103.618833
31.658927
0 -103.620803
31.658751
0 -103.621392
31.659277
0 -103.619569
31.662422
0 -103.619158
31.664295
0 -103.623323
31.665181
0 -103.622346
31.66705
0 -103.622159
31.668593
0 -103.622882
31.668965
0 -103.625523
31.668279
0 -103.629478
31.670534
0 -103.628767
31.672218
0 -103.629607
31.673281
0 -103.631778
31.673095
0 -103.632417
31.673624
0 -103.631833
31.675078
0 -103.632082
31.676508
0 -103.633866
31.678643
0 -103.633588
31.679591
0 -103.634625
31.680465
0 -103.634263
31.681634
0 -103.635267
31.683671
0 -103.635167
31.685752
0 -103.63357
31.687199
0 -103.635465
31.688167
0 -103.636025
31.689965
0 -103.632973
31.690733
0 -103.629214
31.688426
0 -103.626561
31.68851
0 -103.623791
31.689656
0 -103.621994
31.688343
0 -103.620827
31.689075
0 -103.620752
31.690342
0 -103.622809
31.692411
0 -103.623972
31.695939
0 -103.623595
31.698606
0 -103.624242
31.701062
0 -103.625402
31.702475
0 -103.625726
31.705032
0 -103.627801
31.706521
0 -103.629392
31.70565
0 -103.63013
31.704542
0 -103.632333
31.704589
0 -103.635627
31.706781
0 -103.636807
31.70679
0 -103.638224
31.708211
0 -103.641869
31.707989
0 -103.645727
31.70942
0 -103.647683
31.709422
0 -103.651459
31.711659
0 -103.653555
31.710426
0 -103.654803
31.71117
0 -103.657396
31.711189
0 -103.659466
31.710398
0 -103.663562
31.712679
0 -103.663785
31.713979
0 -103.665334
31.713688
0 -103.667077
31.714943
0 -103.669308
31.715423
0 -103.671452
31.718451
0 -103.671994
31.721085
0 -103.674011
31.722931
0 -103.676026
31.722748
0 -103.676929
31.724235
0 -103.678376
31.729192
0 -103.678268
31.730474
0 -103.680665
31.730924
0 -103.68204
31.73577
0 -103.685624
31.736924
0 -103.68595
31.737519
0 -103.684551
31.739043
0 -103.684773
31.740915
0 -103.685815
31.742163
0 -103.688819
31.742729
0 -103.690065
31.746229
0 -103.691867
31.747735
0 -103.697267
31.747636
0 -103.700603
31.748395
0 -103.703545
31.74743
0 -103.704112
31.746532
0 -103.707577
31.746329
0 -103.707482
31.744956
0 -103.71065
31.745998
0 -103.711865
31.745959
0 -103.713287
31.744793
0 -103.716135
31.74432
0 -103.719461
31.742979
0 -103.721828
31.745117
0 -103.723711
31.745537
0 -103.725473
31.744426
0 -103.725139
31.743496
0 -103.721081
31.742218
0 -103.720962
31.740622
0 -103.724012
31.739249
0 -103.725265
31.739725
0 -103.726953
31.74177
0 -103.728033
31.741734
0 -103.730741
31.738805
0 -103.732764
31.738774
0 -103.739139
31.739629
0 -103.743425
31.739645
0 -103.745228
31.738866
0 -103.746809
31.739509
0 -103.745753
31.741609
0 -103.745366
31.743481
0 -103.746551
31.744054
0 -103.748673
31.742865
0 -103.749168
31.741488
0 -103.751062
31.740512
0 -103.754547
31.741219
0 -103.755885
31.743303
0 -103.758314
31.744805
0 -103.758843
31.747063
0 -103.757098
31.748806
0 -103.756698
31.751215
0 -103.758273
31.750874
0 -103.760755
31.749119
0 -103.762161
31.74865
0 -103.763253
31.750267
0 -103.760943
31.753216
0 -103.762577
31.754063
0 -103.7657
31.753616
0 -103.766872
31.754664
0 -103.766414
31.756994
0 -103.765539
31.757967
0 -103.766148
31.760817
0 -103.767486
31.760324
0 -103.770068
31.757516
0 -103.771739
31.758929
0 -103.77034
31.761907
0 -103.770838
31.762668
0 -103.776121
31.762159
0 -103.777319
31.763228
0 -103.781129
31.763894
0 -103.782174
31.764828
0 -103.781828
31.767032
0 -103.778251
31.768134
0 -103.777954
31.768686
0 -103.779524
31.770945
0 -103.782686
31.771683
0 -103.783295
31.772342
0 -103.782493
31.773558
0 -103.78342
31.774802
0 -103.78469
31.77492
0 -103.789236
31.772134
0 -103.7904
31.772468
0 -103.790077
31.774552
0 -103.791323
31.775536
0 -103.791938
31.775064
0 -103.793307
31.771292
0 -103.795164
31.771181
0 -103.796281
31.770024
0 -103.797377
31.770439
0 -103.798168
31.772962
0 -103.799358
31.77511
0 -103.798444
31.776913
0 -103.800824
31.779081
0 -103.80229
31.778963
0 -103.803081
31.779752
0 -103.802549
31.781176
0 -103.803617
31.784542
0 -103.803218
31.785783
0 -103.804777
31.7895
0 -103.806599
31.790844
0 -103.806655
31.79217
0 -103.808506
31.793154
0 -103.809458
31.794317
0 -103.809168
31.79571
0 -103.809549
31.798306
0 -103.809062
31.799098
0 -103.809629
31.800503
0 -103.808251
31.802536
0 -103.807769
31.80486
0 -103.808431
31.807483
0 -103.807721
31.809025
0 -103.807764
31.812718
0 -103.809314
31.814663
0 -103.809464
31.816385
0 -103.807609
31.818634
0 -103.807121
31.821757
0 -103.808279
31.824182
0 -103.808403
31.826809
0 -103.80908
31.827896
0 -103.813195
31.830052
0 -103.815223
31.833154
0 -103.816674
31.83426
0 -103.820016
31.83521
0 -103.821299
31.837267
0 -103.821109
31.838637
0 -103.818081
31.840188
0 -103.814833
31.84387
0 -103.813073
31.846324
0 -103.812737
31.848614
0 -103.814444
31.850021
0 -103.81499
31.852142
0 -103.812736
31.853344
0 -103.813168
31.85459
0 -103.818731
31.855136
0 -103.819868
31.855927
0 -103.821283
31.857997
0 -103.822253
31.8586
0 -103.82137
31.860626
0 -103.823842
31.861881
0 -103.827356
31.861582
0 -103.828676
31.862549
0 -103.828368
31.864442
0 -103.827357
31.865376
0 -103.828124
31.868412
0 -103.830115
31.868968
0 -103.831052
31.869943
0 -103.831645
31.873332
0 -103.8296
31.877552
0 -103.829333
31.879805
0 -103.829823
31.88132
0 -103.829776
31.883544
0 -103.828313
31.885096
0 -103.828475
31.886303
0 -103.830064
31.888554
0 -103.832832
31.889939
0 -103.838539
31.889718
0 -103.839642
31.889395
0 -103.844913
31.885729
0 -103.848205
31.881811
0 -103.856057
31.882722
0 -103.858052
31.881932
0 -103.859698
31.880107
0 -103.860513
31.877754
0 -103.86444
31.8744
0 -103.867358
31.874151
0 -103.868674
31.874508
0 -103.87187
31.874085
0 -103.872905
31.872309
0 -103.872897
31.869303
0 -103.873501
31.86792
0 -103.876633
31.865188
0 -103.879294
31.864521
0 -103.880828
31.864845
0 -103.883213
31.866258
0 -103.885434
31.869271
0 -103.885446
31.870955
0 -103.882964
31.875277
0 -103.882763
31.877167
0 -103.883173
31.88008
0 -103.882792
31.883415
0 -103.880749
31.888105
0 -103.880661
31.889755
0 -103.882389
31.891917
0 -103.885272
31.892917
0 -103.887947
31.89316
0 -103.889703
31.89384
0 -103.895712
31.894846
0 -103.901404
31.896525
0 -103.905765
31.899728
0 -103.908366
31.900928
0 -103.910085
31.90102
0 -103.912248
31.902424
0 -103.913268
31.90481
0 -103.91372
31.907325
0 -103.915529
31.910521
0 -103.916857
31.913759
0 -103.918636
31.917053
0 -103.918848
31.918747
0 -103.918172
31.92145
0 -103.918043
31.925539
0 -103.91532
31.928795
0 -103.915713
31.930858
0 -103.920249
31.933417
0 -103.920607
31.939662
0 -103.922396
31.942527
0 -103.925087
31.944468
0 -103.930966
31.947167
0 -103.933621
31.947703
0 -103.936308
31.946835
0 -103.939235
31.944419
0 -103.940896
31.944546
0 -103.942014
31.947312
0 -103.943949
31.949952
0 -103.946516
31.951954
0 -103.948592
31.954483
0 -103.947986
31.95575
0 -103.944974
31.958301
0 -103.942397
31.960034
0 -103.941129
31.961357
0 -103.941508
31.964339
0 -103.945296
31.966786
0 -103.948091
31.970495
0 -103.949195
31.976142
0 -103.9476
31.979091
0 -103.947788
31.981603
0 -103.950089
31.986838
0 -103.951922
31.987419
0 -103.958878
31.98479
0 -103.960771
31.983354
0 -103.963032
31.980697
0 -103.96421
31.980873
0 -103.967818
31.97975
0 -103.972143
31.979822
0 -103.974457
31.979206
0 -103.976345
31.980014
0 -103.979181
31.984238
0 -103.980328
31.985262
0 -103.983126
31.990842
0 -103.98406
31.99342
0 -103.983936
31.994113
0 -103.981754
31.995973
0 -103.980916
31.997245
0 -103.980179
32.000125
0 -104.024521
32.00001
0 -104.087592
31.276248
0 -104.089818
31.250134
0 -104.100216
31.133361
0 -104.100333
31.125136
0 -104.101034
31.12474
0 