-111.511545
41.908606
0 -111.511361
41.905134
0 -111.508087
41.904372
0 -111.506911
41.903256
0 -111.503977
41.902329
0 -111.500396
41.898263
0 -111.5011
41.895883
0 -111.499992
41.892472
0 -111.502779
41.88766
0 -111.500092
41.887238
0 -111.498314
41.88789
0 -111.496559
41.887102
0 -111.493658
41.887128
0 -111.492184
41.883919
0 -111.492949
41.881183
0 -111.492396
41.879241
0 -111.494177
41.873626
0 -111.498022
41.871579
0 -111.499523
41.871296
0 -111.502698
41.868007
0 -111.504955
41.867693
0 -111.509301
41.868758
0 -111.509035
41.867312
0 -111.507376
41.866087
0 -111.506853
41.864548
0 -111.501944
41.860989
0 -111.5025
41.859065
0 -111.504388
41.857412
0 -111.504904
41.855109
0 -111.507864
41.852589
0 -111.504147
41.85068
0 -111.502072
41.85043
0 -111.493662
41.8441
0 -111.490317
41.84045
0 -111.487643
41.838505
0 -111.483246
41.836072
0 -111.478674
41.832506
0 -111.474647
41.82776
0 -111.470339
41.824735
0 -111.467157
41.823628
0 -111.464158
41.820849
0 -111.460722
41.816985
0 -111.461987
41.812746
0 -111.460213
41.81085
0 -111.45958
41.807894
0 -111.457621
41.806015
0 -111.455871
41.805509
0 -111.45394
41.803748
0 -111.453755
41.801669
0 -111.452086
41.798195
0 -111.452397
41.796262
0 -111.4509
41.79282
0 -111.451748
41.791138
0 -111.453606
41.790514
0 -111.454298
41.788066
0 -111.453042
41.785634
0 -111.454848
41.784108
0 -111.455103
41.782631
0 -111.454656
41.77957
0 -111.451369
41.77868
0 -111.452324
41.777688
0 -111.45223
41.775569
0 -111.449328
41.771859
0 -111.44657
41.773085
0 -111.443512
41.771701
0 -111.44331
41.769885
0 -111.444835
41.767414
0 -111.443927
41.765225
0 -111.445323
41.76414
0 -111.445522
41.760526
0 -111.444576
41.758981
0 -111.441757
41.757317
0 -111.441016
41.755773
0 -111.441405
41.751339
0 -111.442872
41.749965
0 -111.442152
41.747409
0 -111.444301
41.746328
0 -111.445288
41.744755
0 -111.444386
41.742987
0 -111.440778
41.741774
0 -111.440667
41.740208
0 -111.442149
41.738279
0 -111.442086
41.736067
0 -111.438398
41.734182
0 -111.43511
41.731211
0 -111.431835
41.729322
0 -111.42854
41.726516
0 -111.422756
41.724836
0 -111.420272
41.724603
0 -111.419997
41.72294
0 -111.417922
41.721726
0 -111.41753
41.720046
0 -111.418053
41.717025
0 -111.417127
41.712624
0 -111.418281
41.708929
0 -111.42096
41.706623
0 -111.421013
41.70334
0 -111.421657
41.700143
0 -111.420083
41.698279
0 -111.419913
41.696834
0 -111.423126
41.697232
0 -111.426124
41.695849
0 -111.426944
41.694313
0 -111.424135
41.692073
0 -111.424194
41.689146
0 -111.424857
41.687199
0 -111.426198
41.686335
0 -111.425477
41.685194
0 -111.426148
41.682295
0 -111.425719
41.681018
0 -111.426855
41.677864
0 -111.425898
41.676748
0 -111.422816
41.67427
0 -111.421249
41.67414
0 -111.415461
41.67612
0 -111.414101
41.674629
0 -111.415004
41.67341
0 -111.413942
41.669995
0 -111.414678
41.668284
0 -111.41389
41.666417
0 -111.409918
41.665877
0 -111.40703
41.666731
0 -111.405715
41.664893
0 -111.40686
41.66315
0 -111.402649
41.659779
0 -111.402077
41.658881
0 -111.401576
41.654081
0 -111.403251
41.651995
0 -111.40825
41.64934
0 -111.408636
41.644941
0 -111.412271
41.64231
0 -111.414146
41.641684
0 -111.416618
41.639256
0 -111.415535
41.63679
0 -111.413769
41.635006
0 -111.411707
41.631681
0 -111.412065
41.630135
0 -111.410663
41.627435
0 -111.411871
41.625773
0 -111.414483
41.624641
0 -111.417686
41.622428
0 -111.421233
41.624015
0 -111.422792
41.624031
0 -111.428752
41.620221
0 -111.42984
41.618191
0 -111.427629
41.61492
0 -111.426567
41.610487
0 -111.427745
41.608977
0 -111.427276
41.607132
0 -111.427994
41.605777
0 -111.427326
41.603847
0 -111.427925
41.60165
0 -111.426806
41.599013
0 -111.427778
41.597838
0 -111.42781
41.59403
0 -111.427246
41.592828
0 -111.42849
41.591875
0 -111.429204
41.589783
0 -111.428173
41.586845
0 -111.427028
41.585569
0 -111.427233
41.581277
0 -111.427898
41.57843
0 -111.429811
41.577702
0 -111.430718
41.575093
0 -111.430376
41.569865
0 -111.430852
41.568617
0 -111.429407
41.566774
0 -111.430989
41.564704
0 -111.431657
41.562454
0 -111.430704
41.561064
0 -111.432089
41.559706
0 -111.432163
41.557754
0 -111.433341
41.555351
0 -111.433099
41.553629
0 -111.436119
41.550692
0 -111.442169
41.549028
0 -111.442863
41.54775
0 -111.442444
41.546201
0 -111.445188
41.544336
0 -111.44522
41.542032
0 -111.443846
41.541256
0 -111.442777
41.538874
0 -111.44177
41.534529
0 -111.442268
41.532532
0 -111.442949
41.531365
0 -111.448728
41.531418
0 -111.453017
41.52985
0 -111.454854
41.530529
0 -111.456946
41.532214
0 -111.458674
41.531806
0 -111.45915
41.529452
0 -111.458063
41.527945
0 -111.455811
41.526733
0 -111.457411
41.525354
0 -111.457267
41.5225
0 -111.456359
41.52093
0 -111.458029
41.519275
0 -111.460211
41.518658
0 -111.46303
41.515716
0 -111.46466
41.514927
0 -111.467135
41.509259
0 -111.468652
41.508881
0 -111.471386
41.506458
0 -111.474762
41.505436
0 -111.478061
41.503931
0 -111.478254
41.503241
0 -111.474806
41.500302
0 -111.475336
41.498254
0 -111.477982
41.497252
0 -111.474957
41.494909
0 -111.475508
41.4886
0 -111.477696
41.487422
0 -111.479931
41.483827
0 -111.480294
41.482002
0 -111.481999
41.479063
0 -111.481416
41.47692
0 -111.485808
41.474318
0 -111.48999
41.473049
0 -111.490559
41.472208
0 -111.48854
41.468583
0 -111.489871
41.466383
0 -111.492982
41.465325
0 -111.495724
41.465562
0 -111.500757
41.464449
0 -111.501201
41.461498
0 -111.503538
41.459411
0 -111.503242
41.453724
0 -111.505199
41.451598
0 -111.502899
41.449596
0 -111.502936
41.448841
0 -111.505532
41.445891
0 -111.505597
41.442902
0 -111.503117
41.440864
0 -111.500761
41.437624
0 -111.504477
41.435829
0 -111.50656
41.43319
0 -111.507236
41.430678
0 -111.50675
41.429537
0 -111.508298
41.428417
0 -111.510458
41.428018
0 -111.510175
41.424853
0 -111.510839
41.4231
0 -111.510691
41.420683
0 -111.506401
41.417876
0 -111.506847
41.416075
0 -111.508153
41.41471
0 -111.507862
41.413843
0 -111.503754
41.41347
0 -111.50049
41.411444
0 -111.499894
41.408895
0 -111.49414
41.405754
0 -111.490387
41.404643
0 -111.4843
41.404645
0 -111.481655
41.401104
0 -111.475512
41.399867
0 -111.475527
41.398906
0 -111.477753
41.394662
0 -111.477588
41.393357
0 -111.478425
41.390569
0 -111.478303
41.3858
0 -111.477618
41.384348
0 -111.474335
41.383738
0 -111.471104
41.38185
0 -111.467802
41.380924
0 -111.465205
41.380743
0 -111.461872
41.378623
0 -111.462515
41.376861
0 -111.460792
41.374188
0 -111.458538
41.373279
0 -111.455375
41.372822
0 -111.451407
41.373086
0 -111.448167
41.372858
0 -111.445709
41.371339
0 -111.446863
41.368143
0 -111.445937
41.366672
0 -111.439364
41.366185
0 -111.437768
41.366689
0 -111.436501
41.364338
0 -111.434059
41.362242
0 -111.430165
41.362108
0 -111.427455
41.363016
0 -111.424122
41.364786
0 -111.42346
41.363141
0 -111.420728
41.361308
0 -111.417853
41.362216
0 -111.41435
41.362257
0 -111.4099
41.361732
0 -111.406386
41.362505
0 -111.40459
41.362224
0 -111.403965
41.365964
0 -111.404304
41.36767
0 -111.403543
41.369295
0 -111.401065
41.36953
0 -111.399841
41.370948
0 -111.39613
41.373314
0 -111.392676
41.372783
0 -111.390783
41.373469
0 -111.384293
41.374001
0 -111.382261
41.37354
0 -111.380837
41.372005
0 -111.378531
41.370731
0 -111.375754
41.370453
0 -111.37031
41.367201
0 -111.367703
41.364476
0 -111.367028
41.361641
0 -111.362139
41.361636
0 -111.357489
41.36249
0 -111.353554
41.362822
0 -111.348273
41.362341
0 -111.346524
41.36152
0 -111.346621
41.35935
0 -111.34156
41.357352
0 -111.340235
41.35546
0 -111.339266
41.355353
0 -111.335107
41.356255
0 -111.331944
41.357472
0 -111.330186
41.355629
0 -111.328882
41.35524
0 -111.327115
41.353247
0 -111.327703
41.349231
0 -111.327203
41.345643
0 -111.324299
41.344563
0 -111.318791
41.343834
0 -111.317532
41.342999
0 -111.315881
41.340505
0 -111.308179
41.33596
0 -111.305333
41.33367
0 -111.301949
41.332301
0 -111.299594
41.331902
0 -111.297454
41.330652
0 -111.294886
41.329969
0 -111.294359
41.327256
0 -111.294166
41.321866
0 -111.293487
41.320545
0 -111.294265
41.319506
0 -111.296671
41.318892
0 -111.294477
41.315916
0 -111.294584
41.312807
0 -111.292371
41.309409
0 -111.290577
41.308503
0 -111.288654
41.308482
0 -111.286715
41.309576
0 -111.284462
41.309446
0 -111.283901
41.308327
0 -111.285991
41.30514
0 -111.283775
41.304908
0 -111.281948
41.303814
0 -111.278923
41.303279
0 -111.274515
41.301327
0 -111.274685
41.299653
0 -111.272538
41.298986
0 -111.267936
41.298401
0 -111.261803
41.296681
0 -111.259626
41.293016
0 -111.25945
41.290795
0 -111.261076
41.288616
0 -111.261434
41.286935
0 -111.265613
41.284313
0 -111.270038
41.283503
0 -111.272911
41.281431
0 -111.274591
41.278759
0 -111.277283
41.277368
0 -111.277218
41.274437
0 -111.275811
41.27172
0 -111.276258
41.270558
0 -111.274246
41.26439
0 -111.280909
41.261404
0 -111.279973
41.259694
0 -111.276636
41.256865
0 -111.277448
41.255475
0 -111.276464
41.253663
0 -111.278309
41.251586
0 -111.277238
41.250188
0 -111.277192
41.244909
0 -111.275186
41.24404
0 -111.272704
41.241451
0 -111.270791
41.24052
0 -111.269431
41.237263
0 -111.269654
41.236762
0 -111.275819
41.234194
0 -111.276866
41.232673
0 -111.279436
41.231725
0 -111.281196
41.23037
0 -111.282047
41.228373
0 -111.283006
41.228128
0 -111.281298
41.22497
0 -111.278515
41.226079
0 -111.276068
41.225712
0 -111.269776
41.227134
0 -111.266941
41.226832
0 -111.263631
41.227595
0 -111.260801
41.227717
0 -111.259526
41.228458
0 -111.253821
41.228963
0 -111.252674
41.226205
0 -111.253114
41.22268
0 -111.25431
41.220313
0 -111.25615
41.217431
0 -111.25438
41.216745
0 -111.252021
41.214557
0 -111.250057
41.21451
0 -111.246521
41.215879
0 -111.242776
41.215354
0 -111.239202
41.21624
0 -111.233648
41.218271
0 -111.232285
41.217762
0 -111.226784
41.217252
0 -111.225216
41.215978
0 -111.221776
41.215119
0 -111.221484
41.212684
0 -111.227394
41.20807
0 -111.226285
41.206974
0 -111.227061
41.205447
0 -111.230887
41.203751
0 -111.231538
41.202439
0 -111.230302
41.20028
0 -111.231913
41.198135
0 -111.230456
41.194988
0 -111.225669
41.191264
0 -111.227862
41.189575
0 -111.229347
41.186342
0 -111.233239
41.184326
0 -111.235652
41.183915
0 -111.236147
41.181992
0 -111.235345
41.179786
0 -111.233636
41.178537
0 -111.233116
41.176998
0 -111.236447
41.172856
0 -111.237765
41.170383
0 -111.240021
41.168989
0 -111.241777
41.167037
0 -111.241357
41.166344
0 -111.242607
41.164537
0 -111.244403
41.163925
0 -111.246523
41.161026
0 -111.249013
41.158854
0 -111.252186
41.156785
0 -111.253508
41.154764
0 -111.25583
41.15327
0 -111.25967
41.149011
0 -111.260979
41.146314
0 -111.264224
41.145587
0 -111.264974
41.144044
0 -111.264341
41.142543
0 -111.262658
41.141066
0 -111.253576
41.143175
0 -111.250326
41.144258
0 -111.245496
41.144089
0 -111.244547
41.145105
0 -111.241987
41.142248
0 -111.240633
41.141973
0 -111.232824
41.142881
0 -111.231165
41.14452
0 -111.229518
41.144951
0 -111.22699
41.14723
0 -111.224762
41.148573
0 -111.223314
41.151534
0 -111.219075
41.153738
0 -111.216506
41.156015
0 -111.214002
41.157591
0 -111.211919
41.158262
0 -111.20618
41.162267
0 -111.203787
41.162907
0 -111.202955
41.163782
0 -111.195868
41.165803
0 -111.192435
41.167686
0 -111.187932
41.169651
0 -111.183484
41.170802
0 -111.18258
41.169506
0 -111.179617
41.169443
0 -111.179
41.170136
0 -111.175653
41.170251
0 -111.172031
41.172881
0 -111.171744
41.173744
0 -111.167399
41.176126
0 -111.165138
41.175485
0 -111.160894
41.176111
0 -111.157207
41.177653
0 -111.15611
41.179572
0 -111.153744
41.180444
0 -111.151658
41.182296
0 -111.148745
41.183182
0 -111.145364
41.185443
0 -111.140944
41.187115
0 -111.141757
41.190445
0 -111.132287
41.196132
0 -111.131942
41.196422
0 -111.1314
41.196688
0 -111.13066
41.196962
0 -111.129487
41.197569
0 -111.129451
41.197627
0 -111.129731
41.198329
0 -111.133234
41.206822
0 -111.121173
41.208937
0 -111.116154
41.211221
0 -111.110263
41.214658
0 -111.101335
41.20769
0 -111.098258
41.210929
0 -111.096548
41.213878
0 -111.09442
41.21919
0 -111.092711
41.222487
0 -111.090512
41.225661
0 -111.087654
41.228744
0 -111.086551
41.229891
0 -111.078595
41.238414
0 -111.075611
41.243293
0 -111.073993
41.244826
0 -111.071363
41.245503
0 -111.069981
41.247015
0 -111.067351
41.248857
0 -111.064637
41.250157
0 -111.061612
41.251077
0 -111.057889
41.251543
0 -111.046551060424
41.251626854311
0 -111.046551
41.251716
0 -111.046566305334
41.2857550631726
0 -111.0466
41.360692
0 -111.046264
41.377731
0 -111.045900228888
41.5215852433386
0 -111.045789
41.565571
0 -111.045818464842
41.5798449482258
0 -111.046230897063
41.7796436132915
0 -111.046230993972
41.7796905597888
0 -111.046689
42.001567
0 -111.299958467905
42.0010051454933
0 -111.415873
42.000748
0 -111.420898
42.000793
0 -111.425535
42.00084
0 -111.471381
41.999739
0 -111.507264
41.999518
0 -111.507789674782
41.9995175941635
0 -111.507368
41.998583
0 -111.50757
41.995868
0 -111.508788
41.99257
0 -111.50878
41.990672
0 -111.507991
41.987703
0 -111.506325
41.9873
0 -111.503806
41.987571
0 -111.497496
41.985091
0 -111.49509
41.98274
0 -111.494034
41.979449
0 -111.49082
41.977053
0 -111.488663
41.976151
0 -111.48498
41.975839
0 -111.484347
41.975355
0 -111.484352
41.972538
0 -111.483431
41.969988
0 -111.484268
41.965997
0 -111.48336
41.963799
0 -111.481356
41.963317
0 -111.479183
41.961749
0 -111.479153
41.960737
0 -111.475863
41.95765
0 -111.475506
41.956352
0 -111.477289
41.954768
0 -111.477483
41.953415
0 -111.476764
41.951421
0 -111.474942
41.948279
0 -111.473236
41.947496
0 -111.473408
41.945694
0 -111.474892
41.944908
0 -111.475494
41.940408
0 -111.475169
41.938621
0 -111.476799
41.936232
0 -111.476472
41.935007
0 -111.47484
41.934314
0 -111.474821
41.933295
0 -111.472665
41.931044
0 -111.471321
41.928157
0 -111.473366
41.925467
0 -111.473218
41.923479
0 -111.475183
41.922965
0 -111.478412
41.917196
0 -111.477851
41.913519
0 -111.478331
41.912687
0 -111.48199
41.911217
0 -111.485203
41.910627
0 -111.488692
41.910923
0 -111.491282
41.910686
0 -111.492109
41.912383
0 -111.495748
41.911865
0 -111.49716
41.913192
0 -111.498987
41.913119
0 -111.500393
41.912093
0 -111.502594
41.913653
0 -111.503953
41.912977
0 -111.504634
41.911216
0 -111.507804
41.911625
0 -111.509143
41.911299
0 -111.511545
41.908606
0 