-90.671654
43.552969
0 -90.671629
43.551618
0 -90.671578
43.548807
0 -90.670811
43.515238
0 -90.670718
43.51303
0 -90.670344
43.502237
0 -90.669866
43.494989
0 -90.669025
43.477754
0 -90.668478
43.466273
0 -90.668478
43.457786
0 -90.668395
43.425178
0 -90.668561
43.422994
0 -90.668582
43.40742
0 -90.668622
43.379757
0 -90.666012
43.379423
0 -90.665816
43.321241
0 -90.665919
43.320969
0 -90.666058
43.310775
0 -90.666069
43.307913
0 -90.666107
43.303207
0 -90.666139
43.298443
0 -90.666159
43.295387
0 -90.666178
43.292346
0 -90.666179
43.291585
0 -90.666195
43.289661
0 -90.666254
43.280949
0 -90.666315
43.271838
0 -90.666376
43.26899
0 -90.666581
43.264282
0 -90.666916
43.247302
0 -90.666914
43.245066
0 -90.666837
43.205512
0 -90.666786
43.171778
0 -90.660435
43.17113
0 -90.65657
43.171833
0 -90.65203
43.174087
0 -90.650053
43.175444
0 -90.642515
43.178737
0 -90.64049
43.179304
0 -90.637687
43.178995
0 -90.634539
43.179279
0 -90.62772
43.182055
0 -90.620052
43.18417
0 -90.615568
43.184215
0 -90.610546
43.184844
0 -90.608608
43.185372
0 -90.603312
43.189447
0 -90.59851
43.193622
0 -90.595867
43.195324
0 -90.588903
43.200688
0 -90.584408
43.202216
0 -90.582312
43.203267
0 -90.575683
43.204721
0 -90.568725
43.205396
0 -90.563399
43.206518
0 -90.560837
43.206706
0 -90.558128
43.206731
0 -90.547223
43.210857
0 -90.545408
43.211455
0 -90.540592
43.211246
0 -90.537746
43.209432
0 -90.534281
43.208281
0 -90.529821
43.207514
0 -90.526998
43.20755
0 -90.520417
43.206725
0 -90.511955
43.208427
0 -90.505895
43.208908
0 -90.496229
43.206157
0 -90.490737
43.205996
0 -90.485457
43.205439
0 -90.479476
43.203476
0 -90.473617
43.202905
0 -90.464938
43.201836
0 -90.46238
43.201783
0 -90.45272
43.202229
0 -90.445128
43.200036
0 -90.442444
43.199767
0 -90.439286
43.199631
0 -90.429825
43.20094
0 -90.427077
43.200972
0 -90.420403
43.201764
0 -90.416248
43.201474
0 -90.409772
43.200145
0 -90.408663
43.200188
0 -90.40518
43.201005
0 -90.400895
43.201507
0 -90.39419
43.203055
0 -90.387081
43.203281
0 -90.382088
43.204018
0 -90.37723
43.205212
0 -90.370907
43.20646
0 -90.360312
43.207938
0 -90.35602
43.208383
0 -90.352654
43.20958
0 -90.350513
43.209786
0 -90.345673
43.209504
0 -90.339639
43.209532
0 -90.336576
43.209782
0 -90.331048
43.209044
0 -90.32381
43.207429
0 -90.316169
43.207406
0 -90.310917
43.206617
0 -90.299811
43.20834
0 -90.296447
43.207907
0 -90.292534
43.206859
0 -90.288399
43.203818
0 -90.285977
43.201042
0 -90.284955
43.198719
0 -90.28462
43.196229
0 -90.283555
43.195275
0 -90.280706
43.194331
0 -90.278369
43.19409
0 -90.271593
43.19605
0 -90.270904
43.196282
0 -90.269046
43.196783
0 -90.26068
43.19777
0 -90.260077
43.197689
0 -90.2553
43.195312
0 -90.251547
43.19236
0 -90.244874
43.190152
0 -90.242006
43.189175
0 -90.231916
43.181614
0 -90.226154
43.177272
0 -90.220887
43.174236
0 -90.218447
43.173234
0 -90.212908
43.17195
0 -90.209894
43.170132
0 -90.207431
43.169178
0 -90.199004
43.166915
0 -90.193814
43.164464
0 -90.192577
43.166509
0 -90.192514
43.176745
0 -90.192547
43.177266
0 -90.192522
43.191245
0 -90.19253
43.1956
0 -90.192422
43.235395
0 -90.192466
43.248861
0 -90.191822
43.251607
0 -90.192331
43.261801
0 -90.19198
43.285716
0 -90.191828
43.293358
0 -90.191745
43.302944
0 -90.191886
43.30505
0 -90.191602
43.312227
0 -90.19202
43.331778
0 -90.19146
43.350943
0 -90.191319
43.355048
0 -90.191661
43.359436
0 -90.191787
43.366141
0 -90.191938
43.380083
0 -90.19188
43.392053
0 -90.191799
43.442284
0 -90.191788
43.457984
0 -90.191781
43.467383
0 -90.192015
43.511148
0 -90.192196
43.52217
0 -90.192281
43.523082
0 -90.192211
43.525102
0 -90.192073
43.527209
0 -90.192176
43.532868
0 -90.19217
43.54231
0 -90.192051
43.551644
0 -90.191964
43.554996
0 -90.196968
43.554937
0 -90.201415
43.55491
0 -90.206876
43.554794
0 -90.208571
43.554744
0 -90.216854
43.554793
0 -90.220138
43.554789
0 -90.230866
43.554765
0 -90.231585
43.554555
0 -90.237344
43.554623
0 -90.250127
43.554313
0 -90.251136
43.554326
0 -90.252113
43.554481
0 -90.256143
43.554321
0 -90.27152
43.554072
0 -90.300882
43.553983
0 -90.311069
43.553991
0 -90.316213
43.553983
0 -90.328575
43.553957
0 -90.330291
43.554035
0 -90.356184
43.554087
0 -90.365327
43.554106
0 -90.431302
43.553718
0 -90.452416
43.553557
0 -90.457081
43.553508
0 -90.461553
43.553457
0 -90.46232
43.553448
0 -90.471064
43.553232
0 -90.4768
43.553388
0 -90.478756
43.553372
0 -90.48088
43.553352
0 -90.487096
43.553288
0 -90.490129
43.553262
0 -90.497103
43.553128
0 -90.527009
43.552849
0 -90.55214
43.552823
0 -90.587058
43.552833
0 -90.593689
43.552836
0 -90.606962
43.552841
0 -90.633442
43.552879
0 -90.652666
43.552833
0 -90.671654
43.552969
0 