-96.961707
39.241964
0 -96.961387
39.220073
0 -96.849879
39.219012
0 -96.84967
39.13928
0 -96.830985
39.139228
0 -96.831057
39.132711
0 -96.832519
39.126803
0 -96.83537
39.121638
0 -96.845774
39.10793
0 -96.846674
39.106888
0 -96.850991
39.101307
0 -96.850895
39.097855
0 -96.851111
39.088386
0 -96.826386
39.088296
0 -96.824149
39.088287
0 -96.814038
39.088194
0 -96.804978
39.088222
0 -96.797475
39.088185
0 -96.783583
39.088157
0 -96.755928
39.088008
0 -96.755786
39.088006
0 -96.743193
39.087812
0 -96.743285
39.081925
0 -96.740352
39.082231
0 -96.739189
39.081821
0 -96.736231
39.079641
0 -96.735545
39.079808
0 -96.732061
39.083233
0 -96.728177
39.088358
0 -96.723183
39.091086
0 -96.719209
39.091443
0 -96.716802
39.090895
0 -96.714145
39.089763
0 -96.711792
39.089552
0 -96.707571
39.090547
0 -96.706077
39.09126
0 -96.706226
39.083192
0 -96.706243
39.083114
0 -96.706156
39.081436
0 -96.705998
39.073172
0 -96.679485
39.07333
0 -96.633856
39.073024
0 -96.614833
39.072969
0 -96.596239
39.07294
0 -96.596096
39.07294
0 -96.586023
39.072923
0 -96.538489
39.072844
0 -96.53179
39.072831
0 -96.519668
39.072811
0 -96.501181
39.072782
0 -96.501174
39.043666
0 -96.482442
39.043511
0 -96.42806
39.043443
0 -96.390796
39.043257
0 -96.390629
39.05774
0 -96.390909
39.065263
0 -96.39109
39.101644
0 -96.390909
39.130219
0 -96.389362
39.130209
0 -96.388884
39.172724
0 -96.391225
39.174659
0 -96.394611
39.176831
0 -96.398713
39.179701
0 -96.40587
39.182706
0 -96.41344
39.185292
0 -96.416707
39.185877
0 -96.428908
39.186197
0 -96.440511
39.18937
0 -96.444168
39.190126
0 -96.452731
39.190863
0 -96.456997
39.190685
0 -96.4596
39.189871
0 -96.460819
39.188778
0 -96.461389
39.187629
0 -96.460427
39.186455
0 -96.460325
39.186358
0 -96.459905
39.185688
0 -96.459519
39.184468
0 -96.459516
39.183707
0 -96.459868
39.182669
0 -96.460543
39.181616
0 -96.462271
39.180078
0 -96.462754
39.179526
0 -96.463656
39.178175
0 -96.463808
39.177884
0 -96.464042
39.175395
0 -96.461053
39.172588
0 -96.46015
39.169267
0 -96.460186
39.168796
0 -96.463083
39.167269
0 -96.464841
39.166477
0 -96.466048
39.166371
0 -96.468601
39.166474
0 -96.469191
39.166349
0 -96.470977
39.165345
0 -96.472933
39.164594
0 -96.473059
39.164552
0 -96.475534
39.164138
0 -96.476628
39.164578
0 -96.477034
39.166525
0 -96.476045
39.169921
0 -96.476317
39.172501
0 -96.478048
39.176184
0 -96.481843
39.178791
0 -96.484755
39.179302
0 -96.486946
39.179258
0 -96.490164
39.177104
0 -96.491291
39.174212
0 -96.491527
39.170803
0 -96.493534
39.168507
0 -96.495749
39.167774
0 -96.501055
39.167475
0 -96.504544
39.167897
0 -96.510405
39.169952
0 -96.512751
39.170113
0 -96.5167
39.17113
0 -96.518307
39.172612
0 -96.519072
39.174811
0 -96.518629
39.177378
0 -96.51757
39.178819
0 -96.514943
39.181203
0 -96.514134
39.184489
0 -96.516058
39.187067
0 -96.518579
39.187767
0 -96.522573
39.187316
0 -96.528297
39.184939
0 -96.536774
39.183746
0 -96.539274
39.183813
0 -96.546946
39.182394
0 -96.550745
39.181305
0 -96.55409
39.178605
0 -96.555813
39.179809
0 -96.557829
39.18147
0 -96.558147
39.186396
0 -96.558976
39.191237
0 -96.560446
39.195977
0 -96.560238
39.19741
0 -96.558818
39.198083
0 -96.557351
39.198636
0 -96.556629
39.198491
0 -96.549982
39.197098
0 -96.546446
39.198216
0 -96.543408
39.19878
0 -96.541675
39.198076
0 -96.538061
39.197322
0 -96.526702
39.197285
0 -96.521236
39.197896
0 -96.519761
39.199272
0 -96.518422
39.202999
0 -96.518622
39.205132
0 -96.521812
39.207395
0 -96.525778
39.209403
0 -96.530412
39.212403
0 -96.535414
39.21264
0 -96.536922
39.21419
0 -96.539271
39.214845
0 -96.541943
39.213486
0 -96.54194
39.210183
0 -96.542766
39.208947
0 -96.545034
39.208359
0 -96.547125
39.208352
0 -96.549329
39.211349
0 -96.550345
39.21312
0 -96.550602
39.215586
0 -96.550309
39.218003
0 -96.551832
39.223651
0 -96.554372
39.228755
0 -96.556725
39.232854
0 -96.558296
39.23679
0 -96.561257
39.240821
0 -96.56193
39.241277
0 -96.564204
39.240495
0 -96.566307
39.239169
0 -96.571525
39.237374
0 -96.574724
39.237801
0 -96.578237
39.236271
0 -96.580694
39.233879
0 -96.582551
39.234163
0 -96.586905
39.237751
0 -96.588164
39.240005
0 -96.588202
39.243074
0 -96.584412
39.243868
0 -96.581265
39.245783
0 -96.579352
39.245393
0 -96.576882
39.244069
0 -96.574142
39.243809
0 -96.572694
39.244258
0 -96.571131
39.245772
0 -96.570643
39.247245
0 -96.570582
39.249994
0 -96.57111
39.250966
0 -96.576214
39.255248
0 -96.578504
39.256843
0 -96.580866
39.256126
0 -96.580553
39.254698
0 -96.577076
39.253588
0 -96.575676
39.251691
0 -96.576895
39.249188
0 -96.579266
39.248586
0 -96.581666
39.248499
0 -96.587669
39.24952
0 -96.591046
39.24962
0 -96.59512
39.251987
0 -96.594952
39.254658
0 -96.5947
39.25527
0 -96.594418
39.256018
0 -96.594565
39.260288
0 -96.595423
39.262049
0 -96.597199
39.263664
0 -96.603369
39.264903
0 -96.608004
39.26609
0 -96.610331
39.267086
0 -96.614617
39.270666
0 -96.616796
39.273088
0 -96.621745
39.276792
0 -96.629083
39.283419
0 -96.635602
39.288214
0 -96.638761
39.292183
0 -96.638605
39.292827
0 -96.632354
39.294084
0 -96.631772
39.295647
0 -96.632306
39.297742
0 -96.6337
39.29938
0 -96.637327
39.301827
0 -96.641696
39.305373
0 -96.645233
39.307977
0 -96.649597
39.309788
0 -96.653067
39.312221
0 -96.656665
39.317202
0 -96.656322
39.318047
0 -96.65452
39.318883
0 -96.651746
39.319089
0 -96.649033
39.320021
0 -96.647519
39.321832
0 -96.646449
39.32399
0 -96.64656
39.326182
0 -96.648495
39.326451
0 -96.650463
39.325502
0 -96.653714
39.324604
0 -96.65595
39.324389
0 -96.659779
39.325062
0 -96.662065
39.325975
0 -96.666244
39.328252
0 -96.670938
39.332778
0 -96.671743
39.334496
0 -96.66827
39.338037
0 -96.663288
39.339611
0 -96.66203
39.341833
0 -96.661721
39.342881
0 -96.662847
39.344002
0 -96.665066
39.342989
0 -96.668409
39.34313
0 -96.671596
39.344584
0 -96.673747
39.347124
0 -96.67564
39.348625
0 -96.679796
39.350722
0 -96.688676
39.358211
0 -96.690361
39.360727
0 -96.690144
39.361838
0 -96.686702
39.364035
0 -96.683891
39.369351
0 -96.684551
39.371222
0 -96.68714
39.372304
0 -96.690797
39.371284
0 -96.692413
39.371318
0 -96.698974
39.376173
0 -96.701988
39.379937
0 -96.707396
39.38331
0 -96.712425
39.388214
0 -96.717544
39.392802
0 -96.720354
39.39585
0 -96.722914
39.399839
0 -96.726667
39.403601
0 -96.726835
39.404495
0 -96.723713
39.403896
0 -96.721764
39.403931
0 -96.719982
39.404715
0 -96.717139
39.40719
0 -96.714886
39.410801
0 -96.714599
39.412138
0 -96.715399
39.416919
0 -96.715148
39.420293
0 -96.715803
39.42104
0 -96.718284
39.421777
0 -96.723085
39.421391
0 -96.726148
39.42282
0 -96.728272
39.425956
0 -96.728327
39.427132
0 -96.72669
39.427762
0 -96.722485
39.427466
0 -96.719367
39.428797
0 -96.715282
39.432107
0 -96.713094
39.43568
0 -96.713251
39.436969
0 -96.714404
39.437692
0 -96.718961
39.439118
0 -96.721052
39.441594
0 -96.721691
39.443848
0 -96.719888
39.446342
0 -96.718464
39.447516
0 -96.715816
39.450716
0 -96.709384
39.459589
0 -96.706722
39.461533
0 -96.70314
39.460636
0 -96.698039
39.457874
0 -96.695311
39.458167
0 -96.690033
39.459905
0 -96.688137
39.461002
0 -96.6876
39.462122
0 -96.689358
39.46435
0 -96.689699
39.468536
0 -96.687662
39.472524
0 -96.68409
39.478797
0 -96.6827
39.481949
0 -96.681477
39.482957
0 -96.678935
39.48341
0 -96.678235
39.481238
0 -96.680577
39.479399
0 -96.681257
39.476855
0 -96.680135
39.475817
0 -96.675325
39.473231
0 -96.673963
39.472918
0 -96.669088
39.474276
0 -96.667793
39.475324
0 -96.665632
39.479746
0 -96.665047
39.4832
0 -96.663633
39.487686
0 -96.660995
39.493405
0 -96.659689
39.49467
0 -96.656024
39.501267
0 -96.652698
39.503371
0 -96.650267
39.506308
0 -96.648546
39.507476
0 -96.64723
39.507309
0 -96.644195
39.505603
0 -96.641626
39.506444
0 -96.639822
39.508853
0 -96.639738
39.510206
0 -96.641857
39.513747
0 -96.644151
39.515805
0 -96.644383
39.518926
0 -96.641362
39.521981
0 -96.636492
39.525517
0 -96.634655
39.529362
0 -96.632884
39.532228
0 -96.630374
39.534855
0 -96.625957
39.537723
0 -96.622874
39.538265
0 -96.619704
39.533259
0 -96.617598
39.53258
0 -96.615134
39.533733
0 -96.610615
39.536802
0 -96.608066
39.538251
0 -96.602972
39.538125
0 -96.596565
39.540273
0 -96.592381
39.543236
0 -96.591984
39.543983
0 -96.592677
39.549406
0 -96.591604
39.552394
0 -96.587948
39.555391
0 -96.585294
39.557743
0 -96.58392
39.559821
0 -96.583107
39.562858
0 -96.583046
39.563158
0 -96.582999
39.565006
0 -96.581764
39.566333
0 -96.587682
39.566332
0 -96.588178
39.566268
0 -96.652314
39.566445
0 -96.657536
39.566342
0 -96.681238
39.566359
0 -96.693971
39.566587
0 -96.702966
39.566419
0 -96.707037
39.566582
0 -96.713245
39.56643
0 -96.735913
39.566476
0 -96.740888
39.566493
0 -96.755601
39.566458
0 -96.790936
39.56635
0 -96.806544
39.566423
0 -96.810073
39.566436
0 -96.825293
39.566434
0 -96.90862
39.566479
0 -96.909242
39.566422
0 -96.918751
39.566419
0 -96.958859
39.5664
0 -96.959221
39.510183
0 -96.959258
39.499255
0 -96.959638
39.48112
0 -96.960257
39.452413
0 -96.960943
39.416107
0 -96.960524
39.39504
0 -96.9607
39.394225
0 -96.960907
39.379232
0 -96.960867
39.379059
0 -96.96087
39.375652
0 -96.960826
39.350416
0 -96.960875
39.335814
0 -96.96091
39.30676
0 -96.96108
39.292553
0 -96.961707
39.241964
0 