-107.625609
36.349743
0 -107.626927
36.3497
0 -107.625607
36.335503
0 -107.625349
36.321281
0 -107.62514
36.308062
0 -107.624845
36.285103
0 -107.624842
36.284804
0 -107.624807
36.282006
0 -107.624839
36.28145
0 -107.6248
36.27802
0 -107.624729
36.271755
0 -107.62464
36.264088
0 -107.624633
36.263479
0 -107.624561
36.256703
0 -107.624565
36.249046
0 -107.624481
36.248163
0 -107.62425
36.219799
0 -107.498628
36.217869
0 -107.475892
36.217816
0 -107.411418
36.217636
0 -107.253878
36.216554
0 -107.053933
36.2164
0 -106.992055
36.21653
0 -106.975047
36.216523
0 -106.938008
36.216559
0 -106.937657
36.216548
0 -106.884989
36.21657
0 -106.886246
36.11785
0 -106.886094
36.096164
0 -106.885415
36.001094
0 -106.885269
35.998967
0 -106.875593
35.998599
0 -106.863509
35.998622
0 -106.832557
35.998666
0 -106.80825
35.998799
0 -106.778265
35.999023
0 -106.714242
35.999475
0 -106.39986
36.001144
0 -106.399576
36.001148
0 -106.39193
36.001334
0 -106.382098
36.000384
0 -106.32971
36.001231
0 -106.247241
36.001517
0 -106.247098
36.000026
0 -106.246991
35.978844
0 -106.246537
35.973314
0 -106.247949
35.966335
0 -106.248096
35.959386
0 -106.245466
35.959346
0 -106.245455
35.948262
0 -106.245439
35.93093
0 -106.166302
35.93076
0 -106.136485
35.930722
0 -106.110024
35.930701
0 -106.109829
35.930702
0 -106.100411
35.930733
0 -106.062512
35.930792
0 -106.054128
35.930783
0 -106.054119
35.960886
0 -106.054117
35.969897
0 -106.054143
35.972872
0 -106.05409
35.985621
0 -106.054082
35.985889
0 -106.057637
35.986748
0 -106.056801
35.98753
0 -106.055885
35.98943
0 -106.063093
35.989639
0 -106.065938
35.989301
0 -106.068016
35.991879
0 -106.06776
35.994301
0 -106.067436
35.994892
0 -106.064898
35.996687
0 -106.071336
35.999458
0 -106.071394
36.002028
0 -106.063196
36.001992
0 -106.063115
36.001991
0 -106.050868
36.002004
0 -106.04203
36.002083
0 -106.041437
36.002087
0 -106.040587
36.002092
0 -106.040522
36.002093
0 -106.031064
36.002079
0 -106.027887
36.002075
0 -106.007495
36.002004
0 -105.987729
36.002084
0 -105.982472
36.002088
0 -105.978687
36.001985
0 -105.96836
36.0021
0 -105.964414
36.002101
0 -105.912629
36.002206
0 -105.902316
36.002197
0 -105.901721
36.002197
0 -105.8791
36.002179
0 -105.854977
36.00203
0 -105.71675
36.002356
0 -105.716726
36.000026
0 -105.717374
35.97876
0 -105.713332
35.977299
0 -105.709569
35.97325
0 -105.709484
35.970838
0 -105.707581
35.968747
0 -105.698866
35.968237
0 -105.694874
35.967542
0 -105.692355
35.965793
0 -105.690665
35.966314
0 -105.687769
35.968959
0 -105.68088
35.968562
0 -105.67963
35.968173
0 -105.670749
35.962903
0 -105.66735
35.962905
0 -105.662981
35.961979
0 -105.662159
35.959976
0 -105.660019
35.958524
0 -105.65171
35.959783
0 -105.64516
35.962163
0 -105.645062
35.966119
0 -105.644402
35.96891
0 -105.640958
35.970953
0 -105.639579
35.97271
0 -105.636996
35.974379
0 -105.636926
35.97515
0 -105.633769
35.97726
0 -105.632109
35.97959
0 -105.627332
35.979068
0 -105.623651
35.977098
0 -105.620891
35.977359
0 -105.618853
35.977087
0 -105.615992
35.975986
0 -105.614666
35.975996
0 -105.60775
35.974873
0 -105.603425
35.973264
0 -105.601021
35.973323
0 -105.597202
35.974011
0 -105.595086
35.975375
0 -105.591782
35.97649
0 -105.591297
35.975515
0 -105.588436
35.973832
0 -105.586398
35.973487
0 -105.582381
35.974013
0 -105.577533
35.973638
0 -105.572388
35.972456
0 -105.571508
35.972641
0 -105.568045
35.973796
0 -105.566324
35.974764
0 -105.562229
35.979055
0 -105.558717
35.981782
0 -105.55752
35.98404
0 -105.554087
35.985129
0 -105.550277
35.98684
0 -105.545983
35.988228
0 -105.545161
35.989067
0 -105.540758
35.99031
0 -105.537116
35.990883
0 -105.5367
35.99148
0 -105.536195
35.99489
0 -105.534631
35.996148
0 -105.533444
35.998543
0 -105.531401
36.00146
0 -105.5301
36.001757
0 -105.532463
36.003639
0 -105.534211
36.007063
0 -105.534211
36.008361
0 -105.533174
36.0106
0 -105.53038
36.013014
0 -105.61309
36.048558
0 -105.625509
36.053288
0 -105.735883
36.100133
0 -105.750574
36.11561
0 -105.759852
36.127581
0 -105.761433
36.12982
0 -105.771666
36.140765
0 -105.805333
36.176337
0 -105.806031
36.176982
0 -105.822075
36.193872
0 -105.83528
36.207719
0 -105.835998
36.208471
0 -105.838076
36.210648
0 -105.838085
36.210659
0 -105.856124
36.229571
0 -105.856855
36.230338
0 -105.856947
36.230434
0 -105.898493
36.244354
0 -105.993254
36.275635
0 -105.999389
36.277728
0 -106.00071
36.27795
0 -106.052349
36.294994
0 -106.058364
36.296978
0 -106.055912
36.299502
0 -106.055943
36.304901
0 -106.049807
36.307427
0 -106.047738
36.309592
0 -106.048517
36.312712
0 -106.043988
36.317129
0 -106.04159
36.320932
0 -106.038316
36.323574
0 -106.03839
36.325528
0 -106.033831
36.327253
0 -106.027088
36.329163
0 -106.025139
36.329112
0 -106.018451
36.327964
0 -106.016678
36.328648
0 -106.016199
36.330128
0 -106.011993
36.331773
0 -106.00855
36.331131
0 -106.006967
36.331523
0 -106.004751
36.331188
0 -106.001836
36.332046
0 -105.998572
36.333658
0 -105.997493
36.335898
0 -105.998096
36.336574
0 -105.996097
36.338055
0 -105.993818
36.338022
0 -105.991878
36.339283
0 -105.988912
36.339708
0 -105.987044
36.340558
0 -105.985339
36.341611
0 -105.98413
36.343108
0 -105.981035
36.343636
0 -105.977615
36.342988
0 -105.974812
36.343644
0 -105.973005
36.344567
0 -105.971648
36.344556
0 -105.970936
36.346453
0 -105.969931
36.347389
0 -105.968544
36.347631
0 -105.965144
36.350173
0 -105.963871
36.35035
0 -105.961414
36.353066
0 -105.960347
36.353552
0 -105.959999
36.356356
0 -105.958663
36.35774
0 -105.95874
36.358729
0 -105.957033
36.360184
0 -105.957045
36.362543
0 -105.955133
36.366864
0 -105.953215
36.368279
0 -105.953854
36.369917
0 -105.951876
36.374517
0 -105.951464
36.379803
0 -105.951922
36.385828
0 -105.952612
36.387467
0 -105.952239
36.390231
0 -105.951521
36.391946
0 -105.951696
36.393295
0 -105.954042
36.396086
0 -105.953428
36.396654
0 -105.953276
36.399818
0 -105.953962
36.403493
0 -105.953254
36.407201
0 -105.954655
36.412563
0 -105.955276
36.413464
0 -105.955468
36.419099
0 -105.95462
36.422309
0 -105.954534
36.42572
0 -105.953797
36.427712
0 -105.953316
36.43117
0 -105.952354
36.434443
0 -105.950682
36.436939
0 -105.950541
36.437878
0 -105.94513
36.446626
0 -105.94462
36.449373
0 -105.943826
36.451068
0 -105.942381
36.452556
0 -105.940397
36.457136
0 -105.938754
36.462402
0 -105.939008
36.46389
0 -105.938469
36.465516
0 -105.938781
36.468745
0 -105.939802
36.470576
0 -105.940284
36.475225
0 -105.940794
36.477217
0 -105.940776
36.483184
0 -105.940202
36.484208
0 -105.940058
36.487264
0 -105.941716
36.493351
0 -105.941754
36.496568
0 -105.944774
36.50504
0 -105.947276
36.509651
0 -105.949672
36.515811
0 -105.95162
36.517357
0 -105.952423
36.51959
0 -105.952686
36.521825
0 -105.952402
36.524906
0 -105.953104
36.528369
0 -105.952475
36.533097
0 -105.952109
36.53383
0 -105.954557
36.535764
0 -105.954172
36.538007
0 -105.954813
36.53916
0 -105.953507
36.54085
0 -105.951266
36.541537
0 -105.949961
36.542591
0 -105.95076
36.544563
0 -105.951758
36.550837
0 -105.952823
36.555919
0 -105.953362
36.561013
0 -105.953959
36.563623
0 -105.954547
36.568955
0 -105.955805
36.573939
0 -105.955673
36.57559
0 -105.958583
36.58195
0 -105.958109
36.583327
0 -105.959631
36.585478
0 -105.962697
36.593384
0 -105.964114
36.598326
0 -105.964005
36.600134
0 -105.964695
36.60294
0 -105.96504
36.606981
0 -105.964592
36.607869
0 -105.964288
36.613176
0 -105.966564
36.618028
0 -105.967006
36.620964
0 -105.970085
36.627859
0 -105.971836
36.632444
0 -105.973204
36.642108
0 -105.972563
36.645473
0 -105.972491
36.648088
0 -105.974891
36.64831
0 -105.976354
36.64741
0 -105.979716
36.647676
0 -105.981629
36.647126
0 -105.984005
36.645479
0 -105.984332
36.659632
0 -105.968312
36.659603
0 -105.968187
36.663299
0 -105.968669
36.665846
0 -105.97083
36.671482
0 -105.970852
36.683111
0 -105.974777
36.692383
0 -105.974888
36.695258
0 -105.975832
36.697229
0 -105.977966
36.699307
0 -105.978754
36.701138
0 -105.978895
36.705096
0 -105.977859
36.705799
0 -105.978214
36.709829
0 -105.978754
36.711319
0 -105.98102
36.712767
0 -105.978422
36.719535
0 -105.977306
36.721757
0 -105.977486
36.723209
0 -105.979069
36.7271
0 -105.979331
36.729665
0 -105.980045
36.742109
0 -105.981514
36.744334
0 -105.982116
36.746394
0 -105.981612
36.750982
0 -105.981037
36.752675
0 -105.980423
36.758883
0 -105.980611
36.760354
0 -105.98225
36.764085
0 -105.982105
36.765084
0 -105.979947
36.767343
0 -105.980439
36.771297
0 -105.980081
36.773371
0 -105.981045
36.779321
0 -105.982145
36.782169
0 -105.982158
36.785367
0 -105.982634
36.787453
0 -105.982281
36.788808
0 -105.983128
36.794354
0 -105.983036
36.796905
0 -105.983454
36.799759
0 -105.983814
36.805664
0 -105.984531
36.811371
0 -105.981565
36.819278
0 -105.981062
36.821787
0 -105.979584
36.82446
0 -105.977958
36.829352
0 -105.97617
36.833025
0 -105.974555
36.837491
0 -105.973736
36.845136
0 -105.972965
36.847224
0 -105.9733
36.852635
0 -105.97309
36.856017
0 -105.973977
36.865804
0 -105.97422
36.866453
0 -105.973449
36.869712
0 -105.973535
36.872612
0 -105.971795
36.883921
0 -105.971889
36.886247
0 -105.972811
36.890605
0 -105.972837
36.892165
0 -105.973532
36.893647
0 -105.974597
36.899259
0 -105.975508
36.902376
0 -105.978465
36.906588
0 -105.978883
36.908094
0 -105.985771
36.920448
0 -105.98495
36.922797
0 -105.985756
36.925443
0 -105.986692
36.930786
0 -105.986331
36.932013
0 -105.98708
36.932775
0 -105.98799
36.940462
0 -105.988945
36.941912
0 -105.990192
36.946053
0 -105.991405
36.946616
0 -105.99313
36.951592
0 -105.995295
36.9556
0 -105.99612
36.958399
0 -105.997323
36.960367
0 -105.998736
36.966876
0 -105.999472
36.968035
0 -106.000374
36.971327
0 -106.003154
36.975064
0 -106.004695
36.976462
0 -106.005046
36.978743
0 -106.006397
36.981411
0 -106.006912
36.986963
0 -106.005794
36.988938
0 -106.005589
36.99176
0 -106.006539
36.992979
0 -106.006634
36.995343
0 -106.099821830837
36.9947590066649
0 -106.201469
36.994122
0 -106.247705
36.994266
0 -106.248675
36.994288
0 -106.293279
36.99389
0 -106.343139
36.99423
0 -106.412085327737
36.9940276932142
0 -106.476229239078
36.9938394779901
0 -106.476280054708
36.9938393288836
0 -106.499764174355
36.9937704202569
0 -106.500589
36.993768
0 -106.617159
36.992967
0 -106.617125
36.993004
0 -106.628652
36.993175
0 -106.628733
36.993161
0 -106.661344
36.993243
0 -106.675626
36.993123
0 -106.750591
36.992461
0 -106.781877981448
36.9924518137716
0 -106.869796
36.992426
0 -106.877292
37.000139
0 -106.895767000603
37.0001344459999
0 -106.956018364576
37.0001195943243
0 -106.985513289771
37.000112323965
0 -107.197245013344
37.0000601330986
0 -107.254954475732
37.0000459079897
0 -107.333768125514
37.0000264807985
0 -107.41106900956
37.000007426497
0 -107.420913
37.000005
0 -107.420915000035
37.0000049999862
0 -107.423016
36.996056
0 -107.424538
36.994923
0 -107.4278
36.993326
0 -107.428684
36.991675
0 -107.42812
36.98872
0 -107.428895
36.987497
0 -107.431453
36.986349
0 -107.431638
36.983122
0 -107.430442
36.981011
0 -107.429811
36.975622
0 -107.428921
36.973968
0 -107.430623
36.970109
0 -107.433085
36.968848
0 -107.437733
36.968466
0 -107.442114
36.966594
0 -107.444491
36.966769
0 -107.447295
36.964708
0 -107.447607
36.961206
0 -107.450568
36.958894
0 -107.455473
36.957469
0 -107.457159
36.954964
0 -107.456718
36.953186
0 -107.453852
36.951499
0 -107.452236
36.949504
0 -107.452407
36.947769
0 -107.449724
36.946218
0 -107.448396
36.944898
0 -107.450655
36.94259
0 -107.453556
36.940342
0 -107.455796
36.93951
0 -107.455083
36.937984
0 -107.454582
36.933504
0 -107.455056
36.931138
0 -107.452432
36.92512
0 -107.451275
36.921208
0 -107.449593
36.91873
0 -107.445692
36.915369
0 -107.445812
36.914505
0 -107.449156
36.911577
0 -107.450291
36.910971
0 -107.451029
36.908901
0 -107.450574
36.905809
0 -107.451445
36.904036
0 -107.455743
36.901423
0 -107.456967
36.898075
0 -107.45943
36.897129
0 -107.461098
36.89767
0 -107.465436
36.895065
0 -107.470211
36.893801
0 -107.473438
36.895059
0 -107.475546
36.894671
0 -107.476818
36.89383
0 -107.479212
36.891184
0 -107.480821
36.889905
0 -107.484506
36.885586
0 -107.487955
36.88343
0 -107.489841
36.882786
0 -107.490948
36.881624
0 -107.490529
36.880902
0 -107.492594
36.876798
0 -107.49414
36.876237
0 -107.496638
36.876668
0 -107.499311
36.878356
0 -107.500605
36.881656
0 -107.502112
36.882584
0 -107.504384
36.881618
0 -107.504789
36.878619
0 -107.50483
36.875267
0 -107.50716
36.875005
0 -107.509933
36.876328
0 -107.515842
36.878466
0 -107.516706
36.878436
0 -107.520895
36.876061
0 -107.522919
36.875468
0 -107.523804
36.872346
0 -107.527931
36.867976
0 -107.530377
36.860946
0 -107.530003
36.858892
0 -107.530462
36.857111
0 -107.529846
36.854354
0 -107.53165
36.853723
0 -107.532413
36.854318
0 -107.539705
36.855582
0 -107.540936
36.854274
0 -107.542655
36.850677
0 -107.544378
36.849417
0 -107.547415
36.849324
0 -107.552411
36.851614
0 -107.554088
36.853016
0 -107.555005
36.855844
0 -107.556763
36.857123
0 -107.559359
36.856724
0 -107.561675
36.855753
0 -107.566119
36.851908
0 -107.565749
36.850302
0 -107.565233
36.849636
0 -107.565219
36.847306
0 -107.566978
36.844393
0 -107.569801
36.842413
0 -107.572277
36.842328
0 -107.575473
36.841444
0 -107.577773
36.838522
0 -107.579961
36.835124
0 -107.581664
36.834629
0 -107.58692
36.835813
0 -107.58958
36.837195
0 -107.592853
36.835303
0 -107.596369
36.834233
0 -107.597983
36.834302
0 -107.599154
36.833421
0 -107.60041
36.830218
0 -107.598375
36.825699
0 -107.601002
36.82205
0 -107.60132
36.820767
0 -107.599805
36.815287
0 -107.597039
36.81522
0 -107.594715
36.815901
0 -107.591977
36.814673
0 -107.591584
36.813811
0 -107.593312
36.810865
0 -107.594312
36.810282
0 -107.599683
36.810313
0 -107.604887
36.811529
0 -107.606488
36.810897
0 -107.607845
36.808024
0 -107.60773
36.806162
0 -107.605698
36.802651
0 -107.603187
36.800244
0 -107.603445
36.799002
0 -107.605517
36.798039
0 -107.609726
36.798563
0 -107.614078
36.800369
0 -107.616318
36.802577
0 -107.618348
36.804739
0 -107.618596
36.797659
0 -107.618215
36.792961
0 -107.618396
36.766421
0 -107.618803
36.749949
0 -107.618591
36.746993
0 -107.619168
36.675349
0 -107.623363
36.675169
0 -107.623389
36.641992
0 -107.623406
36.626953
0 -107.623404
36.617701
0 -107.624879
36.566271
0 -107.625608
36.500009
0 -107.625997
36.496179
0 -107.626777
36.437587
0 -107.626161
36.426729
0 -107.625609
36.423859
0 -107.625577
36.420264
0 -107.623714
36.393257
0 -107.625139
36.357123
0 -107.625609
36.352479
0 -107.625609
36.349743
0 