-79.220961
38.48059
0 -79.2241919763743
38.4777632388093
0 -79.07315
38.393588
0 -79.067694
38.390552
0 -79.024508
38.36625
0 -78.999751
38.352709
0 -78.996338
38.350631
0 -78.980268
38.341476
0 -78.930714
38.313649
0 -78.930178
38.313348
0 -78.923431
38.309544
0 -78.915559
38.304876
0 -78.914308
38.304328
0 -78.911538
38.30334
0 -78.905991
38.304179
0 -78.903013
38.305679
0 -78.895591
38.306062
0 -78.894141
38.306692
0 -78.893198
38.30652
0 -78.888025
38.303597
0 -78.884144
38.299744
0 -78.878962
38.298163
0 -78.87679
38.294844
0 -78.873292
38.29118
0 -78.871264
38.288513
0 -78.868235
38.287923
0 -78.865379
38.286784
0 -78.862212
38.284383
0 -78.859106
38.281404
0 -78.85648
38.279458
0 -78.854182
38.27838
0 -78.854076
38.278239
0 -78.836652
38.265897
0 -78.833934
38.263945
0 -78.830755
38.261716
0 -78.830663
38.261638
0 -78.825963
38.258301
0 -78.823914
38.256846
0 -78.823573
38.256604
0 -78.821041
38.254748
0 -78.820518
38.254435
0 -78.810865
38.247807
0 -78.749354
38.206621
0 -78.746415
38.211546
0 -78.745147
38.214275
0 -78.742329
38.21752
0 -78.740629
38.218849
0 -78.73777
38.219233
0 -78.731732
38.224568
0 -78.729988
38.226856
0 -78.726575
38.229263
0 -78.726605
38.229864
0 -78.726952
38.230939
0 -78.724746
38.232755
0 -78.722513
38.233016
0 -78.721112
38.234317
0 -78.715722
38.235909
0 -78.711428
38.238473
0 -78.710711
38.24051
0 -78.710088
38.242396
0 -78.706853
38.244592
0 -78.706602
38.246449
0 -78.704424
38.247008
0 -78.702269
38.24617
0 -78.697778
38.24574
0 -78.69305
38.247228
0 -78.689863
38.248784
0 -78.689367
38.249753
0 -78.686402
38.25143
0 -78.685336
38.25268
0 -78.681863
38.254897
0 -78.679356
38.254588
0 -78.676042
38.252947
0 -78.674483
38.250428
0 -78.672251
38.24834
0 -78.669815
38.247271
0 -78.668746
38.250619
0 -78.665257
38.251877
0 -78.662291
38.253437
0 -78.659737
38.255965
0 -78.659062
38.25797
0 -78.656588
38.259016
0 -78.655347
38.26026
0 -78.657602
38.260635
0 -78.659771
38.262481
0 -78.662155
38.263643
0 -78.662525
38.264775
0 -78.664857
38.265249
0 -78.666175
38.266118
0 -78.664117
38.266996
0 -78.661373
38.268822
0 -78.660759
38.270834
0 -78.661986
38.271672
0 -78.663934
38.276698
0 -78.663174
38.277923
0 -78.662083
38.28057
0 -78.660245
38.282149
0 -78.659011
38.284964
0 -78.659111
38.286625
0 -78.656205
38.289127
0 -78.654875
38.29099
0 -78.651896
38.293645
0 -78.647362
38.292488
0 -78.643547
38.292326
0 -78.641931
38.291435
0 -78.639193
38.290582
0 -78.637189
38.290999
0 -78.633246
38.292907
0 -78.630097
38.297663
0 -78.62937
38.299563
0 -78.626786
38.300749
0 -78.622112
38.30212
0 -78.620339
38.303398
0 -78.616692
38.303559
0 -78.610403
38.305528
0 -78.603447
38.306617
0 -78.602468
38.307232
0 -78.602267
38.312899
0 -78.60116
38.314828
0 -78.597957
38.316335
0 -78.59531
38.319114
0 -78.595465
38.320705
0 -78.592598
38.320926
0 -78.59053
38.323018
0 -78.587839
38.324854
0 -78.581185
38.32578
0 -78.579755
38.328226
0 -78.573939
38.328779
0 -78.572443
38.327993
0 -78.568752
38.328074
0 -78.56573
38.329055
0 -78.565204
38.330994
0 -78.559814
38.331235
0 -78.557898
38.331917
0 -78.551491
38.336315
0 -78.552915
38.339899
0 -78.552849
38.344638
0 -78.553971
38.34686
0 -78.554286
38.349116
0 -78.546843
38.352806
0 -78.54697
38.354716
0 -78.545752
38.357075
0 -78.54367
38.358695
0 -78.544451
38.359298
0 -78.545086
38.362448
0 -78.543191
38.364716
0 -78.538448
38.366144
0 -78.532036
38.366307
0 -78.526373
38.367996
0 -78.524995
38.369471
0 -78.522705
38.369711
0 -78.524805
38.370256
0 -78.526426
38.371792
0 -78.526427
38.372777
0 -78.524812
38.376058
0 -78.522341
38.37991
0 -78.518411
38.381797
0 -78.518651
38.383854
0 -78.517186
38.385581
0 -78.517099
38.389015
0 -78.516349
38.392268
0 -78.515355
38.393804
0 -78.514399
38.394518
0 -78.510094
38.393025
0 -78.508056
38.393412
0 -78.505186
38.395649
0 -78.502478
38.396759
0 -78.498921
38.400192
0 -78.498629
38.403282
0 -78.494043
38.406495
0 -78.492918
38.40652
0 -78.494271
38.409237
0 -78.493362
38.410706
0 -78.491217
38.41249
0 -78.489237
38.415024
0 -78.486794
38.415711
0 -78.486892
38.420598
0 -78.486003
38.421486
0 -78.538028
38.429673
0 -78.538
38.429009
0 -78.539767
38.427054
0 -78.541771
38.426132
0 -78.544451
38.42638
0 -78.548053
38.426144
0 -78.550097
38.429444
0 -78.550425
38.431147
0 -78.551786
38.433327
0 -78.551869
38.434694
0 -78.553439
38.436747
0 -78.553997
38.439498
0 -78.554849
38.440207
0 -78.554297
38.441224
0 -78.554863
38.443155
0 -78.557487
38.445313
0 -78.558186
38.446725
0 -78.559275
38.44723
0 -78.561027
38.446917
0 -78.565363
38.447559
0 -78.573009
38.450145
0 -78.574832
38.452248
0 -78.576766
38.453396
0 -78.579364
38.453917
0 -78.582702
38.455245
0 -78.586368
38.455684
0 -78.590935
38.455096
0 -78.594992
38.455534
0 -78.596725
38.456966
0 -78.59764
38.4588
0 -78.599107
38.459997
0 -78.603675
38.461116
0 -78.605142
38.461824
0 -78.610379
38.461075
0 -78.611825
38.463413
0 -78.617651
38.464566
0 -78.622409
38.46566
0 -78.623057
38.465909
0 -78.62288
38.466548
0 -78.618402
38.471384
0 -78.617723
38.472523
0 -78.617787
38.474646
0 -78.619297
38.476448
0 -78.627067
38.481212
0 -78.627934
38.481325
0 -78.632141
38.485432
0 -78.632649
38.486611
0 -78.632545
38.490218
0 -78.630304
38.494497
0 -78.630769
38.49484
0 -78.632858
38.496813
0 -78.636051
38.497306
0 -78.640215
38.494748
0 -78.642636
38.494315
0 -78.644904
38.492484
0 -78.647279
38.492396
0 -78.64831
38.492938
0 -78.651602
38.493018
0 -78.671189
38.501414
0 -78.682121
38.506104
0 -78.691312
38.510008
0 -78.691145
38.511211
0 -78.689423
38.513227
0 -78.687773
38.516
0 -78.685184
38.519015
0 -78.684987
38.520872
0 -78.683601
38.522804
0 -78.682038
38.52389
0 -78.680458
38.526227
0 -78.679138
38.52948
0 -78.675729
38.533996
0 -78.67559
38.535667
0 -78.673367
38.539339
0 -78.670874
38.545404
0 -78.669865
38.549356
0 -78.668142
38.553469
0 -78.666465
38.560815
0 -78.666446
38.562332
0 -78.665394
38.564108
0 -78.664418
38.568181
0 -78.663585
38.569471
0 -78.663102
38.572202
0 -78.662141
38.573799
0 -78.658322
38.583494
0 -78.656741
38.586266
0 -78.654389
38.591747
0 -78.651189
38.596832
0 -78.648178
38.600834
0 -78.646296
38.602656
0 -78.64289
38.603531
0 -78.641769
38.604719
0 -78.668542
38.623637
0 -78.686151
38.635791
0 -78.701678
38.646351
0 -78.705387
38.648837
0 -78.741646
38.673042
0 -78.746433
38.676706
0 -78.749743
38.678945
0 -78.750612
38.679359
0 -78.7518
38.680087
0 -78.775495
38.697142
0 -78.794346
38.710049
0 -78.800176
38.714201
0 -78.869276
38.762991
0 -78.8960112634064
38.781664162744
0 -78.991303909122
38.8482210189345
0 -78.993997
38.850102
0 -78.994852713204
38.8495384265458
0 -78.998171
38.847353
0 -79.000252
38.845412
0 -78.998863
38.840962
0 -78.999014
38.840074
0 -79.002352
38.836512
0 -79.005152
38.829912
0 -79.006352
38.826112
0 -79.006152
38.824512
0 -79.006552
38.823712
0 -79.007952
38.822312
0 -79.011952
38.820412
0 -79.016752
38.820012
0 -79.019553
38.817912
0 -79.024053
38.809212
0 -79.024453
38.803712
0 -79.023453
38.802612
0 -79.023053
38.798613
0 -79.027253
38.792113
0 -79.029253
38.791013
0 -79.033153
38.791013
0 -79.046554
38.792113
0 -79.048954
38.790713
0 -79.054954
38.785713
0 -79.055654
38.783013
0 -79.054354
38.780613
0 -79.052454
38.779213
0 -79.051654
38.778013
0 -79.051254
38.773913
0 -79.051554
38.772613
0 -79.053754
38.772313
0 -79.055654
38.770913
0 -79.056754
38.766513
0 -79.057253
38.761413
0 -79.057554
38.760213
0 -79.060954
38.756713
0 -79.064854
38.754413
0 -79.072555
38.747513
0 -79.0727125735111
38.7452289719566
0 -79.072755
38.744614
0 -79.073855
38.742114
0 -79.076555
38.739214
0 -79.079655
38.734714
0 -79.081955
38.729714
0 -79.085455
38.724614
0 -79.087255
38.720114
0 -79.086555
38.716015
0 -79.092755
38.702315
0 -79.092555
38.700149
0 -79.092271
38.699208
0 -79.090755
38.692515
0 -79.088055
38.690115
0 -79.085555
38.688816
0 -79.084355
38.686516
0 -79.087855
38.673816
0 -79.091055
38.669316
0 -79.092246
38.668114
0 -79.09260482334
38.6643791354515
0 -79.092755
38.662816
0 -79.092843615954
38.6613542798396
0 -79.092955
38.659517
0 -79.106356
38.656217
0 -79.111556
38.659717
0 -79.113454
38.659718
0 -79.115955
38.658809
0 -79.120256
38.660216
0 -79.122256
38.659817
0 -79.12301
38.659335
0 -79.123657
38.657917
0 -79.123556
38.656717
0 -79.124056
38.656117
0 -79.125856
38.655217
0 -79.128857
38.655517
0 -79.129757
38.655017
0 -79.131057
38.653217
0 -79.1316893807884
38.6513957433293
0 -79.133557
38.646017
0 -79.135472
38.644057
0 -79.135546
38.643715
0 -79.136374
38.6424
0 -79.137012
38.640655
0 -79.137557
38.638017
0 -79.139657
38.637217
0 -79.142657
38.634417
0 -79.146741
38.625819
0 -79.146974
38.625641
0 -79.151257
38.620618
0 -79.155355
38.611225
0 -79.155557
38.609218
0 -79.154357
38.606518
0 -79.159158
38.601219
0 -79.158957
38.594519
0 -79.158257
38.593919
0 -79.158657
38.592319
0 -79.163458
38.583119
0 -79.1673213887043
38.5793395980066
0 -79.1679784969814
38.5786967746921
0 -79.168058
38.578619
0 -79.170858
38.574119
0 -79.171658
38.57162
0 -79.170658
38.56922
0 -79.170958
38.56812
0 -79.1741369059242
38.5666987052578
0 -79.174512
38.566531
0 -79.174881
38.566314
0 -79.176658
38.56552
0 -79.180858
38.55992
0 -79.184058
38.55152
0 -79.188958
38.54742
0 -79.193458
38.542421
0 -79.196959
38.536721
0 -79.201459
38.527821
0 -79.205859
38.524521
0 -79.210959
38.507422
0 -79.206959
38.503522
0 -79.207884
38.500428
0 -79.207873
38.500122
0 -79.209703
38.495574
0 -79.210008
38.494283
0 -79.210026
38.494231
0 -79.210591
38.492913
0 -79.215212
38.489261
0 -79.219067
38.487441
0 -79.221406
38.484837
0 -79.22111656966
38.4820747288677
0 -79.220961
38.48059
0 