-84.502932
37.328801
0 -84.502505
37.328533
0 -84.500289
37.327143
0 -84.468665
37.298952
0 -84.446286
37.27905
0 -84.436729
37.271858
0 -84.426518
37.264176
0 -84.303488
37.166352
0 -84.300475
37.16394
0 -84.29478
37.161533
0 -84.292078
37.16091
0 -84.290515
37.156844
0 -84.290856
37.154045
0 -84.289076
37.15174
0 -84.288581
37.152366
0 -84.287966
37.158106
0 -84.288381
37.16117
0 -84.289248
37.162565
0 -84.294848
37.163607
0 -84.296732
37.164578
0 -84.299686
37.167746
0 -84.299886
37.170582
0 -84.296793
37.171337
0 -84.292992
37.171905
0 -84.289487
37.172052
0 -84.28481
37.172903
0 -84.282138
37.174714
0 -84.278515
37.176552
0 -84.277932
37.177228
0 -84.277362
37.17749
0 -84.273952
37.178595
0 -84.269951
37.178771
0 -84.268594
37.179183
0 -84.265629
37.181708
0 -84.266454
37.184349
0 -84.26757
37.185287
0 -84.268822
37.185481
0 -84.269912
37.186125
0 -84.272534
37.185995
0 -84.276672
37.186531
0 -84.278792
37.187753
0 -84.279766
37.193555
0 -84.280989
37.197471
0 -84.280048
37.199038
0 -84.274063
37.200959
0 -84.270453
37.201095
0 -84.266464
37.20018
0 -84.263962
37.200616
0 -84.260131
37.204081
0 -84.258941
37.205821
0 -84.260902
37.207171
0 -84.271264
37.211562
0 -84.271861
37.212065
0 -84.271654
37.213849
0 -84.270607
37.214363
0 -84.264324
37.216241
0 -84.262828
37.217912
0 -84.265236
37.219696
0 -84.267229
37.222412
0 -84.266719
37.223551
0 -84.264694
37.225241
0 -84.262324
37.225939
0 -84.258395
37.227716
0 -84.257391
37.22931
0 -84.2573
37.233587
0 -84.25609
37.236562
0 -84.254315
37.239082
0 -84.251943
37.240354
0 -84.250535
37.239873
0 -84.249364
37.236335
0 -84.248037
37.233926
0 -84.245328
37.230966
0 -84.24103
37.228586
0 -84.237517
37.229114
0 -84.235947
37.231069
0 -84.236507
37.233962
0 -84.238279
37.235179
0 -84.239698
37.238566
0 -84.239302
37.24027
0 -84.239242
37.240523
0 -84.239176
37.241866
0 -84.23757
37.244228
0 -84.235155
37.246152
0 -84.233992
37.247855
0 -84.232889
37.248327
0 -84.229731
37.247926
0 -84.229213
37.24704
0 -84.228921
37.242834
0 -84.228234
37.241669
0 -84.224086
37.238839
0 -84.222633
37.238926
0 -84.217827
37.242432
0 -84.217719
37.244838
0 -84.216241
37.280256
0 -84.217367
37.283093
0 -84.216042
37.283277
0 -84.215607
37.281948
0 -84.211488
37.280648
0 -84.210185
37.279822
0 -84.207458
37.279619
0 -84.201574
37.280059
0 -84.199562
37.281435
0 -84.199364
37.284106
0 -84.198474
37.285302
0 -84.196519
37.286015
0 -84.192136
37.285167
0 -84.190483
37.285545
0 -84.189261
37.286986
0 -84.187118
37.292586
0 -84.186507
37.293168
0 -84.182503
37.294666
0 -84.180836
37.29605
0 -84.178782
37.299279
0 -84.180442
37.302344
0 -84.180097
37.303955
0 -84.174101
37.30479
0 -84.172791
37.305356
0 -84.171565
37.307066
0 -84.170317
37.305493
0 -84.171773
37.300894
0 -84.170581
37.29988
0 -84.167439
37.299918
0 -84.164821
37.300869
0 -84.163387
37.300556
0 -84.162451
37.29792
0 -84.159852
37.300939
0 -84.159906
37.302864
0 -84.157846
37.303445
0 -84.153704
37.302222
0 -84.14855
37.302452
0 -84.146778
37.303776
0 -84.147308
37.306015
0 -84.150435
37.307798
0 -84.152529
37.310076
0 -84.150701
37.310703
0 -84.144832
37.309208
0 -84.141392
37.309328
0 -84.139015
37.309056
0 -84.137218
37.309918
0 -84.135861
37.312035
0 -84.135686
37.313283
0 -84.137898
37.319759
0 -84.140466
37.321072
0 -84.141828
37.323092
0 -84.141774
37.324788
0 -84.142929
37.325948
0 -84.145603
37.326771
0 -84.145933
37.327477
0 -84.144368
37.330749
0 -84.14116
37.329726
0 -84.138905
37.32991
0 -84.136816
37.329384
0 -84.135089
37.3325
0 -84.136039
37.335307
0 -84.138103
37.336365
0 -84.14136
37.339399
0 -84.141919
37.340296
0 -84.140792
37.344312
0 -84.142304
37.345178
0 -84.140871
37.345501
0 -84.137703
37.344564
0 -84.135836
37.34296
0 -84.135132
37.343017
0 -84.133775
37.344143
0 -84.133676
37.347598
0 -84.132823
37.348906
0 -84.133654
37.349933
0 -84.135822
37.350259
0 -84.140681
37.349669
0 -84.141722
37.35014
0 -84.14302
37.352341
0 -84.139825
37.35344
0 -84.132145
37.356637
0 -84.131003
37.356427
0 -84.129105
37.35739
0 -84.130952
37.361312
0 -84.135626
37.364367
0 -84.134441
37.366422
0 -84.136285
37.367697
0 -84.138781
37.368397
0 -84.145593
37.368576
0 -84.149096
37.371197
0 -84.156243
37.374568
0 -84.157577
37.377359
0 -84.158694
37.378262
0 -84.160937
37.378611
0 -84.163126
37.381216
0 -84.166617
37.381106
0 -84.166588
37.383431
0 -84.167238
37.384368
0 -84.169481
37.385406
0 -84.169723
37.386069
0 -84.168992
37.387852
0 -84.16967
37.393603
0 -84.169375
37.396642
0 -84.167851
37.399674
0 -84.166077
37.400916
0 -84.16614
37.402543
0 -84.16387
37.404715
0 -84.164026
37.408291
0 -84.163168
37.410999
0 -84.160681
37.412931
0 -84.159285
37.417369
0 -84.161423
37.419083
0 -84.163906
37.422089
0 -84.167063
37.422958
0 -84.169547
37.426225
0 -84.168942
37.429849
0 -84.171386
37.432
0 -84.173019
37.432638
0 -84.174011
37.435025
0 -84.17544
37.436175
0 -84.175653
37.437653
0 -84.17691
37.440127
0 -84.17533
37.440887
0 -84.17692
37.4412
0 -84.179673
37.444145
0 -84.183043
37.445426
0 -84.184375
37.448089
0 -84.183958
37.450613
0 -84.182454
37.452848
0 -84.18293
37.454862
0 -84.184683
37.455799
0 -84.188049
37.455721
0 -84.189256
37.456842
0 -84.188759
37.459684
0 -84.190767
37.464954
0 -84.193019
37.46638
0 -84.193521
37.469149
0 -84.194628
37.472588
0 -84.19437
37.473456
0 -84.196339
37.475211
0 -84.196198
37.477696
0 -84.198127
37.479308
0 -84.198764
37.481648
0 -84.20011
37.483523
0 -84.203552
37.486177
0 -84.204058
37.487858
0 -84.204057
37.490437
0 -84.203781
37.491089
0 -84.200756
37.493473
0 -84.200161
37.495711
0 -84.201482
37.496509
0 -84.203609
37.498796
0 -84.204227
37.502039
0 -84.205306
37.503062
0 -84.204291
37.504883
0 -84.204781
37.507591
0 -84.204152
37.511564
0 -84.202186
37.512968
0 -84.200509
37.512865
0 -84.199282
37.513514
0 -84.198208
37.515307
0 -84.199053
37.516795
0 -84.198819
37.518479
0 -84.199978
37.520984
0 -84.200044
37.522007
0 -84.199489
37.522858
0 -84.206245
37.523852
0 -84.2122
37.523975
0 -84.215035
37.525642
0 -84.217341
37.525874
0 -84.219324
37.525033
0 -84.219652
37.525784
0 -84.222003
37.527189
0 -84.22422
37.527189
0 -84.229128
37.524854
0 -84.229941
37.522753
0 -84.232695
37.521401
0 -84.233895
37.519813
0 -84.235185
37.519794
0 -84.236318
37.521585
0 -84.239732
37.523797
0 -84.244481
37.524057
0 -84.248397
37.524797
0 -84.251219
37.524264
0 -84.253338
37.523175
0 -84.254171
37.521945
0 -84.255106
37.518921
0 -84.255912
37.518147
0 -84.259385
37.517531
0 -84.262977
37.515569
0 -84.266055
37.515994
0 -84.268648
37.515568
0 -84.269986
37.519671
0 -84.272434
37.520544
0 -84.274038
37.522194
0 -84.27813
37.52366
0 -84.280533
37.522929
0 -84.281301
37.523825
0 -84.286933
37.524608
0 -84.292197
37.523073
0 -84.294122
37.523455
0 -84.298909
37.522562
0 -84.301932
37.523431
0 -84.301152
37.52615
0 -84.302549
37.527892
0 -84.302531
37.529994
0 -84.300648
37.530043
0 -84.299938
37.532318
0 -84.298411
37.533578
0 -84.298557
37.535113
0 -84.300132
37.535208
0 -84.301277
37.536284
0 -84.302293
37.536071
0 -84.303929
37.537424
0 -84.307067
37.535119
0 -84.307247
37.530971
0 -84.308875
37.530163
0 -84.309313
37.529031
0 -84.313179
37.528278
0 -84.316266
37.529856
0 -84.318283
37.533106
0 -84.317419
37.534795
0 -84.320304
37.538187
0 -84.323057
37.539098
0 -84.324732
37.53871
0 -84.325532
37.537275
0 -84.326989
37.537466
0 -84.329955
37.539518
0 -84.332917
37.537667
0 -84.334632
37.538098
0 -84.336546
37.536082
0 -84.338209
37.536992
0 -84.339455
37.536754
0 -84.342061
37.537583
0 -84.344627
37.539876
0 -84.347805
37.539064
0 -84.349215
37.537566
0 -84.348036
37.53672
0 -84.34868
37.534398
0 -84.35086
37.534492
0 -84.349975
37.530471
0 -84.350865
37.527358
0 -84.35278
37.524524
0 -84.353542
37.521599
0 -84.357926
37.518011
0 -84.359072
37.516474
0 -84.360894
37.515732
0 -84.360212
37.514801
0 -84.361319
37.51367
0 -84.359683
37.510045
0 -84.359508
37.50801
0 -84.358452
37.507048
0 -84.358919
37.505672
0 -84.355807
37.50392
0 -84.354327
37.50176
0 -84.355239
37.500453
0 -84.35474
37.499435
0 -84.355538
37.49794
0 -84.357526
37.497209
0 -84.357468
37.49495
0 -84.361176
37.491397
0 -84.362332
37.489319
0 -84.362051
37.488429
0 -84.364983
37.48615
0 -84.366432
37.485927
0 -84.36639
37.483198
0 -84.367774
37.480744
0 -84.368751
37.481144
0 -84.370439
37.480085
0 -84.371879
37.476411
0 -84.373325
37.475276
0 -84.373286
37.473912
0 -84.37444
37.472663
0 -84.446719
37.485893
0 -84.465848
37.434615
0 -84.476154
37.405237
0 -84.483783
37.383383
0 -84.502932
37.328801
0 