-74.216376
41.156188
0 -74.234473
41.142883
0 -74.2132103666368
41.1341922767499
0 -74.206695222776
41.1315293275628
0 -74.1953483876671
41.1268915105055
0 -74.18239
41.121595
0 -74.1627012650141
41.1129013116942
0 -74.1583048714496
41.1109600556741
0 -74.1500574751712
41.1073183644923
0 -74.1498606761537
41.107231466613
0 -74.1465813979726
41.1057834801174
0 -74.1425220440736
41.103991046142
0 -74.1294260249085
41.0982084141573
0 -74.127243519023
41.0972447145642
0 -74.120804007501
41.0944013065923
0 -74.1207999207891
41.0943995020783
0 -74.1037897886692
41.0868885681966
0 -74.0968842207579
41.083839370011
0 -74.096786
41.083796
0 -74.0926420257918
41.081964941629
0 -74.092486
41.081896
0 -74.0912658631398
41.0813549189317
0 -74.0912421513464
41.0813444037158
0 -74.0817250021555
41.0771239351603
0 -74.0817197215069
41.0771215934074
0 -74.0719550301677
41.0727913499779
0 -74.0678918326591
41.0709894871537
0 -74.0572396043522
41.0662656571797
0 -74.0572368208942
41.0662644228293
0 -74.0508612591911
41.0634371205403
0 -74.041054
41.059088
0 -74.041049
41.059086
0 -74.0372831280377
41.0574011841786
0 -74.0294705577142
41.053905913437
0 -74.0258472191655
41.052284865729
0 -74.0245669288735
41.0517120758516
0 -74.0135383260931
41.0467779823301
0 -74.0125835544388
41.0463508264403
0 -73.9939572815336
41.038017606512
0 -73.9773713761664
41.0305972278974
0 -73.9670744044022
41.0259904592356
0 -73.9666470891575
41.0257992824
0 -73.9591123014156
41.0224282889819
0 -73.9530653260279
41.019722928867
0 -73.9519197085691
41.0192103903529
0 -73.945287705613
41.016243294387
0 -73.9452212074962
41.0162135437527
0 -73.9384366924875
41.0131782153238
0 -73.9220922399263
41.0058658604317
0 -73.9203372461027
41.0050806926432
0 -73.91188
41.001297
0 -73.907054
40.998476
0 -73.90501
40.997591
0 -73.90268
40.997297
0 -73.893979
40.997197
0 -73.893579
41.005297
0 -73.890079
41.022597
0 -73.889915
41.025749
0 -73.88938
41.037597
0 -73.89028
41.045196
0 -73.89038
41.045796
0 -73.89388
41.057896
0 -73.89448
41.064596
0 -73.89478
41.070496
0 -73.894777
41.070791
0 -73.89488
41.082396
0 -73.89378
41.093296
0 -73.891417
41.107318
0 -73.890866
41.110583
0 -73.88758
41.128795
0 -73.88718
41.133095
0 -73.887397
41.136861
0 -73.88748
41.138295
0 -73.88948
41.145095
0 -73.892481
41.150595
0 -73.895381
41.153995
0 -73.899681
41.157295
0 -73.906581
41.161895
0 -73.909281
41.164395
0 -73.911681
41.167795
0 -73.914381
41.174195
0 -73.921697
41.186288
0 -73.925682
41.195194
0 -73.927229
41.198038
0 -73.931482
41.204994
0 -73.935982
41.209894
0 -73.936782
41.210814
0 -73.939983
41.214494
0 -73.944683
41.219594
0 -73.947965
41.223101
0 -73.950947
41.226346
0 -73.953283
41.228994
0 -73.957983
41.231694
0 -73.961383
41.234194
0 -73.960783
41.239394
0 -73.961283
41.241994
0 -73.964142
41.243851
0 -73.970784
41.247893
0 -73.971984
41.251493
0 -73.972284
41.256193
0 -73.971484
41.259593
0 -73.969684
41.263193
0 -73.966884
41.267193
0 -73.964184
41.269993
0 -73.957183
41.276393
0 -73.952045
41.280736
0 -73.947483
41.284593
0 -73.945783
41.287593
0 -73.946583
41.290993
0 -73.949083
41.292593
0 -73.955183
41.294993
0 -73.964483
41.299693
0 -73.966983
41.301693
0 -73.971784
41.307293
0 -73.977484
41.312093
0 -73.980984
41.314193
0 -73.983284
41.317393
0 -73.982584
41.321693
0 -73.981384
41.324693
0 -73.984951
41.322204
0 -73.988372
41.319982
0 -73.991484
41.317493
0 -74.024113
41.294502
0 -74.026885
41.292693
0 -74.069505
41.261794
0 -74.09884
41.2408
0 -74.104399
41.236845
0 -74.107986
41.234292
0 -74.11417
41.230086
0 -74.116588
41.228094
0 -74.125389
41.221894
0 -74.143328
41.208916
0 -74.151001
41.203462
0 -74.161789
41.195794
0 -74.18572
41.178695
0 -74.186359
41.178207
0 -74.193985
41.172482
0 -74.211349
41.159628
0 -74.216376
41.156188
0 