-100.000396198329
35.8809479999968
0 -100.000394036975
35.7461530002767
0 -100.000392093753
35.6249619999825
0 -100.000392
35.619115
0 -100.000390930799
35.5524559997078
0 -100.000388942771
35.4285129531919
0 -100.000388844143
35.4223639883094
0 -99.946861
35.422329
0 -99.876345
35.422182
0 -99.787868
35.422151
0 -99.787628
35.422151
0 -99.784735
35.422151
0 -99.601927
35.421573
0 -99.60182
35.421573
0 -99.593456
35.421544
0 -99.57582
35.421655
0 -99.575798
35.478545
0 -99.575913
35.493914
0 -99.575914
35.494017
0 -99.575959
35.500049
0 -99.575598
35.508861
0 -99.558347
35.508879
0 -99.500375
35.508842
0 -99.499485
35.509076
0 -99.487398
35.509099
0 -99.469903
35.508992
0 -99.452607
35.508913
0 -99.417397
35.509061
0 -99.364141
35.508793
0 -99.364147
35.516031
0 -99.364129
35.55172
0 -99.377052
35.551741
0 -99.376944
35.62445
0 -99.376922
35.631832
0 -99.376907
35.638871
0 -99.376723
35.702949
0 -99.376653
35.704451
0 -99.376677
35.711008
0 -99.376565
35.740099
0 -99.376327
35.754084
0 -99.376289
35.768819
0 -99.376256
35.775677
0 -99.376254
35.776098
0 -99.375817
35.812188
0 -99.375831
35.898754
0 -99.381082
35.89883
0 -99.380946
35.971363
0 -99.381019
36.012726
0 -99.381022
36.012925
0 -99.383472
36.013668
0 -99.386361
36.01317
0 -99.389632
36.013281
0 -99.396438
36.012505
0 -99.399515
36.011905
0 -99.40763
36.012519
0 -99.411516
36.012442
0 -99.42215
36.011926
0 -99.425517
36.011393
0 -99.431171
36.009571
0 -99.437206
36.00818
0 -99.446522
36.006987
0 -99.45189
36.005508
0 -99.458844
36.002378
0 -99.462871
36.000046
0 -99.46695
35.994654
0 -99.469779
35.991234
0 -99.477493
35.985731
0 -99.479424
35.985473
0 -99.4852
35.986289
0 -99.488105
35.984542
0 -99.49368
35.979679
0 -99.495812
35.978732
0 -99.496025
35.977734
0 -99.497926
35.975233
0 -99.499264
35.972142
0 -99.499566
35.968948
0 -99.500316
35.967035
0 -99.505396
35.957778
0 -99.506037
35.948902
0 -99.508937
35.945855
0 -99.509273
35.943745
0 -99.50899
35.941367
0 -99.509243
35.939224
0 -99.511108
35.936813
0 -99.511702
35.934407
0 -99.513897
35.927671
0 -99.515306
35.925796
0 -99.524698
35.91987
0 -99.525692
35.918463
0 -99.531652
35.913374
0 -99.534175
35.9116
0 -99.53486
35.909629
0 -99.53594
35.908434
0 -99.538625
35.906762
0 -99.544393
35.902584
0 -99.549632
35.90022
0 -99.55067
35.898894
0 -99.551903
35.896337
0 -99.55214
35.894803
0 -99.549713
35.887218
0 -99.549715
35.886046
0 -99.550337
35.88484
0 -99.555055
35.878979
0 -99.556631
35.875046
0 -99.557784
35.868771
0 -99.558486
35.865988
0 -99.560717
35.863977
0 -99.561915
35.863374
0 -99.56807
35.862638
0 -99.577363
35.85959
0 -99.580626
35.858886
0 -99.583683
35.858853
0 -99.58757
35.857864
0 -99.596043
35.857232
0 -99.601795
35.855905
0 -99.605489
35.853189
0 -99.607181
35.850976
0 -99.610942
35.847454
0 -99.615148
35.844973
0 -99.617666
35.84286
0 -99.620556
35.841955
0 -99.624397
35.84296
0 -99.629657
35.842563
0 -99.634971
35.843104
0 -99.640452
35.845354
0 -99.642512
35.845825
0 -99.649969
35.849215
0 -99.653183
35.850123
0 -99.664425
35.851805
0 -99.677824
35.851008
0 -99.681409
35.85101
0 -99.685489
35.851749
0 -99.68792
35.85289
0 -99.693815
35.854501
0 -99.702717
35.85628
0 -99.717101
35.859769
0 -99.722709
35.86255
0 -99.723885
35.86568
0 -99.726087
35.867672
0 -99.7274
35.870309
0 -99.727821
35.868611
0 -99.729391
35.870291
0 -99.738381
35.875044
0 -99.742386
35.879687
0 -99.746429
35.881961
0 -99.750389
35.882729
0 -99.753292
35.882626
0 -99.759187
35.88088
0 -99.761084
35.880745
0 -99.763807
35.881412
0 -99.766996
35.882645
0 -99.76822
35.883841
0 -99.77234
35.886301
0 -99.774951
35.887334
0 -99.77699
35.889062
0 -99.778658
35.89364
0 -99.779103
35.896393
0 -99.781551
35.898586
0 -99.785347
35.899487
0 -99.78653
35.900284
0 -99.786947
35.901856
0 -99.789774
35.904248
0 -99.796473
35.906867
0 -99.801389
35.910645
0 -99.802012
35.912721
0 -99.802315
35.920391
0 -99.80306
35.922031
0 -99.804963
35.924608
0 -99.809136
35.927483
0 -99.810219
35.928909
0 -99.810708
35.931839
0 -99.810439
35.934144
0 -99.807213
35.940872
0 -99.807838
35.942632
0 -99.809225
35.943684
0 -99.80977
35.945488
0 -99.809765
35.953339
0 -99.807921
35.960342
0 -99.805779
35.962555
0 -99.804873
35.964097
0 -99.803355
35.969089
0 -99.802287
35.971603
0 -99.804408
35.980174
0 -99.805943
35.983823
0 -99.805659
35.986269
0 -99.804919
35.988447
0 -99.807403
35.991358
0 -99.807242
35.993635
0 -99.808903
35.997719
0 -99.809444
36.000044
0 -99.810355
36.000044
0 -99.811842
36.001878
0 -99.813814
36.003076
0 -99.817344
36.004345
0 -99.82356
36.00553
0 -99.830464
36.006327
0 -99.837948
36.006794
0 -99.847304
36.006078
0 -99.85154
36.005128
0 -99.855014
36.003685
0 -99.859832
35.999451
0 -99.860047
35.998829
0 -99.864517
35.995186
0 -99.868893
35.990927
0 -99.872273
35.98871
0 -99.874047
35.988003
0 -99.875394
35.987798
0 -99.882273
35.987842
0 -99.884338
35.988191
0 -99.888309
35.987847
0 -99.893372
35.985295
0 -99.894415
35.984128
0 -99.894418
35.978324
0 -99.895047
35.97712
0 -99.902242
35.971395
0 -99.905862
35.968129
0 -99.908271
35.966634
0 -99.910521
35.964132
0 -99.911447
35.961924
0 -99.912531
35.954986
0 -99.911276
35.946021
0 -99.910668
35.94444
0 -99.908737
35.942986
0 -99.907047
35.942338
0 -99.905704
35.939545
0 -99.905601
35.936727
0 -99.908392
35.928122
0 -99.909938
35.926974
0 -99.916444
35.923072
0 -99.918933
35.921811
0 -99.921178
35.919812
0 -99.925147
35.913664
0 -99.929955
35.911311
0 -99.93447
35.909492
0 -99.943287
35.906492
0 -99.949045
35.903909
0 -99.956163
35.901803
0 -99.959628
35.900036
0 -99.963759
35.896385
0 -99.967008
35.892102
0 -99.968711
35.890569
0 -99.97211
35.888776
0 -99.977238
35.88753
0 -99.981712
35.885375
0 -99.985436
35.884053
0 -99.988701
35.883602
0 -99.994823
35.881823
0 -100.000396198329
35.8809479999968
0 