-100.182975
48.762397
0 -100.183034
48.718909
0 -100.145494
48.718875
0 -100.145575
48.686426
0 -100.145598
48.675719
0 -100.145696
48.63219
0 -100.145858
48.545211
0 -100.124527
48.54521
0 -100.01536
48.545106
0 -99.950274
48.544994
0 -99.884687
48.544866
0 -99.884057
48.544935
0 -99.876409
48.544962
0 -99.776189
48.544789
0 -99.75401
48.5448
0 -99.750471
48.544923
0 -99.734443
48.544897
0 -99.733332
48.544935
0 -99.547449
48.544917
0 -99.493189
48.544834
0 -99.493118
48.631762
0 -99.493074
48.704204
0 -99.492915
48.705675
0 -99.493066
48.706908
0 -99.493002
48.718359
0 -99.525895
48.718384
0 -99.525803
48.776231
0 -99.525741
48.805058
0 -99.525741
48.805139
0 -99.525749
48.833811
0 -99.525699
48.89189
0 -99.525745
48.920645
0 -99.5257000007081
48.9993092174927
0 -99.6572890195421
48.9992671967135
0 -99.6585210293158
48.9992668032915
0 -99.8214610056749
48.999214771102
0 -99.8331150086378
48.9992110495887
0 -99.861454
48.999202
0 -99.861488
48.999156
0 -99.8929070524947
48.9990916179287
0 -99.913705
48.999049
0 -99.91378
48.999049
0 -99.9651364501384
48.9990836081088
0 -100.162006976642
48.9992162753117
0 -100.182706982328
48.9992302246413
0 -100.182895
48.936706
0 -100.182828
48.907059
0 -100.182758
48.892773
0 -100.182747
48.866336
0 -100.182509
48.861073
0 -100.182654
48.857338
0 -100.182811
48.856199
0 -100.182831
48.852688
0 -100.182978
48.851441
0 -100.182916
48.82502
0 -100.182947
48.806181
0 -100.182973
48.768757
0 -100.182975
48.762397
0 