-103.949024
34.390139
0 -103.949627
34.259881
0 -103.946126
34.259881
0 -103.946091
34.208975
0 -103.946288
34.207467
0 -103.945949
34.082784
0 -103.911841
34.081673
0 -103.910272
34.081765
0 -103.889177
34.081653
0 -103.875519
34.08163
0 -103.841619
34.081681
0 -103.841582
33.885168
0 -103.841711
33.883536
0 -103.841906
33.819252
0 -103.816784
33.819189
0 -103.746959
33.819258
0 -103.716794
33.8193
0 -103.718051
33.685143
0 -103.71826
33.656136
0 -103.708029
33.656313
0 -103.707346
33.65616
0 -103.559348
33.656727
0 -103.535424
33.657023
0 -103.530268
33.657356
0 -103.528411
33.657111
0 -103.509726
33.657177
0 -103.510103
33.600795
0 -103.509911
33.60082
0 -103.510395
33.589605
0 -103.509899
33.586872
0 -103.510267
33.570256
0 -103.500509
33.570349
0 -103.49822
33.570108
0 -103.375507
33.570449
0 -103.359735
33.570628
0 -103.357095
33.570539
0 -103.111713
33.570628
0 -103.110491
33.570349
0 -103.097797
33.570536
0 -103.095416
33.570399
0 -103.05261
33.570599
0 -103.051664
33.629489
0 -103.051363
33.64195
0 -103.051535
33.650487
0 -103.051087
33.658186
0 -103.050532
33.672408
0 -103.050148
33.701971
0 -103.049956574956
33.7146599990048
0 -103.049608
33.737766
0 -103.049096
33.74627
0 -103.047982273064
33.7961681488153
0 -103.047346
33.824675
0 -103.046907
33.8503
0 -103.045644
33.901537
0 -103.045698
33.906299
0 -103.044893
33.945617
0 -103.04395
33.974629
0 -103.043617
34.003633
0 -103.043571838173
34.0111850026879
0 -103.043531
34.018014
0 -103.043555
34.032714
0 -103.043746
34.037294
0 -103.043771
34.041538
0 -103.043721
34.04232
0 -103.043767
34.043545
0 -103.043744
34.049986
0 -103.043686
34.063078
0 -103.043529823339
34.0780562604809
0 -103.043516
34.079382
0 -103.043569
34.087947
0 -103.043580047427
34.112834054579
0 -103.043606147138
34.1716300918225
0 -103.043625133268
34.2144010315509
0 -103.043644
34.256903
0 -103.043719
34.289441
0 -103.043936
34.302585
0 -103.043936135446
34.302617062974
0 -103.14357
34.302959
0 -103.160643
34.302994
0 -103.19732
34.303101
0 -103.214715
34.303173
0 -103.240356
34.303368
0 -103.242874
34.303528
0 -103.246933
34.303513
0 -103.25195
34.303239
0 -103.319638
34.303378
0 -103.319679
34.303379
0 -103.398178
34.303325
0 -103.433106
34.30336
0 -103.452398
34.303216
0 -103.459597
34.303318
0 -103.472589
34.3034
0 -103.652934
34.302946
0 -103.654736
34.303229
0 -103.736096
34.30298
0 -103.740017
34.303076
0 -103.739801
34.332619
0 -103.740253
34.33331
0 -103.740253
34.345042
0 -103.739761
34.345906
0 -103.739017
34.390075
0 -103.738799
34.400078
0 -103.738484
34.521544
0 -103.738708
34.56329
0 -103.738564
34.565369
0 -103.738232
34.604671
0 -103.740531
34.604794
0 -103.948839
34.605058
0 -103.948753
34.574017
0 -103.948564
34.573442
0 -103.94897
34.521414
0 -103.949024
34.390139
0 