-84.855795
44.421984
0 -84.855105
44.361556
0 -84.854731
44.359581
0 -84.854865
44.359098
0 -84.854332
44.335756
0 -84.852857
44.291433
0 -84.853218
44.284508
0 -84.852881
44.274957
0 -84.852672
44.274398
0 -84.852863
44.270753
0 -84.853163
44.248767
0 -84.851705
44.161375
0 -84.848282
44.161367
0 -84.844866
44.161443
0 -84.796683
44.160992
0 -84.728755
44.160859
0 -84.68531
44.160758
0 -84.684618
44.160664
0 -84.610069
44.16055
0 -84.6087
44.160484
0 -84.608104
44.160482
0 -84.502308
44.16054
0 -84.501236
44.16043
0 -84.487295
44.160491
0 -84.375607
44.160298
0 -84.371705
44.160542
0 -84.368039
44.160538
0 -84.366324
44.175508
0 -84.368237
44.226983
0 -84.368631
44.247072
0 -84.36956
44.334081
0 -84.369471
44.334734
0 -84.36959
44.359421
0 -84.369584
44.360074
0 -84.369896
44.420739
0 -84.370643
44.507223
0 -84.451042
44.509844
0 -84.471035
44.510733
0 -84.489438
44.510765
0 -84.550422
44.510889
0 -84.593092
44.511253
0 -84.601011
44.511296
0 -84.610633
44.51135
0 -84.612502
44.511265
0 -84.671343
44.511301
0 -84.681458
44.511335
0 -84.691475
44.511399
0 -84.731251
44.511453
0 -84.741186
44.511371
0 -84.752227
44.51127
0 -84.756928
44.511236
0 -84.778089
44.511082
0 -84.843869
44.511105
0 -84.844383
44.511174
0 -84.850929
44.511069
0 -84.851363
44.503259
0 -84.851295
44.502468
0 -84.855795
44.421984
0 