-83.394005
39.272592
0 -83.393694
39.267788
0 -83.392967
39.266656
0 -83.38668
39.263715
0 -83.381734
39.26274
0 -83.380044
39.26161
0 -83.378029
39.258607
0 -83.378192
39.25651
0 -83.379648
39.253587
0 -83.381333
39.251634
0 -83.381125
39.249618
0 -83.377184
39.248485
0 -83.373886
39.248464
0 -83.371866
39.247373
0 -83.370492
39.24506
0 -83.36885
39.243527
0 -83.365739
39.241706
0 -83.362351
39.240576
0 -83.359419
39.242216
0 -83.357001
39.245134
0 -83.355521
39.247684
0 -83.355745
39.250065
0 -83.352988
39.251483
0 -83.347974
39.252835
0 -83.347006
39.252824
0 -83.345073
39.250734
0 -83.345248
39.248281
0 -83.346912
39.245995
0 -83.346007
39.242528
0 -83.345967
39.239168
0 -83.347061
39.236739
0 -83.347847
39.232847
0 -83.347503
39.232479
0 -83.343479
39.233216
0 -83.344225
39.230932
0 -83.353531
39.197585
0 -83.258039
39.193688
0 -83.248285
39.193186
0 -83.181467
39.189553
0 -83.152427
39.187975
0 -83.151106
39.187903
0 -83.145022
39.187572
0 -83.091465
39.184739
0 -83.075636
39.183752
0 -83.051172
39.182637
0 -83.040647
39.182011
0 -83.016618
39.180933
0 -82.975205
39.178841
0 -82.972701
39.178722
0 -82.956746
39.177963
0 -82.840365
39.172012
0 -82.785891
39.168769
0 -82.766692
39.167768
0 -82.764643
39.189439
0 -82.762892
39.207967
0 -82.760111
39.237644
0 -82.758647
39.252482
0 -82.758695
39.252932
0 -82.757499
39.267382
0 -82.755133
39.294219
0 -82.753892
39.308641
0 -82.749709
39.357164
0 -82.748591
39.368165
0 -82.747444
39.3819
0 -82.743389
39.435797
0 -82.741316
39.460459
0 -82.741107
39.46257
0 -82.740615
39.467621
0 -82.740729
39.46835
0 -82.749879
39.468899
0 -82.749998
39.468062
0 -82.768457
39.469075
0 -82.774296
39.469374
0 -82.850998
39.473409
0 -82.870237
39.474393
0 -82.879987
39.474895
0 -82.904201
39.476036
0 -82.913628
39.47652
0 -82.916449
39.476642
0 -82.916737
39.476656
0 -82.998204
39.480061
0 -82.996203
39.484361
0 -82.995104
39.488161
0 -82.992901
39.489861
0 -82.9895
39.491054
0 -82.986498
39.490861
0 -82.982296
39.489362
0 -82.980396
39.490261
0 -82.980095
39.492861
0 -82.978804
39.496557
0 -82.979603
39.498861
0 -82.978741
39.500854
0 -82.981887
39.501971
0 -82.984025
39.504029
0 -82.983253
39.506155
0 -82.98456
39.506754
0 -82.990401
39.505951
0 -82.992597
39.506388
0 -83.061667
39.508634
0 -83.065757
39.508761
0 -83.07166
39.50893
0 -83.102395
39.509956
0 -83.111871
39.510274
0 -83.112946
39.510255
0 -83.155472
39.511776
0 -83.165611
39.51219
0 -83.224839
39.514579
0 -83.266737
39.516249
0 -83.275352
39.504788
0 -83.301724
39.470747
0 -83.317496
39.449993
0 -83.32362
39.441986
0 -83.328862
39.435103
0 -83.33344
39.42881
0 -83.353132
39.402675
0 -83.372714
39.377416
0 -83.374577
39.37484
0 -83.374517
39.371995
0 -83.373402
39.368579
0 -83.376959
39.362686
0 -83.377978
39.361498
0 -83.380254
39.356608
0 -83.379
39.3547
0 -83.378142
39.354146
0 -83.37726
39.35279
0 -83.375048
39.348281
0 -83.375423
39.346964
0 -83.375868
39.346263
0 -83.376611
39.345385
0 -83.377143
39.344189
0 -83.377477
39.343714
0 -83.377848
39.343464
0 -83.378354
39.343191
0 -83.379191
39.34189
0 -83.379427
39.341667
0 -83.382229
39.3393
0 -83.382781
39.335782
0 -83.383674
39.334342
0 -83.384022
39.331463
0 -83.382835
39.327421
0 -83.38586
39.326063
0 -83.38699
39.322018
0 -83.386057
39.31969
0 -83.385066
39.317856
0 -83.383342
39.316607
0 -83.383733
39.310955
0 -83.384774
39.30848
0 -83.381975
39.304863
0 -83.382784
39.30214
0 -83.383087
39.296901
0 -83.382581
39.296231
0 -83.381844
39.29401
0 -83.379124
39.293612
0 -83.376669
39.29226
0 -83.376629
39.290944
0 -83.378511
39.288064
0 -83.38159
39.285496
0 -83.382141
39.284119
0 -83.381106
39.279328
0 -83.381297
39.278361
0 -83.384861
39.277675
0 -83.390969
39.276129
0 -83.393167
39.274858
0 -83.394005
39.272592
0 