-107.442594
40.334755
0 -107.440109
40.249976
0 -107.439506
40.247328
0 -107.439386
40.223379
0 -107.414884
40.223634
0 -107.115952
40.225156
0 -107.09631
40.225136
0 -107.096088
40.226062
0 -107.088674
40.225791
0 -107.076552
40.225347
0 -107.038097
40.225357
0 -107.037923
40.224766
0 -107.038401
40.165645
0 -107.037686
40.165617
0 -107.037677
40.164253
0 -107.037363
40.091538
0 -107.037359
40.003081
0 -107.03205
40.002939
0 -107.032648
39.963725
0 -107.032171
39.939669
0 -107.033968
39.918913
0 -107.000456
39.919048
0 -106.993469
39.9188
0 -106.836974
39.919197
0 -106.833165
39.919406
0 -106.824132
39.91952
0 -106.792365
39.92
0 -106.78555
39.919811
0 -106.732504
39.920439
0 -106.720539
39.920612
0 -106.653653
39.919927
0 -106.653132
39.919964
0 -106.626555
39.918671
0 -106.626569
39.924785
0 -106.626112
39.999986
0 -106.62653
40.001871
0 -106.637031
40.002106
0 -106.637028
40.045426
0 -106.636974
40.123578
0 -106.637109
40.124985
0 -106.63704
40.157938
0 -106.636995
40.178985
0 -106.633121
40.178996
0 -106.632446
40.312925
0 -106.63225
40.32318
0 -106.632257
40.341559
0 -106.649872
40.341638
0 -106.652832
40.341562
0 -106.652741
40.388973
0 -106.652187
40.445207
0 -106.652112
40.445231
0 -106.651755
40.449778
0 -106.653855
40.449511
0 -106.655806
40.450191
0 -106.656412
40.451495
0 -106.656495
40.456043
0 -106.658957
40.459376
0 -106.65746
40.46243
0 -106.658447
40.466594
0 -106.657881
40.471559
0 -106.659607
40.471749
0 -106.663489
40.470583
0 -106.665301
40.470524
0 -106.667281
40.472647
0 -106.667063
40.476061
0 -106.664772
40.477118
0 -106.663281
40.480272
0 -106.657163
40.483435
0 -106.656185
40.485608
0 -106.657294
40.487028
0 -106.657883
40.489139
0 -106.659151
40.490367
0 -106.653925
40.492439
0 -106.653113
40.494732
0 -106.65461
40.496443
0 -106.654818
40.499029
0 -106.656042
40.499978
0 -106.656315
40.501768
0 -106.655583
40.503413
0 -106.655452
40.507103
0 -106.655808
40.509141
0 -106.659285
40.510577
0 -106.661105
40.511944
0 -106.660793
40.512959
0 -106.658974
40.514276
0 -106.661777
40.515963
0 -106.667101
40.520143
0 -106.669475
40.520139
0 -106.672064
40.521214
0 -106.6737
40.523685
0 -106.673282
40.526931
0 -106.671356
40.530157
0 -106.669488
40.532481
0 -106.669845
40.534446
0 -106.671688
40.535844
0 -106.676689
40.538035
0 -106.67733
40.539734
0 -106.677363
40.542465
0 -106.678445
40.544226
0 -106.680761
40.544593
0 -106.683378
40.544532
0 -106.683857
40.545257
0 -106.68474
40.548921
0 -106.686218
40.551327
0 -106.68771
40.552105
0 -106.692851
40.556639
0 -106.69286
40.558581
0 -106.691807
40.561169
0 -106.692188
40.563537
0 -106.694178
40.566915
0 -106.696867
40.570544
0 -106.697131
40.572662
0 -106.698896
40.575148
0 -106.702341
40.578025
0 -106.700146
40.580269
0 -106.699922
40.581961
0 -106.698642
40.583494
0 -106.6997
40.586022
0 -106.698003
40.588764
0 -106.694766
40.592009
0 -106.694148
40.595241
0 -106.695261
40.598195
0 -106.698267
40.59939
0 -106.698723
40.602039
0 -106.701862
40.604402
0 -106.702345
40.605996
0 -106.704348
40.607386
0 -106.703741
40.610553
0 -106.706
40.614399
0 -106.706218
40.615606
0 -106.706149
40.616597
0 -106.70379
40.62013
0 -106.703957
40.621838
0 -106.701011
40.625957
0 -106.703622
40.627771
0 -106.698264
40.627483
0 -106.697162
40.629932
0 -106.694209
40.632902
0 -106.688998
40.635058
0 -106.686774
40.634727
0 -106.688875
40.638778
0 -106.688656
40.639649
0 -106.686016
40.641441
0 -106.683486
40.644814
0 -106.682848
40.646865
0 -106.680142
40.648036
0 -106.680654
40.649284
0 -106.687731
40.649873
0 -106.688656
40.650773
0 -106.691268
40.655442
0 -106.692082
40.657746
0 -106.691826
40.659958
0 -106.690502
40.659906
0 -106.685765
40.662326
0 -106.686099
40.666673
0 -106.687231
40.671944
0 -106.686083
40.673707
0 -106.681057
40.675168
0 -106.682391
40.677898
0 -106.684676
40.679616
0 -106.687073
40.680608
0 -106.686882
40.683076
0 -106.684496
40.682674
0 -106.681458
40.683249
0 -106.679671
40.684223
0 -106.679476
40.685918
0 -106.675179
40.687215
0 -106.672862
40.688336
0 -106.672561
40.690143
0 -106.668508
40.694633
0 -106.667953
40.696305
0 -106.668565
40.698618
0 -106.670767
40.701047
0 -106.671903
40.704511
0 -106.672479
40.708478
0 -106.668924
40.710257
0 -106.668876
40.711725
0 -106.670464
40.714131
0 -106.671193
40.716379
0 -106.669784
40.719788
0 -106.670373
40.721399
0 -106.673807
40.724025
0 -106.672447
40.726184
0 -106.66952
40.728791
0 -106.670528
40.732167
0 -106.673826
40.735109
0 -106.676425
40.735551
0 -106.676694
40.736631
0 -106.674743
40.736678
0 -106.671145
40.738659
0 -106.668326
40.73912
0 -106.664997
40.74214
0 -106.662952
40.743018
0 -106.662556
40.744769
0 -106.664285
40.748118
0 -106.665189
40.748857
0 -106.664178
40.750965
0 -106.661313
40.753346
0 -106.663437
40.754076
0 -106.664235
40.756451
0 -106.666074
40.758281
0 -106.669498
40.759657
0 -106.669699
40.761697
0 -106.668929
40.762912
0 -106.664794
40.765534
0 -106.663327
40.766979
0 -106.663489
40.768342
0 -106.662062
40.770577
0 -106.659237
40.772861
0 -106.652383
40.77562
0 -106.649161
40.775388
0 -106.649784
40.777313
0 -106.649283
40.780099
0 -106.647497
40.782651
0 -106.642701
40.784865
0 -106.639927
40.787051
0 -106.639271
40.788185
0 -106.636922
40.789489
0 -106.635961
40.791931
0 -106.636894
40.794153
0 -106.636517
40.796665
0 -106.636885
40.799592
0 -106.635824
40.802616
0 -106.6365
40.803459
0 -106.635538
40.804756
0 -106.636754
40.805628
0 -106.637139
40.809209
0 -106.635476
40.811365
0 -106.636752
40.812883
0 -106.639227
40.814522
0 -106.638393
40.817004
0 -106.643004
40.820367
0 -106.643737
40.82159
0 -106.644728
40.821108
0 -106.648399
40.821596
0 -106.651307
40.823064
0 -106.655037
40.823091
0 -106.658459
40.823927
0 -106.659635
40.824937
0 -106.660034
40.826653
0 -106.663425
40.827691
0 -106.664014
40.829285
0 -106.662937
40.831712
0 -106.664041
40.834966
0 -106.663503
40.837212
0 -106.661304
40.840904
0 -106.662644
40.843341
0 -106.658897
40.843976
0 -106.654472
40.845543
0 -106.654541
40.849117
0 -106.657551
40.853239
0 -106.661595
40.855718
0 -106.664522
40.856758
0 -106.664481
40.859082
0 -106.665968
40.858234
0 -106.667363
40.859791
0 -106.668161
40.865144
0 -106.673504
40.867057
0 -106.675475
40.866973
0 -106.677987
40.86787
0 -106.679479
40.869555
0 -106.680536
40.872276
0 -106.680303
40.874303
0 -106.682205
40.875789
0 -106.682697
40.877636
0 -106.68477
40.878662
0 -106.686162
40.880615
0 -106.685293
40.884604
0 -106.685883
40.885822
0 -106.692548
40.888241
0 -106.694159
40.888018
0 -106.699261
40.885372
0 -106.700376
40.884188
0 -106.700189
40.882648
0 -106.703468
40.880435
0 -106.703557
40.878686
0 -106.704547
40.876656
0 -106.705756
40.876004
0 -106.713598
40.873996
0 -106.721854
40.872956
0 -106.726869
40.871375
0 -106.728333
40.871241
0 -106.736592
40.8731
0 -106.738988
40.872696
0 -106.739341
40.870843
0 -106.740941
40.872326
0 -106.742632
40.874971
0 -106.742202
40.877105
0 -106.74421
40.879114
0 -106.745871
40.8798
0 -106.74682
40.882332
0 -106.744644
40.884571
0 -106.740853
40.8898
0 -106.74356
40.891994
0 -106.751482
40.894018
0 -106.756471
40.893842
0 -106.76164
40.894174
0 -106.764934
40.896367
0 -106.770071
40.896997
0 -106.76754
40.898641
0 -106.767742
40.902163
0 -106.769004
40.904138
0 -106.771175
40.904284
0 -106.773156
40.905284
0 -106.776366
40.905743
0 -106.777807
40.905437
0 -106.778676
40.906429
0 -106.781271
40.906969
0 -106.783146
40.906131
0 -106.786979
40.902907
0 -106.788589
40.902842
0 -106.787889
40.900561
0 -106.789499
40.900779
0 -106.792009
40.899956
0 -106.794255
40.900561
0 -106.795365
40.897917
0 -106.797821
40.896466
0 -106.80104
40.896135
0 -106.802068
40.896909
0 -106.806009
40.897996
0 -106.807324
40.899108
0 -106.809751
40.899753
0 -106.807526
40.900551
0 -106.805345
40.901978
0 -106.805929
40.903034
0 -106.806335
40.906645
0 -106.808455
40.908547
0 -106.809835
40.911401
0 -106.811312
40.915954
0 -106.811895
40.916453
0 -106.819007
40.918636
0 -106.818257
40.920256
0 -106.818598
40.922134
0 -106.819979
40.92531
0 -106.822726
40.928098
0 -106.823534
40.930282
0 -106.82503
40.932119
0 -106.824868
40.929266
0 -106.826402
40.927073
0 -106.829365
40.924259
0 -106.831208
40.92392
0 -106.835044
40.924176
0 -106.837184
40.923659
0 -106.840555
40.92473
0 -106.84561
40.925058
0 -106.850006
40.924201
0 -106.852349
40.925183
0 -106.849998
40.925451
0 -106.84877
40.926306
0 -106.852388
40.929729
0 -106.852247
40.933792
0 -106.856116
40.934975
0 -106.855887
40.936982
0 -106.856449
40.937586
0 -106.859376
40.938423
0 -106.862104
40.940928
0 -106.862466
40.941927
0 -106.8622
40.947278
0 -106.863992
40.953701
0 -106.868319
40.955125
0 -106.869891
40.95672
0 -106.869524
40.959001
0 -106.870125
40.962604
0 -106.872454
40.96656
0 -106.872746
40.969381
0 -106.872463
40.971082
0 -106.87319
40.974394
0 -106.872822
40.975877
0 -106.871374
40.978087
0 -106.870584
40.981223
0 -106.867035
40.982644
0 -106.862307
40.983703
0 -106.859368
40.983197
0 -106.857402
40.98128
0 -106.855816
40.983949
0 -106.855429
40.987085
0 -106.854222
40.988375
0 -106.850535
40.990651
0 -106.850865
40.991279
0 -106.857095
40.993855
0 -106.859855
40.995304
0 -106.861608
40.996802
0 -106.861454
40.999968
0 -106.857773
41.002663
0 -107.000606
41.003444
0 -107.116081
41.0031368192595
0 -107.241194
41.002804
0 -107.302937003076
41.0029355564308
0 -107.317793899405
41.0029672121675
0 -107.316307
40.859495
0 -107.314153
40.600281
0 -107.368621
40.600298
0 -107.371487
40.600302
0 -107.371415
40.596253
0 -107.371328
40.542399
0 -107.428813
40.542207
0 -107.428752
40.52681
0 -107.429345
40.440771
0 -107.431236
40.37578
0 -107.431128
40.37249
0 -107.432068
40.334879
0 -107.442594
40.334755
0 