-85.633491
39.786177
0 -85.633269
39.771148
0 -85.632763
39.763866
0 -85.632654
39.742038
0 -85.633228
39.698462
0 -85.632505
39.698455
0 -85.632824
39.656173
0 -85.632771
39.625706
0 -85.632224
39.61116
0 -85.631557
39.569377
0 -85.631125
39.54004
0 -85.630897
39.525562
0 -85.630706
39.525274
0 -85.629327
39.45275
0 -85.611058
39.453345
0 -85.572809
39.453206
0 -85.572752
39.452342
0 -85.554416
39.452485
0 -85.534584
39.452644
0 -85.529433
39.452498
0 -85.516554
39.452646
0 -85.511814
39.452702
0 -85.50712
39.452756
0 -85.460045
39.452735
0 -85.45957
39.453198
0 -85.441664
39.453249
0 -85.41369
39.453124
0 -85.404589
39.453134
0 -85.394592
39.452867
0 -85.376165
39.453097
0 -85.297575
39.453275
0 -85.298609
39.525473
0 -85.29811
39.525476
0 -85.299275
39.598686
0 -85.299405
39.60322
0 -85.299627
39.612375
0 -85.299821
39.612683
0 -85.300103
39.622336
0 -85.300096
39.622964
0 -85.300159
39.627313
0 -85.300194
39.630185
0 -85.300656
39.663734
0 -85.301213
39.699963
0 -85.300918
39.700748
0 -85.301051
39.715188
0 -85.301584
39.787579
0 -85.30526
39.787526
0 -85.31955
39.787356
0 -85.409211
39.78731
0 -85.409793
39.787313
0 -85.447853
39.787432
0 -85.474886
39.787268
0 -85.494067
39.787174
0 -85.522521
39.786858
0 -85.524876
39.786852
0 -85.524979
39.786851
0 -85.548194
39.786711
0 -85.548663
39.786796
0 -85.596916
39.786519
0 -85.633491
39.786177
0 