-94.985957
32.364017
0 -94.985885
32.35038
0 -94.985731
32.326863
0 -94.985637
32.310488
0 -94.985625
32.296453
0 -94.985466
32.275851
0 -94.985424
32.263238
0 -94.985406
32.258401
0 -94.985397
32.256432
0 -94.985537
32.247462
0 -94.985516
32.237214
0 -94.985417
32.198357
0 -94.985277
32.15793
0 -94.985272
32.137989
0 -94.984986
32.118671
0 -94.985147
32.115155
0 -94.985218
32.108731
0 -94.985753
32.056369
0 -94.985571
32.043266
0 -94.985461
32.004556
0 -94.985425
31.995748
0 -94.985409
31.963967
0 -94.985489
31.928137
0 -94.98519
31.878026
0 -94.985059
31.85295
0 -94.984768
31.846144
0 -94.937532
31.845555
0 -94.89868
31.845198
0 -94.874745
31.84459
0 -94.867195
31.844524
0 -94.824774
31.844156
0 -94.800274
31.843974
0 -94.769573
31.843897
0 -94.727717
31.843823
0 -94.681192
31.843943
0 -94.61024
31.844092
0 -94.581899
31.844154
0 -94.559559
31.844203
0 -94.514746
31.844271
0 -94.500205
31.844336
0 -94.452416
31.844281
0 -94.453243
31.847348
0 -94.45283
31.848102
0 -94.456595
31.849721
0 -94.457134
31.852178
0 -94.458715
31.853186
0 -94.460241
31.852383
0 -94.460593
31.853749
0 -94.461605
31.853389
0 -94.461592
31.854765
0 -94.463759
31.856474
0 -94.464259
31.858302
0 -94.46258
31.858805
0 -94.463606
31.859049
0 -94.460231
31.860587
0 -94.460399
31.862611
0 -94.459588
31.863782
0 -94.460934
31.863298
0 -94.461076
31.864392
0 -94.460078
31.86492
0 -94.461734
31.866052
0 -94.460748
31.866976
0 -94.462624
31.869428
0 -94.461974
31.871386
0 -94.463482
31.87303
0 -94.463779
31.874151
0 -94.465516
31.875896
0 -94.466019
31.878051
0 -94.46678
31.878991
0 -94.469615
31.879293
0 -94.470009
31.88163
0 -94.472149
31.882421
0 -94.474147
31.882509
0 -94.473103
31.883751
0 -94.474295
31.883493
0 -94.474566
31.884943
0 -94.476906
31.887026
0 -94.477518
31.886245
0 -94.477583
31.887219
0 -94.476242
31.888027
0 -94.475605
31.889457
0 -94.477488
31.891722
0 -94.478171
31.89087
0 -94.479183
31.891897
0 -94.479042
31.893338
0 -94.480131
31.893574
0 -94.480377
31.895185
0 -94.480113
31.896153
0 -94.479132
31.895422
0 -94.478934
31.897291
0 -94.479598
31.898396
0 -94.481615
31.898115
0 -94.481416
31.899254
0 -94.482242
31.900787
0 -94.480709
31.902113
0 -94.483132
31.902305
0 -94.484011
31.903773
0 -94.485326
31.904163
0 -94.486969
31.903426
0 -94.488685
31.906081
0 -94.489909
31.905586
0 -94.491547
31.907223
0 -94.491883
31.908284
0 -94.490704
31.90944
0 -94.49184
31.910962
0 -94.493928
31.910879
0 -94.496314
31.911757
0 -94.497327
31.912802
0 -94.498358
31.912653
0 -94.499558
31.913785
0 -94.498437
31.915011
0 -94.50146
31.91458
0 -94.501878
31.915905
0 -94.502614
31.914371
0 -94.503932
31.915988
0 -94.50327
31.917069
0 -94.504482
31.918685
0 -94.504466
31.920436
0 -94.50563
31.9214
0 -94.507206
31.920918
0 -94.506525
31.921932
0 -94.508134
31.922503
0 -94.509265
31.922189
0 -94.511315
31.924129
0 -94.511471
31.926245
0 -94.511431
31.973984
0 -94.530981
31.973813
0 -94.599978
31.973193
0 -94.601144
32.027822
0 -94.601513
32.055261
0 -94.60175
32.056421
0 -94.601853
32.070107
0 -94.60156
32.079971
0 -94.600108
32.083702
0 -94.598294
32.090551
0 -94.596874
32.098323
0 -94.59639
32.10486
0 -94.595006
32.111392
0 -94.593353
32.11614
0 -94.591372
32.120693
0 -94.589029
32.124814
0 -94.589085
32.126919
0 -94.589438
32.12882
0 -94.588872
32.130148
0 -94.588718
32.136411
0 -94.588503
32.137577
0 -94.584898
32.145478
0 -94.582569
32.149509
0 -94.582224
32.153356
0 -94.580747
32.159269
0 -94.581255
32.165839
0 -94.580281
32.171635
0 -94.580067
32.181049
0 -94.58039
32.184603
0 -94.58008
32.187513
0 -94.580929
32.193756
0 -94.580256
32.202545
0 -94.577908
32.206877
0 -94.577142
32.209538
0 -94.576931
32.210588
0 -94.572894
32.21651
0 -94.563982
32.232746
0 -94.561467
32.239522
0 -94.558785
32.244661
0 -94.557002
32.249053
0 -94.556223
32.250158
0 -94.553768
32.252425
0 -94.538379
32.265171
0 -94.533799
32.269325
0 -94.530714
32.271842
0 -94.5299
32.273422
0 -94.52729
32.276688
0 -94.526126
32.279126
0 -94.525406
32.283505
0 -94.526261
32.289554
0 -94.523918
32.295969
0 -94.523838
32.296209
0 -94.522009
32.299791
0 -94.520699
32.303625
0 -94.519589
32.305558
0 -94.515183
32.310879
0 -94.514597
32.311995
0 -94.512726
32.314033
0 -94.511264
32.315525
0 -94.5115
32.322299
0 -94.510717
32.325346
0 -94.509817
32.326108
0 -94.508214
32.329877
0 -94.507265
32.331502
0 -94.502856
32.336369
0 -94.502305
32.337307
0 -94.501059
32.341995
0 -94.500201
32.344211
0 -94.495784
32.352016
0 -94.493361
32.356492
0 -94.492938
32.358859
0 -94.493009
32.368591
0 -94.492472
32.369655
0 -94.492662
32.371442
0 -94.49177
32.373031
0 -94.491818
32.394137
0 -94.495234
32.395193
0 -94.498474
32.394665
0 -94.498493
32.396722
0 -94.499876
32.397805
0 -94.50194
32.397778
0 -94.503344
32.3959
0 -94.507153
32.394553
0 -94.507252
32.391946
0 -94.506307
32.390757
0 -94.50724
32.388723
0 -94.508812
32.389112
0 -94.508581
32.391063
0 -94.510204
32.391142
0 -94.512985
32.39025
0 -94.514159
32.387508
0 -94.515379
32.387145
0 -94.518038
32.388124
0 -94.51726
32.389555
0 -94.517869
32.390457
0 -94.520097
32.39043
0 -94.521287
32.392244
0 -94.520786
32.394235
0 -94.522832
32.395317
0 -94.523946
32.394871
0 -94.523813
32.393341
0 -94.526131
32.392573
0 -94.527205
32.393321
0 -94.52787
32.396176
0 -94.526959
32.397348
0 -94.525343
32.397048
0 -94.524943
32.398457
0 -94.527315
32.399348
0 -94.527535
32.400561
0 -94.525805
32.400957
0 -94.525511
32.401871
0 -94.527138
32.402631
0 -94.529199
32.402729
0 -94.531211
32.403421
0 -94.532682
32.403325
0 -94.536489
32.400873
0 -94.540587
32.399388
0 -94.542146
32.399446
0 -94.543242
32.401344
0 -94.544619
32.402498
0 -94.546395
32.403098
0 -94.549139
32.402798
0 -94.551044
32.403707
0 -94.550143
32.405653
0 -94.550548
32.406833
0 -94.554417
32.407625
0 -94.555726
32.4075
0 -94.559195
32.405084
0 -94.5626
32.40099
0 -94.565036
32.399264
0 -94.569759
32.398364
0 -94.573922
32.397023
0 -94.579201
32.394925
0 -94.579219
32.394916
0 -94.582183
32.387792
0 -94.589254
32.37079
0 -94.591703
32.365572
0 -94.594501
32.366081
0 -94.596699
32.363219
0 -94.600776
32.360044
0 -94.603637
32.360771
0 -94.605029
32.359948
0 -94.606183
32.360215
0 -94.613667
32.363139
0 -94.616042
32.363454
0 -94.627159
32.365693
0 -94.631322
32.367109
0 -94.638347
32.370539
0 -94.63975
32.370776
0 -94.642869
32.370413
0 -94.649153
32.368703
0 -94.653079
32.368521
0 -94.662764
32.370591
0 -94.672058
32.370456
0 -94.680203
32.370464
0 -94.686147
32.370466
0 -94.717539
32.370341
0 -94.767793
32.370452
0 -94.790619
32.3706
0 -94.809648
32.370696
0 -94.831078
32.370802
0 -94.837148
32.370832
0 -94.850596
32.370726
0 -94.854942
32.370726
0 -94.856743
32.370726
0 -94.869227
32.370639
0 -94.871603
32.370682
0 -94.881064
32.370267
0 -94.889203
32.369909
0 -94.895864
32.369616
0 -94.897896
32.369639
0 -94.925306
32.370104
0 -94.942281
32.370383
0 -94.942831
32.370385
0 -94.967639
32.370645
0 -94.985411
32.37082
0 -94.985957
32.364017
0 