-73.431229
43.588285
0 -73.430947
43.587036
0 -73.428636
43.583994
0 -73.4266999562967
43.5829931056374
0 -73.426663
43.582974
0 -73.420378
43.581489
0 -73.416964
43.57773
0 -73.405629
43.571179
0 -73.400295
43.568889
0 -73.398125
43.568065
0 -73.395767
43.568087
0 -73.395169
43.569619
0 -73.39196
43.569915
0 -73.3918367638903
43.570102254868
0 -73.391344
43.570851
0 -73.391931
43.572723
0 -73.391427
43.57361
0 -73.389741
43.574683
0 -73.38798
43.574697
0 -73.386126
43.574799
0 -73.384188
43.575512
0 -73.383369
43.57677
0 -73.382549
43.579193
0 -73.384496
43.581553
0 -73.385251
43.583263
0 -73.383426
43.584727
0 -73.382425
43.586062
0 -73.38293
43.587076
0 -73.38432
43.587334
0 -73.386253
43.588411
0 -73.387039
43.589463
0 -73.386282
43.591252
0 -73.38409
43.591415
0 -73.382414
43.591577
0 -73.381715
43.592963
0 -73.382449
43.594159
0 -73.383446
43.596778
0 -73.38349
43.597366
0 -73.38135
43.598505
0 -73.380722
43.598154
0 -73.380271
43.597905
0 -73.377213
43.598572
0 -73.377748
43.599656
0 -73.377395
43.600421
0 -73.373443
43.603292
0 -73.372469
43.604848
0 -73.372375
43.606014
0 -73.376036
43.612596
0 -73.374557
43.614677
0 -73.369933
43.619093
0 -73.36987
43.619711
0 -73.372486
43.622751
0 -73.371889
43.624489
0 -73.368899
43.62471
0 -73.367167
43.623622
0 -73.365562
43.62344
0 -73.35911
43.624598
0 -73.358593
43.625065
0 -73.347621
43.622509
0 -73.342181
43.62607
0 -73.3281399918754
43.625917749273
0 -73.327702
43.625913
0 -73.323893
43.627629
0 -73.317566
43.627355
0 -73.312809
43.624602
0 -73.310606
43.624114
0 -73.307682
43.627492
0 -73.306234
43.628018
0 -73.304125
43.627057
0 -73.302552
43.625708
0 -73.302076
43.624364
0 -73.3020153835993
43.623905129447
0 -73.300285
43.610806
0 -73.29802
43.610028
0 -73.293741
43.605203
0 -73.292232
43.60255
0 -73.292202
43.59816
0 -73.2925027173177
43.5960017633574
0 -73.292801
43.593861
0 -73.293242
43.592558
0 -73.296924
43.587323
0 -73.292364
43.585104
0 -73.292113
43.584509
0 -73.29444
43.582494
0 -73.295344
43.580235
0 -73.294621
43.57897
0 -73.293536
43.578518
0 -73.2898626413657
43.5788391633129
0 -73.284912
43.579272
0 -73.281296
43.577579
0 -73.280952
43.575407
0 -73.279726
43.574241
0 -73.26938
43.571973
0 -73.264099
43.568884
0 -73.258631
43.564949
0 -73.252602
43.556851
0 -73.248641
43.553857
0 -73.24842
43.552577
0 -73.250408
43.550425
0 -73.250132
43.543429
0 -73.247812
43.542814
0 -73.246585
43.541855
0 -73.2455893651413
43.5403362349613
0 -73.242042
43.534925
0 -73.241589
43.534973
0 -73.24139
43.532345
0 -73.241891
43.529418
0 -73.243366
43.527726
0 -73.246821
43.52578
0 -73.247698
43.523173
0 -73.247631
43.51924
0 -73.24672
43.518875
0 -73.247061
43.514919
0 -73.2470702429082
43.5146122182187
0 -73.2471365508732
43.5124113875836
0 -73.2477554081678
43.4918708674104
0 -73.248401
43.470443
0 -73.2487638638259
43.4618122044894
0 -73.2497655837699
43.4379860763965
0 -73.2505637947612
43.4190004532822
0 -73.2509964655464
43.4087092839677
0 -73.2511034124067
43.4061655294903
0 -73.2514504773745
43.3979105132787
0 -73.252582
43.370997
0 -73.252674
43.370285
0 -73.252832
43.363493
0 -73.253084
43.354714
0 -73.2531453878036
43.3529949074009
0 -73.2531569301815
43.3526716768029
0 -73.2545139435998
43.3146701262092
0 -73.243263
43.313963
0 -73.168466
43.311205
0 -73.122704
43.308682
0 -73.093351
43.3071
0 -73.048191
43.307169
0 -72.996291
43.305257
0 -72.994975
43.305202
0 -72.98613
43.304828
0 -72.991297
43.291642
0 -72.976152
43.291641
0 -72.975913
43.304444
0 -72.867902
43.300742
0 -72.866076
43.34697
0 -72.853691
43.347584
0 -72.853439
43.371076
0 -72.82581
43.372339
0 -72.825913
43.38029
0 -72.759799
43.354144
0 -72.758518
43.381953
0 -72.737299
43.421779
0 -72.732842
43.434707
0 -72.725075
43.457252
0 -72.723995
43.461694
0 -72.728857
43.462498
0 -72.727184
43.468717
0 -72.749132
43.47383
0 -72.749541
43.474428
0 -72.771543
43.477862
0 -72.770286
43.491832
0 -72.79107
43.495
0 -72.788987
43.50007
0 -72.774982
43.579375
0 -72.772829
43.591565
0 -72.758005
43.587517
0 -72.749544
43.601308
0 -72.749042
43.601962
0 -72.700945
43.682831
0 -72.74779
43.696209
0 -72.749538
43.69679
0 -72.820043
43.716834
0 -72.806063
43.74243
0 -72.818605
43.746305
0 -72.782812
43.804338
0 -72.787116
43.805703
0 -72.78836
43.806696
0 -72.788275
43.808571
0 -72.785524
43.809752
0 -72.784377
43.810801
0 -72.784575
43.813965
0 -72.785997
43.815176
0 -72.788576
43.816108
0 -72.79173
43.816381
0 -72.794321
43.821
0 -72.793697
43.822204
0 -72.790555
43.823274
0 -72.790981
43.824066
0 -72.79364
43.824581
0 -72.796027
43.826309
0 -72.796653
43.829387
0 -72.831096
43.839016
0 -72.837595
43.829177
0 -72.873366
43.839633
0 -72.874552
43.858131
0 -72.958853
43.826542
0 -72.989434
43.814611
0 -73.016831
43.804953
0 -73.017051
43.804874
0 -73.027019
43.842108
0 -73.030809
43.841369
0 -73.032082
43.844718
0 -73.030091
43.844927
0 -73.029938
43.846716
0 -73.084564
43.844948
0 -73.106114
43.844181
0 -73.156173
43.842314
0 -73.155743
43.83966
0 -73.21892
43.837292
0 -73.206322
43.766775
0 -73.231377
43.764469
0 -73.362951157432
43.7531814596909
0 -73.369725
43.744274
0 -73.370287
43.742269
0 -73.370724
43.735571
0 -73.369916
43.728789
0 -73.370612
43.725329
0 -73.377756
43.717712
0 -73.382965
43.714058
0 -73.385883
43.711336
0 -73.39179
43.703481
0 -73.3935750235143
43.699527722367
0 -73.393723
43.6992
0 -73.395517
43.696831
0 -73.398332
43.694625
0 -73.402078
43.693106
0 -73.404739
43.690213
0 -73.405243
43.688367
0 -73.403474
43.684694
0 -73.404126
43.681339
0 -73.4073995232177
43.6734287329369
0 -73.407776
43.672519
0 -73.408061
43.669438
0 -73.414546
43.658209
0 -73.415513
43.65245
0 -73.418763
43.64788
0 -73.423539
43.645676
0 -73.425217
43.64429
0 -73.426463
43.642598
0 -73.428583
43.636543
0 -73.42791
43.634428
0 -73.418319
43.623325
0 -73.417668
43.621687
0 -73.417827
43.620586
0 -73.423708
43.612356
0 -73.423815
43.610989
0 -73.422154
43.606511
0 -73.421616
43.603023
0 -73.424977
43.598775
0 -73.430325
43.590532
0 -73.431229
43.588285
0 