-97.928967
38.882176
0 -97.928664
38.877102
0 -97.928595
38.871121
0 -97.928595
38.871102
0 -97.92847
38.783964
0 -97.928348
38.755599
0 -97.928443
38.755093
0 -97.92846
38.696974
0 -97.92516
38.69682
0 -97.92481
38.638682
0 -97.924859
38.638546
0 -97.924795
38.60988
0 -97.875324
38.610094
0 -97.874058
38.609571
0 -97.814224
38.609455
0 -97.721974
38.609168
0 -97.7037
38.609101
0 -97.70353
38.609101
0 -97.639241
38.608956
0 -97.63294
38.608958
0 -97.625319
38.609038
0 -97.621526
38.608931
0 -97.610572
38.608972
0 -97.606633
38.608968
0 -97.592945
38.608978
0 -97.519434
38.60918
0 -97.482467
38.609219
0 -97.437526
38.609274
0 -97.436577
38.60947
0 -97.43566
38.609264
0 -97.371911
38.609353
0 -97.372026
38.696294
0 -97.372027
38.710825
0 -97.371828
38.783421
0 -97.371906
38.798116
0 -97.372067
38.827161
0 -97.372093
38.870776
0 -97.372098
38.883406
0 -97.372131
38.904309
0 -97.372124
38.914127
0 -97.3744
38.914254
0 -97.375303
38.914352
0 -97.381209
38.914319
0 -97.381207
38.917227
0 -97.381208
38.921533
0 -97.381205
38.9289
0 -97.371727
38.928925
0 -97.371869
38.932708
0 -97.371614
38.957852
0 -97.446094
38.958102
0 -97.482553
38.95815
0 -97.538277
38.958052
0 -97.575384
38.957942
0 -97.593353
38.957916
0 -97.641137
38.958017
0 -97.643026
38.958129
0 -97.6686
38.958129
0 -97.706158
38.958074
0 -97.720924
38.95806
0 -97.721706
38.958134
0 -97.817361
38.958151
0 -97.923595
38.95828
0 -97.92856
38.958395
0 -97.92856
38.958264
0 -97.928653
38.883577
0 -97.928967
38.882176
0 