-112.240006
40.787453
0 -112.26351
40.77345
0 -112.227795
40.725594
0 -112.22736
40.72518
0 -112.224909
40.723565
0 -112.223968
40.722936
0 -112.219797
40.720336
0 -112.216057
40.717996
0 -112.21471
40.717984
0 -112.213586
40.716574
0 -112.207835
40.715736
0 -112.203249
40.709127
0 -112.201725
40.706434
0 -112.20005
40.702102
0 -112.198406
40.696235
0 -112.198385
40.693263
0 -112.199066
40.692324
0 -112.201542
40.686138
0 -112.203867
40.683861
0 -112.20337
40.681206
0 -112.204214
40.677811
0 -112.201836
40.672819
0 -112.201608
40.671164
0 -112.201682
40.666358
0 -112.20144
40.662223
0 -112.202607
40.660296
0 -112.203036
40.656241
0 -112.202796
40.653924
0 -112.201528
40.651376
0 -112.197742
40.647745
0 -112.197745
40.643747
0 -112.197138
40.641818
0 -112.195635
40.640546
0 -112.194862
40.639038
0 -112.195222
40.637559
0 -112.194
40.635439
0 -112.195863
40.631667
0 -112.196267
40.629899
0 -112.196263
40.629308
0 -112.197545
40.62513
0 -112.196189
40.623666
0 -112.196024
40.62143
0 -112.193866
40.620384
0 -112.189714
40.616435
0 -112.188292
40.614271
0 -112.185547
40.614181
0 -112.18196
40.612313
0 -112.178642
40.607499
0 -112.17834
40.605465
0 -112.175465
40.604476
0 -112.17572
40.600933
0 -112.176362
40.60023
0 -112.176555
40.597461
0 -112.177426
40.595498
0 -112.176418
40.593667
0 -112.175756
40.590714
0 -112.176489
40.588477
0 -112.174992
40.585436
0 -112.177986
40.584092
0 -112.178794
40.582195
0 -112.181428
40.580504
0 -112.180365
40.577858
0 -112.183268
40.574012
0 -112.183274
40.572495
0 -112.181855
40.570785
0 -112.182261
40.568824
0 -112.181801
40.566508
0 -112.183274
40.564811
0 -112.182092
40.560994
0 -112.179412
40.557366
0 -112.178132
40.556221
0 -112.178762
40.555018
0 -112.178439
40.552847
0 -112.179801
40.549019
0 -112.179139
40.546365
0 -112.182211
40.543204
0 -112.182737
40.538789
0 -112.18188
40.537797
0 -112.181165
40.534924
0 -112.179057
40.531577
0 -112.179439
40.528534
0 -112.178611
40.527219
0 -112.179065
40.523385
0 -112.178565
40.521723
0 -112.184883
40.517864
0 -112.187413
40.513809
0 -112.187232
40.513083
0 -112.184998
40.510188
0 -112.185048
40.509445
0 -112.18019
40.502663
0 -112.176093
40.500497
0 -112.180275
40.497745
0 -112.181375
40.495745
0 -112.181275
40.491845
0 -112.176902
40.486038
0 -112.176977
40.485349
0 -112.177456
40.483944
0 -112.178397
40.482451
0 -112.176039
40.479006
0 -112.176279
40.4764
0 -112.17408
40.475867
0 -112.171933
40.471821
0 -112.173208
40.466923
0 -112.169348
40.463692
0 -112.165156
40.462255
0 -112.160267
40.460979
0 -112.156582
40.463881
0 -112.155681
40.465735
0 -112.156141
40.467101
0 -112.152915
40.468435
0 -112.150727
40.46796
0 -112.148657
40.46954
0 -112.145869
40.4704
0 -112.143302
40.470393
0 -112.140902
40.468462
0 -112.139441
40.468657
0 -112.138157
40.467406
0 -112.13494
40.46624
0 -112.133739
40.464869
0 -112.131796
40.464391
0 -112.130098
40.462078
0 -112.127731
40.460945
0 -112.125694
40.458957
0 -112.124364
40.458535
0 -112.120799
40.453821
0 -112.116288
40.451312
0 -112.114082
40.450024
0 -112.113332
40.447684
0 -112.114622
40.443844
0 -112.114521
40.441576
0 -112.112064
40.438898
0 -112.110047
40.440443
0 -112.103752
40.443397
0 -112.101444
40.445302
0 -112.098751
40.446551
0 -112.095188
40.447041
0 -112.093353
40.447885
0 -112.092284
40.447616
0 -112.088375
40.447896
0 -112.087944
40.448278
0 -112.0844
40.447613
0 -112.081159
40.448142
0 -112.079754
40.446782
0 -112.076224
40.447129
0 -112.072553
40.44699
0 -112.070498
40.445699
0 -112.066996
40.4463
0 -112.064239
40.449402
0 -112.061708
40.449973
0 -112.060499
40.450812
0 -112.059358
40.452979
0 -112.057407
40.453966
0 -112.054128
40.45498
0 -112.047164
40.456632
0 -112.045355
40.457718
0 -112.044959
40.459168
0 -112.043368
40.459704
0 -112.042091
40.460281
0 -112.038042
40.464688
0 -112.035711
40.464085
0 -112.03308
40.462205
0 -112.032545
40.460821
0 -112.032831
40.458293
0 -112.030377
40.453676
0 -112.0314
40.451238
0 -112.030924
40.450254
0 -112.024244
40.450167
0 -112.021809
40.44769
0 -112.020431
40.447376
0 -112.023005
40.445421
0 -112.024595
40.445019
0 -112.024551
40.443224
0 -112.021593
40.440468
0 -112.021601
40.439252
0 -112.01802
40.436026
0 -112.016629
40.435122
0 -112.01433
40.435229
0 -112.013196
40.436564
0 -112.01091
40.437122
0 -112.009629
40.435764
0 -112.006636
40.435251
0 -112.006915
40.433639
0 -112.008672
40.433186
0 -112.008814
40.431445
0 -112.006579
40.428433
0 -112.006569
40.426705
0 -112.003677
40.427141
0 -112.001606
40.426525
0 -111.999322
40.424158
0 -111.995542
40.424621
0 -111.992634
40.424137
0 -111.992519
40.420381
0 -111.990939
40.419285
0 -111.985815
40.418153
0 -111.984467
40.417105
0 -111.982043
40.41412
0 -111.9809
40.415252
0 -111.978859
40.416156
0 -111.978236
40.41727
0 -111.973699
40.417255
0 -111.969617
40.41862
0 -111.968561
40.419522
0 -111.966366
40.41984
0 -111.964246
40.419058
0 -111.960509
40.418312
0 -111.958656
40.419244
0 -111.957256
40.42198
0 -111.955865
40.421361
0 -111.953995
40.421764
0 -111.952975
40.423072
0 -111.950835
40.423296
0 -111.946673
40.424634
0 -111.945528
40.425518
0 -111.937837
40.429937
0 -111.930057
40.434409
0 -111.929661
40.434727
0 -111.923607
40.439588
0 -111.923183
40.439929
0 -111.921665
40.441147
0 -111.920815
40.441829
0 -111.91912
40.443191
0 -111.91779
40.446015
0 -111.914854
40.452249
0 -111.913937
40.452436
0 -111.913848
40.452454
0 -111.913673
40.45249
0 -111.913317
40.452563
0 -111.907562
40.45347
0 -111.900966
40.463438
0 -111.89629
40.463751
0 -111.892689
40.463854
0 -111.891245
40.464936
0 -111.891002
40.466398
0 -111.886698
40.468373
0 -111.886329
40.469577
0 -111.883128
40.471649
0 -111.882375
40.472699
0 -111.87574
40.475385
0 -111.873066
40.477335
0 -111.870221
40.476409
0 -111.868965
40.47468
0 -111.868271
40.472405
0 -111.862893
40.469258
0 -111.86023
40.468866
0 -111.858767
40.468509
0 -111.854949
40.467576
0 -111.855118
40.469817
0 -111.853805
40.470302
0 -111.851365
40.471445
0 -111.850848
40.471917
0 -111.850882
40.473497
0 -111.851011
40.473737
0 -111.851414
40.474485
0 -111.845791
40.477047
0 -111.844258
40.476642
0 -111.842545
40.474445
0 -111.836401
40.474885
0 -111.836239
40.477722
0 -111.834623
40.479127
0 -111.834767
40.481811
0 -111.83132
40.482739
0 -111.829322
40.48273
0 -111.827757
40.48477
0 -111.822322
40.485053
0 -111.821518
40.486281
0 -111.815762
40.489162
0 -111.811923
40.488242
0 -111.80734
40.489266
0 -111.80343
40.492478
0 -111.802651
40.493609
0 -111.80012
40.494081
0 -111.798702
40.495082
0 -111.789626
40.497772
0 -111.789113
40.501862
0 -111.791131
40.504006
0 -111.791537
40.505432
0 -111.78912
40.50911
0 -111.789145
40.510944
0 -111.787838
40.513763
0 -111.783538
40.514911
0 -111.781312
40.516938
0 -111.781167
40.518679
0 -111.775613
40.521276
0 -111.76966
40.522613
0 -111.764084
40.526916
0 -111.762756
40.528958
0 -111.760351
40.529229
0 -111.756283
40.527731
0 -111.755449
40.526402
0 -111.750055
40.524188
0 -111.747525
40.524384
0 -111.74377
40.522541
0 -111.739847
40.523981
0 -111.73752
40.528148
0 -111.736744
40.528937
0 -111.736214
40.531896
0 -111.735034
40.532752
0 -111.732607
40.530469
0 -111.726825
40.529313
0 -111.724421
40.526799
0 -111.721243
40.525204
0 -111.720305
40.525181
0 -111.716099
40.52782
0 -111.714058
40.531723
0 -111.713141
40.532695
0 -111.711125
40.532486
0 -111.705911
40.533621
0 -111.701637
40.533591
0 -111.698113
40.535728
0 -111.693605
40.53394
0 -111.690445
40.53327
0 -111.688
40.532131
0 -111.684626
40.531309
0 -111.681314
40.532986
0 -111.678462
40.53171
0 -111.67532
40.533026
0 -111.673336
40.537202
0 -111.666185
40.540613
0 -111.66397
40.541319
0 -111.661206
40.547362
0 -111.661874
40.549674
0 -111.656599
40.55186
0 -111.650251
40.551134
0 -111.648648
40.554274
0 -111.646309
40.556298
0 -111.644973
40.560849
0 -111.642021
40.562062
0 -111.637729
40.568046
0 -111.635387
40.56828
0 -111.633796
40.567534
0 -111.627823
40.566294
0 -111.620218
40.565211
0 -111.614454
40.565497
0 -111.612311
40.565313
0 -111.611057
40.565975
0 -111.605812
40.564407
0 -111.602616
40.567973
0 -111.601803
40.57027
0 -111.602631
40.574539
0 -111.600957
40.576544
0 -111.598167
40.578003
0 -111.59393
40.577071
0 -111.591867
40.579014
0 -111.589546
40.580537
0 -111.58684
40.581327
0 -111.582394
40.581262
0 -111.579403
40.582271
0 -111.577578
40.583339
0 -111.572363
40.582209
0 -111.569752
40.582914
0 -111.567958
40.5843
0 -111.564
40.584961
0 -111.561467
40.589216
0 -111.55981
40.590626
0 -111.560675
40.592576
0 -111.558469
40.59999
0 -111.559187
40.601578
0 -111.558268
40.603222
0 -111.555872
40.604898
0 -111.554256
40.60825
0 -111.553105
40.609362
0 -111.553738
40.611168
0 -111.556557
40.611974
0 -111.558917
40.614213
0 -111.5587
40.615633
0 -111.558371
40.616463
0 -111.55786
40.618168
0 -111.563474
40.621911
0 -111.564771
40.622155
0 -111.567497
40.623274
0 -111.56796
40.627516
0 -111.569149
40.629373
0 -111.572455
40.630682
0 -111.575674
40.632589
0 -111.576577
40.633632
0 -111.576346
40.636832
0 -111.57787
40.639244
0 -111.577393
40.642244
0 -111.577922
40.643783
0 -111.579743
40.645393
0 -111.5847
40.64744
0 -111.587914
40.649685
0 -111.591082
40.650073
0 -111.593728
40.651629
0 -111.594237
40.653975
0 -111.596031
40.659002
0 -111.596807
40.659998
0 -111.600496
40.664283
0 -111.604411
40.666523
0 -111.604501
40.669147
0 -111.602564
40.672102
0 -111.601982
40.675773
0 -111.602935
40.677349
0 -111.601682
40.679257
0 -111.601371
40.682731
0 -111.60178
40.684723
0 -111.60114
40.687289
0 -111.599182
40.690324
0 -111.599406
40.691946
0 -111.594601
40.696368
0 -111.592748
40.699119
0 -111.593614
40.702207
0 -111.597126
40.705129
0 -111.600228
40.708475
0 -111.603912
40.711789
0 -111.606062
40.712865
0 -111.607541
40.714629
0 -111.611726
40.717812
0 -111.612209
40.71902
0 -111.614831
40.719516
0 -111.614805
40.721366
0 -111.616208
40.723148
0 -111.614504
40.725406
0 -111.613688
40.728352
0 -111.615838
40.729079
0 -111.622098
40.729968
0 -111.622899
40.730486
0 -111.623406
40.733293
0 -111.622208
40.735403
0 -111.622057
40.738093
0 -111.624571
40.739891
0 -111.623877
40.741665
0 -111.621062
40.742568
0 -111.61933
40.743631
0 -111.617672
40.746891
0 -111.618942
40.749045
0 -111.622296
40.751314
0 -111.623353
40.753511
0 -111.623436
40.754238
0 -111.622981
40.756516
0 -111.621198
40.757678
0 -111.621452
40.758345
0 -111.623664
40.760267
0 -111.62576
40.761283
0 -111.628081
40.760539
0 -111.634832
40.762252
0 -111.63741
40.763897
0 -111.636854
40.767155
0 -111.638245
40.769173
0 -111.640714
40.771245
0 -111.644431
40.77118
0 -111.646401
40.772331
0 -111.64735
40.772209
0 -111.649073
40.773749
0 -111.6483
40.775874
0 -111.645658
40.778023
0 -111.645164
40.778905
0 -111.646051
40.781894
0 -111.645864
40.782862
0 -111.643162
40.785993
0 -111.644106
40.787781
0 -111.647071
40.789744
0 -111.648414
40.792108
0 -111.646973
40.796253
0 -111.645707
40.797923
0 -111.641022
40.799084
0 -111.641286
40.803616
0 -111.640819
40.805062
0 -111.642479
40.805742
0 -111.641588
40.80749
0 -111.639046
40.809286
0 -111.640018
40.8125
0 -111.640715
40.812996
0 -111.640379
40.814794
0 -111.641701
40.816607
0 -111.641994
40.818136
0 -111.645594
40.820539
0 -111.64565
40.824061
0 -111.648866
40.824554
0 -111.651758
40.82404
0 -111.65246
40.827347
0 -111.656734
40.830496
0 -111.658636
40.830627
0 -111.664501
40.829899
0 -111.665691
40.830658
0 -111.666128
40.832108
0 -111.66599
40.83498
0 -111.665093
40.835627
0 -111.663889
40.840922
0 -111.662374
40.843601
0 -111.660509
40.845583
0 -111.662032
40.848377
0 -111.663996
40.850194
0 -111.668866
40.852365
0 -111.669799
40.853528
0 -111.67253
40.853756
0 -111.674114
40.855279
0 -111.676743
40.855349
0 -111.679264
40.856182
0 -111.683323
40.856304
0 -111.687207
40.858809
0 -111.69088
40.858825
0 -111.695911
40.861784
0 -111.701295
40.861235
0 -111.703851
40.855826
0 -111.705899
40.854107
0 -111.706732
40.852773
0 -111.709078
40.852782
0 -111.712361
40.85168
0 -111.716218
40.853601
0 -111.717634
40.853149
0 -111.720842
40.855763
0 -111.724618
40.854688
0 -111.72903
40.856329
0 -111.733311
40.859399
0 -111.738744
40.860998
0 -111.741062
40.860484
0 -111.744766
40.860665
0 -111.747019
40.859999
0 -111.749662
40.85523
0 -111.75219
40.853498
0 -111.755046
40.854074
0 -111.758238
40.852646
0 -111.759974
40.85297
0 -111.76271
40.850926
0 -111.768719
40.84875
0 -111.771231
40.849009
0 -111.774191
40.848001
0 -111.777855
40.845165
0 -111.779407
40.844589
0 -111.781815
40.844145
0 -111.786111
40.845405
0 -111.788359
40.845749
0 -111.792127
40.844845
0 -111.796471
40.842853
0 -111.798983
40.840961
0 -111.800863
40.840509
0 -111.803695
40.838933
0 -111.810294
40.839691
0 -111.812631
40.840271
0 -111.815768
40.839145
0 -111.817664
40.838618
0 -111.819113
40.836526
0 -111.821833
40.83481
0 -111.827441
40.834253
0 -111.830104
40.832529
0 -111.836272
40.831133
0 -111.838568
40.831245
0 -111.841713
40.832741
0 -111.843945
40.832337
0 -111.844873
40.831033
0 -111.846713
40.830121
0 -111.848593
40.830561
0 -111.849521
40.829713
0 -111.853465
40.829589
0 -111.853905
40.828169
0 -111.856017
40.827353
0 -111.857913
40.824665
0 -111.860073
40.825289
0 -111.862713
40.824373
0 -111.864785
40.824785
0 -111.868685
40.824133
0 -111.870895
40.821702
0 -111.875829
40.821822
0 -111.890956
40.821826
0 -111.900906
40.821827
0 -111.900907
40.819882
0 -111.905669
40.819878
0 -111.905665
40.821823
0 -111.916184
40.821823
0 -111.920661
40.821815
0 -111.937785
40.821801
0 -111.941362
40.821792
0 -111.941139
40.822957
0 -111.938851
40.823247
0 -111.938266
40.823882
0 -111.938728
40.828671
0 -111.940342
40.830974
0 -111.944569
40.832284
0 -111.944191
40.834521
0 -111.948756
40.840048
0 -111.951111
40.841964
0 -111.949913
40.842759
0 -111.95053
40.844391
0 -111.953442
40.845026
0 -111.95494
40.84807
0 -111.954409
40.848988
0 -111.955576
40.849235
0 -111.958893
40.848243
0 -111.959978
40.847281
0 -111.961891
40.847502
0 -111.962531
40.84782
0 -111.96343
40.851367
0 -111.965214
40.851688
0 -111.965207
40.853182
0 -111.966502
40.854845
0 -111.966215
40.857132
0 -111.966873
40.857836
0 -111.965231
40.860184
0 -111.965971
40.861714
0 -111.965934
40.861987
0 -111.96397
40.863711
0 -111.965346
40.865604
0 -111.965489
40.867844
0 -111.963751
40.870379
0 -111.966645
40.872334
0 -111.969522
40.871669
0 -111.970153
40.872261
0 -111.969973
40.874814
0 -111.971815
40.875808
0 -111.968116
40.880728
0 -111.968383
40.883
0 -111.969328
40.883503
0 -111.968576
40.88535
0 -111.969821
40.885832
0 -111.9689
40.887774
0 -111.966278
40.889788
0 -111.966022
40.892313
0 -111.962833
40.894644
0 -111.962543
40.896505
0 -111.959995
40.897867
0 -111.95991
40.900133
0 -111.95863
40.900363
0 -111.958556
40.912668
0 -111.958588
40.918082
0 -111.958621
40.922048
0 -112.006597
40.921845
0 -112.009988
40.920066
0 -112.142451
40.850221
0 -112.208623
40.807703
0 -112.218285
40.80186
0 -112.240006
40.787453
0 