-82.010272
33.964023
0 -82.008298
33.961646
0 -81.99984
33.963527
0 -81.998666
33.964171
0 -81.932044
33.976914
0 -81.900156
33.975637
0 -81.894595
33.975415
0 -81.873112
33.901754
0 -81.87036
33.891985
0 -81.86695
33.889859
0 -81.863659
33.885121
0 -81.862133
33.883595
0 -81.857904
33.880662
0 -81.85349
33.877955
0 -81.847651
33.875355
0 -81.84676
33.874741
0 -81.836803
33.866501
0 -81.833798
33.865067
0 -81.830105
33.864949
0 -81.827879
33.86562
0 -81.824624
33.867204
0 -81.823525
33.867227
0 -81.821726
33.866167
0 -81.814059
33.863414
0 -81.810301
33.861253
0 -81.808039
33.858715
0 -81.806366
33.858454
0 -81.799606
33.855608
0 -81.776625
33.845993
0 -81.721001
33.832277
0 -81.652409
33.814583
0 -81.651759
33.81451
0 -81.613897
33.843889
0 -81.602413
33.853032
0 -81.586943
33.865388
0 -81.584337
33.867424
0 -81.579111
33.871522
0 -81.571485
33.87723
0 -81.57142
33.87809
0 -81.571822
33.879823
0 -81.569285
33.88763
0 -81.567949
33.888735
0 -81.566836
33.889858
0 -81.565705
33.892263
0 -81.563242
33.896937
0 -81.551122
33.920162
0 -81.539321
33.944094
0 -81.534863
33.953376
0 -81.530205
33.963264
0 -81.495941
34.027509
0 -81.492397
34.034257
0 -81.480919
34.056258
0 -81.478225
34.062347
0 -81.474219
34.071466
0 -81.471972
34.076552
0 -81.472674
34.076494
0 -81.477342
34.078032
0 -81.482147
34.081901
0 -81.485078
34.082299
0 -81.48699
34.081332
0 -81.487989
34.079106
0 -81.492501
34.076777
0 -81.495772
34.076844
0 -81.499825
34.074817
0 -81.502477
34.07388
0 -81.505562
34.074825
0 -81.509632
34.076952
0 -81.511147
34.078709
0 -81.512835
34.081709
0 -81.51385
34.082253
0 -81.518834
34.081393
0 -81.524801
34.082701
0 -81.530171
34.082893
0 -81.533607
34.08207
0 -81.536868
34.081626
0 -81.538899
34.081744
0 -81.540507
34.083304
0 -81.542359
34.084216
0 -81.544355
34.087492
0 -81.546076
34.092045
0 -81.548539
34.093905
0 -81.554151
34.094072
0 -81.558503
34.096133
0 -81.563416
34.09926
0 -81.566463
34.100075
0 -81.568511
34.099687
0 -81.57135
34.099714
0 -81.58277
34.109437
0 -81.585536
34.111648
0 -81.588619
34.116338
0 -81.589596
34.117212
0 -81.593689
34.118504
0 -81.595286
34.118459
0 -81.596516
34.117493
0 -81.59792
34.116155
0 -81.599026
34.113113
0 -81.599713
34.112905
0 -81.600468
34.112906
0 -81.60248
34.114759
0 -81.604293
34.120296
0 -81.606454
34.121712
0 -81.607615
34.123161
0 -81.608915
34.123539
0 -81.616007
34.123982
0 -81.619946
34.124724
0 -81.622676
34.126301
0 -81.624828
34.128748
0 -81.62996
34.137577
0 -81.631348
34.141617
0 -81.63203
34.142436
0 -81.636963
34.146181
0 -81.639438
34.146637
0 -81.642671
34.146573
0 -81.645685
34.145943
0 -81.647418
34.14604
0 -81.654886
34.148385
0 -81.657065
34.149768
0 -81.66009
34.1523
0 -81.6672
34.154732
0 -81.672671
34.156009
0 -81.674346
34.157695
0 -81.676667
34.163224
0 -81.679116
34.164955
0 -81.682493
34.165967
0 -81.684112
34.166736
0 -81.691503
34.172943
0 -81.693705
34.173954
0 -81.696667
34.174049
0 -81.700284
34.172993
0 -81.704527
34.172714
0 -81.709036
34.173179
0 -81.715502
34.175234
0 -81.718593
34.176606
0 -81.720883
34.178326
0 -81.724115
34.18131
0 -81.726303
34.184349
0 -81.729077
34.18642
0 -81.731614
34.187613
0 -81.73419
34.187194
0 -81.737944
34.185663
0 -81.741718
34.182106
0 -81.743947
34.179158
0 -81.746953
34.178212
0 -81.749177
34.177097
0 -81.753858
34.177709
0 -81.75534
34.177437
0 -81.758263
34.175544
0 -81.760609
34.175644
0 -81.763345
34.173959
0 -81.766004
34.174635
0 -81.768863
34.174908
0 -81.771025
34.173854
0 -81.771674
34.171967
0 -81.77182
34.16955
0 -81.773636
34.166591
0 -81.778804
34.164667
0 -81.780058
34.165105
0 -81.780231
34.166353
0 -81.785604
34.165914
0 -81.785946
34.166477
0 -81.785243
34.168807
0 -81.783772
34.167895
0 -81.78143
34.169764
0 -81.781422
34.171288
0 -81.782267
34.172178
0 -81.784165
34.172681
0 -81.786793
34.171973
0 -81.788676
34.172045
0 -81.790256
34.169584
0 -81.793584
34.169318
0 -81.796127
34.170329
0 -81.799985
34.17243
0 -81.805202
34.173857
0 -81.808395
34.175173
0 -81.810816
34.175381
0 -81.815089
34.174395
0 -81.818431
34.173095
0 -81.823832
34.172433
0 -81.827335
34.172838
0 -81.828806
34.173622
0 -81.829756
34.176728
0 -81.827864
34.177906
0 -81.825677
34.180742
0 -81.827264
34.182187
0 -81.83206
34.179619
0 -81.834206
34.177996
0 -81.835863
34.175456
0 -81.838918
34.172184
0 -81.842461
34.173111
0 -81.845626
34.174923
0 -81.848576
34.177471
0 -81.853377
34.180082
0 -81.860571
34.179373
0 -81.862502
34.176435
0 -81.8665
34.172051
0 -81.870677
34.170595
0 -81.876356
34.167834
0 -81.87685
34.16636
0 -81.875848
34.164844
0 -81.875593
34.163051
0 -81.876102
34.161845
0 -81.878528
34.159516
0 -81.879248
34.157881
0 -81.878848
34.156704
0 -81.875926
34.155783
0 -81.871689
34.151202
0 -81.87099
34.149996
0 -81.872978
34.147794
0 -81.872763
34.145809
0 -81.868035
34.142682
0 -81.866727
34.140926
0 -81.866664
34.138132
0 -81.867213
34.136894
0 -81.870084
34.135357
0 -81.868535
34.132441
0 -81.870958
34.132591
0 -81.870458
34.129939
0 -81.872898
34.128788
0 -81.872605
34.126745
0 -81.874395
34.127345
0 -81.878238
34.125606
0 -81.87837
34.123802
0 -81.880557
34.122826
0 -81.880922
34.120263
0 -81.883004
34.119503
0 -81.885124
34.119673
0 -81.887548
34.117921
0 -81.890053
34.113056
0 -81.890656
34.110084
0 -81.892432
34.109107
0 -81.895222
34.108655
0 -81.896997
34.106883
0 -81.895973
34.104974
0 -81.895677
34.099714
0 -81.897784
34.099134
0 -81.899003
34.098048
0 -81.900274
34.094978
0 -81.904809
34.094586
0 -81.907145
34.093933
0 -81.910611
34.092671
0 -81.913583
34.09234
0 -81.915781
34.09098
0 -81.918339
34.083543
0 -81.918287
34.079087
0 -81.919616
34.078684
0 -81.922622
34.076971
0 -81.923644
34.076972
0 -81.924815
34.078465
0 -81.926036
34.078621
0 -81.927444
34.07767
0 -81.928681
34.075842
0 -81.928783
34.073744
0 -81.929848
34.070533
0 -81.930665
34.069833
0 -81.940508
34.050217
0 -81.946118
34.038942
0 -81.946168
34.038821
0 -81.982572
34.00285
0 -81.983945
34.00013
0 -81.986508
33.998774
0 -81.989142
33.998266
0 -81.990713
33.996615
0 -81.991181
33.994872
0 -81.992335
33.99395
0 -81.992378
33.991124
0 -81.994961
33.988366
0 -81.996268
33.986415
0 -81.995646
33.985189
0 -81.996978
33.982798
0 -81.998621
33.981741
0 -81.998646
33.9808
0 -82.001144
33.978087
0 -81.999969
33.976024
0 -82.000286
33.974678
0 -82.001184
33.975006
0 -82.003734
33.972855
0 -82.006057
33.971247
0 -82.007843
33.966368
0 -82.010272
33.964023
0 