-78.671739
35.087042
0 -78.672277
35.085286
0 -78.671689
35.085028
0 -78.671455
35.082831
0 -78.669012
35.080538
0 -78.666521
35.080245
0 -78.663941
35.079239
0 -78.662958
35.077989
0 -78.663199
35.076708
0 -78.662579
35.075074
0 -78.662488
35.069256
0 -78.664039
35.06724
0 -78.662295
35.065602
0 -78.662242
35.064811
0 -78.660539
35.063212
0 -78.661549
35.059921
0 -78.659164
35.058146
0 -78.657338
35.055318
0 -78.657789
35.054484
0 -78.656663
35.05386
0 -78.655764
35.051444
0 -78.65441
35.050952
0 -78.653968
35.049582
0 -78.65505
35.048541
0 -78.654362
35.047687
0 -78.656735
35.043401
0 -78.658263
35.04188
0 -78.657782
35.039789
0 -78.656285
35.038899
0 -78.656021
35.037889
0 -78.654236
35.036418
0 -78.653936
35.034263
0 -78.655779
35.034516
0 -78.65427
35.032988
0 -78.65369
35.031279
0 -78.65172
35.029861
0 -78.651627
35.028867
0 -78.650345
35.028548
0 -78.649938
35.026218
0 -78.650374
35.023411
0 -78.652552
35.021681
0 -78.65294
35.020626
0 -78.650478
35.019236
0 -78.649578
35.017366
0 -78.650257
35.015175
0 -78.64674
35.012021
0 -78.646041
35.009821
0 -78.645002
35.010043
0 -78.645034
35.008419
0 -78.647603
35.005606
0 -78.645932
35.003649
0 -78.646937
35.001789
0 -78.647077
35.001285
0 -78.646165
34.999247
0 -78.646463
34.995655
0 -78.647522
34.99482
0 -78.646547
34.991249
0 -78.643638
34.990009
0 -78.643272
34.988919
0 -78.641078
34.988734
0 -78.636743
34.98801
0 -78.634791
34.985883
0 -78.635441
34.983928
0 -78.636373
34.983627
0 -78.637406
34.981733
0 -78.635598
34.980104
0 -78.633382
34.980555
0 -78.632508
34.978266
0 -78.630052
34.975635
0 -78.627508
34.974373
0 -78.627076
34.971592
0 -78.625603
34.970811
0 -78.623746
34.96863
0 -78.622599
34.968566
0 -78.620455
34.968203
0 -78.620758
34.966957
0 -78.618877
34.964698
0 -78.616315
34.963798
0 -78.614799
34.962744
0 -78.614571
34.961058
0 -78.613042
34.959575
0 -78.611362
34.960998
0 -78.61046
34.959334
0 -78.611107
34.958966
0 -78.610051
34.956752
0 -78.607477
34.95368
0 -78.60634
34.953208
0 -78.605625
34.954334
0 -78.602938
34.951922
0 -78.601167
34.951431
0 -78.599479
34.951663
0 -78.598378
34.950916
0 -78.595861
34.947461
0 -78.59103
34.946594
0 -78.591156
34.944803
0 -78.590061
34.943627
0 -78.587125
34.941897
0 -78.584492
34.941769
0 -78.583578
34.940128
0 -78.583724
34.938478
0 -78.58175
34.937989
0 -78.577797
34.938514
0 -78.576069
34.937383
0 -78.572627
34.936949
0 -78.5721
34.935834
0 -78.572987
34.934933
0 -78.572213
34.933367
0 -78.572987
34.931395
0 -78.57278
34.929868
0 -78.570618
34.926994
0 -78.567016
34.925269
0 -78.564461
34.925088
0 -78.563459
34.923694
0 -78.564289
34.92327
0 -78.562497
34.92065
0 -78.5631
34.919627
0 -78.562092
34.917966
0 -78.55882
34.916596
0 -78.557198
34.915512
0 -78.553596
34.91493
0 -78.551665
34.915555
0 -78.550659
34.914984
0 -78.548971
34.915459
0 -78.54775
34.916966
0 -78.546486
34.916451
0 -78.543372
34.913904
0 -78.541946
34.91066
0 -78.542893
34.909292
0 -78.541938
34.908046
0 -78.543682
34.9074
0 -78.543262
34.906156
0 -78.545512
34.905244
0 -78.545165
34.903699
0 -78.545862
34.902493
0 -78.547326
34.902588
0 -78.546927
34.900875
0 -78.545101
34.900724
0 -78.54052
34.898262
0 -78.540778
34.897382
0 -78.537992
34.896081
0 -78.534956
34.895201
0 -78.535044
34.893909
0 -78.530489
34.892852
0 -78.529169
34.891621
0 -78.526489
34.891054
0 -78.526842
34.890258
0 -78.525076
34.888164
0 -78.525712
34.884887
0 -78.52479
34.884105
0 -78.522812
34.8836
0 -78.521229
34.882736
0 -78.519347
34.882653
0 -78.519742
34.8837
0 -78.517543
34.883791
0 -78.515661
34.883
0 -78.515626
34.881958
0 -78.51387
34.881916
0 -78.514457
34.880927
0 -78.512906
34.880906
0 -78.514079
34.875956
0 -78.51501
34.875567
0 -78.514758
34.873734
0 -78.513379
34.873385
0 -78.5133
34.869287
0 -78.511755
34.867961
0 -78.50694
34.866669
0 -78.506006
34.865179
0 -78.502835
34.864663
0 -78.502189
34.861549
0 -78.498938
34.859302
0 -78.496564
34.859471
0 -78.494838
34.858841
0 -78.49541
34.857678
0 -78.49461
34.856464
0 -78.495851
34.85455
0 -78.495248
34.852333
0 -78.492115
34.848946
0 -78.493184
34.847271
0 -78.493528
34.843369
0 -78.489543
34.842872
0 -78.490577
34.841099
0 -78.488049
34.839371
0 -78.4886
34.837763
0 -78.486787
34.835841
0 -78.484179
34.83646
0 -78.482339
34.836993
0 -78.479913
34.835856
0 -78.478424
34.83426
0 -78.475212
34.832711
0 -78.474233
34.833057
0 -78.471271
34.831406
0 -78.46878
34.829434
0 -78.465836
34.827871
0 -78.464806
34.826055
0 -78.467035
34.823355
0 -78.46487
34.820841
0 -78.463804
34.822019
0 -78.461952
34.822514
0 -78.461923
34.821248
0 -78.460582
34.822234
0 -78.459603
34.822005
0 -78.459326
34.819391
0 -78.458005
34.816826
0 -78.46006
34.814128
0 -78.459224
34.81286
0 -78.456934
34.812308
0 -78.452571
34.812779
0 -78.452359
34.813848
0 -78.449823
34.813644
0 -78.448816
34.811503
0 -78.447741
34.810675
0 -78.449457
34.809002
0 -78.449386
34.807694
0 -78.448152
34.806529
0 -78.446481
34.806341
0 -78.444634
34.802527
0 -78.442114
34.802275
0 -78.440998
34.80039
0 -78.442544
34.798837
0 -78.444781
34.798633
0 -78.444381
34.797361
0 -78.44151
34.794528
0 -78.440752
34.795242
0 -78.437319
34.792036
0 -78.439195
34.790643
0 -78.437819
34.787673
0 -78.438593
34.785798
0 -78.436917
34.784218
0 -78.432667
34.783258
0 -78.430934
34.782106
0 -78.429754
34.782279
0 -78.428759
34.780752
0 -78.42984
34.778565
0 -78.430085
34.776378
0 -78.427855
34.774918
0 -78.426373
34.775243
0 -78.425713
34.773507
0 -78.423513
34.773009
0 -78.423154
34.770779
0 -78.424289
34.769847
0 -78.420609
34.767687
0 -78.420192
34.765839
0 -78.418432
34.765488
0 -78.414035
34.768202
0 -78.414117
34.766124
0 -78.411524
34.764894
0 -78.40983
34.765279
0 -78.408937
34.761483
0 -78.406462
34.760484
0 -78.405779
34.759419
0 -78.407105
34.759286
0 -78.407529
34.757769
0 -78.404881
34.756443
0 -78.403527
34.757246
0 -78.402804
34.756423
0 -78.403686
34.754795
0 -78.402354
34.753654
0 -78.40039
34.753177
0 -78.400689
34.751758
0 -78.399214
34.75144
0 -78.398411
34.750221
0 -78.397696
34.751102
0 -78.394693
34.751008
0 -78.390956
34.749725
0 -78.391972
34.748316
0 -78.391196
34.746638
0 -78.39006
34.746085
0 -78.390275
34.744658
0 -78.392737
34.744203
0 -78.393074
34.742175
0 -78.392073
34.741237
0 -78.390183
34.739424
0 -78.387836
34.738571
0 -78.388102
34.737295
0 -78.390373
34.736727
0 -78.39084
34.733751
0 -78.392716
34.732472
0 -78.391749
34.72952
0 -78.389758
34.72959
0 -78.387143
34.728376
0 -78.385853
34.726638
0 -78.38427
34.726859
0 -78.383186
34.725771
0 -78.383258
34.724199
0 -78.382178
34.723566
0 -78.380724
34.72425
0 -78.379469
34.72342
0 -78.380214
34.722503
0 -78.379727
34.720377
0 -78.380803
34.719946
0 -78.382269
34.717557
0 -78.380143
34.716889
0 -78.38015
34.715334
0 -78.377092
34.713862
0 -78.376007
34.712544
0 -78.377604
34.71256
0 -78.376406
34.711601
0 -78.377312
34.70976
0 -78.373787
34.708237
0 -78.368538
34.704214
0 -78.36902
34.703105
0 -78.371573
34.702416
0 -78.369309
34.700898
0 -78.369943
34.700174
0 -78.374192
34.701132
0 -78.373061
34.698979
0 -78.369082
34.69676
0 -78.36745
34.695013
0 -78.366607
34.693176
0 -78.361696
34.69548
0 -78.360531
34.694028
0 -78.362776
34.693423
0 -78.361321
34.691347
0 -78.359371
34.692799
0 -78.357372
34.692601
0 -78.355338
34.690272
0 -78.353935
34.691529
0 -78.352107
34.691593
0 -78.351356
34.692541
0 -78.349391
34.691735
0 -78.350392
34.689342
0 -78.349114
34.688396
0 -78.348732
34.690057
0 -78.346693
34.690336
0 -78.346845
34.689006
0 -78.3458
34.688123
0 -78.346307
34.685267
0 -78.346004
34.683953
0 -78.344729
34.683148
0 -78.347227
34.682445
0 -78.346955
34.680174
0 -78.344712
34.680236
0 -78.344292
34.678932
0 -78.342403
34.679933
0 -78.338628
34.674977
0 -78.334265
34.67402
0 -78.33425
34.672965
0 -78.330778
34.672552
0 -78.330805
34.671498
0 -78.327798
34.670973
0 -78.327836
34.669051
0 -78.325007
34.668834
0 -78.325139
34.666914
0 -78.323787
34.666574
0 -78.324315
34.664793
0 -78.326112
34.665907
0 -78.326989
34.663952
0 -78.325605
34.663397
0 -78.326229
34.658615
0 -78.325581
34.658064
0 -78.326531
34.656039
0 -78.323033
34.654726
0 -78.323009
34.65303
0 -78.322103
34.652719
0 -78.324093
34.651947
0 -78.32302
34.651231
0 -78.324658
34.64974
0 -78.322292
34.648775
0 -78.321474
34.650123
0 -78.320947
34.648959
0 -78.319545
34.648741
0 -78.319169
34.647522
0 -78.317327
34.645391
0 -78.31427
34.644974
0 -78.312971
34.643496
0 -78.313385
34.641343
0 -78.311496
34.641399
0 -78.311581
34.63997
0 -78.312689
34.638661
0 -78.315597
34.637586
0 -78.314782
34.636649
0 -78.316728
34.636013
0 -78.316813
34.634975
0 -78.31412
34.633823
0 -78.315984
34.632354
0 -78.318262
34.632172
0 -78.318625
34.631494
0 -78.321217
34.631183
0 -78.322861
34.629568
0 -78.319331
34.627115
0 -78.316624
34.628348
0 -78.31598
34.626941
0 -78.317311
34.626295
0 -78.313347
34.625592
0 -78.312832
34.623822
0 -78.314362
34.621585
0 -78.313292
34.620871
0 -78.314414
34.618876
0 -78.312682
34.616567
0 -78.311112
34.615709
0 -78.312831
34.614034
0 -78.310717
34.612025
0 -78.309069
34.61307
0 -78.306616
34.613353
0 -78.306068
34.611404
0 -78.304279
34.610509
0 -78.306288
34.608856
0 -78.30418
34.607572
0 -78.304564
34.604768
0 -78.303509
34.603962
0 -78.305314
34.603816
0 -78.304786
34.602466
0 -78.302941
34.603055
0 -78.303249
34.600779
0 -78.300736
34.601432
0 -78.30022
34.600512
0 -78.29773
34.599944
0 -78.294891
34.601828
0 -78.293246
34.601599
0 -78.290973
34.600203
0 -78.291998
34.59901
0 -78.292427
34.596987
0 -78.288661
34.597957
0 -78.288593
34.595661
0 -78.286684
34.593101
0 -78.285569
34.593626
0 -78.284238
34.591769
0 -78.282627
34.591707
0 -78.28231
34.590771
0 -78.279736
34.591158
0 -78.280379
34.589388
0 -78.278192
34.588336
0 -78.277781
34.586878
0 -78.276404
34.586488
0 -78.276846
34.585114
0 -78.274682
34.584066
0 -78.27494
34.581546
0 -78.271605
34.582147
0 -78.271013
34.581238
0 -78.269286
34.582483
0 -78.267499
34.583887
0 -78.266117
34.58397
0 -78.265974
34.582017
0 -78.264704
34.580084
0 -78.26489
34.57904
0 -78.262568
34.578587
0 -78.263868
34.576655
0 -78.261693
34.575939
0 -78.260582
34.57438
0 -78.260655
34.572785
0 -78.262105
34.571991
0 -78.260309
34.570206
0 -78.258637
34.569924
0 -78.257784
34.568291
0 -78.25571
34.567857
0 -78.255209
34.568838
0 -78.254182
34.566619
0 -78.254561
34.56421
0 -78.251809
34.562181
0 -78.254624
34.559901
0 -78.259892
34.556678
0 -78.259597
34.555571
0 -78.257845
34.556033
0 -78.256223
34.555495
0 -78.254556
34.553963
0 -78.249721
34.559834
0 -78.24588
34.564077
0 -78.233462
34.580326
0 -78.213289
34.605963
0 -78.156148
34.67861
0 -78.124713
34.699816
0 -78.117441
34.705137
0 -78.114137
34.70709
0 -78.11441
34.710247
0 -78.113425
34.713897
0 -78.113637
34.719411
0 -78.113208
34.721969
0 -78.115172
34.721983
0 -78.115278
34.720195
0 -78.120583
34.715726
0 -78.123573
34.714507
0 -78.128576
34.711252
0 -78.133926
34.705972
0 -78.143617
34.716945
0 -78.144606
34.717634
0 -78.152544
34.72176
0 -78.164302
34.725639
0 -78.173095
34.728953
0 -78.184774
34.732444
0 -78.200473
34.737301
0 -78.199801
34.739388
0 -78.198836
34.742259
0 -78.193852
34.755661
0 -78.186691
34.777964
0 -78.185526
34.785577
0 -78.179899
34.801216
0 -78.179483
34.803281
0 -78.176736
34.811327
0 -78.173956
34.819426
0 -78.167708
34.834527
0 -78.168121
34.83655
0 -78.167585
34.838125
0 -78.167387
34.843806
0 -78.166112
34.84684
0 -78.164741
34.8537
0 -78.162631
34.859455
0 -78.161512
34.86436
0 -78.156505
34.879528
0 -78.147081
34.902448
0 -78.149268
34.92601
0 -78.149871
34.928284
0 -78.149556
34.929573
0 -78.15048
34.939899
0 -78.150204
34.945083
0 -78.149736
34.947636
0 -78.152385
34.95814
0 -78.15358
34.970832
0 -78.154013
34.973492
0 -78.153039
34.974064
0 -78.15217
34.982365
0 -78.152412
34.984879
0 -78.151729
34.993432
0 -78.151641
35.005324
0 -78.152632
35.014514
0 -78.152874
35.01705
0 -78.154455
35.019637
0 -78.155709
35.031364
0 -78.157572
35.040077
0 -78.160216
35.052075
0 -78.160004
35.059439
0 -78.159042
35.076512
0 -78.159407
35.079981
0 -78.164298
35.085526
0 -78.171912
35.093487
0 -78.172041
35.100083
0 -78.170662
35.11175
0 -78.167169
35.125298
0 -78.165518
35.131115
0 -78.165058
35.132459
0 -78.164264
35.137924
0 -78.163034
35.142996
0 -78.163112
35.144517
0 -78.162985
35.147963
0 -78.164364
35.168969
0 -78.16437
35.169052
0 -78.164848
35.17804
0 -78.163539
35.18937
0 -78.16168
35.204252
0 -78.191232
35.211904
0 -78.235831
35.223402
0 -78.237913
35.223342
0 -78.245018
35.226069
0 -78.245039
35.226101
0 -78.246556
35.226188
0 -78.247459
35.226986
0 -78.249708
35.230773
0 -78.252216
35.233445
0 -78.2561
35.236779
0 -78.267139
35.247159
0 -78.268832
35.250164
0 -78.29282
35.27438
0 -78.304662
35.286097
0 -78.330806
35.27987
0 -78.332778
35.2794
0 -78.363173
35.271279
0 -78.391146
35.262632
0 -78.393387
35.262295
0 -78.396966
35.260671
0 -78.410157
35.25644
0 -78.41082
35.256468
0 -78.418446
35.257115
0 -78.490666
35.263326
0 -78.491383
35.263362
0 -78.491908
35.263875
0 -78.499739
35.271709
0 -78.501247
35.272988
0 -78.510969
35.283224
0 -78.528523
35.301703
0 -78.541262
35.315116
0 -78.544829
35.312409
0 -78.548772
35.3107
0 -78.552979
35.310356
0 -78.555553
35.309444
0 -78.557731
35.306983
0 -78.559869
35.305983
0 -78.557678
35.305296
0 -78.558703
35.304445
0 -78.561564
35.304956
0 -78.564044
35.304495
0 -78.565853
35.30361
0 -78.570229
35.302127
0 -78.570866
35.301523
0 -78.572434
35.297777
0 -78.576528
35.295946
0 -78.579081
35.297737
0 -78.58209
35.297994
0 -78.583443
35.296775
0 -78.583454
35.294853
0 -78.583477
35.294834
0 -78.585305
35.293539
0 -78.583234
35.291166
0 -78.584011
35.289084
0 -78.583663
35.287765
0 -78.584546
35.28559
0 -78.585591
35.284573
0 -78.584284
35.282706
0 -78.584391
35.280805
0 -78.583111
35.279201
0 -78.58425
35.276987
0 -78.58366
35.275795
0 -78.584604
35.27329
0 -78.586135
35.27211
0 -78.588368
35.270438
0 -78.589346
35.270586
0 -78.591013
35.269108
0 -78.596492
35.265546
0 -78.598702
35.264969
0 -78.599733
35.263496
0 -78.598687
35.261332
0 -78.59963
35.259123
0 -78.601338
35.257947
0 -78.602939
35.25826
0 -78.603856
35.257067
0 -78.605784
35.25621
0 -78.606514
35.255248
0 -78.60934
35.254066
0 -78.610872
35.251055
0 -78.613209
35.249433
0 -78.613409
35.24835
0 -78.615706
35.247201
0 -78.617079
35.245706
0 -78.616244
35.240416
0 -78.615111
35.238527
0 -78.616744
35.237224
0 -78.618992
35.234031
0 -78.618294
35.230389
0 -78.61706
35.228324
0 -78.618392
35.226797
0 -78.619628
35.223368
0 -78.62254
35.222696
0 -78.623871
35.220932
0 -78.625708
35.219753
0 -78.629052
35.215618
0 -78.629996
35.215355
0 -78.631423
35.213427
0 -78.6319
35.2109
0 -78.630456
35.208164
0 -78.628355
35.207602
0 -78.62762
35.205745
0 -78.625672
35.205898
0 -78.624415
35.203583
0 -78.625715
35.202156
0 -78.62672
35.201338
0 -78.629009
35.200642
0 -78.632155
35.201105
0 -78.635021
35.198447
0 -78.637463
35.197938
0 -78.639624
35.199293
0 -78.643185
35.200846
0 -78.643755
35.199308
0 -78.645964
35.199139
0 -78.646794
35.1976
0 -78.646367
35.196617
0 -78.64424
35.195931
0 -78.641817
35.194275
0 -78.639871
35.19232
0 -78.638717
35.192596
0 -78.636933
35.192504
0 -78.635916
35.192091
0 -78.635749
35.19163
0 -78.635943
35.19119
0 -78.636546
35.190707
0 -78.637256
35.189411
0 -78.638413
35.188167
0 -78.63958
35.186808
0 -78.639975
35.186176
0 -78.640022
35.185786
0 -78.639755
35.185445
0 -78.639544
35.184717
0 -78.639434
35.184462
0 -78.639314
35.184281
0 -78.639153
35.184138
0 -78.638986
35.184017
0 -78.638919
35.183951
0 -78.638899
35.183929
0 -78.638846
35.183814
0 -78.638852
35.183755
0 -78.638872
35.183588
0 -78.638872
35.183578
0 -78.638877
35.18352
0 -78.638893
35.183319
0 -78.638896
35.183287
0 -78.63892
35.183094
0 -78.639007
35.182709
0 -78.638998
35.182597
0 -78.638987
35.182451
0 -78.638976
35.182365
0 -78.63896
35.182231
0 -78.638847
35.182028
0 -78.638807
35.181957
0 -78.638649
35.181759
0 -78.638579
35.181671
0 -78.638345
35.181473
0 -78.638144
35.181325
0 -78.638104
35.181308
0 -78.63789
35.181226
0 -78.637214
35.181143
0 -78.636887
35.181049
0 -78.636759
35.180993
0 -78.636572
35.180912
0 -78.636231
35.180703
0 -78.636157
35.180642
0 -78.63593
35.180445
0 -78.635689
35.180186
0 -78.635442
35.179886
0 -78.635422
35.179862
0 -78.635275
35.179697
0 -78.635074
35.179439
0 -78.634947
35.179252
0 -78.634787
35.179005
0 -78.634707
35.178796
0 -78.634707
35.178626
0 -78.634888
35.178356
0 -78.635042
35.178148
0 -78.635109
35.177972
0 -78.635122
35.177879
0 -78.635149
35.177681
0 -78.635096
35.177368
0 -78.634986
35.177145
0 -78.634761
35.176901
0 -78.634487
35.176741
0 -78.634293
35.176637
0 -78.63416
35.176527
0 -78.633873
35.176291
0 -78.633838
35.176263
0 -78.633678
35.176103
0 -78.633518
35.175845
0 -78.63325
35.175614
0 -78.633097
35.175512
0 -78.632789
35.175306
0 -78.632508
35.17513
0 -78.632438
35.175097
0 -78.632127
35.174949
0 -78.631825
35.174746
0 -78.631438
35.174537
0 -78.631371
35.174501
0 -78.63117
35.174394
0 -78.631016
35.1743
0 -78.63088
35.174216
0 -78.630856
35.174201
0 -78.630588
35.174069
0 -78.630454
35.173998
0 -78.630341
35.173888
0 -78.630287
35.173657
0 -78.630239
35.173497
0 -78.630187
35.173322
0 -78.630114
35.173009
0 -78.629947
35.172619
0 -78.629796
35.172379
0 -78.62976
35.172322
0 -78.62968
35.172091
0 -78.629646
35.172006
0 -78.629559
35.171789
0 -78.629533
35.171531
0 -78.629535
35.171511
0 -78.62956
35.171289
0 -78.629741
35.171036
0 -78.629995
35.170795
0 -78.630377
35.170493
0 -78.630515
35.1704
0 -78.630591
35.17035
0 -78.630852
35.170202
0 -78.630966
35.170158
0 -78.630999
35.170147
0 -78.631195
35.170097
0 -78.63128
35.170076
0 -78.631648
35.169971
0 -78.631849
35.169889
0 -78.631871
35.169873
0 -78.631956
35.169818
0 -78.632021
35.169797
0 -78.632086
35.169775
0 -78.632122
35.16979
0 -78.63223
35.169838
0 -78.632267
35.169854
0 -78.632731
35.170055
0 -78.632956
35.170217
0 -78.633254
35.170432
0 -78.63364
35.170641
0 -78.634098
35.170867
0 -78.63446
35.170975
0 -78.634839
35.170984
0 -78.635053
35.170978
0 -78.635116
35.170969
0 -78.63522
35.170956
0 -78.635435
35.170918
0 -78.635716
35.170847
0 -78.635809
35.170808
0 -78.635849
35.170797
0 -78.635876
35.170786
0 -78.635783
35.170594
0 -78.635796
35.170471
0 -78.635803
35.170413
0 -78.635843
35.170171
0 -78.636017
35.169962
0 -78.636238
35.169787
0 -78.636367
35.169705
0 -78.636405
35.169682
0 -78.636473
35.169561
0 -78.636493
35.169409
0 -78.636499
35.169364
0 -78.63664
35.169139
0 -78.636888
35.168935
0 -78.637122
35.168727
0 -78.637276
35.168556
0 -78.637423
35.168342
0 -78.637537
35.168139
0 -78.637557
35.168123
0 -78.637778
35.167991
0 -78.637939
35.167909
0 -78.638153
35.16776
0 -78.638166
35.167755
0 -78.638239
35.167722
0 -78.63846
35.167627
0 -78.638534
35.167596
0 -78.638655
35.167535
0 -78.638836
35.167376
0 -78.638883
35.16724
0 -78.638896
35.1672
0 -78.63895
35.167002
0 -78.638943
35.166827
0 -78.638876
35.166629
0 -78.638816
35.166508
0 -78.638709
35.166403
0 -78.638642
35.16631
0 -78.638549
35.166266
0 -78.638622
35.166052
0 -78.638669
35.165893
0 -78.638616
35.165722
0 -78.638502
35.165629
0 -78.638335
35.16553
0 -78.638188
35.165431
0 -78.638034
35.165261
0 -78.6378
35.165112
0 -78.637526
35.164991
0 -78.637278
35.164903
0 -78.636917
35.164788
0 -78.636717
35.164678
0 -78.636569
35.164606
0 -78.636362
35.164513
0 -78.636101
35.164425
0 -78.635834
35.164348
0 -78.635379
35.164183
0 -78.635004
35.164122
0 -78.634757
35.164166
0 -78.634616
35.164182
0 -78.63455
35.164183
0 -78.63419
35.164146
0 -78.633876
35.16411
0 -78.633646
35.164062
0 -78.633393
35.164019
0 -78.633155
35.163984
0 -78.633075
35.163959
0 -78.632979
35.163932
0 -78.632908
35.163894
0 -78.632873
35.163864
0 -78.632821
35.163743
0 -78.63293
35.163573
0 -78.633029
35.163347
0 -78.633084
35.163127
0 -78.633102
35.162912
0 -78.633015
35.162489
0 -78.632932
35.16231
0 -78.632825
35.162141
0 -78.632708
35.161928
0 -78.632672
35.161679
0 -78.632745
35.161533
0 -78.632849
35.161369
0 -78.63287
35.161199
0 -78.632809
35.160796
0 -78.632834
35.160584
0 -78.63288
35.16043
0 -78.632858
35.160295
0 -78.632711
35.1601
0 -78.632659
35.159984
0 -78.632934
35.158298
0 -78.633476
35.157759
0 -78.633818
35.15704
0 -78.634244
35.156951
0 -78.636201
35.157571
0 -78.636318
35.157534
0 -78.638869
35.156797
0 -78.639615
35.155633
0 -78.639887
35.154839
0 -78.636143
35.150992
0 -78.63599
35.149866
0 -78.637974
35.148765
0 -78.637123
35.146004
0 -78.637605
35.144549
0 -78.636785
35.141483
0 -78.634692
35.139564
0 -78.636086
35.136351
0 -78.6383
35.134385
0 -78.638984
35.132303
0 -78.641639
35.132074
0 -78.642342
35.131058
0 -78.642738
35.128201
0 -78.64435
35.12757
0 -78.644936
35.126207
0 -78.648602
35.125357
0 -78.649261
35.123521
0 -78.650603
35.122845
0 -78.65276
35.120105
0 -78.652695
35.117929
0 -78.650381
35.117484
0 -78.647633
35.117862
0 -78.643881
35.119723
0 -78.643223
35.12069
0 -78.641078
35.120939
0 -78.639812
35.11964
0 -78.639462
35.117813
0 -78.639283
35.115815
0 -78.640607
35.115052
0 -78.64133
35.113382
0 -78.642561
35.112866
0 -78.644661
35.113701
0 -78.6475
35.113043
0 -78.648024
35.111961
0 -78.652504
35.110661
0 -78.654047
35.108732
0 -78.65373
35.106618
0 -78.652374
35.103673
0 -78.652729
35.102711
0 -78.654234
35.100844
0 -78.657896
35.101376
0 -78.659034
35.099697
0 -78.659255
35.09834
0 -78.658361
35.097911
0 -78.658248
35.094241
0 -78.660294
35.092758
0 -78.66377
35.09227
0 -78.667558
35.093685
0 -78.670494
35.092714
0 -78.670228
35.089215
0 -78.670656
35.087355
0 -78.671739
35.087042
0 