-121.644001
36.893996
0 -121.643626
36.891845
0 -121.641284
36.879826
0 -121.642565
36.8737
0 -121.637521
36.867032
0 -121.630106
36.857028
0 -121.630032
36.856924
0 -121.626053
36.851719
0 -121.622665
36.84772
0 -121.622089
36.846203
0 -121.597698
36.83735
0 -121.5971
36.836849
0 -121.574738
36.818052
0 -121.560563
36.805503
0 -121.548121
36.794479
0 -121.535053
36.783637
0 -121.505748
36.758909
0 -121.504011
36.757205
0 -121.502427
36.7602
0 -121.497417
36.760397
0 -121.495738
36.761966
0 -121.492593
36.763311
0 -121.491188
36.762741
0 -121.489029
36.76386
0 -121.484332
36.764237
0 -121.483002
36.76505
0 -121.481296
36.765172
0 -121.480428
36.763048
0 -121.479276
36.761078
0 -121.477221
36.760655
0 -121.474368
36.756672
0 -121.47617
36.75426
0 -121.476571
36.752342
0 -121.475651
36.74921
0 -121.474416
36.749399
0 -121.473002
36.746325
0 -121.471382
36.745449
0 -121.466579
36.745556
0 -121.465549
36.743482
0 -121.464111
36.744191
0 -121.462368
36.743851
0 -121.461749
36.74209
0 -121.46003
36.740942
0 -121.460168
36.737261
0 -121.457826
36.736345
0 -121.459661
36.735522
0 -121.458894
36.733829
0 -121.454426
36.730975
0 -121.454674
36.730003
0 -121.452646
36.729209
0 -121.452291
36.727975
0 -121.452559
36.726243
0 -121.45134
36.724793
0 -121.453084
36.723045
0 -121.453072
36.721198
0 -121.455871
36.721378
0 -121.458399
36.719154
0 -121.460142
36.718841
0 -121.461592
36.717638
0 -121.462625
36.718341
0 -121.464121
36.717574
0 -121.466021
36.718111
0 -121.467822
36.717177
0 -121.474382
36.716732
0 -121.476806
36.715259
0 -121.483368
36.715499
0 -121.483958
36.714575
0 -121.484508
36.713062
0 -121.483318
36.710104
0 -121.482332
36.709634
0 -121.481595
36.707524
0 -121.480486
36.70654
0 -121.481708
36.704594
0 -121.478546
36.702907
0 -121.47748
36.703018
0 -121.477545
36.701387
0 -121.476676
36.69996
0 -121.474907
36.699052
0 -121.475372
36.697817
0 -121.472825
36.696889
0 -121.471837
36.693585
0 -121.469391
36.69077
0 -121.468379
36.686505
0 -121.469023
36.685434
0 -121.465429
36.684727
0 -121.462975
36.685183
0 -121.460956
36.686687
0 -121.458962
36.68572
0 -121.458659
36.684419
0 -121.456836
36.681964
0 -121.455321
36.681818
0 -121.453738
36.679931
0 -121.451499
36.679938
0 -121.44953
36.678761
0 -121.446113
36.673772
0 -121.444333
36.673148
0 -121.440826
36.674158
0 -121.439227
36.675743
0 -121.437914
36.675593
0 -121.435895
36.677369
0 -121.432811
36.677854
0 -121.431571
36.678728
0 -121.429182
36.677614
0 -121.425391
36.675159
0 -121.423427
36.674508
0 -121.419875
36.673089
0 -121.415535
36.673058
0 -121.414845
36.672459
0 -121.411778
36.66647
0 -121.412054
36.66485
0 -121.410898
36.662816
0 -121.409234
36.661162
0 -121.409823
36.659964
0 -121.408346
36.656659
0 -121.406993
36.656035
0 -121.401946
36.655424
0 -121.398911
36.657028
0 -121.396253
36.656745
0 -121.39586
36.655429
0 -121.391137
36.654655
0 -121.390029
36.655614
0 -121.388367
36.654632
0 -121.386107
36.654904
0 -121.383584
36.653269
0 -121.380721
36.654031
0 -121.378334
36.652861
0 -121.373423
36.655466
0 -121.371164
36.655429
0 -121.36803
36.656744
0 -121.366248
36.65661
0 -121.363317
36.654729
0 -121.359509
36.652809
0 -121.357489
36.65081
0 -121.354876
36.649445
0 -121.353172
36.649457
0 -121.352131
36.647749
0 -121.350092
36.648357
0 -121.350671
36.646171
0 -121.349012
36.642945
0 -121.34659
36.643152
0 -121.345394
36.641266
0 -121.342314
36.639523
0 -121.341586
36.638009
0 -121.343124
36.63675
0 -121.34348
36.635415
0 -121.34161
36.633307
0 -121.342089
36.631354
0 -121.339948
36.629185
0 -121.3384
36.628393
0 -121.335827
36.62496
0 -121.335247
36.623476
0 -121.332247
36.620358
0 -121.331433
36.620378
0 -121.330331
36.620046
0 -121.329132
36.618233
0 -121.324462
36.614626
0 -121.323099
36.612528
0 -121.318373
36.610026
0 -121.318405
36.608244
0 -121.319669
36.606528
0 -121.318711
36.604854
0 -121.321554
36.6043
0 -121.323781
36.602367
0 -121.324998
36.59844
0 -121.325134
36.591665
0 -121.324194
36.590252
0 -121.324369
36.588169
0 -121.32735
36.585886
0 -121.327233
36.584177
0 -121.325334
36.583746
0 -121.324938
36.582453
0 -121.326282
36.580757
0 -121.32499
36.580194
0 -121.32347
36.577869
0 -121.325161
36.576961
0 -121.326124
36.576404
0 -121.328632
36.576637
0 -121.331394
36.57623
0 -121.33392
36.574404
0 -121.333478
36.571679
0 -121.331248
36.570504
0 -121.331635
36.565922
0 -121.330773
36.563491
0 -121.33171
36.561946
0 -121.328879
36.56146
0 -121.329756
36.558007
0 -121.328697
36.55474
0 -121.325988
36.553503
0 -121.321445
36.552808
0 -121.319255
36.551821
0 -121.318411
36.550681
0 -121.316125
36.549479
0 -121.313476
36.549917
0 -121.311682
36.548249
0 -121.310042
36.545901
0 -121.307744
36.544965
0 -121.307867
36.543327
0 -121.305145
36.540744
0 -121.30156
36.539243
0 -121.30115
36.5376
0 -121.298709
36.534663
0 -121.298506
36.533056
0 -121.296772
36.532312
0 -121.297118
36.530261
0 -121.296017
36.52925
0 -121.295362
36.527129
0 -121.296889
36.525989
0 -121.297823
36.523816
0 -121.300626
36.522608
0 -121.303246
36.520129
0 -121.303116
36.518407
0 -121.304823
36.517368
0 -121.307189
36.516812
0 -121.307314
36.514222
0 -121.306762
36.512174
0 -121.308372
36.510329
0 -121.310726
36.508749
0 -121.309783
36.506214
0 -121.311967
36.504588
0 -121.311788
36.502736
0 -121.309017
36.499568
0 -121.307711
36.499672
0 -121.305942
36.50222
0 -121.304499
36.502457
0 -121.302046
36.50507
0 -121.299839
36.50564
0 -121.297146
36.503936
0 -121.296182
36.50515
0 -121.29319
36.506069
0 -121.288153
36.505379
0 -121.287221
36.504763
0 -121.284963
36.505697
0 -121.284087
36.503928
0 -121.281993
36.502706
0 -121.27847
36.502391
0 -121.275611
36.5033
0 -121.272251
36.503167
0 -121.271172
36.502238
0 -121.268959
36.501969
0 -121.266479
36.502373
0 -121.265197
36.50368
0 -121.263094
36.503442
0 -121.259599
36.504464
0 -121.257882
36.504535
0 -121.254882
36.503511
0 -121.252187
36.505586
0 -121.24984
36.504731
0 -121.247218
36.506871
0 -121.244091
36.506911
0 -121.242923
36.505584
0 -121.239295
36.504782
0 -121.239526
36.503434
0 -121.238757
36.50135
0 -121.237289
36.499965
0 -121.237901
36.49949
0 -121.236865
36.497623
0 -121.234582
36.496177
0 -121.232923
36.493127
0 -121.23101
36.492035
0 -121.23249
36.489409
0 -121.230817
36.488139
0 -121.230301
36.486262
0 -121.228108
36.484599
0 -121.228846
36.481612
0 -121.227954
36.48068
0 -121.230472
36.478557
0 -121.229511
36.475277
0 -121.225465
36.471992
0 -121.223277
36.47247
0 -121.222356
36.473841
0 -121.220668
36.473814
0 -121.219366
36.472503
0 -121.216825
36.474035
0 -121.215085
36.47321
0 -121.213916
36.470173
0 -121.209823
36.464804
0 -121.205562
36.462422
0 -121.202042
36.45794
0 -121.199043
36.456464
0 -121.19767
36.455065
0 -121.197919
36.451716
0 -121.196
36.448068
0 -121.195138
36.447232
0 -121.193465
36.445751
0 -121.143476
36.406177
0 -121.120372
36.387889
0 -121.11695
36.38519
0 -121.040797
36.323969
0 -121.040302
36.271058
0 -121.036258
36.27279
0 -121.035715
36.273674
0 -121.0364
36.275301
0 -121.033611
36.275212
0 -121.029065
36.275804
0 -121.027253
36.275106
0 -121.025647
36.272177
0 -121.025878
36.270463
0 -121.02862
36.269797
0 -121.02866
36.267234
0 -121.0277
36.264212
0 -121.02618
36.263151
0 -121.027664
36.261788
0 -121.026833
36.259761
0 -121.02471
36.259926
0 -121.022342
36.261474
0 -121.020463
36.259973
0 -121.018919
36.259643
0 -121.018122
36.261582
0 -121.016208
36.263817
0 -121.015511
36.267905
0 -121.014576
36.268611
0 -121.013098
36.267695
0 -121.013173
36.26597
0 -121.012001
36.26464
0 -121.010902
36.26522
0 -121.010635
36.268738
0 -121.009298
36.268649
0 -121.004545
36.267071
0 -121.00246
36.268058
0 -121.00017
36.270807
0 -120.994701
36.269898
0 -120.992835
36.269904
0 -120.990794
36.271279
0 -120.989846
36.273801
0 -120.987492
36.275137
0 -120.987206
36.277326
0 -120.98814
36.280075
0 -120.987734
36.282619
0 -120.988067
36.285226
0 -120.98506
36.290209
0 -120.986449
36.292
0 -120.986193
36.292772
0 -120.985019
36.292921
0 -120.982813
36.291169
0 -120.979641
36.290465
0 -120.97716
36.290605
0 -120.973597
36.290167
0 -120.972266
36.287799
0 -120.970236
36.287228
0 -120.964501
36.282653
0 -120.964249
36.280489
0 -120.962695
36.281022
0 -120.959133
36.280732
0 -120.958278
36.278441
0 -120.956655
36.275974
0 -120.953432
36.274706
0 -120.948681
36.277933
0 -120.945457
36.279009
0 -120.942577
36.28048
0 -120.939157
36.283463
0 -120.939272
36.285329
0 -120.941213
36.2866
0 -120.937203
36.288668
0 -120.936334
36.289561
0 -120.934574
36.289332
0 -120.934427
36.290676
0 -120.936103
36.292506
0 -120.936479
36.294152
0 -120.93424
36.295943
0 -120.933104
36.299768
0 -120.930379
36.301376
0 -120.927496
36.300619
0 -120.925705
36.302135
0 -120.92616
36.30639
0 -120.925554
36.308075
0 -120.923823
36.309935
0 -120.919778
36.310984
0 -120.918142
36.310561
0 -120.91612
36.308835
0 -120.912794
36.308741
0 -120.911715
36.308263
0 -120.910426
36.305576
0 -120.907115
36.303609
0 -120.904882
36.304031
0 -120.904706
36.302295
0 -120.899019
36.300755
0 -120.898511
36.299332
0 -120.896345
36.297532
0 -120.892367
36.29249
0 -120.889216
36.290364
0 -120.886918
36.292828
0 -120.883246
36.294079
0 -120.881701
36.293359
0 -120.880476
36.294879
0 -120.878731
36.295379
0 -120.87389
36.295167
0 -120.871547
36.293383
0 -120.869329
36.293714
0 -120.866471
36.292155
0 -120.86508
36.292578
0 -120.862472
36.289833
0 -120.860776
36.29057
0 -120.859656
36.290114
0 -120.859818
36.28812
0 -120.856763
36.28611
0 -120.856288
36.284688
0 -120.85202
36.285964
0 -120.851002
36.285003
0 -120.851354
36.283201
0 -120.849616
36.281685
0 -120.847683
36.281757
0 -120.845022
36.28089
0 -120.843868
36.278956
0 -120.840278
36.276644
0 -120.839355
36.274491
0 -120.839843
36.273623
0 -120.838581
36.272173
0 -120.836715
36.271509
0 -120.837522
36.270729
0 -120.839067
36.271535
0 -120.839354
36.270574
0 -120.837447
36.266713
0 -120.836212
36.26556
0 -120.837059
36.262742
0 -120.833131
36.262039
0 -120.832852
36.25921
0 -120.829447
36.259551
0 -120.828111
36.258348
0 -120.829521
36.257249
0 -120.827061
36.256972
0 -120.825581
36.257733
0 -120.825987
36.254455
0 -120.824641
36.25515
0 -120.823715
36.257277
0 -120.821585
36.255992
0 -120.821137
36.254174
0 -120.818945
36.253273
0 -120.814281
36.253098
0 -120.813022
36.250259
0 -120.810774
36.251702
0 -120.810443
36.248497
0 -120.8118
36.247354
0 -120.812166
36.245195
0 -120.809732
36.244827
0 -120.806911
36.243239
0 -120.806511
36.241042
0 -120.805473
36.240168
0 -120.802768
36.239992
0 -120.80175
36.240651
0 -120.80032
36.239211
0 -120.801894
36.237437
0 -120.798931
36.235476
0 -120.796571
36.236404
0 -120.794909
36.23642
0 -120.794306
36.234645
0 -120.791284
36.234182
0 -120.789282
36.235001
0 -120.788761
36.232403
0 -120.788998
36.230535
0 -120.78306
36.228962
0 -120.780655
36.22482
0 -120.781496
36.223073
0 -120.780886
36.222359
0 -120.778967
36.223215
0 -120.774779
36.219906
0 -120.772331
36.220175
0 -120.77061
36.218817
0 -120.769263
36.216647
0 -120.768579
36.214092
0 -120.765312
36.213481
0 -120.766975
36.210674
0 -120.76663
36.209724
0 -120.76379
36.209085
0 -120.762369
36.20502
0 -120.761293
36.203388
0 -120.758135
36.202002
0 -120.755857
36.203341
0 -120.754903
36.201198
0 -120.752756
36.199538
0 -120.748601
36.198816
0 -120.746827
36.199753
0 -120.744389
36.198777
0 -120.743793
36.199121
0 -120.740767
36.200133
0 -120.740489
36.200957
0 -120.738524
36.201496
0 -120.735827
36.203167
0 -120.732223
36.203605
0 -120.731395
36.203547
0 -120.730526
36.201603
0 -120.728548
36.202718
0 -120.727259
36.20145
0 -120.724779
36.201318
0 -120.722928
36.199973
0 -120.720427
36.199556
0 -120.720792
36.19849
0 -120.71886
36.197875
0 -120.718426
36.196848
0 -120.712774
36.198569
0 -120.711873
36.19836
0 -120.711259
36.20041
0 -120.709508
36.201414
0 -120.706987
36.2037
0 -120.706121
36.20373
0 -120.706215
36.205908
0 -120.705538
36.206863
0 -120.705759
36.209199
0 -120.704856
36.211671
0 -120.705897
36.212296
0 -120.706012
36.218499
0 -120.706886
36.220391
0 -120.706604
36.224692
0 -120.707337
36.225098
0 -120.706411
36.227692
0 -120.707429
36.231785
0 -120.70802
36.23252
0 -120.709374
36.236699
0 -120.710182
36.23676
0 -120.711829
36.239537
0 -120.711738
36.24238
0 -120.713462
36.24747
0 -120.714662
36.248259
0 -120.714221
36.249605
0 -120.716028
36.251888
0 -120.716361
36.253843
0 -120.717696
36.260012
0 -120.719429
36.260651
0 -120.721604
36.26495
0 -120.724303
36.266904
0 -120.724813
36.27032
0 -120.728405
36.272271
0 -120.729234
36.273623
0 -120.730869
36.274079
0 -120.732006
36.275366
0 -120.732076
36.276972
0 -120.733325
36.279837
0 -120.733847
36.284196
0 -120.73626
36.285719
0 -120.737231
36.287861
0 -120.738289
36.288251
0 -120.739466
36.291985
0 -120.743114
36.298059
0 -120.744852
36.298899
0 -120.745713
36.30037
0 -120.747561
36.301212
0 -120.749355
36.302863
0 -120.751616
36.304361
0 -120.755726
36.305275
0 -120.756378
36.3067
0 -120.75834
36.308604
0 -120.75605
36.307799
0 -120.752577
36.307898
0 -120.750357
36.310158
0 -120.746654
36.310234
0 -120.745081
36.309297
0 -120.741031
36.30584
0 -120.735522
36.303481
0 -120.735142
36.302628
0 -120.731281
36.30127
0 -120.730225
36.300266
0 -120.725569
36.297295
0 -120.722692
36.294165
0 -120.722584
36.292656
0 -120.720857
36.292986
0 -120.718676
36.292096
0 -120.717327
36.292527
0 -120.716195
36.290401
0 -120.71435
36.289292
0 -120.711784
36.28857
0 -120.710762
36.287307
0 -120.709445
36.287212
0 -120.707679
36.285758
0 -120.706397
36.28692
0 -120.703747
36.287055
0 -120.701141
36.285295
0 -120.700893
36.283941
0 -120.69966
36.284158
0 -120.69773
36.282884
0 -120.697032
36.281088
0 -120.695497
36.279867
0 -120.694897
36.277994
0 -120.693135
36.277905
0 -120.691677
36.276338
0 -120.690207
36.27362
0 -120.687227
36.271446
0 -120.683929
36.270899
0 -120.683083
36.271959
0 -120.681651
36.271539
0 -120.679743
36.269617
0 -120.678582
36.267319
0 -120.675354
36.270518
0 -120.674246
36.272734
0 -120.674602
36.274186
0 -120.676212
36.275477
0 -120.67619
36.27684
0 -120.675033
36.278645
0 -120.672622
36.280489
0 -120.673839
36.2824
0 -120.675877
36.282828
0 -120.678049
36.284171
0 -120.680796
36.28515
0 -120.682885
36.286796
0 -120.68045
36.290681
0 -120.681951
36.292488
0 -120.682723
36.294441
0 -120.681363
36.29468
0 -120.681446
36.295801
0 -120.678063
36.298463
0 -120.675564
36.3029
0 -120.674559
36.302721
0 -120.672654
36.305001
0 -120.670084
36.305773
0 -120.667421
36.308963
0 -120.666391
36.311446
0 -120.66369
36.313419
0 -120.663131
36.314385
0 -120.659584
36.314986
0 -120.658806
36.316235
0 -120.655689
36.316062
0 -120.648529
36.31711
0 -120.64578
36.317268
0 -120.64538
36.318566
0 -120.64267
36.319014
0 -120.640859
36.318334
0 -120.638389
36.318758
0 -120.632655
36.318186
0 -120.631572
36.317072
0 -120.630009
36.316908
0 -120.627167
36.318687
0 -120.624355
36.318243
0 -120.619916
36.319946
0 -120.617915
36.318817
0 -120.614789
36.320294
0 -120.613436
36.320262
0 -120.612032
36.321624
0 -120.612879
36.323333
0 -120.61251
36.324365
0 -120.605412
36.324326
0 -120.602097
36.325722
0 -120.600225
36.328286
0 -120.596562
36.328488
0 -120.596873
36.333378
0 -120.596725
36.339326
0 -120.597
36.357538
0 -120.597103
36.391314
0 -120.597422
36.415154
0 -120.597256
36.415587
0 -120.597288
36.433163
0 -120.59715
36.434482
0 -120.597104
36.485628
0 -120.597155
36.488235
0 -120.603706
36.488242
0 -120.716046
36.578435
0 -120.717252
36.579403
0 -120.749436
36.605294
0 -120.751011
36.606164
0 -120.855996
36.689802
0 -120.872952
36.703329
0 -120.876016
36.70555
0 -120.918731
36.740381
0 -120.931131
36.74999
0 -120.933682
36.751895
0 -120.992835
36.775684
0 -121.000979
36.779444
0 -121.090742
36.81613
0 -121.119534
36.827334
0 -121.126029
36.830408
0 -121.141523
36.836656
0 -121.142374
36.838768
0 -121.14218
36.840917
0 -121.14279
36.843122
0 -121.143029
36.846302
0 -121.143823
36.847249
0 -121.145228
36.84714
0 -121.145764
36.849585
0 -121.148544
36.853789
0 -121.150324
36.85797
0 -121.15174
36.85863
0 -121.151971
36.860611
0 -121.152913
36.861912
0 -121.152808
36.865601
0 -121.155406
36.866712
0 -121.157396
36.866711
0 -121.162058
36.869016
0 -121.163588
36.869245
0 -121.164891
36.871327
0 -121.165559
36.8747
0 -121.16655
36.875542
0 -121.167038
36.878028
0 -121.166077
36.879844
0 -121.168488
36.882667
0 -121.169495
36.885322
0 -121.174088
36.885711
0 -121.175675
36.887481
0 -121.176422
36.889419
0 -121.177857
36.890579
0 -121.179581
36.890411
0 -121.182176
36.893333
0 -121.184297
36.896385
0 -121.182939
36.901931
0 -121.184434
36.906547
0 -121.183885
36.908096
0 -121.187455
36.91121
0 -121.188796
36.913238
0 -121.193147
36.912681
0 -121.198274
36.914338
0 -121.20102
36.913177
0 -121.205949
36.912734
0 -121.206497
36.911682
0 -121.208361
36.911529
0 -121.213898
36.91269
0 -121.216585
36.913558
0 -121.219738
36.911452
0 -121.221378
36.910301
0 -121.223438
36.912948
0 -121.223026
36.914283
0 -121.224597
36.920303
0 -121.227206
36.920303
0 -121.230151
36.921241
0 -121.231662
36.9235
0 -121.234683
36.926894
0 -121.233447
36.931952
0 -121.230502
36.935881
0 -121.230579
36.93849
0 -121.229678
36.940039
0 -121.229205
36.941031
0 -121.225986
36.944456
0 -121.224674
36.945158
0 -121.221865
36.94534
0 -121.218508
36.947889
0 -121.216112
36.951299
0 -121.216189
36.952291
0 -121.213991
36.954068
0 -121.213366
36.955846
0 -121.211794
36.957113
0 -121.213503
36.958989
0 -121.214536
36.961248
0 -121.215406
36.961248
0 -121.352847
36.96019
0 -121.353513
36.960041
0 -121.370343
36.960549
0 -121.383444
36.960549
0 -121.383565
36.960639
0 -121.399452
36.960664
0 -121.416059
36.960692
0 -121.418246
36.960549
0 -121.430984
36.971343
0 -121.434563
36.973983
0 -121.43629
36.97698
0 -121.437697
36.97851
0 -121.447346
36.982955
0 -121.449747
36.986148
0 -121.449119
36.988211
0 -121.450607
36.988944
0 -121.456647
36.986648
0 -121.457547
36.987548
0 -121.460046
36.985748
0 -121.463656
36.984877
0 -121.465948
36.982148
0 -121.463561
36.978294
0 -121.467939
36.976772
0 -121.471151
36.977974
0 -121.488949
36.983148
0 -121.501488
36.971895
0 -121.503739
36.968299
0 -121.504552
36.967847
0 -121.50528
36.964216
0 -121.508145
36.963649
0 -121.509401
36.960039
0 -121.512275
36.959036
0 -121.512263
36.957997
0 -121.510185
36.956019
0 -121.510231
36.954053
0 -121.512045
36.952675
0 -121.511721
36.949189
0 -121.512357
36.947315
0 -121.513813
36.945155
0 -121.515805
36.944331
0 -121.516857
36.942558
0 -121.519152
36.941972
0 -121.522226
36.939691
0 -121.523591
36.93709
0 -121.526819
36.935747
0 -121.529384
36.933471
0 -121.534463
36.930933
0 -121.535145
36.9297
0 -121.539234
36.927302
0 -121.54068
36.925542
0 -121.540754
36.924628
0 -121.539265
36.923185
0 -121.540016
36.920765
0 -121.542499
36.919282
0 -121.544875
36.918854
0 -121.547136
36.917375
0 -121.548009
36.917391
0 -121.55126
36.91565
0 -121.553493
36.915199
0 -121.55632
36.911938
0 -121.558452
36.910468
0 -121.558997
36.906701
0 -121.560159
36.903072
0 -121.559992
36.897941
0 -121.560272
36.897111
0 -121.562901
36.896252
0 -121.566923
36.897073
0 -121.571394
36.897075
0 -121.573741
36.89558
0 -121.575402
36.893033
0 -121.576862
36.893739
0 -121.581354
36.899152
0 -121.585954
36.900952
0 -121.588854
36.901252
0 -121.594761
36.901088
0 -121.59749
36.900464
0 -121.607303
36.899456
0 -121.615697
36.904993
0 -121.619761
36.908911
0 -121.621359
36.908622
0 -121.626301
36.911394
0 -121.629457
36.911688
0 -121.633145
36.906654
0 -121.638103
36.898327
0 -121.642797
36.894631
0 -121.644001
36.893996
0 