-117.596147232519
33.3871676935322
0 -117.59588
33.386629
0 -117.589959
33.38408
0 -117.588423
33.382734
0 -117.582126
33.381772
0 -117.580399
33.380939
0 -117.575177
33.380522
0 -117.571722
33.378988
0 -117.568996
33.375296
0 -117.560396
33.370519
0 -117.547834
33.364878
0 -117.505919
33.333253
0 -117.469794
33.296417
0 -117.445583
33.268517
0 -117.436442662689
33.2568541014153
0 -117.406218
33.218288
0 -117.404387
33.215291
0 -117.405692
33.213847
0 -117.40577
33.20921
0 -117.40301
33.206245
0 -117.40286
33.205558
0 -117.402384667018
33.2056046511137
0 -117.399681
33.20587
0 -117.399453
33.206848
0 -117.396924
33.207402
0 -117.396907702495
33.2073881094005
0 -117.39148
33.202762
0 -117.387954924979
33.1985763697218
0 -117.38437059456
33.1943203803199
0 -117.381226145982
33.1905867011496
0 -117.376673377084
33.1851807999312
0 -117.376392731541
33.1848475649009
0 -117.369464912093
33.1766215581706
0 -117.3693890274
33.1765314536286
0 -117.368553566549
33.1755394377951
0 -117.366230439932
33.1727809861165
0 -117.362572
33.168437
0 -117.359483833821
33.1642311980203
0 -117.359412008891
33.1641333789855
0 -117.359286629479
33.1639626236095
0 -117.359173579225
33.1638086594265
0 -117.345173310973
33.1447415650712
0 -117.344933400176
33.1444148283458
0 -117.344766178562
33.1441870876887
0 -117.338661777918
33.135873448195
0 -117.328359
33.121842
0 -117.328208240061
33.1215021549983
0 -117.321254241608
33.1058263618229
0 -117.315838
33.093617
0 -117.313827394533
33.0872948769573
0 -117.313713261458
33.0869359983253
0 -117.313672534582
33.0868079372381
0 -117.312083650114
33.0818118685059
0 -117.309771
33.07454
0 -117.305668813479
33.0645610874963
0 -117.300598888901
33.0522280710655
0 -117.298904054569
33.0481052445132
0 -117.29763
33.045006
0 -117.296433
33.038579
0 -117.294293368575
33.0358288436432
0 -117.29337
33.034642
0 -117.290992098296
33.0314562214352
0 -117.28947
33.029417
0 -117.282437074301
33.01561468122
0 -117.28077
33.012343
0 -117.279443890081
33.0070464731042
0 -117.277964587684
33.0011380903818
0 -117.275359761572
32.9907343286979
0 -117.272801115164
32.9805150102814
0 -117.272780934159
32.9804344066791
0 -117.272249290256
32.9783110033383
0 -117.269709
32.968165
0 -117.268544644128
32.9606319075587
0 -117.268023
32.957257
0 -117.26647796811
32.9519360189948
0 -117.26293597162
32.9397376325678
0 -117.262879041638
32.9395415697195
0 -117.262841985988
32.9394139526694
0 -117.262462956544
32.9381086019615
0 -117.26047
32.931245
0 -117.260142552315
32.9282809716025
0 -117.260106730203
32.9279567129151
0 -117.258929
32.917296
0 -117.257777429685
32.9128668834022
0 -117.25447
32.900146
0 -117.253363317324
32.8899513013952
0 -117.252762
32.884412
0 -117.251314
32.87857
0 -117.25167
32.874346
0 -117.25250738527
32.8715735104152
0 -117.254981262707
32.8633827770956
0 -117.25617
32.859447
0 -117.26067
32.852647
0 -117.26368445672
32.8500531651481
0 -117.26497
32.848947
0 -117.265240405453
32.8490229565879
0 -117.267352733911
32.8496163072783
0 -117.268275319936
32.8498754606562
0 -117.273091038426
32.8512281905692
0 -117.27387
32.851447
0 -117.28117
32.843047
0 -117.28217
32.839547
0 -117.281969724212
32.8366572826321
0 -117.281627155279
32.8317144614921
0 -117.281244360687
32.8261912367724
0 -117.280977470039
32.8223403541958
0 -117.280971
32.822247
0 -117.275588
32.818125
0 -117.27399168552
32.8158237141501
0 -117.273421
32.815001
0 -117.271825187741
32.8132895884377
0 -117.269887
32.811211
0 -117.269986
32.808688
0 -117.26784219737
32.807808892318
0 -117.267245
32.807564
0 -117.264028
32.807074
0 -117.262252229965
32.8047171125227
0 -117.26107
32.803148
0 -117.260157941447
32.8007258117107
0 -117.260102867546
32.8005795498747
0 -117.258292491774
32.7957716666777
0 -117.256259406864
32.7903723264263
0 -117.25497
32.786948
0 -117.254949007453
32.7864783389751
0 -117.254852412876
32.7843172526015
0 -117.254741083087
32.7818264989865
0 -117.254102328527
32.7675358025052
0 -117.253803
32.760839
0 -117.253523776351
32.7590522403955
0 -117.252750733248
32.7541055168881
0 -117.25257
32.752949
0 -117.252570387015
32.7529479633536
0 -117.252976752774
32.7518594836415
0 -117.254649319902
32.7473793931196
0 -117.254908963923
32.746683918064
0 -117.25537
32.745449
0 -117.255597454267
32.7434433703079
0 -117.255812386036
32.7415481605896
0 -117.255946658632
32.7403641814522
0 -117.256295257648
32.7372903304022
0 -117.257095694198
32.7302322992042
0 -117.257275707321
32.7286449925824
0 -117.25757
32.72605
0 -117.257553773863
32.7258742968233
0 -117.256896675709
32.7187589719898
0 -117.256569454596
32.715215689314
0 -117.256387462018
32.713245
0 -117.256166113609
32.7108481498168
0 -117.255859004015
32.7075226428078
0 -117.255169
32.700051
0 -117.246069
32.669352
0 -117.243128
32.66454
0 -117.237294
32.667489
0 -117.236239
32.671353
0 -117.236236884938
32.671355
0 -117.223868
32.683051
0 -117.223715
32.6831175833333
0 -117.223433476837
32.6832400980431
0 -117.217502208811
32.6858212980176
0 -117.213068
32.687751
0 -117.197361
32.687232
0 -117.193936716511
32.6860994535309
0 -117.187465
32.683959
0 -117.180148
32.679352
0 -117.178157198693
32.678046209389
0 -117.175533771207
32.6763254716304
0 -117.174265628885
32.675493681772
0 -117.17111584903
32.6734277031403
0 -117.169246418156
32.6722015208614
0 -117.168866
32.671952
0 -117.166510295349
32.6689946105376
0 -117.159865
32.660652
0 -117.15341957142
32.6500371522254
0 -117.145429049196
32.6368777205467
0 -117.145321412856
32.6367004564057
0 -117.141086863076
32.6297266608316
0 -117.139464
32.627054
0 -117.136664
32.618754
0 -117.134238481676
32.604532506448
0 -117.132963
32.597054
0 -117.133176216707
32.5856314479488
0 -117.133206137448
32.5840285190538
0 -117.133207526421
32.583954108291
0 -117.133282241224
32.5799514495072
0 -117.133363
32.575625
0 -117.133039005385
32.5717859647381
0 -117.132071
32.560316
0 -117.129178
32.554324
0 -117.125874
32.544491
0 -117.124862
32.534156
0 -117.124688716094
32.534171907308
0 -117.118867876573
32.5347062551835
0 -117.066736883161
32.5394918338744
0 -117.062759
32.539857
0 -117.062627875123
32.5398663658054
0 -117.039886518662
32.541490703785
0 -117.029611131589
32.5422246398414
0 -117.026358
32.542457
0 -116.945956
32.550058
0 -116.928055
32.550758
0 -116.892824776464
32.5540876812162
0 -116.857154
32.557459
0 -116.853129031731
32.5577878836934
0 -116.822226334574
32.560312970228
0 -116.757348258851
32.5656142147946
0 -116.689370894183
32.5711687049837
0 -116.62705
32.576261
0 -116.540643
32.583747
0 -116.535346954818
32.5841740610263
0 -116.439413026332
32.5919099546134
0 -116.417318100291
32.5936916391474
0 -116.413695064368
32.5939837925159
0 -116.391289720752
32.5957905084164
0 -116.270958237139
32.6054937653047
0 -116.211033
32.610326
0 -116.209004470231
32.6104771425538
0 -116.157397259749
32.6143223144142
0 -116.125848
32.616673
0 -116.115427
32.61791
0 -116.106181418813
32.6186413746915
0 -116.106166
32.640202
0 -116.105768
32.64455
0 -116.105854
32.646298
0 -116.105853
32.647158
0 -116.105769
32.648399
0 -116.105634
32.72157
0 -116.105648
32.726494
0 -116.103149
32.7265
0 -116.103522
32.782345
0 -116.103681
32.787115
0 -116.103372
32.789475
0 -116.103714
32.803871
0 -116.103537
32.837947
0 -116.103665
32.838724
0 -116.103138
32.85123
0 -116.102558
32.857759
0 -116.103199
32.875055
0 -116.103137
32.904115
0 -116.103039
32.94714
0 -116.103252
33.07467
0 -116.08109
33.074833
0 -116.081986
33.235047
0 -116.083199
33.279646
0 -116.085062
33.350371
0 -116.085172
33.353563
0 -116.085058
33.368159
0 -116.085129
33.382304
0 -116.08514
33.396826
0 -116.085151
33.411299
0 -116.085165
33.425932
0 -116.112623
33.425932
0 -116.197591
33.428893
0 -116.268822
33.428139
0 -116.414304
33.42729
0 -116.419678
33.42727
0 -116.518401
33.426887
0 -116.617687
33.427354
0 -116.62297
33.427296
0 -116.681777
33.42722
0 -116.821826
33.426873
0 -116.836747
33.426865
0 -116.837612
33.426739
0 -116.851771
33.426728
0 -116.857095
33.426574
0 -116.859783
33.426838
0 -116.865465
33.426625
0 -116.883765
33.42695
0 -116.923432
33.42747
0 -116.93564
33.427294
0 -116.945048
33.427567
0 -117.00086
33.427242
0 -117.00186
33.426931
0 -117.030861
33.426931
0 -117.030861
33.430131
0 -117.031381
33.430134
0 -117.052261
33.43023
0 -117.060562
33.43033
0 -117.082862
33.43033
0 -117.089024
33.430286
0 -117.094558
33.430505
0 -117.098815
33.43026
0 -117.140864
33.432581
0 -117.143677
33.43263
0 -117.145269
33.43262
0 -117.153772
33.432625
0 -117.178966
33.432229
0 -117.193214
33.432194
0 -117.206525
33.432129
0 -117.224855
33.432016
0 -117.237668
33.431928
0 -117.238239
33.43196
0 -117.241271
33.431993
0 -117.242167
33.449015
0 -117.250495
33.451629
0 -117.259308
33.454513
0 -117.282867
33.462228
0 -117.283766
33.462411
0 -117.284469
33.462727
0 -117.314769
33.472627
0 -117.322403
33.475031
0 -117.363609
33.488056
0 -117.370925
33.490549
0 -117.364272
33.505025
0 -117.509722
33.505019
0 -117.509455
33.484027
0 -117.509581
33.471633
0 -117.508614
33.469614
0 -117.515014
33.467739
0 -117.526919
33.461776
0 -117.527599
33.461136
0 -117.538429
33.455643
0 -117.542667
33.454987
0 -117.548282
33.453669
0 -117.554085
33.452524
0 -117.557226
33.451194
0 -117.557985
33.451633
0 -117.56813
33.452907
0 -117.573339
33.453339
0 -117.57848
33.453927
0 -117.583508
33.435413
0 -117.588415
33.416832
0 -117.590519
33.407544
0 -117.593599
33.396819
0 -117.596147232519
33.3871676935322
0 