-122.520852
37.594178
0 -122.517187
37.590637
0 -122.517417749817
37.5867975870658
0 -122.518026
37.576677
0 -122.52036
37.575343
0 -122.519874465874
37.5736620368543
0 -122.518131
37.567626
0 -122.515165
37.566285
0 -122.513717149416
37.5525162056204
0 -122.513688
37.552239
0 -122.514789
37.546139
0 -122.516589
37.544939
0 -122.519493891363
37.5374034513123
0 -122.519533
37.537302
0 -122.518649311637
37.5323422835288
0 -122.517905883398
37.5281697794676
0 -122.51672850709
37.521561734237
0 -122.516689
37.52134
0 -122.512382
37.514115
0 -122.505903
37.507106
0 -122.501546
37.50456
0 -122.498699
37.500837
0 -122.50073
37.498017
0 -122.499289
37.495341
0 -122.495349
37.495574
0 -122.494006679628
37.4927921270752
0 -122.493789
37.492341
0 -122.493146511675
37.4925280298883
0 -122.48713941378
37.4942767104552
0 -122.486749307094
37.4943902714446
0 -122.485888
37.494641
0 -122.476443045552
37.4987680952806
0 -122.474820967588
37.499476883274
0 -122.474234122357
37.4997333129047
0 -122.472388
37.50054
0 -122.467888
37.49814
0 -122.467629417605
37.4979717083171
0 -122.463247734247
37.4951200027125
0 -122.462657808257
37.4947360645968
0 -122.460221382007
37.4931503794099
0 -122.459577
37.492731
0 -122.458686123747
37.4912809769834
0 -122.452087
37.48054
0 -122.452067316471
37.4804786938733
0 -122.447190622751
37.4652897915806
0 -122.445987
37.461541
0 -122.445326238008
37.4541864317415
0 -122.445054597107
37.4511629504132
0 -122.443687
37.435941
0 -122.442072560223
37.4325071777861
0 -122.44059661118
37.4293679175397
0 -122.439328346415
37.4266703900227
0 -122.438606
37.425134
0 -122.43768142411
37.4241068595786
0 -122.435514
37.421699
0 -122.434123
37.416551
0 -122.431871
37.412144
0 -122.427412
37.409617
0 -122.428441
37.405932
0 -122.424163
37.401212
0 -122.423286
37.392542
0 -122.410058824564
37.3758175623956
0 -122.409258
37.374805
0 -122.407752
37.363931
0 -122.40085
37.359225
0 -122.401323
37.337009
0 -122.403490717415
37.3221228077928
0 -122.404993514232
37.3118027715589
0 -122.405017508157
37.311638
0 -122.407013137321
37.2979335756589
0 -122.411686
37.265844
0 -122.418452
37.248521
0 -122.419113
37.24147
0 -122.415822
37.232839
0 -122.409596
37.224604
0 -122.407181
37.219465
0 -122.408914
37.214202
0 -122.405073
37.195791
0 -122.398578
37.192802
0 -122.397543
37.185088
0 -122.3948
37.181514
0 -122.390599
37.182988
0 -122.385103
37.182955
0 -122.37927
37.181128
0 -122.371883
37.175256
0 -122.367085
37.172817
0 -122.36179
37.163593
0 -122.359791
37.155574
0 -122.360943
37.150182
0 -122.352236
37.145855
0 -122.344029
37.144099
0 -122.343242
37.140605
0 -122.337833
37.135936
0 -122.337085
37.130795
0 -122.338856
37.120854
0 -122.337071
37.117382
0 -122.331663
37.116578
0 -122.329473
37.113045
0 -122.322971
37.11546
0 -122.313907
37.118161
0 -122.306139
37.116383
0 -122.292973615833
37.1073182889556
0 -122.292532
37.107799
0 -122.289382
37.113472
0 -122.311782
37.147545
0 -122.316981
37.182238
0 -122.317682
37.186945
0 -122.288581
37.186745
0 -122.268881
37.189843
0 -122.247779
37.189845
0 -122.24266
37.190035
0 -122.242579
37.192804
0 -122.242751
37.204837
0 -122.242584
37.207697
0 -122.242573
37.215134
0 -122.225843
37.215332
0 -122.219929
37.215087
0 -122.216684
37.215207
0 -122.173458
37.215165
0 -122.155088
37.215444
0 -122.152774
37.215444
0 -122.152974
37.222444
0 -122.152391
37.224697
0 -122.151663
37.227879
0 -122.151457
37.230023
0 -122.152156
37.239769
0 -122.152633
37.244035
0 -122.152278
37.286055
0 -122.15328
37.2896
0 -122.156214
37.291645
0 -122.16027
37.293393
0 -122.161718
37.293473
0 -122.16413
37.294856
0 -122.166838
37.295237
0 -122.16526
37.296489
0 -122.165138
37.297992
0 -122.162672
37.300904
0 -122.163627
37.301257
0 -122.16233
37.304413
0 -122.166584
37.305617
0 -122.16823
37.307807
0 -122.168886
37.309985
0 -122.170812
37.311982
0 -122.175817
37.312749
0 -122.179711
37.311313
0 -122.18232
37.309528
0 -122.18557
37.31167
0 -122.186913
37.315683
0 -122.190131
37.31776
0 -122.193062
37.318277
0 -122.192513
37.318795
0 -122.190529
37.319933
0 -122.18986
37.32035
0 -122.18876
37.320916
0 -122.186516
37.322031
0 -122.185458
37.323737
0 -122.183235
37.326235
0 -122.17928
37.326195
0 -122.178546
37.325158
0 -122.175075
37.325741
0 -122.182493
37.33264
0 -122.184078
37.334842
0 -122.185954
37.338701
0 -122.19029
37.34197
0 -122.193504
37.344997
0 -122.195899
37.348299
0 -122.195871
37.350849
0 -122.197369
37.35267
0 -122.198205
37.354272
0 -122.201489
37.358046
0 -122.202467
37.360272
0 -122.202653
37.363046
0 -122.201634
37.365387
0 -122.201007
37.371215
0 -122.200706
37.371964
0 -122.199328
37.372671
0 -122.199329
37.37442
0 -122.196676
37.377535
0 -122.193099
37.382737
0 -122.191008
37.384401
0 -122.190622
37.390374
0 -122.190064
37.391148
0 -122.190016
37.394857
0 -122.191858
37.397504
0 -122.19149
37.398758
0 -122.192606
37.404187
0 -122.193466
37.405652
0 -122.194445
37.40761
0 -122.194331
37.408867
0 -122.193608
37.41167
0 -122.192108
37.413099
0 -122.192365
37.413868
0 -122.187557
37.414841
0 -122.187194
37.416547
0 -122.190267
37.418477
0 -122.187915
37.420016
0 -122.188294
37.422302
0 -122.189919
37.423524
0 -122.19084
37.424365
0 -122.191325
37.425302
0 -122.18961
37.427137
0 -122.189803
37.428187
0 -122.189879
37.42883
0 -122.190506
37.430956
0 -122.187653
37.433313
0 -122.184559
37.434093
0 -122.182175
37.439478
0 -122.17986
37.439461
0 -122.179804
37.44084
0 -122.175704
37.441884
0 -122.175136
37.443014
0 -122.174146
37.444779
0 -122.170303
37.447185
0 -122.168903
37.447414
0 -122.167246
37.45097
0 -122.16582
37.450926
0 -122.165302
37.452843
0 -122.162695
37.453844
0 -122.162378
37.453884
0 -122.159519
37.454721
0 -122.157686
37.453495
0 -122.155708
37.454176
0 -122.155928
37.455418
0 -122.153513
37.456677
0 -122.148738
37.457091
0 -122.146761
37.456585
0 -122.144933
37.4582
0 -122.143072
37.458018
0 -122.141998
37.457728
0 -122.139483
37.455264
0 -122.136708
37.454337
0 -122.133901
37.454377
0 -122.129884
37.453089
0 -122.128294
37.451862
0 -122.127856
37.452737
0 -122.126813
37.453533
0 -122.124614
37.452875
0 -122.124105
37.452871
0 -122.122459
37.453445
0 -122.122116
37.453713
0 -122.121952
37.454182
0 -122.12204
37.454652
0 -122.123846
37.460485
0 -122.116621
37.465433
0 -122.115753
37.466138
0 -122.113265
37.46753
0 -122.111974
37.466438
0 -122.111237
37.466288
0 -122.108706487739
37.466261871117
0 -122.112501972202
37.4686557923842
0 -122.11655
37.471209
0 -122.120237303215
37.4768174741155
0 -122.120498
37.477214
0 -122.120503632331
37.4772391279927
0 -122.121452200413
37.4814710546025
0 -122.121948679561
37.4836860388032
0 -122.122492
37.48611
0 -122.127583898072
37.4997264815528
0 -122.127706
37.500053
0 -122.130979
37.503652
0 -122.136422
37.507576
0 -122.140142
37.507907
0 -122.149632
37.502671
0 -122.155686
37.501198
0 -122.162091
37.500222
0 -122.164245993779
37.5015509919171
0 -122.168449
37.504143
0 -122.177881905379
37.5106641895641
0 -122.179548
37.511816
0 -122.183483
37.520773
0 -122.186572
37.517568
0 -122.194957
37.522469
0 -122.20012
37.526617
0 -122.194654
37.532648
0 -122.195560885606
37.5347751355006
0 -122.196593
37.537196
0 -122.203685
37.540187
0 -122.21248
37.540187
0 -122.223120358057
37.5459116885081
0 -122.223458702648
37.5460937234907
0 -122.22579
37.547348
0 -122.229117
37.55074
0 -122.234279174785
37.5532441031405
0 -122.242824727954
37.5573894386669
0 -122.244372
37.55814
0 -122.248396661536
37.5633270340298
0 -122.249000128797
37.5641047901685
0 -122.251934
37.567886
0 -122.262434746532
37.5736751439632
0 -122.262868
37.573914
0 -122.273563
37.570523
0 -122.284259
37.575421
0 -122.288445441126
37.5754331901364
0 -122.296859691412
37.5754576908652
0 -122.304322668787
37.5754794216645
0 -122.305895
37.575484
0 -122.315713
37.583666
0 -122.315385
37.587265
0 -122.31492
37.591243
0 -122.325119
37.591526
0 -122.328943
37.588795
0 -122.333048626446
37.5882286548956
0 -122.334409
37.588041
0 -122.334639
37.591791
0 -122.359612373909
37.5924841624502
0 -122.360219
37.592501
0 -122.369824
37.60273
0 -122.374646616523
37.6043126543388
0 -122.378545
37.605592
0 -122.377843162153
37.6066885881264
0 -122.373309
37.613773
0 -122.370364
37.614427
0 -122.359128
37.609321
0 -122.355627
37.615293
0 -122.367922
37.620994
0 -122.367882869905
37.6210921408032
0 -122.36507
37.628147
0 -122.380244
37.635022
0 -122.38049553644
37.6353526118977
0 -122.384322
37.640382
0 -122.389313
37.640193
0 -122.391215
37.646404
0 -122.387245
37.64734
0 -122.380044
37.647721
0 -122.376241
37.655249
0 -122.374291
37.662206
0 -122.380995
37.667855
0 -122.380995
37.6717699703916
0 -122.380995
37.67237
0 -122.381708
37.677261
0 -122.387626
37.67906
0 -122.389310374267
37.6876789467569
0 -122.39319
37.707531
0 -122.39137503156
37.708331
0 -122.393635
37.708244
0 -122.395107
37.708339
0 -122.404682
37.708331
0 -122.40529
37.708264
0 -122.405582
37.708231
0 -122.406481
37.708323
0 -122.41238
37.708303
0 -122.415182
37.708231
0 -122.416222
37.708328
0 -122.420082
37.708231
0 -122.42389
37.708236
0 -122.428082
37.708431
0 -122.430027
37.708281
0 -122.431341
37.708231
0 -122.433382
37.708232
0 -122.433982
37.708132
0 -122.435382
37.708132
0 -122.440781
37.708304
0 -122.442079
37.708231
0 -122.444482
37.708332
0 -122.445875
37.708233
0 -122.449751
37.708213
0 -122.452183
37.708132
0 -122.453983
37.708232
0 -122.458509
37.708231
0 -122.45905
37.708231
0 -122.468939
37.708232
0 -122.469236
37.708232
0 -122.471319
37.708305
0 -122.486042
37.708233
0 -122.502426880724
37.7081329861058
0 -122.50052918554
37.7008353023262
0 -122.496784
37.686433
0 -122.496589966892
37.6833849763869
0 -122.495723093587
37.6697674534585
0 -122.495430755077
37.6651751718214
0 -122.495378215782
37.6643498435446
0 -122.494284930419
37.6471756631756
0 -122.494085468981
37.6440423671191
0 -122.494085
37.644035
0 -122.494579555792
37.6381950677186
0 -122.495039020024
37.6327695120169
0 -122.495273297536
37.6300030601336
0 -122.495285573884
37.6298580956138
0 -122.495886
37.622768
0 -122.498032
37.620819
0 -122.498061927575
37.6195652216436
0 -122.498189815082
37.6142075344269
0 -122.498192
37.614116
0 -122.496786
37.612136
0 -122.497006194107
37.6115377338473
0 -122.49821
37.608267
0 -122.498432110596
37.6082679703861
0 -122.50233
37.608285
0 -122.502126
37.606416
0 -122.501967398712
37.6062035658645
0 -122.501021606543
37.604936750544
0 -122.500429
37.604143
0 -122.501258817324
37.6002358350428
0 -122.501386
37.599637
0 -122.502021450898
37.5992750304452
0 -122.507464202176
37.5961746960779
0 -122.507648
37.59607
0 -122.514290175257
37.5981491998578
0 -122.514724
37.598285
0 -122.515326
37.595564
0 -122.520852
37.594178
0 