-99.092317
30.941002
0 -99.092431
30.921968
0 -99.033478
30.921788
0 -98.9778
30.921447
0 -98.964612
30.921368
0 -98.875437
30.920744
0 -98.870281
30.921097
0 -98.750312
30.920343
0 -98.747007
30.920871
0 -98.625833
30.921892
0 -98.624386
30.921779
0 -98.557512
30.921998
0 -98.529989
30.92175
0 -98.523681
30.922121
0 -98.517683
30.922048
0 -98.516771
30.922042
0 -98.51552
30.921843
0 -98.500327
30.921949
0 -98.448077
30.921556
0 -98.445782
30.921439
0 -98.444599
30.923109
0 -98.441898
30.925865
0 -98.440202
30.92652
0 -98.435122
30.927104
0 -98.429207
30.926435
0 -98.422331
30.924259
0 -98.419606
30.925352
0 -98.418746
30.92626
0 -98.417137
30.929546
0 -98.416826
30.931963
0 -98.414508
30.94211
0 -98.414864
30.943479
0 -98.416033
30.944851
0 -98.419838
30.9468
0 -98.424688
30.948376
0 -98.427553
30.948689
0 -98.434255
30.94891
0 -98.441977
30.949645
0 -98.445875
30.950697
0 -98.447098
30.951755
0 -98.450534
30.958646
0 -98.452796
30.964399
0 -98.452897
30.968727
0 -98.452203
30.970227
0 -98.450734
30.971628
0 -98.443229
30.979735
0 -98.442154
30.982496
0 -98.441874
30.984324
0 -98.442576
30.98619
0 -98.446185
30.992898
0 -98.453146
30.99957
0 -98.456621
31.003564
0 -98.458546
31.006184
0 -98.459235
31.007745
0 -98.459241
31.010378
0 -98.458745
31.011545
0 -98.456954
31.013157
0 -98.451725
31.015449
0 -98.448291
31.016703
0 -98.445604
31.018051
0 -98.442327
31.020476
0 -98.440293
31.023184
0 -98.439528
31.025125
0 -98.439687
31.029537
0 -98.439863
31.030069
0 -98.443284
31.034903
0 -98.445113
31.038871
0 -98.446449
31.040293
0 -98.45031
31.043014
0 -98.455263
31.044902
0 -98.459792
31.046053
0 -98.464675
31.047561
0 -98.468309
31.049488
0 -98.473904
31.052098
0 -98.475999
31.053435
0 -98.480492
31.058025
0 -98.48227
31.059084
0 -98.483722
31.061476
0 -98.484429
31.066357
0 -98.484094
31.067086
0 -98.481962
31.068941
0 -98.478332
31.069565
0 -98.47667
31.070177
0 -98.474527
31.072441
0 -98.472994
31.075926
0 -98.470992
31.076706
0 -98.462732
31.075961
0 -98.460219
31.07651
0 -98.457541
31.077713
0 -98.456419
31.078699
0 -98.456028
31.079609
0 -98.45591
31.082739
0 -98.456572
31.086273
0 -98.457493
31.088209
0 -98.459831
31.089612
0 -98.468209
31.091675
0 -98.470149
31.093019
0 -98.470531
31.094441
0 -98.469146
31.096645
0 -98.464933
31.098912
0 -98.461456
31.101174
0 -98.457076
31.105936
0 -98.455731
31.106955
0 -98.455261
31.108151
0 -98.455598
31.110905
0 -98.457108
31.111916
0 -98.45884
31.11204
0 -98.462318
31.110495
0 -98.465811
31.107566
0 -98.468329
31.106741
0 -98.470024
31.106888
0 -98.47206
31.107866
0 -98.475747
31.112056
0 -98.479328
31.118071
0 -98.480771
31.119217
0 -98.482
31.11918
0 -98.484071
31.1177
0 -98.485781
31.115342
0 -98.487414
31.114211
0 -98.490289
31.115016
0 -98.493612
31.118601
0 -98.495547
31.118937
0 -98.500327
31.117874
0 -98.501115
31.116946
0 -98.502307
31.113774
0 -98.504801
31.108945
0 -98.50634
31.107872
0 -98.508139
31.107586
0 -98.511822
31.106294
0 -98.512383
31.105571
0 -98.513423
31.10213
0 -98.517241
31.093887
0 -98.518531
31.092383
0 -98.523459
31.088886
0 -98.526009
31.089548
0 -98.527878
31.091633
0 -98.529439
31.094623
0 -98.531014
31.102702
0 -98.536949
31.110343
0 -98.538013
31.113533
0 -98.542498
31.118142
0 -98.544741
31.11947
0 -98.548051
31.123474
0 -98.548402
31.125169
0 -98.547579
31.128993
0 -98.546017
31.129969
0 -98.542014
31.130471
0 -98.539129
31.131437
0 -98.531502
31.134729
0 -98.528639
31.136628
0 -98.527401
31.13821
0 -98.526959
31.14039
0 -98.527467
31.14368
0 -98.528424
31.145542
0 -98.529323
31.151248
0 -98.529077
31.153659
0 -98.527641
31.155313
0 -98.525336
31.15603
0 -98.521513
31.155088
0 -98.515266
31.154457
0 -98.511621
31.155017
0 -98.510341
31.155666
0 -98.50753
31.158409
0 -98.503851
31.163451
0 -98.504612
31.166726
0 -98.506571
31.167235
0 -98.511669
31.165365
0 -98.51559
31.164643
0 -98.518008
31.16463
0 -98.52111
31.165612
0 -98.528151
31.172441
0 -98.532064
31.173922
0 -98.542016
31.174496
0 -98.543823
31.17553
0 -98.544631
31.17718
0 -98.544403
31.179454
0 -98.542969
31.1809
0 -98.538223
31.183674
0 -98.536589
31.184888
0 -98.535363
31.186768
0 -98.537987
31.189505
0 -98.538386
31.191303
0 -98.540437
31.193214
0 -98.542421
31.19449
0 -98.544743
31.194522
0 -98.552429
31.192284
0 -98.556339
31.191988
0 -98.557643
31.192259
0 -98.563239
31.194371
0 -98.563965
31.195594
0 -98.569004
31.198302
0 -98.569645
31.203269
0 -98.568511
31.207057
0 -98.567398
31.211892
0 -98.565729
31.215173
0 -98.564587
31.218401
0 -98.563269
31.222701
0 -98.562739
31.230582
0 -98.562963
31.235781
0 -98.56355
31.23785
0 -98.565099
31.241385
0 -98.565237
31.242626
0 -98.56843
31.244808
0 -98.57139
31.248585
0 -98.575136
31.254153
0 -98.576174
31.257981
0 -98.578216
31.260993
0 -98.578219
31.26302
0 -98.57981
31.265386
0 -98.5838
31.266167
0 -98.588543
31.267592
0 -98.592793
31.266067
0 -98.594404
31.263032
0 -98.594642
31.261145
0 -98.593736
31.258537
0 -98.593918
31.254925
0 -98.595651
31.253059
0 -98.597889
31.25389
0 -98.601481
31.257329
0 -98.605903
31.260534
0 -98.607451
31.261308
0 -98.613133
31.263
0 -98.616643
31.265286
0 -98.618481
31.267013
0 -98.619628
31.267142
0 -98.624347
31.2695
0 -98.625628
31.269798
0 -98.628223
31.273883
0 -98.62823
31.275212
0 -98.626926
31.281182
0 -98.622135
31.285088
0 -98.619474
31.284621
0 -98.613815
31.281595
0 -98.612011
31.282207
0 -98.604435
31.284067
0 -98.60017
31.286045
0 -98.598921
31.286363
0 -98.597843
31.288809
0 -98.598385
31.291859
0 -98.597955
31.295612
0 -98.59736
31.297078
0 -98.59722
31.301231
0 -98.596281
31.305833
0 -98.594372
31.311486
0 -98.590675
31.314896
0 -98.590454
31.317289
0 -98.586656
31.319429
0 -98.585987
31.321557
0 -98.58704
31.325167
0 -98.588572
31.326044
0 -98.592306
31.326945
0 -98.594411
31.326354
0 -98.595882
31.323707
0 -98.595229
31.32281
0 -98.59576
31.320772
0 -98.597301
31.31872
0 -98.599418
31.316625
0 -98.603072
31.313692
0 -98.604941
31.312593
0 -98.606849
31.312149
0 -98.620452
31.310034
0 -98.623894
31.309374
0 -98.627426
31.309488
0 -98.630392
31.310149
0 -98.631372
31.311901
0 -98.630926
31.315345
0 -98.629818
31.316433
0 -98.624954
31.317641
0 -98.623205
31.31867
0 -98.622616
31.320547
0 -98.621285
31.321472
0 -98.619295
31.3215
0 -98.618108
31.322371
0 -98.619137
31.324358
0 -98.622826
31.325488
0 -98.626361
31.325378
0 -98.630993
31.325957
0 -98.631879
31.325633
0 -98.633868
31.323553
0 -98.636186
31.320518
0 -98.639618
31.317168
0 -98.643921
31.31407
0 -98.647633
31.31486
0 -98.649095
31.317585
0 -98.648531
31.323469
0 -98.64809
31.323985
0 -98.644271
31.325911
0 -98.641719
31.328359
0 -98.639722
31.33187
0 -98.639736
31.332979
0 -98.643453
31.334534
0 -98.644901
31.335441
0 -98.646969
31.340685
0 -98.643813
31.344239
0 -98.641857
31.345966
0 -98.638377
31.346552
0 -98.636388
31.352521
0 -98.63677
31.353458
0 -98.642821
31.356553
0 -98.644316
31.358863
0 -98.647222
31.359933
0 -98.648653
31.359658
0 -98.64944
31.358363
0 -98.651268
31.357
0 -98.653023
31.357299
0 -98.654614
31.358493
0 -98.654464
31.360363
0 -98.652142
31.362625
0 -98.650356
31.365175
0 -98.650119
31.366875
0 -98.651354
31.368793
0 -98.653476
31.370044
0 -98.655454
31.369709
0 -98.657104
31.368723
0 -98.663355
31.363939
0 -98.665569
31.364204
0 -98.667675
31.363083
0 -98.669947
31.361182
0 -98.670349
31.360186
0 -98.669936
31.357672
0 -98.670167
31.355111
0 -98.670865
31.353886
0 -98.6726
31.352935
0 -98.675277
31.352808
0 -98.677132
31.351898
0 -98.67726
31.350941
0 -98.679819
31.3485
0 -98.682773
31.346157
0 -98.690451
31.343901
0 -98.690832
31.342943
0 -98.695351
31.339963
0 -98.698749
31.338745
0 -98.701931
31.338756
0 -98.702695
31.339148
0 -98.70498
31.342724
0 -98.706372
31.346797
0 -98.708282
31.347501
0 -98.711944
31.346911
0 -98.713131
31.34883
0 -98.712542
31.355562
0 -98.710056
31.356403
0 -98.707752
31.355553
0 -98.706161
31.355912
0 -98.704636
31.357603
0 -98.703054
31.360983
0 -98.702599
31.364212
0 -98.702796
31.36544
0 -98.705101
31.369258
0 -98.704129
31.375776
0 -98.704693
31.377461
0 -98.704348
31.380186
0 -98.699516
31.384792
0 -98.697525
31.385984
0 -98.693028
31.38743
0 -98.693029
31.389975
0 -98.694812
31.391903
0 -98.695892
31.394257
0 -98.695247
31.398846
0 -98.695473
31.405559
0 -98.696634
31.407287
0 -98.698661
31.407602
0 -98.70158
31.407091
0 -98.706427
31.407559
0 -98.708945
31.406997
0 -98.711992
31.405444
0 -98.718125
31.40403
0 -98.719201
31.40441
0 -98.722074
31.40682
0 -98.723839
31.40727
0 -98.727116
31.409768
0 -98.728846
31.41187
0 -98.728738
31.414411
0 -98.726615
31.414832
0 -98.725577
31.415806
0 -98.7252
31.419432
0 -98.724301
31.422701
0 -98.724031
31.425114
0 -98.7244
31.427174
0 -98.726094
31.428278
0 -98.728395
31.429063
0 -98.734123
31.430079
0 -98.738114
31.430362
0 -98.742042
31.428574
0 -98.742815
31.428135
0 -98.74216
31.426571
0 -98.739612
31.424312
0 -98.737149
31.420631
0 -98.736732
31.4173
0 -98.738572
31.413768
0 -98.738765
31.411365
0 -98.74027
31.4076
0 -98.742271
31.405273
0 -98.7454
31.403918
0 -98.747445
31.404035
0 -98.751101
31.403606
0 -98.753491
31.402455
0 -98.755672
31.400444
0 -98.755911
31.398997
0 -98.755382
31.395932
0 -98.753905
31.393734
0 -98.751716
31.389089
0 -98.751384
31.387851
0 -98.752984
31.385204
0 -98.756957
31.382234
0 -98.759825
31.37794
0 -98.762589
31.375282
0 -98.763724
31.375216
0 -98.767514
31.375993
0 -98.770594
31.379992
0 -98.771696
31.380794
0 -98.773074
31.380279
0 -98.776493
31.377279
0 -98.77878
31.377672
0 -98.779478
31.379165
0 -98.776826
31.383741
0 -98.775625
31.38759
0 -98.775853
31.391812
0 -98.774464
31.395741
0 -98.77466
31.402943
0 -98.773228
31.406884
0 -98.773
31.410926
0 -98.773997
31.412433
0 -98.776638
31.413865
0 -98.778889
31.413521
0 -98.782326
31.41103
0 -98.787457
31.407916
0 -98.789154
31.407477
0 -98.791473
31.407886
0 -98.79433
31.409237
0 -98.799405
31.410601
0 -98.801505
31.409965
0 -98.802118
31.408728
0 -98.80608
31.40651
0 -98.808726
31.405471
0 -98.813559
31.404717
0 -98.816358
31.406381
0 -98.81693
31.40832
0 -98.814558
31.412198
0 -98.814215
31.413659
0 -98.814997
31.416322
0 -98.816021
31.417075
0 -98.818983
31.416449
0 -98.823842
31.413981
0 -98.826983
31.411601
0 -98.829935
31.410331
0 -98.832048
31.410077
0 -98.83452
31.410436
0 -98.837658
31.410574
0 -98.846241
31.410478
0 -98.84712
31.410676
0 -98.84936
31.412598
0 -98.851627
31.412493
0 -98.854292
31.413425
0 -98.8549
31.414169
0 -98.854701
31.415489
0 -98.852544
31.418776
0 -98.852463
31.420408
0 -98.853401
31.422473
0 -98.854906
31.424462
0 -98.856511
31.428117
0 -98.858498
31.433655
0 -98.859294
31.434958
0 -98.865937
31.440524
0 -98.867526
31.441581
0 -98.8725
31.444299
0 -98.875566
31.444596
0 -98.879668
31.443756
0 -98.881752
31.443789
0 -98.885453
31.442914
0 -98.887479
31.439862
0 -98.893511
31.434653
0 -98.895846
31.433567
0 -98.901936
31.436021
0 -98.904868
31.436168
0 -98.908499
31.434425
0 -98.910485
31.434141
0 -98.913351
31.434313
0 -98.914432
31.435074
0 -98.916994
31.43584
0 -98.918852
31.435833
0 -98.921757
31.434318
0 -98.925192
31.433988
0 -98.926766
31.434808
0 -98.929097
31.435112
0 -98.933188
31.436928
0 -98.933821
31.438543
0 -98.935541
31.446503
0 -98.935778
31.449696
0 -98.935172
31.452899
0 -98.93591
31.455931
0 -98.939827
31.458247
0 -98.942737
31.458629
0 -98.94626
31.458319
0 -98.950219
31.456973
0 -98.95141
31.455649
0 -98.95336
31.454688
0 -98.955426
31.452391
0 -98.955253
31.450258
0 -98.953349
31.4492
0 -98.952985
31.447309
0 -98.956761
31.443978
0 -98.960272
31.440035
0 -98.961536
31.437385
0 -98.96367
31.434894
0 -98.964545
31.434879
0 -98.966878
31.435548
0 -98.967602
31.437887
0 -98.966476
31.441724
0 -98.967122
31.44292
0 -98.966857
31.444321
0 -98.964818
31.444952
0 -98.963593
31.446251
0 -98.9642
31.448523
0 -98.964321
31.452255
0 -98.965018
31.453298
0 -98.967853
31.454191
0 -98.972105
31.454694
0 -98.976326
31.455524
0 -98.978228
31.456253
0 -98.983584
31.459743
0 -98.985388
31.461804
0 -98.987464
31.462669
0 -98.990673
31.464666
0 -98.991572
31.464579
0 -98.99452
31.466001
0 -98.995029
31.466674
0 -98.994723
31.470985
0 -98.993153
31.474083
0 -98.991764
31.474309
0 -98.986941
31.478929
0 -98.986828
31.480031
0 -98.987428
31.482076
0 -98.990188
31.48391
0 -98.991608
31.484071
0 -98.99739
31.48124
0 -99.002304
31.480388
0 -99.004684
31.480777
0 -99.006005
31.480019
0 -99.007585
31.476756
0 -99.009132
31.472619
0 -99.010644
31.471246
0 -99.014428
31.470263
0 -99.019011
31.469599
0 -99.02174
31.475104
0 -99.024336
31.477035
0 -99.025311
31.478812
0 -99.027057
31.479465
0 -99.027745
31.480484
0 -99.029914
31.482063
0 -99.032474
31.485808
0 -99.034306
31.487528
0 -99.037623
31.489536
0 -99.041052
31.490579
0 -99.042774
31.488971
0 -99.049816
31.485095
0 -99.05057
31.484205
0 -99.053121
31.478468
0 -99.05533
31.474445
0 -99.056503
31.473689
0 -99.060026
31.4728
0 -99.06228
31.470712
0 -99.062264
31.469886
0 -99.060605
31.467501
0 -99.060155
31.464962
0 -99.062995
31.462722
0 -99.064212
31.462383
0 -99.06593
31.46335
0 -99.067499
31.465255
0 -99.068866
31.466059
0 -99.072091
31.467034
0 -99.073342
31.466386
0 -99.075538
31.463252
0 -99.080319
31.460506
0 -99.083285
31.458557
0 -99.085226
31.457847
0 -99.084821
31.456513
0 -99.085851
31.455909
0 -99.087805
31.457393
0 -99.086875
31.458784
0 -99.088072
31.460763
0 -99.090622
31.460927
0 -99.091831
31.250165
0 -99.091697
31.249289
0 -99.091727
31.23962
0 -99.091813
31.221941
0 -99.091773
31.221304
0 -99.091804
31.143619
0 -99.091804
31.133643
0 -99.092099
31.02591
0 -99.092243
30.969955
0 -99.092317
30.941002
0 