-121.346362833935
35.7951826441526
0 -121.332449
35.783106
0 -121.331026
35.778879
0 -121.324918
35.769347
0 -121.324793
35.762235
0 -121.328463
35.759878
0 -121.326319
35.757531
0 -121.320077
35.756654
0 -121.315786
35.75252
0 -121.318039
35.744615
0 -121.316405
35.73877
0 -121.315857
35.730898
0 -121.318429
35.728664
0 -121.316974
35.725625
0 -121.315384
35.72411
0 -121.313248
35.721614
0 -121.312931
35.718014
0 -121.315417
35.713382
0 -121.30447
35.70281
0 -121.296473
35.696824
0 -121.289794
35.689428
0 -121.286708
35.67702
0 -121.28653
35.665524
0 -121.283864
35.664254
0 -121.281547
35.666935
0 -121.275744
35.665983
0 -121.272322
35.666711
0 -121.265058
35.663275
0 -121.260808
35.66445
0 -121.251034
35.656641
0 -121.239873
35.652117
0 -121.223857
35.652161
0 -121.212956
35.647757
0 -121.208707
35.641878
0 -121.203072
35.641857
0 -121.19969
35.636956
0 -121.195465
35.634649
0 -121.193399
35.634885
0 -121.195291
35.640734
0 -121.188897
35.643138
0 -121.183434
35.641232
0 -121.177345
35.640676
0 -121.166712
35.635399
0 -121.151494
35.616106
0 -121.148128
35.613195
0 -121.143561
35.606046
0 -121.137746
35.601763
0 -121.133556
35.600455
0 -121.127867644745
35.5948663741767
0 -121.127702685484
35.5947043070155
0 -121.126027
35.593058
0 -121.122744131754
35.5849236793527
0 -121.121408
35.581613
0 -121.121066823234
35.5812233652361
0 -121.118917503888
35.5787687738936
0 -121.118465
35.578252
0 -121.11635057771
35.5773786999293
0 -121.115608
35.577072
0 -121.113331
35.571293
0 -121.112205470761
35.5693740773921
0 -121.111795212925
35.5686746259615
0 -121.107421
35.561217
0 -121.103256
35.556587
0 -121.105547
35.555357
0 -121.103946206704
35.5527066987515
0 -121.103115232631
35.5513309236087
0 -121.101595
35.548814
0 -121.101221691589
35.5484634311421
0 -121.098574002301
35.5459770220978
0 -121.098314529739
35.5457333549398
0 -121.097685887894
35.545143005922
0 -121.093529553364
35.5412398486235
0 -121.092640205063
35.5404046737144
0 -121.091164584821
35.5390189387904
0 -121.086705382185
35.5348313621676
0 -121.085775784581
35.533958389685
0 -121.082613360391
35.5309886000862
0 -121.07544710752
35.5242588693598
0 -121.059913
35.509671
0 -121.056940399684
35.5082370036597
0 -121.056503
35.508026
0 -121.05308
35.50753
0 -121.052354674964
35.5069243162072
0 -121.050213200521
35.5051360746622
0 -121.04726
35.50267
0 -121.047056
35.5022008541114
0 -121.046129
35.500069
0 -121.039219
35.494108
0 -121.036238
35.489393
0 -121.032402
35.489007
0 -121.028907
35.4851
0 -121.025621
35.484598
0 -121.021242
35.478559
0 -121.008523
35.465416
0 -121.003359
35.46071
0 -120.997924
35.460374
0 -120.993761
35.463622
0 -120.985035
35.460416
0 -120.984227917908
35.4602903150518
0 -120.976122
35.459028
0 -120.969436
35.460197
0 -120.955863
35.453743
0 -120.950742
35.44802
0 -120.946546
35.446715
0 -120.939666
35.446462
0 -120.927729411274
35.4469984292778
0 -120.92737008874
35.4470145772018
0 -120.919528
35.447367
0 -120.914448
35.449336
0 -120.911108
35.448002
0 -120.907937
35.449069
0 -120.899806506175
35.4440578261085
0 -120.896862
35.442243
0 -120.888474394095
35.4338955825408
0 -120.884757
35.430196
0 -120.876196403017
35.4153740762291
0 -120.874596423742
35.4126038522719
0 -120.874464828754
35.4123760070777
0 -120.873581143787
35.4108459839674
0 -120.872432277232
35.4088568221688
0 -120.871383464982
35.4070408956337
0 -120.871325683947
35.4069408528334
0 -120.869209
35.403276
0 -120.868092864178
35.3996042361437
0 -120.866159638165
35.3932444820144
0 -120.866099
35.393045
0 -120.864105
35.376814
0 -120.864176944234
35.3763514330174
0 -120.864857
35.371979
0 -120.866338
35.370852
0 -120.869567
35.371996
0 -120.86981659323
35.367786632078
0 -120.870137
35.362383
0 -120.867191
35.36127
0 -120.86593
35.360529
0 -120.862133
35.360763
0 -120.862404692028
35.3538661644438
0 -120.862684
35.346776
0 -120.863582329044
35.3428727642817
0 -120.8672
35.327154
0 -120.874980550932
35.3064163472729
0 -120.87957
35.294184
0 -120.887607
35.283126
0 -120.889354
35.277819
0 -120.890666
35.273662
0 -120.89405
35.27406
0 -120.895847
35.27077
0 -120.893813
35.265527
0 -120.895478097488
35.2592551016644
0 -120.895596
35.258811
0 -120.897247
35.258902
0 -120.8996
35.255337
0 -120.896876
35.25399
0 -120.89679
35.247877
0 -120.888801
35.239453
0 -120.886418
35.236354
0 -120.878575
35.231694
0 -120.873046
35.225688
0 -120.873522
35.222885
0 -120.869409
35.219026
0 -120.863831
35.217807
0 -120.856047
35.206487
0 -120.846674
35.204429
0 -120.837267
35.1986
0 -120.805258
35.184973
0 -120.798147
35.182024
0 -120.794407
35.179001
0 -120.790158
35.179842
0 -120.786076
35.177666
0 -120.778998
35.168897
0 -120.770192
35.163731
0 -120.760492
35.15971
0 -120.756086
35.160459
0 -120.756862
35.169208
0 -120.754823
35.174701
0 -120.74887
35.177795
0 -120.73889594067
35.1782562636223
0 -120.734530165262
35.1784581647051
0 -120.734231
35.178472
0 -120.73377142646
35.1783003594684
0 -120.726019
35.175405
0 -120.72339099975
35.1750437968589
0 -120.719002269558
35.1744405917679
0 -120.717521
35.174237
0 -120.716810130699
35.1746122520501
0 -120.716416932611
35.1748198125513
0 -120.714343812681
35.1759141663278
0 -120.714185
35.175998
0 -120.711429655321
35.1752273205426
0 -120.708210752691
35.1743269823196
0 -120.704203
35.173206
0 -120.698906
35.171192
0 -120.692299346148
35.1653870922741
0 -120.686974
35.160708
0 -120.684524991586
35.1591345983677
0 -120.682787
35.158018
0 -120.680246
35.158285
0 -120.675538417927
35.153530087249
0 -120.675074
35.153061
0 -120.667994
35.15203
0 -120.662475
35.153357
0 -120.65490413399
35.149625973624
0 -120.651134
35.147768
0 -120.644311
35.139616
0 -120.638576757234
35.1289796658404
0 -120.637692402824
35.1273392942336
0 -120.636989762615
35.1260359807255
0 -120.636910663949
35.1258892621659
0 -120.63615414719
35.1244860141032
0 -120.635787
35.123805
0 -120.635461344532
35.1223308527653
0 -120.635298351132
35.1215930292239
0 -120.634412124495
35.117581339951
0 -120.631696976084
35.1052906557124
0 -120.630957
35.101941
0 -120.630911496689
35.1011601247756
0 -120.629583
35.078362
0 -120.629931
35.061515
0 -120.63357
35.033085
0 -120.63999
35.002963
0 -120.649338482465
34.9747100117234
0 -120.649116
34.974605
0 -120.634144
34.959562
0 -120.628874
34.962877
0 -120.616304
34.965949
0 -120.613143
34.971272
0 -120.602199
34.972749
0 -120.601369
34.972156
0 -120.5955
34.966488
0 -120.594469
34.966564
0 -120.585516
34.967221
0 -120.582314
34.972261
0 -120.575191
34.978291
0 -120.570829
34.977567
0 -120.565504
34.977316
0 -120.55492
34.973881
0 -120.547094
34.978811
0 -120.543924
34.979388
0 -120.54268
34.980402
0 -120.53857
34.983754
0 -120.513924
34.989276
0 -120.496222
34.993155
0 -120.45802
34.989398
0 -120.452811
34.989211
0 -120.444239
34.988835
0 -120.44025
34.988323
0 -120.435959
34.986928
0 -120.432905
34.98513
0 -120.425849
34.981075
0 -120.408668
34.972418
0 -120.403508
34.969754
0 -120.393498
34.964331
0 -120.390814
34.963109
0 -120.364303
34.947967
0 -120.361245
34.946466
0 -120.355343
34.941265
0 -120.35303
34.939287
0 -120.351345
34.938733
0 -120.3455
34.935014
0 -120.341747
34.93438
0 -120.340199
34.933776
0 -120.335853
34.931129
0 -120.332593
34.928445
0 -120.328305
34.925821
0 -120.324424
34.922221
0 -120.324459
34.919332
0 -120.320803
34.913349
0 -120.320632
34.910968
0 -120.319756
34.910001
0 -120.318298
34.907038
0 -120.314034
34.905209
0 -120.312132
34.903951
0 -120.310885
34.903785
0 -120.305448
34.904641
0 -120.303617
34.905863
0 -120.301827
34.905571
0 -120.299448
34.907072
0 -120.298848
34.908787
0 -120.300271
34.914697
0 -120.299928
34.916333
0 -120.298324
34.919259
0 -120.295295
34.922424
0 -120.293515
34.92481
0 -120.29218
34.93031
0 -120.292347
34.933239
0 -120.293364
34.937631
0 -120.293455
34.93948
0 -120.294575
34.941972
0 -120.294548
34.946594
0 -120.295206
34.948485
0 -120.296559
34.950395
0 -120.298595
34.951789
0 -120.301627
34.953248
0 -120.302752
34.954277
0 -120.304134
34.957099
0 -120.303593
34.959822
0 -120.302207
34.961568
0 -120.301949
34.963381
0 -120.305348
34.967802
0 -120.308341
34.970336
0 -120.314791
34.973824
0 -120.316096
34.976604
0 -120.314857
34.978564
0 -120.314533
34.981501
0 -120.315998
34.984005
0 -120.318057
34.985734
0 -120.319594
34.986111
0 -120.32406
34.985527
0 -120.326258
34.985711
0 -120.327115
34.986525
0 -120.331166
34.992779
0 -120.333416
34.994756
0 -120.334524
34.998063
0 -120.334462
34.999926
0 -120.335355
35.003512
0 -120.334548
35.006315
0 -120.323823
35.017314
0 -120.315145
35.012751
0 -120.309926
35.00922
0 -120.290228
35.015435
0 -120.278619
35.01156
0 -120.277145
35.017576
0 -120.27367
35.020805
0 -120.268808
35.020762
0 -120.266593
35.021257
0 -120.263077
35.024588
0 -120.262794
35.025773
0 -120.260272
35.026535
0 -120.259941
35.025916
0 -120.261357
35.023551
0 -120.261333
35.021675
0 -120.260052
35.020668
0 -120.258831
35.017723
0 -120.257451
35.017589
0 -120.256565
35.019314
0 -120.254788
35.021023
0 -120.253391
35.026866
0 -120.252155
35.029022
0 -120.249988
35.030059
0 -120.248928
35.029754
0 -120.248241
35.027313
0 -120.24403
35.02359
0 -120.24068
35.02243
0 -120.23843
35.022563
0 -120.233775
35.023681
0 -120.232234
35.022895
0 -120.232364
35.020748
0 -120.224574
35.022735
0 -120.223048
35.022465
0 -120.221598
35.02124
0 -120.215944
35.022617
0 -120.213558
35.021816
0 -120.21122
35.020455
0 -120.209907
35.020582
0 -120.209606
35.021525
0 -120.210509
35.02335
0 -120.20969
35.023976
0 -120.206102
35.024845
0 -120.204118
35.026184
0 -120.203149
35.028736
0 -120.199578
35.029647
0 -120.195878
35.029636
0 -120.188383
35.030378
0 -120.188248
35.03392
0 -120.186401
35.036552
0 -120.184631
35.037242
0 -120.181369
35.037333
0 -120.180504
35.038035
0 -120.180331
35.039278
0 -120.182414
35.040619
0 -120.183273
35.042358
0 -120.181855
35.043491
0 -120.183669
35.045867
0 -120.18489
35.048449
0 -120.184417
35.050613
0 -120.182914
35.052798
0 -120.18106
35.053886
0 -120.18048
35.054954
0 -120.179572
35.060508
0 -120.17974
35.061812
0 -120.175376
35.062689
0 -120.172927
35.064486
0 -120.173812
35.065787
0 -120.172881
35.066748
0 -120.172843
35.068641
0 -120.174697
35.068983
0 -120.1743
35.070574
0 -120.172576
35.07004
0 -120.17005
35.071825
0 -120.169043
35.074439
0 -120.167616
35.075297
0 -120.161749
35.07601
0 -120.157209
35.078085
0 -120.15566
35.078066
0 -120.155263
35.079512
0 -120.155591
35.081537
0 -120.154439
35.082147
0 -120.149388
35.081469
0 -120.149411
35.084059
0 -120.147984
35.084467
0 -120.145055
35.083402
0 -120.144124
35.082239
0 -120.142918
35.082216
0 -120.140789
35.085173
0 -120.140873
35.086802
0 -120.141857
35.087267
0 -120.143689
35.086733
0 -120.145138
35.087477
0 -120.145031
35.089861
0 -120.143948
35.090574
0 -120.142224
35.090311
0 -120.141537
35.091348
0 -120.14333
35.093359
0 -120.143368
35.095564
0 -120.142307
35.096048
0 -120.138607
35.094156
0 -120.137653
35.09472
0 -120.135913
35.097852
0 -120.131946
35.095358
0 -120.130191
35.09614
0 -120.129443
35.094393
0 -120.130542
35.092031
0 -120.129901
35.090986
0 -120.128459
35.090727
0 -120.126712
35.0921
0 -120.126811
35.095281
0 -120.124629
35.098451
0 -120.124377
35.099695
0 -120.122737
35.099542
0 -120.122515
35.097887
0 -120.120798
35.097824
0 -120.119332
35.098447
0 -120.118441
35.100679
0 -120.119608
35.101949
0 -120.118975
35.103574
0 -120.116671
35.104623
0 -120.117502
35.105722
0 -120.115755
35.106675
0 -120.11268
35.103513
0 -120.109598
35.103486
0 -120.107736
35.104207
0 -120.107339
35.105249
0 -120.108377
35.108346
0 -120.107759
35.10893
0 -120.10382
35.10797
0 -120.102279
35.108445
0 -120.102021
35.10991
0 -120.102739
35.112221
0 -120.101454
35.113463
0 -120.100037
35.113042
0 -120.09885
35.109618
0 -120.09693
35.109595
0 -120.095681
35.112668
0 -120.093659
35.113603
0 -120.092971
35.114171
0 -120.088638
35.113
0 -120.084869
35.114251
0 -120.082084
35.114678
0 -120.08078
35.114335
0 -120.079315
35.112744
0 -120.081359
35.111882
0 -120.083549
35.109525
0 -120.0858
35.10917
0 -120.083809
35.106538
0 -120.080739
35.104895
0 -120.07652
35.104669
0 -120.074282
35.105491
0 -120.072415
35.10471
0 -120.071984
35.101826
0 -120.067313
35.096762
0 -120.064421
35.095502
0 -120.061219
35.095354
0 -120.05994
35.092972
0 -120.048521
35.089901
0 -120.044038
35.085993
0 -120.041873
35.085864
0 -120.039558
35.089152
0 -120.032817
35.087824
0 -120.029313
35.083571
0 -120.025825
35.08484
0 -120.024078
35.08404
0 -120.024857
35.080964
0 -120.023322
35.080311
0 -120.020801
35.08103
0 -120.018264
35.082358
0 -120.014049
35.081447
0 -120.013582
35.075578
0 -120.00981
35.07529
0 -120.007216
35.072344
0 -120.005598
35.071793
0 -120.002017
35.073205
0 -119.992559
35.062931
0 -119.989498
35.06349
0 -119.988558
35.064929
0 -119.986952
35.064764
0 -119.986121
35.063295
0 -119.982453
35.061191
0 -119.979662
35.061865
0 -119.979639
35.059107
0 -119.981278
35.058322
0 -119.980122
35.057573
0 -119.977872
35.059476
0 -119.97572
35.058266
0 -119.970927
35.058757
0 -119.96861
35.056463
0 -119.966946
35.056322
0 -119.965022
35.058825
0 -119.961909
35.058328
0 -119.960689
35.055712
0 -119.958927
35.055726
0 -119.957782
35.057261
0 -119.955784
35.057179
0 -119.955888
35.054896
0 -119.95427
35.054588
0 -119.95221
35.05734
0 -119.948766
35.057177
0 -119.949221
35.055929
0 -119.94557
35.056054
0 -119.94507
35.054561
0 -119.94272
35.054439
0 -119.93992
35.05801
0 -119.937861
35.057083
0 -119.939172
35.054967
0 -119.931612
35.056343
0 -119.930351
35.058652
0 -119.929652
35.058008
0 -119.928419
35.059794
0 -119.926032
35.058317
0 -119.926206
35.056157
0 -119.924623
35.055597
0 -119.921791
35.052543
0 -119.918359
35.053142
0 -119.917307
35.048977
0 -119.913124
35.04782
0 -119.909429
35.045953
0 -119.912102
35.044691
0 -119.911612
35.043802
0 -119.908665
35.044497
0 -119.908291
35.043553
0 -119.910248
35.039566
0 -119.906949
35.039176
0 -119.907066
35.03791
0 -119.903802
35.038131
0 -119.901898
35.039004
0 -119.901968
35.035793
0 -119.899552
35.036001
0 -119.898095
35.038126
0 -119.891748
35.039044
0 -119.889652
35.040629
0 -119.885231
35.040278
0 -119.88296
35.039269
0 -119.878317
35.039712
0 -119.875087
35.035689
0 -119.865997
35.035083
0 -119.863329
35.031425
0 -119.854517
35.032149
0 -119.851513
35.030704
0 -119.851473
35.027551
0 -119.84798
35.025418
0 -119.84417
35.015476
0 -119.84118
35.015015
0 -119.830825
35.005781
0 -119.828441
35.005044
0 -119.82436
35.004951
0 -119.820535
35.003714
0 -119.815573
35.001108
0 -119.811142
35.000689
0 -119.809949
35.002097
0 -119.805392
34.99821
0 -119.802694
34.997784
0 -119.801025
34.998859
0 -119.800767
34.996252
0 -119.798997
34.993249
0 -119.797276
34.992251
0 -119.789292
34.98867
0 -119.787208
34.988168
0 -119.784269
34.988678
0 -119.781913
34.990725
0 -119.780402
34.990729
0 -119.775654
34.988804
0 -119.770659
34.986311
0 -119.766765
34.98358
0 -119.761321
34.981121
0 -119.755039
34.980007
0 -119.752939
34.978735
0 -119.749966
34.975777
0 -119.745566
34.973676
0 -119.740067
34.973076
0 -119.72933
34.974649
0 -119.726713
34.975978
0 -119.724667
34.973577
0 -119.719666
34.971676
0 -119.717365
34.971776
0 -119.708916
34.975337
0 -119.700564
34.976674
0 -119.693217
34.973706
0 -119.684564
34.972068
0 -119.678624
34.971775
0 -119.673563
34.973575
0 -119.664269
34.969876
0 -119.661226
34.966907
0 -119.658839
34.965411
0 -119.655282
34.963801
0 -119.652505
34.959932
0 -119.650441
34.959188
0 -119.64671
34.95686
0 -119.644601
34.953748
0 -119.634861
34.953875
0 -119.625361
34.949275
0 -119.624761
34.949175
0 -119.617961
34.950475
0 -119.616061
34.950575
0 -119.613104
34.949502
0 -119.60896
34.946875
0 -119.60256
34.942175
0 -119.59646
34.938075
0 -119.59246
34.935076
0 -119.58886
34.930375
0 -119.586059
34.927275
0 -119.578359
34.921875
0 -119.570059
34.918175
0 -119.561758
34.914075
0 -119.557858
34.911475
0 -119.552058
34.908475
0 -119.546158
34.904775
0 -119.544058
34.903175
0 -119.539758
34.900475
0 -119.535972
34.89772
0 -119.532205
34.897609
0 -119.521947
34.897697
0 -119.501343
34.897873
0 -119.490455
34.897475
0 -119.490355
34.901174
0 -119.472754
34.901174
0 -119.472661
34.937907
0 -119.472567
34.975087
0 -119.472719
35.076885
0 -119.49073
35.077361
0 -119.490632
35.091805
0 -119.498768
35.091283
0 -119.560975
35.087673
0 -119.554218
35.173481
0 -119.553641
35.179975
0 -119.571259
35.180292
0 -119.576817
35.179977
0 -119.667056
35.174809
0 -119.666657
35.261587
0 -119.666663
35.262527
0 -119.809449
35.263584
0 -119.809442
35.300124
0 -119.809346
35.350865
0 -119.880172
35.351211
0 -119.880086
35.364166
0 -119.880045
35.439133
0 -119.913659
35.439262
0 -119.944178
35.439324
0 -119.997392
35.439495
0 -119.997382
35.468702
0 -120.000973
35.469037
0 -120.015659
35.469039
0 -120.014602
35.483652
0 -120.030515
35.483787
0 -120.033314
35.483648
0 -120.033241
35.498642
0 -120.05105
35.498627
0 -120.050732
35.499967
0 -120.051237
35.512695
0 -120.068905
35.512779
0 -120.068657
35.52632
0 -120.086674
35.526554
0 -120.085922
35.614524
0 -120.124741
35.614314
0 -120.125898
35.614228
0 -120.193918
35.614359
0 -120.193892
35.726513
0 -120.194146
35.789204
0 -120.213979
35.789276
0 -120.244551
35.789458
0 -120.250979
35.788977
0 -120.404531
35.789968
0 -120.425644
35.789961
0 -120.515083
35.790269
0 -120.580101
35.790819
0 -120.583642
35.790725
0 -120.583789
35.790748
0 -120.585265
35.790853
0 -120.617235
35.790843
0 -120.658273
35.790861
0 -120.691613
35.79089
0 -120.721938
35.791113
0 -120.731376
35.791117
0 -120.751007
35.79132
0 -120.85444
35.791868
0 -120.864116
35.79174
0 -120.876014
35.791969
0 -120.959274
35.792559
0 -121.001022
35.792904
0 -121.00155
35.792669
0 -121.114454
35.79331
0 -121.125937
35.793941
0 -121.175695
35.794102
0 -121.185056
35.794161
0 -121.243778
35.794525
0 -121.346362833935
35.7951826441526
0 