-67.045786
18.3148
0 -67.052583
18.306655
0 -67.040709
18.300302
0 -67.040133
18.296928
0 -67.040105
18.293733
0 -67.040206
18.29313
0 -67.039608
18.293171
0 -67.039387
18.291349
0 -67.037935
18.289705
0 -67.036199
18.287975
0 -67.032877
18.289944
0 -67.031192
18.289148
0 -67.03286
18.285648
0 -67.034267
18.284717
0 -67.038117
18.284155
0 -67.038662
18.283317
0 -67.039291
18.28263
0 -67.03819
18.28047
0 -67.037
18.280403
0 -67.034052
18.281849
0 -67.032805
18.282072
0 -67.030263
18.281006
0 -67.029105
18.278915
0 -67.027457
18.278524
0 -67.025958
18.278787
0 -67.023878
18.281474
0 -67.022293
18.281663
0 -67.020031
18.280442
0 -67.019665
18.279189
0 -67.018443
18.276982
0 -67.015747
18.277212
0 -67.013059
18.27933
0 -67.011587
18.278703
0 -67.006879
18.279095
0 -67.00566
18.27911
0 -67.001791
18.276169
0 -66.998217
18.277561
0 -66.994251
18.275707
0 -66.992748
18.275614
0 -66.990896
18.276824
0 -66.989383
18.276851
0 -66.986819
18.27501
0 -66.983036
18.274544
0 -66.979645
18.276001
0 -66.977233
18.274836
0 -66.975122
18.274667
0 -66.973181
18.274116
0 -66.972488
18.272726
0 -66.971946
18.27173
0 -66.971767
18.271195
0 -66.971794
18.270949
0 -66.971425
18.270162
0 -66.971068
18.269573
0 -66.9706
18.269026
0 -66.970354
18.268237
0 -66.970393
18.26623
0 -66.969575
18.263698
0 -66.967247
18.26363
0 -66.965228
18.265987
0 -66.965394
18.270749
0 -66.964862
18.27133
0 -66.961437
18.270199
0 -66.960558
18.27119
0 -66.956729
18.272127
0 -66.953738
18.271544
0 -66.950731
18.269631
0 -66.949703
18.266777
0 -66.948204
18.266758
0 -66.946388
18.268764
0 -66.947945
18.271521
0 -66.94623
18.273293
0 -66.945032
18.271658
0 -66.944078
18.268245
0 -66.941748
18.266644
0 -66.940974
18.265336
0 -66.942632
18.263312
0 -66.943247
18.26083
0 -66.942008
18.260293
0 -66.93975
18.26256
0 -66.938607
18.261862
0 -66.93839
18.258788
0 -66.934203
18.259077
0 -66.933482
18.258664
0 -66.932474
18.253744
0 -66.930663
18.253768
0 -66.928824
18.254263
0 -66.927651
18.255428
0 -66.927949
18.256943
0 -66.92977
18.256934
0 -66.930288
18.258553
0 -66.927435
18.259315
0 -66.924707
18.260425
0 -66.923818
18.260265
0 -66.922551
18.257557
0 -66.919298
18.25914
0 -66.918733
18.257768
0 -66.918935
18.256456
0 -66.918122
18.255877
0 -66.912719
18.254316
0 -66.908548
18.252076
0 -66.907236
18.25309
0 -66.907481
18.25314
0 -66.908438
18.25314
0 -66.908252
18.260175
0 -66.906887
18.262857
0 -66.908812
18.266964
0 -66.908026
18.272903
0 -66.910587
18.278201
0 -66.910298
18.2824
0 -66.909549
18.293102
0 -66.909974
18.295211
0 -66.910263
18.296751
0 -66.909977
18.302636
0 -66.905569
18.315983
0 -66.905026
18.319617
0 -66.904726
18.32161
0 -66.904534
18.322636
0 -66.898022
18.342695
0 -66.896415
18.348905
0 -66.891918
18.365297
0 -66.892467
18.366276
0 -66.892853
18.366627
0 -66.893339
18.367089
0 -66.894481
18.366195
0 -66.897769
18.365705
0 -66.8989
18.366108
0 -66.900542
18.366794
0 -66.901692
18.365642
0 -66.903952
18.365949
0 -66.905721
18.367222
0 -66.908511
18.373004
0 -66.912231
18.375816
0 -66.913863
18.375414
0 -66.916728
18.377189
0 -66.920387
18.379563
0 -66.921678
18.38361
0 -66.922962
18.384495
0 -66.923441
18.388224
0 -66.92202
18.393204
0 -66.928872
18.39256
0 -66.930257
18.391983
0 -66.932045
18.389551
0 -66.93333
18.389357
0 -66.933316
18.387935
0 -66.935018
18.388321
0 -66.935365
18.385497
0 -66.937011
18.384616
0 -66.936432
18.383691
0 -66.937208
18.381612
0 -66.936263
18.378277
0 -66.936724
18.376919
0 -66.938329
18.376432
0 -66.945589
18.37523
0 -66.949185
18.377198
0 -66.951055
18.379681
0 -66.952537
18.379518
0 -66.954969
18.380349
0 -66.957106
18.382036
0 -66.959765
18.382301
0 -66.962947
18.384174
0 -66.9699
18.385568
0 -66.970571
18.385884
0 -66.972876
18.38628
0 -66.973999
18.386302
0 -66.979091
18.386364
0 -66.981089
18.385053
0 -66.984292
18.385105
0 -66.989352
18.388146
0 -66.993662
18.388704
0 -66.996021
18.388828
0 -66.997654
18.391133
0 -66.999623
18.390477
0 -67.001881
18.392898
0 -67.006054
18.394228
0 -67.00845
18.394254
0 -67.009142
18.395125
0 -67.010478
18.394441
0 -67.013014
18.394366
0 -67.013834
18.395127
0 -67.017604
18.394854
0 -67.019893
18.394256
0 -67.02059
18.394796
0 -67.021823
18.393532
0 -67.025045
18.392063
0 -67.02638
18.392052
0 -67.027173
18.393376
0 -67.029183
18.389427
0 -67.029111
18.388738
0 -67.03012
18.387323
0 -67.032596
18.386181
0 -67.034295
18.38133
0 -67.037212
18.38095
0 -67.036699
18.379058
0 -67.037467
18.377682
0 -67.037745
18.377752
0 -67.037396
18.376485
0 -67.039338
18.371981
0 -67.038838
18.370632
0 -67.040217
18.368723
0 -67.038979
18.366919
0 -67.039315
18.365868
0 -67.040149
18.364201
0 -67.041377
18.362321
0 -67.041377
18.359972
0 -67.040657
18.359242
0 -67.041754
18.358636
0 -67.04233
18.357104
0 -67.042023
18.355805
0 -67.042696
18.356089
0 -67.043566
18.354272
0 -67.044377
18.35497
0 -67.044503
18.353786
0 -67.047079
18.35391
0 -67.047925
18.353107
0 -67.047405
18.350859
0 -67.048243
18.348661
0 -67.050093
18.349032
0 -67.049315
18.347339
0 -67.04746
18.347796
0 -67.045302
18.350698
0 -67.04374
18.349816
0 -67.045474
18.348403
0 -67.043183
18.343584
0 -67.043328
18.342052
0 -67.041416
18.340211
0 -67.041219
18.338665
0 -67.040099
18.338687
0 -67.039648
18.337333
0 -67.040412
18.33491
0 -67.036683
18.333382
0 -67.037131
18.33173
0 -67.036519
18.331656
0 -67.035934
18.329559
0 -67.036621
18.328632
0 -67.037184
18.326319
0 -67.041309
18.323828
0 -67.041366
18.321255
0 -67.042724
18.320404
0 -67.044285
18.316588
0 -67.045786
18.3148
0 