-121.584719
38.043545
0 -121.585078
38.040267
0 -121.584388
38.036025
0 -121.583578
38.034381
0 -121.581686
38.032355
0 -121.57993
38.032116
0 -121.577948
38.033817
0 -121.580786
38.038789
0 -121.580185
38.041268
0 -121.577634
38.04296
0 -121.576042
38.042985
0 -121.574151
38.042794
0 -121.572169
38.041412
0 -121.571269
38.0401
0 -121.570819
38.038003
0 -121.571028
38.035238
0 -121.571809
38.031376
0 -121.570817
38.029761
0 -121.568106
38.030796
0 -121.565674
38.030721
0 -121.564226
38.029699
0 -121.56449
38.026218
0 -121.563304
38.023913
0 -121.561257
38.021541
0 -121.558845
38.01943
0 -121.557554
38.017037
0 -121.558321
38.015732
0 -121.561069
38.015441
0 -121.564491
38.016607
0 -121.566434
38.018071
0 -121.570285
38.018684
0 -121.572052
38.01841
0 -121.572789
38.01691
0 -121.571009
38.015259
0 -121.569029
38.014797
0 -121.566965
38.013528
0 -121.566867
38.012709
0 -121.56815
38.011383
0 -121.573305
38.011718
0 -121.577879
38.01082
0 -121.57991
38.007783
0 -121.579842
38.006436
0 -121.578711
38.004255
0 -121.57758
38.003596
0 -121.57485
38.003082
0 -121.570959
38.003292
0 -121.569096
38.002789
0 -121.568978
38.00139
0 -121.57056
37.999025
0 -121.57783
37.999025
0 -121.578945
37.99855
0 -121.5791
37.997871
0 -121.577362
37.997127
0 -121.576084
37.994855
0 -121.577148
37.993385
0 -121.580026
37.991034
0 -121.581025
37.989525
0 -121.582463
37.983922
0 -121.579527
37.98155
0 -121.573583
37.980309
0 -121.572393
37.979045
0 -121.572706
37.97809
0 -121.574237
37.977416
0 -121.576965
37.977759
0 -121.579993
37.976967
0 -121.579943
37.976113
0 -121.577837
37.974596
0 -121.57555
37.973675
0 -121.574148
37.971813
0 -121.573713
37.966434
0 -121.570124
37.963262
0 -121.566393
37.960985
0 -121.565138
37.959849
0 -121.565586
37.957785
0 -121.567964
37.957478
0 -121.571578
37.95753
0 -121.574501
37.956939
0 -121.575188
37.955045
0 -121.573589
37.953756
0 -121.565261
37.955115
0 -121.564113
37.955115
0 -121.563692
37.953512
0 -121.568515
37.949171
0 -121.568988
37.947618
0 -121.568603
37.945459
0 -121.567409
37.943982
0 -121.56555
37.944168
0 -121.56364
37.94611
0 -121.560683
37.947579
0 -121.55818
37.947367
0 -121.557583
37.946496
0 -121.558175
37.945379
0 -121.561908
37.944881
0 -121.563406
37.944273
0 -121.563235
37.942683
0 -121.561474
37.941552
0 -121.56088
37.93988
0 -121.561937
37.937612
0 -121.561455
37.935885
0 -121.557274
37.932247
0 -121.558899
37.927926
0 -121.558491
37.926208
0 -121.556419
37.923302
0 -121.558262
37.921381
0 -121.561864
37.920436
0 -121.565114
37.919173
0 -121.565594
37.918193
0 -121.56571
37.915559
0 -121.563212
37.912217
0 -121.563289
37.910601
0 -121.564769
37.909009
0 -121.570922
37.90596
0 -121.572626
37.904665
0 -121.571769
37.902497
0 -121.568162
37.901017
0 -121.566951
37.899913
0 -121.565904
37.897672
0 -121.566405
37.895214
0 -121.567679
37.892431
0 -121.569901
37.890858
0 -121.574963
37.88945
0 -121.575532
37.88898
0 -121.575922
37.887551
0 -121.57387
37.883395
0 -121.578194
37.87548
0 -121.579425
37.8723
0 -121.578833
37.86995
0 -121.575145
37.86771
0 -121.573389
37.865751
0 -121.573796
37.864324
0 -121.575463
37.863118
0 -121.579503
37.861072
0 -121.578965
37.858497
0 -121.577575
37.857953
0 -121.575593
37.859278
0 -121.571794
37.860483
0 -121.569812
37.860689
0 -121.568293
37.859999
0 -121.570588
37.85801
0 -121.568017
37.857042
0 -121.565903
37.857863
0 -121.56261
37.853354
0 -121.561977
37.853138
0 -121.561222
37.854284
0 -121.562301
37.855682
0 -121.560619
37.858186
0 -121.558468
37.857715
0 -121.555255
37.858007
0 -121.553742
37.859233
0 -121.553123
37.860963
0 -121.551676
37.8604
0 -121.548994
37.85625
0 -121.547496
37.855226
0 -121.541117
37.857745
0 -121.540346
37.856716
0 -121.541483
37.855216
0 -121.541359
37.853113
0 -121.54201
37.851314
0 -121.540035
37.848842
0 -121.538412
37.849251
0 -121.537209
37.850838
0 -121.534247
37.849891
0 -121.534932
37.847536
0 -121.536797
37.846264
0 -121.536595
37.844723
0 -121.537518
37.843488
0 -121.540272
37.841494
0 -121.537917
37.838694
0 -121.538897
37.836759
0 -121.541499
37.835294
0 -121.542413
37.833398
0 -121.546094
37.832448
0 -121.549459
37.833569
0 -121.551969
37.830005
0 -121.552236
37.827127
0 -121.551154
37.825101
0 -121.552498
37.824034
0 -121.55208
37.822497
0 -121.553311
37.818825
0 -121.555073
37.817442
0 -121.556936
37.817218
0 -121.557038
37.815988
0 -121.556959
37.794734
0 -121.557032
37.794733
0 -121.556661
37.756107
0 -121.557145
37.746608
0 -121.556959
37.743051
0 -121.557034
37.707704
0 -121.556958
37.703581
0 -121.556957
37.670642
0 -121.556857
37.635531
0 -121.556655
37.542732
0 -121.550454
37.539332
0 -121.548355
37.535932
0 -121.546854
37.535032
0 -121.545754
37.532532
0 -121.54328
37.531593
0 -121.541833
37.530215
0 -121.539425
37.529584
0 -121.537079
37.529752
0 -121.53619
37.52908
0 -121.533616
37.528887
0 -121.529897
37.527048
0 -121.528817
37.52806
0 -121.527894
37.527387
0 -121.523862
37.526212
0 -121.522328
37.524705
0 -121.519134
37.524447
0 -121.516749
37.525512
0 -121.513674
37.524758
0 -121.511509
37.525075
0 -121.507883
37.524774
0 -121.506368
37.525549
0 -121.503403
37.525604
0 -121.501475
37.525003
0 -121.498268
37.522427
0 -121.49958
37.52014
0 -121.502371
37.51847
0 -121.49994
37.516242
0 -121.49987
37.515108
0 -121.497232
37.512463
0 -121.496676
37.509211
0 -121.495382
37.508133
0 -121.496017
37.504938
0 -121.493183
37.502421
0 -121.489381
37.502142
0 -121.486593
37.501388
0 -121.482065
37.501439
0 -121.48074
37.499777
0 -121.479362
37.496484
0 -121.475897
37.495272
0 -121.473761
37.492777
0 -121.470938
37.491183
0 -121.469214
37.48936
0 -121.471198
37.485034
0 -121.47106
37.483317
0 -121.471925
37.481783
0 -121.375451
37.558431
0 -121.374251
37.559231
0 -121.373751
37.559831
0 -121.360916
37.569762
0 -121.334201
37.590405
0 -121.32405
37.598831
0 -121.287542
37.627536
0 -121.28572
37.628857
0 -121.28555
37.629031
0 -121.269447
37.641628
0 -121.243867
37.661913
0 -121.240802
37.664828
0 -121.240031
37.664923
0 -121.231555
37.662588
0 -121.229073
37.66434
0 -121.229849
37.666429
0 -121.229248
37.668928
0 -121.22185
37.670329
0 -121.22105
37.672429
0 -121.22205
37.674339
0 -121.22275
37.677228
0 -121.222106
37.678258
0 -121.22315
37.683728
0 -121.221955
37.682624
0 -121.219758
37.684789
0 -121.217895
37.685684
0 -121.216391
37.68787
0 -121.214974
37.686796
0 -121.210826
37.685873
0 -121.208692
37.686302
0 -121.207717
37.688779
0 -121.20525
37.692029
0 -121.206839
37.693724
0 -121.206075
37.694897
0 -121.204049
37.693626
0 -121.20235
37.695927
0 -121.199609
37.695983
0 -121.19915
37.694929
0 -121.200783
37.693743
0 -121.201186
37.692272
0 -121.199689
37.690399
0 -121.198426
37.690273
0 -121.196407
37.693058
0 -121.195914
37.694802
0 -121.19382
37.694631
0 -121.193506
37.693179
0 -121.192153
37.692085
0 -121.191984
37.690602
0 -121.190242
37.691894
0 -121.189017
37.691298
0 -121.189277
37.689599
0 -121.187495
37.689624
0 -121.188087
37.688384
0 -121.186647
37.687477
0 -121.185749
37.688809
0 -121.182439
37.687705
0 -121.181124
37.688092
0 -121.183096
37.689984
0 -121.179885
37.69051
0 -121.178776
37.691848
0 -121.179965
37.693065
0 -121.182232
37.691676
0 -121.184169
37.69272
0 -121.182353
37.693767
0 -121.180979
37.693439
0 -121.180415
37.695829
0 -121.182428
37.69662
0 -121.182569
37.698539
0 -121.181769
37.699001
0 -121.176939
37.698804
0 -121.175912
37.699421
0 -121.176804
37.702282
0 -121.178861
37.70194
0 -121.180159
37.703416
0 -121.17845
37.705529
0 -121.176549
37.706065
0 -121.176299
37.704047
0 -121.168922
37.699125
0 -121.166244
37.699397
0 -121.163679
37.700377
0 -121.165741
37.701112
0 -121.166822
37.702231
0 -121.165672
37.70425
0 -121.163403
37.703721
0 -121.15922
37.704439
0 -121.158753
37.706412
0 -121.161405
37.706732
0 -121.162117
37.708052
0 -121.159349
37.708528
0 -121.160829
37.711142
0 -121.158392
37.711793
0 -121.157775
37.713354
0 -121.159127
37.7151
0 -121.158828
37.716953
0 -121.156091
37.71681
0 -121.157123
37.717807
0 -121.155849
37.719844
0 -121.154562
37.7202
0 -121.153915
37.718955
0 -121.151046
37.719477
0 -121.150263
37.71938
0 -121.146813
37.71759
0 -121.146106
37.717499
0 -121.145687
37.718455
0 -121.145819
37.71941
0 -121.145444
37.719988
0 -121.143882
37.71975
0 -121.143225
37.719951
0 -121.141856
37.72082
0 -121.141876
37.720983
0 -121.14217
37.721447
0 -121.142748
37.721645
0 -121.142761
37.722136
0 -121.141908
37.722716
0 -121.137999
37.722324
0 -121.137381
37.72414
0 -121.136522
37.724683
0 -121.134992
37.723048
0 -121.130744
37.722304
0 -121.128449
37.724227
0 -121.125557
37.722619
0 -121.124211
37.724204
0 -121.122678
37.724121
0 -121.123625
37.722823
0 -121.121356
37.721919
0 -121.120743
37.722341
0 -121.12137
37.724467
0 -121.1187
37.723608
0 -121.116281
37.724661
0 -121.116761
37.726491
0 -121.112947
37.727668
0 -121.110248
37.730128
0 -121.109894
37.730379
0 -121.10763
37.73228
0 -121.109487
37.73445
0 -121.111349
37.740028
0 -121.110208
37.742043
0 -121.109048
37.742027
0 -121.106848
37.740127
0 -121.105547
37.740016
0 -121.104523
37.74113
0 -121.101849
37.741007
0 -121.099524
37.739824
0 -121.100942
37.737433
0 -121.098828
37.738022
0 -121.098685
37.736665
0 -121.096019
37.736194
0 -121.096874
37.734423
0 -121.094848
37.733328
0 -121.095087
37.7345
0 -121.092734
37.73475
0 -121.089989
37.736601
0 -121.08769
37.7414
0 -121.085272
37.740847
0 -121.084
37.741786
0 -121.082548
37.741328
0 -121.081826
37.739789
0 -121.079848
37.740228
0 -121.079399
37.738449
0 -121.076428
37.737574
0 -121.075082
37.738928
0 -121.072283
37.737859
0 -121.070926
37.738053
0 -121.068848
37.739528
0 -121.067074
37.739708
0 -121.066603
37.740091
0 -121.067435
37.742621
0 -121.066637
37.744917
0 -121.063921
37.743866
0 -121.064657
37.746672
0 -121.062724
37.745958
0 -121.060406
37.747801
0 -121.060524
37.749433
0 -121.059939
37.749263
0 -121.057056
37.749151
0 -121.056212
37.750374
0 -121.055477
37.749202
0 -121.0543
37.74947
0 -121.052043
37.748522
0 -121.053347
37.746821
0 -121.05334
37.745628
0 -121.050706
37.745712
0 -121.051751
37.744236
0 -121.051813
37.742507
0 -121.050332
37.741682
0 -121.048828
37.742623
0 -121.046362
37.742634
0 -121.045248
37.739424
0 -121.042997
37.738623
0 -121.043841
37.741528
0 -121.041535
37.741668
0 -121.039647
37.739549
0 -121.037872
37.73916
0 -121.037178
37.742525
0 -121.036512
37.743014
0 -121.03296
37.74287
0 -121.028816
37.740704
0 -121.025733
37.742356
0 -121.024305
37.746231
0 -121.024051
37.746665
0 -121.020863
37.74775
0 -121.021249
37.749124
0 -121.021157
37.750381
0 -121.01748
37.755406
0 -121.014024
37.756516
0 -121.011166
37.755751
0 -121.013808
37.754128
0 -121.012083
37.753867
0 -121.010929
37.751181
0 -121.011889
37.749731
0 -121.008
37.749091
0 -121.006999
37.751114
0 -121.004331
37.752446
0 -121.003064
37.751729
0 -120.997855
37.755015
0 -120.998939
37.757128
0 -120.995696
37.760178
0 -120.993433
37.760941
0 -120.991993
37.758984
0 -120.987333
37.756616
0 -120.981775
37.756262
0 -120.981366
37.754527
0 -120.977225
37.75277
0 -120.975244
37.751005
0 -120.973165
37.747952
0 -120.96506
37.743771
0 -120.961862
37.741818
0 -120.958809
37.741451
0 -120.956959
37.740487
0 -120.95416
37.738445
0 -120.947959
37.740494
0 -120.944445
37.742128
0 -120.941987
37.742293
0 -120.939081
37.741961
0 -120.933006
37.739498
0 -120.926807
37.738581
0 -120.926173
37.738408
0 -120.922367
37.737445
0 -120.920665
37.738392
0 -120.921462
37.743331
0 -120.921104
37.745965
0 -120.922174
37.747806
0 -120.922062
37.748767
0 -120.923245
37.757728
0 -120.922893
37.758783
0 -120.922645
37.759528
0 -120.923251
37.793571
0 -120.923449
37.801341
0 -120.923854
37.8132
0 -120.924141
37.820599
0 -120.924723
37.838906
0 -120.925356
37.856855
0 -120.925485
37.858414
0 -120.926347
37.886724
0 -120.926447
37.918925
0 -120.926547
37.920725
0 -120.926447
37.921725
0 -120.926381
37.944826
0 -120.926448
37.945224
0 -120.926348
37.983324
0 -120.926448
37.984024
0 -120.926524
38.017226
0 -120.926545
38.073107
0 -120.926449
38.077421
0 -120.93885
38.088321
0 -120.969175
38.163023
0 -120.975206
38.177886
0 -120.975303
38.178123
0 -120.986446
38.204647
0 -120.987602
38.207456
0 -120.995497
38.225405
0 -121.00346
38.243012
0 -121.006357
38.250507
0 -121.006399
38.250605
0 -121.016369
38.274402
0 -121.027084
38.300252
0 -121.030514
38.29891
0 -121.033045
38.299228
0 -121.035443
38.298127
0 -121.04057
38.297718
0 -121.043626
38.293743
0 -121.047494
38.291142
0 -121.048338
38.291142
0 -121.053391
38.293193
0 -121.055494
38.295068
0 -121.059916
38.29708
0 -121.061672
38.29894
0 -121.064783
38.29947
0 -121.066653
38.299146
0 -121.068477
38.298515
0 -121.071039
38.295329
0 -121.073284
38.294361
0 -121.073903
38.293264
0 -121.07638
38.29197
0 -121.078219
38.291676
0 -121.07929
38.289771
0 -121.082026
38.288246
0 -121.084232
38.286361
0 -121.085378
38.287053
0 -121.089899
38.283962
0 -121.092659
38.283844
0 -121.093113
38.282569
0 -121.09544
38.281633
0 -121.098941
38.283105
0 -121.100196
38.282646
0 -121.102092
38.28323
0 -121.106425
38.281508
0 -121.109513
38.281064
0 -121.114502
38.27881
0 -121.116829
38.277349
0 -121.120129
38.278162
0 -121.127782
38.277447
0 -121.131213
38.274678
0 -121.133825
38.271875
0 -121.13767
38.271578
0 -121.139338
38.270154
0 -121.141552
38.269197
0 -121.142894
38.267565
0 -121.145945
38.265365
0 -121.147014
38.263905
0 -121.152965
38.262483
0 -121.156994
38.260793
0 -121.161535
38.260796
0 -121.163642
38.260219
0 -121.163844
38.259786
0 -121.1691
38.25809
0 -121.171282
38.256923
0 -121.172009
38.255594
0 -121.173079
38.255208
0 -121.180219
38.255321
0 -121.182026
38.256828
0 -121.189774
38.256066
0 -121.192023
38.256698
0 -121.194137
38.255749
0 -121.19807
38.252474
0 -121.203407
38.248754
0 -121.207889
38.248817
0 -121.215018
38.248799
0 -121.217516
38.246632
0 -121.22075
38.244877
0 -121.222512
38.244406
0 -121.225555
38.244859
0 -121.22925
38.247525
0 -121.230652
38.246734
0 -121.233637
38.246902
0 -121.234419
38.247419
0 -121.237498
38.247479
0 -121.242372
38.245413
0 -121.244772
38.245188
0 -121.247584
38.245426
0 -121.249425
38.246522
0 -121.252692
38.246948
0 -121.259036
38.250267
0 -121.26838
38.252271
0 -121.269228
38.252089
0 -121.270043
38.251919
0 -121.272822
38.250782
0 -121.276844
38.249256
0 -121.282267
38.249836
0 -121.283232
38.248284
0 -121.28654
38.247025
0 -121.287986
38.245819
0 -121.288137
38.245636
0 -121.291262
38.240307
0 -121.292701
38.238871
0 -121.295505
38.237624
0 -121.300685
38.236716
0 -121.305311
38.234751
0 -121.306782
38.234756
0 -121.309046
38.235789
0 -121.310916
38.234874
0 -121.313075
38.234753
0 -121.314888
38.235515
0 -121.317744
38.235208
0 -121.321769
38.232685
0 -121.324439
38.233102
0 -121.329306
38.232826
0 -121.331897
38.231519
0 -121.334814
38.231275
0 -121.337471
38.229398
0 -121.339041
38.228933
0 -121.341787
38.229647
0 -121.344024
38.22826
0 -121.348011
38.228822
0 -121.350307
38.230394
0 -121.354682
38.231031
0 -121.358049
38.230754
0 -121.362388
38.229906
0 -121.362896
38.228284
0 -121.36435
38.228659
0 -121.365825
38.230861
0 -121.366978
38.231239
0 -121.370914
38.229725
0 -121.37317
38.23106
0 -121.377908
38.23055
0 -121.38024
38.230983
0 -121.382512
38.232071
0 -121.38542
38.23135
0 -121.389054
38.233165
0 -121.392462
38.230395
0 -121.394923
38.229722
0 -121.395719
38.227985
0 -121.398193
38.227427
0 -121.401325
38.229471
0 -121.401694
38.230694
0 -121.405172
38.22996
0 -121.406431
38.231522
0 -121.409755
38.232873
0 -121.411005
38.231934
0 -121.411231
38.231928
0 -121.415686
38.235611
0 -121.420517
38.237242
0 -121.42098
38.238394
0 -121.422626
38.239594
0 -121.423936
38.242331
0 -121.427169
38.244802
0 -121.427457
38.245969
0 -121.42536
38.246798
0 -121.425081
38.250401
0 -121.427635
38.251568
0 -121.428852
38.25422
0 -121.429097
38.254673
0 -121.430891
38.255038
0 -121.434422
38.25427
0 -121.436242
38.255109
0 -121.439911
38.255531
0 -121.44009
38.255605
0 -121.444537
38.256846
0 -121.447774
38.2551
0 -121.448142
38.255008
0 -121.450426
38.254617
0 -121.453017
38.255622
0 -121.45578
38.257566
0 -121.458677
38.257356
0 -121.4614
38.259157
0 -121.464503
38.259508
0 -121.466081
38.259929
0 -121.468838
38.259406
0 -121.470958
38.259902
0 -121.476221
38.25778
0 -121.476582
38.256344
0 -121.48007
38.253576
0 -121.479677
38.252139
0 -121.478514
38.251077
0 -121.478213
38.248537
0 -121.478741
38.245993
0 -121.481589
38.244425
0 -121.483237
38.242154
0 -121.484317
38.241509
0 -121.486613
38.240458
0 -121.487381
38.238696
0 -121.486629
38.237306
0 -121.486773
38.235818
0 -121.487701
38.234682
0 -121.489813
38.233658
0 -121.490757
38.232186
0 -121.490566
38.230166
0 -121.491669
38.22769
0 -121.495865
38.227106
0 -121.497662
38.227678
0 -121.501008
38.226847
0 -121.504336
38.224543
0 -121.50639
38.224587
0 -121.507008
38.223519
0 -121.507487
38.222563
0 -121.506255
38.217539
0 -121.505231
38.215795
0 -121.504335
38.212131
0 -121.508079
38.209235
0 -121.508303
38.207108
0 -121.509935
38.20458
0 -121.512735
38.202564
0 -121.519871
38.203156
0 -121.522128
38.201908
0 -121.524496
38.199396
0 -121.5256
38.197284
0 -121.527184
38.19674
0 -121.528896
38.195332
0 -121.529152
38.193828
0 -121.528176
38.191636
0 -121.526736
38.18994
0 -121.525543
38.186764
0 -121.524455
38.185516
0 -121.524999
38.183868
0 -121.527111
38.18286
0 -121.527815
38.18102
0 -121.526071
38.178908
0 -121.526119
38.177116
0 -121.524614
38.174844
0 -121.524359
38.172316
0 -121.52511
38.171277
0 -121.529302
38.169021
0 -121.531398
38.1631
0 -121.533462
38.162669
0 -121.533974
38.159677
0 -121.536151
38.158158
0 -121.536198
38.157277
0 -121.534535
38.155757
0 -121.53631
38.151581
0 -121.537622
38.151214
0 -121.540583
38.151982
0 -121.542663
38.150829
0 -121.543399
38.147566
0 -121.544423
38.147262
0 -121.54692
38.14811
0 -121.548472
38.147534
0 -121.549896
38.146062
0 -121.551736
38.145358
0 -121.553384
38.145406
0 -121.559176
38.143886
0 -121.560136
38.142126
0 -121.55916
38.140638
0 -121.557288
38.139118
0 -121.557688
38.136751
0 -121.56244
38.135983
0 -121.566808
38.134111
0 -121.571889
38.131512
0 -121.575534
38.129531
0 -121.576968
38.12851
0 -121.579416
38.125694
0 -121.580878
38.124918
0 -121.584074
38.120228
0 -121.58436
38.118299
0 -121.583502
38.113475
0 -121.580783
38.111009
0 -121.573197
38.108896
0 -121.567184
38.106243
0 -121.565751
38.105279
0 -121.564321
38.102869
0 -121.564035
38.101422
0 -121.564607
38.099252
0 -121.567184
38.097321
0 -121.574063
38.09636
0 -121.580022
38.094414
0 -121.578338
38.091739
0 -121.577231
38.086008
0 -121.576749
38.078193
0 -121.572923
38.074239
0 -121.574829
38.07184
0 -121.578489
38.07006
0 -121.581131
38.069257
0 -121.582203
38.068423
0 -121.582244
38.064388
0 -121.583879
38.059897
0 -121.583511
38.05928
0 -121.582427
38.053807
0 -121.582305
38.051436
0 -121.584719
38.043545
0 