-98.33207
44.177315
0 -98.332084
44.170092
0 -98.331855
44.111909
0 -98.331808
44.075624
0 -98.331827
44.039327
0 -98.331701
44.024729
0 -98.331695
44.010363
0 -98.331344
43.944895
0 -98.331508
43.937708
0 -98.331502
43.930224
0 -98.331484
43.850988
0 -98.325242
43.851058
0 -98.311501
43.851218
0 -98.21147
43.85122
0 -98.205926
43.851209
0 -98.192098
43.851131
0 -98.187601
43.851072
0 -98.167647
43.851054
0 -98.157094
43.85105
0 -98.097375
43.851074
0 -98.09187
43.851058
0 -98.086317
43.851042
0 -98.031326
43.850938
0 -97.971361
43.850665
0 -97.967279
43.850686
0 -97.85111
43.849857
0 -97.851118
43.871494
0 -97.851132
43.874461
0 -97.851045
43.878761
0 -97.850982
43.936785
0 -97.850882
43.972581
0 -97.850889
44.009136
0 -97.850861
44.023807
0 -97.850821
44.031483
0 -97.850929
44.052826
0 -97.850925
44.067495
0 -97.850873
44.074176
0 -97.850772
44.089247
0 -97.850856
44.110816
0 -97.850982
44.123066
0 -97.850389
44.125304
0 -97.849492
44.195235
0 -97.85366
44.195233
0 -97.97025
44.194648
0 -97.97392
44.19468
0 -98.043807
44.195455
0 -98.064033
44.195683
0 -98.085411
44.195842
0 -98.090349
44.195953
0 -98.094161
44.195858
0 -98.106425
44.195888
0 -98.114118
44.195853
0 -98.137248
44.195813
0 -98.137935
44.195943
0 -98.209732
44.196632
0 -98.213291
44.196637
0 -98.270879
44.196592
0 -98.332042
44.19662
0 -98.33207
44.177387
0 -98.33207
44.177315
0 