-89.994506
39.901925
0 -89.994492
39.890326
0 -89.994487
39.887091
0 -89.994478
39.886423
0 -89.994405
39.87286
0 -89.994389
39.858104
0 -89.994137
39.829042
0 -89.994071
39.821825
0 -89.993755
39.785329
0 -89.985562
39.785356
0 -89.985526
39.781239
0 -89.985243
39.759468
0 -89.984989
39.73976
0 -89.984959
39.737166
0 -89.984745
39.718079
0 -89.97651
39.696296
0 -89.970848
39.681658
0 -89.96811
39.674431
0 -89.965254
39.666944
0 -89.962593
39.659943
0 -89.94309
39.609139
0 -89.940458
39.602091
0 -89.934978
39.587438
0 -89.923955
39.558678
0 -89.926037
39.522104
0 -89.916806
39.522177
0 -89.89776
39.522332
0 -89.860248
39.522546
0 -89.841283
39.522676
0 -89.832353
39.522749
0 -89.813147
39.522838
0 -89.795316
39.522939
0 -89.777821
39.522977
0 -89.776775
39.52286
0 -89.772161
39.522972
0 -89.771067
39.522997
0 -89.771008
39.522998
0 -89.767523
39.522957
0 -89.763025
39.522945
0 -89.759537
39.52295
0 -89.701645
39.523369
0 -89.693863
39.52347
0 -89.67467
39.523686
0 -89.674323
39.52369
0 -89.645806
39.524023
0 -89.642868
39.524054
0 -89.635884
39.524129
0 -89.617517
39.524332
0 -89.617451
39.524333
0 -89.603404
39.524469
0 -89.533655
39.524592
0 -89.533811
39.539114
0 -89.534098
39.568115
0 -89.53472
39.59696
0 -89.534998
39.612226
0 -89.534617
39.614069
0 -89.535028
39.641138
0 -89.497339
39.640871
0 -89.487549
39.640833
0 -89.478473
39.640842
0 -89.478529
39.648393
0 -89.478757
39.66939
0 -89.478764
39.669736
0 -89.478847
39.676065
0 -89.478923
39.683964
0 -89.443616
39.68395
0 -89.425051
39.683696
0 -89.425033
39.686073
0 -89.425049
39.698648
0 -89.425133
39.705975
0 -89.425535
39.747676
0 -89.425262
39.750042
0 -89.425171
39.762022
0 -89.424241
39.761612
0 -89.420217
39.76137
0 -89.417843
39.759205
0 -89.417263
39.757484
0 -89.418937
39.756901
0 -89.419727
39.755077
0 -89.418571
39.75433
0 -89.41962
39.753012
0 -89.419155
39.751434
0 -89.414676
39.748119
0 -89.410203
39.744031
0 -89.407601
39.74311
0 -89.401689
39.742622
0 -89.397087
39.742153
0 -89.393764
39.743186
0 -89.385874
39.749975
0 -89.386347
39.751797
0 -89.384239
39.754009
0 -89.382555
39.75436
0 -89.380743
39.753508
0 -89.379782
39.753804
0 -89.378754
39.755509
0 -89.375086
39.757389
0 -89.373718
39.758707
0 -89.372492
39.758085
0 -89.371308
39.755057
0 -89.368534
39.75688
0 -89.367123
39.757325
0 -89.364873
39.757097
0 -89.363355
39.755665
0 -89.362605
39.755799
0 -89.360374
39.760584
0 -89.358775
39.762185
0 -89.360034
39.767517
0 -89.358113
39.770642
0 -89.35591
39.7706
0 -89.354136
39.772093
0 -89.353004
39.771464
0 -89.352428
39.769572
0 -89.350023
39.769639
0 -89.34549
39.767284
0 -89.342938
39.766607
0 -89.341592
39.766932
0 -89.334055
39.764857
0 -89.331553
39.764561
0 -89.329159
39.763581
0 -89.327096
39.764514
0 -89.327304
39.766159
0 -89.325307
39.766184
0 -89.325225
39.767326
0 -89.328604
39.767571
0 -89.329152
39.768804
0 -89.327918
39.769694
0 -89.325631
39.770052
0 -89.322342
39.771859
0 -89.320558
39.771821
0 -89.317775
39.770793
0 -89.315499
39.771933
0 -89.314548
39.77117
0 -89.312581
39.7713
0 -89.310448
39.772169
0 -89.307843
39.774361
0 -89.303122
39.775813
0 -89.300444
39.778414
0 -89.301435
39.779767
0 -89.300088
39.781249
0 -89.299626
39.782798
0 -89.298289
39.783299
0 -89.299715
39.78454
0 -89.298421
39.786618
0 -89.296953
39.789502
0 -89.294117
39.790176
0 -89.293091
39.78955
0 -89.291551
39.790086
0 -89.29261
39.792269
0 -89.292104
39.792754
0 -89.289305
39.791951
0 -89.286588
39.792753
0 -89.285445
39.793874
0 -89.283393
39.793853
0 -89.282677
39.79461
0 -89.283678
39.79576
0 -89.281774
39.796607
0 -89.281169
39.799008
0 -89.279542
39.798924
0 -89.278528
39.800074
0 -89.276406
39.799144
0 -89.272091
39.801125
0 -89.271416
39.802891
0 -89.269329
39.804157
0 -89.265373
39.806422
0 -89.264588
39.804278
0 -89.262541
39.804385
0 -89.259752
39.806782
0 -89.259973
39.808002
0 -89.257175
39.809808
0 -89.256717
39.813118
0 -89.255092
39.81494
0 -89.253167
39.818194
0 -89.251912
39.822556
0 -89.248546
39.825737
0 -89.246235
39.825948
0 -89.245118
39.824545
0 -89.242838
39.823153
0 -89.240092
39.823137
0 -89.240301
39.821839
0 -89.23825
39.821062
0 -89.236212
39.821813
0 -89.23714
39.819928
0 -89.235503
39.818855
0 -89.236178
39.817562
0 -89.234654
39.817352
0 -89.234279
39.816267
0 -89.23164
39.816041
0 -89.234242
39.815148
0 -89.234176
39.813088
0 -89.229847
39.813578
0 -89.228248
39.813205
0 -89.22526
39.814953
0 -89.223525
39.814652
0 -89.220175
39.81291
0 -89.217523
39.813224
0 -89.21747
39.85296
0 -89.217522
39.859028
0 -89.217566
39.872985
0 -89.217769
39.873497
0 -89.217851
39.909936
0 -89.217846
39.91699
0 -89.227165
39.917031
0 -89.240526
39.91699
0 -89.252126
39.916992
0 -89.2549
39.916917
0 -89.301742
39.917124
0 -89.311089
39.917206
0 -89.329926
39.917371
0 -89.348552
39.917482
0 -89.366747
39.91763
0 -89.367112
39.917587
0 -89.40506
39.918304
0 -89.404969
39.932733
0 -89.461713
39.933219
0 -89.464537
39.933244
0 -89.483419
39.93314
0 -89.48351
39.940396
0 -89.483718
39.962213
0 -89.483759
39.969249
0 -89.483826
39.976733
0 -89.488741
39.976726
0 -89.500319
39.976664
0 -89.503031
39.976632
0 -89.503246
39.97664
0 -89.521694
39.976511
0 -89.528225
39.976483
0 -89.578289
39.976127
0 -89.59916
39.975997
0 -89.605778
39.975955
0 -89.613175
39.975918
0 -89.62283
39.975867
0 -89.636787
39.97579
0 -89.656735
39.975667
0 -89.698259
39.975309
0 -89.698022
39.960793
0 -89.697616
39.938511
0 -89.702261
39.938291
0 -89.701864
39.916787
0 -89.712825
39.916543
0 -89.728856
39.916579
0 -89.760981
39.916405
0 -89.769325
39.916344
0 -89.769309
39.914322
0 -89.769236
39.902416
0 -89.811404
39.902305
0 -89.826016
39.902157
0 -89.846792
39.901589
0 -89.853527
39.901637
0 -89.869636
39.90151
0 -89.877592
39.90155
0 -89.88256
39.901531
0 -89.929599
39.901726
0 -89.975592
39.901879
0 -89.994506
39.901925
0 