-83.120396
43.327049
0 -83.119027
43.28368
0 -83.099484
43.284135
0 -83.07955
43.284127
0 -83.00043
43.284913
0 -82.999664
43.248402
0 -82.999494
43.241762
0 -82.999074
43.226461
0 -82.998806
43.21925
0 -82.998625
43.215011
0 -82.998508
43.211961
0 -82.998439
43.210391
0 -82.998395
43.209104
0 -82.998195
43.204562
0 -82.997986
43.197536
0 -82.996257
43.154099
0 -82.943649
43.15554
0 -82.877221
43.157212
0 -82.859895
43.15767
0 -82.834982
43.158258
0 -82.820401
43.158653
0 -82.790861
43.159497
0 -82.761106
43.160477
0 -82.741934
43.161082
0 -82.702319
43.162298
0 -82.693459
43.162554
0 -82.682675
43.162884
0 -82.677971
43.163018
0 -82.673609
43.163119
0 -82.653134
43.163714
0 -82.643281
43.163998
0 -82.544925
43.16751
0 -82.524975
43.168226
0 -82.505367
43.168849
0 -82.5034284253741
43.1689337555037
0 -82.508732
43.190713
0 -82.508016
43.19255
0 -82.508881
43.196748
0 -82.511391
43.202041
0 -82.5157626707265
43.2080885155316
0 -82.5178424582549
43.2109655728783
0 -82.519123
43.212737
0 -82.5194894665163
43.214539642681
0 -82.520382
43.21893
0 -82.523086
43.225361
0 -82.5231659762207
43.228943612943
0 -82.5232759834398
43.233871493805
0 -82.523434
43.24095
0 -82.52556
43.249791
0 -82.524339
43.251554
0 -82.5256083266479
43.254222247904
0 -82.526151
43.255363
0 -82.527459
43.259782
0 -82.526583
43.264567
0 -82.525674
43.267206
0 -82.5236259111033
43.2673827633638
0 -82.5231193276501
43.2674264848035
0 -82.522731
43.26746
0 -82.522715
43.269376
0 -82.5231305584972
43.2696310276805
0 -82.525635
43.271168
0 -82.52765
43.274641
0 -82.5278411270777
43.2767058430604
0 -82.527935
43.27772
0 -82.5281682845684
43.2811536440109
0 -82.5281923581144
43.2815079751496
0 -82.528486
43.28583
0 -82.52818
43.28934
0 -82.52955312834
43.2956361310936
0 -82.53001
43.297731
0 -82.5304978789176
43.3000973588219
0 -82.531179
43.303401
0 -82.532396
43.30577
0 -82.531478
43.311272
0 -82.529805
43.312942
0 -82.529416
43.316243
0 -82.530128
43.333805
0 -82.530826
43.338119
0 -82.533878
43.342078
0 -82.5346714095623
43.3438280721209
0 -82.536794
43.34851
0 -82.537507
43.353163
0 -82.5364000681514
43.3587530838983
0 -82.536089
43.360324
0 -82.535627
43.368062
0 -82.53391
43.372673
0 -82.534482
43.376324
0 -82.534108
43.379021
0 -82.5338417089642
43.3802280828152
0 -82.533076
43.383699
0 -82.534986
43.386694
0 -82.53559
43.389775
0 -82.536657
43.391081
0 -82.537545
43.394864
0 -82.538969
43.397646
0 -82.539381
43.401293
0 -82.5393397882852
43.4018692839465
0 -82.539078
43.40553
0 -82.536994
43.407882
0 -82.538689
43.410767
0 -82.538499
43.413102
0 -82.5386652726812
43.4136632927023
0 -82.539348
43.415968
0 -82.538656
43.418198
0 -82.538748
43.419714
0 -82.53993
43.422378
0 -82.540225
43.424437
0 -82.539356
43.426291
0 -82.53831
43.428976
0 -82.5379456876129
43.4293659633068
0 -82.537259
43.430101
0 -82.538578
43.431594
0 -82.5373976548432
43.4327513256481
0 -82.537091
43.433052
0 -82.538899
43.435336
0 -82.539517
43.437539
0 -82.5401225061467
43.4385067662047
0 -82.542534
43.442361
0 -82.5460868612649
43.4462734971997
0 -82.5471080425316
43.4473981069379
0 -82.548156
43.450033
0 -82.547642
43.453552
0 -82.546576
43.457134
0 -82.549525
43.459354
0 -82.549946
43.460511
0 -82.55354
43.464111
0 -82.554942
43.467665
0 -82.554884
43.470204
0 -82.55575
43.471928
0 -82.5556697460255
43.4737472825431
0 -82.555611
43.475079
0 -82.554743
43.479509
0 -82.558285
43.481808
0 -82.560268
43.483749
0 -82.561311
43.486082
0 -82.562017
43.487458
0 -82.564992
43.490593
0 -82.565839
43.492838
0 -82.565505
43.497063
0 -82.5657345874798
43.4984357494592
0 -82.56613
43.5008
0 -82.565691
43.502904
0 -82.569637
43.507017
0 -82.571653
43.510503
0 -82.57181
43.511997
0 -82.571076
43.514364
0 -82.571526
43.516484
0 -82.576242
43.525259
0 -82.576219
43.528643
0 -82.580298
43.534586
0 -82.585654
43.543969
0 -82.585361
43.550293
0 -82.58569
43.551875
0 -82.584612
43.553442
0 -82.585887
43.555925
0 -82.586342
43.558313
0 -82.589014
43.561231
0 -82.5891639644125
43.562001367892
0 -82.5903052545233
43.5678641805567
0 -82.591992
43.576529
0 -82.591978
43.578404
0 -82.593785
43.581467
0 -82.594334
43.585225
0 -82.597911
43.590016
0 -82.598762
43.59366
0 -82.59815
43.595312
0 -82.599313
43.597793
0 -82.599276
43.601048
0 -82.6005
43.602935
0 -82.6005071527135
43.6035988326875
0 -82.600547
43.607297
0 -82.600364
43.609824
0 -82.600609
43.611907
0 -82.599747
43.613313
0 -82.596576
43.615109
0 -82.597137
43.617779
0 -82.59845
43.621641
0 -82.59821
43.623827
0 -82.599627
43.628368
0 -82.601313
43.630141
0 -82.602828
43.634318
0 -82.602189
43.63714
0 -82.60224
43.638166
0 -82.6024358706619
43.638927332492
0 -82.602859
43.640572
0 -82.60171
43.643355
0 -82.60266
43.64612
0 -82.604232
43.649174
0 -82.6044447656349
43.6518106607042
0 -82.604701
43.654986
0 -82.604258
43.657813
0 -82.605963
43.66188
0 -82.6063
43.665383
0 -82.605652
43.667836
0 -82.6057203329738
43.6686982473723
0 -82.605783
43.669489
0 -82.6056415094236
43.6698274250568
0 -82.604285
43.673072
0 -82.6047792031252
43.6783422909424
0 -82.60483
43.678884
0 -82.606591
43.683337
0 -82.607034
43.686866
0 -82.606091
43.689182
0 -82.6066391742551
43.6904352250652
0 -82.639695
43.689666
0 -82.64057
43.68968
0 -82.699382
43.687652
0 -82.719273
43.687028
0 -82.758368
43.685895
0 -82.878375
43.68277
0 -82.997932
43.679304
0 -83.058269
43.677354
0 -83.117844
43.675493
0 -83.114619
43.587995
0 -83.110313
43.515573
0 -83.109506
43.501085
0 -83.108926
43.486322
0 -83.108478
43.475523
0 -83.108347
43.472221
0 -83.108013
43.461015
0 -83.107892
43.457522
0 -83.107333
43.442629
0 -83.106604
43.423376
0 -83.106259
43.414344
0 -83.105833
43.399589
0 -83.105671
43.392602
0 -83.105576
43.388892
0 -83.104228
43.341914
0 -83.103826
43.327365
0 -83.120396
43.327049
0 