-111.366628
31.515179
0 -111.366758
31.514601
0 -111.366572295468
31.4261324300682
0 -111.125646
31.348978
0 -111.074825
31.332239
0 -111.000643
31.332177
0 -110.976826482117
31.3323456620291
0 -110.965264424609
31.3324275413403
0 -110.94509835245
31.3325703519168
0 -110.941483625794
31.3325959504168
0 -110.931653580568
31.3326655640934
0 -110.928262412192
31.3326895794151
0 -110.913158488344
31.3327965412496
0 -110.890657490793
31.3329558871255
0 -110.850270965313
31.333241893391
0 -110.795467
31.33363
0 -110.760998207278
31.3335474504822
0 -110.622211317073
31.3332150689292
0 -110.460172
31.332827
0 -110.460169
31.374687
0 -110.459866
31.375101
0 -110.45992
31.42809
0 -110.459962
31.469705
0 -110.460917
31.469699
0 -110.460719
31.555913
0 -110.46066
31.585106
0 -110.460564
31.614037
0 -110.452247
31.613936
0 -110.452035
31.630246
0 -110.452029
31.630566
0 -110.45172
31.686642
0 -110.451854
31.688453
0 -110.451725
31.730663
0 -110.451736
31.731267
0 -110.623393
31.731767
0 -110.626227
31.731479
0 -110.659721
31.731568
0 -110.807079
31.731746
0 -110.855632
31.731696
0 -110.855593
31.726653
0 -110.872361
31.726738
0 -110.876393
31.726862
0 -110.880511
31.726831
0 -110.889826
31.726833
0 -110.943135
31.726757
0 -110.957492
31.726731
0 -110.993852
31.726666
0 -111.011661
31.726457
0 -111.012688
31.726448
0 -111.038837
31.726216
0 -111.05804
31.72623
0 -111.05917
31.72621
0 -111.061583
31.72613
0 -111.078694
31.726129
0 -111.125648
31.726145
0 -111.158299
31.726007
0 -111.164183
31.725983
0 -111.164263
31.638121
0 -111.164051
31.589246
0 -111.164097
31.564776
0 -111.164126
31.550646
0 -111.162845
31.544582
0 -111.163725
31.521826
0 -111.366613
31.521291
0 -111.366628
31.515179
0 