-122.202653
37.363046
0 -122.202467
37.360272
0 -122.201489
37.358046
0 -122.198205
37.354272
0 -122.197369
37.35267
0 -122.195871
37.350849
0 -122.195899
37.348299
0 -122.193504
37.344997
0 -122.19029
37.34197
0 -122.185954
37.338701
0 -122.184078
37.334842
0 -122.182493
37.33264
0 -122.175075
37.325741
0 -122.178546
37.325158
0 -122.17928
37.326195
0 -122.183235
37.326235
0 -122.185458
37.323737
0 -122.186516
37.322031
0 -122.18876
37.320916
0 -122.18986
37.32035
0 -122.190529
37.319933
0 -122.192513
37.318795
0 -122.193062
37.318277
0 -122.190131
37.31776
0 -122.186913
37.315683
0 -122.18557
37.31167
0 -122.18232
37.309528
0 -122.179711
37.311313
0 -122.175817
37.312749
0 -122.170812
37.311982
0 -122.168886
37.309985
0 -122.16823
37.307807
0 -122.166584
37.305617
0 -122.16233
37.304413
0 -122.163627
37.301257
0 -122.162672
37.300904
0 -122.165138
37.297992
0 -122.16526
37.296489
0 -122.166838
37.295237
0 -122.16413
37.294856
0 -122.161718
37.293473
0 -122.16027
37.293393
0 -122.156214
37.291645
0 -122.15328
37.2896
0 -122.152278
37.286055
0 -122.151571
37.285346
0 -122.151119
37.283523
0 -122.14875
37.28121
0 -122.14938
37.27747
0 -122.15057
37.2762
0 -122.148119
37.275211
0 -122.14609
37.27226
0 -122.14415
37.27021
0 -122.14082
37.26921
0 -122.138483
37.267513
0 -122.13555
37.26541
0 -122.13431
37.26291
0 -122.12872
37.25936
0 -122.12393
37.25972
0 -122.121638
37.25856
0 -122.120096
37.256973
0 -122.11643
37.25242
0 -122.11295
37.24958
0 -122.11038
37.24553
0 -122.10557
37.24074
0 -122.10436
37.23596
0 -122.10423
37.23427
0 -122.09926
37.23308
0 -122.093369
37.22924
0 -122.092667
37.22544
0 -122.08981
37.22327
0 -122.08435
37.22247
0 -122.08058
37.22337
0 -122.078986
37.223093
0 -122.076616
37.220194
0 -122.07315
37.218902
0 -122.071714
37.217262
0 -122.07001
37.216672
0 -122.067948
37.214059
0 -122.067478
37.212267
0 -122.065933
37.210413
0 -122.064912
37.210214
0 -122.062775
37.210365
0 -122.060109
37.212669
0 -122.056778
37.212702
0 -122.055087
37.212497
0 -122.053946
37.20941
0 -122.047548
37.204936
0 -122.044121
37.200495
0 -122.040782
37.195171
0 -122.035178
37.192062
0 -122.03075
37.18999
0 -122.03199
37.1884
0 -122.031495
37.18691
0 -122.03263
37.18614
0 -122.031935
37.182297
0 -122.029398
37.179452
0 -122.028933
37.176936
0 -122.02653
37.17611
0 -122.027637
37.174083
0 -122.025783
37.173858
0 -122.025668
37.172605
0 -122.027675
37.170846
0 -122.025585
37.169071
0 -122.026107
37.16681
0 -122.02277
37.166156
0 -122.021435
37.166786
0 -122.017123
37.165135
0 -122.015946
37.165658
0 -122.014019
37.163436
0 -122.013769
37.162772
0 -122.011587
37.162035
0 -122.010995
37.160949
0 -122.009041
37.159792
0 -122.006703
37.159263
0 -122.005838
37.15828
0 -122.004573
37.158653
0 -122.002386
37.158229
0 -122.001317
37.157329
0 -122.000047
37.154495
0 -121.997934
37.152601
0 -121.99422
37.14992
0 -121.99168
37.145297
0 -121.99109
37.14427
0 -121.98916
37.14379
0 -121.987152
37.144819
0 -121.98503
37.143238
0 -121.985032
37.143228
0 -121.984928
37.143206
0 -121.984061
37.143734
0 -121.980836
37.142282
0 -121.977529
37.141733
0 -121.97314
37.14185
0 -121.970934
37.140317
0 -121.96987
37.13866
0 -121.96324
37.13321
0 -121.95618
37.13031
0 -121.953825
37.129035
0 -121.94703
37.12775
0 -121.94196
37.12639
0 -121.93415
37.12331
0 -121.932026
37.122001
0 -121.93001
37.12329
0 -121.92426
37.12128
0 -121.910685
37.113295
0 -121.90572
37.11317
0 -121.904618
37.111327
0 -121.90114
37.11152
0 -121.898151
37.110723
0 -121.89632
37.10965
0 -121.89496
37.10979
0 -121.89485
37.10861
0 -121.89228
37.10841
0 -121.892
37.10706
0 -121.89054
37.10689
0 -121.890867
37.105256
0 -121.88725
37.104934
0 -121.884808
37.107825
0 -121.870066
37.102247
0 -121.860421
37.104037
0 -121.861884
37.099346
0 -121.8556
37.09914
0 -121.85368
37.09841
0 -121.849557
37.099127
0 -121.84689
37.09704
0 -121.84413
37.09751
0 -121.84428
37.09493
0 -121.842784
37.09456
0 -121.84058
37.09419
0 -121.83865
37.09322
0 -121.83877
37.09209
0 -121.83433
37.09123
0 -121.83217
37.0897
0 -121.83154
37.0886
0 -121.82996
37.08807
0 -121.828044
37.088668
0 -121.827406
37.08799
0 -121.82402
37.08757
0 -121.82366
37.08605
0 -121.82226
37.08569
0 -121.81746
37.08264
0 -121.81649
37.08037
0 -121.81719
37.07788
0 -121.812516
37.075155
0 -121.810527
37.070674
0 -121.809076
37.069301
0 -121.805944
37.068281
0 -121.804367
37.068571
0 -121.80151
37.06749
0 -121.80084
37.06604
0 -121.79582
37.06356
0 -121.79355
37.06431
0 -121.79014
37.06363
0 -121.78812
37.06227
0 -121.78594
37.06193
0 -121.78201
37.05836
0 -121.78155
37.056991
0 -121.778257
37.056065
0 -121.77605
37.05486
0 -121.77569
37.05326
0 -121.77295
37.05262
0 -121.77004
37.05329
0 -121.76696
37.05328
0 -121.76322
37.05177
0 -121.76328
37.05072
0 -121.7648
37.04934
0 -121.7638
37.04854
0 -121.760678
37.0476
0 -121.7576
37.04963
0 -121.75492
37.04845
0 -121.75399
37.04599
0 -121.747761
37.037749
0 -121.746361
37.034749
0 -121.744335
37.033672
0 -121.74238
37.03024
0 -121.73913
37.02718
0 -121.72782
37.02275
0 -121.725781
37.020678
0 -121.728315
37.020922
0 -121.72869
37.019926
0 -121.730814
37.020324
0 -121.730439
37.022218
0 -121.736186
37.015342
0 -121.727815
37.009862
0 -121.726566
37.012054
0 -121.72265
37.008924
0 -121.718762
37.007557
0 -121.729624
36.997872
0 -121.728346
36.99682
0 -121.729807
36.993555
0 -121.731328
36.992709
0 -121.734184
36.992766
0 -121.734853
36.99105
0 -121.738697
36.989991
0 -121.736385
36.989367
0 -121.732312
36.989664
0 -121.730471
36.990822
0 -121.717878
36.995561
0 -121.71709
36.99407
0 -121.71466
36.99313
0 -121.710918
36.993066
0 -121.710405
36.992341
0 -121.711375
36.990581
0 -121.70981
36.990603
0 -121.705509
36.98936
0 -121.705244
36.986245
0 -121.699658
36.98625
0 -121.695358
36.98515
0 -121.695258
36.98275
0 -121.696658
36.98135
0 -121.696197
36.979778
0 -121.697679
36.977745
0 -121.698428
36.974984
0 -121.698129
36.972605
0 -121.693303
36.96823
0 -121.687758
36.966951
0 -121.686658
36.967451
0 -121.683658
36.967051
0 -121.678258
36.96785
0 -121.674757
36.965351
0 -121.672657
36.965451
0 -121.672257
36.964351
0 -121.66993
36.963641
0 -121.66613
36.96434
0 -121.664787
36.963714
0 -121.663957
36.960651
0 -121.662857
36.959151
0 -121.66433
36.95514
0 -121.663307
36.953507
0 -121.663257
36.951851
0 -121.661557
36.951751
0 -121.658357
36.950551
0 -121.655119
36.95105
0 -121.654038
36.950584
0 -121.653675
36.947717
0 -121.652271
36.947628
0 -121.652856
36.945751
0 -121.654056
36.944751
0 -121.653056
36.941751
0 -121.648856
36.937251
0 -121.645791
36.93233
0 -121.641025
36.932224
0 -121.642256
36.936351
0 -121.639656
36.937851
0 -121.638856
36.937651
0 -121.637055
36.939053
0 -121.631856
36.939253
0 -121.63046
36.940544
0 -121.626055
36.939797
0 -121.624048
36.938494
0 -121.62473
36.940094
0 -121.607155
36.926051
0 -121.590354
36.926151
0 -121.590154
36.919252
0 -121.581154
36.919252
0 -121.581455
36.900252
0 -121.581354
36.899152
0 -121.576862
36.893739
0 -121.575402
36.893033
0 -121.573741
36.89558
0 -121.571394
36.897075
0 -121.566923
36.897073
0 -121.562901
36.896252
0 -121.560272
36.897111
0 -121.559992
36.897941
0 -121.560159
36.903072
0 -121.558997
36.906701
0 -121.558452
36.910468
0 -121.55632
36.911938
0 -121.553493
36.915199
0 -121.55126
36.91565
0 -121.548009
36.917391
0 -121.547136
36.917375
0 -121.544875
36.918854
0 -121.542499
36.919282
0 -121.540016
36.920765
0 -121.539265
36.923185
0 -121.540754
36.924628
0 -121.54068
36.925542
0 -121.539234
36.927302
0 -121.535145
36.9297
0 -121.534463
36.930933
0 -121.529384
36.933471
0 -121.526819
36.935747
0 -121.523591
36.93709
0 -121.522226
36.939691
0 -121.519152
36.941972
0 -121.516857
36.942558
0 -121.515805
36.944331
0 -121.513813
36.945155
0 -121.512357
36.947315
0 -121.511721
36.949189
0 -121.512045
36.952675
0 -121.510231
36.954053
0 -121.510185
36.956019
0 -121.512263
36.957997
0 -121.512275
36.959036
0 -121.509401
36.960039
0 -121.508145
36.963649
0 -121.50528
36.964216
0 -121.504552
36.967847
0 -121.503739
36.968299
0 -121.501488
36.971895
0 -121.488949
36.983148
0 -121.471151
36.977974
0 -121.467939
36.976772
0 -121.463561
36.978294
0 -121.465948
36.982148
0 -121.463656
36.984877
0 -121.460046
36.985748
0 -121.457547
36.987548
0 -121.456647
36.986648
0 -121.450607
36.988944
0 -121.449119
36.988211
0 -121.449747
36.986148
0 -121.447346
36.982955
0 -121.437697
36.97851
0 -121.43629
36.97698
0 -121.434563
36.973983
0 -121.430984
36.971343
0 -121.418246
36.960549
0 -121.416059
36.960692
0 -121.399452
36.960664
0 -121.383565
36.960639
0 -121.383444
36.960549
0 -121.370343
36.960549
0 -121.353513
36.960041
0 -121.352847
36.96019
0 -121.215406
36.961248
0 -121.216526
36.962072
0 -121.219713
36.962971
0 -121.224833
36.967433
0 -121.229342
36.967649
0 -121.232128
36.968892
0 -121.234088
36.970882
0 -121.237358
36.973121
0 -121.23955
36.976156
0 -121.243877
36.980091
0 -121.245887
36.983036
0 -121.246638
36.987048
0 -121.245132
36.991437
0 -121.245137
36.992922
0 -121.242915
36.994282
0 -121.241517
36.997381
0 -121.235737
36.998346
0 -121.233137
36.999346
0 -121.233913
37.001415
0 -121.235176
37.002641
0 -121.234794
37.003764
0 -121.235504
37.005771
0 -121.236976
37.006584
0 -121.236337
37.008346
0 -121.238166
37.009086
0 -121.237826
37.009961
0 -121.235411
37.010561
0 -121.233337
37.011746
0 -121.235356
37.013316
0 -121.239165
37.018341
0 -121.239977
37.018437
0 -121.241682
37.02119
0 -121.242967
37.021648
0 -121.245989
37.025575
0 -121.247779
37.029801
0 -121.247499
37.0311
0 -121.248461
37.033488
0 -121.245201
37.03224
0 -121.241104
37.031714
0 -121.238971
37.032593
0 -121.238851
37.034033
0 -121.236138
37.036945
0 -121.224507
37.039743
0 -121.225808
37.052071
0 -121.223156
37.05523
0 -121.224518
37.056237
0 -121.223387
37.057507
0 -121.218735
37.057139
0 -121.213061
37.055098
0 -121.21096
37.056234
0 -121.208959
37.058683
0 -121.208378
37.060932
0 -121.208228
37.062013
0 -121.210337
37.066044
0 -121.209637
37.068243
0 -121.215799
37.069223
0 -121.216838
37.070593
0 -121.21955
37.072546
0 -121.222925
37.073814
0 -121.224638
37.078943
0 -121.227612
37.080941
0 -121.229288
37.081515
0 -121.23088
37.083137
0 -121.235493
37.086234
0 -121.240163
37.086144
0 -121.241977
37.085128
0 -121.245484
37.089148
0 -121.243644
37.090739
0 -121.243019
37.092711
0 -121.238375
37.093416
0 -121.233504
37.095581
0 -121.231975
37.097125
0 -121.230439
37.096942
0 -121.229739
37.099042
0 -121.230052
37.100842
0 -121.230351
37.104971
0 -121.22765
37.105635
0 -121.225538
37.106842
0 -121.226304
37.109708
0 -121.225159
37.110898
0 -121.223788
37.115081
0 -121.221713
37.116068
0 -121.217339
37.123042
0 -121.219939
37.124174
0 -121.221754
37.125904
0 -121.223264
37.129248
0 -121.222683
37.130828
0 -121.226804
37.134774
0 -121.23134
37.138542
0 -121.232297
37.139893
0 -121.233316
37.143549
0 -121.234979
37.147763
0 -121.236145
37.149724
0 -121.235495
37.152898
0 -121.236558
37.15404
0 -121.236378
37.156079
0 -121.23711
37.157204
0 -121.239307
37.157739
0 -121.24248
37.157469
0 -121.243842
37.15857
0 -121.245722
37.157831
0 -121.248763
37.157661
0 -121.250687
37.158225
0 -121.257713
37.158969
0 -121.259858
37.158845
0 -121.262293
37.159473
0 -121.264601
37.163895
0 -121.267159
37.167134
0 -121.269507
37.171171
0 -121.273101
37.173325
0 -121.275378
37.178739
0 -121.277776
37.179631
0 -121.280194
37.183072
0 -121.281107
37.183603
0 -121.282271
37.183675
0 -121.284097
37.182509
0 -121.284297
37.180895
0 -121.286063
37.181139
0 -121.287478
37.179189
0 -121.287728
37.177367
0 -121.290959
37.175427
0 -121.290655
37.172132
0 -121.29152
37.170337
0 -121.292525
37.17048
0 -121.295586
37.168905
0 -121.298552
37.165963
0 -121.300672
37.166273
0 -121.302619
37.16816
0 -121.305582
37.16661
0 -121.30833
37.168029
0 -121.311644
37.170041
0 -121.314066
37.169401
0 -121.314034
37.16791
0 -121.318071
37.167261
0 -121.318908
37.167684
0 -121.323233
37.16643
0 -121.326015
37.166718
0 -121.328409
37.16595
0 -121.331878
37.170011
0 -121.332548
37.171277
0 -121.334349
37.170803
0 -121.338294
37.173517
0 -121.342382
37.174192
0 -121.343657
37.176935
0 -121.346666
37.179914
0 -121.350155
37.181703
0 -121.35176
37.181951
0 -121.354561
37.183893
0 -121.35708
37.18339
0 -121.359558
37.184453
0 -121.360942
37.184321
0 -121.36317
37.183509
0 -121.364535
37.180318
0 -121.372209
37.176962
0 -121.374053
37.17304
0 -121.37529
37.173106
0 -121.377066
37.171731
0 -121.379654
37.168006
0 -121.382914
37.167881
0 -121.384266
37.166201
0 -121.384552
37.165507
0 -121.383245
37.162988
0 -121.384155
37.162001
0 -121.383957
37.160161
0 -121.381686
37.157635
0 -121.383551
37.151487
0 -121.385316
37.151972
0 -121.388517
37.151424
0 -121.392005
37.150256
0 -121.393424
37.148131
0 -121.397463
37.150595
0 -121.399019
37.150135
0 -121.400004
37.150863
0 -121.401141
37.15492
0 -121.404636
37.155989
0 -121.40653
37.158835
0 -121.407601
37.163241
0 -121.407727
37.169006
0 -121.408863
37.170108
0 -121.412201
37.171325
0 -121.413395
37.172899
0 -121.411652
37.173358
0 -121.410076
37.175757
0 -121.41114
37.177852
0 -121.408905
37.180842
0 -121.40946
37.18415
0 -121.411525
37.185407
0 -121.410209
37.189596
0 -121.410463
37.192008
0 -121.411718
37.193608
0 -121.411704
37.194924
0 -121.413755
37.197648
0 -121.415323
37.199001
0 -121.415721
37.202408
0 -121.416862
37.206044
0 -121.416869
37.211262
0 -121.418369
37.213211
0 -121.421075
37.214826
0 -121.421894
37.218208
0 -121.421495
37.219966
0 -121.422219
37.221934
0 -121.425088
37.223545
0 -121.426398
37.223496
0 -121.427832
37.225205
0 -121.428947
37.225387
0 -121.431559
37.227816
0 -121.434074
37.226449
0 -121.436104
37.229365
0 -121.441746
37.231127
0 -121.443452
37.233358
0 -121.445199
37.234508
0 -121.446083
37.235967
0 -121.448493
37.23702
0 -121.448145
37.239494
0 -121.452633
37.245364
0 -121.45262
37.246378
0 -121.45575
37.24944
0 -121.455526
37.252847
0 -121.455974
37.253919
0 -121.45502
37.25555
0 -121.457255
37.260943
0 -121.455928
37.262883
0 -121.454849
37.263141
0 -121.454138
37.273979
0 -121.453966
37.277184
0 -121.45762
37.281084
0 -121.45854
37.283453
0 -121.458051
37.284139
0 -121.454009
37.28405
0 -121.452973
37.286735
0 -121.448658
37.2903
0 -121.44965
37.293939
0 -121.443551
37.296638
0 -121.44112
37.293857
0 -121.438502
37.293168
0 -121.436816
37.291971
0 -121.434017
37.292934
0 -121.431391
37.294994
0 -121.427244
37.295914
0 -121.423452
37.295287
0 -121.42275
37.299138
0 -121.419062
37.302006
0 -121.418115
37.303416
0 -121.414748
37.30536
0 -121.414258
37.306509
0 -121.411315
37.308031
0 -121.408942
37.309877
0 -121.407519
37.309837
0 -121.405753
37.31099
0 -121.406334
37.312762
0 -121.40748
37.313114
0 -121.408333
37.31762
0 -121.409398
37.321464
0 -121.411939
37.324445
0 -121.410218
37.325061
0 -121.41115
37.327537
0 -121.40915
37.330637
0 -121.42075
37.344737
0 -121.419821
37.34654
0 -121.420596
37.347765
0 -121.42046
37.350467
0 -121.419549
37.35112
0 -121.41981
37.352807
0 -121.422153
37.356025
0 -121.42365
37.358837
0 -121.4225
37.363091
0 -121.41929
37.364445
0 -121.41765
37.369836
0 -121.416129
37.373709
0 -121.415849
37.375916
0 -121.411051
37.378379
0 -121.409075
37.380672
0 -121.410629
37.386108
0 -121.412156
37.387272
0 -121.412549
37.389435
0 -121.414764
37.390197
0 -121.41945
37.390735
0 -121.42405
37.393635
0 -121.43155
37.394235
0 -121.436085
37.39613
0 -121.438957
37.39462
0 -121.44025
37.394535
0 -121.442744
37.392763
0 -121.444583
37.393361
0 -121.448163
37.391677
0 -121.449804
37.392288
0 -121.45155
37.394635
0 -121.456651
37.395535
0 -121.458251
37.398135
0 -121.455651
37.401035
0 -121.456351
37.406735
0 -121.463551
37.415934
0 -121.466251
37.415034
0 -121.472606
37.423345
0 -121.472204
37.424131
0 -121.468758
37.425285
0 -121.47052
37.428592
0 -121.469936
37.430872
0 -121.464139
37.437603
0 -121.46186
37.438799
0 -121.462151
37.442334
0 -121.463476
37.445692
0 -121.462655
37.448438
0 -121.462917
37.451489
0 -121.464052
37.452477
0 -121.464022
37.453838
0 -121.465332
37.454549
0 -121.467179
37.453341
0 -121.468933
37.453875
0 -121.469554
37.455743
0 -121.472054
37.456297
0 -121.473163
37.45726
0 -121.473452
37.460169
0 -121.474509
37.461526
0 -121.477198
37.463248
0 -121.483102
37.46516
0 -121.484252
37.466032
0 -121.486207
37.474146
0 -121.486775
37.475652
0 -121.485929
37.475533
0 -121.484268
37.475526
0 -121.48341
37.475423
0 -121.481236
37.47735
0 -121.480968
37.477869
0 -121.478885
37.479714
0 -121.4777
37.480279
0 -121.476342
37.480294
0 -121.474527
37.479344
0 -121.472648
37.48217
0 -121.472952
37.482333
0 -121.564355
37.482433
0 -121.670399
37.48274
0 -121.69006
37.482834
0 -121.712556
37.483558
0 -121.786235
37.484236
0 -121.855762
37.484537
0 -121.863389
37.484617
0 -121.865267
37.484637
0 -121.867784
37.483033
0 -121.869934
37.48168
0 -121.871047
37.479241
0 -121.874009
37.477407
0 -121.875205
37.475215
0 -121.877236
37.475227
0 -121.880251
37.471548
0 -121.882603
37.470554
0 -121.885966
37.471375
0 -121.889352
37.470102
0 -121.890759
37.468038
0 -121.891386
37.46785
0 -121.898038
37.466768
0 -121.898842
37.465954
0 -121.903917
37.46454
0 -121.911332
37.462236
0 -121.912652
37.46065
0 -121.917265
37.458391
0 -121.922569
37.455538
0 -121.925041
37.454186
0 -121.9279
37.455352
0 -121.928297
37.457332
0 -121.932626
37.455147
0 -121.932656
37.456919
0 -121.931128
37.45739
0 -121.931199
37.460644
0 -121.934116
37.460331
0 -121.935137
37.46084
0 -121.934987
37.462464
0 -121.936025
37.462929
0 -121.938903
37.462394
0 -121.941085
37.464948
0 -121.944335
37.466093
0 -121.944522
37.468889
0 -121.945479
37.469168
0 -121.947087
37.467424
0 -121.946174
37.463946
0 -121.947842
37.461978
0 -121.951921
37.461461
0 -121.959313
37.463515
0 -121.964157
37.463151
0 -121.968524
37.461953
0 -121.975071
37.460639
0 -121.980014
37.460892
0 -121.992669
37.464639
0 -121.996671
37.467239
0 -122.020872
37.465139
0 -122.025425
37.46563
0 -122.036182
37.464966
0 -122.040698
37.462975
0 -122.044587
37.460666
0 -122.046539124712
37.4595460740335
0 -122.044771
37.457249
0 -122.045350961619
37.4570188023894
0 -122.059855248311
37.4512617797973
0 -122.060933
37.450834
0 -122.082510336397
37.4535016811733
0 -122.083920790837
37.4536760605632
0 -122.089745652277
37.4543962084496
0 -122.08993
37.454419
0 -122.108706487739
37.466261871117
0 -122.111237
37.466288
0 -122.111974
37.466438
0 -122.113265
37.46753
0 -122.115753
37.466138
0 -122.116621
37.465433
0 -122.123846
37.460485
0 -122.12204
37.454652
0 -122.121952
37.454182
0 -122.122116
37.453713
0 -122.122459
37.453445
0 -122.124105
37.452871
0 -122.124614
37.452875
0 -122.126813
37.453533
0 -122.127856
37.452737
0 -122.128294
37.451862
0 -122.129884
37.453089
0 -122.133901
37.454377
0 -122.136708
37.454337
0 -122.139483
37.455264
0 -122.141998
37.457728
0 -122.143072
37.458018
0 -122.144933
37.4582
0 -122.146761
37.456585
0 -122.148738
37.457091
0 -122.153513
37.456677
0 -122.155928
37.455418
0 -122.155708
37.454176
0 -122.157686
37.453495
0 -122.159519
37.454721
0 -122.162378
37.453884
0 -122.162695
37.453844
0 -122.165302
37.452843
0 -122.16582
37.450926
0 -122.167246
37.45097
0 -122.168903
37.447414
0 -122.170303
37.447185
0 -122.174146
37.444779
0 -122.175136
37.443014
0 -122.175704
37.441884
0 -122.179804
37.44084
0 -122.17986
37.439461
0 -122.182175
37.439478
0 -122.184559
37.434093
0 -122.187653
37.433313
0 -122.190506
37.430956
0 -122.189879
37.42883
0 -122.189803
37.428187
0 -122.18961
37.427137
0 -122.191325
37.425302
0 -122.19084
37.424365
0 -122.189919
37.423524
0 -122.188294
37.422302
0 -122.187915
37.420016
0 -122.190267
37.418477
0 -122.187194
37.416547
0 -122.187557
37.414841
0 -122.192365
37.413868
0 -122.192108
37.413099
0 -122.193608
37.41167
0 -122.194331
37.408867
0 -122.194445
37.40761
0 -122.193466
37.405652
0 -122.192606
37.404187
0 -122.19149
37.398758
0 -122.191858
37.397504
0 -122.190016
37.394857
0 -122.190064
37.391148
0 -122.190622
37.390374
0 -122.191008
37.384401
0 -122.193099
37.382737
0 -122.196676
37.377535
0 -122.199329
37.37442
0 -122.199328
37.372671
0 -122.200706
37.371964
0 -122.201007
37.371215
0 -122.201634
37.365387
0 -122.202653
37.363046
0 