-90.312404
43.640988
0 -90.312435
43.630813
0 -90.311922
43.61182
0 -90.311645
43.597031
0 -90.311541
43.589368
0 -90.311439
43.583244
0 -90.311194
43.56969
0 -90.310997
43.566652
0 -90.311069
43.553991
0 -90.300882
43.553983
0 -90.27152
43.554072
0 -90.256143
43.554321
0 -90.252113
43.554481
0 -90.251136
43.554326
0 -90.250127
43.554313
0 -90.237344
43.554623
0 -90.231585
43.554555
0 -90.230866
43.554765
0 -90.220138
43.554789
0 -90.216854
43.554793
0 -90.208571
43.554744
0 -90.206876
43.554794
0 -90.201415
43.55491
0 -90.196968
43.554937
0 -90.191964
43.554996
0 -90.192051
43.551644
0 -90.19217
43.54231
0 -90.192176
43.532868
0 -90.192073
43.527209
0 -90.192211
43.525102
0 -90.192281
43.523082
0 -90.192196
43.52217
0 -90.192015
43.511148
0 -90.191781
43.467383
0 -90.191788
43.457984
0 -90.191799
43.442284
0 -90.19188
43.392053
0 -90.191938
43.380083
0 -90.191787
43.366141
0 -90.191661
43.359436
0 -90.191319
43.355048
0 -90.19146
43.350943
0 -90.19202
43.331778
0 -90.191602
43.312227
0 -90.191886
43.30505
0 -90.191745
43.302944
0 -90.191828
43.293358
0 -90.19198
43.285716
0 -90.192331
43.261801
0 -90.191822
43.251607
0 -90.192466
43.248861
0 -90.192422
43.235395
0 -90.19253
43.1956
0 -90.192522
43.191245
0 -90.192547
43.177266
0 -90.192514
43.176745
0 -90.192577
43.166509
0 -90.193814
43.164464
0 -90.187321
43.161855
0 -90.185716
43.159051
0 -90.183271
43.157134
0 -90.178618
43.157912
0 -90.173087
43.160767
0 -90.165798
43.164821
0 -90.160775
43.166543
0 -90.158983
43.166794
0 -90.149196
43.166657
0 -90.142791
43.166104
0 -90.135067
43.165744
0 -90.128021
43.163899
0 -90.122752
43.16177
0 -90.116792
43.161034
0 -90.113276
43.160367
0 -90.10468
43.160526
0 -90.098201
43.160335
0 -90.08909
43.16235
0 -90.086218
43.162198
0 -90.082387
43.161143
0 -90.080268
43.159738
0 -90.078171
43.157701
0 -90.075418
43.154844
0 -90.071944
43.152776
0 -90.069625
43.151869
0 -90.066776
43.149907
0 -90.062141
43.145961
0 -90.05866
43.145291
0 -90.053429
43.146689
0 -90.051831
43.149303
0 -90.052783
43.152159
0 -90.052561
43.15444
0 -90.048938
43.159683
0 -90.049065
43.161877
0 -90.049844
43.165034
0 -90.048613
43.166882
0 -90.042537
43.169518
0 -90.035542
43.172532
0 -90.035005
43.172891
0 -90.031061
43.175765
0 -90.029266
43.177535
0 -90.027213
43.181296
0 -90.024924
43.183322
0 -90.018843
43.185938
0 -90.007528
43.191631
0 -90.000123
43.194624
0 -89.994771
43.195354
0 -89.989911
43.195679
0 -89.982711
43.195628
0 -89.9772
43.193918
0 -89.97007
43.1928
0 -89.967889
43.192107
0 -89.966239
43.192366
0 -89.959696
43.19219
0 -89.956017
43.192509
0 -89.952461
43.193273
0 -89.949844
43.193444
0 -89.940493
43.191626
0 -89.937498
43.191305
0 -89.931613
43.191165
0 -89.928544
43.190705
0 -89.921773
43.18913
0 -89.916018
43.188918
0 -89.912332
43.188335
0 -89.905276
43.188024
0 -89.903925
43.18814
0 -89.893724
43.190449
0 -89.890175
43.191771
0 -89.882349
43.195301
0 -89.876421
43.196516
0 -89.87005
43.196218
0 -89.867932
43.194881
0 -89.866138
43.194652
0 -89.860237
43.195537
0 -89.859608
43.195697
0 -89.858889
43.195581
0 -89.854466
43.197689
0 -89.851294
43.198436
0 -89.841973
43.202474
0 -89.838135
43.206057
0 -89.836956
43.206849
0 -89.833437
43.211273
0 -89.828645
43.215653
0 -89.824019
43.220492
0 -89.821104
43.222821
0 -89.817872
43.224927
0 -89.814652
43.229604
0 -89.81296
43.233154
0 -89.809826
43.236332
0 -89.806107
43.238539
0 -89.805413
43.238858
0 -89.80212
43.239415
0 -89.797057
43.239408
0 -89.791483
43.238876
0 -89.782797
43.238763
0 -89.77424
43.239276
0 -89.770219
43.241537
0 -89.767041
43.242861
0 -89.763104
43.247817
0 -89.759807
43.248889
0 -89.75594
43.24772
0 -89.75221
43.247331
0 -89.748955
43.248751
0 -89.744899
43.253804
0 -89.742702
43.255428
0 -89.742137
43.255691
0 -89.737271
43.256516
0 -89.735603
43.257101
0 -89.733632
43.258001
0 -89.732808
43.258459
0 -89.729123
43.261844
0 -89.726583
43.265007
0 -89.72263
43.267064
0 -89.719971
43.27005
0 -89.719737
43.270356
0 -89.718315
43.271725
0 -89.714429
43.278123
0 -89.713958
43.278684
0 -89.713254
43.282092
0 -89.716885
43.289413
0 -89.720463
43.293084
0 -89.721302
43.293864
0 -89.726952
43.300329
0 -89.726889
43.302116
0 -89.725163
43.306733
0 -89.724703
43.311669
0 -89.723632
43.314451
0 -89.71971
43.319745
0 -89.716768
43.321806
0 -89.706954
43.327399
0 -89.703832
43.330296
0 -89.696393
43.342151
0 -89.690371
43.34917
0 -89.685051
43.354775
0 -89.681205
43.358038
0 -89.679269
43.360185
0 -89.677613
43.361197
0 -89.670342
43.361776
0 -89.668329
43.361504
0 -89.662343
43.360036
0 -89.655755
43.359821
0 -89.654228
43.360098
0 -89.648773
43.361037
0 -89.64159
43.36278
0 -89.626979
43.366661
0 -89.621224
43.368808
0 -89.620573
43.369075
0 -89.612203
43.373067
0 -89.602693
43.378788
0 -89.600719
43.380006
0 -89.600727
43.380513
0 -89.600974
43.395101
0 -89.600805
43.396759
0 -89.600869
43.424103
0 -89.600925
43.434863
0 -89.600684
43.476172
0 -89.600502
43.47814
0 -89.600368
43.496034
0 -89.600364
43.496257
0 -89.600396
43.501605
0 -89.600398
43.505897
0 -89.600274
43.511021
0 -89.599998
43.52226
0 -89.599361
43.554354
0 -89.599357
43.558041
0 -89.605808
43.562564
0 -89.610282
43.564355
0 -89.612345
43.564903
0 -89.617719
43.565353
0 -89.625141
43.564173
0 -89.633402
43.563189
0 -89.638766
43.562932
0 -89.642209
43.563179
0 -89.652119
43.564877
0 -89.656374
43.565866
0 -89.659529
43.567414
0 -89.662346
43.56857
0 -89.665738
43.569169
0 -89.673239
43.56942
0 -89.677665
43.568717
0 -89.688103
43.566417
0 -89.694135
43.565949
0 -89.698865
43.566128
0 -89.702931
43.56684
0 -89.707216
43.566759
0 -89.715508
43.567988
0 -89.718986
43.568297
0 -89.727788
43.569478
0 -89.730547
43.570437
0 -89.732238
43.571826
0 -89.734031
43.574705
0 -89.734682
43.577466
0 -89.734447
43.578767
0 -89.732959
43.580977
0 -89.723476
43.587957
0 -89.720035
43.591707
0 -89.717911
43.595168
0 -89.717593
43.597488
0 -89.718415
43.598544
0 -89.72107
43.599659
0 -89.722768
43.599856
0 -89.72987
43.598613
0 -89.738795
43.598065
0 -89.740311
43.598231
0 -89.748517
43.602136
0 -89.752702
43.60574
0 -89.754316
43.606052
0 -89.756189
43.605994
0 -89.758511
43.604111
0 -89.760492
43.603516
0 -89.761166
43.603606
0 -89.763258
43.603889
0 -89.768298
43.607062
0 -89.769718
43.610021
0 -89.774454
43.612329
0 -89.775364
43.613761
0 -89.774765
43.615518
0 -89.773013
43.619015
0 -89.773369
43.620348
0 -89.774945
43.621596
0 -89.781163
43.624442
0 -89.782352
43.625645
0 -89.776115
43.630165
0 -89.775813
43.631392
0 -89.776046
43.631939
0 -89.779439
43.634298
0 -89.782935
43.638664
0 -89.785809
43.641049
0 -89.788314
43.641048
0 -89.789891
43.640995
0 -89.790607
43.640988
0 -89.799659
43.640992
0 -89.79982
43.640992
0 -89.811349
43.640969
0 -89.831781
43.641095
0 -89.838112
43.64093
0 -89.905605
43.641091
0 -89.909364
43.641106
0 -89.93259
43.641203
0 -89.935079
43.641119
0 -89.954713
43.64124
0 -90.03107
43.64163
0 -90.072153
43.641728
0 -90.085861
43.641779
0 -90.087341
43.641784
0 -90.092117
43.641802
0 -90.097029
43.64182
0 -90.118693
43.6419
0 -90.121749
43.641911
0 -90.162818
43.64209
0 -90.176449
43.642233
0 -90.19211
43.641757
0 -90.193405
43.641758
0 -90.216001
43.641963
0 -90.216802
43.641949
0 -90.22656
43.641781
0 -90.231281
43.641699
0 -90.24592
43.641446
0 -90.250127
43.641656
0 -90.296648
43.641123
0 -90.312404
43.640988
0 