-74.71158
42.517799
0 -74.703761
42.509962
0 -74.699859
42.50605
0 -74.695644
42.501823
0 -74.671619
42.477652
0 -74.664092
42.470043
0 -74.657011
42.462885
0 -74.645847
42.4516
0 -74.618895
42.424389
0 -74.617778
42.423946
0 -74.588861
42.412583
0 -74.567524
42.404193
0 -74.552586
42.398299
0 -74.543474
42.394704
0 -74.526693
42.388085
0 -74.517562
42.384484
0 -74.498953
42.377146
0 -74.476274
42.368178
0 -74.467889
42.364811
0 -74.456224
42.360126
0 -74.443506
42.355017
0 -74.438155
42.35658
0 -74.43181
42.358436
0 -74.418951
42.362194
0 -74.383969
42.372565
0 -74.379051
42.373873
0 -74.378319
42.372487
0 -74.376179
42.370655
0 -74.37459
42.370129
0 -74.371723
42.370145
0 -74.366547
42.367776
0 -74.362976
42.36728
0 -74.35717
42.364656
0 -74.355323
42.361142
0 -74.350965
42.359783
0 -74.348139
42.357997
0 -74.346087
42.355691
0 -74.340968
42.358479
0 -74.337012
42.358282
0 -74.332793
42.35715
0 -74.329364
42.357375
0 -74.324843
42.359834
0 -74.320965
42.360661
0 -74.317501
42.360007
0 -74.312582
42.35709
0 -74.308546
42.359817
0 -74.303797
42.36101
0 -74.299468
42.362575
0 -74.293001
42.36121
0 -74.284033
42.361761
0 -74.281931
42.362773
0 -74.276645
42.363349
0 -74.273474
42.365032
0 -74.269549
42.368354
0 -74.2679
42.371746
0 -74.265357
42.37456
0 -74.261513
42.376951
0 -74.260398
42.3784
0 -74.258911
42.379151
0 -74.25506
42.379824
0 -74.247026
42.379152
0 -74.246454
42.378852
0 -74.244692
42.377159
0 -74.245195
42.378799
0 -74.25427
42.408102
0 -74.254303
42.408207
0 -74.263469
42.407127
0 -74.264755
42.418876
0 -74.264731
42.420127
0 -74.256018
42.437915
0 -74.252435
42.445337
0 -74.244484
42.470182
0 -74.241629
42.472036
0 -74.236447
42.485459
0 -74.234037
42.48774
0 -74.230217
42.492071
0 -74.228501
42.494381
0 -74.226447
42.499233
0 -74.226568
42.502633
0 -74.225772
42.506956
0 -74.224985
42.50855
0 -74.225186
42.51118
0 -74.225633
42.515948
0 -74.225453
42.519225
0 -74.225639
42.526403
0 -74.229065
42.52903
0 -74.234419
42.53784
0 -74.238151
42.543857
0 -74.241572
42.550802
0 -74.236959
42.56012
0 -74.237621
42.563124
0 -74.237081
42.564629
0 -74.236954
42.564971
0 -74.233995
42.575688
0 -74.220274
42.585412
0 -74.220012
42.588021
0 -74.219639
42.591386
0 -74.215166
42.597435
0 -74.210509
42.60099
0 -74.205223
42.607431
0 -74.201316
42.61124
0 -74.193495
42.618999
0 -74.192731
42.625658
0 -74.192569
42.627069
0 -74.192024
42.627849
0 -74.18596
42.636717
0 -74.184235
42.639622
0 -74.182059
42.641788
0 -74.179324
42.646384
0 -74.174934
42.655661
0 -74.173428
42.657318
0 -74.173546
42.659247
0 -74.171166
42.664544
0 -74.170088
42.666635
0 -74.169725
42.667426
0 -74.169436
42.669462
0 -74.168525
42.67431
0 -74.168756
42.679452
0 -74.169525
42.691365
0 -74.166241
42.709536
0 -74.165066
42.715304
0 -74.164769
42.71676
0 -74.164678
42.717207
0 -74.171558
42.722842
0 -74.172928
42.723964
0 -74.180274
42.729979
0 -74.182678
42.71936
0 -74.184299
42.712494
0 -74.198024
42.711251
0 -74.202713
42.710826
0 -74.239846
42.718924
0 -74.241014
42.716857
0 -74.243059
42.716682
0 -74.259466
42.715278
0 -74.272295
42.71427
0 -74.271881
42.715712
0 -74.270768
42.719542
0 -74.27784
42.719472
0 -74.282184
42.724203
0 -74.292035
42.73412
0 -74.305176
42.747242
0 -74.306665
42.750074
0 -74.305932
42.751493
0 -74.304811
42.752187
0 -74.298311
42.75445
0 -74.293168
42.755762
0 -74.286988
42.756685
0 -74.275444
42.756792
0 -74.269722
42.757368
0 -74.263839
42.755567
0 -74.258507
42.757398
0 -74.258034
42.758771
0 -74.255292
42.760701
0 -74.252815
42.76349
0 -74.25148
42.766096
0 -74.252548
42.768447
0 -74.25441
42.772237
0 -74.254379
42.776006
0 -74.251633
42.780889
0 -74.248062
42.78457
0 -74.248131
42.786886
0 -74.249573
42.788267
0 -74.251808
42.789117
0 -74.253433
42.790533
0 -74.253884
42.794504
0 -74.254442
42.795297
0 -74.256547
42.79587
0 -74.260457
42.79512
0 -74.263314
42.796534
0 -74.26529
42.795581
0 -74.289446
42.783805
0 -74.299429
42.78361
0 -74.324717
42.783428
0 -74.338796
42.782241
0 -74.349703
42.781376
0 -74.351031
42.78127
0 -74.392231
42.778037
0 -74.392493
42.778016
0 -74.411384
42.77649
0 -74.450783
42.773312
0 -74.454911
42.772979
0 -74.458564
42.774357
0 -74.463276
42.776133
0 -74.466253
42.77728
0 -74.476343
42.781074
0 -74.477613
42.780455
0 -74.478001
42.781696
0 -74.505981
42.79205
0 -74.509959
42.79356
0 -74.514654
42.795337
0 -74.520773
42.797624
0 -74.534837
42.80281
0 -74.535628
42.8031
0 -74.543271
42.805902
0 -74.543382
42.805942
0 -74.554078
42.809863
0 -74.555959
42.810669
0 -74.562477
42.812916
0 -74.583047
42.816688
0 -74.594261
42.818782
0 -74.597718
42.819622
0 -74.648298
42.829558
0 -74.665217
42.792237
0 -74.668031
42.764592
0 -74.667512
42.75071
0 -74.664889
42.743266
0 -74.664666
42.742678
0 -74.660305
42.730275
0 -74.659509
42.728038
0 -74.659304
42.727463
0 -74.649074
42.694348
0 -74.639515
42.663654
0 -74.638844
42.661558
0 -74.635763
42.651981
0 -74.635302
42.649733
0 -74.634637
42.647809
0 -74.634011
42.644379
0 -74.631126
42.628931
0 -74.630652
42.62677
0 -74.632974
42.62343
0 -74.639524
42.613935
0 -74.640454
42.612335
0 -74.655641
42.589145
0 -74.657468
42.586721
0 -74.672018
42.564836
0 -74.672428
42.564455
0 -74.681471
42.553706
0 -74.681579
42.553578
0 -74.686092
42.548214
0 -74.698442
42.533559
0 -74.71158
42.517799
0 