-83.270817
39.015791
0 -83.269205
38.930047
0 -83.268912
38.907753
0 -83.268856
38.903578
0 -83.268578
38.882521
0 -83.268434
38.849646
0 -83.268399
38.839201
0 -83.268235
38.79189
0 -83.268262
38.79128
0 -83.268077
38.755888
0 -83.268207
38.742787
0 -83.268186
38.709889
0 -83.268233
38.620223
0 -83.268245
38.618529
0 -83.2675502920792
38.6183503098152
0 -83.264011
38.621535
0 -83.261126
38.622723
0 -83.254558
38.623403
0 -83.251103
38.626224
0 -83.245572
38.627936
0 -83.239515
38.628588
0 -83.232404
38.627569
0 -83.223076
38.624158
0 -83.211027
38.618578
0 -83.202453
38.616956
0 -83.1990520373805
38.6171535407583
0 -83.1914
38.617598
0 -83.172647
38.620252
0 -83.164744
38.620068
0 -83.156926
38.620547
0 -83.1544924921056
38.6213292113026
0 -83.142836
38.625076
0 -83.138572
38.628286
0 -83.135046
38.631719
0 -83.128973
38.640231
0 -83.126311
38.645244
0 -83.122547
38.6592
0 -83.11786
38.666073
0 -83.112372
38.671685
0 -83.107436
38.67522
0 -83.102746
38.677316
0 -83.084226
38.68109
0 -83.0798265464706
38.6828328085865
0 -83.064319
38.688976
0 -83.053104
38.695831
0 -83.042338
38.708319
0 -83.038442
38.716377
0 -83.0382747952118
38.716631720773
0 -83.035964
38.720152
0 -83.033014
38.723805
0 -83.0308908096218
38.7255636114076
0 -83.030702
38.72572
0 -83.027917
38.727143
0 -83.021752
38.72879
0 -83.0127728509841
38.7299349860913
0 -83.011816
38.730057
0 -83.0115729957485
38.7300437822767
0 -82.999296
38.729376
0 -82.9970379195962
38.7290351576749
0 -82.9970268334725
38.7290334842977
0 -82.993996
38.728576
0 -82.986095
38.726276
0 -82.979395
38.725976
0 -82.9748812496526
38.7271571683152
0 -82.9692904420084
38.7286201833997
0 -82.968695
38.728776
0 -82.9644823608542
38.7314411390514
0 -82.958895
38.734976
0 -82.9581202858495
38.7353845106874
0 -82.9478835649102
38.7407823853813
0 -82.943147
38.74328
0 -82.9313965104898
38.7473850905625
0 -82.9282577256186
38.7484816402969
0 -82.923694
38.750076
0 -82.9175860534306
38.7514217731162
0 -82.894193
38.756576
0 -82.889193
38.756076
0 -82.8848935652357
38.7540373029671
0 -82.879492
38.751476
0 -82.875492
38.747276
0 -82.8743406429508
38.745410007541
0 -82.8739402908196
38.7447611609836
0 -82.872592
38.742576
0 -82.871292
38.739376
0 -82.8700173097408
38.7291793884192
0 -82.869892
38.728177
0 -82.8699221027763
38.7278097461292
0 -82.870392
38.722077
0 -82.871192
38.718377
0 -82.875292
38.704977
0 -82.876892
38.697377
0 -82.877592
38.690177
0 -82.874892
38.682827
0 -82.8746642639175
38.6826271938144
0 -82.869592
38.678177
0 -82.863291
38.669277
0 -82.859391
38.660378
0 -82.8565326479682
38.6471926986922
0 -82.856291
38.646078
0 -82.8563972302811
38.6432735205781
0 -82.856791
38.632878
0 -82.855795
38.620814
0 -82.8549190353549
38.616527364503
0 -82.854291
38.613454
0 -82.851314
38.604334
0 -82.847186
38.595166
0 -82.8470600888308
38.5949778327526
0 -82.844306
38.590862
0 -82.839538
38.586159
0 -82.8367747730366
38.5842401280374
0 -82.820161
38.572703
0 -82.8160118448858
38.5707328290844
0 -82.809024
38.573257
0 -82.774227
38.585461
0 -82.758479
38.590943
0 -82.740383
38.597167
0 -82.746361
38.607652
0 -82.756026
38.625079
0 -82.759025
38.631217
0 -82.762388
38.640678
0 -82.766188
38.644678
0 -82.765354
38.657473
0 -82.763895
38.679974
0 -82.758286
38.679734
0 -82.706383
38.677485
0 -82.701486
38.690878
0 -82.695387
38.749977
0 -82.667951
38.74829
0 -82.662886
38.747977
0 -82.661386
38.762477
0 -82.659086
38.762677
0 -82.654461
38.804871
0 -82.650039
38.849073
0 -82.686009
38.851211
0 -82.729548
38.853396
0 -82.739072
38.854014
0 -82.760531
38.854867
0 -82.76069
38.854875
0 -82.761985
38.869522
0 -82.75849
38.886274
0 -82.758348
38.888431
0 -82.755655
38.920773
0 -82.75572
38.922269
0 -82.753391
38.945373
0 -82.806544
38.948045
0 -82.80709
38.948073
0 -82.852647
38.950189
0 -82.86126
38.95059
0 -82.863512
38.950694
0 -82.881375
38.951512
0 -82.892495
38.952046
0 -82.899694
38.952388
0 -82.934795
38.953883
0 -82.941064
38.954139
0 -82.955582
38.954714
0 -82.970759
38.955274
0 -82.973159
38.953843
0 -82.974831
38.955387
0 -83.043473
38.956937
0 -83.04362
38.956939
0 -83.044758
38.956956
0 -83.121976
38.958049
0 -83.129412
38.957909
0 -83.162102
38.958858
0 -83.171178
38.959092
0 -83.177736
38.959267
0 -83.212107
38.960148
0 -83.214304
38.961527
0 -83.214655
38.963355
0 -83.213456
38.965117
0 -83.211202
38.967181
0 -83.210496
38.96858
0 -83.211374
38.970626
0 -83.2133
38.9721
0 -83.215143
38.971514
0 -83.217234
38.971758
0 -83.216556
38.978186
0 -83.215715
38.981156
0 -83.214101
38.983721
0 -83.213365
38.986061
0 -83.214007
38.988393
0 -83.213996
38.990251
0 -83.215252
38.991922
0 -83.22068
38.994045
0 -83.22654
38.995482
0 -83.227315
38.998004
0 -83.2343
38.999079
0 -83.232246
39.001394
0 -83.2348
39.004318
0 -83.236379
39.004861
0 -83.23823
39.005897
0 -83.237811
39.009856
0 -83.238512
39.010003
0 -83.242641
39.009604
0 -83.244239
39.010902
0 -83.24842
39.010037
0 -83.255497
39.012895
0 -83.257183
39.014943
0 -83.259951
39.013444
0 -83.262291
39.015354
0 -83.268734
39.014453
0 -83.270817
39.015791
0 