-85.888334
38.734443
0 -85.887951
38.706247
0 -85.888111
38.699898
0 -85.887864
38.681509
0 -85.887735
38.680498
0 -85.888108
38.648791
0 -85.886834
38.648786
0 -85.885643
38.575412
0 -85.87497
38.57534
0 -85.87332
38.575553
0 -85.848575
38.576266
0 -85.848697
38.575151
0 -85.848567
38.562055
0 -85.848439
38.561633
0 -85.847893
38.561269
0 -85.821162
38.561418
0 -85.821457
38.57539
0 -85.812158
38.575553
0 -85.812343
38.582911
0 -85.802994
38.58301
0 -85.803143
38.590261
0 -85.793629
38.590333
0 -85.793584
38.604814
0 -85.781646
38.605068
0 -85.765665
38.605469
0 -85.765478
38.605483
0 -85.756924
38.605575
0 -85.749963
38.605848
0 -85.723834
38.605534
0 -85.719718
38.60554
0 -85.661239
38.605565
0 -85.642719
38.605628
0 -85.632726
38.605582
0 -85.56998
38.606155
0 -85.570551
38.649801
0 -85.570617
38.658558
0 -85.570926
38.678455
0 -85.60819
38.67874
0 -85.608678
38.707858
0 -85.64576
38.708018
0 -85.645688
38.715205
0 -85.645982
38.717964
0 -85.645763
38.722491
0 -85.646218
38.729859
0 -85.664274
38.730018
0 -85.664357
38.736888
0 -85.683338
38.736731
0 -85.684034
38.812753
0 -85.684016
38.812904
0 -85.683839
38.815406
0 -85.691035
38.81596
0 -85.694663
38.81747
0 -85.697237
38.814793
0 -85.698992
38.815479
0 -85.698525
38.817814
0 -85.699987
38.818134
0 -85.703263
38.816577
0 -85.70575
38.818797
0 -85.706629
38.821273
0 -85.705722
38.8231
0 -85.706191
38.824404
0 -85.709058
38.825891
0 -85.710258
38.827516
0 -85.712628
38.828454
0 -85.715524
38.828224
0 -85.719152
38.826232
0 -85.718214
38.823784
0 -85.71918
38.823188
0 -85.723187
38.823027
0 -85.726554
38.824514
0 -85.72676
38.826963
0 -85.729192
38.828731
0 -85.731046
38.831107
0 -85.733191
38.831812
0 -85.734749
38.831285
0 -85.735363
38.829981
0 -85.734689
38.828859
0 -85.7315
38.827579
0 -85.730621
38.826664
0 -85.730854
38.824604
0 -85.734861
38.822909
0 -85.736907
38.820505
0 -85.739931
38.819343
0 -85.743284
38.818694
0 -85.745098
38.819471
0 -85.744506
38.821763
0 -85.745959
38.822822
0 -85.747474
38.822267
0 -85.74831
38.819326
0 -85.747672
38.818706
0 -85.747033
38.815411
0 -85.749518
38.815405
0 -85.751268
38.820177
0 -85.753023
38.820773
0 -85.755042
38.820408
0 -85.75829
38.818831
0 -85.757181
38.815122
0 -85.759873
38.814689
0 -85.762009
38.813683
0 -85.763442
38.815377
0 -85.76821
38.815127
0 -85.769148
38.812885
0 -85.769208
38.810962
0 -85.771051
38.80975
0 -85.77266
38.809613
0 -85.774063
38.811696
0 -85.775817
38.81291
0 -85.779474
38.812682
0 -85.78123
38.810806
0 -85.782547
38.807511
0 -85.783425
38.807145
0 -85.789216
38.806986
0 -85.791146
38.808543
0 -85.791995
38.807627
0 -85.794277
38.808268
0 -85.795357
38.807508
0 -85.797671
38.804538
0 -85.800099
38.80296
0 -85.799807
38.801312
0 -85.802059
38.797787
0 -85.801972
38.796574
0 -85.804633
38.795476
0 -85.805307
38.791996
0 -85.80725
38.789377
0 -85.806781
38.785832
0 -85.805609
38.783246
0 -85.805842
38.781622
0 -85.804905
38.77954
0 -85.809523
38.777665
0 -85.811102
38.777849
0 -85.810837
38.779429
0 -85.81189
38.779727
0 -85.813642
38.777691
0 -85.817354
38.777876
0 -85.819429
38.776503
0 -85.820832
38.77387
0 -85.822352
38.772131
0 -85.822287
38.770574
0 -85.823441
38.76992
0 -85.825863
38.768714
0 -85.825505
38.767263
0 -85.82787
38.766112
0 -85.829813
38.764231
0 -85.830366
38.762615
0 -85.830043
38.758612
0 -85.831152
38.755753
0 -85.83235
38.753946
0 -85.832348
38.751819
0 -85.834072
38.750858
0 -85.835914
38.75205
0 -85.83714
38.751294
0 -85.837283
38.74879
0 -85.839356
38.747051
0 -85.840671
38.747166
0 -85.843358
38.744764
0 -85.843326
38.742785
0 -85.841596
38.741139
0 -85.842325
38.739353
0 -85.843668
38.738688
0 -85.848166
38.738297
0 -85.847227
38.735298
0 -85.848104
38.734817
0 -85.851434
38.736303
0 -85.854471
38.734882
0 -85.856366
38.731378
0 -85.858673
38.730026
0 -85.861098
38.731924
0 -85.864455
38.729862
0 -85.866498
38.729311
0 -85.868105
38.730591
0 -85.870879
38.729537
0 -85.871637
38.728643
0 -85.869123
38.727293
0 -85.869559
38.726171
0 -85.872977
38.726307
0 -85.874323
38.728366
0 -85.876785
38.728411
0 -85.879209
38.729351
0 -85.880467
38.72807
0 -85.878773
38.726627
0 -85.879914
38.725414
0 -85.881404
38.725026
0 -85.882368
38.725347
0 -85.883927
38.7273
0 -85.883738
38.72893
0 -85.882258
38.730675
0 -85.882982
38.731158
0 -85.886549
38.730492
0 -85.887674
38.731772
0 -85.887598
38.733063
0 -85.886011
38.733954
0 -85.885986
38.735013
0 -85.888334
38.734443
0 