-104.053026
41.885464
0 -104.052978643104
41.8568876840647
0 -104.052899740949
41.809276182492
0 -104.052774
41.733401
0 -104.052829855868
41.6979542235318
0 -104.005717
41.698002
0 -103.986657
41.697996
0 -103.944341
41.697882
0 -103.943686
41.697972
0 -103.851611
41.69802
0 -103.829006
41.697895
0 -103.754846
41.698036
0 -103.599226
41.698622
0 -103.541253
41.698987
0 -103.494158
41.69949
0 -103.485159
41.699592
0 -103.388959
41.699765
0 -103.370391
41.69921
0 -103.371195
41.724378
0 -103.370401
41.743281
0 -103.36262
41.743548
0 -103.363018
41.749969
0 -103.363186
41.75857
0 -103.363192
41.787289
0 -103.362668
41.816477
0 -103.361531
41.830214
0 -103.361712
41.850577
0 -103.361908
41.851148
0 -103.361742
41.866014
0 -103.361786
41.87391
0 -103.361816
41.881776
0 -103.36184
41.885671
0 -103.361856
41.888732
0 -103.361844
41.895672
0 -103.361922
41.896989
0 -103.363337
42.00293
0 -103.401639
42.00354
0 -103.454977
42.004152
0 -103.579591
42.00321
0 -103.669401
42.002216
0 -103.678848
42.002147
0 -103.697871
42.002009
0 -103.698227
42.002008
0 -103.727558
42.00186
0 -103.728233
42.001708
0 -103.756062
42.001377
0 -103.76182
42.001555
0 -103.775526
42.001179
0 -103.794673
42.001274
0 -103.853331
42.000436
0 -103.86311
42.000413
0 -103.8729
42.000403
0 -104.041867
42.001747
0 -104.042711
42.001599
0 -104.052704176933
42.0017178993875
0 -104.052699
41.998673
0 -104.052761
41.994967
0 -104.05283
41.9946
0 -104.052831037645
41.9938560084207
0 -104.052836665212
41.9898210427688
0 -104.052836684848
41.9898069637288
0 -104.052856
41.975958
0 -104.052734
41.973007
0 -104.052991
41.914973
0 -104.052931
41.906143
0 -104.053026
41.885464
0 