-97.808348
37.646788
0 -97.808141
37.588508
0 -97.80782
37.575807
0 -97.807722
37.561821
0 -97.80766
37.518209
0 -97.807608
37.503703
0 -97.8076
37.474184
0 -97.770977
37.474299
0 -97.734312
37.474414
0 -97.725064
37.474411
0 -97.697704
37.474509
0 -97.642969
37.474861
0 -97.606202
37.475072
0 -97.597139
37.475117
0 -97.587794
37.475166
0 -97.53292
37.475485
0 -97.531969
37.475417
0 -97.531048
37.475494
0 -97.514691
37.475556
0 -97.499199
37.475726
0 -97.484222
37.475376
0 -97.47815
37.475761
0 -97.38718
37.476993
0 -97.387105
37.476995
0 -97.369013
37.477274
0 -97.350789
37.477031
0 -97.332597
37.476766
0 -97.322833
37.47662
0 -97.314389
37.476469
0 -97.304581
37.476304
0 -97.277805
37.475817
0 -97.264943
37.475604
0 -97.263252
37.475581
0 -97.261612
37.475553
0 -97.26084
37.47554
0 -97.260417
37.475533
0 -97.260271
37.47553
0 -97.259378
37.475514
0 -97.242059
37.475602
0 -97.22943
37.475572
0 -97.229358
37.475571
0 -97.208147
37.475693
0 -97.153331
37.475544
0 -97.153108
37.504717
0 -97.153022
37.519258
0 -97.153013
37.523117
0 -97.152852
37.548419
0 -97.152833
37.551455
0 -97.152802
37.555232
0 -97.152751
37.563043
0 -97.152801
37.570991
0 -97.152823
37.577622
0 -97.152903
37.592153
0 -97.152947
37.606686
0 -97.15303
37.613928
0 -97.153063
37.62824
0 -97.152964
37.650313
0 -97.152965
37.650611
0 -97.152946
37.664898
0 -97.153118
37.666216
0 -97.153117
37.671355
0 -97.15315
37.672131
0 -97.15305
37.679386
0 -97.15305
37.679531
0 -97.15305
37.679648
0 -97.153046
37.686619
0 -97.153025
37.693967
0 -97.153025
37.694059
0 -97.153026
37.694278
0 -97.153046
37.700418
0 -97.153052
37.701853
0 -97.153015
37.708678
0 -97.152991
37.716002
0 -97.152964
37.722218
0 -97.152941
37.723292
0 -97.152927
37.726894
0 -97.152914
37.728752
0 -97.152914
37.730585
0 -97.152879
37.7379
0 -97.153077
37.773972
0 -97.15345
37.825166
0 -97.152145
37.825175
0 -97.152253
37.832109
0 -97.152338
37.84685
0 -97.152476
37.912733
0 -97.244341
37.912366
0 -97.263186
37.912313
0 -97.290581
37.912279
0 -97.299882
37.912301
0 -97.304355
37.912297
0 -97.313798
37.912266
0 -97.331736
37.912241
0 -97.349724
37.91221
0 -97.351889
37.912002
0 -97.354482
37.912197
0 -97.363531
37.912186
0 -97.372007
37.912202
0 -97.372015
37.912202
0 -97.403646
37.912252
0 -97.408769
37.912262
0 -97.408869
37.912262
0 -97.421966
37.912288
0 -97.422496
37.912289
0 -97.429413
37.912344
0 -97.438644
37.91237
0 -97.445457
37.912194
0 -97.446041
37.912302
0 -97.454177
37.912315
0 -97.482017
37.91228
0 -97.482045
37.91228
0 -97.50041
37.912311
0 -97.582682
37.912373
0 -97.592073
37.912391
0 -97.592106
37.912391
0 -97.701841
37.912457
0 -97.701969
37.911325
0 -97.702178
37.907757
0 -97.702242
37.900308
0 -97.702005
37.897804
0 -97.702031
37.876595
0 -97.70211
37.840108
0 -97.702101
37.825158
0 -97.699679
37.825156
0 -97.699368
37.808026
0 -97.698692
37.735056
0 -97.708321
37.734428
0 -97.78064
37.733779
0 -97.785936
37.734131
0 -97.799528
37.73396
0 -97.807823
37.733855
0 -97.807778
37.719115
0 -97.806717
37.654039
0 -97.808348
37.646788
0 