-95.132558
35.551808
0 -95.132541
35.547764
0 -95.132526
35.544024
0 -95.132437
35.526196
0 -95.130437
35.524496
0 -95.127537
35.521296
0 -95.125237
35.515996
0 -95.124669
35.512023
0 -95.120836
35.505696
0 -95.115135
35.500296
0 -95.114628
35.499329
0 -95.107636
35.493095
0 -95.103836
35.490495
0 -95.100936
35.489395
0 -95.097268
35.486827
0 -95.096136
35.485696
0 -95.092436
35.479696
0 -95.091035
35.475896
0 -95.089635
35.469396
0 -95.088335
35.464796
0 -95.086835
35.462496
0 -95.084035
35.460396
0 -95.080835
35.459096
0 -95.077235
35.458796
0 -95.073835
35.459995
0 -95.071535
35.461695
0 -95.065534
35.464795
0 -95.062319
35.465095
0 -95.061442
35.465095
0 -95.049933
35.458894
0 -95.046234
35.457495
0 -95.043433
35.456995
0 -95.035933
35.456995
0 -95.032033
35.456295
0 -95.027733
35.454795
0 -95.024933
35.453095
0 -95.023532
35.450795
0 -95.023332
35.448495
0 -95.024433
35.442195
0 -95.024633
35.435195
0 -95.024433
35.432395
0 -95.023733
35.430295
0 -95.021533
35.426795
0 -95.019932
35.424995
0 -95.014432
35.420995
0 -95.011756
35.418423
0 -95.00651
35.4146
0 -95.004348
35.413471
0 -95.000232
35.412025
0 -94.996336
35.411147
0 -94.991955
35.409497
0 -94.986829
35.40838
0 -94.978971
35.40826
0 -94.974958
35.407962
0 -94.971475
35.407099
0 -94.965956
35.406716
0 -94.959155
35.40827
0 -94.955164
35.408689
0 -94.951328
35.408334
0 -94.948857
35.407266
0 -94.946243
35.404538
0 -94.945218
35.403089
0 -94.944608
35.402457
0 -94.940654
35.39826
0 -94.938516
35.396595
0 -94.934239
35.395509
0 -94.928892
35.39342
0 -94.925745
35.392845
0 -94.920495
35.393104
0 -94.917045
35.393763
0 -94.911143
35.397183
0 -94.908155
35.398381
0 -94.904685
35.398838
0 -94.901832
35.39794
0 -94.899477
35.395605
0 -94.896275
35.391773
0 -94.893928
35.388099
0 -94.8923
35.384345
0 -94.892302
35.379676
0 -94.893517
35.375148
0 -94.894739
35.373088
0 -94.902444
35.367187
0 -94.908688
35.362891
0 -94.913234
35.360349
0 -94.915314
35.35865
0 -94.919266
35.354141
0 -94.919579
35.353317
0 -94.918707
35.350414
0 -94.914454
35.347525
0 -94.911917
35.346651
0 -94.904692
35.346422
0 -94.90198
35.346709
0 -94.895516
35.349189
0 -94.886713
35.351585
0 -94.884542
35.351927
0 -94.876908
35.354134
0 -94.872418
35.354526
0 -94.865894
35.356599
0 -94.862371
35.358274
0 -94.859515
35.360019
0 -94.85406
35.364117
0 -94.849677
35.368574
0 -94.845184
35.370785
0 -94.842143
35.371086
0 -94.837067
35.369451
0 -94.834949
35.368368
0 -94.831227
35.365549
0 -94.82918
35.361915
0 -94.828947
35.356117
0 -94.829152
35.351428
0 -94.829013
35.346798
0 -94.82746
35.337412
0 -94.825912
35.333399
0 -94.823785
35.329388
0 -94.820681
35.325889
0 -94.817259
35.323867
0 -94.813629
35.323344
0 -94.811716
35.32307
0 -94.806051
35.323855
0 -94.800908
35.324952
0 -94.796291
35.32646
0 -94.794374
35.327086
0 -94.792713
35.32835
0 -94.790528
35.331334
0 -94.790095
35.333384
0 -94.788584
35.335567
0 -94.785001
35.342186
0 -94.781615
35.347153
0 -94.778444
35.350895
0 -94.777758
35.351366
0 -94.777657
35.351436
0 -94.775247
35.35318
0 -94.769727
35.355317
0 -94.763835
35.355688
0 -94.756413
35.356807
0 -94.750224
35.356969
0 -94.743382
35.356009
0 -94.73782
35.354648
0 -94.730013
35.35195
0 -94.725697
35.349702
0 -94.720559
35.34593
0 -94.714589
35.339689
0 -94.709581
35.335988
0 -94.703995
35.332475
0 -94.702276
35.332011
0 -94.695228
35.330987
0 -94.69086
35.329869
0 -94.684885
35.32729
0 -94.683459
35.326252
0 -94.680435
35.322659
0 -94.678889
35.318409
0 -94.678379
35.315569
0 -94.67819
35.311888
0 -94.678556
35.3071
0 -94.678342
35.3048
0 -94.675601
35.300527
0 -94.6738
35.298756
0 -94.668796
35.295029
0 -94.66313
35.292563
0 -94.65743
35.291582
0 -94.65182
35.291214
0 -94.647967
35.29123
0 -94.643506
35.29178
0 -94.633432
35.293769
0 -94.629504
35.29527
0 -94.625221
35.297522
0 -94.621156
35.300749
0 -94.615879
35.304111
0 -94.612975
35.307628
0 -94.60997
35.312993
0 -94.603862
35.321683
0 -94.59882
35.326445
0 -94.594801
35.327974
0 -94.588959
35.328526
0 -94.583178
35.328294
0 -94.579056
35.328783
0 -94.576472
35.328867
0 -94.569148
35.325641
0 -94.565201
35.322632
0 -94.563551
35.319864
0 -94.55463
35.310219
0 -94.547647
35.306352
0 -94.542732
35.304961
0 -94.540034
35.304575
0 -94.533528
35.304331
0 -94.52865
35.3052
0 -94.519129
35.308193
0 -94.516956
35.309517
0 -94.515201
35.308692
0 -94.515224
35.306574
0 -94.511175
35.30452
0 -94.505696
35.304939
0 -94.504128
35.305924
0 -94.501091
35.305835
0 -94.498307
35.304545
0 -94.496241
35.301844
0 -94.493889
35.301223
0 -94.490178
35.303183
0 -94.485328
35.304792
0 -94.482368
35.307248
0 -94.481147
35.309507
0 -94.482063
35.315374
0 -94.483299
35.318105
0 -94.48774
35.322507
0 -94.492005
35.325406
0 -94.494797
35.329809
0 -94.494738
35.332276
0 -94.494379
35.337144
0 -94.494771
35.342566
0 -94.492349
35.344283
0 -94.489051
35.345127
0 -94.486369
35.346834
0 -94.482458
35.349072
0 -94.481543
35.349987
0 -94.480521
35.352291
0 -94.483267
35.355076
0 -94.485861
35.360363
0 -94.486688
35.36488
0 -94.486224
35.366057
0 -94.483603
35.369419
0 -94.480033
35.371832
0 -94.480101
35.372112
0 -94.476914
35.374119
0 -94.472803
35.375781
0 -94.466842
35.376998
0 -94.468224
35.376339
0 -94.460616
35.378637
0 -94.454785
35.378495
0 -94.451037
35.378957
0 -94.446008
35.380101
0 -94.441136
35.382146
0 -94.43559
35.386122
0 -94.431755175347
35.3910680522514
0 -94.4314575536191
35.391451916639
0 -94.4312716057209
35.3916917471668
0 -94.430662
35.392478
0 -94.431076615429
35.394748669693
0 -94.4355956915073
35.4194976982459
0 -94.43894546638
35.4378429689462
0 -94.4411416849691
35.4498707099329
0 -94.4411928749866
35.4501510555575
0 -94.4412292014658
35.45035
0 -94.4414630670687
35.4516307809347
0 -94.4496186404717
35.4962953352641
0 -94.449696
35.496719
0 -94.4499074597336
35.4980530963855
0 -94.4522105912754
35.512583519806
0 -94.4547176905951
35.5284007729727
0 -94.4566165247859
35.5403804902825
0 -94.4568369846587
35.5417713684153
0 -94.4600023349985
35.5617415176999
0 -94.4628917669048
35.5799709015979
0 -94.463318
35.58266
0 -94.464097
35.587265
0 -94.4642121588794
35.5877908922162
0 -94.464457
35.588909
0 -94.465272
35.594037
0 -94.4661981258216
35.5996275349765
0 -94.4710981001006
35.6292061051364
0 -94.472647
35.638556
0 -94.533756
35.6383
0 -94.594475
35.638265
0 -94.629908
35.638295
0 -94.630719
35.638306
0 -94.647713
35.638537
0 -94.675216
35.63836
0 -94.683553
35.638215
0 -94.701172
35.638385
0 -94.753695
35.638579
0 -94.768451
35.638559
0 -94.807297
35.638604
0 -94.829001
35.638618
0 -94.854159
35.638699
0 -94.860474
35.638715
0 -94.900535
35.638769
0 -94.903956
35.638522
0 -94.917316
35.63862
0 -94.94046
35.638577
0 -94.960504
35.638455
0 -94.970904
35.638564
0 -94.971972
35.638314
0 -94.991777
35.638372
0 -95.000264
35.638371
0 -95.00699
35.638335
0 -95.012741
35.638397
0 -95.127464
35.638894
0 -95.127462
35.638624
0 -95.127354
35.625096
0 -95.127611
35.620236
0 -95.127267
35.602446
0 -95.127242
35.595845
0 -95.127529
35.554289
0 -95.127537
35.551796
0 -95.132504
35.551912
0 -95.132558
35.551808
0 