-97.368419
40.76363
0 -97.368432
40.72765
0 -97.368406
40.705656
0 -97.368401
40.698625
0 -97.358725
40.698602
0 -97.349366
40.698595
0 -97.339407
40.698564
0 -97.254517
40.698428
0 -97.254008
40.698426
0 -97.197823
40.698377
0 -97.196844
40.698368
0 -97.140677
40.698336
0 -97.139704
40.698334
0 -97.130021
40.698372
0 -97.12917
40.698272
0 -97.124193
40.698417
0 -97.1212
40.6984
0 -97.101836
40.698174
0 -97.092337
40.698102
0 -97.064676
40.698235
0 -97.046058
40.6982
0 -97.02716
40.698179
0 -97.025322
40.698175
0 -97.016326
40.698152
0 -97.012884
40.698149
0 -97.010892
40.698136
0 -96.997221
40.698106
0 -96.99584
40.69794
0 -96.950242
40.698001
0 -96.913493
40.697948
0 -96.911116
40.697975
0 -96.910928
40.741469
0 -96.910872
40.756138
0 -96.910845
40.763181
0 -96.910751
40.784944
0 -96.91069
40.813923
0 -96.910658
40.820585
0 -96.910619
40.828445
0 -96.910559
40.857474
0 -96.910528
40.864481
0 -96.910495
40.871999
0 -96.910505
40.879269
0 -96.910535
40.904408
0 -96.910545
40.915487
0 -96.91056
40.926214
0 -96.910599
40.958407
0 -96.910599
40.958946
0 -96.910621
40.965395
0 -96.910645
40.97355
0 -96.910666
40.980701
0 -96.910667
40.980975
0 -96.910678
40.984518
0 -96.910689
40.987993
0 -96.910777
41.016891
0 -96.91094
41.046116
0 -96.920161
41.046118
0 -96.939296
41.046144
0 -96.955817
41.04614
0 -96.959223
41.046272
0 -96.973447
41.046208
0 -96.978068
41.046439
0 -96.982782
41.046252
0 -97.023342
41.04632
0 -97.024823
41.046313
0 -97.034683
41.04633
0 -97.091375
41.046404
0 -97.100584
41.046415
0 -97.13044
41.046466
0 -97.13828
41.046483
0 -97.139314
41.046474
0 -97.176505
41.046505
0 -97.253118
41.046653
0 -97.253513
41.046668
0 -97.267532
41.04672
0 -97.272319
41.046725
0 -97.272994
41.04673
0 -97.29207
41.046768
0 -97.301864
41.046803
0 -97.368118
41.046947
0 -97.368156
40.959885
0 -97.368332
40.872773
0 -97.368403
40.821601
0 -97.368431
40.785661
0 -97.36842
40.771172
0 -97.368419
40.76363
0 