-91.710797
35.949088
0 -91.710552
35.941759
0 -91.701592
35.941666
0 -91.683304
35.941042
0 -91.683289
35.940058
0 -91.633054
35.939359
0 -91.627394
35.939285
0 -91.600275
35.938821
0 -91.59131
35.938642
0 -91.559231
35.938238
0 -91.547584
35.93803
0 -91.54525
35.93805
0 -91.536017
35.937794
0 -91.493622
35.93664
0 -91.48407
35.93639
0 -91.471924
35.936807
0 -91.463198
35.93681
0 -91.464678
35.892497
0 -91.449096
35.892173
0 -91.429904
35.891781
0 -91.416373
35.891505
0 -91.35723
35.890621
0 -91.35729
35.8943
0 -91.356893
35.907091
0 -91.35537
35.943627
0 -91.35528
35.95618
0 -91.35499
35.959301
0 -91.354342
35.979615
0 -91.353879
35.994155
0 -91.352824
36.023849
0 -91.351616
36.053533
0 -91.350865
36.062319
0 -91.350363
36.06896
0 -91.349023
36.141773
0 -91.348921
36.147379
0 -91.348908
36.148151
0 -91.348733
36.157769
0 -91.351933
36.157969
0 -91.350851
36.201175
0 -91.349863
36.230127
0 -91.349834
36.230967
0 -91.332233
36.230766
0 -91.331167
36.244859
0 -91.312823
36.244459
0 -91.288158
36.243944
0 -91.268198
36.243639
0 -91.260385
36.243487
0 -91.259326
36.243467
0 -91.25892
36.25788
0 -91.258898
36.279121
0 -91.258581
36.330865
0 -91.276059
36.330872
0 -91.27494
36.37412
0 -91.275282
36.374531
0 -91.292783
36.375064
0 -91.291633
36.389164
0 -91.310131
36.389744
0 -91.308733
36.420363
0 -91.344234
36.420804
0 -91.349135
36.420863
0 -91.349123
36.421738
0 -91.348935
36.435663
0 -91.353535
36.435563
0 -91.353435
36.45035
0 -91.357843
36.45037
0 -91.357616
36.464957
0 -91.362135
36.464963
0 -91.362035
36.472262
0 -91.380936
36.472462
0 -91.380736
36.479562
0 -91.398636
36.479762
0 -91.398237
36.487162
0 -91.407437
36.487162
0 -91.407137
36.497112
0 -91.407261
36.497123
0 -91.4331046728294
36.4972609679119
0 -91.433298
36.497262
0 -91.436502
36.497377
0 -91.446284
36.497469
0 -91.4500043450567
36.4975617737561
0 -91.450506
36.478965
0 -91.450762
36.477573
0 -91.452438
36.451963
0 -91.452744
36.422422
0 -91.452848
36.418585
0 -91.453899
36.378669
0 -91.454333
36.343754
0 -91.454437
36.335465
0 -91.459715
36.33557
0 -91.47744
36.335921
0 -91.491509
36.336199
0 -91.495993
36.336382
0 -91.512441
36.336831
0 -91.541577
36.337262
0 -91.550226
36.337273
0 -91.563638
36.33746
0 -91.565866
36.3374
0 -91.56583
36.336092
0 -91.565749
36.315685
0 -91.565818
36.308091
0 -91.565818
36.30804
0 -91.565924
36.299064
0 -91.565665
36.280551
0 -91.565866
36.257435
0 -91.566078
36.249945
0 -91.574038
36.250188
0 -91.583
36.250581
0 -91.584813
36.250662
0 -91.587093
36.250761
0 -91.588422
36.250821
0 -91.598298
36.251257
0 -91.619938
36.25221
0 -91.620559
36.252219
0 -91.622712
36.252248
0 -91.628651
36.252396
0 -91.636549
36.252762
0 -91.691435
36.253301
0 -91.691749
36.236405
0 -91.691774
36.23477
0 -91.691877
36.227924
0 -91.691882
36.227613
0 -91.69217
36.212609
0 -91.692243
36.209167
0 -91.674143
36.208567
0 -91.67442
36.190993
0 -91.674843
36.164768
0 -91.679943
36.164668
0 -91.680432
36.14295
0 -91.680848
36.118774
0 -91.680885
36.114652
0 -91.681248
36.073717
0 -91.681568
36.040763
0 -91.681499
36.030162
0 -91.681504
36.029202
0 -91.681542
36.02287
0 -91.686542
36.02287
0 -91.686494
36.019109
0 -91.691142
36.019083
0 -91.691142
36.011771
0 -91.682011
36.011668
0 -91.682039
36.010683
0 -91.682107
36.008195
0 -91.682277
36.000535
0 -91.705055
36.000856
0 -91.709363
36.000917
0 -91.709589
35.995585
0 -91.709428
35.986268
0 -91.709573
35.976039
0 -91.710797
35.949088
0 