-90.964576
32.724277
0 -90.964864
32.662798
0 -90.758863
32.662176
0 -90.723159
32.662128
0 -90.721312
32.665487
0 -90.717199
32.67165
0 -90.713131
32.676572
0 -90.712131
32.678382
0 -90.712395
32.681134
0 -90.712983
32.682613
0 -90.712891
32.685229
0 -90.712206
32.687444
0 -90.710533
32.688983
0 -90.708028
32.690319
0 -90.704416
32.690779
0 -90.699308
32.689256
0 -90.697173
32.687875
0 -90.695601
32.685119
0 -90.695026
32.680991
0 -90.694846
32.677568
0 -90.695378
32.674281
0 -90.694878
32.67109
0 -90.693233
32.668263
0 -90.690819
32.666148
0 -90.687379
32.664394
0 -90.684171
32.663747
0 -90.678617
32.664202
0 -90.675837
32.665134
0 -90.672371
32.668346
0 -90.670064
32.669581
0 -90.667678
32.670983
0 -90.66532
32.674501
0 -90.664182
32.679464
0 -90.663751
32.686006
0 -90.664408
32.689129
0 -90.66744
32.693264
0 -90.671389
32.696463
0 -90.683233
32.702915
0 -90.688676
32.705369
0 -90.693271
32.706523
0 -90.69775
32.707207
0 -90.70124
32.707417
0 -90.708501
32.706931
0 -90.713735
32.707313
0 -90.717734
32.709001
0 -90.723344
32.713645
0 -90.726035
32.715228
0 -90.729443
32.716243
0 -90.733874
32.718702
0 -90.739562
32.723985
0 -90.74193
32.72711
0 -90.742634
32.729225
0 -90.742344
32.731776
0 -90.741622
32.733452
0 -90.737272
32.739112
0 -90.735226
32.743805
0 -90.735448
32.747497
0 -90.736656
32.752607
0 -90.736667
32.754249
0 -90.735847
32.756232
0 -90.733155
32.757558
0 -90.730971
32.757575
0 -90.729578
32.757217
0 -90.721867
32.750132
0 -90.717628
32.747993
0 -90.713781
32.74748
0 -90.709416
32.747435
0 -90.703337
32.748795
0 -90.69951
32.750132
0 -90.693061
32.754297
0 -90.6905
32.757565
0 -90.689449
32.760857
0 -90.68919
32.763875
0 -90.689758
32.765881
0 -90.692642
32.769647
0 -90.696794
32.773037
0 -90.700616
32.774383
0 -90.70767
32.777785
0 -90.711273
32.782049
0 -90.715415
32.789861
0 -90.715836
32.79341
0 -90.715496
32.796194
0 -90.714447
32.799788
0 -90.712249
32.803925
0 -90.710992
32.805522
0 -90.709499
32.806884
0 -90.702749
32.81112
0 -90.700187
32.813234
0 -90.696804
32.813568
0 -90.694777
32.814124
0 -90.694289
32.814926
0 -90.697191
32.817163
0 -90.701288
32.81754
0 -90.705535
32.815917
0 -90.707327
32.816639
0 -90.70866
32.817968
0 -90.710903
32.817271
0 -90.715429
32.814278
0 -90.720312
32.814953
0 -90.722787
32.816406
0 -90.723389
32.818882
0 -90.726804
32.819608
0 -90.728369
32.818619
0 -90.72809
32.815669
0 -90.730135
32.814999
0 -90.72966
32.813546
0 -90.731842
32.812448
0 -90.733308
32.809734
0 -90.735886
32.809818
0 -90.740392
32.808995
0 -90.74145
32.809475
0 -90.743784
32.811948
0 -90.744355
32.814306
0 -90.747095
32.817374
0 -90.748615
32.818221
0 -90.753991
32.817988
0 -90.759635
32.814006
0 -90.759467
32.814836
0 -90.759753
32.835763
0 -90.706793
32.878594
0 -90.706536
32.879133
0 -90.698268
32.886274
0 -90.656712
32.92251
0 -90.656632
32.92251
0 -90.656328
32.930968
0 -90.656431
32.933233
0 -90.656381
32.951392
0 -90.656694
32.995145
0 -90.656908
32.998865
0 -90.656782
33.008961
0 -90.6571
33.019038
0 -90.657686
33.059086
0 -90.657907
33.081035
0 -90.658049
33.096514
0 -90.701915
33.096145
0 -90.701845
33.096294
0 -90.770925
33.095936
0 -90.771624
33.095788
0 -90.793876
33.095582
0 -90.795161
33.095719
0 -90.860728
33.095286
0 -90.862866
33.095106
0 -90.862671
33.097519
0 -90.875101
33.097135
0 -90.882534
33.097495
0 -90.898019
33.097313
0 -90.899233
33.097395
0 -90.914465
33.097417
0 -90.914337
33.007697
0 -90.914409
33.000825
0 -90.914633
32.993312
0 -90.914721
32.979778
0 -90.914885
32.978381
0 -90.914219
32.9517
0 -90.914187
32.950181
0 -90.91404
32.944198
0 -90.916444
32.94451
0 -90.917395
32.943846
0 -90.916934
32.940617
0 -90.919759
32.937846
0 -90.919136
32.93448
0 -90.921119
32.931023
0 -90.920957
32.927267
0 -90.92351
32.922206
0 -90.925439
32.917557
0 -90.925222
32.915083
0 -90.924951
32.911236
0 -90.928074
32.909861
0 -90.928652
32.907857
0 -90.931578
32.903972
0 -90.931117
32.902186
0 -90.931468
32.900447
0 -90.933152
32.89857
0 -90.934427
32.895823
0 -90.935813
32.89486
0 -90.935976
32.892046
0 -90.937468
32.890258
0 -90.937929
32.888289
0 -90.940318
32.885289
0 -90.939938
32.883457
0 -90.936274
32.879564
0 -90.936084
32.878898
0 -90.936002
32.876288
0 -90.938712
32.873151
0 -90.938739
32.872259
0 -90.940611
32.872282
0 -90.941968
32.869717
0 -90.939635
32.864724
0 -90.940177
32.862068
0 -90.94452
32.857258
0 -90.945551
32.856709
0 -90.948237
32.856686
0 -90.94973
32.856043
0 -90.950109
32.853731
0 -90.952768
32.852609
0 -90.956024
32.852905
0 -90.957923
32.850661
0 -90.958574
32.848394
0 -90.95624
32.846449
0 -90.954911
32.845968
0 -90.955942
32.84441
0 -90.959441
32.841364
0 -90.961177
32.841318
0 -90.961882
32.840516
0 -90.963347
32.838248
0 -90.963941
32.78025
0 -90.963756
32.776971
0 -90.964576
32.724277
0 