-88.162274
43.891511
0 -88.16131
43.833532
0 -88.161198
43.819009
0 -88.161187
43.815362
0 -88.161169
43.811715
0 -88.161162
43.808737
0 -88.161161
43.808237
0 -88.161152
43.804497
0 -88.161135
43.797333
0 -88.161068
43.790067
0 -88.16091
43.782864
0 -88.160749
43.775536
0 -88.160665
43.764699
0 -88.160438
43.731808
0 -88.160616
43.71761
0 -88.16073
43.692725
0 -88.160223
43.659227
0 -88.159927
43.631287
0 -88.159975
43.63045
0 -88.160035
43.617277
0 -88.160146
43.607139
0 -88.160419
43.584088
0 -88.160733
43.583277
0 -88.160395
43.582728
0 -88.160873
43.542943
0 -88.100422
43.542407
0 -88.099295
43.542365
0 -88.050941
43.542365
0 -88.049645
43.542365
0 -88.040528
43.542361
0 -87.970977
43.542742
0 -87.921047
43.543378
0 -87.860895
43.543158
0 -87.840885
43.543081
0 -87.820913
43.543043
0 -87.7919127269415
43.5430226875993
0 -87.791773
43.543999
0 -87.793003
43.547604
0 -87.792668
43.552712
0 -87.790135
43.563054
0 -87.7891051705205
43.5648444884386
0 -87.782271211651
43.5767261878739
0 -87.781255
43.578493
0 -87.7694370638092
43.5944190216725
0 -87.760505
43.606456
0 -87.7420870657738
43.6294733198549
0 -87.734312
43.63919
0 -87.7264602939925
43.650461952498
0 -87.723910717649
43.6541221383743
0 -87.7062419580404
43.6794875072276
0 -87.706204
43.679542
0 -87.702685
43.687596
0 -87.704276
43.69485
0 -87.702908
43.701554
0 -87.7029100918234
43.7016855132115
0 -87.702985
43.706395
0 -87.7039792572308
43.7123209661555
0 -87.704015
43.712534
0 -87.7045557257426
43.7138775154483
0 -87.708185
43.722895
0 -87.7082110934531
43.7230207507167
0 -87.70964
43.729907
0 -87.7097233883512
43.7319110433125
0 -87.7098849843315
43.7357946234441
0 -87.7083205184173
43.7427373870231
0 -87.708285
43.742895
0 -87.705185
43.745095
0 -87.7034115548595
43.7488031125664
0 -87.7030473916435
43.7495645447454
0 -87.702985
43.749695
0 -87.698334
43.752736
0 -87.699522
43.754624
0 -87.703556
43.755
0 -87.703009
43.758752
0 -87.7008905547744
43.7606668600312
0 -87.700085
43.761395
0 -87.696013
43.762744
0 -87.695881
43.765388
0 -87.697539
43.764971
0 -87.700251
43.76735
0 -87.7004011500296
43.7675241774723
0 -87.7054936585482
43.7734316039544
0 -87.7054940320195
43.7734320699857
0 -87.708617
43.780258
0 -87.7102713581502
43.7828095136388
0 -87.7122817312522
43.785910108506
0 -87.7152324137819
43.7904609409346
0 -87.716336
43.792163
0 -87.7219901415138
43.8024270269244
0 -87.7238102906675
43.8057311642323
0 -87.726407
43.810445
0 -87.726263658699
43.8154472018586
0 -87.726232
43.816552
0 -87.728756
43.821925
0 -87.7292395010117
43.8275717647776
0 -87.7295389755865
43.8310693013701
0 -87.7296
43.831782
0 -87.7290481504818
43.8376103503642
0 -87.728307
43.845438
0 -87.7285186181628
43.8492731056317
0 -87.7286510950313
43.8516739524093
0 -87.728698
43.852524
0 -87.7348806626786
43.8704299845331
0 -87.736017
43.873721
0 -87.7361111217939
43.8776378696869
0 -87.7361574961477
43.8795677340991
0 -87.736178
43.880421
0 -87.7342904167844
43.8849938842659
0 -87.7339031183007
43.8859321587365
0 -87.733734679162
43.8863402216397
0 -87.7313223858007
43.8921842757007
0 -87.741478
43.892213
0 -87.746155
43.892215
0 -87.74856
43.892315
0 -87.749934
43.892368
0 -87.77148
43.892152
0 -87.774548
43.892123
0 -87.777358
43.892084
0 -87.781469
43.892022
0 -87.790598
43.891976
0 -87.801492
43.891924
0 -87.833893
43.891644
0 -87.865842
43.891601
0 -87.922253
43.892028
0 -87.93506
43.891916
0 -87.944447
43.892199
0 -87.982173
43.891767
0 -88.027031
43.891773
0 -88.028336
43.891675
0 -88.041794
43.891692
0 -88.082044
43.891768
0 -88.102274
43.891741
0 -88.122168
43.891681
0 -88.162274
43.891511
0 