-78.865905
38.767034
0 -78.869276
38.762991
0 -78.800176
38.714201
0 -78.794346
38.710049
0 -78.775495
38.697142
0 -78.7518
38.680087
0 -78.750612
38.679359
0 -78.749743
38.678945
0 -78.746433
38.676706
0 -78.741646
38.673042
0 -78.705387
38.648837
0 -78.701678
38.646351
0 -78.686151
38.635791
0 -78.668542
38.623637
0 -78.641769
38.604719
0 -78.641536
38.604939
0 -78.641011
38.606218
0 -78.637364
38.60887
0 -78.634378
38.611749
0 -78.632582
38.612578
0 -78.631034
38.614132
0 -78.627449
38.616848
0 -78.625025
38.622498
0 -78.623002
38.623601
0 -78.620308
38.629078
0 -78.618213
38.63214
0 -78.617327
38.634932
0 -78.614666
38.639575
0 -78.612102
38.643052
0 -78.610442
38.647422
0 -78.609361
38.648554
0 -78.606834
38.653406
0 -78.606159
38.655415
0 -78.602581
38.663059
0 -78.601452
38.664796
0 -78.599528
38.669371
0 -78.596316
38.675143
0 -78.593731
38.679157
0 -78.592993
38.681166
0 -78.589891
38.686406
0 -78.586961
38.689333
0 -78.586505
38.690358
0 -78.581968
38.69628
0 -78.579075
38.699665
0 -78.576023
38.70405
0 -78.574815
38.704747
0 -78.571132
38.709304
0 -78.570108
38.709936
0 -78.567986
38.712537
0 -78.56119
38.719077
0 -78.557474
38.723561
0 -78.556201
38.725749
0 -78.554136
38.727729
0 -78.553589
38.729318
0 -78.551728
38.730968
0 -78.551506
38.732473
0 -78.550162
38.736338
0 -78.54894
38.738542
0 -78.546907
38.738022
0 -78.517205
38.728326
0 -78.50961
38.725741
0 -78.50926
38.725626
0 -78.505872
38.72927
0 -78.50403
38.731791
0 -78.497595
38.738366
0 -78.494051
38.741176
0 -78.493393
38.741592
0 -78.490209
38.741621
0 -78.487539
38.742053
0 -78.485626
38.743319
0 -78.480584
38.745717
0 -78.471935
38.751558
0 -78.470091
38.752583
0 -78.468245
38.755197
0 -78.465931
38.756691
0 -78.462093
38.761691
0 -78.459841
38.763662
0 -78.456432
38.766043
0 -78.455445
38.768091
0 -78.452679
38.769892
0 -78.450525
38.773126
0 -78.448449
38.775288
0 -78.446451
38.776403
0 -78.444887
38.778185
0 -78.440873
38.781099
0 -78.439229
38.783349
0 -78.436947
38.785495
0 -78.434734
38.7869
0 -78.43276
38.789102
0 -78.431127
38.791842
0 -78.429763
38.792537
0 -78.425019
38.798537
0 -78.423215
38.799458
0 -78.420041
38.802764
0 -78.41796
38.803951
0 -78.416857
38.80562
0 -78.413547
38.808065
0 -78.41233
38.809694
0 -78.40986
38.811275
0 -78.40853
38.812928
0 -78.405477
38.815413
0 -78.402851
38.816672
0 -78.399839
38.81935
0 -78.394629
38.822703
0 -78.391262
38.826657
0 -78.389026
38.828085
0 -78.386682
38.830152
0 -78.384128
38.832504
0 -78.381221
38.836437
0 -78.376179
38.841379
0 -78.374007
38.844572
0 -78.370444
38.84735
0 -78.36886
38.849605
0 -78.367169
38.85062
0 -78.364111
38.854365
0 -78.36146
38.857014
0 -78.35948
38.85797
0 -78.358582
38.859366
0 -78.353651
38.863361
0 -78.351252
38.864757
0 -78.349475
38.866492
0 -78.345517
38.868264
0 -78.344935
38.869463
0 -78.341042
38.872683
0 -78.339795
38.874704
0 -78.338465
38.87588
0 -78.334249
38.881675
0 -78.331773
38.88754
0 -78.33231
38.888786
0 -78.335848
38.888467
0 -78.338619
38.888645
0 -78.338421
38.890588
0 -78.336127
38.893954
0 -78.334073
38.895562
0 -78.330734
38.900545
0 -78.328801
38.901974
0 -78.327281
38.904481
0 -78.325848
38.908761
0 -78.324006
38.913244
0 -78.32152
38.918295
0 -78.319801
38.91953
0 -78.314857
38.921572
0 -78.313141
38.92317
0 -78.310846
38.924415
0 -78.308622
38.926717
0 -78.308557
38.928643
0 -78.30582
38.934597
0 -78.305246
38.93672
0 -78.3043
38.938449
0 -78.302252
38.94087
0 -78.300458
38.94365
0 -78.307248
38.95263
0 -78.312384
38.949714
0 -78.314815
38.950148
0 -78.318098
38.952134
0 -78.323812
38.95161
0 -78.328899
38.952258
0 -78.330562
38.951218
0 -78.335211
38.949571
0 -78.334796
38.951794
0 -78.333635
38.954866
0 -78.331749
38.958776
0 -78.330912
38.961544
0 -78.33147
38.962882
0 -78.33538
38.973844
0 -78.336325
38.976453
0 -78.336663
38.976922
0 -78.338869
38.979101
0 -78.338742
38.98039
0 -78.336213
38.981805
0 -78.334046
38.981747
0 -78.330343
38.979834
0 -78.323786
38.974096
0 -78.321908
38.973825
0 -78.319234
38.97718
0 -78.319465
38.981063
0 -78.316354
38.983302
0 -78.318966
38.985603
0 -78.322217
38.987234
0 -78.324803
38.98964
0 -78.328576
38.991273
0 -78.329917
38.992955
0 -78.329874
38.993711
0 -78.3289
38.994007
0 -78.328427
38.994774
0 -78.330788
38.996748
0 -78.333386
38.999301
0 -78.333401
39.000247
0 -78.332142
39.001072
0 -78.325485
38.999797
0 -78.324125
39.000545
0 -78.320194
39.005535
0 -78.314196
39.007977
0 -78.312209
39.009069
0 -78.31244
39.009865
0 -78.314528
39.010057
0 -78.316327
39.012967
0 -78.318814
39.014814
0 -78.317668
39.017736
0 -78.319532
39.019421
0 -78.318127
39.020308
0 -78.315191
39.020284
0 -78.313735
39.021382
0 -78.315527
39.022003
0 -78.314015
39.024872
0 -78.316124
39.027682
0 -78.321006
39.0306
0 -78.32101
39.031545
0 -78.319689
39.032481
0 -78.317398
39.030989
0 -78.316163
39.030992
0 -78.313586
39.0324
0 -78.310804
39.032907
0 -78.309548
39.033961
0 -78.313165
39.035463
0 -78.318634
39.035996
0 -78.320323
39.040706
0 -78.322831
39.043246
0 -78.325409
39.044925
0 -78.329022
39.041232
0 -78.332107
39.041331
0 -78.332491
39.042567
0 -78.331847
39.045379
0 -78.33078
39.047405
0 -78.33029
39.050167
0 -78.332382
39.05054
0 -78.332949
39.048044
0 -78.333943
39.04786
0 -78.335761
39.0507
0 -78.339823
39.053681
0 -78.341029
39.054181
0 -78.343102
39.056367
0 -78.343236
39.057653
0 -78.343841
39.05858
0 -78.346506
39.059326
0 -78.347078
39.06028
0 -78.346367
39.06163
0 -78.34428
39.061621
0 -78.340268
39.060172
0 -78.336887
39.059831
0 -78.335198
39.060714
0 -78.335954
39.061694
0 -78.340914
39.063533
0 -78.341584
39.067073
0 -78.341564
39.069582
0 -78.340732
39.070261
0 -78.337823
39.069153
0 -78.335206
39.069176
0 -78.333374
39.070256
0 -78.336055
39.073257
0 -78.335616
39.073883
0 -78.331788
39.074386
0 -78.329487
39.074091
0 -78.326112
39.074877
0 -78.324382
39.076117
0 -78.325774
39.077805
0 -78.328075
39.079444
0 -78.330215
39.081749
0 -78.33415
39.083514
0 -78.336512
39.084144
0 -78.336238
39.08552
0 -78.333221
39.087484
0 -78.33132
39.087682
0 -78.329013
39.09011
0 -78.33078
39.091999
0 -78.333829
39.090803
0 -78.335556
39.09363
0 -78.333715
39.098413
0 -78.335803
39.101509
0 -78.339585
39.102743
0 -78.342554
39.102261
0 -78.341551
39.100156
0 -78.341595
39.098238
0 -78.34287
39.095952
0 -78.344719
39.095964
0 -78.34609
39.096959
0 -78.34957
39.098258
0 -78.356006
39.097585
0 -78.359473
39.09565
0 -78.362533
39.097117
0 -78.368248
39.09473
0 -78.370626
39.093365
0 -78.376411
39.091934
0 -78.380244
39.093537
0 -78.381861
39.093333
0 -78.383536
39.096187
0 -78.38905
39.100427
0 -78.391359
39.101666
0 -78.39285
39.101589
0 -78.393272
39.100451
0 -78.390559
39.096214
0 -78.391
39.094026
0 -78.391714
39.092857
0 -78.394156
39.092748
0 -78.397452
39.095023
0 -78.398628
39.095264
0 -78.404079
39.093757
0 -78.408012
39.091851
0 -78.410231
39.089191
0 -78.413381
39.086411
0 -78.414174
39.085108
0 -78.415645
39.08492
0 -78.417118
39.085893
0 -78.419654
39.085306
0 -78.419119
39.082665
0 -78.421923
39.081118
0 -78.423621
39.081903
0 -78.425332
39.081453
0 -78.425798
39.07974
0 -78.425122
39.077539
0 -78.426615
39.075733
0 -78.429045
39.074383
0 -78.432518
39.071018
0 -78.430927
39.069887
0 -78.430814
39.066549
0 -78.432371
39.065517
0 -78.436448
39.064891
0 -78.439068
39.063162
0 -78.440667
39.062832
0 -78.441786
39.061076
0 -78.440744
39.059434
0 -78.444314
39.056453
0 -78.448194
39.055992
0 -78.448841
39.054098
0 -78.448031
39.05227
0 -78.445581
39.051962
0 -78.443927
39.050606
0 -78.444708
39.047076
0 -78.449565
39.043244
0 -78.4511
39.042497
0 -78.449374
39.038402
0 -78.447797
39.036634
0 -78.447551
39.034691
0 -78.450197
39.034301
0 -78.45202
39.033438
0 -78.451682
39.032
0 -78.454885
39.030627
0 -78.453962
39.029809
0 -78.454023
39.027599
0 -78.463333
39.030783
0 -78.46606
39.031487
0 -78.477478
39.035158
0 -78.5441013677084
39.0566631313481
0 -78.545679
39.055052
0 -78.547734
39.054069
0 -78.554263
39.048058
0 -78.556748
39.044527
0 -78.559997
39.041573
0 -78.571901
39.031995
0 -78.565837
39.026303
0 -78.565073
39.025935
0 -78.563294
39.026328
0 -78.55964
39.024456
0 -78.55738
39.021393
0 -78.550467
39.018065
0 -78.552321
39.016374
0 -78.554919
39.015124
0 -78.5594
39.011877
0 -78.561711
39.009007
0 -78.570462
39.001552
0 -78.580465
38.990567
0 -78.581981
38.988398
0 -78.582928
38.985416
0 -78.588704
38.978579
0 -78.593261
38.971918
0 -78.596015
38.970192
0 -78.598894
38.969546
0 -78.601399
38.96653
0 -78.601655
38.964603
0 -78.608369
38.969743
0 -78.611184
38.976134
0 -78.614312
38.97585
0 -78.618676
38.974082
0 -78.619982
38.977338
0 -78.619914
38.981288
0 -78.620453
38.982601
0 -78.625672
38.982575
0 -78.629553
38.980866
0 -78.630846
38.979586
0 -78.632452
38.976983
0 -78.632471
38.974739
0 -78.638423
38.966819
0 -78.646589
38.968138
0 -78.652352
38.960677
0 -78.655043
38.953766
0 -78.65905
38.947375
0 -78.662083
38.945702
0 -78.665886
38.941579
0 -78.666594
38.9392
0 -78.670679
38.9338
0 -78.6774565490341
38.9279166964659
0 -78.680456
38.925313
0 -78.681617
38.92584
0 -78.688266
38.92478
0 -78.6896204623449
38.9236803501377
0 -78.69145
38.922195
0 -78.69738
38.915602
0 -78.704323
38.915231
0 -78.712622
38.908665
0 -78.7147164242331
38.9063998796012
0 -78.716168
38.90483
0 -78.717178
38.904296
0 -78.718647
38.904561
0 -78.71981
38.905907
0 -78.7209
38.909844
0 -78.719451
38.92026
0 -78.719755
38.922135
0 -78.719806
38.922638
0 -78.720095
38.923863
0 -78.71962
38.92651
0 -78.717076
38.936028
0 -78.718482
38.934267
0 -78.722451
38.931405
0 -78.724062
38.930846
0 -78.726222
38.930932
0 -78.7386774121291
38.9273529938689
0 -78.738921
38.927283
0 -78.750517
38.916029
0 -78.754658
38.907582
0 -78.754516
38.905728
0 -78.757278
38.903203
0 -78.759085
38.900529
0 -78.772793
38.893742
0 -78.779198
38.892298
0 -78.786025
38.887187
0 -78.788031
38.885123
0 -78.790078
38.880076
0 -78.79161
38.877593
0 -78.796213
38.874606
0 -78.8046048225432
38.8616823969506
0 -78.8056237811462
38.8601131768628
0 -78.8060012001695
38.859531942737
0 -78.8061386223897
38.8593203093028
0 -78.808181
38.856175
0 -78.810943
38.849616
0 -78.815116
38.841594
0 -78.821167
38.830982
0 -78.827262
38.82161
0 -78.832267
38.814388
0 -78.835191
38.811499
0 -78.848187
38.794978
0 -78.863684
38.7718
0 -78.865905
38.767034
0 