-84.367891
43.128452
0 -84.367795
43.117938
0 -84.36772
43.103359
0 -84.367525
43.074284
0 -84.367403
43.042003
0 -84.367249
43.030698
0 -84.367191
43.027718
0 -84.366863
43.011626
0 -84.366806
43.008271
0 -84.366799
43.007917
0 -84.366789
43.007447
0 -84.366513
42.994521
0 -84.365712
42.95512
0 -84.365711
42.943569
0 -84.365413
42.929078
0 -84.365275
42.924103
0 -84.365127
42.912309
0 -84.365076
42.910124
0 -84.364878
42.898937
0 -84.364803
42.893627
0 -84.364794
42.89307
0 -84.364756
42.89053
0 -84.364547
42.880154
0 -84.364394
42.861824
0 -84.364375
42.857103
0 -84.364319
42.842497
0 -84.364106
42.825644
0 -84.363997
42.813376
0 -84.36384
42.796267
0 -84.363794
42.791999
0 -84.363785
42.790432
0 -84.36374
42.783021
0 -84.363659
42.775778
0 -84.361795
42.775783
0 -84.357712
42.7758
0 -84.350884
42.77581
0 -84.346329
42.775832
0 -84.329053
42.775915
0 -84.32148
42.775929
0 -84.316193
42.775977
0 -84.272493
42.776069
0 -84.18705
42.776348
0 -84.158189
42.776639
0 -84.12845
42.777042
0 -84.126153
42.777074
0 -84.115538
42.777224
0 -84.109741
42.777331
0 -84.103664
42.77743
0 -84.098307
42.777514
0 -84.089115
42.777606
0 -84.070114
42.777915
0 -84.064766
42.778022
0 -84.049134
42.778339
0 -84.039517
42.7785
0 -84.021091
42.778831
0 -83.971746
42.779687
0 -83.922516
42.780821
0 -83.923249
42.795339
0 -83.924315
42.816664
0 -83.925645
42.839091
0 -83.925782
42.842834
0 -83.925855
42.844381
0 -83.926692
42.859309
0 -83.927164
42.868344
0 -83.927255
42.871316
0 -83.928103
42.897342
0 -83.928546
42.912081
0 -83.928825
42.919855
0 -83.92906
42.926366
0 -83.929911
42.956512
0 -83.928837
42.956548
0 -83.928869
42.964138
0 -83.928769
42.971152
0 -83.928735
42.977262
0 -83.928724
42.9782
0 -83.928675
42.982381
0 -83.928627
42.992938
0 -83.928629
42.993498
0 -83.928619
42.994753
0 -83.928607
42.996385
0 -83.928566
43.000315
0 -83.928495
43.00932
0 -83.928406
43.024745
0 -83.928322
43.044511
0 -83.928417
43.058938
0 -83.928721
43.08045
0 -83.928757
43.088717
0 -83.928846
43.102208
0 -83.929079
43.132782
0 -83.943991
43.132679
0 -83.988065
43.132272
0 -84.007742
43.132069
0 -84.038391
43.131837
0 -84.042695
43.131791
0 -84.045671
43.131759
0 -84.050388
43.131709
0 -84.15364
43.128996
0 -84.162934
43.128757
0 -84.168443
43.128631
0 -84.207452
43.128671
0 -84.216582
43.128674
0 -84.256083
43.128833
0 -84.285381
43.128923
0 -84.305231
43.128845
0 -84.316699
43.128818
0 -84.319946
43.128811
0 -84.367891
43.128452
0 