-94.629489
44.716663
0 -94.629185
44.629297
0 -94.629285
44.542332
0 -94.624343
44.542314
0 -94.624351
44.529481
0 -94.624226
44.528974
0 -94.6242
44.45603
0 -94.57297
44.45589
0 -94.55727
44.45611
0 -94.55278
44.45588
0 -94.54797
44.45611
0 -94.50226
44.45642
0 -94.496765
44.456391
0 -94.492208
44.456364
0 -94.432
44.45639
0 -94.401748
44.45651
0 -94.383197
44.456639
0 -94.374
44.45662
0 -94.37158
44.4563
0 -94.3698
44.45663
0 -94.281978
44.456655
0 -94.271029
44.45664
0 -94.25071
44.4566
0 -94.172148
44.456946
0 -94.14981
44.45647
0 -94.129684
44.456799
0 -94.12034
44.45685
0 -94.11933
44.456875
0 -94.10472
44.456817
0 -94.089998
44.45677
0 -94.07994
44.456738
0 -94.009512
44.456516
0 -93.92955
44.45664
0 -93.928422
44.458198
0 -93.923538
44.458529
0 -93.922448
44.460801
0 -93.92368
44.463025
0 -93.921862
44.461733
0 -93.917511
44.461795
0 -93.916802
44.463163
0 -93.919746
44.466214
0 -93.922693
44.467585
0 -93.928253
44.468152
0 -93.923471
44.472833
0 -93.921645
44.474109
0 -93.920222
44.474076
0 -93.913196
44.471178
0 -93.909282
44.471521
0 -93.907497
44.472847
0 -93.905065
44.479232
0 -93.904347
44.482205
0 -93.904204
44.483269
0 -93.90407
44.487041
0 -93.90317
44.488198
0 -93.901192
44.489086
0 -93.895655
44.490974
0 -93.894947
44.492847
0 -93.893945
44.49461
0 -93.891444
44.495596
0 -93.890066
44.497361
0 -93.89014
44.499964
0 -93.892201
44.501744
0 -93.895334
44.502084
0 -93.895147
44.502902
0 -93.893044
44.503526
0 -93.88812
44.503931
0 -93.887388
44.50461
0 -93.887312
44.508112
0 -93.887877
44.511247
0 -93.887511
44.515062
0 -93.885568
44.517457
0 -93.885426
44.518929
0 -93.886602
44.523037
0 -93.888217
44.526512
0 -93.890155
44.526724
0 -93.892605
44.526147
0 -93.895203
44.526407
0 -93.897877
44.528317
0 -93.900443
44.529263
0 -93.901503
44.529969
0 -93.901793
44.531434
0 -93.900522
44.534323
0 -93.902443
44.537863
0 -93.904443
44.538563
0 -93.908543
44.537763
0 -93.91058
44.537448
0 -93.911844
44.537663
0 -93.912222
44.538055
0 -93.910405
44.543163
0 -93.911401
44.545644
0 -93.91024
44.548005
0 -93.906737
44.551088
0 -93.902861
44.552331
0 -93.900374
44.552018
0 -93.898619
44.550035
0 -93.898558
44.54841
0 -93.899487
44.545474
0 -93.898617
44.54469
0 -93.896665
44.544695
0 -93.892598
44.545626
0 -93.891649
44.546191
0 -93.891097
44.548875
0 -93.891677
44.552217
0 -93.893508
44.553682
0 -93.895613
44.554368
0 -93.899489
44.554475
0 -93.900298
44.555413
0 -93.899123
44.559594
0 -93.897872
44.562051
0 -93.894728
44.564454
0 -93.891356
44.565652
0 -93.891066
44.566591
0 -93.892882
44.568628
0 -93.895659
44.569627
0 -93.897719
44.569207
0 -93.90042
44.569421
0 -93.901213
44.570153
0 -93.901076
44.571931
0 -93.900226
44.572686
0 -93.895125
44.574542
0 -93.894291
44.577901
0 -93.895644
44.580079
0 -93.894988
44.58143
0 -93.892791
44.583627
0 -93.892714
44.584985
0 -93.895702
44.586979
0 -93.897689
44.587289
0 -93.900348
44.58558
0 -93.901888
44.585551
0 -93.902828
44.587065
0 -93.900947
44.588615
0 -93.897346
44.589269
0 -93.894737
44.592025
0 -93.891755
44.594378
0 -93.891461
44.595979
0 -93.889664
44.5967
0 -93.887495
44.595437
0 -93.884657
44.595063
0 -93.882384
44.596215
0 -93.881789
44.597993
0 -93.882308
44.600343
0 -93.880767
44.600915
0 -93.877181
44.600282
0 -93.876235
44.601381
0 -93.876586
44.603051
0 -93.878127
44.604356
0 -93.877898
44.605722
0 -93.875243
44.606663
0 -93.872634
44.606218
0 -93.87268
44.604501
0 -93.871443
44.602863
0 -93.868921
44.602443
0 -93.865025
44.604285
0 -93.861318
44.605418
0 -93.860515
44.606198
0 -93.860019
44.609196
0 -93.857263
44.611614
0 -93.856477
44.613281
0 -93.854055
44.617139
0 -93.853884
44.618241
0 -93.855173
44.61921
0 -93.858358
44.61977
0 -93.858449
44.620754
0 -93.857678
44.621095
0 -93.850491
44.622006
0 -93.848508
44.621793
0 -93.842983
44.617614
0 -93.841249
44.618565
0 -93.842467
44.620538
0 -93.845366
44.6224
0 -93.846043
44.624963
0 -93.844443
44.625663
0 -93.84091
44.624452
0 -93.839206
44.622319
0 -93.838224
44.619409
0 -93.836536
44.618479
0 -93.83203
44.621659
0 -93.817995
44.629019
0 -93.815516
44.632985
0 -93.814666
44.633316
0 -93.808456
44.633292
0 -93.80312
44.634638
0 -93.799011
44.63491
0 -93.794619
44.633765
0 -93.792943
44.632395
0 -93.792436
44.630118
0 -93.790874
44.628589
0 -93.787925
44.630329
0 -93.782731
44.631552
0 -93.778728
44.633867
0 -93.77653
44.636613
0 -93.77415
44.637826
0 -93.77238
44.636422
0 -93.772105
44.634439
0 -93.773523
44.630849
0 -93.772456
44.630288
0 -93.768691
44.631452
0 -93.765734
44.633218
0 -93.763662
44.634146
0 -93.766793
44.638274
0 -93.771822
44.638357
0 -93.772344
44.639334
0 -93.768039
44.640303
0 -93.768039
44.642824
0 -93.768176
44.67352
0 -93.84961
44.673704
0 -93.860229
44.673596
0 -93.879653
44.67347
0 -93.888831
44.673409
0 -93.88878
44.680421
0 -93.888636
44.717044
0 -93.97027
44.717368
0 -94.010494
44.717464
0 -94.070596
44.717389
0 -94.13198
44.717378
0 -94.132425
44.717554
0 -94.152642
44.717583
0 -94.220821
44.717946
0 -94.227992
44.717803
0 -94.236817
44.717923
0 -94.254076
44.717855
0 -94.25467
44.651963
0 -94.254755
44.643793
0 -94.254469
44.641388
0 -94.254719
44.630311
0 -94.27514
44.630442
0 -94.285167
44.630498
0 -94.336007
44.630712
0 -94.376106
44.630451
0 -94.497835
44.629921
0 -94.497832
44.644451
0 -94.49772
44.673464
0 -94.498074
44.717171
0 -94.500265
44.717095
0 -94.629489
44.716663
0 