-108.000602
33.478014
0 -108.000597
33.201563
0 -107.875618
33.202601
0 -107.866613
33.20205
0 -107.863732
33.198864
0 -107.861633
33.198729
0 -107.858292
33.200879
0 -107.857209
33.197069
0 -107.858954
33.195104
0 -107.860422
33.191891
0 -107.860502
33.190658
0 -107.861704
33.189751
0 -107.861173
33.187669
0 -107.857717
33.190851
0 -107.855359
33.191057
0 -107.854411
33.189531
0 -107.851891
33.190119
0 -107.849489
33.188805
0 -107.848511
33.185364
0 -107.844724
33.184213
0 -107.842067
33.185397
0 -107.840655
33.183104
0 -107.83965
33.182769
0 -107.842393
33.180841
0 -107.841577
33.179986
0 -107.841904
33.178395
0 -107.839536
33.177166
0 -107.841032
33.175857
0 -107.841226
33.173921
0 -107.84268
33.172444
0 -107.846949
33.17138
0 -107.850145
33.173057
0 -107.853178
33.170931
0 -107.854059
33.167776
0 -107.856292
33.165318
0 -107.857621
33.165036
0 -107.856196
33.163212
0 -107.856652
33.161458
0 -107.855884
33.158768
0 -107.853917
33.157421
0 -107.854756
33.154075
0 -107.854447
33.153059
0 -107.856243
33.149862
0 -107.85494
33.147537
0 -107.852944
33.145322
0 -107.854021
33.142356
0 -107.852148
33.139286
0 -107.852566
33.1342
0 -107.850147
33.133916
0 -107.846836
33.132596
0 -107.845588
33.130946
0 -107.846526
33.129849
0 -107.847045
33.127522
0 -107.849031
33.12556
0 -107.84837
33.124663
0 -107.849653
33.123773
0 -107.850643
33.119715
0 -107.848375
33.116957
0 -107.849219
33.116128
0 -107.848989
33.113721
0 -107.84778
33.111918
0 -107.847035
33.1086
0 -107.848026
33.108052
0 -107.847319
33.106567
0 -107.846356
33.104818
0 -107.846144
33.102227
0 -107.844727
33.100822
0 -107.844768
33.09986
0 -107.84297
33.098529
0 -107.842127
33.095818
0 -107.8434
33.091348
0 -107.844772
33.090757
0 -107.844944
33.088434
0 -107.845804
33.086036
0 -107.845397
33.084066
0 -107.844013
33.083033
0 -107.840635
33.082473
0 -107.838449
33.080232
0 -107.836509
33.080267
0 -107.834323
33.078075
0 -107.833403
33.074039
0 -107.834479
33.071122
0 -107.836102
33.069761
0 -107.836192
33.067763
0 -107.839473
33.065875
0 -107.840484
33.06329
0 -107.841868
33.061939
0 -107.844363
33.060977
0 -107.844774
33.05859
0 -107.847581
33.057149
0 -107.850179
33.0571
0 -107.851489
33.056193
0 -107.849834
33.052251
0 -107.851882
33.049142
0 -107.850469
33.044381
0 -107.852638
33.043348
0 -107.855199
33.041117
0 -107.856815
33.036636
0 -107.854245
33.034106
0 -107.852048
33.030434
0 -107.84952
33.028348
0 -107.848181
33.026351
0 -107.848511
33.024779
0 -107.847882
33.021557
0 -107.848268
33.018616
0 -107.846043
33.016188
0 -107.846405
33.012386
0 -107.847605
33.010866
0 -107.847472
33.008772
0 -107.848858
33.006332
0 -107.850138
33.006987
0 -107.85202
33.006497
0 -107.854566
33.006894
0 -107.856672
33.002539
0 -107.853412
33.000073
0 -107.853163
32.998537
0 -107.851102
32.996031
0 -107.847326
32.993993
0 -107.845146
32.991286
0 -107.84297
32.987678
0 -107.84074
32.987578
0 -107.840385
32.986542
0 -107.840481
32.982666
0 -107.839653
32.980928
0 -107.837748
32.979124
0 -107.838908
32.978288
0 -107.838199
32.976384
0 -107.83841
32.973878
0 -107.83395
32.973644
0 -107.831837
32.974311
0 -107.830765
32.973208
0 -107.830813
32.971539
0 -107.829466
32.969835
0 -107.830401
32.965891
0 -107.829772
32.963918
0 -107.82623
32.963383
0 -107.822054
32.962214
0 -107.821184
32.960777
0 -107.815979
32.957935
0 -107.813313
32.957468
0 -107.81108
32.957801
0 -107.808843
32.959271
0 -107.806889
32.959671
0 -107.803864
32.959136
0 -107.802035
32.958333
0 -107.80124
32.957832
0 -107.799144
32.954456
0 -107.794385
32.949643
0 -107.791803
32.948071
0 -107.785021
32.950339
0 -107.782829
32.95064
0 -107.780548
32.952776
0 -107.775968
32.95234
0 -107.774064
32.950567
0 -107.771276
32.942146
0 -107.770366
32.940942
0 -107.772767
32.938606
0 -107.775759
32.937539
0 -107.775022
32.933462
0 -107.775711
32.930822
0 -107.774761
32.929719
0 -107.772535
32.928815
0 -107.769957
32.92644
0 -107.769806
32.924704
0 -107.767312
32.921695
0 -107.766247
32.919689
0 -107.766936
32.917116
0 -107.765114
32.915211
0 -107.766038
32.913474
0 -107.765332
32.911816
0 -107.766172
32.910802
0 -107.767327
32.9103
0 -107.767884
32.908774
0 -107.769927
32.907963
0 -107.771411
32.905592
0 -107.773651
32.903554
0 -107.774583
32.900112
0 -107.778898
32.896876
0 -107.776207
32.893332
0 -107.777294
32.89076
0 -107.775945
32.889991
0 -107.77721
32.883342
0 -107.77584
32.87863
0 -107.775846
32.877293
0 -107.777608
32.875073
0 -107.776089
32.875073
0 -107.774389
32.873874
0 -107.774489
32.872073
0 -107.775589
32.870474
0 -107.773489
32.864573
0 -107.772889
32.860774
0 -107.773289
32.858475
0 -107.772788
32.856975
0 -107.773689
32.855674
0 -107.773088
32.853775
0 -107.771688
32.852975
0 -107.769788
32.850575
0 -107.765788
32.850275
0 -107.763888
32.848875
0 -107.762088
32.848475
0 -107.758988
32.846674
0 -107.757988
32.843975
0 -107.755888
32.840275
0 -107.752987
32.836971
0 -107.752088
32.833875
0 -107.749388
32.830675
0 -107.749188
32.827275
0 -107.744987
32.825075
0 -107.746587
32.821475
0 -107.748587
32.811576
0 -107.748387
32.809176
0 -107.749787
32.806476
0 -107.749787
32.805376
0 -107.746787
32.803476
0 -107.747887
32.800075
0 -107.744987
32.799176
0 -107.744987
32.797976
0 -107.743787
32.794576
0 -107.742687
32.792876
0 -107.742087
32.790276
0 -107.740887
32.788576
0 -107.737987
32.786876
0 -107.736887
32.784376
0 -107.735387
32.783377
0 -107.731087
32.783077
0 -107.727687
32.780977
0 -107.725987
32.780876
0 -107.724987
32.779677
0 -107.721787
32.778776
0 -107.721287
32.774476
0 -107.719386
32.772177
0 -107.718486
32.763976
0 -107.716186
32.762676
0 -107.719586
32.760576
0 -107.719786
32.759577
0 -107.717686
32.755077
0 -107.719886
32.751376
0 -107.721231
32.748281
0 -107.71951
32.74687
0 -107.719727
32.743788
0 -107.721665
32.741949
0 -107.722366
32.73971
0 -107.722858
32.736119
0 -107.721921
32.733043
0 -107.719026
32.728658
0 -107.718336
32.726765
0 -107.715665
32.726036
0 -107.715165
32.722823
0 -107.715276
32.72157
0 -107.718848
32.720126
0 -107.718224
32.716203
0 -107.720438
32.714227
0 -107.719694
32.710136
0 -107.719953
32.707392
0 -107.718908
32.705739
0 -107.718454
32.703473
0 -107.71991
32.701163
0 -107.719567
32.697474
0 -107.722857
32.695864
0 -107.723289
32.694982
0 -107.727446
32.692113
0 -107.727424
32.688999
0 -107.728405
32.687098
0 -107.727536
32.68216
0 -107.728278
32.680225
0 -107.727024
32.677253
0 -107.725424
32.675874
0 -107.724336
32.673782
0 -107.724555
32.671005
0 -107.724093
32.667485
0 -107.725868
32.665343
0 -107.725321
32.661081
0 -107.727102
32.659852
0 -107.728503
32.655442
0 -107.730833
32.653194
0 -107.731563
32.649465
0 -107.729482
32.64748
0 -107.729952
32.646462
0 -107.733741
32.642513
0 -107.7334
32.639265
0 -107.731757
32.637345
0 -107.732056
32.634838
0 -107.734459
32.631506
0 -107.736949
32.629494
0 -107.734441
32.629136
0 -107.732282
32.627353
0 -107.728308
32.627445
0 -107.722523
32.625749
0 -107.716925
32.622555
0 -107.608283
32.605382
0 -107.464845
32.605471
0 -107.299463
32.605534
0 -107.299377
32.779884
0 -107.299379
32.780069
0 -107.299371
32.780603
0 -107.29341
32.78063
0 -107.283606
32.780197
0 -107.273715
32.780147
0 -107.25945
32.780119
0 -106.937878
32.779359
0 -106.887733
32.779311
0 -106.88775
32.78503
0 -106.887859
32.822844
0 -106.751586
32.880375
0 -106.340473
33.052795
0 -106.340571
33.116097
0 -106.340416
33.135961
0 -106.341381
33.136024
0 -106.345629
33.371594
0 -106.345814
33.374924
0 -106.345851
33.390815
0 -106.372235
33.390883
0 -106.373082
33.480116
0 -106.375561
33.479945
0 -106.474142
33.480109
0 -106.474295
33.475786
0 -106.74935
33.475473
0 -106.750429
33.475603
0 -107.119103
33.478692
0 -107.125197
33.477815
0 -107.220408
33.47813
0 -107.245563
33.478114
0 -107.401288
33.477665
0 -107.402607
33.477563
0 -107.404335
33.477615
0 -107.448875
33.476422
0 -107.499605
33.476218
0 -107.500592
33.475865
0 -107.507829
33.475994
0 -107.515506
33.475766
0 -107.712713
33.476892
0 -107.729835
33.476804
0 -107.746466
33.477784
0 -107.762872
33.476837
0 -107.938959
33.474382
0 -107.967777
33.477953
0 -108.000602
33.478014
0 