-113.085474
45.860586
0 -113.084229
45.858968
0 -113.084649
45.855335
0 -113.082638
45.853827
0 -113.073567
45.851013
0 -113.064907
45.85069
0 -113.055854
45.844384
0 -113.052035
45.843694
0 -113.047302
45.83983
0 -113.044864
45.838456
0 -113.040697
45.837258
0 -113.03821
45.832273
0 -113.032197
45.830446
0 -113.024696
45.829739
0 -113.021657
45.828611
0 -113.020644
45.826712
0 -113.021824
45.824341
0 -113.020731
45.822352
0 -113.016113
45.818605
0 -113.009169
45.815893
0 -113.004617
45.815241
0 -113.002041
45.815887
0 -113.00032
45.811209
0 -113.001316
45.809909
0 -113.000827
45.808253
0 -112.997176
45.806568
0 -112.994935
45.80638
0 -112.990871
45.807024
0 -112.988743
45.808615
0 -112.986647
45.807475
0 -112.981336
45.806395
0 -112.977474
45.806463
0 -112.973471
45.805725
0 -112.967971
45.803025
0 -112.96367
45.802525
0 -112.961641
45.803293
0 -112.957475
45.802001
0 -112.951467
45.801637
0 -112.947466
45.80067
0 -112.946261
45.799249
0 -112.94483
45.799025
0 -112.942381
45.799481
0 -112.940072
45.800956
0 -112.93556
45.802364
0 -112.931134
45.802481
0 -112.927058
45.801387
0 -112.923998
45.798779
0 -112.920139
45.79692
0 -112.917869
45.795325
0 -112.918187
45.788786
0 -112.91627
45.786627
0 -112.911541
45.784039
0 -112.908435
45.783136
0 -112.907027
45.782088
0 -112.902475
45.780303
0 -112.900814
45.78026
0 -112.897571
45.781586
0 -112.896753
45.782732
0 -112.896812
45.785412
0 -112.89214
45.788586
0 -112.889743
45.789454
0 -112.884734
45.789258
0 -112.87842
45.785763
0 -112.877103
45.785716
0 -112.876057
45.784203
0 -112.874086
45.783026
0 -112.870933
45.779483
0 -112.86708
45.77744
0 -112.864368
45.777562
0 -112.85853
45.778911
0 -112.85656
45.779684
0 -112.85191
45.779454
0 -112.847238
45.778535
0 -112.846691
45.777791
0 -112.843148
45.778178
0 -112.83868
45.778652
0 -112.83307
45.777483
0 -112.828497
45.775892
0 -112.821573
45.7744
0 -112.818585
45.771901
0 -112.816723
45.769437
0 -112.81706
45.768567
0 -112.81025
45.76446
0 -112.80901
45.76253
0 -112.803326
45.761414
0 -112.800962
45.759345
0 -112.799207
45.75876
0 -112.795326
45.760236
0 -112.792549
45.762537
0 -112.787986
45.763612
0 -112.784782
45.763479
0 -112.78357
45.762672
0 -112.780579
45.755554
0 -112.779933
45.754919
0 -112.778416
45.754379
0 -112.773137
45.753974
0 -112.768279
45.751065
0 -112.764783
45.750609
0 -112.759339
45.748209
0 -112.75717
45.745944
0 -112.756309
45.740229
0 -112.758746
45.736506
0 -112.758271
45.734084
0 -112.757088
45.733517
0 -112.75417
45.733733
0 -112.751304
45.733055
0 -112.748861
45.731335
0 -112.74765
45.728601
0 -112.748381
45.726214
0 -112.747148
45.723197
0 -112.747184
45.721749
0 -112.74776
45.721764
0 -112.748767
45.71877
0 -112.751382
45.717495
0 -112.753096
45.713849
0 -112.753649
45.71146
0 -112.750411
45.709028
0 -112.749124
45.707076
0 -112.746473
45.705434
0 -112.742806
45.704436
0 -112.73943
45.705068
0 -112.736285
45.704386
0 -112.735812
45.701151
0 -112.736659
45.700106
0 -112.741271
45.697189
0 -112.745621
45.699785
0 -112.74811
45.699033
0 -112.748447
45.69755
0 -112.747387
45.695755
0 -112.745872
45.694891
0 -112.740877
45.693518
0 -112.736838
45.688828
0 -112.73543
45.685505
0 -112.72974
45.683311
0 -112.726199
45.682454
0 -112.725293
45.681489
0 -112.725401
45.677608
0 -112.724579
45.675809
0 -112.722765
45.675585
0 -112.719124
45.677493
0 -112.717609
45.677641
0 -112.712666
45.675701
0 -112.708679
45.675491
0 -112.705227
45.677411
0 -112.703264
45.677471
0 -112.701192
45.67654
0 -112.699346
45.673305
0 -112.697544
45.668558
0 -112.698614
45.665924
0 -112.698403
45.66442
0 -112.696272
45.661224
0 -112.695778
45.659122
0 -112.69338
45.658362
0 -112.692293
45.655676
0 -112.693449
45.654101
0 -112.695642
45.653617
0 -112.697676
45.654294
0 -112.702214
45.652069
0 -112.703733
45.650687
0 -112.70307
45.648068
0 -112.700284
45.646493
0 -112.699734
45.645438
0 -112.702331
45.643176
0 -112.702084
45.640008
0 -112.699792
45.63861
0 -112.700975
45.635629
0 -112.697786
45.633632
0 -112.695797
45.630934
0 -112.693666
45.631142
0 -112.692198
45.629767
0 -112.689757
45.62939
0 -112.688168
45.628435
0 -112.687266
45.626903
0 -112.687054
45.624854
0 -112.685716
45.625124
0 -112.682239
45.629652
0 -112.679499
45.631054
0 -112.676439
45.63164
0 -112.675297
45.631002
0 -112.672327
45.631003
0 -112.664713
45.63256
0 -112.662324
45.632464
0 -112.659006
45.634207
0 -112.655824
45.636305
0 -112.654397
45.63808
0 -112.652055
45.63872
0 -112.650064
45.640188
0 -112.645402
45.641944
0 -112.643998
45.643161
0 -112.642761
45.643198
0 -112.639619
45.645293
0 -112.637635
45.645541
0 -112.635056
45.647742
0 -112.632622
45.647692
0 -112.630592
45.648868
0 -112.625083
45.650721
0 -112.620651
45.652946
0 -112.616073
45.655733
0 -112.60913
45.658805
0 -112.60559
45.659411
0 -112.604056
45.66054
0 -112.60066
45.661264
0 -112.596205
45.664188
0 -112.595816
45.665523
0 -112.593275
45.666994
0 -112.590925
45.668994
0 -112.588475
45.672418
0 -112.584363
45.674273
0 -112.582395
45.67591
0 -112.580403
45.67642
0 -112.577565
45.678144
0 -112.571524
45.679115
0 -112.570081
45.67988
0 -112.566655
45.680297
0 -112.565098
45.681118
0 -112.563198
45.681055
0 -112.556714
45.682734
0 -112.554737
45.682418
0 -112.550404
45.684123
0 -112.549953
45.684158
0 -112.547206
45.687107
0 -112.547297
45.688101
0 -112.544788
45.69062
0 -112.544299
45.692687
0 -112.539318
45.696697
0 -112.537646
45.696604
0 -112.53326
45.698351
0 -112.531673
45.70085
0 -112.529162
45.702894
0 -112.525912
45.704882
0 -112.523792
45.70795
0 -112.524867
45.710434
0 -112.525661
45.714026
0 -112.525095
45.717661
0 -112.526074
45.720084
0 -112.525577
45.724548
0 -112.525706
45.727652
0 -112.523998
45.731098
0 -112.522068
45.73278
0 -112.521907
45.733894
0 -112.519108
45.73928
0 -112.517047
45.741152
0 -112.516429
45.744299
0 -112.515453
45.746702
0 -112.512569
45.749928
0 -112.508762
45.751753
0 -112.50809
45.753184
0 -112.503581
45.756442
0 -112.502383
45.756937
0 -112.498432
45.759765
0 -112.495058
45.760127
0 -112.490496
45.759804
0 -112.485339
45.759026
0 -112.484378
45.758457
0 -112.472297
45.749926
0 -112.461346
45.742826
0 -112.378263
45.744621
0 -112.25083
45.747212
0 -112.249199
45.7474
0 -112.202351
45.748181
0 -112.190926
45.748591
0 -112.190269
45.748503
0 -112.190529
45.749926
0 -112.193929
45.751226
0 -112.197929
45.754526
0 -112.19993
45.755826
0 -112.20403
45.757426
0 -112.210331
45.761722
0 -112.213256
45.764978
0 -112.214769
45.76561
0 -112.223266
45.765114
0 -112.224952
45.765459
0 -112.230488
45.767256
0 -112.231853
45.768737
0 -112.233648
45.769022
0 -112.235296
45.770387
0 -112.238126
45.770956
0 -112.241577
45.772206
0 -112.246595
45.772291
0 -112.24915
45.771708
0 -112.249917
45.770907
0 -112.253419
45.770266
0 -112.255189
45.77122
0 -112.260004
45.774432
0 -112.261957
45.775252
0 -112.263315
45.777541
0 -112.263407
45.779929
0 -112.265497
45.781428
0 -112.265711
45.783393
0 -112.26684
45.786311
0 -112.269023
45.787627
0 -112.269747
45.788832
0 -112.273944
45.791232
0 -112.275981
45.791282
0 -112.280033
45.790492
0 -112.283252
45.790698
0 -112.284138
45.791671
0 -112.290135
45.795156
0 -112.328193
45.807706
0 -112.332581
45.809153
0 -112.385714
45.826652
0 -112.399399
45.831089
0 -112.404043
45.8329
0 -112.407423
45.83504
0 -112.409384
45.835349
0 -112.415526
45.837184
0 -112.420333
45.841128
0 -112.423514
45.842646
0 -112.42633
45.843551
0 -112.42823
45.84732
0 -112.427993
45.85047
0 -112.429807
45.852883
0 -112.430557
45.854068
0 -112.428894
45.856257
0 -112.42884
45.857188
0 -112.425064
45.85908
0 -112.424774
45.861289
0 -112.4253
45.863616
0 -112.424667
45.864745
0 -112.422134
45.866248
0 -112.420219
45.866599
0 -112.417113
45.868719
0 -112.416871
45.869872
0 -112.417825
45.871071
0 -112.415782
45.873005
0 -112.412934
45.873683
0 -112.410945
45.875126
0 -112.410545
45.877826
0 -112.409345
45.879726
0 -112.410945
45.883626
0 -112.407145
45.885326
0 -112.404045
45.887326
0 -112.406045
45.890226
0 -112.405945
45.892226
0 -112.409646
45.899726
0 -112.408746
45.901626
0 -112.409646
45.902226
0 -112.415446
45.904126
0 -112.414846
45.905826
0 -112.415446
45.908726
0 -112.419146
45.909426
0 -112.420947
45.910626
0 -112.421147
45.912126
0 -112.419047
45.914426
0 -112.418347
45.916026
0 -112.419375
45.917812
0 -112.417547
45.918926
0 -112.416373
45.921436
0 -112.416147
45.922326
0 -112.418347
45.924726
0 -112.423847
45.926626
0 -112.424347
45.927726
0 -112.426447
45.928626
0 -112.431148
45.929526
0 -112.432748
45.933426
0 -112.433648
45.937426
0 -112.436148
45.939526
0 -112.435648
45.940726
0 -112.430148
45.944926
0 -112.433248
45.950726
0 -112.433348
45.952126
0 -112.431948
45.954726
0 -112.432148
45.957626
0 -112.429948
45.958226
0 -112.430051
45.959981
0 -112.433948
45.961326
0 -112.433948
45.962526
0 -112.435949
45.964126
0 -112.435549
45.965826
0 -112.438049
45.967726
0 -112.437849
45.970026
0 -112.438749
45.972826
0 -112.438549
45.974726
0 -112.440549
45.979226
0 -112.441049
45.983426
0 -112.440749
45.985326
0 -112.44275
45.989126
0 -112.44255
45.992626
0 -112.44365
45.993626
0 -112.44395
45.996326
0 -112.44535
45.998026
0 -112.444158
46.000396
0 -112.444865
46.002205
0 -112.444399
46.005093
0 -112.441229
46.010374
0 -112.43947
46.012066
0 -112.437706
46.012421
0 -112.435868
46.014455
0 -112.439603
46.017308
0 -112.438887
46.018695
0 -112.439655
46.021715
0 -112.442338
46.02323
0 -112.443458
46.024721
0 -112.442374
46.02816
0 -112.442423
46.030081
0 -112.444126
46.030876
0 -112.445629
46.033219
0 -112.447809
46.0338
0 -112.452738
46.033825
0 -112.459501
46.036607
0 -112.459667
46.036724
0 -112.461323
46.038007
0 -112.462335
46.039959
0 -112.464136
46.039854
0 -112.465185
46.040907
0 -112.469457
46.041044
0 -112.472627
46.040421
0 -112.474113
46.042075
0 -112.472177
46.045086
0 -112.472892
46.048294
0 -112.477122
46.051336
0 -112.476041
46.05371
0 -112.471737
46.055871
0 -112.470758
46.057513
0 -112.470434
46.060065
0 -112.471001
46.06104
0 -112.468681
46.06205
0 -112.468098
46.065065
0 -112.465161
46.068902
0 -112.464922
46.071307
0 -112.462837
46.072063
0 -112.461876
46.073286
0 -112.461598
46.075316
0 -112.465111
46.077405
0 -112.465276
46.079116
0 -112.466978
46.080913
0 -112.468442
46.080541
0 -112.470818
46.081662
0 -112.471081
46.082536
0 -112.469097
46.083729
0 -112.467947
46.086939
0 -112.468888
46.088411
0 -112.467272
46.089914
0 -112.46611
46.092622
0 -112.470418
46.096311
0 -112.470505
46.097354
0 -112.472541
46.099273
0 -112.474491
46.09902
0 -112.478228
46.100354
0 -112.482133
46.101268
0 -112.483404
46.102653
0 -112.486158
46.103246
0 -112.48752
46.10699
0 -112.488707
46.107498
0 -112.493433
46.107483
0 -112.495349
46.109382
0 -112.49503
46.110952
0 -112.496496
46.111749
0 -112.501731
46.112869
0 -112.503511
46.114332
0 -112.503949
46.116254
0 -112.502022
46.120915
0 -112.503104
46.122136
0 -112.505333
46.122271
0 -112.508771
46.12394
0 -112.514132
46.124927
0 -112.513118
46.126378
0 -112.51307
46.128316
0 -112.514409
46.129769
0 -112.516935
46.133396
0 -112.51964
46.134666
0 -112.520365
46.135602
0 -112.520317
46.136671
0 -112.517904
46.141384
0 -112.515923
46.143523
0 -112.515683
46.146298
0 -112.513655
46.148871
0 -112.5138
46.152214
0 -112.512496
46.154019
0 -112.512256
46.158029
0 -112.512595
46.159233
0 -112.51419
46.1596
0 -112.514528
46.161338
0 -112.51593
46.162641
0 -112.516752
46.165883
0 -112.515448
46.167588
0 -112.514675
46.169727
0 -112.512888
46.171265
0 -112.511825
46.174106
0 -112.510521
46.17541
0 -112.504818
46.183767
0 -112.505301
46.184368
0 -112.508637
46.183599
0 -112.510619
46.183766
0 -112.513326
46.184702
0 -112.524444
46.185401
0 -112.526861
46.184632
0 -112.528794
46.183328
0 -112.531836
46.179383
0 -112.538891
46.176607
0 -112.539808
46.174869
0 -112.544157
46.175202
0 -112.549234
46.176871
0 -112.552233
46.179577
0 -112.553489
46.179476
0 -112.554116
46.177871
0 -112.555854
46.175932
0 -112.558705
46.175496
0 -112.56088
46.176063
0 -112.567599
46.176494
0 -112.570693
46.17696
0 -112.573546
46.178195
0 -112.57685
46.178859
0 -112.582629
46.175715
0 -112.586547
46.174845
0 -112.590743
46.17211
0 -112.594057
46.171019
0 -112.594932
46.167447
0 -112.5945
46.165848
0 -112.596565
46.165594
0 -112.600202
46.165842
0 -112.602091
46.169182
0 -112.605237
46.170716
0 -112.606926
46.169444
0 -112.609246
46.169777
0 -112.611369
46.168239
0 -112.613927
46.167333
0 -112.614553
46.165596
0 -112.617262
46.167965
0 -112.617894
46.169669
0 -112.621133
46.170602
0 -112.62177
46.173576
0 -112.625557
46.173438
0 -112.626807
46.172728
0 -112.631343
46.174452
0 -112.637319
46.174061
0 -112.640457
46.17512
0 -112.641467
46.17458
0 -112.641076
46.172607
0 -112.643864
46.170321
0 -112.644867
46.167639
0 -112.648234
46.165451
0 -112.649236
46.162368
0 -112.657969
46.151389
0 -112.66206
46.150101
0 -112.666241
46.146871
0 -112.668882
46.14435
0 -112.673408
46.143562
0 -112.674895
46.141916
0 -112.677014
46.141639
0 -112.67937
46.140424
0 -112.680989
46.135598
0 -112.685968
46.13562
0 -112.749076
46.135813
0 -112.750869
46.135639
0 -112.777685
46.135807
0 -112.777236
46.067643
0 -112.777234
46.06725
0 -112.777175
46.058561
0 -112.777105
46.048363
0 -112.851987
46.048448
0 -112.853102
46.044926
0 -112.85497
46.04411
0 -112.856292
46.041926
0 -112.856974
46.038474
0 -112.857928
46.037698
0 -112.864882
46.035542
0 -112.864485
46.034541
0 -112.866443
46.033255
0 -112.866145
46.032488
0 -112.868616
46.029827
0 -112.869309
46.027345
0 -112.867872
46.023875
0 -112.868464
46.021059
0 -112.868284
46.018115
0 -112.870287
46.016596
0 -112.869878
46.014557
0 -112.867186
46.01076
0 -112.869579
46.009673
0 -112.870184
46.007962
0 -112.875871
46.003537
0 -112.875871
46.004445
0 -112.878509
46.001949
0 -112.877471
45.999525
0 -112.881071
45.999425
0 -112.884171
45.998125
0 -112.885871
45.999625
0 -112.891378
46.001682
0 -112.894547
46.000371
0 -112.897615
46.000392
0 -112.900572
45.999425
0 -112.910004
46.000662
0 -112.915349
46.002698
0 -112.918515
46.00436
0 -112.921189
46.00388
0 -112.922883
46.004802
0 -112.922948
46.003831
0 -112.924899
46.000698
0 -112.927273
45.998024
0 -112.928073
45.997324
0 -112.931073
45.996424
0 -112.932873
45.994824
0 -112.938373
45.993224
0 -112.939573
45.990224
0 -112.941673
45.986924
0 -112.940573
45.984924
0 -112.937073
45.982024
0 -112.936673
45.981224
0 -112.938074
45.977225
0 -112.937674
45.974925
0 -112.935874
45.972424
0 -112.935874
45.971124
0 -112.938074
45.968425
0 -112.934374
45.965624
0 -112.931673
45.962324
0 -112.931273
45.959724
0 -112.931573
45.956725
0 -112.932473
45.954225
0 -112.932172
45.952425
0 -112.929172
45.948625
0 -112.928672
45.945725
0 -112.925372
45.942924
0 -112.925372
45.938925
0 -112.923972
45.936824
0 -112.92364
45.935062
0 -112.924172
45.934225
0 -112.926672
45.933025
0 -112.928472
45.930325
0 -112.928072
45.927725
0 -112.929672
45.926525
0 -112.931972
45.925825
0 -112.938672
45.924925
0 -112.942172
45.924025
0 -112.943972
45.925025
0 -112.946872
45.925325
0 -112.950372
45.924225
0 -112.952973
45.924125
0 -112.960073
45.922625
0 -112.960973
45.921325
0 -112.965173
45.918825
0 -112.966373
45.917125
0 -112.966773
45.915025
0 -112.969073
45.913825
0 -112.967173
45.912225
0 -112.968273
45.909725
0 -112.965373
45.905525
0 -112.968473
45.902925
0 -112.971573
45.903125
0 -112.975173
45.900725
0 -112.979573
45.898925
0 -112.981373
45.897725
0 -112.982573
45.894125
0 -112.986473
45.891825
0 -112.989773
45.890925
0 -112.995774
45.891925
0 -112.997774
45.891225
0 -113.000874
45.889243
0 -113.008392
45.886904
0 -113.01319
45.884361
0 -113.014266
45.881844
0 -113.019248
45.878674
0 -113.020499
45.876601
0 -113.020739
45.874925
0 -113.022968
45.873003
0 -113.026979
45.871924
0 -113.032308
45.871666
0 -113.039891
45.870271
0 -113.044405
45.870681
0 -113.05266
45.868582
0 -113.058131
45.867786
0 -113.061827
45.867691
0 -113.065474
45.866691
0 -113.073634
45.865798
0 -113.083062
45.86138
0 -113.085474
45.860586
0 