-96.571194
43.238961
0 -96.5691860663242
43.2334300350552
0 -96.568505
43.231554
0 -96.56044
43.224219
0 -96.558995
43.224126
0 -96.557317
43.224778
0 -96.556313
43.226135
0 -96.554937
43.226775
0 -96.548184
43.226912
0 -96.544902
43.225928
0 -96.540088
43.225698
0 -96.535741
43.22764
0 -96.526865
43.224071
0 -96.522084
43.22096
0 -96.520961
43.21824
0 -96.519273
43.21769
0 -96.512458
43.218556
0 -96.500759
43.220767
0 -96.496454
43.223652
0 -96.4915252904012
43.2238858824662
0 -96.485264
43.224183
0 -96.4850244661839
43.2241223546344
0 -96.476697
43.222014
0 -96.475571
43.221054
0 -96.474912
43.217351
0 -96.472158
43.209534
0 -96.470626
43.207225
0 -96.470781
43.205099
0 -96.473777
43.198766
0 -96.473834
43.189804
0 -96.472395
43.185644
0 -96.469420228108
43.1847175402875
0 -96.468802
43.184525
0 -96.467146
43.184502
0 -96.465146
43.182971
0 -96.464896
43.182034
0 -96.4663961109041
43.1707844203988
0 -96.4664015448039
43.1707436706856
0 -96.467292
43.164066
0 -96.4673266938655
43.1623848559524
0 -96.467384
43.159608
0 -96.466537
43.150281
0 -96.465099
43.147515
0 -96.459978
43.143516
0 -96.458854
43.143356
0 -96.455544
43.144157
0 -96.450361
43.142237
0 -96.443431
43.133825
0 -96.442711
43.128841
0 -96.441644
43.124687
0 -96.440801
43.123129
0 -96.439615
43.121963
0 -96.436589
43.120842
0 -96.439335
43.113916
0 -96.448134
43.104452
0 -96.451877
43.100474
0 -96.460516
43.09494
0 -96.462855
43.091419
0 -96.462636
43.089614
0 -96.455337
43.088129
0 -96.454526
43.086826
0 -96.454088
43.084197
0 -96.4541258653253
43.0838881324398
0 -96.4541882587125
43.083379189414
0 -96.455209
43.075053
0 -96.458201
43.067554
0 -96.46085
43.064033
0 -96.463094
43.062981
0 -96.468207
43.06186
0 -96.469953
43.062088
0 -96.473165
43.06355
0 -96.476905
43.062383
0 -96.486722
43.055498
0 -96.488155
43.054013
0 -96.488839
43.051475
0 -96.4892773096238
43.0512779617287
0 -96.490365
43.050789
0 -96.501748
43.048632
0 -96.505239
43.048726
0 -96.508916
43.049985
0 -96.510256
43.049917
0 -96.518431
43.042068
0 -96.517319
43.040247
0 -96.515752
43.039388
0 -96.513873
43.039814
0 -96.511605
43.039927
0 -96.509145
43.037297
0 -96.509146
43.03668
0 -96.510802
43.031902
0 -96.512916
43.029962
0 -96.513085
43.028437
0 -96.511804
43.025799
0 -96.510995
43.024701
0 -96.503209
43.019805
0 -96.499187
43.019213
0 -96.4988153587281
43.0188498493797
0 -96.494416
43.014551
0 -96.49167
43.009707
0 -96.492693
43.005089
0 -96.494341
43.001819
0 -96.496699
42.998807
0 -96.49782
42.998143
0 -96.4984206806301
42.9980111880524
0 -96.5000559751154
42.9976523428689
0 -96.502728
42.997066
0 -96.507337
42.996519
0 -96.509986
42.995126
0 -96.512886
42.991424
0 -96.512203
42.988818
0 -96.512237
42.985937
0 -96.5165156447979
42.9816659837197
0 -96.516724
42.981458
0 -96.520773
42.980385
0 -96.520246
42.977643
0 -96.515922
42.972886
0 -96.510693
42.97126
0 -96.506148
42.971348
0 -96.505028
42.970844
0 -96.503132
42.968192
0 -96.500308
42.959391
0 -96.504857
42.954659
0 -96.508069
42.948534
0 -96.509472
42.945151
0 -96.510749
42.944397
0 -96.514888
42.943668
0 -96.519994
42.93976
0 -96.52012
42.938183
0 -96.516419
42.935438
0 -96.516203
42.933769
0 -96.516888
42.932512
0 -96.518258
42.931849
0 -96.519378
42.931987
0 -96.520559
42.932765
0 -96.52118
42.934846
0 -96.523513
42.935784
0 -96.525536
42.935511
0 -96.541098
42.924496
0 -96.541689
42.922576
0 -96.541628
42.920678
0 -96.540229
42.918666
0 -96.537837
42.910709
0 -96.537414960676
42.9090337724242
0 -96.537353873885
42.9087912967329
0 -96.519373
42.909131
0 -96.509695
42.909036
0 -96.47011
42.909243
0 -96.450376
42.909392
0 -96.381721
42.909295
0 -96.331924
42.909381
0 -96.253277
42.909406
0 -96.233533
42.909347
0 -96.213765
42.909396
0 -96.19494
42.909338
0 -96.095842
42.910004
0 -96.078838
42.909906
0 -96.076003
42.910003
0 -96.016781
42.910146
0 -95.997059
42.910152
0 -95.97737
42.909772
0 -95.898803
42.909416
0 -95.859377
42.909097
0 -95.859777
42.982093
0 -95.859951
42.996661
0 -95.86011
43.025749
0 -95.860171
43.040238
0 -95.86029
43.083699
0 -95.860579
43.098204
0 -95.861039
43.127286
0 -95.861162
43.14185
0 -95.861398
43.160239
0 -95.861961
43.165345
0 -95.861564
43.171322
0 -95.861995
43.185412
0 -95.862118
43.1858
0 -95.86215
43.189517
0 -95.862272
43.214859
0 -95.861914
43.257566
0 -95.875287
43.257709
0 -95.878002
43.257622
0 -95.881912
43.257912
0 -95.882546
43.257798
0 -95.886138
43.257588
0 -95.889154
43.257847
0 -95.971069
43.257754
0 -95.980326
43.257832
0 -96.020094
43.258426
0 -96.039157
43.258891
0 -96.049232
43.258569
0 -96.059402
43.258324
0 -96.098063
43.257399
0 -96.13817
43.257276
0 -96.167894
43.257356
0 -96.17803
43.25737
0 -96.197998
43.257459
0 -96.216523
43.25746
0 -96.265785
43.25744
0 -96.334119
43.257698
0 -96.354023
43.257853
0 -96.373571
43.258062
0 -96.450478
43.258797
0 -96.470084
43.259031
0 -96.528835
43.259684
0 -96.545263
43.260031
0 -96.545523
43.259963
0 -96.552538
43.26013
0 -96.552718
43.260107
0 -96.554967
43.260151
0 -96.5549681830449
43.2599975664391
0 -96.554965
43.259999
0 -96.553217
43.259141
0 -96.552591
43.257769
0 -96.5522808686691
43.2540916495305
0 -96.55203
43.251117
0 -96.552963
43.247281
0 -96.559186
43.245155
0 -96.565253
43.244241
0 -96.571194
43.238961
0 