-123.718448
41.597965
0 -123.719089
41.595258
0 -123.715675
41.591312
0 -123.712835
41.591993
0 -123.711479
41.593869
0 -123.707202
41.59491
0 -123.706535
41.595691
0 -123.702327
41.595232
0 -123.698866
41.595718
0 -123.699132
41.593244
0 -123.697587
41.590944
0 -123.69493
41.591407
0 -123.686958
41.594811
0 -123.682203
41.594561
0 -123.683437
41.591371
0 -123.681345
41.586741
0 -123.68261
41.586034
0 -123.686833
41.585637
0 -123.688238
41.584791
0 -123.689095
41.582068
0 -123.688578
41.580386
0 -123.685886
41.578364
0 -123.684632
41.574209
0 -123.681527
41.571964
0 -123.683917
41.57008
0 -123.683782
41.568809
0 -123.687588
41.566985
0 -123.687951
41.564487
0 -123.689362
41.562533
0 -123.688647
41.561805
0 -123.690123
41.559775
0 -123.693889
41.556993
0 -123.69399
41.555825
0 -123.692566
41.553049
0 -123.693887
41.551858
0 -123.690246
41.55232
0 -123.689454
41.549513
0 -123.687723
41.548849
0 -123.686293
41.547338
0 -123.685926
41.545604
0 -123.682949
41.543205
0 -123.679349
41.544101
0 -123.675732
41.544038
0 -123.673905
41.543341
0 -123.670034
41.544086
0 -123.668762
41.542139
0 -123.662339
41.540892
0 -123.658362
41.539103
0 -123.655134
41.538615
0 -123.652796
41.539391
0 -123.650727
41.537948
0 -123.648046
41.535024
0 -123.648282
41.53386
0 -123.646752
41.532137
0 -123.646807
41.528888
0 -123.644081
41.523669
0 -123.642741
41.522504
0 -123.645045
41.521005
0 -123.646298
41.514559
0 -123.646132
41.51242
0 -123.644508
41.509627
0 -123.640944
41.507677
0 -123.640986
41.503276
0 -123.63954
41.499953
0 -123.63879
41.496516
0 -123.635751
41.491853
0 -123.636032
41.489051
0 -123.63444
41.485398
0 -123.635403
41.483696
0 -123.637771
41.482382
0 -123.635528
41.481289
0 -123.633877
41.479046
0 -123.630567
41.477123
0 -123.631543
41.474236
0 -123.632408
41.47346
0 -123.630834
41.472757
0 -123.626923
41.468342
0 -123.62617
41.466827
0 -123.62497
41.466732
0 -123.621447
41.463905
0 -123.616908
41.463644
0 -123.615127
41.462537
0 -123.61179
41.462127
0 -123.612098
41.459682
0 -123.613058
41.457148
0 -123.613942
41.456501
0 -123.614878
41.453479
0 -123.615922
41.452961
0 -123.612395
41.448954
0 -123.6153
41.446447
0 -123.615803
41.444791
0 -123.618174
41.44297
0 -123.620186
41.43722
0 -123.622139
41.434634
0 -123.622009
41.432635
0 -123.630089
41.430006
0 -123.633035
41.428308
0 -123.637792
41.428096
0 -123.643728
41.42471
0 -123.64856
41.420823
0 -123.64763
41.419377
0 -123.644811
41.418181
0 -123.642015
41.415658
0 -123.639029
41.410017
0 -123.638913
41.407366
0 -123.641736
41.404426
0 -123.641648
41.400188
0 -123.647137
41.39762
0 -123.653421
41.39621
0 -123.656005
41.395307
0 -123.656223
41.391448
0 -123.655376
41.389032
0 -123.655755
41.387907
0 -123.660377
41.385021
0 -123.661363
41.38209
0 -123.628371
41.382393
0 -123.62079
41.382084
0 -123.504292
41.382547
0 -123.499883
41.382255
0 -123.50037
41.380416
0 -123.498268
41.378912
0 -123.493634
41.377464
0 -123.491555
41.377895
0 -123.489411
41.37767
0 -123.486498
41.375797
0 -123.484562
41.372934
0 -123.481231
41.372104
0 -123.478339
41.369253
0 -123.474085
41.366193
0 -123.474383
41.365084
0 -123.478266
41.360958
0 -123.479216
41.356173
0 -123.48251
41.35365
0 -123.481489
41.348657
0 -123.478462
41.34076
0 -123.479334
41.337968
0 -123.47941
41.334323
0 -123.478641
41.329648
0 -123.47748
41.327751
0 -123.474001
41.326374
0 -123.472265
41.321397
0 -123.466648
41.319433
0 -123.465434
41.319673
0 -123.46344
41.31773
0 -123.462189
41.315012
0 -123.461697
41.312398
0 -123.459592
41.310239
0 -123.459824
41.307881
0 -123.460794
41.305655
0 -123.460335
41.303304
0 -123.456883
41.300288
0 -123.45678
41.297665
0 -123.455475
41.292819
0 -123.456649
41.290592
0 -123.458903
41.288651
0 -123.463241
41.286338
0 -123.462791
41.284201
0 -123.461649
41.282281
0 -123.456707
41.279484
0 -123.45022
41.277472
0 -123.446812
41.276041
0 -123.443821
41.273233
0 -123.444563
41.272688
0 -123.445071
41.268246
0 -123.443353
41.265438
0 -123.44379
41.263063
0 -123.442051
41.260013
0 -123.44282
41.256964
0 -123.441985
41.252989
0 -123.442776
41.249475
0 -123.44615
41.246365
0 -123.448059
41.245392
0 -123.449395
41.243607
0 -123.451489
41.242224
0 -123.454377
41.237748
0 -123.455356
41.236873
0 -123.454377
41.235527
0 -123.450899
41.231243
0 -123.441407
41.227463
0 -123.437619
41.226582
0 -123.436872
41.225071
0 -123.434238
41.22228
0 -123.43597
41.220046
0 -123.436582
41.217946
0 -123.435348
41.213361
0 -123.434149
41.211993
0 -123.430549
41.209603
0 -123.428851
41.20691
0 -123.428399
41.204283
0 -123.426703
41.20257
0 -123.424138
41.201747
0 -123.421711
41.198207
0 -123.41854
41.197893
0 -123.417095
41.197002
0 -123.414809
41.193834
0 -123.414958
41.191166
0 -123.413137
41.186504
0 -123.410993
41.184172
0 -123.410706
41.181755
0 -123.408291
41.179944
0 -123.407029
41.17991
0 -123.406101
41.177398
0 -123.403977
41.174526
0 -123.402459
41.173877
0 -123.397862
41.174082
0 -123.393507
41.170716
0 -123.392974
41.16776
0 -123.394118
41.165541
0 -123.392726
41.161208
0 -123.391432
41.160123
0 -123.386413
41.159144
0 -123.384062
41.157739
0 -123.383432
41.154452
0 -123.381762
41.152828
0 -123.381192
41.15129
0 -123.378643
41.151505
0 -123.375344
41.151023
0 -123.372973
41.151941
0 -123.370728
41.154472
0 -123.37048
41.156284
0 -123.365517
41.159055
0 -123.363456
41.159748
0 -123.362238
41.161557
0 -123.360056
41.161503
0 -123.353237
41.163054
0 -123.349182
41.161412
0 -123.345308
41.158536
0 -123.342699
41.157204
0 -123.341518
41.155814
0 -123.336367
41.155431
0 -123.333626
41.154654
0 -123.329615
41.151664
0 -123.328494
41.148323
0 -123.326152
41.145679
0 -123.324952
41.141547
0 -123.3195
41.141574
0 -123.31537
41.140268
0 -123.310522
41.143222
0 -123.305148
41.142926
0 -123.303469
41.143789
0 -123.297921
41.141444
0 -123.295065
41.14065
0 -123.294343
41.137947
0 -123.291186
41.134984
0 -123.28963
41.134074
0 -123.286919
41.13021
0 -123.284848
41.12846
0 -123.283833
41.126554
0 -123.283939
41.123453
0 -123.2776
41.122855
0 -123.273402
41.122891
0 -123.273622
41.119006
0 -123.271776
41.11559
0 -123.269355
41.112715
0 -123.26636
41.110429
0 -123.263078
41.108642
0 -123.261383
41.105782
0 -123.26186
41.103767
0 -123.261238
41.099383
0 -123.258721
41.09521
0 -123.257174
41.091947
0 -123.25351
41.090136
0 -123.251155
41.087632
0 -123.249363
41.087178
0 -123.249409
41.086251
0 -123.246828
41.082955
0 -123.245222
41.077987
0 -123.241551
41.077477
0 -123.23948
41.075763
0 -123.235371
41.075661
0 -123.231064
41.07515
0 -123.227102
41.075521
0 -123.225236
41.076125
0 -123.224439
41.075014
0 -123.222078
41.07369
0 -123.21729
41.073015
0 -123.213179
41.073348
0 -123.212367
41.074147
0 -123.208886
41.074666
0 -123.207662
41.073352
0 -123.203153
41.071763
0 -123.19882
41.073282
0 -123.193115
41.077388
0 -123.185595
41.077599
0 -123.184362
41.076373
0 -123.178935
41.075559
0 -123.177479
41.076552
0 -123.173708
41.076943
0 -123.169419
41.078026
0 -123.167852
41.077665
0 -123.16525
41.078131
0 -123.15691
41.075837
0 -123.156618
41.074979
0 -123.153921
41.074905
0 -123.153116
41.076107
0 -123.149907
41.077064
0 -123.148723
41.078447
0 -123.141338
41.079178
0 -123.135683
41.078615
0 -123.132945
41.078646
0 -123.130659
41.07719
0 -123.128481
41.07649
0 -123.12615
41.077323
0 -123.124611
41.076727
0 -123.121288
41.076696
0 -123.118561
41.075831
0 -123.109333
41.075459
0 -123.109608
41.072623
0 -123.107951
41.070317
0 -123.106674
41.069571
0 -123.106415
41.066602
0 -123.105656
41.065504
0 -123.102788
41.065156
0 -123.099549
41.063264
0 -123.095869
41.059169
0 -123.090028
41.059527
0 -123.08654
41.05795
0 -123.084317
41.057371
0 -123.080092
41.057563
0 -123.076003
41.054783
0 -123.071248
41.053328
0 -123.067827
41.052983
0 -123.064302
41.051962
0 -123.060764
41.047897
0 -123.05966
41.047237
0 -123.055385
41.046721
0 -123.05408
41.045232
0 -123.054446
41.043756
0 -123.052531
41.041894
0 -123.052023
41.040271
0 -123.049692
41.039386
0 -123.048652
41.03577
0 -123.045909
41.033197
0 -123.046548
41.032315
0 -123.045999
41.029774
0 -123.047637
41.02684
0 -123.047571
41.024739
0 -123.044712
41.020291
0 -123.043393
41.019326
0 -123.043843
41.014072
0 -123.04155
41.011529
0 -123.039506
41.006551
0 -123.037118
41.004176
0 -123.032004
41.004478
0 -123.029938
41.005265
0 -123.0245
41.004111
0 -123.020641
41.005337
0 -123.016688
41.005791
0 -123.007237
41.008521
0 -123.006336
41.009904
0 -123.003865
41.0117
0 -122.997207
41.013324
0 -122.992273
41.013175
0 -122.989741
41.012428
0 -122.985112
41.013691
0 -122.980131
41.014314
0 -122.978889
41.013402
0 -122.968937
41.011623
0 -122.964623
41.011979
0 -122.959649
41.010215
0 -122.958099
41.008732
0 -122.954773
41.006637
0 -122.952018
41.006393
0 -122.94888
40.999863
0 -122.945486
40.995178
0 -122.940531
40.992298
0 -122.936679
40.992748
0 -122.934978
40.992433
0 -122.932509
40.993424
0 -122.928923
40.994132
0 -122.924666
40.99567
0 -122.922699
40.994621
0 -122.917529
40.99399
0 -122.915653
40.996875
0 -122.914153
40.998115
0 -122.915314
41.002467
0 -122.914451
41.006899
0 -122.91293
41.008641
0 -122.908618
41.008658
0 -122.90586
41.009051
0 -122.903048
41.01156
0 -122.901522
41.014646
0 -122.902264
41.017539
0 -122.901192
41.018677
0 -122.900692
41.021061
0 -122.902685
41.022749
0 -122.901562
41.02513
0 -122.89902
41.026733
0 -122.897363
41.02918
0 -122.898157
41.030594
0 -122.901617
41.032489
0 -122.90219
41.033634
0 -122.906269
41.036539
0 -122.907149
41.038559
0 -122.909227
41.041188
0 -122.909306
41.04292
0 -122.90943
41.045523
0 -122.91107
41.046739
0 -122.912386
41.051045
0 -122.913358
41.052325
0 -122.915712
41.053342
0 -122.91664
41.05469
0 -122.916446
41.058284
0 -122.919634
41.06169
0 -122.920514
41.063978
0 -122.921975
41.065865
0 -122.923328
41.071952
0 -122.929427
41.071403
0 -122.934633
41.071354
0 -122.938781
41.070198
0 -122.942075
41.070075
0 -122.946295
41.072002
0 -122.947447
41.073048
0 -122.953183
41.074277
0 -122.95491
41.076299
0 -122.96393
41.079823
0 -122.966949
41.08205
0 -122.967916
41.08538
0 -122.97097
41.09016
0 -122.969166
41.096304
0 -122.968798
41.099562
0 -122.969947
41.101917
0 -122.969184
41.103762
0 -122.973142
41.10485
0 -122.974074
41.10576
0 -122.974237
41.109625
0 -122.973382
41.112074
0 -122.968964
41.115017
0 -122.967573
41.117936
0 -122.963287
41.120508
0 -122.96025
41.122985
0 -122.959934
41.123992
0 -122.961299
41.129
0 -122.962988
41.13265
0 -122.963451
41.135504
0 -122.965341
41.138307
0 -122.961572
41.140124
0 -122.958818
41.144019
0 -122.958074
41.145664
0 -122.952918
41.146974
0 -122.95174
41.151045
0 -122.954409
41.154526
0 -122.954924
41.156363
0 -122.954724
41.158693
0 -122.957276
41.161214
0 -122.956191
41.162884
0 -122.954512
41.166939
0 -122.955388
41.168309
0 -122.957864
41.170113
0 -122.960888
41.173867
0 -122.9626
41.177872
0 -122.96273
41.179315
0 -122.961347
41.181525
0 -122.957903
41.18189
0 -122.955515
41.182795
0 -122.951317
41.185578
0 -122.945361
41.181423
0 -122.9356
41.177261
0 -122.929171
41.178691
0 -122.928032
41.179941
0 -122.925957
41.185157
0 -122.924839
41.186665
0 -122.920947
41.18748
0 -122.917513
41.186845
0 -122.91537
41.187184
0 -122.91212
41.190579
0 -122.908836
41.191531
0 -122.90728
41.194054
0 -122.906876
41.195924
0 -122.902919
41.197239
0 -122.899742
41.198844
0 -122.894475
41.202675
0 -122.889984
41.202949
0 -122.885921
41.205142
0 -122.883563
41.203917
0 -122.880822
41.203522
0 -122.876141
41.203666
0 -122.870689
41.205088
0 -122.866345
41.203907
0 -122.863619
41.203622
0 -122.862485
41.20205
0 -122.857703
41.20151
0 -122.855434
41.202097
0 -122.852515
41.200671
0 -122.850017
41.200755
0 -122.843941
41.200224
0 -122.842296
41.200739
0 -122.839532
41.204826
0 -122.836698
41.206727
0 -122.825175
41.21003
0 -122.820241
41.20791
0 -122.816845
41.207595
0 -122.812911
41.20308
0 -122.811342
41.202451
0 -122.809159
41.202768
0 -122.802109
41.203048
0 -122.798699
41.205423
0 -122.7976
41.206943
0 -122.797632
41.209835
0 -122.795551
41.211361
0 -122.788333
41.212582
0 -122.787697
41.215612
0 -122.78673
41.216996
0 -122.781207
41.218173
0 -122.779799
41.220031
0 -122.778149
41.224412
0 -122.777882
41.22865
0 -122.777012
41.230841
0 -122.773855
41.232104
0 -122.76709
41.234162
0 -122.764605
41.235622
0 -122.763738
41.238083
0 -122.758318
41.240804
0 -122.753641
41.241874
0 -122.748958
41.240876
0 -122.746465
41.240891
0 -122.744513
41.241608
0 -122.742039
41.243471
0 -122.740043
41.244256
0 -122.732649
41.243794
0 -122.731989
41.244503
0 -122.728435
41.24533
0 -122.725295
41.247466
0 -122.724648
41.249622
0 -122.726111
41.252932
0 -122.724499
41.256289
0 -122.724601
41.261075
0 -122.723383
41.262076
0 -122.720366
41.266938
0 -122.717043
41.268698
0 -122.71602
41.271352
0 -122.711957
41.27479
0 -122.704961
41.275037
0 -122.697091
41.277062
0 -122.689414
41.280807
0 -122.686289
41.281253
0 -122.682246
41.277985
0 -122.679068
41.278969
0 -122.677537
41.279968
0 -122.677275
41.284986
0 -122.674764
41.285976
0 -122.667354
41.289554
0 -122.665459
41.29102
0 -122.663488
41.291644
0 -122.660642
41.291384
0 -122.658273
41.291903
0 -122.656545
41.29135
0 -122.653686
41.289237
0 -122.652876
41.289735
0 -122.653521
41.291055
0 -122.652724
41.296001
0 -122.651218
41.298077
0 -122.651549
41.299596
0 -122.64558
41.304734
0 -122.646272
41.308514
0 -122.646386
41.312256
0 -122.645596
41.314136
0 -122.646557
41.315256
0 -122.64821
41.320224
0 -122.647683
41.322343
0 -122.64573
41.324449
0 -122.642128
41.326608
0 -122.63233
41.331375
0 -122.627473
41.332026
0 -122.625108
41.33079
0 -122.623932
41.32946
0 -122.617889
41.327525
0 -122.613808
41.328634
0 -122.612247
41.32852
0 -122.607682
41.329187
0 -122.603359
41.328645
0 -122.601303
41.325901
0 -122.598912
41.324534
0 -122.598758
41.325778
0 -122.59627
41.325016
0 -122.590808
41.32591
0 -122.58787
41.328173
0 -122.587204
41.330826
0 -122.587628
41.332209
0 -122.585803
41.334717
0 -122.581845
41.336465
0 -122.581022
41.33767
0 -122.581141
41.34144
0 -122.584182
41.344024
0 -122.586055
41.347036
0 -122.586819
41.349202
0 -122.587159
41.35068
0 -122.585946
41.353967
0 -122.585799
41.357634
0 -122.585241
41.359008
0 -122.581189
41.360992
0 -122.579954
41.362832
0 -122.572894
41.365696
0 -122.572326
41.368025
0 -122.569641
41.367922
0 -122.565749
41.365464
0 -122.561049
41.36596
0 -122.55905
41.365269
0 -122.55169
41.361702
0 -122.550466
41.360076
0 -122.547809
41.358638
0 -122.544458
41.355915
0 -122.542835
41.354083
0 -122.540438
41.353153
0 -122.542213
41.351184
0 -122.542454
41.349863
0 -122.540606
41.348376
0 -122.541004
41.345889
0 -122.537711
41.342998
0 -122.535818
41.341523
0 -122.532769
41.341238
0 -122.529218
41.341385
0 -122.522991
41.342673
0 -122.519912
41.343776
0 -122.514333
41.343521
0 -122.509371
41.343777
0 -122.507595
41.343155
0 -122.50389
41.342985
0 -122.50467
41.339089
0 -122.504254
41.33471
0 -122.502542
41.332944
0 -122.500327
41.331488
0 -122.497247
41.330916
0 -122.495575
41.329968
0 -122.493837
41.32759
0 -122.488962
41.324662
0 -122.48498
41.324299
0 -122.481781
41.322865
0 -122.480668
41.321055
0 -122.478771
41.320085
0 -122.481129
41.318386
0 -122.486847
41.316986
0 -122.488955
41.31579
0 -122.491196
41.313439
0 -122.494797
41.311951
0 -122.496628
41.311639
0 -122.50192
41.309113
0 -122.502201
41.308375
0 -122.500223
41.305505
0 -122.499029
41.300332
0 -122.499147
41.297115
0 -122.498263
41.295748
0 -122.499223
41.292049
0 -122.502337
41.289868
0 -122.506816
41.288901
0 -122.510167
41.288664
0 -122.510737
41.28665
0 -122.51333
41.28368
0 -122.51397
41.280152
0 -122.512397
41.278152
0 -122.513196
41.27577
0 -122.513016
41.273211
0 -122.511512
41.269798
0 -122.513927
41.266792
0 -122.513096
41.263149
0 -122.514006
41.256798
0 -122.513943
41.255215
0 -122.512298
41.252171
0 -122.509197
41.249123
0 -122.509125
41.247684
0 -122.508247
41.245288
0 -122.514647
41.240544
0 -122.517458
41.239783
0 -122.518109
41.235921
0 -122.515063
41.232615
0 -122.512261
41.226452
0 -122.514916
41.222566
0 -122.519482
41.218956
0 -122.522636
41.213525
0 -122.518725
41.209228
0 -122.515492
41.204992
0 -122.51061
41.20366
0 -122.508402
41.201533
0 -122.505173
41.199133
0 -122.501535
41.197974
0 -122.497401
41.195569
0 -122.495018
41.192438
0 -122.497504
41.186803
0 -122.498898
41.184658
0 -122.498376
41.182675
0 -122.19603
41.18444
0 -122.194316
41.18444
0 -122.147626
41.184554
0 -122.126114
41.182969
0 -122.07282
41.183097
0 -122.018039
41.183232
0 -121.819662
41.183394
0 -121.815516
41.183287
0 -121.807389
41.183285
0 -121.792296
41.1833
0 -121.718263
41.183387
0 -121.446495
41.183484
0 -121.446406
41.292232
0 -121.446599
41.428983
0 -121.448154
41.429279
0 -121.448699
41.429383
0 -121.448902
41.472813
0 -121.448828
41.516718
0 -121.44919
41.621409
0 -121.449723
41.624877
0 -121.448564
41.656889
0 -121.448981
41.776392
0 -121.456922
41.776302
0 -121.457213
41.949945
0 -121.452355
41.950313
0 -121.447563
41.950642
0 -121.447540446521
41.9971688044792
0 -121.519107311254
41.9979702042667
0 -121.52025
41.997983
0 -121.580865
41.998668
0 -121.599192863326
41.9989944692482
0 -121.599279048385
41.9989960044392
0 -121.675348
42.000351
0 -121.683128426638
42.0004822605464
0 -121.689159
42.000584
0 -121.705045
42.000766
0 -121.708199
42.000815
0 -121.824992660843
42.0027164078476
0 -121.846712
42.00307
0 -121.953972173119
42.0036963541068
0 -122.000319
42.003967
0 -122.101922
42.005766
0 -122.155408
42.007429
0 -122.156666
42.007384
0 -122.160438
42.007637
0 -122.161328
42.007637
0 -122.186265308521
42.0075687840336
0 -122.188586802687
42.0075624335901
0 -122.190068411015
42.007558380653
0 -122.261127
42.007364
0 -122.284857996628
42.0076982393891
0 -122.289527
42.007764
0 -122.289533096525
42.0077641206021
0 -122.368057762197
42.0093175036755
0 -122.378193
42.009518
0 -122.397984
42.008758
0 -122.403460637616
42.0087421781659
0 -122.501135
42.00846
0 -122.615298231128
42.0053821283904
0 -122.634739
42.004858
0 -122.712942
42.004157
0 -122.753634995893
42.0041168384442
0 -122.80008
42.004071
0 -122.869828351588
42.0033154570423
0 -122.875459853267
42.0032544542897
0 -122.876148
42.003247
0 -122.893961
42.002605
0 -122.894250605409
42.0026079181836
0 -122.941597
42.003085
0 -122.961419008339
42.003078115831
0 -122.987701632543
42.0030689878949
0 -123.045254
42.003049
0 -123.065655
42.004948
0 -123.083956
42.005448
0 -123.103003595445
42.0066150695788
0 -123.145959
42.009247
0 -123.154908
42.008036
0 -123.192361
42.005446
0 -123.230762
42.003845
0 -123.230763632307
42.0038449337993
0 -123.342462236388
41.9993148285979
0 -123.347562
41.999108
0 -123.381776
41.999268
0 -123.43477
42.001641
0 -123.49883
42.000525
0 -123.498896
42.000474
0 -123.501997
42.000527
0 -123.517906354636
42.0008828527362
0 -123.520238
41.998238
0 -123.519854
41.995164
0 -123.525279
41.992984
0 -123.527515
41.992599
0 -123.530456
41.991264
0 -123.534261
41.990933
0 -123.538565
41.988242
0 -123.540448
41.986362
0 -123.540955
41.984891
0 -123.537819
41.982404
0 -123.538004
41.979264
0 -123.536636
41.978246
0 -123.535754
41.97412
0 -123.537173
41.970486
0 -123.536933
41.969102
0 -123.533827
41.965407
0 -123.53287
41.961256
0 -123.533537
41.957245
0 -123.533251
41.955169
0 -123.537655
41.950336
0 -123.538813
41.949503
0 -123.542044
41.944351
0 -123.544735
41.942331
0 -123.544159
41.940167
0 -123.545252
41.939166
0 -123.547667
41.938435
0 -123.547776
41.935287
0 -123.548845
41.933328
0 -123.554389
41.930052
0 -123.553274
41.927342
0 -123.55461
41.925125
0 -123.554868
41.921655
0 -123.554664
41.918218
0 -123.553465
41.915766
0 -123.553739
41.914123
0 -123.55738
41.910788
0 -123.55931
41.906178
0 -123.562409
41.904921
0 -123.565442
41.903141
0 -123.569213
41.90338
0 -123.570901
41.904035
0 -123.574294
41.904122
0 -123.577963
41.902984
0 -123.581274
41.904165
0 -123.585548
41.904377
0 -123.592381
41.90529
0 -123.593405
41.906132
0 -123.595388
41.902286
0 -123.598355
41.900304
0 -123.599452
41.897805
0 -123.597377
41.894173
0 -123.599751
41.89163
0 -123.601563
41.890988
0 -123.602491
41.889487
0 -123.604805
41.888095
0 -123.604117
41.885063
0 -123.605626
41.881121
0 -123.606301
41.880773
0 -123.609351
41.881093
0 -123.613869
41.880885
0 -123.61705
41.881807
0 -123.62172
41.884738
0 -123.624463
41.888431
0 -123.635645
41.887518
0 -123.637429
41.887952
0 -123.63845
41.889661
0 -123.640284
41.890394
0 -123.642191
41.889742
0 -123.64315
41.886858
0 -123.645825
41.883095
0 -123.649897
41.881181
0 -123.652313
41.878922
0 -123.648648
41.877972
0 -123.646689
41.877029
0 -123.646623
41.876376
0 -123.649553
41.875032
0 -123.651395
41.872909
0 -123.650192
41.870791
0 -123.65096
41.867508
0 -123.652276
41.865537
0 -123.651516
41.86173
0 -123.649346
41.860626
0 -123.650681
41.859452
0 -123.656942
41.85705
0 -123.661534
41.856473
0 -123.662622
41.854598
0 -123.662463
41.852417
0 -123.664582
41.851203
0 -123.664992
41.850101
0 -123.667919
41.846883
0 -123.671339
41.844985
0 -123.670421
41.839722
0 -123.670873
41.838845
0 -123.67078
41.835432
0 -123.671737
41.83491
0 -123.674327
41.835249
0 -123.676614
41.8369
0 -123.682913
41.837136
0 -123.684612
41.836026
0 -123.688578
41.835953
0 -123.695006
41.834137
0 -123.69777
41.83165
0 -123.703681
41.829487
0 -123.702103
41.826509
0 -123.702073
41.822694
0 -123.703042
41.819749
0 -123.699713
41.817044
0 -123.698207
41.817188
0 -123.696705
41.817229
0 -123.694375
41.815645
0 -123.69297
41.811524
0 -123.691198
41.810218
0 -123.692176
41.808697
0 -123.690416
41.806484
0 -123.689957
41.80316
0 -123.684878
41.799939
0 -123.68072
41.800831
0 -123.679304
41.798882
0 -123.675727
41.798358
0 -123.672701
41.79595
0 -123.673929
41.792104
0 -123.676262
41.789489
0 -123.673881
41.786317
0 -123.674602
41.785626
0 -123.676041
41.785055
0 -123.684106
41.784527
0 -123.685901
41.783634
0 -123.68834
41.781221
0 -123.686208
41.776013
0 -123.685458
41.773365
0 -123.683421
41.76963
0 -123.68382
41.768479
0 -123.682652
41.765558
0 -123.6826
41.763039
0 -123.681861
41.761027
0 -123.683152
41.758766
0 -123.681726
41.756938
0 -123.68235
41.754975
0 -123.682148
41.752673
0 -123.678655
41.74627
0 -123.67974
41.742925
0 -123.678304
41.738543
0 -123.674137
41.73628
0 -123.673688
41.734261
0 -123.672416
41.733749
0 -123.668259
41.732075
0 -123.666108
41.732156
0 -123.666588
41.729683
0 -123.665607
41.728398
0 -123.663634
41.727826
0 -123.661891
41.725988
0 -123.661068
41.724099
0 -123.661437
41.722931
0 -123.659871
41.720199
0 -123.660806
41.716589
0 -123.660205
41.714055
0 -123.662087
41.711456
0 -123.664334
41.709323
0 -123.669168
41.706479
0 -123.670117
41.699343
0 -123.668028
41.696903
0 -123.664809
41.694966
0 -123.663063
41.694562
0 -123.662843
41.693468
0 -123.665318
41.691873
0 -123.667114
41.691689
0 -123.669727
41.689917
0 -123.669816
41.688636
0 -123.674692
41.683877
0 -123.675068
41.682112
0 -123.6775
41.680686
0 -123.680011
41.680186
0 -123.683984
41.676588
0 -123.685393
41.676043
0 -123.686601
41.673889
0 -123.686959
41.670869
0 -123.689583
41.669434
0 -123.68971
41.667332
0 -123.688534
41.665324
0 -123.689074
41.66442
0 -123.688603
41.660172
0 -123.685265
41.660048
0 -123.688289
41.657524
0 -123.688445
41.652726
0 -123.68702
41.648214
0 -123.685399
41.646868
0 -123.685083
41.64397
0 -123.682324
41.639859
0 -123.679926
41.637018
0 -123.680444
41.633957
0 -123.686072
41.634701
0 -123.693222
41.634383
0 -123.69664
41.633863
0 -123.69839
41.631377
0 -123.696556
41.628236
0 -123.698713
41.625941
0 -123.700594
41.625829
0 -123.701485
41.623847
0 -123.704264
41.6229
0 -123.706124
41.620944
0 -123.70724
41.617569
0 -123.711031
41.615019
0 -123.711636
41.613545
0 -123.711427
41.608918
0 -123.713157
41.607397
0 -123.716106
41.606547
0 -123.717482
41.601857
0 -123.718797
41.599264
0 -123.718448
41.597965
0 