-135.477436
59.799626
0 -135.722459525805
59.7295263646874
0 -135.38910858875
59.356028168487
0 -135.38672
59.357891
0 -135.385063
59.361794
0 -135.384465
59.367257
0 -135.383515
59.372464
0 -135.377477
59.381569
0 -135.374753
59.390029
0 -135.376384
59.392922
0 -135.374149
59.396676
0 -135.375196
59.40865
0 -135.375909
59.411553
0 -135.370918
59.426789
0 -135.365213
59.432954
0 -135.365741060327
59.4349674035198
0 -135.366164
59.43658
0 -135.364174
59.439737
0 -135.36141
59.447213
0 -135.36272
59.451683
0 -135.366164
59.455549
0 -135.36759
59.460863
0 -135.36759
59.467264
0 -135.365689
59.47318
0 -135.365213
59.480423
0 -135.362361
59.48163
0 -135.355231
59.480423
0 -135.351666
59.478974
0 -135.347625
59.478612
0 -135.346912
59.47487
0 -135.35024
59.468833
0 -135.350002
59.464245
0 -135.348338
59.462313
0 -135.344773
59.462433
0 -135.336064727563
59.4581273861094
0 -135.335979
59.458085
0 -135.336266934356
59.4572362238078
0 -135.337167
59.454583
0 -135.33675725354
59.4540275722957
0 -135.335741
59.45265
0 -135.334873643313
59.4522090221201
0 -135.331701
59.450596
0 -135.330777491384
59.4503793191758
0 -135.328707774765
59.4498937060532
0 -135.325521
59.449146
0 -135.321743005576
59.4475650575177
0 -135.32148
59.447455
0 -135.325818338382
59.4450584749841
0 -135.326384
59.444746
0 -135.330274
59.441293
0 -135.335598
59.432598
0 -135.338698714333
59.4275314376322
0 -135.34071
59.424245
0 -135.339782
59.417479
0 -135.34097
59.405142
0 -135.342424
59.40125
0 -135.343822
59.393164
0 -135.344773
59.388686
0 -135.348338
59.38566
0 -135.351263
59.382165
0 -135.350953
59.378034
0 -135.35428
59.376096
0 -135.357704
59.372842
0 -135.357608
59.366167
0 -135.359442
59.36242
0 -135.360222
59.359021
0 -135.362837
59.350783
0 -135.358558
59.346784
0 -135.356657
59.342785
0 -135.357764360625
59.340786733708
0 -135.029245
59.345364
0 -135.016206
59.361005
0 -134.993255
59.387796
0 -135.016206
59.395398
0 -135.097985
59.427783
0 -135.071239
59.453309
0 -135.026328
59.474658
0 -135.026373
59.535741
0 -135.027456
59.563692
0 -135.114588
59.623415
0 -135.13801351803
59.6244754569356
0 -135.153113
59.625159
0 -135.162745
59.630635
0 -135.166736
59.63224
0 -135.214344
59.664343
0 -135.231148
59.697176
0 -135.234447
59.697931
0 -135.243777
59.69795
0 -135.254125
59.701339
0 -135.284920852791
59.714893334463
0 -135.477436
59.799626
0 