-89.731225
32.164879
0 -89.731155
32.13429
0 -89.729747
32.134284
0 -89.729732
32.111399
0 -89.72987
32.090707
0 -89.730066
32.047072
0 -89.671156
32.047205
0 -89.662086
32.047239
0 -89.654426
32.013678
0 -89.654411
32.006278
0 -89.654655
31.998438
0 -89.654637
31.974676
0 -89.654792
31.914744
0 -89.654741
31.876792
0 -89.654727
31.872378
0 -89.65479
31.843375
0 -89.654501
31.783755
0 -89.653051
31.783727
0 -89.653025
31.780653
0 -89.621549
31.782741
0 -89.590778
31.784695
0 -89.586517
31.784975
0 -89.503541
31.79023
0 -89.502824
31.790394
0 -89.498528
31.790772
0 -89.484439
31.791783
0 -89.447914
31.79401
0 -89.440835
31.794125
0 -89.435861
31.794811
0 -89.430361
31.794952
0 -89.408762
31.796378
0 -89.401227
31.796863
0 -89.375063
31.798666
0 -89.372248
31.798726
0 -89.355234
31.799663
0 -89.31656
31.80209
0 -89.316993
31.860997
0 -89.317086
31.874305
0 -89.320748
31.874338
0 -89.321127
31.885149
0 -89.321158
31.888745
0 -89.321826
31.96321
0 -89.321917
31.972336
0 -89.322007
31.98262
0 -89.322121
32.000153
0 -89.322211
32.020047
0 -89.322216
32.020992
0 -89.322469
32.076995
0 -89.322601
32.105754
0 -89.322692
32.223472
0 -89.367059
32.223575
0 -89.375065
32.223159
0 -89.403661
32.223284
0 -89.440925
32.223367
0 -89.443069
32.223454
0 -89.511293
32.22344
0 -89.548488
32.223528
0 -89.560428
32.223557
0 -89.597648
32.223689
0 -89.674569
32.22374
0 -89.701621
32.223757
0 -89.701269
32.22198
0 -89.724838
32.221798
0 -89.730424
32.222039
0 -89.731059
32.221946
0 -89.731225
32.164879
0 