-107.72654
34.489602
0 -107.726548
34.475647
0 -107.725994
34.360396
0 -107.725461
34.259775
0 -107.716301
34.259856
0 -107.716277
34.246897
0 -107.716605
34.155732
0 -107.715587
33.825586
0 -107.711269
33.825512
0 -107.712676
33.811295
0 -107.712076
33.764683
0 -107.712244
33.763078
0 -107.712018
33.760691
0 -107.712344
33.752621
0 -107.71179
33.734125
0 -107.71239
33.653851
0 -107.712456
33.653353
0 -107.712671
33.625061
0 -107.712191
33.623842
0 -107.712713
33.476892
0 -107.515506
33.475766
0 -107.507829
33.475994
0 -107.500592
33.475865
0 -107.499605
33.476218
0 -107.448875
33.476422
0 -107.404335
33.477615
0 -107.402607
33.477563
0 -107.401288
33.477665
0 -107.245563
33.478114
0 -107.220408
33.47813
0 -107.125197
33.477815
0 -107.119103
33.478692
0 -106.750429
33.475603
0 -106.74935
33.475473
0 -106.474295
33.475786
0 -106.474142
33.480109
0 -106.375561
33.479945
0 -106.373082
33.480116
0 -106.373929
33.660411
0 -106.289045
33.66028
0 -106.283905
33.660418
0 -106.26867
33.660342
0 -106.250016
33.65905
0 -106.15871
33.652444
0 -106.158575
33.650195
0 -106.052794
33.650301
0 -106.053004
33.666843
0 -106.052749
33.670408
0 -106.052674
33.748462
0 -106.052804
33.825862
0 -105.924667
33.82559
0 -105.924435
33.886295
0 -105.924591
33.887042
0 -105.924828
33.911007
0 -105.925523
33.911122
0 -105.925387
33.93948
0 -105.925306
33.956497
0 -105.925182
33.983472
0 -105.925646
33.987169
0 -105.925518
33.989121
0 -105.925527
33.997956
0 -105.925813
34.000079
0 -105.925116
34.085636
0 -105.92476
34.172525
0 -105.923957
34.244901
0 -105.924154
34.250143
0 -105.923959
34.259991
0 -105.981858
34.259919
0 -106.064045
34.260002
0 -106.101744
34.259983
0 -106.415861
34.259715
0 -106.416086
34.275462
0 -106.416289
34.346759
0 -106.416528
34.350785
0 -106.416355
34.373674
0 -106.4161
34.375065
0 -106.416965
34.427747
0 -106.41699
34.439797
0 -106.438889
34.437491
0 -106.456299
34.436993
0 -106.504624
34.457003
0 -106.507394
34.457741
0 -106.564648
34.473894
0 -106.768281
34.531262
0 -106.77269
34.533133
0 -106.77306
34.53329
0 -106.797826
34.543802
0 -106.874014
34.575786
0 -106.875573
34.576335
0 -106.882636
34.579456
0 -106.886884
34.57946
0 -106.900086
34.580459
0 -107.020044
34.579655
0 -107.094439
34.5783
0 -107.20441
34.578813
0 -107.303073
34.57917
0 -107.331282
34.579654
0 -107.340443
34.579041
0 -107.392656
34.579553
0 -107.39376
34.579535
0 -107.51505
34.579453
0 -107.533124
34.580594
0 -107.550896
34.578968
0 -107.594101
34.579878
0 -107.60342
34.579564
0 -107.625599
34.579786
0 -107.673563
34.57879
0 -107.69079
34.579491
0 -107.708661
34.577673
0 -107.709924
34.577586
0 -107.724854
34.57806
0 -107.725172
34.56319
0 -107.725203
34.561761
0 -107.72654
34.489602
0 