-122.403475
38.155465
0 -122.406786
38.155632
0 -122.398128869978
38.1427994358877
0 -122.393588
38.143449
0 -122.38218
38.140084
0 -122.361264
38.133167
0 -122.356775864608
38.1311420350649
0 -122.345102
38.125875
0 -122.317293
38.112038
0 -122.302557
38.103248
0 -122.282824
38.082889
0 -122.274748
38.066955
0 -122.269731820087
38.0604217706387
0 -122.269666188168
38.0603362895779
0 -122.265347
38.059918
0 -122.245483
38.063922
0 -122.232952
38.0621
0 -122.227991
38.061206
0 -122.226413
38.061073
0 -122.225178
38.061006
0 -122.2137
38.059591
0 -122.201778
38.05812
0 -122.194805
38.056533
0 -122.183863
38.053997
0 -122.176188
38.047863
0 -122.174939
38.046431
0 -122.169536
38.039275
0 -122.167577
38.036721
0 -122.165662
38.035399
0 -122.164577
38.034721
0 -122.159681
38.033399
0 -122.156852
38.032946
0 -122.152147
38.032249
0 -122.148577
38.031721
0 -122.146866
38.031727
0 -122.141533
38.031862
0 -122.139366
38.032177
0 -122.131536
38.034492
0 -122.130174
38.034718
0 -122.123161
38.036082
0 -122.121131
38.037891
0 -122.120095
38.038221
0 -122.118083
38.03934
0 -122.099776
38.047008
0 -122.098726
38.04746
0 -122.095733
38.048355
0 -122.092744
38.049352
0 -122.088746
38.050092
0 -122.084159
38.051861
0 -122.079826
38.053173
0 -122.076148
38.054615
0 -122.067298
38.060077
0 -122.061103
38.062137
0 -122.050386
38.060198
0 -122.03626
38.060204
0 -122.028411
38.05919
0 -122.019826
38.062271
0 -122.015175
38.063481
0 -121.987567
38.066809
0 -121.983158
38.067297
0 -121.97744
38.06684
0 -121.972281
38.065538
0 -121.962208
38.061365
0 -121.955679
38.057816
0 -121.950919
38.054978
0 -121.950911
38.053918
0 -121.946765
38.052882
0 -121.937762
38.04983
0 -121.935428
38.048793
0 -121.932743
38.04813
0 -121.931003
38.04761
0 -121.92846
38.047054
0 -121.928097
38.046983
0 -121.925814
38.046474
0 -121.920794
38.045726
0 -121.910143
38.044956
0 -121.90857
38.04502
0 -121.906801
38.045002
0 -121.901171
38.045361
0 -121.889573
38.046657
0 -121.885177
38.047591
0 -121.880184
38.048709
0 -121.874743
38.050676
0 -121.872708
38.051844
0 -121.869582
38.054414
0 -121.867402
38.056895
0 -121.863648
38.062381
0 -121.862641
38.064929
0 -121.862462
38.06603
0 -121.862542
38.06795
0 -121.861597
38.069887
0 -121.857613
38.071967
0 -121.852909
38.072847
0 -121.848541
38.074223
0 -121.843228
38.076655
0 -121.842444
38.076735
0 -121.839308
38.075455
0 -121.83606
38.073215
0 -121.832204
38.069439
0 -121.827916
38.066223
0 -121.817611
38.062767
0 -121.810811
38.060767
0 -121.805243
38.059647
0 -121.801643
38.059503
0 -121.79849
38.060111
0 -121.796395
38.060847
0 -121.766826
38.075951
0 -121.755674
38.080671
0 -121.749122
38.083988
0 -121.743164
38.087229
0 -121.741398
38.087141
0 -121.734888
38.083739
0 -121.73182
38.082634
0 -121.729348
38.082348
0 -121.72745
38.082363
0 -121.717963
38.083683
0 -121.713926
38.084542
0 -121.710888
38.086489
0 -121.70941
38.088817
0 -121.708436
38.091482
0 -121.70779
38.105132
0 -121.707215
38.109846
0 -121.706488
38.111858
0 -121.705166
38.113813
0 -121.703713
38.11503
0 -121.699928
38.119187
0 -121.696816
38.123762
0 -121.69579
38.125515
0 -121.692095
38.133126
0 -121.690688
38.139675
0 -121.689399
38.143328
0 -121.688233
38.145421
0 -121.687705
38.146829
0 -121.68705
38.151869
0 -121.685868
38.154587
0 -121.685586
38.159705
0 -121.68457
38.160764
0 -121.68033
38.162812
0 -121.676203
38.166773
0 -121.6717
38.172381
0 -121.668169
38.175196
0 -121.666985
38.177036
0 -121.666345
38.178572
0 -121.662907
38.181869
0 -121.656702
38.183086
0 -121.655108
38.183108
0 -121.648425
38.185293
0 -121.645833
38.186508
0 -121.64213
38.190024
0 -121.639738
38.190892
0 -121.635139
38.193285
0 -121.631876
38.194369
0 -121.62385
38.19319
0 -121.621355
38.193578
0 -121.615413
38.195696
0 -121.614471
38.196474
0 -121.612102
38.200068
0 -121.611164
38.202936
0 -121.611305
38.206299
0 -121.607979
38.212874
0 -121.605289
38.216173
0 -121.602443
38.22041
0 -121.602059
38.221642
0 -121.602733
38.225802
0 -121.602763
38.230219
0 -121.602494
38.23272
0 -121.603208
38.237283
0 -121.602121
38.241674
0 -121.601801
38.246346
0 -121.602169
38.249162
0 -121.601993
38.252426
0 -121.600745
38.254218
0 -121.600249
38.257817
0 -121.601542
38.263993
0 -121.60401
38.270103
0 -121.603802
38.271687
0 -121.601514
38.275719
0 -121.600826
38.2794
0 -121.602123
38.2822
0 -121.604271
38.284187
0 -121.60545
38.28612
0 -121.603946
38.289513
0 -121.604122
38.291561
0 -121.60518
38.296084
0 -121.604506
38.2974
0 -121.599908
38.301515
0 -121.599723
38.304583
0 -121.597579
38.307175
0 -121.598654
38.309892
0 -121.597803
38.310727
0 -121.593273
38.313089
0 -121.616859
38.313144
0 -121.654458
38.31342
0 -121.667176
38.313512
0 -121.693697
38.313732
0 -121.693969
38.314454
0 -121.694061
38.328578
0 -121.694464
38.329621
0 -121.694252
38.343609
0 -121.693894
38.344208
0 -121.693772
38.371847
0 -121.693765
38.423061
0 -121.693707
38.452193
0 -121.693603
38.452193
0 -121.693639
38.487604
0 -121.695797
38.487615
0 -121.695348
38.510995
0 -121.695153
38.522772
0 -121.694677
38.527054
0 -121.697311
38.52685
0 -121.700735
38.527427
0 -121.704351
38.530418
0 -121.704655
38.532194
0 -121.706143
38.532034
0 -121.706354
38.533441
0 -121.707976
38.535399
0 -121.710207
38.535749
0 -121.710568
38.537043
0 -121.712034
38.537962
0 -121.713358
38.537705
0 -121.719821
38.535219
0 -121.72194
38.534875
0 -121.723156
38.53515
0 -121.724225
38.535914
0 -121.728134
38.536069
0 -121.728923
38.535963
0 -121.730339
38.536001
0 -121.732588
38.536352
0 -121.734715
38.537526
0 -121.735903
38.537531
0 -121.737442
38.537421
0 -121.738076
38.537535
0 -121.738594
38.537704
0 -121.744628
38.532936
0 -121.748911
38.530954
0 -121.756669
38.529633
0 -121.760281
38.528294
0 -121.7651
38.525856
0 -121.767053
38.526183
0 -121.768156
38.527178
0 -121.768504
38.530819
0 -121.768726
38.530937
0 -121.771403
38.532345
0 -121.776353
38.530195
0 -121.779698
38.529912
0 -121.783034
38.52701
0 -121.783582
38.523459
0 -121.785811
38.523074
0 -121.789846
38.524492
0 -121.795187
38.526943
0 -121.799949
38.527103
0 -121.809213
38.526883
0 -121.81333
38.526023
0 -121.821703
38.528287
0 -121.825143
38.529296
0 -121.832557
38.529757
0 -121.839293
38.533374
0 -121.84406
38.535238
0 -121.848797
38.536609
0 -121.851237
38.536791
0 -121.853738
38.536794
0 -121.857289
38.538096
0 -121.861323
38.538495
0 -121.86514
38.537553
0 -121.867439
38.537435
0 -121.87172
38.538484
0 -121.876077
38.538043
0 -121.88139
38.538197
0 -121.883609
38.53905
0 -121.885882
38.53876
0 -121.888421
38.537819
0 -121.89113
38.535097
0 -121.893784
38.533429
0 -121.897076
38.532928
0 -121.900484
38.532378
0 -121.904146
38.530942
0 -121.908969
38.529576
0 -121.914104
38.529534
0 -121.919771
38.529914
0 -121.921099
38.529555
0 -121.925323
38.529705
0 -121.929447
38.530381
0 -121.932773
38.531503
0 -121.940285
38.533384
0 -121.941547
38.533068
0 -121.942422
38.532466
0 -121.944623
38.528933
0 -121.947456
38.527096
0 -121.95312
38.525636
0 -121.960398
38.523008
0 -121.963606
38.522802
0 -121.967836
38.520098
0 -121.970688
38.515779
0 -121.974611
38.513734
0 -121.978068
38.508277
0 -121.97939
38.507645
0 -121.985729
38.504388
0 -121.98657
38.502987
0 -121.988172
38.502876
0 -121.990785
38.50143
0 -121.993479
38.50115
0 -121.995927
38.500421
0 -121.996984
38.498554
0 -122.001615
38.495492
0 -122.003035
38.493957
0 -122.005001
38.493833
0 -122.009064
38.491708
0 -122.01136
38.489198
0 -122.012112
38.488911
0 -122.013377
38.488721
0 -122.018451
38.489165
0 -122.02279
38.491137
0 -122.0259
38.491825
0 -122.028618
38.49319
0 -122.030829
38.49361
0 -122.035566
38.496122
0 -122.037126
38.498312
0 -122.038436
38.499064
0 -122.041179
38.504038
0 -122.041568
38.505713
0 -122.046558
38.509017
0 -122.05234
38.513124
0 -122.055463
38.516141
0 -122.057415
38.517441
0 -122.05979
38.516073
0 -122.066088
38.514989
0 -122.068462
38.514107
0 -122.074267
38.513731
0 -122.078092
38.51423
0 -122.07998
38.51403
0 -122.082134
38.514994
0 -122.086855
38.514477
0 -122.090775
38.515996
0 -122.092267
38.515531
0 -122.093164
38.513963
0 -122.096666
38.512903
0 -122.100222
38.513456
0 -122.103281
38.513348
0 -122.103439
38.512186
0 -122.106283
38.508307
0 -122.107183
38.494507
0 -122.104982
38.492807
0 -122.104882
38.490807
0 -122.108182
38.486107
0 -122.111182
38.477208
0 -122.112069
38.476143
0 -122.113178
38.474816
0 -122.120527
38.453926
0 -122.123582
38.447608
0 -122.125866
38.43668
0 -122.126628
38.435451
0 -122.126389
38.428918
0 -122.124952
38.423921
0 -122.123458
38.423074
0 -122.119721
38.418029
0 -122.117983
38.414109
0 -122.114692
38.413908
0 -122.114982
38.412309
0 -122.114081
38.412209
0 -122.112182
38.409509
0 -122.109709
38.407442
0 -122.109583
38.40461
0 -122.107357
38.402387
0 -122.098873
38.393894
0 -122.098475
38.393007
0 -122.09278
38.388515
0 -122.090338
38.385446
0 -122.089164
38.384662
0 -122.086071
38.380498
0 -122.08588
38.37941
0 -122.07768
38.363711
0 -122.07608
38.363711
0 -122.07338
38.360911
0 -122.07338
38.358411
0 -122.069679
38.350811
0 -122.070679
38.346411
0 -122.069479
38.344211
0 -122.069779
38.342811
0 -122.068379
38.339711
0 -122.064779
38.333411
0 -122.062979
38.333511
0 -122.061379
38.329611
0 -122.061379
38.327411
0 -122.062079
38.325111
0 -122.063379
38.324811
0 -122.065271
38.323204
0 -122.066279
38.321012
0 -122.068179
38.318412
0 -122.065079
38.317112
0 -122.064779
38.315912
0 -122.133843
38.315612
0 -122.162447
38.315799
0 -122.179946
38.315913
0 -122.191195
38.315615
0 -122.197378
38.315662
0 -122.205982
38.315713
0 -122.206179
38.314014
0 -122.204081
38.31011
0 -122.201396
38.308013
0 -122.202482
38.305713
0 -122.202583
38.304113
0 -122.199382
38.301591
0 -122.199082
38.300113
0 -122.201982
38.296714
0 -122.203482
38.292914
0 -122.201682
38.292414
0 -122.201482
38.289314
0 -122.198482
38.285814
0 -122.198282
38.284814
0 -122.196681
38.284414
0 -122.196381
38.281914
0 -122.194381
38.280814
0 -122.190681
38.277514
0 -122.191081
38.275914
0 -122.188381
38.271614
0 -122.195681
38.271514
0 -122.197381
38.272714
0 -122.200481
38.272014
0 -122.206382
38.271614
0 -122.208482
38.272214
0 -122.210982
38.271914
0 -122.212282
38.272814
0 -122.216482
38.266015
0 -122.216882
38.262315
0 -122.212982
38.259115
0 -122.208481
38.258415
0 -122.206073
38.258795
0 -122.202981
38.259215
0 -122.196781
38.258415
0 -122.193281
38.256415
0 -122.194482
38.254119
0 -122.194081
38.252915
0 -122.19518
38.250716
0 -122.199481
38.250915
0 -122.2008
38.249411
0 -122.204367
38.249302
0 -122.20649
38.250933
0 -122.209081
38.251115
0 -122.211081
38.252215
0 -122.212481
38.248715
0 -122.210181
38.247415
0 -122.209582
38.244816
0 -122.208284
38.244216
0 -122.205389
38.24462
0 -122.204379
38.241019
0 -122.201772
38.240323
0 -122.197187
38.232817
0 -122.197179
38.231413
0 -122.19598
38.23041
0 -122.194981
38.225222
0 -122.193582
38.223524
0 -122.193374
38.221215
0 -122.196177
38.21892
0 -122.196281
38.216116
0 -122.194681
38.215214
0 -122.19398
38.213614
0 -122.19498
38.212317
0 -122.197573
38.211815
0 -122.199573
38.210622
0 -122.201478
38.21162
0 -122.205681
38.208216
0 -122.204581
38.204816
0 -122.205681
38.203616
0 -122.20498
38.198516
0 -122.20598
38.197916
0 -122.20588
38.196216
0 -122.211481
38.192117
0 -122.20948
38.189917
0 -122.215581
38.188417
0 -122.21298
38.184317
0 -122.21368
38.181017
0 -122.21508
38.179717
0 -122.21138
38.175617
0 -122.21118
38.174717
0 -122.20888
38.172717
0 -122.20458
38.172817
0 -122.20318
38.171517
0 -122.20358
38.168717
0 -122.20252
38.168321
0 -122.201893
38.168299
0 -122.199712
38.16839
0 -122.199064
38.168727
0 -122.19808
38.168417
0 -122.194485
38.164715
0 -122.195971
38.162991
0 -122.198981
38.159317
0 -122.197877
38.157115
0 -122.19538
38.155017
0 -122.196631
38.155017
0 -122.213464
38.154894
0 -122.21466
38.15492
0 -122.221125
38.154933
0 -122.230583
38.154952
0 -122.238353
38.155015
0 -122.24199
38.155044
0 -122.252167
38.155117
0 -122.252794
38.155042
0 -122.253766
38.154936
0 -122.258858
38.155046
0 -122.261136
38.15508
0 -122.261861
38.155121
0 -122.264358
38.155117
0 -122.264741
38.155122
0 -122.26955
38.155189
0 -122.29038
38.155217
0 -122.291963
38.155134
0 -122.293683
38.155218
0 -122.294885
38.155218
0 -122.380268
38.155824
0 -122.403475
38.155465
0 