-97.945625
32.233468
0 -97.940474
32.221738
0 -97.909895
32.167279
0 -97.887708
32.127615
0 -97.864997
32.087628
0 -97.864864
32.087328
0 -97.85436
32.092602
0 -97.845544
32.097109
0 -97.779227
32.130961
0 -97.777023
32.132295
0 -97.759972
32.140985
0 -97.758313
32.141492
0 -97.749084
32.146289
0 -97.745988
32.147857
0 -97.740427
32.151083
0 -97.701309
32.170538
0 -97.699993
32.170859
0 -97.699021
32.171636
0 -97.695459
32.173679
0 -97.667767
32.188094
0 -97.66326
32.19053
0 -97.652468
32.19588
0 -97.64979
32.197096
0 -97.642178
32.201296
0 -97.630885
32.207403
0 -97.628013
32.204977
0 -97.625971
32.203995
0 -97.619132
32.204098
0 -97.615055
32.203581
0 -97.614282
32.256191
0 -97.614641
32.281576
0 -97.615286
32.318618
0 -97.684491
32.317749
0 -97.685214
32.31774
0 -97.685596
32.317735
0 -97.707796
32.317352
0 -97.708015
32.317349
0 -97.728901
32.317138
0 -97.743724
32.316936
0 -97.78276
32.316493
0 -97.787773
32.313932
0 -97.817205
32.298937
0 -97.819135
32.297956
0 -97.858177
32.278159
0 -97.862991
32.275392
0 -97.945625
32.233468
0 