-123.533535
38.768408
0 -123.531108
38.764179
0 -123.531593
38.759506
0 -123.52716
38.757197
0 -123.525152
38.753801
0 -123.527359
38.752363
0 -123.524373
38.749346
0 -123.521419
38.749691
0 -123.520041878051
38.7480876440005
0 -123.517581980174
38.7452236332847
0 -123.5175148718
38.7451455003243
0 -123.514784
38.741966
0 -123.510786
38.740391
0 -123.510486260866
38.7404814008228
0 -123.507908
38.741259
0 -123.49875
38.737943
0 -123.493292
38.736512
0 -123.490021
38.732213
0 -123.489797185787
38.7320363661349
0 -123.484281
38.727683
0 -123.482579569498
38.7266713701354
0 -123.478960037271
38.7245192828813
0 -123.474067
38.72161
0 -123.471332205266
38.7209724381619
0 -123.468847028204
38.7203930696133
0 -123.466865
38.719931
0 -123.461291
38.717001
0 -123.455798
38.712145
0 -123.454862476603
38.7100196237576
0 -123.454656848244
38.7095524653409
0 -123.453602
38.707156
0 -123.448182
38.702794
0 -123.446534734979
38.7011501895714
0 -123.445321
38.699939
0 -123.441774
38.699744
0 -123.440620467026
38.6981371725433
0 -123.438705
38.695469
0 -123.435452
38.690506
0 -123.432636
38.687314
0 -123.432235
38.68338
0 -123.434968
38.681793
0 -123.424674
38.675683
0 -123.419657
38.674677
0 -123.415454
38.669287
0 -123.41605
38.667332
0 -123.409424
38.662161
0 -123.409131
38.659112
0 -123.405663
38.656729
0 -123.408659
38.654717
0 -123.40713
38.6532911242698
0 -123.40301
38.649449
0 -123.402585287612
38.6488586559158
0 -123.400933
38.646562
0 -123.393317
38.63878
0 -123.39434
38.637154
0 -123.389894
38.63523
0 -123.387879
38.632619
0 -123.390655
38.631459
0 -123.379303
38.621953
0 -123.374862
38.615503
0 -123.36837764432
38.6136671647923
0 -123.3676
38.613447
0 -123.366649
38.610475
0 -123.368075
38.607875
0 -123.371876
38.607235
0 -123.368313
38.603232
0 -123.361884
38.601023
0 -123.359756
38.598216
0 -123.357142
38.596545
0 -123.354789
38.598214
0 -123.349612
38.596805
0 -123.343338
38.590008
0 -123.339361
38.582977
0 -123.340388
38.577831
0 -123.340106
38.572228
0 -123.331899
38.565542
0 -123.330644
38.566857
0 -123.323919
38.563721
0 -123.323317
38.561325
0 -123.317212
38.559383
0 -123.310398
38.556184
0 -123.306782
38.552709
0 -123.306308
38.549274
0 -123.301419
38.546926
0 -123.298257955421
38.5443530222896
0 -123.297889004068
38.5440527090285
0 -123.297151
38.543452
0 -123.291299670657
38.5409150538897
0 -123.29046
38.540551
0 -123.287156
38.540223
0 -123.286656549862
38.5397203603744
0 -123.282928
38.535968
0 -123.279109
38.535857
0 -123.278804
38.531489
0 -123.274173
38.532718
0 -123.268747
38.529887
0 -123.267774
38.527594
0 -123.268915212172
38.5253997852917
0 -123.269016
38.525206
0 -123.268227450214
38.5245973789774
0 -123.265991838911
38.522871882298
0 -123.258156
38.516824
0 -123.254673
38.515882
0 -123.254914
38.511982
0 -123.250685
38.510189
0 -123.24567
38.511974
0 -123.242078
38.50999
0 -123.236637
38.509256
0 -123.234261
38.50658
0 -123.231382
38.502572
0 -123.224041
38.499512
0 -123.220297
38.498618
0 -123.215247
38.499512
0 -123.209575
38.49612
0 -123.202277
38.494314
0 -123.198609
38.491141
0 -123.186366
38.485936
0 -123.166428
38.474947
0 -123.161587
38.468219
0 -123.157074
38.466869
0 -123.15706581151
38.466843455099
0 -123.156355
38.464626
0 -123.145325
38.459422
0 -123.143608
38.455887
0 -123.137745028157
38.4549237544425
0 -123.136797
38.454768
0 -123.129118154586
38.4505779626758
0 -123.129005696521
38.4505165988294
0 -123.128825
38.450418
0 -123.128410661601
38.449207010157
0 -123.126810368456
38.4445298217815
0 -123.126328
38.44312
0 -123.12797
38.440679
0 -123.124357
38.440615
0 -123.122449435493
38.4374315467962
0 -123.122379
38.437314
0 -123.12175
38.430006
0 -123.117028
38.42869
0 -123.115551
38.423906
0 -123.113377
38.421534
0 -123.109026
38.42042
0 -123.103706
38.415541
0 -123.102604724522
38.4135574514639
0 -123.098607
38.406357
0 -123.096187
38.398396
0 -123.096407
38.393408
0 -123.094702
38.392954
0 -123.09391
38.394829
0 -123.085572
38.390525
0 -123.08336341823
38.3846370912368
0 -123.081455294624
38.3795501807794
0 -123.080642
38.377382
0 -123.078942697323
38.374977
0 -123.078896325358
38.3749113703883
0 -123.078567347816
38.3744457729417
0 -123.074790943605
38.3691010793515
0 -123.068265
38.359865
0 -123.068288061806
38.3565592509686
0 -123.06841535342
38.3383128862824
0 -123.068437
38.33521
0 -123.068829424464
38.3344162309071
0 -123.074253065777
38.3234456639726
0 -123.074684
38.322574
0 -123.07977
38.324076
0 -123.076941
38.320229
0 -123.074032
38.318396
0 -123.063671
38.302178
0 -123.058239
38.298355
0 -123.053504
38.299385
0 -123.052021
38.302246
0 -123.052551845025
38.30351419059
0 -123.053476
38.305722
0 -123.051061
38.310693
0 -123.044674
38.313175
0 -123.038742
38.313576
0 -123.024333
38.310573
0 -123.004122
38.297012
0 -123.002911201262
38.2957083549502
0 -123.002787
38.29571
0 -123.001588
38.297155
0 -122.998708
38.298413
0 -122.994111
38.299385
0 -122.993579
38.300079
0 -122.994136
38.303989
0 -122.994958
38.306012
0 -122.993125
38.306441
0 -122.991629
38.305531
0 -122.990614
38.305855
0 -122.987708
38.308115
0 -122.984134
38.308223
0 -122.983163
38.310408
0 -122.981607
38.311135
0 -122.977162
38.310929
0 -122.974868
38.311471
0 -122.971077
38.309942
0 -122.969049
38.310798
0 -122.967506
38.313647
0 -122.967315
38.315988
0 -122.966124
38.31697
0 -122.96129
38.31654
0 -122.956776
38.314064
0 -122.955276
38.313534
0 -122.951884
38.313294
0 -122.949722
38.31208
0 -122.946754
38.311209
0 -122.943601
38.312563
0 -122.940328
38.310899
0 -122.937454
38.31213
0 -122.937593
38.312946
0 -122.93506
38.313952
0 -122.933801
38.31359
0 -122.934568
38.312566
0 -122.936554
38.311847
0 -122.936696
38.310453
0 -122.935426
38.309614
0 -122.932521
38.311709
0 -122.928411
38.312804
0 -122.925636
38.312736
0 -122.923805
38.311516
0 -122.922871
38.309028
0 -122.921512
38.308568
0 -122.918241
38.310134
0 -122.916601
38.31321
0 -122.919641
38.31465
0 -122.920952
38.316836
0 -122.918001
38.317952
0 -122.916074
38.320257
0 -122.91291
38.320318
0 -122.911319
38.321209
0 -122.908105
38.320752
0 -122.906661
38.319935
0 -122.907304
38.318642
0 -122.910156
38.317892
0 -122.910882
38.316865
0 -122.909237
38.314268
0 -122.908163
38.31429
0 -122.901726
38.316943
0 -122.899933
38.316793
0 -122.898444
38.314516
0 -122.874406
38.298088
0 -122.853713
38.284189
0 -122.841841
38.276244
0 -122.828559
38.267322
0 -122.811971
38.256129
0 -122.802935
38.249917
0 -122.800925
38.248393
0 -122.787099
38.239003
0 -122.748235
38.212723
0 -122.7399
38.207018
0 -122.722995
38.207132
0 -122.721588
38.206715
0 -122.717709
38.205008
0 -122.715035
38.203398
0 -122.714338
38.201222
0 -122.706009
38.198293
0 -122.704443
38.198455
0 -122.701038
38.195984
0 -122.698253
38.196127
0 -122.694863
38.1951
0 -122.694065
38.195139
0 -122.691035
38.194484
0 -122.689531
38.194759
0 -122.688299
38.194688
0 -122.683053
38.191686
0 -122.680718
38.189743
0 -122.676597
38.18977
0 -122.675762
38.189061
0 -122.67288
38.18983
0 -122.667158
38.189697
0 -122.664478
38.187627
0 -122.663998
38.186504
0 -122.659439
38.186976
0 -122.652605
38.183485
0 -122.648986
38.181077
0 -122.646954
38.181203
0 -122.645127
38.181055
0 -122.637948
38.180249
0 -122.63632
38.178803
0 -122.63387
38.178451
0 -122.628183
38.178887
0 -122.625408
38.182394
0 -122.622647
38.182624
0 -122.620948
38.18196
0 -122.618832
38.182313
0 -122.615109
38.182353
0 -122.612504
38.180591
0 -122.609999
38.1813
0 -122.605634
38.180428
0 -122.603505
38.180852
0 -122.60164
38.183342
0 -122.600917
38.185263
0 -122.598169
38.187194
0 -122.59493
38.188385
0 -122.592601
38.188775
0 -122.591457
38.187631
0 -122.591145
38.185992
0 -122.587221
38.186988
0 -122.586806
38.187721
0 -122.584514
38.188073
0 -122.583709
38.187041
0 -122.582118
38.18802
0 -122.581864
38.186113
0 -122.579799
38.185536
0 -122.578201
38.183583
0 -122.573237
38.183299
0 -122.570693
38.183518
0 -122.570931
38.184594
0 -122.573174
38.185877
0 -122.572502
38.187067
0 -122.570591
38.187117
0 -122.568933
38.184524
0 -122.565843
38.183142
0 -122.565093
38.182217
0 -122.566462
38.179131
0 -122.568384
38.176836
0 -122.564463
38.175081
0 -122.563993
38.173518
0 -122.564264
38.170694
0 -122.563193
38.169318
0 -122.559243
38.168619
0 -122.556283
38.16971
0 -122.553292
38.169977
0 -122.55198
38.169001
0 -122.553492
38.166618
0 -122.555993
38.165468
0 -122.557992
38.16353
0 -122.558435
38.161974
0 -122.557138
38.159578
0 -122.554803
38.158655
0 -122.549615
38.15729
0 -122.547601
38.157473
0 -122.545376
38.158733
0 -122.54371
38.158068
0 -122.541497
38.155184
0 -122.537697
38.151514
0 -122.533257
38.148119
0 -122.529549
38.146105
0 -122.523964
38.143511
0 -122.519019
38.139742
0 -122.515952
38.136454
0 -122.513104
38.13212
0 -122.511512
38.127147
0 -122.511291
38.124919
0 -122.507926
38.118098
0 -122.505707
38.115526
0 -122.50282
38.113002
0 -122.500555
38.111781
0 -122.49996
38.111545
0 -122.49391
38.110648
0 -122.493352
38.110553
0 -122.490726960382
38.1097551188534
0 -122.489974
38.112014
0 -122.483193
38.113908
0 -122.456126268336
38.117457293139
0 -122.456098
38.117461
0 -122.451252578545
38.1164514313277
0 -122.450377
38.116269
0 -122.445863961867
38.1165422895314
0 -122.442501799445
38.1167458871447
0 -122.439577
38.116923
0 -122.439042325262
38.1172498564424
0 -122.419733
38.129054
0 -122.400006
38.138588
0 -122.398817
38.142701
0 -122.398128869978
38.1427994358877
0 -122.406786
38.155632
0 -122.407512
38.157813
0 -122.406793
38.15872
0 -122.404003
38.160409
0 -122.401363
38.161012
0 -122.396822
38.161451
0 -122.384774
38.160964
0 -122.381705
38.160486
0 -122.375073
38.158653
0 -122.374358
38.15801
0 -122.371116
38.15772
0 -122.367561
38.158792
0 -122.366215
38.160855
0 -122.365582
38.166029
0 -122.366494
38.169432
0 -122.36875
38.172949
0 -122.369751
38.175875
0 -122.369027
38.181898
0 -122.36679
38.183824
0 -122.362824
38.183431
0 -122.360079
38.181929
0 -122.358565
38.181974
0 -122.35737
38.183958
0 -122.356908
38.188682
0 -122.357051
38.190634
0 -122.358176
38.192738
0 -122.360544
38.19506
0 -122.360257
38.197115
0 -122.357779
38.197673
0 -122.355128
38.196862
0 -122.35321
38.195482
0 -122.350502
38.192611
0 -122.349564
38.193972
0 -122.350855
38.196926
0 -122.350391
38.200552
0 -122.350681
38.201831
0 -122.352284
38.202667
0 -122.35407
38.205421
0 -122.356377
38.206796
0 -122.357534
38.208866
0 -122.359241
38.209989
0 -122.358344
38.211693
0 -122.358037
38.214706
0 -122.358267
38.218524
0 -122.359924
38.230501
0 -122.366787
38.247015
0 -122.370387
38.246915
0 -122.370481
38.245318
0 -122.374587
38.244515
0 -122.373865
38.247438
0 -122.377187
38.248415
0 -122.377287
38.249915
0 -122.378987
38.250714
0 -122.380771
38.252837
0 -122.382487
38.254115
0 -122.384342
38.2545
0 -122.385587
38.256715
0 -122.388157
38.258345
0 -122.389896
38.260695
0 -122.389073
38.264388
0 -122.389272
38.267867
0 -122.38738
38.270202
0 -122.388387
38.27146
0 -122.387242
38.273253
0 -122.388188
38.274215
0 -122.389851
38.274268
0 -122.393864
38.273131
0 -122.394139
38.272155
0 -122.396992
38.272094
0 -122.399998
38.274138
0 -122.403128
38.280096
0 -122.40476
38.28182
0 -122.402029
38.284437
0 -122.401235
38.286886
0 -122.401525
38.28832
0 -122.400823
38.289549
0 -122.40241
38.293974
0 -122.401693
38.295202
0 -122.402624
38.297987
0 -122.403589
38.299114
0 -122.40277
38.300549
0 -122.401739
38.30245
0 -122.400335
38.303243
0 -122.397603
38.303533
0 -122.394917
38.304479
0 -122.396336
38.309179
0 -122.398931
38.311796
0 -122.401953
38.314191
0 -122.403738
38.319722
0 -122.405401
38.322118
0 -122.406866
38.321805
0 -122.408575
38.320111
0 -122.40946
38.321133
0 -122.409719
38.325963
0 -122.4121
38.32787
0 -122.413732
38.330693
0 -122.413504
38.332089
0 -122.411993
38.334012
0 -122.414404
38.33627
0 -122.417562
38.33801
0 -122.417257
38.339322
0 -122.418753
38.339589
0 -122.420126
38.338345
0 -122.421514
38.339513
0 -122.42439
38.344413
0 -122.42499
38.345113
0 -122.427207
38.346043
0 -122.427329
38.34914
0 -122.429114
38.349453
0 -122.429328
38.351001
0 -122.432929
38.353428
0 -122.436683
38.355137
0 -122.43743
38.356662
0 -122.439506
38.358112
0 -122.442283
38.359035
0 -122.444114
38.358707
0 -122.447196
38.359035
0 -122.44969
38.361012
0 -122.453054
38.362811
0 -122.45449
38.365619
0 -122.457741
38.367466
0 -122.457115
38.370548
0 -122.453574
38.374187
0 -122.44999
38.374912
0 -122.44789
38.379312
0 -122.453522
38.382392
0 -122.45399
38.383912
0 -122.459538
38.387495
0 -122.465891
38.390411
0 -122.470191
38.397511
0 -122.468091
38.400011
0 -122.470791
38.402811
0 -122.470591
38.404911
0 -122.4724
38.405514
0 -122.47539
38.406511
0 -122.475591
38.409111
0 -122.494397
38.422719
0 -122.497191
38.423811
0 -122.497475
38.424306
0 -122.493491
38.42921
0 -122.494191
38.43111
0 -122.491391
38.43441
0 -122.487107
38.431718
0 -122.485507
38.437478
0 -122.484195
38.438006
0 -122.483043
38.44039
0 -122.480003
38.44303
0 -122.479955
38.448726
0 -122.482991
38.45271
0 -122.485391
38.45291
0 -122.488391
38.45431
0 -122.492091
38.45451
0 -122.493691
38.45651
0 -122.496846
38.455634
0 -122.50155
38.455919
0 -122.504067
38.45714
0 -122.507287
38.457254
0 -122.509728
38.458254
0 -122.508569
38.459184
0 -122.508843
38.460802
0 -122.510049
38.46216
0 -122.508192
38.464309
0 -122.505822
38.464493
0 -122.508798
38.467003
0 -122.511117
38.467148
0 -122.516244
38.470872
0 -122.517175
38.470246
0 -122.520318
38.471291
0 -122.522637
38.470185
0 -122.524804
38.470261
0 -122.529592
38.469609
0 -122.529626
38.47313
0 -122.531335
38.476342
0 -122.531396
38.478539
0 -122.533532
38.480729
0 -122.53608
38.482338
0 -122.538009
38.48535
0 -122.538223
38.486541
0 -122.540536
38.488312
0 -122.540978
38.491676
0 -122.544733
38.495675
0 -122.543923
38.498086
0 -122.541253
38.498917
0 -122.538201
38.497902
0 -122.535491
38.501726
0 -122.538796
38.502694
0 -122.541238
38.504174
0 -122.542962
38.506257
0 -122.54316
38.507493
0 -122.545527
38.506798
0 -122.54722
38.510338
0 -122.548807
38.511627
0 -122.54632
38.512603
0 -122.542367
38.513198
0 -122.542871
38.515747
0 -122.545298
38.516456
0 -122.543557
38.518013
0 -122.543893
38.519966
0 -122.546393
38.521208
0 -122.547175
38.521858
0 -122.550623
38.522132
0 -122.552782
38.525689
0 -122.557133
38.525485
0 -122.561899
38.526786
0 -122.563608
38.525368
0 -122.566644
38.525543
0 -122.566629
38.528625
0 -122.569473
38.529659
0 -122.569819
38.533103
0 -122.573674
38.538725
0 -122.573999
38.540359
0 -122.577194
38.542308
0 -122.579706
38.546508
0 -122.582285
38.548522
0 -122.582148
38.549399
0 -122.585076
38.549133
0 -122.586329
38.551581
0 -122.589426
38.5521
0 -122.596064
38.555281
0 -122.600228
38.555656
0 -122.602659
38.557496
0 -122.603282
38.558784
0 -122.6076
38.559524
0 -122.611079
38.558417
0 -122.615031
38.558531
0 -122.620846
38.560317
0 -122.621441
38.56333
0 -122.620678
38.563613
0 -122.620403
38.565742
0 -122.622769
38.567825
0 -122.624737
38.568458
0 -122.626095
38.569908
0 -122.628795
38.570308
0 -122.631832
38.569367
0 -122.632275
38.57238
0 -122.631206
38.575569
0 -122.631602
38.57621
0 -122.630494
38.579008
0 -122.633114
38.580459
0 -122.634982
38.58301
0 -122.635496
38.585708
0 -122.634992
38.586387
0 -122.640531
38.591095
0 -122.642118
38.593902
0 -122.643567
38.594894
0 -122.645063
38.597769
0 -122.646421
38.598593
0 -122.644696
38.602507
0 -122.644695
38.603224
0 -122.641797
38.605483
0 -122.639142
38.609267
0 -122.639981
38.610457
0 -122.639142
38.612059
0 -122.637342
38.612792
0 -122.634732
38.614569
0 -122.633268
38.616629
0 -122.633588
38.619864
0 -122.628293
38.623038
0 -122.630096
38.626807
0 -122.632996
38.627607
0 -122.634096
38.636907
0 -122.627796
38.644306
0 -122.626996
38.647406
0 -122.624196
38.649806
0 -122.623785
38.664383
0 -122.627396
38.667506
0 -122.626761
38.670818
0 -122.625784
38.672194
0 -122.625464
38.674402
0 -122.626408
38.675954
0 -122.629928
38.679346
0 -122.631592
38.680226
0 -122.633112
38.682194
0 -122.633896
38.685282
0 -122.635656
38.685906
0 -122.639497
38.689058
0 -122.638361
38.692594
0 -122.637049
38.69373
0 -122.639913
38.694978
0 -122.640569
38.69725
0 -122.643785
38.698962
0 -122.644937
38.702689
0 -122.646569
38.706177
0 -122.648601
38.706657
0 -122.654089
38.70701
0 -122.657385
38.706082
0 -122.659802
38.706466
0 -122.66219
38.70594
0 -122.664677
38.707418
0 -122.66577
38.706962
0 -122.669402
38.70837
0 -122.67233
38.706274
0 -122.674234
38.706354
0 -122.676826
38.707986
0 -122.680122
38.707602
0 -122.682411
38.707906
0 -122.683883
38.70949
0 -122.687723
38.71045
0 -122.691835
38.710946
0 -122.693563
38.712962
0 -122.695451
38.71309
0 -122.695323
38.714306
0 -122.697259
38.718018
0 -122.696251
38.720098
0 -122.696683
38.72101
0 -122.697691
38.721906
0 -122.698619
38.724738
0 -122.700716
38.726306
0 -122.700924
38.728866
0 -122.703756
38.73053
0 -122.707164
38.731746
0 -122.71038
38.732082
0 -122.71118
38.734482
0 -122.71086
38.735458
0 -122.711996
38.737634
0 -122.711116
38.74021
0 -122.712332
38.742226
0 -122.710795
38.744657
0 -122.708774
38.746401
0 -122.709321
38.74902
0 -122.711403
38.749906
0 -122.7117
38.750763
0 -122.71395
38.751461
0 -122.716596
38.751876
0 -122.717139
38.752763
0 -122.720085
38.753545
0 -122.721509
38.756585
0 -122.724158
38.756561
0 -122.723037
38.758642
0 -122.723641
38.760645
0 -122.722693
38.763013
0 -122.723884
38.763117
0 -122.727136
38.766076
0 -122.728204
38.766084
0 -122.728354
38.7686
0 -122.729543
38.770704
0 -122.732685
38.770897
0 -122.73366
38.771711
0 -122.735885
38.774501
0 -122.736417
38.776831
0 -122.735338
38.777888
0 -122.73891
38.781857
0 -122.742246
38.78234
0 -122.743959
38.784758
0 -122.746812
38.787149
0 -122.74822
38.787795
0 -122.747447
38.789811
0 -122.748146
38.790595
0 -122.747649
38.792269
0 -122.746699
38.794225
0 -122.747065
38.795257
0 -122.746198
38.799248
0 -122.747756
38.803344
0 -122.748742
38.80419
0 -122.754314
38.805797
0 -122.758839
38.807842
0 -122.760548
38.810535
0 -122.764816
38.812935
0 -122.767613
38.813871
0 -122.766356
38.815065
0 -122.76883
38.816604
0 -122.770294
38.819573
0 -122.772035
38.82026
0 -122.77248
38.82153
0 -122.774916
38.821747
0 -122.780193
38.826843
0 -122.783991
38.827582
0 -122.786138
38.827339
0 -122.78937
38.830329
0 -122.791393
38.830429
0 -122.793435
38.833735
0 -122.795198
38.835529
0 -122.795989
38.838952
0 -122.798313
38.839335
0 -122.799796
38.836978
0 -122.804711
38.836735
0 -122.808674
38.836643
0 -122.808983
38.83755
0 -122.812089
38.838412
0 -122.811058
38.841316
0 -122.812874
38.843274
0 -122.815522
38.843485
0 -122.818314
38.844585
0 -122.816886
38.846823
0 -122.817651
38.849839
0 -122.819716
38.849011
0 -122.821592
38.85014
0 -122.830237
38.85012
0 -122.836404
38.850299
0 -122.942518
38.850435
0 -122.948555
38.85072
0 -122.982751
38.851484
0 -122.99888
38.851169
0 -123.006918
38.851247
0 -123.018785
38.85237
0 -123.027674
38.852916
0 -123.029253
38.852831
0 -123.031484
38.852713
0 -123.062109
38.852276
0 -123.080997
38.852438
0 -123.081082
38.847283
0 -123.08123
38.838406
0 -123.118025
38.839551
0 -123.126114
38.839318
0 -123.136636
38.839448
0 -123.136253
38.809136
0 -123.142279
38.808875
0 -123.209287
38.80894
0 -123.238964
38.808557
0 -123.26871
38.808369
0 -123.271759
38.808399
0 -123.28168
38.807503
0 -123.368394
38.80664
0 -123.368236
38.777066
0 -123.376089
38.777235
0 -123.38526
38.777031
0 -123.497042
38.778604
0 -123.499155
38.778327
0 -123.498956
38.778127
0 -123.499582
38.774093
0 -123.502216
38.774441
0 -123.505233
38.774277
0 -123.507041
38.773532
0 -123.508824
38.76995
0 -123.509462
38.767856
0 -123.510799
38.767352
0 -123.514626
38.768475
0 -123.516343
38.767784
0 -123.518147
38.763559
0 -123.518938
38.759366
0 -123.520961
38.758575
0 -123.525627
38.762911
0 -123.52851
38.764409
0 -123.533535
38.768408
0 