-77.501917
36.670506
0 -77.499701
36.670246
0 -77.497253
36.670668
0 -77.495205
36.668038
0 -77.493672
36.669091
0 -77.493731
36.671837
0 -77.492224
36.671541
0 -77.491399
36.670008
0 -77.490149
36.669551
0 -77.487224
36.670513
0 -77.485746
36.669553
0 -77.485148
36.667357
0 -77.484125
36.666602
0 -77.481029
36.667267
0 -77.479667
36.669281
0 -77.477025
36.668664
0 -77.47529
36.664706
0 -77.476937
36.663104
0 -77.47668
36.661021
0 -77.475429
36.660037
0 -77.472646
36.660038
0 -77.471423
36.659444
0 -77.469379
36.660016
0 -77.467418
36.657431
0 -77.466281
36.65512
0 -77.463128
36.653633
0 -77.463837
36.652535
0 -77.461082
36.652627
0 -77.458243
36.655236
0 -77.455772
36.655443
0 -77.455232
36.653978
0 -77.456538
36.652902
0 -77.458271
36.652719
0 -77.458583
36.651506
0 -77.457447
36.650774
0 -77.454862
36.652056
0 -77.452051
36.652331
0 -77.45046
36.651873
0 -77.447449
36.649608
0 -77.446029
36.651531
0 -77.44458
36.65121
0 -77.442166
36.651851
0 -77.439326
36.650204
0 -77.439468
36.652286
0 -77.438389
36.653041
0 -77.437906
36.654918
0 -77.436969
36.655078
0 -77.436259
36.652286
0 -77.432283
36.653819
0 -77.431232
36.651645
0 -77.430153
36.652904
0 -77.429528
36.655261
0 -77.428534
36.655192
0 -77.427199
36.653339
0 -77.425012
36.653979
0 -77.423847
36.65256
0 -77.422625
36.65359
0 -77.420723
36.653498
0 -77.419302
36.654551
0 -77.41953
36.652697
0 -77.418309
36.651896
0 -77.417144
36.653658
0 -77.414985
36.654069
0 -77.414276
36.653108
0 -77.412657
36.653222
0 -77.41172
36.65233
0 -77.411379
36.650178
0 -77.409647
36.649606
0 -77.407318
36.649834
0 -77.40695
36.647614
0 -77.404195
36.647796
0 -77.402776
36.646835
0 -77.401213
36.64759
0 -77.399253
36.647086
0 -77.399254
36.644889
0 -77.397863
36.644613
0 -77.397521
36.646284
0 -77.396215
36.646467
0 -77.393406
36.641179
0 -77.390878
36.641796
0 -77.390823
36.639508
0 -77.389687
36.639141
0 -77.387926
36.640605
0 -77.388919
36.641361
0 -77.387896
36.642527
0 -77.386193
36.641634
0 -77.385881
36.641039
0 -77.386198
36.63312
0 -77.386796
36.630329
0 -77.385888
36.629573
0 -77.384269
36.630877
0 -77.382366
36.631471
0 -77.383103
36.632982
0 -77.381769
36.633187
0 -77.379867
36.632362
0 -77.377963
36.633048
0 -77.375324
36.630781
0 -77.373467
36.629885
0 -77.374199
36.627413
0 -77.372101
36.626338
0 -77.373951
36.624831
0 -77.37613
36.624662
0 -77.376301
36.623576
0 -77.373751
36.623366
0 -77.373267
36.621947
0 -77.375308
36.621813
0 -77.375508
36.620692
0 -77.371391
36.618469
0 -77.373348
36.617255
0 -77.370453
36.617417
0 -77.370139
36.615976
0 -77.36801
36.615588
0 -77.367725
36.613711
0 -77.368519
36.61339
0 -77.371273
36.614167
0 -77.370249
36.611536
0 -77.371638
36.609406
0 -77.370076
36.608171
0 -77.371296
36.607164
0 -77.370699
36.606752
0 -77.366129
36.606549
0 -77.365901
36.604947
0 -77.365022
36.606046
0 -77.362695
36.606665
0 -77.364822
36.604444
0 -77.363856
36.603231
0 -77.363855
36.601377
0 -77.360505
36.601402
0 -77.359454
36.600395
0 -77.35741
36.600785
0 -77.358629
36.598176
0 -77.35789
36.59662
0 -77.359451
36.596207
0 -77.359137
36.593462
0 -77.359618
36.592409
0 -77.357547
36.592387
0 -77.357999
36.590281
0 -77.356184
36.590946
0 -77.355842
36.590008
0 -77.357062
36.588313
0 -77.35848
36.587649
0 -77.357089
36.5871
0 -77.357514
36.585407
0 -77.355811
36.584767
0 -77.356661
36.58289
0 -77.355639
36.582776
0 -77.355893
36.580487
0 -77.358331
36.57632
0 -77.360345
36.575427
0 -77.36114
36.576594
0 -77.361365
36.574099
0 -77.362301
36.573595
0 -77.360683
36.572794
0 -77.361258
36.569947
0 -77.359604
36.56881
0 -77.359404
36.567506
0 -77.360906
36.56476
0 -77.357757
36.564303
0 -77.358407
36.562954
0 -77.356535
36.560986
0 -77.357668
36.558742
0 -77.354859
36.558538
0 -77.35568
36.556296
0 -77.35514
36.55451
0 -77.350998
36.554603
0 -77.351679
36.553688
0 -77.350203
36.552247
0 -77.348359
36.552522
0 -77.347819
36.550508
0 -77.345863
36.552683
0 -77.343084
36.553714
0 -77.341836
36.553142
0 -77.342005
36.551723
0 -77.34033
36.550648
0 -77.336132
36.550695
0 -77.335907
36.554448
0 -77.330659
36.554541
0 -77.330829
36.555822
0 -77.333014
36.557195
0 -77.331596
36.557699
0 -77.330376
36.556692
0 -77.327738
36.55683
0 -77.325865
36.553786
0 -77.323794
36.555572
0 -77.322631
36.555206
0 -77.322971
36.553169
0 -77.321581
36.551933
0 -77.322574
36.550354
0 -77.320304
36.550697
0 -77.315993
36.5504
0 -77.314943
36.548958
0 -77.312759
36.550034
0 -77.311907
36.551636
0 -77.311964
36.547196
0 -77.309184
36.54667
0 -77.304334
36.547287
0 -77.302377
36.547173
0 -77.302547
36.548363
0 -77.300732
36.547219
0 -77.299342
36.547516
0 -77.298831
36.545342
0 -77.296875130781
36.5447391567603
0 -77.253208036043
36.5446638589879
0 -77.2286204547709
36.544621461157
0 -77.205156
36.544581
0 -77.190175
36.546164
0 -77.16966
36.547315
0 -77.1645
36.54633
0 -77.152691
36.544078
0 -77.124812
36.543986
0 -77.103030860981
36.5444545690411
0 -77.095062
36.544626
0 -77.069254294105
36.5445090814937
0 -76.9216051487051
36.5438401759505
0 -76.916048
36.543815
0 -76.917318
36.546046
0 -76.916989
36.550742
0 -76.915897
36.552093
0 -76.91573
36.553309
0 -76.916998
36.554499
0 -76.91963
36.554608
0 -76.92054
36.555847
0 -76.923461
36.555795
0 -76.926217
36.557731
0 -76.930936
36.559569
0 -76.927654
36.562392
0 -76.92804
36.565653
0 -76.927739
36.568793
0 -76.926141
36.571952
0 -76.924179
36.572914
0 -76.921607
36.57299
0 -76.919003
36.572357
0 -76.917996
36.572568
0 -76.91759
36.573889
0 -76.920836
36.576131
0 -76.920251
36.577614
0 -76.918317
36.577891
0 -76.915912
36.577
0 -76.912453
36.577093
0 -76.91056
36.577925
0 -76.909476
36.579167
0 -76.909923
36.58271
0 -76.910206
36.589426
0 -76.909464
36.591923
0 -76.910793
36.597575
0 -76.912617
36.601711
0 -76.91247
36.602678
0 -76.908303
36.608385
0 -76.90731
36.612116
0 -76.908391
36.614506
0 -76.911861
36.617105
0 -76.912268
36.617895
0 -76.910964
36.619229
0 -76.90764
36.619905
0 -76.902094
36.622564
0 -76.899996
36.620463
0 -76.898469
36.621442
0 -76.898076
36.623909
0 -76.89388
36.625712
0 -76.892944
36.628418
0 -76.891345
36.630445
0 -76.895063
36.635712
0 -76.895112
36.63964
0 -76.895685
36.642055
0 -76.897592
36.64405
0 -76.9004
36.645731
0 -76.907702
36.64719
0 -76.909672
36.648175
0 -76.910058
36.647146
0 -76.912379
36.648273
0 -76.936729
36.65989
0 -76.941857
36.661484
0 -76.945724
36.661557
0 -76.954635
36.664263
0 -76.957045
36.665605
0 -76.957786
36.666259
0 -76.958346
36.666655
0 -76.962339
36.667515
0 -76.957095
36.669465
0 -76.9496
36.672858
0 -76.949824
36.674058
0 -76.947438
36.67588
0 -76.949695
36.678673
0 -76.954319
36.677963
0 -76.9645
36.67887
0 -76.966486
36.680449
0 -76.968027
36.682971
0 -76.96789
36.683675
0 -76.967855
36.683851
0 -76.968137
36.685066
0 -76.965495
36.689734
0 -76.966872
36.692808
0 -76.965216
36.694257
0 -76.96941
36.696297
0 -76.96839
36.70058
0 -76.967212
36.702588
0 -76.962281
36.702586
0 -76.963021
36.704696
0 -76.961663
36.704946
0 -76.949535
36.708617
0 -76.939093
36.708644
0 -76.925403
36.708644
0 -76.924629
36.707729
0 -76.922643
36.709558
0 -76.924464
36.710757
0 -76.924279
36.712754
0 -76.923358
36.713546
0 -76.922585
36.715922
0 -76.921306
36.716587
0 -76.918764
36.716035
0 -76.918405
36.71693
0 -76.919782
36.718156
0 -76.918859
36.719849
0 -76.916692
36.718063
0 -76.916989
36.719531
0 -76.914176
36.722144
0 -76.916572
36.724468
0 -76.91346
36.72552
0 -76.913876
36.727723
0 -76.915834
36.728766
0 -76.91366
36.729261
0 -76.91699
36.733724
0 -76.915377
36.736455
0 -76.912953
36.737374
0 -76.912542
36.738751
0 -76.910306
36.738756
0 -76.909501
36.741429
0 -76.90591
36.740116
0 -76.904227
36.738884
0 -76.903552
36.739304
0 -76.901871
36.742533
0 -76.898509
36.744581
0 -76.896655
36.745153
0 -76.894807
36.747034
0 -76.899719
36.753576
0 -76.900539
36.752841
0 -76.900146
36.755091
0 -76.901724
36.755008
0 -76.900361
36.756311
0 -76.901405
36.757393
0 -76.897564
36.759612
0 -76.898305
36.761998
0 -76.89571
36.762126
0 -76.895053
36.763408
0 -76.894532
36.762184
0 -76.89278
36.76251
0 -76.892801
36.760439
0 -76.890543
36.76061
0 -76.889626
36.762021
0 -76.886934
36.764057
0 -76.886622
36.763041
0 -76.88462
36.764402
0 -76.884829
36.766335
0 -76.887574
36.769152
0 -76.887977
36.771198
0 -76.889389
36.771535
0 -76.888153
36.773969
0 -76.885181
36.775557
0 -76.887202
36.776931
0 -76.886467
36.777964
0 -76.88499
36.780222
0 -76.883445
36.781181
0 -76.879882
36.78116
0 -76.878316
36.782283
0 -76.875687
36.782999
0 -76.872666
36.784876
0 -76.871928
36.788323
0 -76.868614
36.787724
0 -76.867007
36.787959
0 -76.86559
36.789574
0 -76.865194
36.792264
0 -76.866083
36.793732
0 -76.86541
36.795505
0 -76.861938
36.797653
0 -76.861718
36.80064
0 -76.862545
36.803893
0 -76.863571
36.804928
0 -76.866199
36.803915
0 -76.868025
36.806029
0 -76.868881
36.808449
0 -76.86739
36.809354
0 -76.866572
36.81159
0 -76.865603
36.810654
0 -76.865484
36.81344
0 -76.864029
36.813919
0 -76.865724
36.816873
0 -76.864546
36.817368
0 -76.864624
36.819703
0 -76.86255
36.822584
0 -76.86215
36.823957
0 -76.863098
36.825053
0 -76.862027
36.826807
0 -76.859969
36.82743
0 -76.859041
36.826722
0 -76.859217
36.824937
0 -76.857495
36.82492
0 -76.856213
36.825875
0 -76.855625
36.827207
0 -76.856863
36.831023
0 -76.858997
36.832147
0 -76.858817
36.833589
0 -76.859689
36.835699
0 -76.857749
36.836795
0 -76.857597
36.837793
0 -76.856004
36.83853
0 -76.855607
36.84155
0 -76.853988
36.843212
0 -76.853191
36.84254
0 -76.85171
36.844694
0 -76.850607
36.844436
0 -76.849285
36.846256
0 -76.849915
36.847242
0 -76.84865
36.849964
0 -76.850579
36.850407
0 -76.852202
36.851807
0 -76.85105
36.852799
0 -76.851915
36.853731
0 -76.849604
36.853118
0 -76.84747
36.854181
0 -76.845551
36.854013
0 -76.844389
36.855182
0 -76.840847
36.855752
0 -76.839506
36.857861
0 -76.839521
36.859442
0 -76.837251
36.860331
0 -76.836192
36.859761
0 -76.835823
36.861411
0 -76.833855
36.862853
0 -76.835767
36.864221
0 -76.838488
36.865054
0 -76.838893
36.865852
0 -76.838687
36.866758
0 -76.835088
36.868556
0 -76.831392
36.869115
0 -76.830187
36.870164
0 -76.831099
36.872295
0 -76.82985
36.872935
0 -76.829071
36.875785
0 -76.827261
36.876333
0 -76.82494
36.875898
0 -76.824181
36.878121
0 -76.822317
36.878315
0 -76.821924
36.876935
0 -76.820427
36.877692
0 -76.820438
36.879029
0 -76.818031
36.880584
0 -76.817737
36.882057
0 -76.820526
36.883599
0 -76.822108
36.882345
0 -76.823301
36.882437
0 -76.82303
36.883846
0 -76.826073
36.884726
0 -76.827278
36.886023
0 -76.827272
36.887483
0 -76.825818
36.888556
0 -76.826388
36.889431
0 -76.825636
36.89122
0 -76.822229
36.891337
0 -76.822103
36.892599
0 -76.819414
36.892891
0 -76.818528
36.895595
0 -76.819396
36.896584
0 -76.816965
36.898616
0 -76.816499
36.899771
0 -76.814941
36.900465
0 -76.815576
36.905384
0 -76.817073
36.906167
0 -76.819087
36.906873
0 -76.816139
36.909205
0 -76.816432
36.911575
0 -76.815269
36.912579
0 -76.815601
36.914278
0 -76.81855
36.915912
0 -76.821225
36.916818
0 -76.822498
36.91623
0 -76.824283
36.917328
0 -76.827306
36.920762
0 -76.828778
36.921025
0 -76.830817
36.917851
0 -76.833043
36.918169
0 -76.833464
36.917373
0 -76.835658
36.91939
0 -76.835154
36.920187
0 -76.836282
36.922725
0 -76.836042
36.924057
0 -76.833701
36.924631
0 -76.833669
36.925942
0 -76.831432
36.929591
0 -76.833125
36.930321
0 -76.83468
36.929692
0 -76.837213
36.929653
0 -76.837581
36.928769
0 -76.839989
36.929071
0 -76.843028
36.93096
0 -76.844829
36.932596
0 -76.845745
36.934527
0 -76.844257
36.938224
0 -76.845339
36.938612
0 -76.845298
36.940793
0 -76.846873
36.942627
0 -76.850371
36.944472
0 -76.852503
36.947115
0 -76.851144
36.948596
0 -76.853335
36.953221
0 -76.855798
36.95516
0 -76.85897
36.956031
0 -76.859281
36.957992
0 -76.857342
36.959511
0 -76.857509
36.960269
0 -76.85508
36.963652
0 -76.855986
36.964431
0 -76.855224
36.967322
0 -76.853063
36.970886
0 -76.853927
36.972193
0 -76.851196
36.974153
0 -76.851253
36.976102
0 -76.854212
36.978646
0 -76.854118
36.979799
0 -76.852311
36.981886
0 -76.851632
36.984325
0 -76.850122
36.986727
0 -76.851157
36.989612
0 -76.850115
36.99067
0 -76.850273
36.992386
0 -76.849288
36.9932
0 -76.849105
36.995573
0 -76.849684
36.996211
0 -76.870705
36.985666
0 -76.953546
36.94445
0 -76.961189
36.940656
0 -76.964808
36.93856
0 -76.98259
36.929609
0 -76.999683
36.921674
0 -77.002103
36.920747
0 -77.027015
36.907677
0 -77.069918
36.884566
0 -77.097824
36.869979
0 -77.119808
36.858759
0 -77.121793
36.857741
0 -77.179908
36.829457
0 -77.207271
36.816131
0 -77.226043
36.807043
0 -77.344798
36.752586
0 -77.430127
36.707658
0 -77.461302
36.691001
0 -77.481871
36.68079
0 -77.501917
36.670506
0 