-117.823156
47.377179
0 -117.823695
47.260378
0 -117.81811
47.26031
0 -117.81785
47.26033
0 -117.74921
47.259995
0 -117.67431
47.25999
0 -117.66727
47.25996
0 -117.66562
47.259758
0 -117.572984
47.259786
0 -117.563352
47.259723
0 -117.493424
47.259521
0 -117.488699
47.259522
0 -117.473284
47.259519
0 -117.326748
47.259774
0 -117.225582
47.259582
0 -117.220831
47.259661
0 -117.21927
47.25956
0 -117.21649
47.25963
0 -117.215009
47.25957
0 -117.21407
47.25969
0 -117.193109
47.259659
0 -117.17211
47.25958
0 -117.088631
47.259477
0 -117.040019
47.259272
0 -117.039916376829
47.3105421865484
0 -117.039843
47.347201
0 -117.039843156267
47.3472139983498
0 -117.040070204144
47.3660998816571
0 -117.040176
47.3749
0 -117.039882
47.399085
0 -117.039913017792
47.4051640310302
0 -117.03995
47.412412
0 -117.039948
47.434885
0 -117.039948010518
47.4348979983731
0 -117.039971
47.463309
0 -117.039945
47.477823
0 -117.040513191232
47.5222877085925
0 -117.040514
47.522351
0 -117.040519835225
47.5233318825769
0 -117.040545
47.527562
0 -117.040745
47.532909
0 -117.041276
47.55821
0 -117.041174
47.55853
0 -117.04090419674
47.5715155309946
0 -117.04085
47.574124
0 -117.040875511502
47.5786913053101
0 -117.040881465364
47.5797572208278
0 -117.040909170342
47.5847172224757
0 -117.040986291778
47.5985242162117
0 -117.041116567253
47.6218473379792
0 -117.041126223776
47.6235761382286
0 -117.041431
47.67814
0 -117.041431
47.678185
0 -117.041431
47.68
0 -117.041532
47.683194
0 -117.041585155842
47.6954072125855
0 -117.041591860922
47.6969477876381
0 -117.041595212642
47.6977178869483
0 -117.04159573462
47.6978378176435
0 -117.041608949248
47.7008740421697
0 -117.041612639425
47.7017219060335
0 -117.041612839026
47.7017677667094
0 -117.041626030809
47.7047987420446
0 -117.041633
47.7064
0 -117.041633994656
47.7067605076788
0 -117.041678
47.72271
0 -117.04164863989
47.7311109951419
0 -117.041634
47.7353
0 -117.041667997187
47.7358971561829
0 -117.041669370094
47.7359212711082
0 -117.042135
47.7441
0 -117.042059
47.7451
0 -117.042657
47.760857
0 -117.042623
47.761223
0 -117.042521
47.764896
0 -117.042485
47.766525
0 -117.042064
47.77863
0 -117.041999
47.822399
0 -117.04228432212
47.8324609966455
0 -117.04247
47.839009
0 -117.042450589643
47.8614780765299
0 -117.042439381098
47.8744528837068
0 -117.042429177798
47.8862640390277
0 -117.042366892355
47.9583645352068
0 -117.04236
47.966343
0 -117.042264647787
47.97738615238
0 -117.041676
48.04556
0 -117.175837
48.045712
0 -117.185134
48.045822
0 -117.186788
48.045806
0 -117.19722
48.045871
0 -117.240129
48.046041
0 -117.306571
48.046336
0 -117.393054
48.046899
0 -117.424687
48.047121
0 -117.436903
48.047206
0 -117.535039
48.047865
0 -117.534817
48.033197
0 -117.534526
48.031897
0 -117.534586
47.985942
0 -117.535112
47.93169
0 -117.535124
47.902882
0 -117.535298
47.889374
0 -117.535179
47.848908
0 -117.535609
47.841062
0 -117.535597
47.830619
0 -117.535418
47.817949
0 -117.535661
47.795111
0 -117.537174
47.797193
0 -117.539796
47.797747
0 -117.551464
47.801299
0 -117.559572
47.801129
0 -117.573564
47.795432
0 -117.574676
47.793987
0 -117.577688
47.793635
0 -117.589245
47.797546
0 -117.596745
47.800084
0 -117.603633
47.805907
0 -117.607515
47.810545
0 -117.609988
47.814276
0 -117.613912
47.816314
0 -117.615987
47.818745
0 -117.616817
47.822467
0 -117.618124
47.826602
0 -117.619518
47.828041
0 -117.623369
47.828772
0 -117.624717
47.829109
0 -117.630464
47.834869
0 -117.639237
47.83623
0 -117.64595
47.835182
0 -117.649571
47.835011
0 -117.653226
47.836891
0 -117.658194
47.841617
0 -117.663974
47.848527
0 -117.665337
47.851605
0 -117.665195
47.853923
0 -117.664281
47.856669
0 -117.664796
47.859347
0 -117.66736
47.863974
0 -117.667528
47.868439
0 -117.666835
47.872512
0 -117.665908
47.875571
0 -117.664402
47.878844
0 -117.664519
47.879994
0 -117.66609
47.882562
0 -117.672347
47.888174
0 -117.673825
47.888762
0 -117.677272
47.88911
0 -117.682867
47.888696
0 -117.687914
47.887315
0 -117.691553
47.886012
0 -117.694251
47.882104
0 -117.696091
47.877712
0 -117.698142
47.874819
0 -117.702577
47.863737
0 -117.701011
47.861184
0 -117.698246
47.85906
0 -117.69801
47.857532
0 -117.699097
47.856089
0 -117.706006
47.853765
0 -117.708423
47.851577
0 -117.709186
47.849788
0 -117.711753
47.8469
0 -117.712711
47.846444
0 -117.724901
47.842495
0 -117.730415
47.840472
0 -117.735055
47.837914
0 -117.73688
47.836595
0 -117.737842
47.834363
0 -117.746292
47.828371
0 -117.752844
47.82666
0 -117.754945
47.827345
0 -117.758119
47.829748
0 -117.763417
47.83081
0 -117.769824
47.830525
0 -117.774142
47.829417
0 -117.779282
47.82682
0 -117.782019
47.824743
0 -117.783722
47.821553
0 -117.78532
47.820189
0 -117.786764
47.815745
0 -117.789372
47.812399
0 -117.792255
47.810918
0 -117.800258
47.812362
0 -117.802694
47.813158
0 -117.808171
47.81593
0 -117.818005
47.822755
0 -117.818814
47.823991
0 -117.820784
47.825188
0 -117.820412
47.782722
0 -117.820549
47.781345
0 -117.820237
47.744821
0 -117.820314
47.743072
0 -117.820232
47.742569
0 -117.820177
47.687085
0 -117.81972
47.678809
0 -117.819817
47.672571
0 -117.819712
47.657465
0 -117.819619
47.630223
0 -117.819499
47.628816
0 -117.819405
47.614597
0 -117.821752
47.614588
0 -117.821827
47.579842
0 -117.821891
47.551327
0 -117.822877
47.420558
0 -117.822947
47.40944
0 -117.82297
47.379605
0 -117.823156
47.377179
0 