-80.506241
35.192941
0 -80.50602
35.191567
0 -80.504322
35.189184
0 -80.504156
35.187833
0 -80.505271
35.185147
0 -80.504985
35.184998
0 -80.505334
35.184048
0 -80.505018
35.1834
0 -80.504939
35.183237
0 -80.504804
35.183066
0 -80.504627
35.18284
0 -80.504312
35.18244
0 -80.503901
35.18209
0 -80.50359
35.181825
0 -80.503541
35.181783
0 -80.503206
35.18176
0 -80.502314
35.181462
0 -80.499788
35.180454
0 -80.497653
35.179951
0 -80.496007
35.17986
0 -80.493914
35.179289
0 -80.49342
35.179002
0 -80.492966
35.178739
0 -80.491853
35.177973
0 -80.491403
35.177664
0 -80.489895
35.176084
0 -80.489337
35.175764
0 -80.488668
35.175581
0 -80.488305
35.175535
0 -80.485684
35.176521
0 -80.484931
35.17714
0 -80.484234
35.178125
0 -80.483621
35.179224
0 -80.482896
35.180049
0 -80.48259
35.180278
0 -80.481864
35.180324
0 -80.479298
35.17973
0 -80.478544
35.179364
0 -80.477905
35.178817
0 -80.477847
35.178768
0 -80.477582
35.178333
0 -80.477149
35.177623
0 -80.476897
35.176913
0 -80.476873
35.175312
0 -80.47684
35.173111
0 -80.476589
35.172539
0 -80.475947
35.171852
0 -80.475417
35.171417
0 -80.474189
35.170639
0 -80.472875
35.17014
0 -80.472629
35.170022
0 -80.471455
35.169334
0 -80.470171
35.167342
0 -80.468247
35.166815
0 -80.467159
35.16748
0 -80.465236
35.170114
0 -80.463702
35.170412
0 -80.461553
35.168855
0 -80.459628
35.165604
0 -80.457285
35.164551
0 -80.455304
35.164436
0 -80.453883
35.16533
0 -80.449839
35.165354
0 -80.445042
35.164163
0 -80.441749
35.161758
0 -80.439435
35.161415
0 -80.438682
35.161758
0 -80.437008
35.164301
0 -80.435921
35.165102
0 -80.432825
35.166202
0 -80.429562
35.166522
0 -80.428251
35.167347
0 -80.42574
35.16982
0 -80.424876
35.170369
0 -80.422002
35.171766
0 -80.420887
35.172476
0 -80.420161
35.172705
0 -80.419583
35.172743
0 -80.418767
35.172796
0 -80.418563
35.172725
0 -80.417945
35.17251
0 -80.417846
35.172476
0 -80.416926
35.171628
0 -80.415978
35.170116
0 -80.415839
35.169704
0 -80.415839
35.168279
0 -80.415839
35.168121
0 -80.415839
35.16778
0 -80.4157
35.167116
0 -80.413804
35.164871
0 -80.413051
35.164207
0 -80.412968
35.164023
0 -80.411685
35.163542
0 -80.409593
35.163656
0 -80.408533
35.163954
0 -80.40739
35.164526
0 -80.406609
35.165167
0 -80.405465
35.166426
0 -80.405371
35.166473
0 -80.404516
35.166907
0 -80.404173
35.166995
0 -80.404051
35.167026
0 -80.403332
35.167209
0 -80.403261
35.167227
0 -80.400695
35.167433
0 -80.398074
35.165783
0 -80.396255
35.1656
0 -80.396234
35.165599
0 -80.394895
35.165919
0 -80.393835
35.16601
0 -80.390684
35.16585
0 -80.390457
35.165839
0 -80.389525
35.165792
0 -80.389317
35.165781
0 -80.388788
35.16595
0 -80.38767
35.166307
0 -80.38661
35.166902
0 -80.385773
35.167542
0 -80.383903
35.169305
0 -80.38061
35.17212
0 -80.379354
35.173471
0 -80.378739
35.174913
0 -80.377762
35.17647
0 -80.376533
35.177707
0 -80.374786
35.178588
0 -80.372426
35.179609
0 -80.371255
35.179816
0 -80.370976
35.179907
0 -80.370416
35.179889
0 -80.370279
35.179885
0 -80.370222
35.179869
0 -80.369302
35.17961
0 -80.368772
35.179313
0 -80.368381
35.178924
0 -80.367536
35.177791
0 -80.366622
35.176565
0 -80.366371
35.176314
0 -80.365923
35.175508
0 -80.365645
35.175008
0 -80.365617
35.174597
0 -80.365281
35.173109
0 -80.365134
35.17267
0 -80.364531
35.170877
0 -80.364527
35.170864
0 -80.364504
35.170833
0 -80.364465
35.170782
0 -80.364164
35.170384
0 -80.363215
35.16972
0 -80.363052
35.169553
0 -80.361655
35.168125
0 -80.361401
35.167865
0 -80.360371
35.16702
0 -80.360146
35.166835
0 -80.360145
35.166698
0 -80.359922
35.166606
0 -80.359057
35.165759
0 -80.357969
35.165347
0 -80.35532
35.165577
0 -80.354455
35.165852
0 -80.352449
35.168281
0 -80.352003
35.16906
0 -80.351584
35.169358
0 -80.350943
35.16961
0 -80.350134
35.16961
0 -80.348377
35.169221
0 -80.346507
35.169222
0 -80.346257
35.169222
0 -80.346133
35.16927
0 -80.34549
35.169521
0 -80.345207
35.169667
0 -80.344473
35.170047
0 -80.343454
35.17083
0 -80.342716
35.171398
0 -80.341043
35.17362
0 -80.340597
35.173987
0 -80.339537
35.174331
0 -80.338951
35.174308
0 -80.336162
35.173713
0 -80.335632
35.173759
0 -80.333987
35.17424
0 -80.33315
35.174744
0 -80.332592
35.175294
0 -80.332136
35.175573
0 -80.33128
35.176096
0 -80.329914
35.176714
0 -80.329049
35.176875
0 -80.328268
35.176875
0 -80.326929
35.176738
0 -80.32612
35.17644
0 -80.325674
35.176165
0 -80.325353
35.175852
0 -80.324335
35.17486
0 -80.323637
35.173921
0 -80.322661
35.173074
0 -80.322047
35.172868
0 -80.321397
35.172934
0 -80.321378
35.172936
0 -80.321362
35.172949
0 -80.320792
35.173417
0 -80.320458
35.174059
0 -80.320486
35.174883
0 -80.320904
35.176624
0 -80.321016
35.176807
0 -80.321044
35.178158
0 -80.320932
35.178456
0 -80.320096
35.179258
0 -80.319231
35.179807
0 -80.318227
35.180197
0 -80.31725
35.180357
0 -80.315744
35.180266
0 -80.315019
35.180334
0 -80.314238
35.180632
0 -80.313401
35.180747
0 -80.311532
35.180724
0 -80.308117
35.181421
0 -80.30798
35.181448
0 -80.306985
35.18164
0 -80.305758
35.182121
0 -80.305284
35.182441
0 -80.304558
35.183174
0 -80.304363
35.18425
0 -80.304279
35.186655
0 -80.304088
35.187387
0 -80.303944
35.187938
0 -80.303721
35.18835
0 -80.303218
35.188762
0 -80.302382
35.18922
0 -80.300401
35.189724
0 -80.298755
35.190731
0 -80.297862
35.191716
0 -80.296522
35.193502
0 -80.295629
35.194327
0 -80.295127
35.194579
0 -80.293094
35.194536
0 -80.292951
35.194533
0 -80.291472
35.193914
0 -80.290384
35.193204
0 -80.288739
35.191944
0 -80.288125
35.191646
0 -80.287093
35.191646
0 -80.285921
35.192012
0 -80.284747
35.192132
0 -80.284564
35.192151
0 -80.28436
35.192173
0 -80.284053
35.192402
0 -80.283243
35.193822
0 -80.283159
35.194188
0 -80.282852
35.194738
0 -80.28263
35.194949
0 -80.282479
35.195092
0 -80.282287
35.195275
0 -80.281819
35.195721
0 -80.281288
35.195996
0 -80.280172
35.196156
0 -80.27746
35.19614
0 -80.277052
35.196136
0 -80.2754
35.196337
0 -80.271799
35.201214
0 -80.269957
35.202335
0 -80.265659
35.203616
0 -80.264562
35.205141
0 -80.264231
35.208107
0 -80.263368
35.208687
0 -80.260441
35.20859
0 -80.258683
35.208966
0 -80.257014
35.210431
0 -80.254454
35.211275
0 -80.253114
35.210874
0 -80.251169
35.208813
0 -80.251137
35.208771
0 -80.25105
35.208551
0 -80.250973
35.208245
0 -80.250936
35.207837
0 -80.250962
35.207521
0 -80.251091
35.207128
0 -80.251298
35.206658
0 -80.25156
35.205948
0 -80.251659
35.20559
0 -80.251664
35.205547
0 -80.251695
35.205291
0 -80.251722
35.204993
0 -80.251675
35.20461
0 -80.251511
35.204084
0 -80.251281
35.203405
0 -80.250564
35.202258
0 -80.249783
35.201136
0 -80.249223
35.200221
0 -80.249195
35.200061
0 -80.248301
35.198801
0 -80.246901
35.196633
0 -80.246011
35.195253
0 -80.244955
35.193811
0 -80.244932
35.193779
0 -80.244503
35.193216
0 -80.244222
35.193008
0 -80.242002
35.190581
0 -80.241376
35.189896
0 -80.241272
35.189764
0 -80.241069
35.189507
0 -80.240209
35.18816
0 -80.240119
35.188019
0 -80.240008
35.187652
0 -80.239951
35.186988
0 -80.240091
35.186393
0 -80.240139
35.186323
0 -80.240537
35.185164
0 -80.240831
35.18471
0 -80.241063
35.18429
0 -80.241529
35.183536
0 -80.241648
35.183237
0 -80.24181
35.182863
0 -80.241917
35.182476
0 -80.241994
35.182084
0 -80.24204
35.18151
0 -80.242039
35.180962
0 -80.241537
35.179933
0 -80.241537
35.17975
0 -80.241234
35.178915
0 -80.241006
35.178285
0 -80.240643
35.177666
0 -80.240057
35.176751
0 -80.239701
35.176393
0 -80.239421
35.175877
0 -80.239344
35.175613
0 -80.239305
35.175128
0 -80.239204
35.174627
0 -80.238884
35.173992
0 -80.238564
35.173458
0 -80.23829
35.173072
0 -80.238246
35.17301
0 -80.237772
35.17253
0 -80.237183
35.171957
0 -80.236801
35.171632
0 -80.236697
35.171538
0 -80.235869
35.17073
0 -80.233706
35.169026
0 -80.232353
35.16796
0 -80.231181
35.166517
0 -80.230927
35.166063
0 -80.230397
35.164209
0 -80.230235
35.163767
0 -80.230044
35.163446
0 -80.229716
35.163023
0 -80.229231
35.1625
0 -80.228609
35.161842
0 -80.228112
35.161175
0 -80.227732
35.160736
0 -80.227065
35.159857
0 -80.226988
35.159687
0 -80.226701
35.159051
0 -80.226206
35.15789
0 -80.225898
35.157416
0 -80.225589
35.156874
0 -80.225176
35.156235
0 -80.224811
35.156107
0 -80.224362
35.155924
0 -80.223633
35.155744
0 -80.222926
35.155581
0 -80.222437
35.155476
0 -80.221949
35.155429
0 -80.22157
35.155414
0 -80.22141
35.155409
0 -80.220747
35.155459
0 -80.219309
35.155686
0 -80.218615
35.155727
0 -80.218344
35.155746
0 -80.2182
35.155757
0 -80.217412
35.155748
0 -80.216976
35.155709
0 -80.21546
35.155554
0 -80.213445
35.155311
0 -80.212376
35.15527
0 -80.211702
35.155286
0 -80.210956
35.155336
0 -80.210459
35.155375
0 -80.209994
35.155439
0 -80.208639
35.155691
0 -80.208226
35.155806
0 -80.207814
35.155946
0 -80.207257
35.156259
0 -80.20707
35.156565
0 -80.206681
35.157201
0 -80.2065
35.157708
0 -80.206462
35.157816
0 -80.206245
35.158593
0 -80.2061
35.159293
0 -80.206043
35.160349
0 -80.206073
35.161507
0 -80.206077
35.161653
0 -80.206078
35.162791
0 -80.206078
35.163147
0 -80.206079
35.163367
0 -80.206018
35.164214
0 -80.206009
35.164344
0 -80.205901
35.164543
0 -80.205736
35.164849
0 -80.205492
35.165166
0 -80.205041
35.165528
0 -80.204646
35.165772
0 -80.204579
35.165814
0 -80.204002
35.166092
0 -80.203352
35.166312
0 -80.202846
35.166427
0 -80.202132
35.166562
0 -80.200973
35.166702
0 -80.200216
35.16676
0 -80.199449
35.166742
0 -80.199423
35.166739
0 -80.198403
35.166639
0 -80.197644
35.166549
0 -80.197496
35.166532
0 -80.196872
35.166393
0 -80.19633
35.166203
0 -80.19584
35.166012
0 -80.195474
35.165811
0 -80.195233
35.165626
0 -80.195083
35.165456
0 -80.195032
35.165398
0 -80.194884
35.165195
0 -80.194746
35.164941
0 -80.194648
35.164652
0 -80.194493
35.163998
0 -80.194367
35.16319
0 -80.194288
35.162519
0 -80.194099
35.161166
0 -80.194033
35.160869
0 -80.193934
35.160487
0 -80.193778
35.159781
0 -80.193691
35.159493
0 -80.193602
35.159093
0 -80.193505
35.158796
0 -80.193387
35.158533
0 -80.193173
35.158144
0 -80.192898
35.157738
0 -80.192668
35.157426
0 -80.192549
35.157264
0 -80.192032
35.156656
0 -80.191663
35.156279
0 -80.190517
35.155646
0 -80.188567
35.15542
0 -80.188342
35.155394
0 -80.18744
35.155077
0 -80.186197
35.154747
0 -80.185801
35.154572
0 -80.185476
35.154379
0 -80.185173
35.154186
0 -80.184964
35.154026
0 -80.184701
35.153799
0 -80.184437
35.153486
0 -80.184153
35.153166
0 -80.183858
35.152845
0 -80.183563
35.152629
0 -80.182684
35.151988
0 -80.181982
35.151467
0 -80.1813
35.151178
0 -80.180918
35.151017
0 -80.180019
35.150549
0 -80.179308
35.150203
0 -80.179006
35.150057
0 -80.17864
35.149886
0 -80.178344
35.149749
0 -80.177785
35.14949
0 -80.177458
35.149337
0 -80.177164
35.149199
0 -80.176344
35.148814
0 -80.175301
35.148373
0 -80.174655
35.14814
0 -80.174176
35.147992
0 -80.173791
35.147902
0 -80.173157
35.14778
0 -80.172369
35.147745
0 -80.171854
35.147757
0 -80.170638
35.147805
0 -80.170172
35.147818
0 -80.16957
35.147773
0 -80.168832
35.147652
0 -80.167762
35.147509
0 -80.167013
35.147371
0 -80.166411
35.147309
0 -80.165841
35.147298
0 -80.165323
35.147328
0 -80.16463
35.147446
0 -80.163421
35.147747
0 -80.162689
35.147845
0 -80.161943
35.148059
0 -80.161623
35.148181
0 -80.161243
35.148389
0 -80.160903
35.148597
0 -80.160524
35.148882
0 -80.16015
35.149238
0 -80.159963
35.149452
0 -80.159842
35.149685
0 -80.159771
35.149903
0 -80.159712
35.150279
0 -80.159713
35.150513
0 -80.159754
35.150756
0 -80.159878
35.151124
0 -80.160227
35.151751
0 -80.160494
35.152254
0 -80.16072
35.15263
0 -80.161006
35.153006
0 -80.161427
35.153525
0 -80.161897
35.15396
0 -80.162781
35.154678
0 -80.164611
35.156279
0 -80.165348
35.156993
0 -80.16564
35.157264
0 -80.166154
35.15791
0 -80.16664
35.158658
0 -80.166988
35.159298
0 -80.167449
35.16031
0 -80.167564
35.160734
0 -80.167604
35.161117
0 -80.167586
35.161641
0 -80.167152
35.162843
0 -80.166437
35.163767
0 -80.165717
35.164348
0 -80.164859
35.164862
0 -80.160245
35.166469
0 -80.159193
35.167237
0 -80.158836
35.167744
0 -80.15835
35.169398
0 -80.15823
35.171164
0 -80.157783
35.172792
0 -80.157521
35.173223
0 -80.157173
35.17355
0 -80.156845
35.173842
0 -80.156537
35.17405
0 -80.156156
35.174258
0 -80.155857
35.174405
0 -80.155455
35.174571
0 -80.155072
35.17466
0 -80.154617
35.174758
0 -80.154224
35.174795
0 -80.153758
35.174808
0 -80.15327
35.174788
0 -80.152792
35.174732
0 -80.152209
35.174602
0 -80.151678
35.174454
0 -80.151022
35.174264
0 -80.150386
35.174032
0 -80.149927
35.173815
0 -80.149509
35.173606
0 -80.14906
35.173363
0 -80.148212
35.172826
0 -80.147394
35.172153
0 -80.146387
35.171353
0 -80.145569
35.170714
0 -80.144794
35.170159
0 -80.143054
35.16889
0 -80.142321
35.168394
0 -80.141811
35.168194
0 -80.141216
35.167996
0 -80.140394
35.167748
0 -80.139822
35.167626
0 -80.138928
35.167498
0 -80.138191
35.16742
0 -80.137319
35.167377
0 -80.136593
35.167367
0 -80.136096
35.167439
0 -80.135622
35.167606
0 -80.135282
35.167822
0 -80.134904
35.168191
0 -80.134081
35.169459
0 -80.132984
35.171748
0 -80.13269
35.172283
0 -80.132374
35.172703
0 -80.132129
35.172969
0 -80.13182
35.173185
0 -80.13145
35.173384
0 -80.130986
35.173567
0 -80.130572
35.173656
0 -80.128634
35.173751
0 -80.128591
35.173751
0 -80.127867
35.17375
0 -80.127069
35.173791
0 -80.126509
35.173814
0 -80.126012
35.173852
0 -80.125671
35.173949
0 -80.125372
35.174097
0 -80.124408
35.174731
0 -80.124297
35.175418
0 -80.124297
35.176586
0 -80.124423
35.177227
0 -80.125877
35.179545
0 -80.126379
35.180345
0 -80.126583
35.180642
0 -80.126867
35.180929
0 -80.127288
35.181412
0 -80.12769
35.181945
0 -80.127996
35.182359
0 -80.12823
35.182784
0 -80.128475
35.183156
0 -80.128903
35.184107
0 -80.129117
35.184599
0 -80.129401
35.185644
0 -80.129416
35.186464
0 -80.129306
35.186982
0 -80.129123
35.187385
0 -80.128941
35.187676
0 -80.128706
35.187968
0 -80.12843
35.188235
0 -80.127906
35.188708
0 -80.127126
35.189304
0 -80.125461
35.190435
0 -80.124778
35.190951
0 -80.123644
35.191707
0 -80.123541
35.191774
0 -80.122467
35.192206
0 -80.121963
35.192411
0 -80.121096
35.192709
0 -80.11812
35.193554
0 -80.116869
35.193847
0 -80.115803
35.194086
0 -80.115182
35.194177
0 -80.114685
35.194233
0 -80.114418
35.194235
0 -80.114154
35.194239
0 -80.113739
35.19418
0 -80.113375
35.194103
0 -80.113268
35.194065
0 -80.112709
35.193861
0 -80.111967
35.193488
0 -80.111962
35.19347
0 -80.111875
35.193408
0 -80.111774
35.193345
0 -80.111004
35.192862
0 -80.110554
35.192525
0 -80.110155
35.192163
0 -80.109744
35.191758
0 -80.109397
35.191361
0 -80.109059
35.190904
0 -80.108739
35.190277
0 -80.108374
35.189353
0 -80.108253
35.189005
0 -80.108169
35.188341
0 -80.108059
35.187209
0 -80.107938
35.185541
0 -80.107971
35.184927
0 -80.108038
35.184475
0 -80.108126
35.184117
0 -80.108296
35.183673
0 -80.108505
35.182989
0 -80.108594
35.182674
0 -80.108661
35.182273
0 -80.108822
35.180398
0 -80.108861
35.17941
0 -80.108844
35.178916
0 -80.108805
35.178337
0 -80.108755
35.17775
0 -80.108632
35.177104
0 -80.1085
35.176535
0 -80.108315
35.175864
0 -80.108098
35.17515
0 -80.107808
35.174438
0 -80.107464
35.173537
0 -80.106914
35.172794
0 -80.106471
35.17221
0 -80.105998
35.171763
0 -80.104266
35.170246
0 -80.103501
35.169657
0 -80.102831
35.169204
0 -80.102329
35.168851
0 -80.101827
35.168514
0 -80.10024
35.167737
0 -80.099656
35.16746
0 -80.098392
35.16686
0 -80.097516
35.166476
0 -80.097329
35.166387
0 -80.096545
35.166016
0 -80.095657
35.165488
0 -80.093685
35.164196
0 -80.091139
35.161901
0 -80.090958
35.161738
0 -80.089724
35.160705
0 -80.089219
35.160208
0 -80.088841
35.159836
0 -80.088637
35.159636
0 -80.087622
35.158646
0 -80.086896
35.157918
0 -80.086603
35.157625
0 -80.086311
35.157351
0 -80.08588
35.156904
0 -80.085815
35.156836
0 -80.084627
35.155633
0 -80.084579
35.155575
0 -80.084182
35.1551
0 -80.084021
35.154907
0 -80.0839
35.154762
0 -80.083545
35.154326
0 -80.083387
35.154132
0 -80.083067
35.153739
0 -80.082751
35.15341
0 -80.082216
35.152853
0 -80.081311
35.151864
0 -80.080799
35.15128
0 -80.080209
35.150609
0 -80.080143
35.15059
0 -80.079959
35.150538
0 -80.079123
35.149744
0 -80.079064
35.149688
0 -80.078285
35.148797
0 -80.078257
35.14866
0 -80.077811
35.148133
0 -80.077811
35.14795
0 -80.077644
35.14779
0 -80.077309
35.147081
0 -80.077078
35.146384
0 -80.076779
35.145478
0 -80.076783
35.14509
0 -80.076786
35.144844
0 -80.076781
35.144832
0 -80.076555
35.144218
0 -80.076536
35.144097
0 -80.076498
35.143842
0 -80.076483
35.143746
0 -80.076479
35.143717
0 -80.076445
35.143395
0 -80.076453
35.143343
0 -80.076475
35.14322
0 -80.076258
35.143192
0 -80.075606
35.143108
0 -80.07539
35.143081
0 -80.075125
35.143597
0 -80.073529
35.146232
0 -80.071648
35.149245
0 -80.071286
35.14997
0 -80.070335
35.152162
0 -80.069648
35.153863
0 -80.068757
35.155144
0 -80.068189
35.155756
0 -80.067337
35.156497
0 -80.066534
35.156997
0 -80.064949
35.157802
0 -80.061239
35.159774
0 -80.060612
35.160209
0 -80.059261
35.161312
0 -80.057468
35.163246
0 -80.056861
35.164035
0 -80.055409
35.16659
0 -80.054045
35.170103
0 -80.053064
35.172625
0 -80.052985
35.173415
0 -80.053302
35.178607
0 -80.053556
35.17951
0 -80.054063
35.180768
0 -80.054435
35.181341
0 -80.055314
35.182462
0 -80.055461
35.182648
0 -80.057886
35.185271
0 -80.059235
35.18673
0 -80.060466
35.188609
0 -80.060799
35.18919
0 -80.060955
35.189666
0 -80.061208
35.190859
0 -80.061305
35.191794
0 -80.061186
35.194027
0 -80.06094
35.195002
0 -80.060832
35.195599
0 -80.060802
35.196259
0 -80.061035
35.19767
0 -80.061715
35.200142
0 -80.061747
35.200259
0 -80.061917
35.200676
0 -80.062032
35.200954
0 -80.062188
35.201331
0 -80.065355
35.206032
0 -80.065541
35.20682
0 -80.066562
35.211652
0 -80.069799
35.218315
0 -80.075246
35.226248
0 -80.078036
35.228711
0 -80.086074
35.232592
0 -80.090801
35.235989
0 -80.092006
35.237723
0 -80.092289
35.238206
0 -80.093843
35.24385
0 -80.097649
35.253574
0 -80.098185
35.255173
0 -80.098411
35.258086
0 -80.097871
35.261414
0 -80.096364
35.26463
0 -80.093992
35.268388
0 -80.092241
35.271987
0 -80.091768
35.275389
0 -80.093651
35.282857
0 -80.093966
35.287087
0 -80.092888
35.290219
0 -80.090469
35.294267
0 -80.087045
35.299314
0 -80.08382
35.303009
0 -80.080483
35.307623
0 -80.080237
35.308528
0 -80.080208
35.308638
0 -80.079537
35.311103
0 -80.079916
35.314543
0 -80.081958
35.318613
0 -80.081938
35.321457
0 -80.079372
35.325849
0 -80.075182
35.331278
0 -80.071086
35.335573
0 -80.0676
35.33862
0 -80.066335
35.340647
0 -80.065873
35.343557
0 -80.066387
35.353625
0 -80.066371
35.357145
0 -80.065388
35.360474
0 -80.063439
35.361974
0 -80.060616
35.362654
0 -80.056742
35.364172
0 -80.054138
35.365959
0 -80.052666
35.367563
0 -80.051225
35.371537
0 -80.051739
35.372585
0 -80.055903
35.375614
0 -80.057925
35.377688
0 -80.05978
35.381137
0 -80.062271
35.386134
0 -80.066137
35.389514
0 -80.070923
35.392738
0 -80.075033
35.395072
0 -80.078323
35.395521
0 -80.083904
35.395094
0 -80.087272
35.398876
0 -80.091993
35.400711
0 -80.093711
35.40203
0 -80.094102
35.403763
0 -80.093718
35.405474
0 -80.090513
35.412984
0 -80.090119
35.415552
0 -80.091481
35.418229
0 -80.093272
35.419928
0 -80.095939
35.425417
0 -80.100491
35.429903
0 -80.097714
35.43391
0 -80.09696
35.436287
0 -80.097468
35.438094
0 -80.100225
35.440801
0 -80.107025
35.442958
0 -80.108656
35.44509
0 -80.109381
35.448572
0 -80.108872
35.45351
0 -80.108165
35.457203
0 -80.108495
35.459451
0 -80.109914
35.460982
0 -80.113694
35.463333
0 -80.118251
35.465261
0 -80.122604
35.466217
0 -80.126882
35.466386
0 -80.12934
35.467148
0 -80.136537
35.473354
0 -80.139921
35.475055
0 -80.142839
35.474533
0 -80.146297
35.473036
0 -80.150218
35.472714
0 -80.155806
35.474317
0 -80.160103
35.47464
0 -80.161736
35.475208
0 -80.164801
35.479467
0 -80.165865
35.480223
0 -80.17483
35.484567
0 -80.176243
35.485428
0 -80.178747
35.490936
0 -80.179203
35.497136
0 -80.180311
35.500139
0 -80.182682
35.504335
0 -80.186487
35.504301
0 -80.22975
35.503417
0 -80.23521
35.503458
0 -80.236621
35.503487
0 -80.243613
35.503465
0 -80.249777
35.503204
0 -80.295236
35.502947
0 -80.302636
35.491907
0 -80.306963
35.485423
0 -80.324678
35.458801
0 -80.350716
35.419519
0 -80.351289
35.418742
0 -80.373801
35.38475
0 -80.375326
35.382209
0 -80.396961
35.349714
0 -80.405477
35.336925
0 -80.427716
35.302862
0 -80.428006
35.302418
0 -80.433496
35.293999
0 -80.435038
35.291643
0 -80.441858
35.281416
0 -80.445151
35.275696
0 -80.445842
35.274634
0 -80.446915
35.272986
0 -80.450854
35.266975
0 -80.459432
35.254006
0 -80.459494
35.253908
0 -80.460736
35.25201
0 -80.461423
35.251019
0 -80.462021
35.25024
0 -80.463101
35.248609
0 -80.465239
35.245376
0 -80.466674
35.243206
0 -80.468219
35.24087
0 -80.469933
35.238277
0 -80.476222
35.22863
0 -80.477237
35.226769
0 -80.484199
35.216145
0 -80.483194
35.214449
0 -80.483556
35.212617
0 -80.489693
35.209728
0 -80.493793
35.206451
0 -80.496219
35.203862
0 -80.499118
35.198478
0 -80.50543
35.194543
0 -80.506241
35.192941
0 