-97.368404
42.090922
0 -97.368273
42.077696
0 -97.368049
42.04742
0 -97.36807
42.046774
0 -97.36812
42.018514
0 -97.368237
42.003966
0 -97.368193
41.995682
0 -97.368185
41.974991
0 -97.368198
41.945994
0 -97.368176
41.9387
0 -97.368183
41.931482
0 -97.368171
41.917004
0 -97.368141
41.910676
0 -97.368161
41.902459
0 -97.368169
41.894993
0 -97.368112
41.858976
0 -97.368099
41.82985
0 -97.368291
41.824022
0 -97.368079
41.815615
0 -97.368053
41.779669
0 -97.36807
41.743207
0 -97.252425
41.743085
0 -97.25199
41.743086
0 -97.204325
41.743059
0 -97.194006
41.743035
0 -97.136291
41.743077
0 -97.136118
41.743077
0 -97.078359
41.743029
0 -97.058546
41.742998
0 -97.054025
41.74298
0 -97.020901
41.742986
0 -97.019911
41.74298
0 -97.019891
41.745388
0 -97.019853
41.745549
0 -97.019585
41.830011
0 -97.019595
41.83376
0 -97.019618
41.844497
0 -97.019644
41.851399
0 -97.019659
41.866138
0 -97.019677
41.873508
0 -97.019707
41.887994
0 -97.019729
41.902517
0 -97.019743
41.909611
0 -97.019762
41.917013
0 -97.019716
41.97504
0 -97.019516
42.004097
0 -97.019462
42.087136
0 -97.01933
42.087992
0 -97.019359
42.090577
0 -97.041721
42.090576
0 -97.057063
42.090598
0 -97.072576
42.090565
0 -97.076591
42.090575
0 -97.106861
42.090609
0 -97.115227
42.090616
0 -97.116485
42.090617
0 -97.13469
42.090656
0 -97.136809
42.090654
0 -97.175918
42.090675
0 -97.180805
42.09069
0 -97.224134
42.090745
0 -97.234172
42.090737
0 -97.251708
42.090801
0 -97.252433
42.090802
0 -97.262403
42.09082
0 -97.286759
42.09082
0 -97.290689
42.09095
0 -97.307652
42.090668
0 -97.309905
42.090895
0 -97.368404
42.090922
0 