-101.166874
44.211773
0 -101.166903
44.207204
0 -101.166657
44.204246
0 -101.166753
44.168085
0 -101.086916
44.168401
0 -101.046916
44.168484
0 -100.946921
44.168272
0 -100.903844
44.168156
0 -100.900017
44.167965
0 -100.78131
44.167995
0 -100.775986
44.168539
0 -100.757551
44.168691
0 -100.750416
44.168088
0 -100.625414
44.168387
0 -100.622915
44.168232
0 -100.62074
44.168387
0 -100.451188
44.168614
0 -100.448933
44.168523
0 -100.37066
44.168523
0 -100.367207
44.168694
0 -100.367247
44.194621
0 -100.226549
44.194732
0 -100.223362
44.194744
0 -100.203817
44.194774
0 -100.188844
44.19479
0 -100.183781
44.194779
0 -100.166262
44.194789
0 -100.163966
44.194788
0 -100.146432
44.194802
0 -100.143871
44.194719
0 -100.086451
44.194845
0 -100.084031
44.194702
0 -100.065911
44.194868
0 -99.94572
44.19498
0 -99.938217
44.195195
0 -99.938274
44.200347
0 -99.937312
44.203167
0 -99.934803
44.206095
0 -99.906162
44.225614
0 -99.894217
44.237127
0 -99.892596
44.239234
0 -99.892101
44.241881
0 -99.893564
44.243839
0 -99.898597
44.253253
0 -99.899902
44.25516
0 -99.903449
44.25827
0 -99.905163
44.259196
0 -99.910632
44.261928
0 -99.921059
44.26586
0 -99.92303
44.266291
0 -99.929883
44.266274
0 -99.937371
44.265732
0 -99.942215
44.266413
0 -99.955552
44.264324
0 -99.960573
44.264512
0 -99.984421
44.268338
0 -99.991029
44.270309
0 -99.994761
44.271652
0 -100.012597
44.279081
0 -100.015817
44.280787
0 -100.025337
44.283287
0 -100.037247
44.285661
0 -100.040628
44.286354
0 -100.04454
44.28781
0 -100.05376
44.292071
0 -100.059808
44.2942
0 -100.063242
44.295871
0 -100.069621
44.299361
0 -100.078522
44.304902
0 -100.08533
44.308451
0 -100.08952
44.309653
0 -100.098267
44.311795
0 -100.100371
44.311986
0 -100.107733
44.311751
0 -100.112266
44.31265
0 -100.125403
44.316756
0 -100.133544
44.318288
0 -100.150261
44.322031
0 -100.165704
44.324633
0 -100.172757
44.324242
0 -100.182641
44.32303
0 -100.192032
44.322619
0 -100.200259
44.323199
0 -100.205591
44.324165
0 -100.206736
44.324108
0 -100.218374
44.326121
0 -100.23247
44.325557
0 -100.242529
44.3267
0 -100.250408
44.327886
0 -100.256484
44.329101
0 -100.260855
44.329575
0 -100.264419
44.330341
0 -100.26997
44.330946
0 -100.274725
44.331851
0 -100.286099
44.335809
0 -100.291295
44.337018
0 -100.303256
44.338929
0 -100.315383
44.340212
0 -100.322209
44.341121
0 -100.32632
44.341346
0 -100.33858
44.343528
0 -100.343278
44.34463
0 -100.352067
44.347178
0 -100.358156
44.349216
0 -100.362346
44.35128
0 -100.36539
44.355524
0 -100.366383
44.358578
0 -100.367957
44.367279
0 -100.369125
44.371215
0 -100.370392
44.373187
0 -100.370608
44.37365
0 -100.372076
44.376113
0 -100.373774
44.380114
0 -100.373836
44.382887
0 -100.37888
44.404016
0 -100.381424
44.422471
0 -100.384529
44.434834
0 -100.384519
44.436229
0 -100.386376
44.440008
0 -100.388574
44.44269
0 -100.390072
44.443799
0 -100.393829
44.447762
0 -100.399743
44.452486
0 -100.40481
44.455869
0 -100.407619
44.457182
0 -100.412908
44.458377
0 -100.416893
44.458866
0 -100.459389
44.46126
0 -100.470125
44.460945
0 -100.474868
44.460367
0 -100.500416
44.454292
0 -100.512536
44.451092
0 -100.531284
44.445602
0 -100.536136
44.444618
0 -100.539196
44.444431
0 -100.544506
44.444676
0 -100.551396
44.44552
0 -100.554528
44.446266
0 -100.561365
44.448575
0 -100.566541
44.450867
0 -100.573957
44.455475
0 -100.580034
44.461842
0 -100.58084
44.46567
0 -100.580801
44.474492
0 -100.579734
44.479723
0 -100.576685
44.487234
0 -100.575796
44.491713
0 -100.574209
44.494773
0 -100.572736
44.496679
0 -100.568459
44.500497
0 -100.559292
44.506185
0 -100.553448
44.508979
0 -100.549849
44.510189
0 -100.541516
44.512608
0 -100.531767
44.515114
0 -100.529293
44.51648
0 -100.5261
44.51917
0 -100.521093
44.524156
0 -100.517612
44.528773
0 -100.516362
44.532517
0 -100.516682
44.534449
0 -100.526498
44.547422
0 -100.527853
44.549323
0 -100.52941
44.550149
0 -100.537016
44.552603
0 -100.546866
44.553647
0 -100.54893
44.553758
0 -100.551351
44.553791
0 -100.55954
44.553888
0 -100.581222
44.556117
0 -100.587772
44.556154
0 -100.593032
44.556576
0 -100.59856
44.558004
0 -100.610073
44.561451
0 -100.617015
44.564561
0 -100.620897
44.566698
0 -100.626103
44.571128
0 -100.632444
44.575573
0 -100.634919
44.577944
0 -100.640061
44.583723
0 -100.642407
44.588326
0 -100.644909
44.595377
0 -100.645552
44.597955
0 -100.645708
44.601859
0 -100.643658
44.617546
0 -100.643145
44.620323
0 -100.642388
44.621765
0 -100.633901
44.631554
0 -100.624806
44.651552
0 -100.624152
44.655135
0 -100.621409
44.664656
0 -100.619153
44.670143
0 -100.616301
44.678818
0 -100.615871
44.680726
0 -100.613466
44.68813
0 -100.61253
44.693459
0 -100.612399
44.697825
0 -100.612615
44.70274
0 -100.613805
44.707135
0 -100.619317
44.716539
0 -100.620877
44.719743
0 -100.624557
44.726417
0 -100.625421
44.728432
0 -100.630103
44.737213
0 -100.633254
44.739416
0 -100.637533
44.741198
0 -100.644384
44.742984
0 -100.649542
44.743565
0 -100.664042
44.743825
0 -100.67174
44.744916
0 -100.68031
44.747382
0 -100.682622
44.751684
0 -100.685178
44.754855
0 -100.688275
44.757535
0 -100.691381
44.759659
0 -100.700278
44.764092
0 -100.706811
44.766559
0 -100.710134
44.767591
0 -100.717644
44.77093
0 -100.723741
44.766819
0 -100.726428
44.765424
0 -100.729975
44.764405
0 -100.736369
44.763737
0 -100.739366
44.765758
0 -100.739784
44.768673
0 -100.736288
44.772371
0 -100.736264
44.774396
0 -100.73922
44.77582
0 -100.741253
44.776145
0 -100.745306
44.775876
0 -100.750105
44.774804
0 -100.752029
44.774037
0 -100.753049
44.772718
0 -100.749625
44.765421
0 -100.750742
44.762545
0 -100.752142
44.761511
0 -100.754877
44.760546
0 -100.75978
44.759704
0 -100.761474
44.759711
0 -100.769686
44.75818
0 -100.77339
44.758495
0 -100.775198
44.759607
0 -100.776073
44.761231
0 -100.774866
44.763074
0 -100.772972
44.764793
0 -100.771067
44.767455
0 -100.772195
44.770759
0 -100.773405
44.771651
0 -100.775082
44.772384
0 -100.777718
44.772129
0 -100.779788
44.770902
0 -100.78235
44.768194
0 -100.793547
44.764407
0 -100.797964
44.763505
0 -100.799452
44.765004
0 -100.797316
44.768142
0 -100.797816
44.769942
0 -100.800046
44.770645
0 -100.801803
44.770249
0 -100.805497
44.768319
0 -100.808263
44.767539
0 -100.810218
44.76753
0 -100.812011
44.768021
0 -100.814378
44.7707
0 -100.81457
44.77388
0 -100.817108
44.779368
0 -100.81826
44.780454
0 -100.82297
44.7819
0 -100.831184
44.783343
0 -100.834444
44.78308
0 -100.836533
44.782257
0 -100.843421
44.776971
0 -100.845302
44.776703
0 -100.848122
44.777245
0 -100.851712
44.779864
0 -100.85366
44.780719
0 -100.856136
44.77967
0 -100.859362
44.777405
0 -100.863818
44.776339
0 -100.866466
44.77621
0 -100.868929
44.775338
0 -100.873524
44.772965
0 -100.879136
44.771502
0 -100.881339
44.770641
0 -100.885823
44.770339
0 -100.888048
44.769728
0 -100.891157
44.770084
0 -100.893204
44.771857
0 -100.893773
44.773849
0 -100.89411
44.775393
0 -100.895626
44.777885
0 -100.898373
44.779139
0 -100.901878
44.78144
0 -100.907904
44.783582
0 -100.909001
44.7837
0 -100.91185
44.783216
0 -100.911462
44.779155
0 -100.911787
44.775938
0 -100.915002
44.771117
0 -100.917193
44.769624
0 -100.921227
44.768636
0 -100.925634
44.768236
0 -100.931374
44.76671
0 -100.933031
44.764679
0 -100.939844
44.762518
0 -100.946857
44.763475
0 -100.94929
44.764244
0 -100.951702
44.765657
0 -100.955185
44.765517
0 -100.958027
44.762706
0 -100.958261
44.761243
0 -100.956204
44.758019
0 -100.955107
44.754381
0 -100.956483
44.753311
0 -100.959548
44.75339
0 -100.96226
44.752881
0 -100.966993
44.751404
0 -100.972388
44.751766
0 -100.976019
44.75103
0 -100.977595
44.749626
0 -100.979733
44.745847
0 -100.981166
44.738769
0 -100.981735
44.737805
0 -100.983979
44.736505
0 -100.985265
44.734181
0 -100.98771
44.731961
0 -100.989767
44.731915
0 -100.991542
44.735516
0 -100.995667
44.739166
0 -100.996916
44.739449
0 -101.00024
44.738466
0 -101.001552
44.737008
0 -101.00407
44.731307
0 -101.006393
44.728752
0 -101.010989
44.727891
0 -101.017952
44.725857
0 -101.022611
44.724153
0 -101.025054
44.724258
0 -101.031204
44.725712
0 -101.035943
44.727432
0 -101.039786
44.730056
0 -101.043305
44.731941
0 -101.055546
44.740147
0 -101.06292
44.742505
0 -101.066399
44.742778
0 -101.069738
44.742379
0 -101.073786
44.741175
0 -101.078351
44.739234
0 -101.083243
44.738433
0 -101.092739
44.739012
0 -101.100355
44.739823
0 -101.112954
44.741811
0 -101.11742
44.743558
0 -101.12076
44.743861
0 -101.126145
44.745517
0 -101.13444
44.747071
0 -101.136838
44.747126
0 -101.137163
44.742274
0 -101.137163
44.689962
0 -101.142136
44.690248
0 -101.154516
44.689947
0 -101.155156
44.451333
0 -101.155365
44.444444
0 -101.155183
44.442792
0 -101.15511
44.372071
0 -101.155441
44.355692
0 -101.155267
44.354407
0 -101.155188
44.343147
0 -101.166805
44.343113
0 -101.166723
44.306806
0 -101.166491
44.305356
0 -101.166738
44.302257
0 -101.166833
44.226298
0 -101.166491
44.218335
0 -101.166874
44.211773
0 