-97.98659
47.340701
0 -97.986585
47.326146
0 -97.982825
47.326192
0 -97.971532
47.326152
0 -97.960468
47.326048
0 -97.960707
47.298643
0 -97.960783
47.290971
0 -97.960791
47.285949
0 -97.960772
47.28421
0 -97.961014
47.25505
0 -97.961106
47.247959
0 -97.961208
47.240512
0 -97.950153
47.240481
0 -97.940194
47.240517
0 -97.93674
47.240676
0 -97.876583
47.240695
0 -97.863591
47.240418
0 -97.860286
47.240533
0 -97.85807
47.240324
0 -97.83443
47.240237
0 -97.833468
47.240235
0 -97.727412
47.240057
0 -97.706034
47.239978
0 -97.685331
47.239829
0 -97.578408
47.239018
0 -97.494065
47.239233
0 -97.482708
47.239263
0 -97.451512
47.239061
0 -97.451868
47.324468
0 -97.474254
47.324645
0 -97.474007
47.41144
0 -97.473914
47.439062
0 -97.473684
47.440464
0 -97.473701
47.447
0 -97.473592
47.447633
0 -97.473433
47.49838
0 -97.473236
47.512965
0 -97.473533
47.514556
0 -97.473116
47.556242
0 -97.473094
47.585243
0 -97.472986
47.614176
0 -97.472885
47.62081
0 -97.472936
47.621156
0 -97.472745
47.672051
0 -97.496356
47.672059
0 -97.506919
47.672066
0 -97.547347
47.672089
0 -97.60096
47.672081
0 -97.625224
47.672087
0 -97.641302
47.672158
0 -97.643955
47.672158
0 -97.728297
47.672182
0 -97.738216
47.672191
0 -97.753763
47.672193
0 -97.771145
47.672189
0 -97.779497
47.672215
0 -97.856479
47.671984
0 -97.882405
47.672179
0 -97.899324
47.672131
0 -97.899649
47.672217
0 -97.90251
47.672212
0 -97.904005
47.672255
0 -97.909215
47.672244
0 -97.96335
47.67226
0 -97.973788
47.67228
0 -97.979087
47.672275
0 -97.98481
47.6723
0 -97.984691
47.667486
0 -97.984323
47.665995
0 -97.984422
47.644553
0 -97.984521
47.622523
0 -97.984809
47.60044
0 -97.984887
47.586528
0 -97.984929
47.574243
0 -97.984839
47.562993
0 -97.985083
47.557603
0 -97.98563
47.53428
0 -97.985116
47.533325
0 -97.985373
47.514009
0 -97.985296
47.499697
0 -97.985636
47.434859
0 -97.98558
47.432853
0 -97.985649
47.412953
0 -97.985894
47.387794
0 -97.986247
47.385066
0 -97.985961
47.369524
0 -97.986343
47.358512
0 -97.986184
47.355149
0 -97.98659
47.340701
0 