-101.266981
31.644192
0 -101.26763
31.556462
0 -101.250391
31.556734
0 -101.135963
31.558554
0 -101.031578
31.559762
0 -100.865256
31.562294
0 -100.863517
31.625086
0 -100.861099
31.705418
0 -100.82537
31.696155
0 -100.824151
31.812061
0 -100.824044
31.813436
0 -100.82391
31.814215
0 -100.824312
31.816345
0 -100.823738
31.850077
0 -100.821594
32.08661
0 -100.858628
32.086689
0 -100.862291
32.086509
0 -100.95153
32.086741
0 -100.954494
32.086645
0 -100.972005
32.086691
0 -100.973807
32.086782
0 -100.99439
32.086865
0 -100.997512
32.086706
0 -101.138984
32.087012
0 -101.183997
32.087208
0 -101.264216
32.087136
0 -101.266189
31.801022
0 -101.267122
31.650854
0 -101.266981
31.644192
0 