-96.254057
45.687225
0 -96.254052
45.680175
0 -96.253995
45.672736
0 -96.253709
45.643664
0 -96.253627
45.637483
0 -96.253497
45.629131
0 -96.253452
45.621806
0 -96.253387
45.614596
0 -96.253026
45.585526
0 -96.241431
45.58561
0 -96.241289
45.542027
0 -96.241198
45.53374
0 -96.24115
45.521928
0 -96.240967
45.513103
0 -96.241
45.498649
0 -96.241
45.498598
0 -96.241185
45.448006
0 -96.24127
45.426698
0 -96.241298
45.419951
0 -96.241328
45.412667
0 -96.199799
45.412309
0 -96.190201
45.412165
0 -96.178594
45.411996
0 -96.168274
45.41198
0 -96.147397
45.41199
0 -96.117036
45.411993
0 -96.106987
45.41198
0 -95.99428
45.412341
0 -95.932491
45.412355
0 -95.911905
45.412384
0 -95.902052
45.412389
0 -95.891381
45.412378
0 -95.870889
45.412324
0 -95.850165
45.412352
0 -95.808986
45.412302
0 -95.747402
45.412313
0 -95.747479
45.441119
0 -95.747674
45.470077
0 -95.747559
45.49909
0 -95.747537
45.513486
0 -95.747571
45.539315
0 -95.747599
45.550776
0 -95.747587
45.571451
0 -95.747754
45.585521
0 -95.758346
45.585507
0 -95.758262
45.598725
0 -95.758466
45.600008
0 -95.758433
45.611248
0 -95.758232
45.61462
0 -95.758528
45.670202
0 -95.758284
45.672728
0 -95.758861
45.708676
0 -95.758581
45.716368
0 -95.758768
45.74796
0 -95.758495
45.749956
0 -95.758508
45.759932
0 -95.84122
45.75976
0 -95.86225
45.759791
0 -95.872563
45.759627
0 -95.88177
45.759709
0 -95.92315
45.75959
0 -95.928837
45.759876
0 -95.94375
45.759552
0 -96.005936
45.759445
0 -96.047205
45.759499
0 -96.080551
45.759587
0 -96.080705
45.759568
0 -96.13013
45.75964
0 -96.148655
45.759819
0 -96.153926
45.759701
0 -96.158258
45.75986
0 -96.254022
45.75982
0 -96.254057
45.687225
0 