-88.070532
36.678118
0 -88.068208
36.659747
0 -88.064401
36.650854
0 -88.05858
36.643315
0 -88.057042
36.64054
0 -88.055604
36.63571
0 -88.0556537762859
36.6337653816661
0 -88.055738
36.630475
0 -88.045127
36.602939
0 -88.041196
36.584123
0 -88.039625
36.572783
0 -88.035625
36.561736
0 -88.033802
36.551733
0 -88.032489
36.540662
0 -88.034132
36.53112
0 -88.035854
36.525912
0 -88.03727
36.523783
0 -88.03783
36.521015
0 -88.037329
36.51783
0 -88.037822
36.51385
0 -88.039481
36.510408
0 -88.045304
36.504081
0 -88.050466
36.500053
0 -88.053205
36.497129
0 -88.0532916180151
36.4971306477427
0 -88.055093
36.494733
0 -88.056676
36.491107
0 -88.056924
36.489468
0 -88.05632
36.484425
0 -88.055609
36.482359
0 -88.052499
36.475203
0 -88.052006
36.471265
0 -88.052243
36.469061
0 -88.05281
36.466437
0 -88.054035
36.463345
0 -88.056306
36.459436
0 -88.059055
36.455325
0 -88.061067
36.451513
0 -88.061743
36.449559
0 -88.06195
36.446977
0 -88.061456
36.444093
0 -88.060448
36.441983
0 -88.05848
36.439224
0 -88.055385
36.436362
0 -88.051393
36.433856
0 -88.047261
36.430873
0 -88.040983
36.425729
0 -88.040219
36.424898
0 -88.035982
36.420317
0 -88.03554
36.415733
0 -88.03448
36.411795
0 -88.033242
36.40952
0 -88.027405
36.402349
0 -88.024342
36.399252
0 -88.0214
36.397648
0 -88.019166
36.397044
0 -88.016134
36.394874
0 -88.015096
36.393406
0 -88.007086
36.380246
0 -88.004741
36.375054
0 -88.002435
36.370746
0 -87.998746
36.365711
0 -87.994295
36.361945
0 -87.99092
36.360133
0 -87.988562
36.359746
0 -87.98367
36.356862
0 -87.982743
36.356083
0 -87.98074
36.353307
0 -87.973533
36.353459
0 -87.95107
36.352199
0 -87.950353
36.352779
0 -87.945652
36.353511
0 -87.944984
36.354128
0 -87.941979
36.35221
0 -87.926512
36.345022
0 -87.911234
36.339543
0 -87.90718
36.338336
0 -87.892839
36.334712
0 -87.874476
36.331608
0 -87.861571
36.329875
0 -87.855215
36.329352
0 -87.846309
36.328947
0 -87.832751
36.32886
0 -87.821816
36.328724
0 -87.813796
36.329691
0 -87.80628
36.330305
0 -87.79745
36.3316
0 -87.784438
36.334124
0 -87.779207
36.335734
0 -87.768709
36.338591
0 -87.757388
36.342577
0 -87.756308
36.342958
0 -87.75487
36.34358
0 -87.750021
36.345598
0 -87.737115
36.351718
0 -87.733924
36.353944
0 -87.722631
36.360546
0 -87.715494
36.36824
0 -87.682405
36.368105
0 -87.680356
36.368241
0 -87.663117
36.367994
0 -87.646244
36.367928
0 -87.614774
36.367905
0 -87.592358
36.367663
0 -87.602597
36.418979
0 -87.603744
36.425276
0 -87.60342
36.4259
0 -87.626107
36.543051
0 -87.6411458985761
36.6380360579522
0 -87.64115
36.638036
0 -87.694191328389
36.6370710817038
0 -87.744768
36.636151
0 -87.7971411031735
36.6347484077648
0 -87.7971637006779
36.6347478025861
0 -87.853204
36.633247
0 -87.849567
36.663701
0 -87.872062
36.665089
0 -87.9119412773028
36.6684955630422
0 -87.9123130699728
36.6685273222729
0 -88.011792
36.677025
0 -88.044772
36.677983
0 -88.070532
36.678118
0 