-90.259757
36.907633
0 -90.258036
36.906435
0 -90.257409
36.90729
0 -90.254846
36.906541
0 -90.254511
36.905419
0 -90.252717
36.903196
0 -90.252564
36.901529
0 -90.253266
36.899093
0 -90.251717
36.89795
0 -90.248657
36.897583
0 -90.24736
36.896194
0 -90.247133
36.894893
0 -90.249722
36.893468
0 -90.249678
36.892213
0 -90.248064
36.891915
0 -90.245161
36.89255
0 -90.245027
36.890479
0 -90.247421
36.888761
0 -90.249745
36.88972
0 -90.251966
36.887702
0 -90.250996
36.884495
0 -90.251429
36.883021
0 -90.252999
36.88188
0 -90.250765
36.881161
0 -90.248068
36.87925
0 -90.248109
36.878389
0 -90.251303
36.878242
0 -90.251764
36.876969
0 -90.253152
36.876619
0 -90.255084
36.879417
0 -90.256651
36.879718
0 -90.256376
36.877142
0 -90.255607
36.875695
0 -90.25413
36.871239
0 -90.253279
36.869571
0 -90.25136
36.867839
0 -90.249022
36.867321
0 -90.245749
36.868579
0 -90.244869
36.868543
0 -90.242933
36.865049
0 -90.239833
36.864371
0 -90.240189
36.861846
0 -90.24124
36.860788
0 -90.240907
36.859426
0 -90.239212
36.86052
0 -90.238185
36.862937
0 -90.236958
36.862679
0 -90.234659
36.859372
0 -90.235073
36.857779
0 -90.233843
36.857132
0 -90.230464
36.85874
0 -90.228868
36.856273
0 -90.231808
36.85346
0 -90.23064
36.8527
0 -90.228997
36.852869
0 -90.227762
36.854091
0 -90.225713
36.85508
0 -90.224984
36.854493
0 -90.225597
36.852914
0 -90.227068
36.851786
0 -90.229805
36.850117
0 -90.227802
36.849118
0 -90.224831
36.846698
0 -90.223636
36.847854
0 -90.223765
36.849415
0 -90.222277
36.850474
0 -90.220971
36.848843
0 -90.221147
36.845725
0 -90.220036
36.844804
0 -90.217175
36.843838
0 -90.216321
36.842811
0 -90.217114
36.84078
0 -90.218956
36.838552
0 -90.222428
36.838658
0 -90.221664
36.836856
0 -90.222071
36.835286
0 -90.224423
36.832396
0 -90.224467
36.831273
0 -90.22202
36.830734
0 -90.219993
36.828352
0 -90.217531
36.826524
0 -90.219756
36.824591
0 -90.221959
36.821453
0 -90.22182
36.820332
0 -90.219008
36.81922
0 -90.217612
36.818177
0 -90.21714
36.820609
0 -90.21314
36.821082
0 -90.21233
36.820718
0 -90.211665
36.818805
0 -90.210348
36.817552
0 -90.210918
36.816852
0 -90.214442
36.817385
0 -90.216018
36.816027
0 -90.216299
36.814595
0 -90.212771
36.812581
0 -90.210387
36.81224
0 -90.208956
36.813523
0 -90.208056
36.813462
0 -90.207888
36.811525
0 -90.209086
36.808581
0 -90.207771
36.807966
0 -90.202755
36.808807
0 -90.201175
36.806858
0 -90.199022
36.8053
0 -90.197911
36.804143
0 -90.198111
36.803063
0 -90.199629
36.802773
0 -90.203655
36.803432
0 -90.203891
36.801679
0 -90.201452
36.798823
0 -90.20133
36.797237
0 -90.199453
36.795724
0 -90.197632
36.792713
0 -90.198061
36.791693
0 -90.199147
36.792132
0 -90.200881
36.794242
0 -90.202571
36.793572
0 -90.202579
36.79227
0 -90.201339
36.790371
0 -90.199709
36.787037
0 -90.200095
36.786541
0 -90.201753
36.78634
0 -90.203505
36.786425
0 -90.20317
36.785759
0 -90.200376
36.782453
0 -90.201999
36.78035
0 -90.202167
36.779776
0 -90.200997
36.77721
0 -90.201739
36.776438
0 -90.205386
36.775169
0 -90.206164
36.77386
0 -90.204205
36.772262
0 -90.200945
36.773512
0 -90.198594
36.773309
0 -90.197624
36.770749
0 -90.196438
36.769526
0 -90.193837
36.769346
0 -90.191664
36.770662
0 -90.19071
36.772329
0 -90.189446
36.772033
0 -90.188113
36.769562
0 -90.189841
36.767799
0 -90.190711
36.76437
0 -90.190574
36.76325
0 -90.189298
36.762513
0 -90.184806
36.76194
0 -90.1829
36.759257
0 -90.183485
36.757459
0 -90.186964
36.757197
0 -90.18744
36.755814
0 -90.184601
36.755233
0 -90.181158
36.754031
0 -90.179766
36.752645
0 -90.177457
36.751938
0 -90.175308
36.751973
0 -90.175021
36.751333
0 -90.17661
36.748181
0 -90.175216
36.747751
0 -90.172762
36.748427
0 -90.17253
36.747543
0 -90.174709
36.745147
0 -90.176017
36.744974
0 -90.177785
36.745733
0 -90.178466
36.744564
0 -90.177021
36.742232
0 -90.173333
36.741063
0 -90.171376
36.741112
0 -90.168141
36.742307
0 -90.168946
36.74039
0 -90.168046
36.737231
0 -90.169076
36.735594
0 -90.166239
36.735527
0 -90.162453
36.734163
0 -90.165033
36.731898
0 -90.162766
36.727285
0 -90.161268
36.725841
0 -90.164474
36.72492
0 -90.163525
36.724131
0 -90.15805
36.722976
0 -90.157581
36.719538
0 -90.156722
36.718085
0 -90.155981
36.716017
0 -90.15485
36.715626
0 -90.152794
36.717831
0 -90.151575
36.717012
0 -90.15396
36.710993
0 -90.1531
36.709301
0 -90.150949
36.709305
0 -90.148403
36.710559
0 -90.148855
36.70921
0 -90.152674
36.707215
0 -90.152301
36.705313
0 -90.153524
36.702674
0 -90.150685
36.699732
0 -90.145818
36.698935
0 -90.147009
36.695571
0 -90.146259
36.695159
0 -90.144296
36.69672
0 -90.143391
36.69889
0 -90.141515
36.698216
0 -90.139804
36.696072
0 -90.13972
36.693982
0 -90.140528
36.693271
0 -90.143764
36.693919
0 -90.146786
36.693692
0 -90.14581
36.691278
0 -90.142426
36.689972
0 -90.141538
36.688486
0 -90.139902
36.68797
0 -90.139868
36.686918
0 -90.141854
36.686395
0 -90.144299
36.686852
0 -90.145687
36.685264
0 -90.149195
36.684245
0 -90.147957
36.681788
0 -90.144856
36.681608
0 -90.142071
36.680521
0 -90.143089
36.679601
0 -90.146903
36.678792
0 -90.149088
36.67922
0 -90.149153
36.677162
0 -90.147498
36.675455
0 -90.144398
36.673355
0 -90.146151
36.67288
0 -90.148831
36.673415
0 -90.149291
36.672047
0 -90.146796
36.671175
0 -90.142475
36.671632
0 -90.140398
36.670856
0 -90.139698
36.669157
0 -90.141365
36.668044
0 -90.143078
36.668174
0 -90.142949
36.666545
0 -90.140863
36.666108
0 -90.138195
36.667427
0 -90.136844
36.667413
0 -90.137133
36.664758
0 -90.136653
36.663585
0 -90.134457
36.662529
0 -90.135118
36.660513
0 -90.137313
36.659227
0 -90.140878
36.659633
0 -90.142098
36.657356
0 -90.144722
36.656807
0 -90.14699
36.657501
0 -90.14662
36.656057
0 -90.143498
36.653155
0 -90.143098
36.652056
0 -90.144822
36.649462
0 -90.144131
36.648728
0 -90.139698
36.648253
0 -90.139197
36.647255
0 -90.139999
36.645058
0 -90.138798
36.642356
0 -90.140719
36.640935
0 -90.142635
36.641228
0 -90.1494
36.640695
0 -90.14713
36.639075
0 -90.145534
36.640248
0 -90.144278
36.640248
0 -90.142298
36.638155
0 -90.143398
36.636256
0 -90.144998
36.635256
0 -90.144146
36.6338
0 -90.147504
36.633155
0 -90.149628
36.633479
0 -90.149491
36.631919
0 -90.148398
36.630656
0 -90.137932
36.630675
0 -90.137928
36.631212
0 -90.083548
36.630696
0 -90.055028
36.630249
0 -90.051971
36.630345
0 -90.033313
36.630142
0 -90.028801
36.630092
0 -90.019817
36.629943
0 -89.992353
36.629621
0 -89.969579
36.629417
0 -89.958786
36.629331
0 -89.940731
36.628629
0 -89.919381
36.6284
0 -89.919384
36.628247
0 -89.86491
36.627689
0 -89.846579
36.627681
0 -89.828746
36.627375
0 -89.810318
36.627949
0 -89.810327
36.627536
0 -89.70145
36.627455
0 -89.700952
36.627453
0 -89.70078
36.655513
0 -89.701226
36.657311
0 -89.700936
36.682411
0 -89.701371
36.683503
0 -89.701247
36.686364
0 -89.702017
36.715521
0 -89.702564
36.735042
0 -89.702677
36.739077
0 -89.700104
36.740265
0 -89.700145
36.742915
0 -89.701091
36.757352
0 -89.701269
36.758601
0 -89.701342
36.765505
0 -89.702268
36.786213
0 -89.702265
36.786469
0 -89.70417
36.83932
0 -89.704833
36.859285
0 -89.691603
36.859517
0 -89.691838
36.862528
0 -89.689686
36.862971
0 -89.690269
36.864531
0 -89.692388
36.865992
0 -89.6925
36.866948
0 -89.689813
36.868132
0 -89.693744
36.869936
0 -89.695676
36.871652
0 -89.697324
36.874127
0 -89.696856
36.876643
0 -89.695556
36.876525
0 -89.694423
36.878336
0 -89.692111
36.878937
0 -89.693406
36.881103
0 -89.69166
36.883398
0 -89.689621
36.883956
0 -89.689908
36.886002
0 -89.686924
36.884681
0 -89.686683
36.887022
0 -89.688734
36.888226
0 -89.689213
36.889805
0 -89.691409
36.892296
0 -89.691232
36.89539
0 -89.693766
36.899811
0 -89.691892
36.901041
0 -89.692874
36.902295
0 -89.691164
36.903346
0 -89.691732
36.904072
0 -89.691227
36.906637
0 -89.692189
36.907355
0 -89.690073
36.909232
0 -89.691542
36.910484
0 -89.690449
36.911344
0 -89.690904
36.913247
0 -89.689393
36.912602
0 -89.687051
36.914178
0 -89.688833
36.914637
0 -89.689483
36.916078
0 -89.689255
36.917978
0 -89.686789
36.918734
0 -89.688515
36.921132
0 -89.684754
36.922721
0 -89.685805
36.923981
0 -89.687567
36.92273
0 -89.689655
36.92413
0 -89.68953
36.926
0 -89.688369
36.926403
0 -89.68662
36.928293
0 -89.689259
36.930529
0 -89.689055
36.932089
0 -89.691153
36.932554
0 -89.690741
36.933628
0 -89.692584
36.935538
0 -89.69094
36.936534
0 -89.693288
36.938101
0 -89.69173
36.938869
0 -89.692249
36.940651
0 -89.693943
36.94072
0 -89.695605
36.938672
0 -89.699324
36.943549
0 -89.699857
36.94534
0 -89.702525
36.947268
0 -89.704565
36.947832
0 -89.708362
36.947242
0 -89.709719
36.946638
0 -89.709558
36.948295
0 -89.711922
36.949907
0 -89.712283
36.952945
0 -89.714314
36.952101
0 -89.71525
36.952496
0 -89.715649
36.957215
0 -89.715549
36.960294
0 -89.716695
36.961663
0 -89.716869
36.96318
0 -89.715273
36.962438
0 -89.715638
36.964594
0 -89.714986
36.965511
0 -89.718113
36.966871
0 -89.716376
36.969998
0 -89.718301
36.970066
0 -89.718544
36.972868
0 -89.719661
36.973619
0 -89.71794
36.974802
0 -89.720796
36.975053
0 -89.722499
36.975812
0 -89.721311
36.976058
0 -89.720529
36.976845
0 -89.722692
36.979081
0 -89.718992
36.982382
0 -89.720495
36.984286
0 -89.720028
36.986837
0 -89.722497
36.988152
0 -89.721175
36.99002
0 -89.724018
36.991588
0 -89.723371
36.993383
0 -89.726161
36.994691
0 -89.726545
36.997012
0 -89.729972
37.000049
0 -89.729825
37.00154
0 -89.731827
37.003343
0 -89.733349
37.003154
0 -89.734319
37.005451
0 -89.735295
37.006008
0 -89.735382
37.010319
0 -89.738304
37.013202
0 -89.739907
37.013215
0 -89.738695
37.014603
0 -89.742071
37.016741
0 -89.743568
37.019788
0 -89.744694
37.020749
0 -89.746577
37.022993
0 -89.745851
37.024324
0 -89.746619
37.024979
0 -89.74575
37.02651
0 -89.746155
37.027727
0 -89.749726
37.028752
0 -89.749998
37.029514
0 -89.751784
37.028966
0 -89.754727
37.03067
0 -89.752246
37.03599
0 -89.754469
37.037944
0 -89.757394
37.036175
0 -89.758394
37.038338
0 -89.758288
37.041862
0 -89.756469
37.044382
0 -89.759017
37.047089
0 -89.757432
37.047416
0 -89.758192
37.048502
0 -89.757039
37.049351
0 -89.758853
37.050385
0 -89.758208
37.05168
0 -89.759943
37.050506
0 -89.762471
37.050106
0 -89.762971
37.048922
0 -89.764471
37.04952
0 -89.767608
37.051881
0 -89.769066
37.054466
0 -89.768878
37.055887
0 -89.770393
37.05651
0 -89.769652
37.059339
0 -89.771965
37.062229
0 -89.773148
37.06204
0 -89.773473
37.064973
0 -89.774563
37.0654
0 -89.776507
37.068352
0 -89.775909
37.06898
0 -89.778953
37.072108
0 -89.778949
37.074763
0 -89.778088
37.075859
0 -89.779436
37.077857
0 -89.781602
37.078959
0 -89.781671
37.080637
0 -89.783508
37.080907
0 -89.78587
37.083424
0 -89.785769
37.085547
0 -89.786819
37.087824
0 -89.785739
37.089134
0 -89.785048
37.09045
0 -89.782737
37.091468
0 -89.781147
37.090789
0 -89.778701
37.092946
0 -89.778751
37.095216
0 -89.776513
37.097032
0 -89.774082
37.097727
0 -89.774012
37.099358
0 -89.775095
37.099719
0 -89.77549
37.101617
0 -89.775516
37.103303
0 -89.773074
37.107252
0 -89.77153
37.10879
0 -89.771689
37.111486
0 -89.772733
37.112543
0 -89.771425
37.113524
0 -89.770082
37.112751
0 -89.767748
37.114925
0 -89.765567
37.118597
0 -89.765492
37.12082
0 -89.764352
37.122619
0 -89.765211
37.126066
0 -89.818061
37.126069
0 -89.821758
37.126085
0 -89.865532
37.126305
0 -89.866627
37.126227
0 -89.880037
37.126441
0 -89.945623
37.127111
0 -89.945829
37.12717
0 -89.959574
37.127251
0 -89.959416
37.098356
0 -89.959235
37.079822
0 -89.959196
37.05438
0 -89.995852
37.054734
0 -89.99572
37.04011
0 -90.000095
37.040019
0 -90.002506
37.040359
0 -90.036123
37.040543
0 -90.040834
37.040602
0 -90.073162
37.040926
0 -90.076733
37.040848
0 -90.091583
37.041001
0 -90.111247
37.041205
0 -90.129615
37.041599
0 -90.14852
37.04144
0 -90.149447
37.007444
0 -90.167874
37.007651
0 -90.167902
36.997188
0 -90.168461
36.993195
0 -90.186327
36.993345
0 -90.186565
36.987549
0 -90.186577
36.978683
0 -90.204884
36.978777
0 -90.205175
36.964552
0 -90.216716
36.964614
0 -90.223011
36.964649
0 -90.223603
36.935756
0 -90.24164
36.935945
0 -90.241806
36.921763
0 -90.249891
36.921436
0 -90.258563
36.922043
0 -90.259362
36.919014
0 -90.258546
36.913396
0 -90.25755
36.912049
0 -90.255562
36.911238
0 -90.25224
36.911546
0 -90.249316
36.911331
0 -90.248465
36.910832
0 -90.250575
36.908775
0 -90.252682
36.908567
0 -90.25697
36.909198
0 -90.259757
36.907633
0 