-100.518975
32.993622
0 -100.519208
32.962926
0 -100.355057
32.961753
0 -100.322012
32.961485
0 -100.279984
32.961129
0 -100.144224
32.959978
0 -100.118907
32.959834
0 -100.020123
32.960251
0 -100.019696
32.960205
0 -99.988827
32.960121
0 -99.989065
32.999553
0 -99.989301
33.039074
0 -99.989532
33.083451
0 -99.989569
33.090542
0 -99.989462
33.206645
0 -99.989484
33.253737
0 -99.98968
33.265437
0 -99.989829
33.274383
0 -99.990943
33.340837
0 -99.991327
33.36341
0 -99.99071
33.375093
0 -99.99098
33.397404
0 -100.000729
33.397266
0 -100.004139
33.397649
0 -100.250384
33.398035
0 -100.257176
33.397551
0 -100.517449
33.397866
0 -100.517139
33.218447
0 -100.517108
33.218254
0 -100.517757
33.074179
0 -100.518257
33.024607
0 -100.518155
33.0001
0 -100.518975
32.993622
0 