-89.341393
30.695093
0 -89.341446
30.64772
0 -89.340094
30.647682
0 -89.273563
30.647393
0 -89.249657
30.647309
0 -89.246985
30.647424
0 -89.240136
30.647646
0 -89.240073
30.67716
0 -89.155361
30.677038
0 -89.138235
30.67697
0 -89.134378
30.676956
0 -89.094831
30.676991
0 -89.070649
30.677013
0 -88.985928
30.677157
0 -88.884533
30.677292
0 -88.884478
30.71377
0 -88.884536
30.714622
0 -88.884534
30.735591
0 -88.884629
30.770745
0 -88.884626
30.779888
0 -88.884636
30.794982
0 -88.884656
30.826213
0 -88.884549
30.827152
0 -88.884668
30.840463
0 -88.884735
30.85313
0 -88.885038
30.910788
0 -89.111825
30.909916
0 -89.137967
30.909877
0 -89.171076
30.909872
0 -89.198684
30.909925
0 -89.340806
30.909912
0 -89.340872
30.895042
0 -89.340898
30.880041
0 -89.340896
30.857628
0 -89.341264
30.785968
0 -89.341393
30.695093
0 