-71.235828
43.284717
0 -71.247215
43.274201
0 -71.228573
43.262075
0 -71.211596
43.252222
0 -71.208456
43.250081
0 -71.173528
43.22898
0 -71.141299
43.208605
0 -71.133525
43.203724
0 -71.127997
43.200179
0 -71.085806
43.174392
0 -71.026688
43.138086
0 -71.041975
43.119512
0 -71.072984
43.081748
0 -71.012242
43.082038
0 -70.982161
43.082309
0 -70.981056
43.082447
0 -70.975067
43.083254
0 -70.943243
43.088487
0 -70.934065
43.090148
0 -70.928462
43.089341
0 -70.892134
43.08398
0 -70.891654
43.083192
0 -70.875486
43.080457
0 -70.869148
43.084784
0 -70.863838
43.087317
0 -70.862785
43.088751
0 -70.86103
43.095602
0 -70.860908
43.10076
0 -70.86242
43.109007
0 -70.86155
43.112669
0 -70.859994
43.115805
0 -70.860314
43.116644
0 -70.8639
43.11952
0 -70.864556
43.121763
0 -70.863335
43.123816
0 -70.861535
43.125021
0 -70.855538
43.126951
0 -70.850014
43.126951
0 -70.847129
43.126249
0 -70.844566
43.124792
0 -70.838722
43.11997
0 -70.834571
43.118246
0 -70.829231
43.117682
0 -70.8261
43.117886
0 -70.825575
43.118206
0 -70.8199991556947
43.1225855871936
0 -70.82
43.122586
0 -70.8268
43.127086
0 -70.8281
43.129086
0 -70.8293
43.132486
0 -70.83
43.138386
0 -70.8329
43.143286
0 -70.8338
43.146886
0 -70.829101
43.157886
0 -70.827801
43.166385
0 -70.828301
43.168985
0 -70.826201
43.172085
0 -70.825010477707
43.1727343757962
0 -70.824001
43.173285
0 -70.823501
43.174585
0 -70.824801
43.179685
0 -70.8248158
43.1797146
0 -70.828301
43.186685
0 -70.827901
43.188685
0 -70.827201
43.189485
0 -70.823754
43.191075
0 -70.820702
43.191663
0 -70.819344
43.193036
0 -70.819146
43.195157
0 -70.8200585583253
43.1970060526067
0 -70.820366
43.197629
0 -70.820763
43.19978
0 -70.816903
43.214604
0 -70.816033
43.21568
0 -70.813119
43.217252
0 -70.8125190887678
43.2185233108715
0 -70.80967
43.224561
0 -70.80964
43.225407
0 -70.8111675533474
43.2274089788219
0 -70.8111814835206
43.2274272354096
0 -70.811852
43.228306
0 -70.814019
43.229053
0 -70.815453
43.229023
0 -70.816232
43.234997
0 -70.817773
43.237408
0 -70.8178248757654
43.2376916251085
0 -70.817865
43.237911
0 -70.822959
43.240187
0 -70.823309
43.240343
0 -70.8250104812683
43.2409098385383
0 -70.825071
43.24093
0 -70.826711
43.241301
0 -70.828022
43.241597
0 -70.83365
43.242868
0 -70.837274
43.242321
0 -70.838678
43.242931
0 -70.8393154709614
43.2443366296111
0 -70.841273
43.248653
0 -70.841059
43.249699
0 -70.839717
43.250393
0 -70.839213
43.251224
0 -70.8432334789108
43.2542691022711
0 -70.843302
43.254321
0 -70.852015
43.256808
0 -70.855082
43.255191
0 -70.858207
43.256286
0 -70.859607
43.257342
0 -70.859853
43.259763
0 -70.861384
43.263143
0 -70.863231
43.265098
0 -70.86323
43.265109
0 -70.8637677118444
43.265260724561
0 -70.8637903707251
43.2652671181504
0 -70.8644163799853
43.2654437573321
0 -70.8645116816268
43.2654706483145
0 -70.8645789861663
43.2654896394374
0 -70.865888
43.265859
0 -70.868417
43.26575
0 -70.870289
43.266314
0 -70.871252
43.267604
0 -70.872748
43.268638
0 -70.872585
43.270152
0 -70.874298
43.271872
0 -70.876842
43.27246
0 -70.8816418761379
43.2724827061191
0 -70.881704
43.272483
0 -70.882804
43.273183
0 -70.883704
43.277483
0 -70.8839206668522
43.2778931193988
0 -70.886504
43.282783
0 -70.890204
43.284182
0 -70.896304
43.285282
0 -70.8987948191315
43.2872124702459
0 -70.89922
43.287542
0 -70.898264
43.290746
0 -70.896332
43.29212
0 -70.897332
43.292738
0 -70.9003
43.291468
0 -70.906005
43.291682
0 -70.907405
43.293582
0 -70.903905
43.296882
0 -70.90139
43.298764
0 -70.900386
43.301358
0 -70.90231
43.304872
0 -70.904485
43.30529
0 -70.9065816207796
43.304925245426
0 -70.907405
43.304782
0 -70.909805
43.306682
0 -70.91246
43.308289
0 -70.911625
43.309952
0 -70.912004
43.319821
0 -70.915406
43.319858
0 -70.916421
43.320279
0 -70.9236027476331
43.3245615272483
0 -70.923949
43.324768
0 -70.930783
43.329569
0 -70.931641
43.331019
0 -70.932198
43.33456
0 -70.932735
43.33676
0 -70.93711
43.337367
0 -70.951525
43.334672
0 -70.953034
43.333257
0 -70.956528
43.334691
0 -70.9572118440559
43.3362748280124
0 -70.95786
43.337776
0 -70.960439
43.341048
0 -70.964028
43.341888
0 -70.966160531571
43.3431464667721
0 -70.967229
43.343777
0 -70.9708460303987
43.3505012461905
0 -70.9729993714321
43.3545044183081
0 -70.97329039172
43.3550454400433
0 -70.974863
43.357969
0 -70.974156
43.362925
0 -70.976408
43.367272
0 -70.981484538965
43.3734092944009
0 -70.981859
43.373862
0 -70.984335
43.376128
0 -70.984305
43.376814
0 -70.98556932724
43.3792581121164
0 -70.985965
43.380023
0 -70.985958
43.38424
0 -70.985205
43.386745
0 -70.987649
43.389521
0 -70.9877292633165
43.391424387221
0 -70.987733
43.391513
0 -70.98739
43.393457
0 -70.982876
43.394808
0 -70.982565
43.39778
0 -70.982817
43.399312
0 -70.985767
43.40162
0 -70.986677
43.403541
0 -70.987249
43.411863
0 -70.986812
43.414264
0 -70.9859293292433
43.4154069165547
0 -70.9846139962644
43.4171100610455
0 -70.982898
43.419332
0 -70.978052
43.421954
0 -70.97462
43.423022
0 -70.971039
43.425606
0 -70.968359
43.429283
0 -70.969362
43.432731
0 -70.968782
43.434891
0 -70.9667673505378
43.4357964307724
0 -70.966646254443
43.4358508542008
0 -70.96115
43.438321
0 -70.961046
43.440475
0 -70.96164
43.443039
0 -70.96581
43.447557
0 -70.9669
43.450458
0 -70.966266
43.453627
0 -70.96399
43.456752
0 -70.96045
43.466592
0 -70.961428
43.469696
0 -70.964433
43.473276
0 -70.964542
43.473262
0 -70.966017
43.472918
0 -70.970946
43.4739
0 -70.972956
43.47502
0 -70.974245
43.47742
0 -70.9691323342411
43.4801591898912
0 -70.967968
43.480783
0 -70.967404
43.482635
0 -70.968975
43.483961
0 -70.969572
43.486201
0 -70.966718
43.491278
0 -70.9659092887943
43.4923752702146
0 -70.961948
43.49775
0 -70.959185
43.499351
0 -70.957958
43.508041
0 -70.9548493111562
43.5097501480031
0 -70.954755
43.509802
0 -70.955386
43.511357
0 -70.9558717666762
43.5118070776959
0 -70.956856
43.512719
0 -70.9561129160271
43.5143257109168
0 -70.954045
43.518797
0 -70.954066
43.52261
0 -70.956787
43.524216
0 -70.957214
43.524994
0 -70.957046
43.528743
0 -70.95822
43.531586
0 -70.962556
43.53431
0 -70.963342
43.535247
0 -70.963531
43.536756
0 -70.963281
43.538929
0 -70.962182
43.541032
0 -70.9621717091054
43.5410307593619
0 -70.962504
43.5414
0 -70.999322
43.507289
0 -71.016069
43.491006
0 -71.024435
43.482981
0 -71.027738
43.493958
0 -71.029559
43.500216
0 -71.037296
43.529689
0 -71.044148
43.525107
0 -71.046029
43.529681
0 -71.052116
43.524759
0 -71.055667
43.528203
0 -71.062645
43.524236
0 -71.06704
43.527315
0 -71.084676
43.506774
0 -71.089163
43.512745
0 -71.092963
43.507245
0 -71.0968
43.511823
0 -71.102036
43.507306
0 -71.106251
43.512586
0 -71.111818
43.506935
0 -71.124621
43.562036
0 -71.127733
43.573012
0 -71.163626
43.53937
0 -71.192207
43.512589
0 -71.185486
43.475503
0 -71.175048
43.422188
0 -71.160134
43.35586
0 -71.202092
43.316616
0 -71.235828
43.284717
0 