-76.927654
36.562392
0 -76.930936
36.559569
0 -76.926217
36.557731
0 -76.923461
36.555795
0 -76.92054
36.555847
0 -76.91963
36.554608
0 -76.916998
36.554499
0 -76.91573
36.553309
0 -76.915897
36.552093
0 -76.807078
36.550606
0 -76.7813349998352
36.5506589198281
0 -76.781296
36.550659
0 -76.7552920320161
36.5504303611519
0 -76.749678
36.550381
0 -76.738329
36.550985
0 -76.7150774820633
36.550950586731
0 -76.632863803292
36.5508289068714
0 -76.5755249999365
36.5507440429212
0 -76.575496
36.550744
0 -76.5579958525281
36.5505203890175
0 -76.541687
36.550312
0 -76.5413936846299
36.5503144526429
0 -76.4914826191179
36.5507317987331
0 -76.482069
36.62855
0 -76.466776
36.746184
0 -76.466768
36.746249
0 -76.463475
36.769852
0 -76.463398
36.77046
0 -76.457469
36.814841
0 -76.456168
36.816948
0 -76.450689
36.826708
0 -76.44067
36.841553
0 -76.441068
36.842548
0 -76.421312
36.865403
0 -76.420368
36.866348
0 -76.419353
36.867539
0 -76.413434
36.874257
0 -76.411067
36.876148
0 -76.407367
36.877648
0 -76.405789
36.881322
0 -76.404267
36.884848
0 -76.405667
36.885948
0 -76.405767
36.888448
0 -76.407167
36.890248
0 -76.404667
36.891148
0 -76.403767
36.893448
0 -76.4075281773086
36.8974503300621
0 -76.4081931077558
36.8976490829407
0 -76.4125360875125
36.8989472333441
0 -76.4232445599545
36.9021480789844
0 -76.43122
36.904532
0 -76.441605
36.906116
0 -76.447413
36.90322
0 -76.4493123772943
36.9001707545887
0 -76.453941
36.89274
0 -76.45329
36.887031
0 -76.4540812207533
36.8853639057737
0 -76.454692
36.884077
0 -76.4553520178657
36.8840258791838
0 -76.469914
36.882898
0 -76.47362
36.882622
0 -76.478255
36.881481
0 -76.480157
36.879675
0 -76.481464
36.878344
0 -76.4826076733541
36.8782296928262
0 -76.483365
36.878154
0 -76.487168
36.880626
0 -76.491565
36.881101
0 -76.4923312693874
36.8864281841361
0 -76.49311
36.891842
0 -76.4928430321761
36.8920141812024
0 -76.489426
36.894218
0 -76.485504
36.894408
0 -76.483369
36.896239
0 -76.4828199730525
36.898405298385
0 -76.482135
36.901108
0 -76.48087
36.908568
0 -76.481583
36.910183
0 -76.481107
36.911609
0 -76.480157
36.914269
0 -76.482407
36.917364
0 -76.489307
36.921775
0 -76.491684
36.9213
0 -76.493704
36.92111
0 -76.4951708895556
36.9224996367245
0 -76.500425
36.914626
0 -76.501754
36.913646
0 -76.502845
36.913313
0 -76.508411
36.911992
0 -76.512552
36.910534
0 -76.515877
36.908988
0 -76.518442
36.907103
0 -76.521099
36.90633
0 -76.524547
36.907412
0 -76.527156
36.910923
0 -76.526428
36.914628
0 -76.529279
36.916698
0 -76.53352
36.915563
0 -76.534625
36.91355
0 -76.535812
36.912507
0 -76.537863
36.912395
0 -76.544317
36.907479
0 -76.56927
36.888802
0 -76.581707
36.879413
0 -76.611708
36.856884
0 -76.631277
36.84196
0 -76.632902
36.840717
0 -76.661048
36.819236
0 -76.662987
36.818012
0 -76.670513
36.812093
0 -76.691033
36.796239
0 -76.723256
36.7714
0 -76.741229
36.7575
0 -76.747665
36.752616
0 -76.75581
36.746046
0 -76.793189
36.719455
0 -76.813535
36.706437
0 -76.814643
36.705733
0 -76.827275
36.69527
0 -76.860938
36.670658
0 -76.869449
36.664407
0 -76.897592
36.64405
0 -76.895685
36.642055
0 -76.895112
36.63964
0 -76.895063
36.635712
0 -76.891345
36.630445
0 -76.892944
36.628418
0 -76.89388
36.625712
0 -76.898076
36.623909
0 -76.898469
36.621442
0 -76.899996
36.620463
0 -76.902094
36.622564
0 -76.90764
36.619905
0 -76.910964
36.619229
0 -76.912268
36.617895
0 -76.911861
36.617105
0 -76.908391
36.614506
0 -76.90731
36.612116
0 -76.908303
36.608385
0 -76.91247
36.602678
0 -76.912617
36.601711
0 -76.910793
36.597575
0 -76.909464
36.591923
0 -76.910206
36.589426
0 -76.909923
36.58271
0 -76.909476
36.579167
0 -76.91056
36.577925
0 -76.912453
36.577093
0 -76.915912
36.577
0 -76.918317
36.577891
0 -76.920251
36.577614
0 -76.920836
36.576131
0 -76.91759
36.573889
0 -76.917996
36.572568
0 -76.919003
36.572357
0 -76.921607
36.57299
0 -76.924179
36.572914
0 -76.926141
36.571952
0 -76.927739
36.568793
0 -76.92804
36.565653
0 -76.927654
36.562392
0 