-72.452556
43.172117
0 -72.451868
43.170174
0 -72.4521
43.161414
0 -72.446254
43.16094
0 -72.443879
43.160747
0 -72.432057
43.159732
0 -72.4316
43.135693
0 -72.37911
43.132481
0 -72.372055
43.132123
0 -72.372151
43.132682
0 -72.376388
43.157734
0 -72.371169
43.157102
0 -72.330406
43.155203
0 -72.332153
43.162905
0 -72.262294
43.169545
0 -72.24953
43.17096
0 -72.244337
43.172288
0 -72.219784
43.17479
0 -72.156548
43.181962
0 -72.173093
43.14918
0 -72.178457
43.131955
0 -72.124528
43.129689
0 -72.123458
43.129883
0 -72.038149
43.128807
0 -72.023403
43.160151
0 -72.036791
43.182553
0 -72.008995
43.187874
0 -72.029083
43.209748
0 -72.041538
43.222745
0 -72.0454
43.254782
0 -72.065429
43.255044
0 -72.090028
43.322567
0 -72.078666
43.33859
0 -72.050953
43.377043
0 -72.050519
43.377904
0 -72.049829
43.380265
0 -72.04872
43.385695
0 -72.048249
43.391542
0 -72.048344
43.393066
0 -72.046769
43.41029
0 -72.047117
43.411975
0 -72.047762
43.413101
0 -72.057429
43.422106
0 -72.057983
43.42294
0 -72.053802
43.441078
0 -72.011346
43.436992
0 -72.00927
43.440642
0 -71.999912
43.457016
0 -71.991753
43.466245
0 -71.966205
43.495345
0 -71.962471
43.500073
0 -71.960259
43.501629
0 -71.93522
43.528449
0 -71.997473
43.536521
0 -71.999528
43.536158
0 -72.067261
43.543994
0 -72.069504
43.553288
0 -72.090906
43.528939
0 -72.119867
43.538288
0 -72.106464
43.55349
0 -72.151476
43.567916
0 -72.171164
43.574021
0 -72.208145
43.585162
0 -72.224893
43.587271
0 -72.251187
43.590583
0 -72.304197
43.596797
0 -72.32962
43.600201
0 -72.332382
43.599364
0 -72.346196629714
43.5901999176578
0 -72.349926
43.587726
0 -72.363916
43.583652
0 -72.3640923452929
43.583570950095
0 -72.373126
43.579419
0 -72.37944
43.574069
0 -72.382625
43.564127
0 -72.382783
43.562459
0 -72.381187
43.554915
0 -72.380383
43.54088
0 -72.38331
43.53519
0 -72.389097
43.528266
0 -72.3907
43.527261
0 -72.394218
43.5274
0 -72.395949
43.52388
0 -72.395825
43.52056
0 -72.3960827412215
43.519889289188
0 -72.3963660812783
43.5191519634375
0 -72.398563
43.513435
0 -72.398376
43.510829
0 -72.396305
43.508062
0 -72.389556
43.503899
0 -72.384773
43.500259
0 -72.380894
43.493394
0 -72.380362
43.491634
0 -72.380428
43.488525
0 -72.3804796189325
43.4881888192456
0 -72.381723
43.480091
0 -72.3821724483245
43.4785936929189
0 -72.382951
43.476
0 -72.384491
43.474195
0 -72.3847221888478
43.4740170486694
0 -72.3904680922941
43.4695942956969
0 -72.391526
43.46878
0 -72.3925
43.467364
0 -72.392628
43.465078
0 -72.390567
43.451225
0 -72.391196
43.449305
0 -72.393992
43.444666
0 -72.395659
43.438541
0 -72.395916
43.430974
0 -72.396453018873
43.4288919926581
0 -72.3964568073635
43.4288773047854
0 -72.399972
43.415249
0 -72.400131
43.410997
0 -72.4015422054575
43.403687109122
0 -72.4016293352359
43.4032357863404
0 -72.403811
43.391935
0 -72.405253
43.389992
0 -72.4111569802853
43.3857401777214
0 -72.413154
43.384302
0 -72.415381
43.380211
0 -72.415978
43.376531
0 -72.415099
43.365896
0 -72.414692
43.364273
0 -72.413377
43.362741
0 -72.403949
43.358098
0 -72.400441
43.357685
0 -72.39217
43.357865
0 -72.390103
43.356926
0 -72.3903398088227
43.3563631080371
0 -72.39092
43.354984
0 -72.395403
43.350414
0 -72.399289
43.347581
0 -72.400981
43.345775
0 -72.4065944173568
43.3378454208639
0 -72.4068907150954
43.3374268672064
0 -72.409037
43.334395
0 -72.410353
43.331675
0 -72.410197
43.330395
0 -72.408696
43.327674
0 -72.402532
43.32038
0 -72.397619
43.317064
0 -72.395805
43.314617
0 -72.395462
43.312994
0 -72.401666
43.303395
0 -72.407842
43.282892
0 -72.41545
43.271374
0 -72.421583
43.263442
0 -72.4276871519052
43.2612224304665
0 -72.4277110610837
43.2612137366979
0 -72.435221
43.258483
0 -72.436378
43.257454
0 -72.438693
43.252905
0 -72.438937
43.24424
0 -72.436654
43.238319
0 -72.434216
43.234958
0 -72.433688684948
43.2334404824348
0 -72.433684
43.233427
0 -72.4337957172472
43.232999131515
0 -72.434466
43.230432
0 -72.4351048789197
43.2293973766461
0 -72.4354777529709
43.2287935310822
0 -72.437656
43.225266
0 -72.4405
43.219049
0 -72.440563
43.215254
0 -72.438594
43.209013
0 -72.437719
43.20275
0 -72.438969
43.201035
0 -72.45028
43.192485
0 -72.449435
43.18917
0 -72.443749
43.182221
0 -72.443405
43.179729
0 -72.444904
43.177969
0 -72.4517243480023
43.1727530203202
0 -72.452556
43.172117
0 