-81.09372
37.588731
0 -81.09463
37.588658
0 -81.093697
37.588097
0 -81.017854
37.536655
0 -80.991461
37.518733
0 -80.987973
37.516575
0 -80.986778
37.515515
0 -80.971003
37.50483
0 -80.903928
37.459966
0 -80.902707
37.458989
0 -80.883492
37.446279
0 -80.881143
37.444385
0 -80.871909
37.438217
0 -80.8658
37.433805
0 -80.86226
37.431351
0 -80.861812
37.430786
0 -80.8595631785953
37.4295581429439
0 -80.859556
37.429568
0 -80.8588604663498
37.4287538301754
0 -80.8584733682993
37.4283007053671
0 -80.857839
37.429065
0 -80.819025
37.490174
0 -80.818572
37.490875
0 -80.794364
37.527715
0 -80.784777
37.54015
0 -80.769732
37.559704
0 -80.766388
37.564029
0 -80.749801
37.585646
0 -80.748147
37.587601
0 -80.727764
37.61746
0 -80.719673
37.629229
0 -80.701137
37.655039
0 -80.69722
37.660484
0 -80.686108
37.676053
0 -80.685233
37.67712
0 -80.673229
37.694458
0 -80.670797
37.69797
0 -80.66089
37.713704
0 -80.660446
37.714563
0 -80.663348
37.731696
0 -80.663328
37.732436
0 -80.668228
37.762966
0 -80.680592
37.773371
0 -80.707312
37.795905
0 -80.726507
37.812084
0 -80.731725
37.819636
0 -80.751409
37.835849
0 -80.756274
37.838841
0 -80.806316
37.868915
0 -80.856663
37.850911
0 -80.872433
37.845236
0 -80.876717
37.843433
0 -80.944038
37.819341
0 -80.94509
37.819121
0 -80.939598
37.817736
0 -80.935559
37.815908
0 -80.933735
37.814599
0 -80.932478
37.812553
0 -80.929963
37.810962
0 -80.926321
37.80973
0 -80.924297
37.806266
0 -80.924275
37.800491
0 -80.921435
37.793408
0 -80.920264
37.792338
0 -80.917478
37.79128
0 -80.914658
37.789488
0 -80.913149
37.788032
0 -80.907963
37.785746
0 -80.902947
37.782806
0 -80.900955
37.781024
0 -80.898094
37.776777
0 -80.894634
37.774583
0 -80.893609
37.771737
0 -80.893602
37.76997
0 -80.894312
37.766775
0 -80.896471
37.762793
0 -80.899677
37.75947
0 -80.901921
37.756738
0 -80.906373
37.755899
0 -80.908949
37.755758
0 -80.91309
37.754537
0 -80.91798
37.751939
0 -80.920932
37.749321
0 -80.92306
37.745755
0 -80.923617
37.743581
0 -80.923334
37.742196
0 -80.921765
37.74007
0 -80.917413
37.737379
0 -80.911045
37.734664
0 -80.908484
37.734067
0 -80.905356
37.732689
0 -80.898717
37.729312
0 -80.896906
37.727709
0 -80.893891
37.723464
0 -80.89184
37.718117
0 -80.891701
37.713962
0 -80.891138
37.708995
0 -80.88997
37.701512
0 -80.884194
37.697917
0 -80.880219
37.694929
0 -80.878406
37.692691
0 -80.877383
37.687648
0 -80.877729
37.685603
0 -80.879542
37.682665
0 -80.882316
37.680766
0 -80.887606
37.679203
0 -80.893113
37.6771
0 -80.893579
37.676585
0 -80.894561
37.672522
0 -80.895442
37.672835
0 -80.898982
37.674606
0 -80.900267
37.676282
0 -80.898981
37.679236
0 -80.898604
37.683301
0 -80.897579
37.68752
0 -80.89776
37.689976
0 -80.901856
37.692877
0 -80.903877
37.696187
0 -80.905435
37.697275
0 -80.905961
37.698596
0 -80.908297
37.700127
0 -80.911566
37.70144
0 -80.914784
37.703205
0 -80.925783
37.704248
0 -80.92731
37.705264
0 -80.929141
37.705551
0 -80.928657
37.707693
0 -80.930145
37.709948
0 -80.9314
37.710906
0 -80.934598
37.7123
0 -80.937108
37.713009
0 -80.939335
37.713121
0 -80.94231
37.713943
0 -80.945245
37.715272
0 -80.947017
37.715449
0 -80.953981
37.714313
0 -80.955534
37.713274
0 -80.958819
37.712268
0 -80.961916
37.711978
0 -80.966663
37.713467
0 -80.969254
37.713933
0 -80.974558
37.714399
0 -80.976198
37.714955
0 -80.977099
37.71452
0 -80.979395
37.711081
0 -80.979515
37.708625
0 -80.980334
37.706394
0 -80.978198
37.704784
0 -80.978298
37.703222
0 -80.975524
37.700855
0 -80.974067
37.700952
0 -80.972629
37.69902
0 -80.973337
37.697176
0 -80.974632
37.695791
0 -80.978942
37.694147
0 -80.980874
37.693744
0 -80.982392
37.694355
0 -80.984234
37.694073
0 -80.985377
37.693026
0 -80.986124
37.690819
0 -80.987975
37.689828
0 -80.988045
37.688483
0 -80.989138
37.687557
0 -80.988944
37.685794
0 -80.991261
37.685463
0 -80.993538
37.684254
0 -80.995125
37.682458
0 -80.99815
37.682086
0 -81.004334
37.679618
0 -81.006165
37.678161
0 -81.006322
37.676891
0 -81.007981
37.67321
0 -81.011231
37.674178
0 -81.013047
37.673483
0 -81.014436
37.671156
0 -81.016755
37.671774
0 -81.018296
37.670416
0 -81.020072
37.670533
0 -81.021701
37.669609
0 -81.024582
37.66554
0 -81.026518
37.664741
0 -81.028761
37.662788
0 -81.029328
37.661368
0 -81.027833
37.66014
0 -81.027558
37.65856
0 -81.030869
37.658087
0 -81.032249
37.657437
0 -81.033464
37.656134
0 -81.035875
37.65663
0 -81.037264
37.65589
0 -81.038164
37.654227
0 -81.039844
37.652736
0 -81.043493
37.65166
0 -81.045874
37.650025
0 -81.048648
37.649278
0 -81.050729
37.648031
0 -81.050727
37.646706
0 -81.05293
37.646248
0 -81.055666
37.644782
0 -81.058809
37.645049
0 -81.060289
37.644743
0 -81.063662
37.643202
0 -81.065522
37.641811
0 -81.068166
37.64092
0 -81.068774
37.639823
0 -81.066974
37.637877
0 -81.065707
37.637274
0 -81.065309
37.635909
0 -81.066745
37.633803
0 -81.072909
37.632887
0 -81.074069
37.632437
0 -81.073749
37.630904
0 -81.071643
37.62963
0 -81.069842
37.629279
0 -81.06885
37.628104
0 -81.068815
37.622317
0 -81.066515
37.620517
0 -81.066815
37.615017
0 -81.064815
37.614117
0 -81.064268
37.611057
0 -81.069247
37.60884
0 -81.069663
37.605298
0 -81.07219
37.604331
0 -81.073132
37.602211
0 -81.076866
37.599831
0 -81.078406
37.599727
0 -81.080816
37.600417
0 -81.082187
37.599589
0 -81.087438
37.597972
0 -81.088207
37.596009
0 -81.090363
37.594019
0 -81.090978
37.591725
0 -81.09372
37.588731
0 