-81.688154
41.004144
0 -81.688491
40.98859
0 -81.669703
40.988568
0 -81.64957
40.988558
0 -81.647689
40.988563
0 -81.647657
40.987445
0 -81.647675
40.970322
0 -81.64764
40.960481
0 -81.647719
40.948153
0 -81.647727
40.943399
0 -81.647767
40.928803
0 -81.64785
40.925197
0 -81.647735
40.914016
0 -81.63746
40.913825
0 -81.614045
40.913155
0 -81.594748
40.912354
0 -81.593744
40.912456
0 -81.565299
40.911458
0 -81.536441
40.910312
0 -81.497145
40.908902
0 -81.490023
40.908554
0 -81.466
40.907873
0 -81.464151
40.907651
0 -81.458837
40.907757
0 -81.43064
40.906807
0 -81.428688
40.906756
0 -81.42588
40.906677
0 -81.425347
40.906661
0 -81.420418
40.906504
0 -81.419786
40.917522
0 -81.419783
40.917579
0 -81.419239
40.928501
0 -81.419027
40.92963
0 -81.418412
40.940422
0 -81.417841
40.950614
0 -81.417436
40.961822
0 -81.416826
40.976122
0 -81.416334
40.988456
0 -81.394188
40.988532
0 -81.393249
40.988531
0 -81.393274
41.017476
0 -81.393284
41.019936
0 -81.393282
41.025435
0 -81.393267
41.029035
0 -81.393228
41.03763
0 -81.393222
41.039001
0 -81.393216
41.04064
0 -81.393206
41.041222
0 -81.393137
41.048397
0 -81.393056
41.060666
0 -81.392784
41.063708
0 -81.39279
41.065326
0 -81.392929
41.066162
0 -81.392959
41.066344
0 -81.392832
41.083217
0 -81.392744
41.085672
0 -81.392731
41.085969
0 -81.392628
41.092083
0 -81.392629
41.092705
0 -81.392534
41.100435
0 -81.392456
41.109043
0 -81.392442
41.110646
0 -81.392336
41.117911
0 -81.392532
41.120955
0 -81.392209
41.135086
0 -81.392114
41.135722
0 -81.392357
41.136952
0 -81.392449
41.139766
0 -81.392407
41.153274
0 -81.392345
41.166238
0 -81.392268
41.171362
0 -81.392269
41.173631
0 -81.392238
41.175913
0 -81.392238
41.180702
0 -81.392231
41.198537
0 -81.391931
41.202855
0 -81.392134
41.239743
0 -81.391931
41.254189
0 -81.391831
41.276654
0 -81.391759
41.284053
0 -81.391746
41.306956
0 -81.39174
41.311743
0 -81.391719
41.336658
0 -81.391709
41.340634
0 -81.391694
41.348272
0 -81.397621
41.348318
0 -81.399585
41.348573
0 -81.405157
41.34865
0 -81.411801
41.348694
0 -81.419012
41.348753
0 -81.440053
41.349051
0 -81.450331
41.349148
0 -81.461254
41.349342
0 -81.46881
41.349607
0 -81.488988
41.349753
0 -81.508313
41.350055
0 -81.517658
41.350154
0 -81.51864
41.350154
0 -81.526619
41.350484
0 -81.536216
41.35062
0 -81.561609
41.350842
0 -81.585249
41.351088
0 -81.598052
41.351157
0 -81.597243
41.349305
0 -81.595463
41.35028
0 -81.593317
41.349633
0 -81.593566
41.347685
0 -81.596815
41.347212
0 -81.596034
41.344919
0 -81.594726
41.34354
0 -81.589742
41.343746
0 -81.588099
41.342651
0 -81.587901
41.336311
0 -81.591235
41.331275
0 -81.591542
41.327877
0 -81.590315
41.326133
0 -81.587337
41.323707
0 -81.587335
41.321306
0 -81.587664
41.319772
0 -81.585919
41.317391
0 -81.583645
41.315683
0 -81.584058
41.313301
0 -81.583622
41.311524
0 -81.584265
41.309664
0 -81.585444
41.308864
0 -81.584293
41.306981
0 -81.581628
41.30579
0 -81.578555
41.305817
0 -81.575951
41.304425
0 -81.57551
41.303679
0 -81.573334
41.303292
0 -81.573002
41.30265
0 -81.575517
41.30266
0 -81.57573
41.300909
0 -81.572859
41.300751
0 -81.573219
41.299103
0 -81.57251
41.296504
0 -81.57107
41.295868
0 -81.57205
41.293896
0 -81.569884
41.29342
0 -81.571117
41.291768
0 -81.570901
41.290813
0 -81.568606
41.28993
0 -81.566487
41.290019
0 -81.565337
41.289182
0 -81.565138
41.287853
0 -81.566889
41.287967
0 -81.568065
41.286024
0 -81.566757
41.284383
0 -81.564785
41.284208
0 -81.564394
41.281936
0 -81.562419
41.280389
0 -81.562183
41.279316
0 -81.563147
41.278579
0 -81.564451
41.279056
0 -81.565681
41.278084
0 -81.565139
41.277758
0 -81.56986
41.277853
0 -81.587418
41.2776
0 -81.590542
41.277554
0 -81.609657
41.277497
0 -81.615958
41.277559
0 -81.624921
41.277558
0 -81.627354
41.277544
0 -81.636116
41.277493
0 -81.637849
41.277481
0 -81.67051
41.277255
0 -81.68495
41.277146
0 -81.685321
41.239589
0 -81.685646
41.202132
0 -81.686388
41.168556
0 -81.68699
41.135956
0 -81.687051
41.127962
0 -81.687234
41.115906
0 -81.687292
41.110548
0 -81.687411
41.093099
0 -81.687441
41.089081
0 -81.687624
41.062154
0 -81.68774
41.039266
0 -81.687743
41.038905
0 -81.687801
41.025663
0 -81.688154
41.004144
0 