-76.1455192032297
41.9989130371419
0 -76.14364
41.977893
0 -76.137602
41.91429
0 -76.135671
41.891812
0 -76.134511
41.876691
0 -76.134046
41.873588
0 -76.129759
41.826215
0 -76.127557
41.801253
0 -76.125611
41.780297
0 -76.125899
41.770614
0 -76.124618
41.766915
0 -76.123
41.749367
0 -76.122003
41.73855
0 -76.120191
41.716355
0 -76.120043
41.71583
0 -76.115172
41.651825
0 -76.114224
41.643385
0 -76.098695
41.644172
0 -76.087245
41.64473
0 -76.049726
41.644479
0 -75.984938
41.644755
0 -75.969087
41.644329
0 -75.956406
41.644206
0 -75.889626
41.64358
0 -75.879009
41.643462
0 -75.868724
41.644356
0 -75.848978
41.643711
0 -75.797336
41.642615
0 -75.79222
41.64205
0 -75.782461
41.642848
0 -75.767924
41.643409
0 -75.720308
41.642268
0 -75.719887
41.642263
0 -75.653875
41.642193
0 -75.652187
41.642196
0 -75.632976
41.642015
0 -75.622271
41.641935
0 -75.618959
41.642064
0 -75.597634
41.641904
0 -75.531276
41.641659
0 -75.479291
41.641628
0 -75.474901
41.641696
0 -75.469259
41.64141
0 -75.462411
41.641587
0 -75.462238
41.641583
0 -75.462799
41.650261
0 -75.46362
41.662962
0 -75.465099
41.688563
0 -75.466081
41.704647
0 -75.467344
41.72702
0 -75.468234
41.741602
0 -75.470782
41.783186
0 -75.470865
41.784637
0 -75.47179
41.802941
0 -75.473697
41.83853
0 -75.476376
41.873333
0 -75.478573
41.915752
0 -75.478994
41.924647
0 -75.4831501008195
41.9992585325396
0 -75.483738
41.999244
0 -75.5388229695021
41.999120407185
0 -75.55307597628
41.9990884280581
0 -75.6075741102809
41.9989661519117
0 -75.6097056260421
41.9989613694813
0 -75.610316
41.99896
0 -75.6555885967556
41.9985838181208
0 -75.742217
41.997864
0 -75.7625404568361
41.9980165129409
0 -75.7733433652803
41.9980975810068
0 -75.870677
41.998828
0 -75.8906185094392
41.998865672533
0 -75.9584074252567
41.9989937360666
0 -75.98025
41.999035
0 -75.983082
41.999035
0 -75.9888420110949
41.9990266948634
0 -75.9935630222134
41.9990198878205
0 -76.0600871153046
41.9989239693103
0 -76.10584
41.998858
0 -76.1109074353043
41.9988852442758
0 -76.123696
41.998954
0 -76.131201
41.998954
0 -76.1455192032297
41.9989130371419
0 