-121.947368
39.243572
0 -121.948294
39.240845
0 -121.944687
39.236509
0 -121.942546
39.231991
0 -121.940048
39.228674
0 -121.940177
39.225244
0 -121.941193
39.22405
0 -121.941239
39.221581
0 -121.939695
39.221733
0 -121.936075
39.221023
0 -121.937721
39.219531
0 -121.937601
39.217745
0 -121.935379
39.214709
0 -121.933356
39.212627
0 -121.932417
39.211571
0 -121.933337
39.209267
0 -121.930044
39.20386
0 -121.928332
39.198729
0 -121.929262
39.197532
0 -121.935319
39.195417
0 -121.937105
39.194071
0 -121.934378
39.191271
0 -121.935174
39.189348
0 -121.93968
39.187839
0 -121.943095
39.184763
0 -121.945509
39.180959
0 -121.94478
39.179096
0 -121.942241
39.17709
0 -121.93939
39.174211
0 -121.937968
39.170905
0 -121.934917
39.1619
0 -121.933094
39.160028
0 -121.931449
39.159053
0 -121.926901
39.157273
0 -121.92409
39.155225
0 -121.920125
39.152992
0 -121.917916
39.150418
0 -121.917214
39.147278
0 -121.917947
39.144483
0 -121.918983
39.142253
0 -121.920541
39.141338
0 -121.925055
39.142561
0 -121.93174
39.142408
0 -121.936755
39.144212
0 -121.937763
39.143984
0 -121.939535
39.141317
0 -121.939172
39.136145
0 -121.937953
39.133001
0 -121.933928
39.130041
0 -121.924959
39.128197
0 -121.923569
39.126561
0 -121.922086
39.122632
0 -121.920718
39.122031
0 -121.918878
39.1221
0 -121.914639
39.123597
0 -121.912302
39.123876
0 -121.911095
39.123147
0 -121.910094
39.121168
0 -121.909956
39.119289
0 -121.910639
39.117274
0 -121.912962
39.115256
0 -121.912739
39.113545
0 -121.909543
39.113047
0 -121.907563
39.114561
0 -121.905535
39.114766
0 -121.90388
39.110909
0 -121.903523
39.108058
0 -121.905924
39.104195
0 -121.905834
39.103087
0 -121.904015
39.101446
0 -121.90026
39.100294
0 -121.898514
39.096689
0 -121.894369
39.096126
0 -121.893489
39.091764
0 -121.894178
39.090383
0 -121.895372
39.087633
0 -121.894804
39.085922
0 -121.890219
39.082876
0 -121.889738
39.081165
0 -121.893188
39.080723
0 -121.894393
39.080016
0 -121.894127
39.078003
0 -121.889101
39.072373
0 -121.884177
39.07087
0 -121.878957
39.070744
0 -121.87608
39.070077
0 -121.871202
39.067197
0 -121.869817
39.06686
0 -121.859561
39.068459
0 -121.851696
39.071509
0 -121.849389
39.071401
0 -121.847964
39.070817
0 -121.842331
39.06621
0 -121.838545
39.06413
0 -121.838213
39.062953
0 -121.840712
39.053365
0 -121.84056
39.049826
0 -121.838744
39.045091
0 -121.833602
39.040483
0 -121.830192
39.038637
0 -121.829539
39.03574
0 -121.830794
39.033652
0 -121.82908
39.032123
0 -121.824375
39.031781
0 -121.822715
39.028604
0 -121.822763
39.025511
0 -121.821652
39.02287
0 -121.820984
39.020279
0 -121.821808
39.018732
0 -121.826011
39.01409
0 -121.826806
39.011788
0 -121.825954
39.01065
0 -121.820301
39.006494
0 -121.816214
39.005686
0 -121.813111
39.005941
0 -121.807957
39.004412
0 -121.805396
39.003239
0 -121.802423
39.000242
0 -121.79759
38.998166
0 -121.795606
38.996678
0 -121.795366
38.995686
0 -121.795894
38.994582
0 -121.800694
38.990582
0 -121.802102
38.989767
0 -121.807366
38.989495
0 -121.811958
38.988855
0 -121.817286
38.988935
0 -121.81951
38.988279
0 -121.820726
38.985175
0 -121.820998
38.980839
0 -121.820806
38.976599
0 -121.821622
38.974503
0 -121.824422
38.973495
0 -121.827574
38.973047
0 -121.832086
38.97116
0 -121.833654
38.969752
0 -121.834566
38.968152
0 -121.834614
38.965208
0 -121.834118
38.96388
0 -121.832214
38.961448
0 -121.832166
38.960216
0 -121.835686
38.957432
0 -121.839222
38.955864
0 -121.840374
38.95452
0 -121.837878
38.952024
0 -121.836598
38.949128
0 -121.836902
38.945864
0 -121.836566
38.943816
0 -121.835238
38.942376
0 -121.831878
38.940681
0 -121.830134
38.938425
0 -121.830662
38.937177
0 -121.834006
38.934105
0 -121.835526
38.931961
0 -121.836022
38.930041
0 -121.837766
38.927353
0 -121.837334
38.926073
0 -121.835488
38.924481
0 -121.832522
38.922746
0 -121.830009
38.919059
0 -121.82679
38.918057
0 -121.82247
38.918057
0 -121.819248
38.917468
0 -121.813174
38.915369
0 -121.807452
38.915361
0 -121.804805
38.914521
0 -121.804597
38.911881
0 -121.805843
38.910793
0 -121.809034
38.910205
0 -121.814338
38.911678
0 -121.815254
38.91121
0 -121.814998
38.91057
0 -121.812181
38.908826
0 -121.80774
38.90693
0 -121.803303
38.905989
0 -121.797157
38.905466
0 -121.792581
38.906362
0 -121.791109
38.904538
0 -121.791077
38.903323
0 -121.792885
38.901051
0 -121.79458
38.900536
0 -121.798139
38.900874
0 -121.803534
38.902003
0 -121.803989
38.90172
0 -121.803093
38.897419
0 -121.805061
38.894747
0 -121.806773
38.890315
0 -121.809157
38.887739
0 -121.813333
38.885787
0 -121.816325
38.884955
0 -121.817196
38.881975
0 -121.815976
38.880184
0 -121.814814
38.876582
0 -121.809814
38.872117
0 -121.806049
38.871355
0 -121.803896
38.870023
0 -121.80297
38.86785
0 -121.802926
38.865178
0 -121.801262
38.864234
0 -121.797421
38.8663
0 -121.795977
38.866659
0 -121.794508
38.865444
0 -121.79302
38.862972
0 -121.791386
38.862668
0 -121.788779
38.864221
0 -121.786667
38.863695
0 -121.785132
38.862597
0 -121.78433
38.860541
0 -121.784265
38.856685
0 -121.783433
38.856573
0 -121.781833
38.857357
0 -121.779065
38.860174
0 -121.77674
38.86134
0 -121.770023
38.861537
0 -121.765296
38.864187
0 -121.762794
38.864006
0 -121.759012
38.862275
0 -121.758084
38.862611
0 -121.759891
38.867771
0 -121.758696
38.868708
0 -121.753989
38.869413
0 -121.749747
38.871243
0 -121.748624
38.871318
0 -121.747411
38.869995
0 -121.746643
38.866379
0 -121.744803
38.864155
0 -121.740483
38.862763
0 -121.737811
38.860827
0 -121.730455
38.859086
0 -121.728529
38.857269
0 -121.728164
38.853408
0 -121.72354
38.852292
0 -121.72378
38.850426
0 -121.728285
38.847369
0 -121.728686
38.844696
0 -121.725971
38.841254
0 -121.729924
38.83926
0 -121.730772
38.836349
0 -121.730953
38.835253
0 -121.727021
38.831502
0 -121.724467
38.828048
0 -121.723414
38.825617
0 -121.723636
38.821305
0 -121.724401
38.818386
0 -121.724358
38.816662
0 -121.723497
38.813556
0 -121.723901
38.809587
0 -121.723346
38.803759
0 -121.722675
38.802718
0 -121.720738
38.802141
0 -121.717394
38.802717
0 -121.71493
38.802397
0 -121.71141
38.801197
0 -121.70749
38.801037
0 -121.705873
38.801435
0 -121.702402
38.802909
0 -121.701251
38.803028
0 -121.698319
38.80134
0 -121.696687
38.797361
0 -121.693901
38.795748
0 -121.690671
38.795627
0 -121.690544
38.794827
0 -121.693126
38.79183
0 -121.693368
38.789816
0 -121.690895
38.785784
0 -121.690846
38.783577
0 -121.688571
38.78213
0 -121.687615
38.780373
0 -121.686445
38.776946
0 -121.686439
38.77536
0 -121.687494
38.773369
0 -121.689431
38.771203
0 -121.692129
38.769555
0 -121.69269
38.768312
0 -121.691634
38.766866
0 -121.688082
38.764152
0 -121.685998
38.763371
0 -121.681673
38.763732
0 -121.680279
38.763448
0 -121.67772
38.760669
0 -121.670018
38.75931
0 -121.670192
38.758046
0 -121.672407
38.756527
0 -121.676089
38.752446
0 -121.677264
38.749436
0 -121.675498
38.745261
0 -121.674186
38.743598
0 -121.672777
38.742799
0 -121.670426
38.743744
0 -121.668747
38.745616
0 -121.667868
38.747648
0 -121.667998
38.749408
0 -121.668814
38.750912
0 -121.668559
38.752976
0 -121.66504
38.755488
0 -121.663472
38.755432
0 -121.659035
38.75433
0 -121.658194
38.754922
0 -121.65834
38.757999
0 -121.659384
38.760319
0 -121.661607
38.762627
0 -121.664203
38.765284
0 -121.663957
38.768156
0 -121.661182
38.76908
0 -121.658058
38.768836
0 -121.657737
38.766839
0 -121.654352
38.764382
0 -121.65056
38.764478
0 -121.645291
38.766055
0 -121.642911
38.765934
0 -121.639215
38.766942
0 -121.639071
38.767729
0 -121.646461
38.771224
0 -121.64859
38.772824
0 -121.64811
38.773769
0 -121.645261
38.773994
0 -121.640396
38.772761
0 -121.637628
38.770567
0 -121.636175
38.767085
0 -121.634244
38.767262
0 -121.632759
38.769605
0 -121.632422
38.774258
0 -121.630921
38.776128
0 -121.628021
38.778006
0 -121.628823
38.779933
0 -121.631098
38.781225
0 -121.631198
38.783097
0 -121.627965
38.784893
0 -121.626001
38.785283
0 -121.620653
38.784004
0 -121.617167
38.78262
0 -121.613823
38.781724
0 -121.60811
38.78086
0 -121.604862
38.779356
0 -121.603022
38.778108
0 -121.599838
38.774876
0 -121.595374
38.768268
0 -121.592622
38.76286
0 -121.592327
38.760227
0 -121.593406
38.753985
0 -121.595502
38.748846
0 -121.598542
38.744734
0 -121.601102
38.740638
0 -121.602894
38.735838
0 -121.567515
38.735789
0 -121.559868
38.736302
0 -121.558602
38.736308
0 -121.558287
38.736309
0 -121.521767
38.736401
0 -121.490148
38.734991
0 -121.489459
38.734985
0 -121.484396
38.734598
0 -121.48444
38.751354
0 -121.469803
38.751939
0 -121.469624
38.794709
0 -121.469809
38.824279
0 -121.469675
38.844103
0 -121.469998
38.846047
0 -121.469898
38.859849
0 -121.469645
38.881141
0 -121.46947
38.896947
0 -121.469356
38.925992
0 -121.451782
38.92609
0 -121.414399
38.926214
0 -121.414479
38.948599
0 -121.414375
38.958492
0 -121.414595
38.959096
0 -121.414714
38.979429
0 -121.414846
38.991905
0 -121.414625
38.996014
0 -121.414779
38.996452
0 -121.417517
38.995962
0 -121.422068
38.996332
0 -121.430136
38.994911
0 -121.433643
38.993924
0 -121.437527
38.993628
0 -121.441956
38.994863
0 -121.443826
38.993325
0 -121.445533
38.994119
0 -121.446378
38.995456
0 -121.448604
38.997065
0 -121.456315
38.99819
0 -121.459463
38.997839
0 -121.46499
38.99602
0 -121.466608
38.994682
0 -121.474408
38.992173
0 -121.48205
38.9935
0 -121.485672
38.992606
0 -121.487911
38.990637
0 -121.489646
38.99205
0 -121.49111
38.990566
0 -121.491222
38.987923
0 -121.493076
38.986753
0 -121.49369
38.984302
0 -121.507815
38.982919
0 -121.509029
38.982791
0 -121.524653
38.971473
0 -121.534642
38.971986
0 -121.539998
38.972412
0 -121.543306
38.972404
0 -121.545091
38.969537
0 -121.553518
38.953755
0 -121.56147
38.953437
0 -121.567975
38.943705
0 -121.571297
38.938918
0 -121.573831
38.930196
0 -121.575546
38.924363
0 -121.575459
38.918393
0 -121.57703
38.91967
0 -121.57892
38.92169
0 -121.579303
38.923512
0 -121.580681
38.924497
0 -121.581147
38.925847
0 -121.581557
38.928611
0 -121.581243
38.930091
0 -121.58193
38.932318
0 -121.582183
38.93565
0 -121.581565
38.939104
0 -121.57826
38.944352
0 -121.577961
38.946771
0 -121.578698
38.948213
0 -121.581117
38.951215
0 -121.582592
38.955695
0 -121.581592
38.957586
0 -121.58046
38.961292
0 -121.581447
38.96529
0 -121.582633
38.967025
0 -121.586095
38.970543
0 -121.58737
38.973373
0 -121.586722
38.977005
0 -121.586548
38.979976
0 -121.586986
38.982968
0 -121.588533
38.986248
0 -121.589399
38.990344
0 -121.587523
38.994869
0 -121.584745
38.997573
0 -121.580622
39.003307
0 -121.579095
39.006692
0 -121.57933
39.007573
0 -121.581937
39.008982
0 -121.584073
39.009557
0 -121.587246
39.009541
0 -121.590251
39.010241
0 -121.594514
39.010345
0 -121.600036
39.012106
0 -121.599478
39.014187
0 -121.595917
39.017852
0 -121.594392
39.020649
0 -121.594618
39.023708
0 -121.59759
39.025222
0 -121.598557
39.027346
0 -121.601964
39.028901
0 -121.605634
39.032628
0 -121.607345
39.036866
0 -121.608566
39.043867
0 -121.61025
39.056907
0 -121.607958
39.061225
0 -121.60332
39.065669
0 -121.600544
39.070157
0 -121.600142
39.071826
0 -121.597743
39.075739
0 -121.592695
39.081978
0 -121.590022
39.083903
0 -121.58591
39.089691
0 -121.586761
39.097801
0 -121.587388
39.101614
0 -121.590357
39.102702
0 -121.591944
39.102316
0 -121.595631
39.099447
0 -121.600721
39.099582
0 -121.602678
39.100158
0 -121.602611
39.101845
0 -121.601347
39.104176
0 -121.602
39.106984
0 -121.604017
39.110715
0 -121.60463
39.112763
0 -121.603954
39.115412
0 -121.59972
39.122026
0 -121.597676
39.127792
0 -121.597261
39.128723
0 -121.598374
39.12895
0 -121.602161
39.135232
0 -121.60407
39.137034
0 -121.607575
39.140895
0 -121.607976
39.143489
0 -121.607777
39.145103
0 -121.605557
39.14832
0 -121.60719
39.150402
0 -121.607579
39.153898
0 -121.609877
39.158691
0 -121.612549
39.163639
0 -121.615614
39.167824
0 -121.615019
39.168878
0 -121.612162
39.17125
0 -121.611159
39.175706
0 -121.616484
39.178674
0 -121.618132
39.182237
0 -121.618361
39.183412
0 -121.614323
39.187473
0 -121.613121
39.190617
0 -121.615137
39.193296
0 -121.617984
39.193514
0 -121.624028
39.196351
0 -121.623645
39.197423
0 -121.624379
39.199366
0 -121.626079
39.200902
0 -121.629089
39.204678
0 -121.625523
39.206727
0 -121.624128
39.207
0 -121.622651
39.206043
0 -121.621221
39.206066
0 -121.620684
39.208255
0 -121.619444
39.210448
0 -121.620901
39.21261
0 -121.620284
39.213487
0 -121.616955
39.212517
0 -121.614296
39.213113
0 -121.613689
39.214525
0 -121.616317
39.217254
0 -121.618123
39.220646
0 -121.617696
39.222488
0 -121.616705
39.22335
0 -121.616151
39.225236
0 -121.614656
39.227133
0 -121.614307
39.228745
0 -121.61531
39.229398
0 -121.61827
39.229776
0 -121.620193
39.228833
0 -121.624785
39.227684
0 -121.627712
39.2286
0 -121.628854
39.23053
0 -121.627508
39.234526
0 -121.628886
39.236885
0 -121.63438
39.239811
0 -121.635366
39.241478
0 -121.635299
39.242858
0 -121.636368
39.246076
0 -121.636314
39.249413
0 -121.635809
39.250336
0 -121.635197
39.251308
0 -121.635818
39.257013
0 -121.635869
39.261117
0 -121.635458
39.262146
0 -121.633259
39.26196
0 -121.631229
39.260738
0 -121.627203
39.259365
0 -121.624138
39.260638
0 -121.621858
39.262711
0 -121.621399
39.26394
0 -121.622396
39.26471
0 -121.628366
39.266469
0 -121.632302
39.270383
0 -121.632473
39.271368
0 -121.630985
39.273435
0 -121.629669
39.273735
0 -121.627299
39.271951
0 -121.623801
39.271904
0 -121.62229
39.273349
0 -121.622302
39.275667
0 -121.626191
39.278277
0 -121.627075
39.27946
0 -121.628234
39.283161
0 -121.628548
39.285666
0 -121.62969
39.288263
0 -121.631478
39.29082
0 -121.631246
39.291917
0 -121.628802
39.29183
0 -121.625559
39.292478
0 -121.624167
39.293408
0 -121.62376
39.295621
0 -121.626658
39.296615
0 -121.631206
39.30059
0 -121.632448
39.303043
0 -121.63015
39.305668
0 -121.659893
39.305231
0 -121.672897
39.305056
0 -121.687589
39.30503
0 -121.7055
39.304641
0 -121.79839
39.303629
0 -121.879249
39.303608
0 -121.882519
39.303722
0 -121.908269
39.303878
0 -121.907636
39.303119
0 -121.908563
39.301427
0 -121.910573
39.30089
0 -121.913369
39.299373
0 -121.91688
39.295725
0 -121.916702
39.292107
0 -121.918735
39.292312
0 -121.91841
39.290778
0 -121.919116
39.289244
0 -121.921357
39.289152
0 -121.922211
39.286989
0 -121.920796
39.281631
0 -121.924142
39.277864
0 -121.927943
39.275242
0 -121.929575
39.270608
0 -121.93309
39.269899
0 -121.936916
39.26795
0 -121.941311
39.262358
0 -121.941907
39.260102
0 -121.941656
39.257958
0 -121.94226
39.256097
0 -121.945278
39.253101
0 -121.946821
39.249842
0 -121.94666
39.247685
0 -121.947368
39.243572
0 