-83.949389
35.461164
0 -83.9528140810915
35.4606452860299
0 -83.948096
35.45594
0 -83.947759
35.454301
0 -83.94574
35.451667
0 -83.939519
35.448787
0 -83.93699
35.448429
0 -83.934866
35.448697
0 -83.931874
35.44969
0 -83.92936
35.449857
0 -83.926479
35.45182
0 -83.92333
35.455071
0 -83.91981
35.459787
0 -83.918495
35.461169
0 -83.91669
35.46186
0 -83.914834
35.464342
0 -83.912301
35.466091
0 -83.910857
35.466414
0 -83.906925
35.466485
0 -83.904436
35.465183
0 -83.901571
35.464522
0 -83.898436
35.462414
0 -83.89427
35.461708
0 -83.890447
35.462901
0 -83.887839
35.463292
0 -83.881546
35.463183
0 -83.878847
35.46258
0 -83.8749
35.460898
0 -83.870743
35.458317
0 -83.868057
35.455198
0 -83.86734
35.450926
0 -83.865722
35.448163
0 -83.8645
35.448196
0 -83.851108
35.451988
0 -83.847976
35.45213
0 -83.844577
35.453171
0 -83.842584
35.452547
0 -83.840086
35.449966
0 -83.837066
35.448635
0 -83.834933
35.449126
0 -83.831651
35.450982
0 -83.826106
35.450379
0 -83.822246
35.450775
0 -83.820312
35.450553
0 -83.817849
35.449679
0 -83.816527
35.446912
0 -83.814583
35.445798
0 -83.80823
35.444057
0 -83.806302
35.445701
0 -83.805714
35.448129
0 -83.804462
35.450973
0 -83.804966
35.453414
0 -83.802535
35.455636
0 -83.799457
35.455356
0 -83.798231
35.454045
0 -83.795225
35.452115
0 -83.791751
35.450819
0 -83.786258
35.449518
0 -83.782213
35.447149
0 -83.778479
35.445263
0 -83.776425
35.443861
0 -83.773641
35.443392
0 -83.767553
35.44367
0 -83.766657
35.443436
0 -83.762909
35.442485
0 -83.760337
35.442508
0 -83.756958
35.441655
0 -83.754633
35.44276
0 -83.749895
35.442455
0 -83.741367
35.445186
0 -83.736638
35.446948
0 -83.732585
35.447213
0 -83.730296
35.446452
0 -83.728851
35.44538
0 -83.721806
35.443001
0 -83.714968
35.442105
0 -83.712931
35.442092
0 -83.708092
35.443675
0 -83.702508
35.443085
0 -83.699978
35.441728
0 -83.693513
35.440498
0 -83.685622
35.439323
0 -83.684035
35.438912
0 -83.678872
35.436665
0 -83.674789
35.435582
0 -83.669446
35.435563
0 -83.666798
35.434044
0 -83.66582
35.43213
0 -83.664623
35.431128
0 -83.661574
35.431346
0 -83.660153
35.432362
0 -83.657763
35.432252
0 -83.656316
35.430849
0 -83.653977
35.427094
0 -83.651572
35.426413
0 -83.648664
35.427057
0 -83.646118
35.428884
0 -83.645427
35.430057
0 -83.645034
35.433051
0 -83.644997
35.439083
0 -83.644299
35.442159
0 -83.642615
35.443482
0 -83.640145
35.44343
0 -83.637805
35.442281
0 -83.632695
35.442032
0 -83.627936
35.4397
0 -83.623848
35.436784
0 -83.618633
35.436076
0 -83.617495
35.435601
0 -83.61602
35.434014
0 -83.614128
35.429548
0 -83.612176
35.427739
0 -83.609884
35.42695
0 -83.607862
35.427459
0 -83.605948
35.428767
0 -83.601993
35.43064
0 -83.599267
35.43151
0 -83.595625
35.431467
0 -83.594143
35.431826
0 -83.590637
35.434326
0 -83.587949
35.435179
0 -83.585544
35.434867
0 -83.585732
35.430593
0 -83.585398
35.428044
0 -83.585956
35.426893
0 -83.585558
35.424813
0 -83.587127
35.424243
0 -83.586998
35.423291
0 -83.588584
35.421858
0 -83.587494
35.421103
0 -83.588919
35.41886
0 -83.584952
35.418107
0 -83.585591
35.417197
0 -83.584158
35.415836
0 -83.585176
35.413574
0 -83.584072
35.411653
0 -83.582513
35.41047
0 -83.582313
35.409357
0 -83.582942
35.40751
0 -83.585046
35.406468
0 -83.586568
35.39994
0 -83.588201
35.398174
0 -83.589613
35.394183
0 -83.590342
35.392603
0 -83.591129
35.387318
0 -83.593155
35.383857
0 -83.593064
35.382792
0 -83.595287
35.381045
0 -83.593911
35.379385
0 -83.593175
35.376936
0 -83.594826
35.374275
0 -83.597549
35.371432
0 -83.601023
35.370581
0 -83.602018
35.368248
0 -83.603203
35.367862
0 -83.607409
35.363634
0 -83.61136
35.358564
0 -83.613686
35.357348
0 -83.615057
35.354808
0 -83.615976
35.351432
0 -83.617036
35.34935
0 -83.619214
35.347462
0 -83.620797
35.345213
0 -83.624889
35.344804
0 -83.635295
35.340573
0 -83.639608
35.338637
0 -83.64321
35.339508
0 -83.654364
35.336532
0 -83.659835
35.335599
0 -83.663364
35.333289
0 -83.667657
35.331361
0 -83.670279
35.328788
0 -83.678482
35.328495
0 -83.680695
35.325777
0 -83.684744
35.324077
0 -83.687834
35.318912
0 -83.689847
35.318114
0 -83.690216
35.314953
0 -83.691895
35.312668
0 -83.691365
35.310256
0 -83.692214
35.307452
0 -83.694109
35.307217
0 -83.694699
35.304562
0 -83.695249
35.297654
0 -83.690641
35.294572
0 -83.689928
35.29205
0 -83.686255
35.290193
0 -83.684044
35.286872
0 -83.682328
35.285275
0 -83.681934
35.280694
0 -83.680043
35.279414
0 -83.678527
35.279257
0 -83.674357
35.28124
0 -83.672458
35.282496
0 -83.580775
35.290901
0 -83.49989
35.299399
0 -83.498043
35.299465
0 -83.494883
35.299878
0 -83.492781
35.303457
0 -83.490831
35.305285
0 -83.486314
35.305422
0 -83.484179
35.30341
0 -83.482003
35.303304
0 -83.477468
35.301057
0 -83.474488
35.297817
0 -83.471349
35.297396
0 -83.468938
35.297896
0 -83.467059
35.297661
0 -83.463289
35.299074
0 -83.460827
35.301789
0 -83.457491
35.301763
0 -83.455689
35.302974
0 -83.454624
35.306771
0 -83.45362
35.307361
0 -83.452475
35.312886
0 -83.449353
35.315172
0 -83.44758
35.316956
0 -83.442384
35.316671
0 -83.439903
35.317704
0 -83.437094
35.322138
0 -83.434433
35.323964
0 -83.432602
35.325222
0 -83.430486
35.324154
0 -83.428645
35.32467
0 -83.428095
35.323191
0 -83.424947
35.321282
0 -83.421565
35.317685
0 -83.420719
35.317595
0 -83.415648
35.319435
0 -83.411073
35.316927
0 -83.410049
35.317071
0 -83.408639
35.319163
0 -83.406185
35.321706
0 -83.404193
35.325203
0 -83.400815
35.326258
0 -83.399543
35.327938
0 -83.397486
35.327702
0 -83.39105
35.325636
0 -83.385884
35.3268
0 -83.382129
35.326416
0 -83.379001
35.325648
0 -83.374425
35.327528
0 -83.372489
35.329182
0 -83.36745
35.326388
0 -83.364066
35.326066
0 -83.357151
35.329525
0 -83.353815
35.329195
0 -83.351987
35.328502
0 -83.346492
35.328646
0 -83.34516
35.329675
0 -83.339707
35.331004
0 -83.340738
35.333266
0 -83.34008
35.336126
0 -83.340302
35.33751
0 -83.337457
35.340553
0 -83.335848
35.343264
0 -83.336672
35.3458
0 -83.33275
35.350658
0 -83.331635
35.352863
0 -83.331693
35.354949
0 -83.335317
35.359303
0 -83.334591
35.360383
0 -83.335612
35.363367
0 -83.334831
35.364445
0 -83.3347
35.369001
0 -83.336965
35.371336
0 -83.338401
35.37605
0 -83.338279
35.378701
0 -83.337296
35.379707
0 -83.337419
35.381998
0 -83.340732
35.384764
0 -83.342953
35.387826
0 -83.344738
35.38868
0 -83.345623
35.390306
0 -83.343258
35.392831
0 -83.342991
35.394229
0 -83.340327
35.395932
0 -83.341034
35.397462
0 -83.343531
35.397351
0 -83.345059
35.399603
0 -83.349109
35.401162
0 -83.348133
35.40608
0 -83.349957
35.409618
0 -83.351924
35.411302
0 -83.355466
35.409917
0 -83.35663
35.410588
0 -83.35985
35.411086
0 -83.360681
35.4118
0 -83.360607
35.414526
0 -83.362477
35.417522
0 -83.361606
35.419796
0 -83.362491
35.421494
0 -83.362099
35.423281
0 -83.363754
35.426856
0 -83.362398
35.430231
0 -83.360795
35.430982
0 -83.360516
35.43371
0 -83.358247
35.43564
0 -83.357376
35.438155
0 -83.359002
35.439415
0 -83.356942
35.447847
0 -83.356509
35.449597
0 -83.356355
35.450136
0 -83.354747
35.456484
0 -83.35348
35.462451
0 -83.351373
35.468354
0 -83.347983
35.470387
0 -83.345289
35.473641
0 -83.342119
35.473074
0 -83.335764
35.474975
0 -83.333952
35.472017
0 -83.331433
35.470052
0 -83.325077
35.468996
0 -83.322699
35.467007
0 -83.319223
35.466267
0 -83.317942
35.465231
0 -83.316507
35.467011
0 -83.314978
35.467671
0 -83.313054
35.470568
0 -83.311939
35.47147
0 -83.310233
35.47581
0 -83.309809
35.477863
0 -83.308339
35.479203
0 -83.305396
35.478545
0 -83.302356
35.480723
0 -83.297431
35.483651
0 -83.295859
35.484021
0 -83.293839
35.483182
0 -83.291615
35.483078
0 -83.290352
35.484553
0 -83.284804
35.489511
0 -83.286379
35.492532
0 -83.284592
35.495963
0 -83.281456
35.49894
0 -83.275488
35.500317
0 -83.273463
35.502109
0 -83.272475
35.504569
0 -83.268415
35.50626
0 -83.266181
35.506452
0 -83.264416
35.506629
0 -83.264506
35.510667
0 -83.261645
35.514541
0 -83.257487
35.512969
0 -83.25179
35.51489
0 -83.249222
35.516424
0 -83.247598
35.516609
0 -83.244165
35.518601
0 -83.242681
35.518679
0 -83.241913
35.519017
0 -83.240373
35.521162
0 -83.238184
35.5235
0 -83.236036
35.524467
0 -83.235434
35.524186
0 -83.233391
35.523205
0 -83.231142
35.523622
0 -83.230056
35.524152
0 -83.22923
35.524783
0 -83.225851
35.525004
0 -83.218746
35.524506
0 -83.215297
35.520352
0 -83.215386
35.518592
0 -83.214374
35.517551
0 -83.212236
35.51779
0 -83.209759
35.515712
0 -83.208379
35.513587
0 -83.206818
35.514245
0 -83.205757
35.516579
0 -83.20412
35.517471
0 -83.200897
35.517471
0 -83.195693
35.518676
0 -83.193935
35.517579
0 -83.191115
35.516585
0 -83.187859
35.515407
0 -83.186052
35.514573
0 -83.183126
35.514869
0 -83.181784
35.517198
0 -83.181586
35.517939
0 -83.180144
35.518821
0 -83.177151
35.519919
0 -83.173927
35.521609
0 -83.17409
35.523198
0 -83.172772
35.526747
0 -83.173239
35.528886
0 -83.169965
35.531052
0 -83.171878
35.533717
0 -83.171741
35.537372
0 -83.167947
35.538585
0 -83.16722
35.537947
0 -83.165149
35.538742
0 -83.164258
35.540823
0 -83.164848
35.545019
0 -83.1629
35.548107
0 -83.159589
35.548449
0 -83.158471
35.550376
0 -83.156448
35.551971
0 -83.157098
35.555586
0 -83.15973
35.558753
0 -83.159594
35.561552
0 -83.160467
35.563054
0 -83.163379
35.564664
0 -83.16245
35.56593
0 -83.162188
35.568309
0 -83.163721
35.570151
0 -83.164563
35.572258
0 -83.164429
35.574687
0 -83.167128
35.578749
0 -83.170025
35.578785
0 -83.175174
35.580777
0 -83.179601
35.583678
0 -83.18168
35.58439
0 -83.183234
35.585691
0 -83.183137
35.589411
0 -83.184621
35.591147
0 -83.18318
35.596172
0 -83.184794
35.597271
0 -83.185806
35.59891
0 -83.183293
35.602748
0 -83.182231
35.606369
0 -83.177897
35.609228
0 -83.175977
35.612518
0 -83.179638
35.614846
0 -83.181897
35.618584
0 -83.181128
35.623094
0 -83.178768
35.62443
0 -83.176243
35.626843
0 -83.177574
35.631385
0 -83.17932
35.63453
0 -83.181872
35.636659
0 -83.183975
35.637804
0 -83.187004
35.638079
0 -83.186499
35.639589
0 -83.188266
35.641192
0 -83.190173
35.641443
0 -83.194379
35.640344
0 -83.197071
35.641099
0 -83.200604
35.639885
0 -83.20052
35.641556
0 -83.202063
35.642929
0 -83.202749
35.649077
0 -83.201999
35.650251
0 -83.19665
35.654537
0 -83.195601
35.657222
0 -83.194959
35.660917
0 -83.181894
35.671127
0 -83.187295
35.672119
0 -83.189762
35.673505
0 -83.192871
35.677784
0 -83.199785
35.68073
0 -83.203627
35.680103
0 -83.205977
35.680581
0 -83.208727
35.683043
0 -83.20974
35.686273
0 -83.215153
35.691934
0 -83.235449
35.694145
0 -83.236226
35.695491
0 -83.246054
35.694645
0 -83.249873
35.695843
0 -83.25561
35.696061
0 -83.258117
35.691924
0 -83.261252
35.689165
0 -83.26539
35.687535
0 -83.269277
35.685403
0 -83.271378
35.681476
0 -83.27548
35.679463
0 -83.281178
35.677802
0 -83.289165
35.674509
0 -83.290682
35.672638
0 -83.291075
35.667131
0 -83.293676
35.661919
0 -83.297154
35.65775
0 -83.302279
35.656064
0 -83.31049
35.654452
0 -83.312757
35.654809
0 -83.317905
35.659015
0 -83.321101
35.662815
0 -83.334965
35.665471
0 -83.337683
35.663074
0 -83.347262
35.660474
0 -83.349255
35.660854
0 -83.35156
35.659858
0 -83.353776
35.657478
0 -83.355537
35.654632
0 -83.355367
35.652338
0 -83.356202
35.650019
0 -83.358209
35.647277
0 -83.366941
35.638728
0 -83.368162
35.638202
0 -83.370369
35.638204
0 -83.372174
35.63931
0 -83.373712
35.638935
0 -83.376785
35.636638
0 -83.377984
35.634496
0 -83.380251
35.634705
0 -83.388722
35.633584
0 -83.388602
35.632352
0 -83.392652
35.625095
0 -83.396626
35.62272
0 -83.403569
35.621313
0 -83.406061
35.620185
0 -83.411852
35.61692
0 -83.42037
35.613467
0 -83.420964
35.611596
0 -83.421576
35.611186
0 -83.432298
35.609941
0 -83.441197
35.611739
0 -83.445802
35.611803
0 -83.447137
35.608664
0 -83.452431
35.602918
0 -83.455722
35.598045
0 -83.462678
35.5926
0 -83.471362
35.590304
0 -83.472668
35.589125
0 -83.472684
35.586552
0 -83.472898491179
35.5864099385669
0 -83.475367
35.584775
0 -83.479082
35.583316
0 -83.479317
35.582764
0 -83.478523
35.579202
0 -83.480617
35.576633
0 -83.485527
35.568204
0 -83.491647
35.566867
0 -83.498335
35.562981
0 -83.517564
35.562871
0 -83.520469
35.565602
0 -83.534169
35.564668
0 -83.540826
35.565702
0 -83.552167
35.564346
0 -83.559264
35.564796
0 -83.56609
35.565993
0 -83.572424
35.565518
0 -83.576345
35.564019
0 -83.582
35.562684
0 -83.58559
35.562941
0 -83.58714
35.564017
0 -83.587827
35.566963
0 -83.59427
35.572912
0 -83.601854
35.578228
0 -83.604806
35.57934
0 -83.608889
35.579451
0 -83.615312
35.574026
0 -83.629734
35.567889
0 -83.632358
35.569093
0 -83.635832
35.568169
0 -83.637182
35.567096
0 -83.640498
35.566075
0 -83.645481
35.565825
0 -83.653159
35.568309
0 -83.657933
35.569211
0 -83.660925
35.568207
0 -83.662957
35.569138
0 -83.666272
35.569389
0 -83.673093
35.568974
0 -83.676268
35.570289
0 -83.684154
35.568848
0 -83.697827
35.568352
0 -83.700663
35.567621
0 -83.702099
35.567634
0 -83.703846
35.568476
0 -83.707199
35.568533
0 -83.720787
35.563347
0 -83.723459
35.561874
0 -83.732947
35.563149
0 -83.735669
35.565455
0 -83.749894
35.561146
0 -83.756917
35.563604
0 -83.759675
35.562492
0 -83.764606
35.561538
0 -83.771736
35.562118
0 -83.773092
35.557465
0 -83.780129
35.550387
0 -83.786802
35.5472
0 -83.802434
35.541588
0 -83.808713
35.536415
0 -83.809798
35.53431
0 -83.82559
35.523829
0 -83.827428
35.524653
0 -83.831895
35.524766
0 -83.840203
35.52156
0 -83.848502
35.519259
0 -83.853898
35.521059
0 -83.859261
35.521851
0 -83.866413
35.52091
0 -83.87263
35.521145
0 -83.880074
35.518745
0 -83.882563
35.517182
0 -83.884262
35.512754
0 -83.892074
35.503089
0 -83.893031
35.502253
0 -83.895669
35.501868
0 -83.901381
35.496553
0 -83.901403
35.495278
0 -83.9002
35.494191
0 -83.900338
35.493095
0 -83.901527
35.491026
0 -83.905612
35.48906
0 -83.90804
35.484397
0 -83.909265
35.479714
0 -83.911773
35.476028
0 -83.916801
35.473612
0 -83.919564
35.473367
0 -83.9208139109335
35.4734882162732
0 -83.924895
35.473884
0 -83.929743
35.47333
0 -83.937015
35.471511
0 -83.942172
35.467254
0 -83.942987
35.465084
0 -83.949389
35.461164
0 