-101.998493
34.74819
0 -101.998395
34.647024
0 -101.998395
34.61773
0 -101.998399
34.597441
0 -101.998357
34.529942
0 -101.998266
34.493529
0 -101.998206
34.449534
0 -101.99816
34.427251
0 -101.99802
34.313039
0 -101.875422
34.313009
0 -101.873919
34.31311
0 -101.846979
34.313067
0 -101.76227
34.31298
0 -101.564856
34.312493
0 -101.500375
34.312204
0 -101.499813
34.312292
0 -101.47158
34.31229
0 -101.471772
34.372483
0 -101.472052
34.434084
0 -101.471596
34.529939
0 -101.471765
34.534666
0 -101.471652
34.622107
0 -101.471438
34.65265
0 -101.471437
34.67519
0 -101.471562
34.747462
0 -101.629257
34.747649
0 -101.847458
34.748128
0 -101.848228
34.748134
0 -101.853319
34.748152
0 -101.866263
34.748169
0 -101.998493
34.74819
0 