-83.010873
33.585597
0 -83.014038
33.580383
0 -82.986035
33.520356
0 -82.98706
33.519427
0 -82.986995
33.517957
0 -82.985588
33.489841
0 -83.012853
33.469178
0 -83.010642
33.468998
0 -82.999841
33.46016
0 -82.997013
33.458291
0 -82.991956
33.453173
0 -82.989849
33.452168
0 -82.983829
33.447635
0 -82.981553
33.448998
0 -82.975572
33.450522
0 -82.972844
33.450183
0 -82.969656
33.450459
0 -82.966939
33.449967
0 -82.961517
33.450153
0 -82.957363
33.452772
0 -82.952662
33.452298
0 -82.951222
33.451787
0 -82.944658
33.447136
0 -82.93966
33.442694
0 -82.907188
33.439465
0 -82.905982
33.438146
0 -82.904016
33.438845
0 -82.901795
33.438788
0 -82.900766
33.440374
0 -82.897803
33.439957
0 -82.896019
33.440205
0 -82.893949
33.438229
0 -82.892897
33.43811
0 -82.890389
33.439554
0 -82.886766
33.442912
0 -82.884052
33.443987
0 -82.882033
33.445577
0 -82.880873
33.445355
0 -82.880049
33.444051
0 -82.877455
33.445116
0 -82.872597
33.446416
0 -82.869531
33.444301
0 -82.867632
33.443506
0 -82.865003
33.443329
0 -82.863827
33.442093
0 -82.860097
33.441197
0 -82.85854
33.442664
0 -82.857844
33.44229
0 -82.856221
33.443426
0 -82.854996
33.442619
0 -82.85322
33.442765
0 -82.851954
33.443543
0 -82.853503
33.444332
0 -82.855056
33.448847
0 -82.855903
33.44842
0 -82.856115
33.452121
0 -82.857282
33.454718
0 -82.858502
33.455636
0 -82.861397
33.456096
0 -82.861378
33.457822
0 -82.860687
33.459286
0 -82.863701
33.46443
0 -82.866605
33.466599
0 -82.864182
33.467509
0 -82.859635
33.470211
0 -82.857384
33.471138
0 -82.855057
33.473509
0 -82.852996
33.476236
0 -82.849526
33.478581
0 -82.84666
33.482739
0 -82.843497
33.485566
0 -82.841615
33.486297
0 -82.838963
33.488477
0 -82.838711
33.491993
0 -82.837565
33.494239
0 -82.836471
33.497611
0 -82.835647
33.498506
0 -82.831163
33.499555
0 -82.82949
33.500485
0 -82.824631
33.502156
0 -82.823141
33.504075
0 -82.822641
33.507087
0 -82.823107
33.509417
0 -82.822438
33.5135
0 -82.823371
33.515414
0 -82.820043
33.518939
0 -82.815315
33.521137
0 -82.787605
33.5107
0 -82.784897
33.5112
0 -82.78209
33.512669
0 -82.777128
33.513053
0 -82.774938
33.512216
0 -82.771755
33.512425
0 -82.768833
33.513399
0 -82.767286
33.51457
0 -82.764943
33.514094
0 -82.763981
33.513036
0 -82.760805
33.511972
0 -82.756978
33.512341
0 -82.754234
33.511563
0 -82.751275
33.510143
0 -82.749072
33.510685
0 -82.745974
33.512945
0 -82.746663
33.513745
0 -82.745703
33.51598
0 -82.742977
33.518163
0 -82.74317
33.52086
0 -82.741575
33.522128
0 -82.741933
33.524617
0 -82.741158
33.526114
0 -82.740128
33.528618
0 -82.738489
33.528205
0 -82.737361
33.529054
0 -82.735415
33.528241
0 -82.734413
33.529631
0 -82.731586
33.530199
0 -82.731291
33.532542
0 -82.73043
33.53165
0 -82.729233
33.532973
0 -82.727897
33.532899
0 -82.728033
33.53432
0 -82.725565
33.53813
0 -82.72319
33.539158
0 -82.722401
33.538818
0 -82.721992
33.541655
0 -82.722538
33.544204
0 -82.721368
33.545721
0 -82.721069
33.547375
0 -82.721686
33.549705
0 -82.72071
33.551429
0 -82.71951
33.552079
0 -82.722031
33.553221
0 -82.723737
33.553347
0 -82.72382
33.555489
0 -82.722803
33.556085
0 -82.722273
33.559241
0 -82.720279
33.560014
0 -82.719374
33.561413
0 -82.719238
33.563962
0 -82.718044
33.565055
0 -82.716638
33.563367
0 -82.71364
33.564525
0 -82.712998
33.566483
0 -82.711731
33.566425
0 -82.711277
33.569171
0 -82.712056
33.569419
0 -82.711609
33.571876
0 -82.709849
33.571993
0 -82.709162
33.574882
0 -82.707809
33.57592
0 -82.707843
33.577383
0 -82.706719
33.577174
0 -82.703934
33.579456
0 -82.704258
33.581949
0 -82.702857
33.583994
0 -82.703222
33.585559
0 -82.704968
33.587513
0 -82.703944
33.589352
0 -82.702228
33.589764
0 -82.700745
33.591684
0 -82.698669
33.592049
0 -82.698318
33.591156
0 -82.695296
33.593069
0 -82.693391
33.59155
0 -82.689086
33.590174
0 -82.688152
33.590633
0 -82.686234
33.593105
0 -82.686431
33.594014
0 -82.684802
33.59489
0 -82.681933
33.597792
0 -82.681902
33.598743
0 -82.679975
33.599792
0 -82.681333
33.600793
0 -82.682692
33.600529
0 -82.686012
33.603959
0 -82.687733
33.602574
0 -82.68824
33.60638
0 -82.689429
33.611029
0 -82.68876
33.614405
0 -82.689037
33.615726
0 -82.69226
33.617637
0 -82.692039
33.619745
0 -82.692888
33.619776
0 -82.695855
33.617143
0 -82.69701
33.618138
0 -82.699251
33.61853
0 -82.701882
33.617721
0 -82.700868
33.614945
0 -82.70227
33.614342
0 -82.705681
33.617195
0 -82.707582
33.61776
0 -82.707912
33.614505
0 -82.708452
33.613187
0 -82.709977
33.612617
0 -82.708306
33.611921
0 -82.710809
33.611299
0 -82.712396
33.610271
0 -82.713866
33.608505
0 -82.717099
33.606955
0 -82.718053
33.609698
0 -82.717327
33.61336
0 -82.717544
33.614127
0 -82.71994
33.615175
0 -82.722208
33.613483
0 -82.724373
33.612763
0 -82.727193
33.614109
0 -82.729019
33.614058
0 -82.733381
33.612553
0 -82.735787
33.612625
0 -82.738314
33.614545
0 -82.741269
33.613924
0 -82.745078
33.611233
0 -82.747024
33.613415
0 -82.746257
33.614697
0 -82.747411
33.615911
0 -82.748681
33.618251
0 -82.749828
33.618088
0 -82.751835
33.618946
0 -82.754451
33.617994
0 -82.755381
33.616427
0 -82.756118
33.616548
0 -82.756846
33.618666
0 -82.759616
33.620469
0 -82.761688
33.622584
0 -82.763993
33.623856
0 -82.767551
33.625156
0 -82.779913
33.632577
0 -82.805139
33.64747
0 -82.808876
33.650434
0 -82.8097
33.651798
0 -82.809686
33.653725
0 -82.812084
33.65532
0 -82.814442
33.655393
0 -82.81666
33.653204
0 -82.820712
33.655002
0 -82.823249
33.654424
0 -82.824576
33.651138
0 -82.827501
33.649591
0 -82.82982
33.651078
0 -82.832603
33.650963
0 -82.83865
33.648021
0 -82.845327
33.643402
0 -82.847821
33.640614
0 -82.850325
33.639552
0 -82.869336
33.642404
0 -82.876954
33.635998
0 -82.874852
33.631766
0 -82.87485
33.630897
0 -82.880417
33.626536
0 -82.873895
33.622461
0 -82.875275
33.6212
0 -82.878242
33.620193
0 -82.879449
33.62041
0 -82.880916
33.622841
0 -82.882847
33.623598
0 -82.882573
33.62459
0 -82.884233
33.624748
0 -82.884164
33.626337
0 -82.885996
33.627007
0 -82.886551
33.628849
0 -82.885673
33.630098
0 -82.888376
33.631253
0 -82.890515
33.632743
0 -82.890697
33.634919
0 -82.891524
33.634509
0 -82.949046
33.733333
0 -82.980177
33.710816
0 -82.982419
33.710669
0 -82.98888
33.706315
0 -82.991612
33.702073
0 -82.993133
33.701523
0 -82.992111
33.697681
0 -82.995064
33.694748
0 -82.995602
33.693583
0 -82.993848
33.69286
0 -82.993205
33.691066
0 -82.990727
33.689115
0 -82.988129
33.686051
0 -82.983344
33.684598
0 -82.980607
33.682574
0 -82.978399
33.680011
0 -82.977377
33.67936
0 -82.973883
33.678617
0 -82.972364
33.677699
0 -82.969858
33.678296
0 -82.967436
33.677808
0 -82.966493
33.677108
0 -82.965324
33.677478
0 -82.963678
33.676761
0 -82.963051
33.674758
0 -82.960886
33.671773
0 -82.958917
33.670687
0 -82.959811
33.670096
0 -82.958145
33.669338
0 -82.956502
33.666948
0 -82.955026
33.666952
0 -82.953108
33.665318
0 -82.952231
33.663681
0 -82.953194
33.661561
0 -82.950752
33.661071
0 -82.951997
33.659029
0 -82.951142
33.658032
0 -82.970512
33.641727
0 -82.973717
33.621707
0 -82.980102
33.614716
0 -82.986109
33.625118
0 -82.987724
33.628941
0 -82.997246
33.625374
0 -83.00161
33.620243
0 -82.994202
33.612998
0 -82.993309
33.60489
0 -82.989899
33.603279
0 -83.000314
33.591477
0 -83.000472
33.591302
0 -83.010873
33.585597
0 