-90.451475
33.811752
0 -90.451643
33.81139
0 -90.369783
33.810706
0 -90.366555
33.810841
0 -90.353366
33.810614
0 -90.302569
33.8098
0 -90.294865
33.80968
0 -90.287341
33.809975
0 -90.25309
33.809877
0 -90.24688
33.810223
0 -90.223868
33.809859
0 -90.214326
33.80988
0 -90.204396
33.809437
0 -90.194748
33.809397
0 -90.182459
33.808968
0 -90.179663
33.80526
0 -90.179965
33.80265
0 -90.181638
33.800705
0 -90.181747
33.799423
0 -90.178703
33.796996
0 -90.178046
33.79489
0 -90.174044
33.792761
0 -90.172289
33.791273
0 -90.17144
33.789671
0 -90.171221
33.787313
0 -90.171907
33.785894
0 -90.173881
33.784315
0 -90.173827
33.780904
0 -90.175171
33.777608
0 -90.177611
33.774106
0 -90.179941
33.771977
0 -90.181887
33.768796
0 -90.185599
33.765514
0 -90.18875
33.764786
0 -90.192053
33.763092
0 -90.200973
33.760268
0 -90.204205
33.759446
0 -90.219678
33.760056
0 -90.22524
33.759257
0 -90.227715
33.75928
0 -90.229685
33.760355
0 -90.231305
33.763633
0 -90.233791
33.765492
0 -90.235603
33.765923
0 -90.236859
33.765394
0 -90.237407
33.76192
0 -90.239082
33.761209
0 -90.24059
33.761822
0 -90.241714
33.763108
0 -90.243112
33.763565
0 -90.244482
33.762992
0 -90.250086
33.763147
0 -90.252485
33.762574
0 -90.255665
33.761133
0 -90.262298
33.759625
0 -90.265698
33.75823
0 -90.27159
33.756859
0 -90.274641
33.755897
0 -90.277123
33.755557
0 -90.280882
33.754338
0 -90.286473
33.75185
0 -90.289789
33.751026
0 -90.294502
33.750981
0 -90.296409
33.750573
0 -90.296992
33.74977
0 -90.30348
33.745055
0 -90.305573
33.74267
0 -90.310461
33.734882
0 -90.312203
33.731116
0 -90.313859
33.725746
0 -90.313851
33.723705
0 -90.313326
33.722285
0 -90.311506
33.719953
0 -90.311741
33.716307
0 -90.31094
33.714865
0 -90.308214
33.711778
0 -90.304053
33.706151
0 -90.302671
33.702832
0 -90.301138
33.699192
0 -90.300043
33.698047
0 -90.297468
33.697356
0 -90.294035
33.697683
0 -90.291941
33.697079
0 -90.288012
33.694885
0 -90.283055
33.694173
0 -90.278508
33.694392
0 -90.274156
33.695385
0 -90.269105
33.697208
0 -90.265544
33.699669
0 -90.262008
33.703273
0 -90.261344
33.706357
0 -90.256237
33.714414
0 -90.254033
33.720582
0 -90.253259
33.723552
0 -90.25237
33.729173
0 -90.251679
33.731686
0 -90.250085
33.73347
0 -90.247198
33.735093
0 -90.24222
33.736994
0 -90.239603
33.737246
0 -90.237702
33.736126
0 -90.232326
33.734384
0 -90.229054
33.732243
0 -90.224121
33.727519
0 -90.22255
33.725696
0 -90.220439
33.722122
0 -90.159866
33.721693
0 -90.15875
33.721589
0 -90.136787
33.721648
0 -90.136491
33.809319
0 -90.118325
33.810387
0 -90.042099
33.810083
0 -89.995939
33.809711
0 -89.979284
33.809662
0 -89.978268
33.82396
0 -89.926294
33.823854
0 -89.926142
33.871799
0 -89.925942
33.875099
0 -89.926126
33.892739
0 -89.926099
33.897957
0 -89.925282
33.970762
0 -89.925527
33.971925
0 -89.92565
33.973559
0 -89.926175
33.977969
0 -89.926682
33.985083
0 -89.926595
34.000898
0 -89.9265
34.009086
0 -89.926183
34.047636
0 -89.926266
34.055415
0 -89.926172
34.057624
0 -89.926196
34.06337
0 -89.926264
34.065723
0 -89.925644
34.117098
0 -89.925868
34.125111
0 -89.925497
34.140553
0 -89.931747
34.144307
0 -89.931485
34.164303
0 -89.96615
34.164355
0 -89.958579
34.159554
0 -90.076384
34.159898
0 -90.119166
34.160055
0 -90.12509
34.159878
0 -90.135456
34.160074
0 -90.135695
34.0729
0 -90.18689
34.072992
0 -90.189909
34.072928
0 -90.222714
34.072215
0 -90.238213
34.072838
0 -90.240997
34.073153
0 -90.281267
34.073069
0 -90.289471
34.072834
0 -90.34218
34.072711
0 -90.343912
34.072706
0 -90.347273
34.072733
0 -90.348461
34.072892
0 -90.450981
34.072932
0 -90.451069
34.058232
0 -90.450989
34.041452
0 -90.45094
34.013088
0 -90.45053
34.000112
0 -90.451012
33.985689
0 -90.450289
33.970944
0 -90.450276
33.959996
0 -90.450708
33.909167
0 -90.450529
33.908609
0 -90.450611
33.906631
0 -90.450639
33.906467
0 -90.450715
33.89477
0 -90.450922
33.830394
0 -90.451314
33.825703
0 -90.451475
33.811752
0 