-86.012407
32.827959
0 -86.013884
32.826245
0 -86.011117
32.825151
0 -86.009612
32.825727
0 -86.009502
32.82499
0 -86.007472
32.8251
0 -86.007529
32.823573
0 -86.0091
32.822933
0 -86.011124
32.823617
0 -86.012551
32.821996
0 -86.013549
32.819791
0 -86.012417
32.818696
0 -86.011211
32.819536
0 -86.011792
32.817349
0 -86.009847
32.814923
0 -86.009021
32.813125
0 -86.007308
32.812201
0 -86.007086
32.802242
0 -86.004887
32.802159
0 -86.003878
32.801108
0 -86.00005
32.801645
0 -86.005163
32.798524
0 -86.004727
32.79786
0 -86.007066
32.796431
0 -86.004943
32.795572
0 -86.006219
32.794967
0 -86.005929
32.79175
0 -86.007214
32.791536
0 -86.007187
32.754984
0 -85.972159
32.75493
0 -85.972763
32.769225
0 -85.955561
32.769126
0 -85.954859
32.754824
0 -85.946227
32.754775
0 -85.895368
32.754581
0 -85.87986
32.754528
0 -85.88196
32.751227
0 -85.881591
32.747878
0 -85.880252
32.744849
0 -85.879985
32.742426
0 -85.880346
32.739976
0 -85.881859
32.737558
0 -85.884585
32.735222
0 -85.893402
32.727663
0 -85.893747
32.724485
0 -85.890611
32.717005
0 -85.89127
32.714989
0 -85.894441
32.709424
0 -85.898641
32.70517
0 -85.903662
32.703609
0 -85.90747
32.699302
0 -85.907668
32.698717
0 -85.909337
32.693786
0 -85.911607
32.684379
0 -85.9114
32.68048
0 -85.911714
32.67784
0 -85.909393
32.676187
0 -85.906963
32.672966
0 -85.905882
32.667624
0 -85.903863
32.665084
0 -85.900996
32.660173
0 -85.897582
32.656849
0 -85.892371
32.653683
0 -85.889796
32.651702
0 -85.887747
32.64761
0 -85.890283
32.633162
0 -85.891911
32.625132
0 -85.893119
32.622203
0 -85.894559
32.614731
0 -85.894159
32.610432
0 -85.894559
32.603132
0 -85.893959
32.598933
0 -85.892359
32.593733
0 -85.891559
32.590033
0 -85.890559
32.580833
0 -85.889459
32.574733
0 -85.89028
32.572514
0 -85.890606
32.569578
0 -85.890481
32.568655
0 -85.887642
32.557983
0 -85.886189
32.55154
0 -85.885558
32.548034
0 -85.885458
32.548034
0 -85.885258
32.545434
0 -85.885358
32.543134
0 -85.888113
32.534086
0 -85.888439
32.533172
0 -85.889487
32.526487
0 -85.890651
32.521752
0 -85.891091
32.516922
0 -85.89009
32.514353
0 -85.890015
32.512183
0 -85.890625
32.510061
0 -85.891049
32.504246
0 -85.890392
32.500135
0 -85.888924
32.496043
0 -85.886148
32.493053
0 -85.885014
32.49297
0 -85.869291
32.493495
0 -85.797156
32.494236
0 -85.797955
32.533659
0 -85.79822
32.558849
0 -85.798585
32.581089
0 -85.788475
32.58122
0 -85.787446
32.581197
0 -85.749584
32.581367
0 -85.735976
32.581535
0 -85.724294
32.581556
0 -85.718842
32.581842
0 -85.712654
32.581834
0 -85.712756
32.595731
0 -85.695854
32.595933
0 -85.696755
32.697429
0 -85.695698
32.69746
0 -85.679654
32.69793
0 -85.679854
32.71253
0 -85.678249
32.712567
0 -85.610253
32.713929
0 -85.609994
32.727949
0 -85.607411
32.728194
0 -85.593151
32.72853
0 -85.593085
32.743288
0 -85.593066
32.7453
0 -85.593215
32.805512
0 -85.593356
32.821869
0 -85.593638
32.845124
0 -85.593435
32.897267
0 -85.593335
32.984299
0 -85.593188
33.000121
0 -85.592989
33.016146
0 -85.593177
33.10734
0 -85.653654
33.106634
0 -85.747474
33.105317
0 -85.749959
33.105435
0 -85.753628
33.10528
0 -85.772912
33.104698
0 -85.841259
33.104456
0 -85.870807
33.104855
0 -85.954737
33.105293
0 -85.974715
33.105286
0 -85.97456
33.090507
0 -85.982141
33.090564
0 -85.999966
33.090701
0 -86.00917
33.09026
0 -86.008498
33.020626
0 -86.00848
33.018451
0 -86.008342
32.997798
0 -86.008317
32.97571
0 -86.008263
32.966054
0 -86.007904
32.906464
0 -86.007892
32.903686
0 -86.007847
32.887614
0 -86.007658
32.864033
0 -86.007646
32.860147
0 -86.007573
32.831505
0 -86.007565
32.827773
0 -86.012407
32.827959
0 