-82.233711
32.316381
0 -82.234982
32.315073
0 -82.233511
32.312019
0 -82.23343
32.310139
0 -82.232028
32.309812
0 -82.231443
32.308678
0 -82.232231
32.308008
0 -82.229003
32.304099
0 -82.22828
32.300877
0 -82.228235
32.295357
0 -82.22733
32.292952
0 -82.228774
32.291981
0 -82.228804
32.29063
0 -82.227847
32.289226
0 -82.228484
32.288044
0 -82.227593
32.287667
0 -82.227955
32.285876
0 -82.229036
32.28447
0 -82.22744
32.281759
0 -82.227054
32.279573
0 -82.227401
32.277794
0 -82.225801
32.278059
0 -82.226486
32.277212
0 -82.22492
32.276383
0 -82.223055
32.273992
0 -82.222767
32.27281
0 -82.221377
32.271025
0 -82.221137
32.266351
0 -82.221731
32.265216
0 -82.222208
32.261884
0 -82.221507
32.261463
0 -82.219765
32.262238
0 -82.220152
32.260804
0 -82.218859
32.260353
0 -82.219436
32.25898
0 -82.21753
32.258705
0 -82.219042
32.257498
0 -82.217629
32.256906
0 -82.217872
32.255256
0 -82.216156
32.254393
0 -82.215023
32.252142
0 -82.216413
32.250718
0 -82.216289
32.24866
0 -82.214409
32.249074
0 -82.21421
32.247957
0 -82.212
32.246997
0 -82.212324
32.245731
0 -82.211184
32.244484
0 -82.21269
32.24125
0 -82.211614
32.238784
0 -82.210591
32.239877
0 -82.209794
32.238822
0 -82.21112
32.237647
0 -82.210383
32.236592
0 -82.210451
32.234893
0 -82.213018
32.234609
0 -82.211977
32.233399
0 -82.213418
32.230748
0 -82.213683
32.229224
0 -82.210902
32.226812
0 -82.210985
32.224525
0 -82.208562
32.221314
0 -82.207199
32.22081
0 -82.206277
32.217971
0 -82.207918
32.215911
0 -82.207607
32.213955
0 -82.206249
32.211331
0 -82.204557
32.211278
0 -82.204984
32.209772
0 -82.201499
32.207844
0 -82.200816
32.207062
0 -82.201377
32.20597
0 -82.199539
32.205174
0 -82.199058
32.204196
0 -82.19613
32.204706
0 -82.196747
32.20371
0 -82.194759
32.201469
0 -82.194446
32.199452
0 -82.19526
32.197733
0 -82.194603
32.195805
0 -82.19191
32.194282
0 -82.191333
32.192189
0 -82.190106
32.19057
0 -82.190441
32.18987
0 -82.188454
32.189315
0 -82.187507
32.187655
0 -82.187314
32.183152
0 -82.185112
32.181584
0 -82.184187
32.180002
0 -82.186362
32.177013
0 -82.185357
32.175862
0 -82.184615
32.173318
0 -82.185676
32.171002
0 -82.183938
32.170493
0 -82.183808
32.169604
0 -82.186009
32.168154
0 -82.185745
32.166871
0 -82.184656
32.167302
0 -82.181926
32.165945
0 -82.184268
32.163798
0 -82.183842
32.161928
0 -82.182727
32.160442
0 -82.18363
32.158766
0 -82.186299
32.157071
0 -82.186592
32.155155
0 -82.184902
32.154548
0 -82.187306
32.151435
0 -82.187423
32.149939
0 -82.188973
32.150792
0 -82.188712
32.147649
0 -82.189107
32.146167
0 -82.19128
32.144547
0 -82.193937
32.14248
0 -82.195206
32.14068
0 -82.193198
32.137777
0 -82.193009
32.136426
0 -82.19476
32.134501
0 -82.195327
32.128861
0 -82.204417
32.076774
0 -82.205238
32.066789
0 -82.208574
32.040604
0 -82.225042
31.913074
0 -82.223645
31.913398
0 -82.221145
31.912798
0 -82.219345
31.909698
0 -82.216145
31.909898
0 -82.210444
31.909498
0 -82.206644
31.910298
0 -82.204844
31.909298
0 -82.201344
31.906298
0 -82.199144
31.906099
0 -82.195244
31.906799
0 -82.193144
31.906799
0 -82.191344
31.905899
0 -82.190744
31.903499
0 -82.192244
31.901799
0 -82.191344
31.900499
0 -82.187044
31.901199
0 -82.182044
31.901199
0 -82.165843
31.903599
0 -82.163243
31.903899
0 -82.159243
31.903899
0 -82.155443
31.903099
0 -82.151543
31.901
0 -82.148643
31.8988
0 -82.145143
31.8981
0 -82.142843
31.8993
0 -82.140443
31.9052
0 -82.138043
31.9071
0 -82.135743
31.9081
0 -82.132943
31.9074
0 -82.131743
31.9058
0 -82.131143
31.9038
0 -82.131543
31.9017
0 -82.134153
31.897408
0 -82.136486
31.894548
0 -82.135543
31.8917
0 -82.133443
31.8904
0 -82.129443
31.8904
0 -82.125543
31.8897
0 -82.121042
31.886301
0 -82.119542
31.886001
0 -82.117442
31.886601
0 -82.115442
31.888801
0 -82.116242
31.891901
0 -82.116042
31.8952
0 -82.116842
31.8974
0 -82.116642
31.8997
0 -82.114914
31.900982
0 -82.113858
31.901188
0 -82.111818
31.900487
0 -82.110966
31.899634
0 -82.110242
31.897901
0 -82.110542
31.895501
0 -82.112042
31.891301
0 -82.110742
31.889601
0 -82.108542
31.885701
0 -82.107842
31.883701
0 -82.108042
31.882401
0 -82.109442
31.880001
0 -82.109842
31.878001
0 -82.109625
31.870308
0 -82.11066
31.869177
0 -82.116413
31.866346
0 -82.116627
31.864283
0 -82.115478
31.862846
0 -82.113263
31.862981
0 -82.109529
31.863934
0 -82.107235
31.863797
0 -82.104401
31.861782
0 -82.101288
31.86023
0 -82.098322
31.858385
0 -82.095586
31.854908
0 -82.094244
31.853645
0 -82.092008
31.852208
0 -82.088864
31.850759
0 -82.084506
31.847941
0 -82.082262
31.843444
0 -82.081309
31.842806
0 -82.072376
31.840437
0 -82.066071
31.838215
0 -82.061137
31.834523
0 -82.058628
31.832357
0 -82.056356
31.830948
0 -82.048582
31.827075
0 -82.044439
31.821875
0 -82.041522
31.820422
0 -82.034644
31.820616
0 -82.033011
31.820248
0 -82.029344
31.816876
0 -82.028346
31.815513
0 -82.026076
31.815095
0 -82.023163
31.81628
0 -82.02178
31.818138
0 -82.021902
31.820949
0 -82.021118
31.823657
0 -82.018201
31.824079
0 -82.016604
31.823755
0 -82.014639
31.8218
0 -82.014128
31.816014
0 -82.013211
31.812138
0 -82.01227
31.810614
0 -82.008232
31.808835
0 -82.006714
31.807679
0 -82.006551
31.80472
0 -82.007526
31.803217
0 -82.006777
31.800047
0 -82.004222
31.799631
0 -81.999239
31.801207
0 -81.996139
31.799807
0 -81.995439
31.798507
0 -81.995839
31.797107
0 -81.997739
31.795907
0 -81.999039
31.795707
0 -81.998639
31.794107
0 -81.992439
31.790307
0 -81.987139
31.787607
0 -81.981941
31.784405
0 -81.97654
31.782607
0 -81.973039
31.783708
0 -81.972239
31.785608
0 -81.971339
31.786308
0 -81.971281
31.788074
0 -81.969052
31.789324
0 -81.970771
31.790164
0 -81.973752
31.788685
0 -81.973831
31.787609
0 -81.975189
31.78791
0 -81.981033
31.791367
0 -81.980834
31.793582
0 -81.981389
31.794578
0 -81.981621
31.799881
0 -81.979775
31.801247
0 -81.979912
31.80455
0 -81.978821
31.805115
0 -81.975815
31.804859
0 -81.974014
31.805344
0 -81.971725
31.804743
0 -81.968597
31.8064
0 -81.968491
31.80728
0 -81.966461
31.808674
0 -81.963409
31.807785
0 -81.961403
31.809288
0 -81.95977
31.808466
0 -81.957863
31.809185
0 -81.956383
31.808706
0 -81.954552
31.810896
0 -81.952698
31.813279
0 -81.953072
31.814641
0 -81.951805
31.816941
0 -81.952332
31.820808
0 -81.95079
31.821774
0 -81.950981
31.825584
0 -81.949905
31.826715
0 -81.949654
31.828312
0 -81.948578
31.828823
0 -81.946434
31.831894
0 -81.944908
31.833191
0 -81.945251
31.835337
0 -81.942139
31.836966
0 -81.941933
31.838219
0 -81.940414
31.839872
0 -81.933487
31.842127
0 -81.932182
31.846037
0 -81.930441
31.847811
0 -81.926849
31.849873
0 -81.923782
31.850016
0 -81.922302
31.851463
0 -81.92173
31.853487
0 -81.921847
31.856889
0 -81.921066
31.856955
0 -81.918449
31.86223
0 -81.91922
31.862627
0 -81.918518
31.865284
0 -81.920494
31.867451
0 -81.91935
31.873432
0 -81.916916
31.878145
0 -81.915123
31.879129
0 -81.914452
31.880409
0 -81.914871
31.881994
0 -81.912987
31.884617
0 -81.912529
31.886656
0 -81.909256
31.888586
0 -81.906593
31.887602
0 -81.902527
31.888426
0 -81.899895
31.890619
0 -81.899452
31.891718
0 -81.896088
31.892769
0 -81.895287
31.892042
0 -81.892548
31.895033
0 -81.892451
31.897056
0 -81.893906
31.89831
0 -81.894844
31.901049
0 -81.894959
31.902864
0 -81.893127
31.905031
0 -81.891441
31.90827
0 -81.888115
31.910088
0 -81.88636
31.912348
0 -81.885178
31.912655
0 -81.884148
31.914927
0 -81.882225
31.917368
0 -81.881996
31.918341
0 -81.88295
31.92098
0 -81.881985
31.924095
0 -81.881989
31.924965
0 -81.882774
31.927294
0 -81.881897
31.932045
0 -81.883446
31.93446
0 -81.883638
31.935526
0 -81.88266
31.937153
0 -81.883637
31.939503
0 -81.882874
31.941156
0 -81.885872
31.943853
0 -81.88633
31.94541
0 -81.889168
31.947071
0 -81.889534
31.949133
0 -81.888535
31.949402
0 -81.887611
31.95153
0 -81.886452
31.952503
0 -81.884506
31.956142
0 -81.882149
31.957296
0 -81.881409
31.95866
0 -81.876762
31.962223
0 -81.876816
31.965675
0 -81.875916
31.968531
0 -81.873817
31.970097
0 -81.869954
31.971647
0 -81.867828
31.971447
0 -81.865524
31.972675
0 -81.863113
31.972961
0 -81.860748
31.97506
0 -81.858292
31.97843
0 -81.858749
31.979916
0 -81.856668
31.9832
0 -81.855033
31.98494
0 -81.854576
31.988328
0 -81.845771
31.993076
0 -81.845367
31.994522
0 -81.841384
32.002128
0 -81.824405
32.014882
0 -81.813382
32.01623
0 -81.809931
32.019657
0 -81.761735
32.0479
0 -81.857513
32.049847
0 -81.889118
32.050438
0 -81.90995
32.056939
0 -81.97979
32.081412
0 -81.980041
32.081502
0 -81.988843
32.12003
0 -81.994781
32.145486
0 -81.995715
32.146195
0 -81.9958
32.149794
0 -81.999839
32.16724
0 -82.003682
32.18365
0 -82.003931
32.184685
0 -82.02304
32.266585
0 -82.025339
32.278883
0 -82.110261
32.295325
0 -82.130235
32.299115
0 -82.232788
32.318838
0 -82.234121
32.317368
0 -82.233711
32.316381
0 