-89.918362
40.437886
0 -89.92468
40.435921
0 -89.913899
40.435585
0 -89.901368
40.435541
0 -89.895258
40.435925
0 -89.866222
40.43571
0 -89.861062
40.435334
0 -89.828484
40.43438
0 -89.826886
40.43455
0 -89.811844
40.434418
0 -89.809403
40.434408
0 -89.785254
40.43508
0 -89.78269
40.435133
0 -89.772409
40.4351
0 -89.754442
40.43509
0 -89.750113
40.435038
0 -89.719329
40.435699
0 -89.717104
40.435655
0 -89.716342
40.39183
0 -89.715836
40.366451
0 -89.715704
40.362734
0 -89.715424
40.348199
0 -89.714927
40.319218
0 -89.602979
40.320129
0 -89.602981
40.320273
0 -89.565188
40.32072
0 -89.5644
40.320728
0 -89.546379
40.320964
0 -89.544854
40.320837
0 -89.537025
40.321156
0 -89.508336
40.321635
0 -89.489426
40.322045
0 -89.472677
40.322396
0 -89.463597
40.322534
0 -89.434655
40.323128
0 -89.420734
40.323348
0 -89.419709
40.323406
0 -89.415667
40.323472
0 -89.415448
40.32349
0 -89.377371
40.32412
0 -89.344744
40.324425
0 -89.26374
40.325344
0 -89.26437
40.361683
0 -89.264726
40.37003
0 -89.26456
40.370616
0 -89.265024
40.398465
0 -89.265404
40.42753
0 -89.266499
40.485552
0 -89.267754
40.538979
0 -89.268662
40.572638
0 -89.268845
40.579331
0 -89.269277
40.590399
0 -89.26939
40.594329
0 -89.269728
40.6083
0 -89.269831
40.616097
0 -89.277023
40.615934
0 -89.27778
40.615917
0 -89.279302
40.615883
0 -89.293892
40.615762
0 -89.302065
40.615665
0 -89.327343
40.615566
0 -89.327539
40.622564
0 -89.327683
40.625722
0 -89.32795
40.633424
0 -89.327986
40.633807
0 -89.328695
40.660785
0 -89.329614
40.660774
0 -89.329634
40.675342
0 -89.329758
40.679764
0 -89.330181
40.689746
0 -89.33015
40.704463
0 -89.330167
40.748257
0 -89.340206
40.74823
0 -89.387799
40.748079
0 -89.39698
40.747986
0 -89.427108
40.747746
0 -89.455751
40.747612
0 -89.46821
40.747596
0 -89.469306
40.747667
0 -89.503174
40.747618
0 -89.509123
40.747636
0 -89.512659
40.747538
0 -89.517387
40.74761
0 -89.540894
40.747737
0 -89.554994
40.747637
0 -89.550594
40.738737
0 -89.546497
40.720243
0 -89.547407
40.718213
0 -89.553374
40.706503
0 -89.554879
40.703553
0 -89.555295
40.702737
0 -89.557196
40.701137
0 -89.561196
40.699137
0 -89.576097
40.692437
0 -89.579681
40.690869
0 -89.589197
40.686637
0 -89.592157
40.685015
0 -89.600348
40.677494
0 -89.611599
40.667837
0 -89.612611
40.666661
0 -89.615399
40.664437
0 -89.616064
40.660765
0 -89.616035
40.657571
0 -89.611599
40.654138
0 -89.610339
40.65199
0 -89.610387
40.650406
0 -89.611459
40.64791
0 -89.622148
40.634897
0 -89.624016
40.633478
0 -89.636401
40.623238
0 -89.637101
40.622238
0 -89.641501
40.617738
0 -89.657509
40.602504
0 -89.658502
40.601558
0 -89.660007
40.59666
0 -89.65879
40.589174
0 -89.654294
40.579782
0 -89.654002
40.578238
0 -89.654368
40.575021
0 -89.654601
40.573038
0 -89.654998
40.571974
0 -89.655602
40.570438
0 -89.658003
40.567438
0 -89.675256
40.554054
0 -89.677896
40.553062
0 -89.678792
40.552806
0 -89.679464
40.552582
0 -89.682401
40.552589
0 -89.683656
40.553046
0 -89.688845
40.558512
0 -89.691848
40.560518
0 -89.695528
40.561318
0 -89.699
40.561606
0 -89.700792
40.56143
0 -89.70356
40.559462
0 -89.707817
40.557238
0 -89.710329
40.556646
0 -89.715945
40.556342
0 -89.719305
40.555558
0 -89.724041
40.553862
0 -89.73308
40.552742
0 -89.73905
40.551142
0 -89.741322
40.550806
0 -89.750106
40.551021
0 -89.755609
40.551591
0 -89.770412
40.553149
0 -89.774495
40.552911
0 -89.776467
40.5524
0 -89.784236
40.5493
0 -89.804541
40.542979
0 -89.812459
40.541104
0 -89.818622
40.538355
0 -89.832853
40.530794
0 -89.847525
40.524856
0 -89.858624
40.519968
0 -89.863455
40.517678
0 -89.872463
40.513127
0 -89.875111
40.511743
0 -89.878052
40.509532
0 -89.882194
40.505402
0 -89.884358
40.500039
0 -89.884313
40.497757
0 -89.885235
40.49248
0 -89.886434
40.487794
0 -89.887609
40.480733
0 -89.887425
40.476228
0 -89.88793
40.474656
0 -89.889067
40.473068
0 -89.894343
40.469538
0 -89.89687
40.467161
0 -89.898815
40.462574
0 -89.902279
40.460173
0 -89.904205
40.457706
0 -89.905308
40.454377
0 -89.905582
40.451506
0 -89.906449
40.447759
0 -89.908543
40.445278
0 -89.914278
40.440345
0 -89.918362
40.437886
0 