-83.20749
31.89646
0 -83.20714
31.895238
0 -83.205217
31.893642
0 -83.200774
31.893413
0 -83.199948
31.892468
0 -83.200453
31.891602
0 -83.204179
31.890717
0 -83.204372
31.889243
0 -83.20115
31.886906
0 -83.201708
31.885645
0 -83.204186
31.885432
0 -83.204236
31.884682
0 -83.202543
31.884219
0 -83.197954
31.88415
0 -83.197663
31.882791
0 -83.199704
31.880345
0 -83.19657
31.878469
0 -83.194814
31.878143
0 -83.192856
31.87979
0 -83.192239
31.879387
0 -83.192476
31.875073
0 -83.189917
31.874464
0 -83.188225
31.874912
0 -83.187929
31.875988
0 -83.18389
31.877547
0 -83.182945
31.8794
0 -83.181646
31.879715
0 -83.181153
31.878596
0 -83.181639
31.876552
0 -83.180679
31.875181
0 -83.178649
31.873809
0 -83.180114
31.870664
0 -83.177502
31.869774
0 -83.176843
31.868416
0 -83.177576
31.866725
0 -83.180265
31.86416
0 -83.181371
31.861117
0 -83.183287
31.860176
0 -83.183343
31.858754
0 -83.180825
31.85661
0 -83.178927
31.855925
0 -83.178955
31.853418
0 -83.177296
31.852734
0 -83.176693
31.849852
0 -83.177469
31.847857
0 -83.175659
31.846173
0 -83.17182
31.842026
0 -83.169415
31.839937
0 -83.16667
31.838896
0 -83.161674
31.837897
0 -83.160315
31.836651
0 -83.160472
31.834565
0 -83.157231
31.832585
0 -83.152311
31.83166
0 -83.151148
31.830501
0 -83.150788
31.828611
0 -83.15355
31.826586
0 -83.151966
31.82488
0 -83.150273
31.824272
0 -83.149085
31.824585
0 -83.145741
31.824316
0 -83.143908
31.824894
0 -83.138136
31.825334
0 -83.136205
31.825144
0 -83.134605
31.824115
0 -83.132883
31.821197
0 -83.132619
31.820554
0 -83.133648
31.818308
0 -83.133411
31.816911
0 -83.132308
31.815634
0 -83.137134
31.815958
0 -83.139022
31.818032
0 -83.140767
31.818105
0 -83.139429
31.815019
0 -83.135243
31.813271
0 -83.129559
31.810124
0 -83.128335
31.810035
0 -83.124873
31.811065
0 -83.121893
31.811587
0 -83.116722
31.811858
0 -83.114196
31.811454
0 -83.112553
31.809399
0 -83.111557
31.809195
0 -83.108041
31.810848
0 -83.107687
31.812299
0 -83.108628
31.813209
0 -83.111206
31.81212
0 -83.112505
31.812865
0 -83.111503
31.816245
0 -83.109721
31.817999
0 -83.106326
31.819181
0 -83.105561
31.817536
0 -83.107361
31.815166
0 -83.107244
31.814525
0 -83.102864
31.813717
0 -83.10131
31.811955
0 -83.099269
31.808295
0 -83.094154
31.807916
0 -83.091587
31.808928
0 -83.090023
31.807618
0 -83.088824
31.80903
0 -83.089053
31.8122
0 -83.086684
31.81274
0 -83.085009
31.811451
0 -83.084736
31.809565
0 -83.085749
31.807411
0 -83.084568
31.805521
0 -83.084098
31.802927
0 -83.080357
31.800597
0 -83.079265
31.800759
0 -83.079276
31.802086
0 -83.07805
31.802786
0 -83.075883
31.801478
0 -83.072225
31.801576
0 -83.071058
31.798221
0 -83.069603
31.796213
0 -83.065765
31.796819
0 -83.064586
31.794592
0 -83.060641
31.79422
0 -83.059342
31.792904
0 -83.059125
31.791284
0 -83.057332
31.792128
0 -83.055044
31.791925
0 -83.054324
31.790193
0 -83.052816
31.789224
0 -83.05059
31.790035
0 -83.047925
31.789183
0 -83.04617
31.789528
0 -83.04649
31.791168
0 -83.045131
31.791517
0 -83.042013
31.790842
0 -83.039045
31.790566
0 -83.038082
31.789256
0 -83.040091
31.786799
0 -83.039073
31.78604
0 -83.036417
31.786576
0 -83.034389
31.785291
0 -83.030798
31.783586
0 -83.030491
31.780651
0 -83.027966
31.778291
0 -83.02649
31.778153
0 -83.020907
31.779331
0 -83.017492
31.779541
0 -83.014158
31.779178
0 -83.00888
31.777106
0 -83.007253
31.775292
0 -83.005787
31.774629
0 -83.002405
31.775837
0 -83.000443
31.778172
0 -82.999869
31.780945
0 -82.996931
31.781578
0 -82.995698
31.780983
0 -82.992813
31.779467
0 -82.991661
31.776947
0 -82.990685
31.776504
0 -82.989761
31.777863
0 -82.99015
31.779785
0 -82.991852
31.782194
0 -82.991692
31.784143
0 -82.990745
31.785742
0 -82.990509
31.787386
0 -82.989143
31.788237
0 -82.986969
31.78726
0 -82.985283
31.787182
0 -82.984062
31.786404
0 -82.984215
31.784578
0 -82.98249
31.783857
0 -82.981811
31.785276
0 -82.983116
31.788809
0 -82.982452
31.79014
0 -82.97831
31.793201
0 -82.977386
31.793344
0 -82.975601
31.792917
0 -82.974632
31.791555
0 -82.972847
31.791174
0 -82.971539
31.792478
0 -82.969971
31.792902
0 -82.968567
31.791643
0 -82.969826
31.789608
0 -82.969444
31.788288
0 -82.966545
31.7882
0 -82.965347
31.787415
0 -82.964615
31.784908
0 -82.962753
31.78441
0 -82.961159
31.785967
0 -82.959236
31.785566
0 -82.958183
31.783634
0 -82.955261
31.782999
0 -82.951485
31.783926
0 -82.94957
31.785257
0 -82.948096
31.784877
0 -82.947418
31.783503
0 -82.946297
31.783697
0 -82.946098
31.7848
0 -82.947037
31.786808
0 -82.94651
31.787752
0 -82.944604
31.787356
0 -82.943001
31.784349
0 -82.94117
31.78458
0 -82.940979
31.78714
0 -82.939888
31.787548
0 -82.937263
31.786373
0 -82.934326
31.787548
0 -82.93438
31.786392
0 -82.933128
31.785812
0 -82.931511
31.786482
0 -82.929843
31.786045
0 -82.929572
31.785284
0 -82.926825
31.78523
0 -82.922334
31.784174
0 -82.9187
31.784139
0 -82.91897
31.782981
0 -82.920421
31.782159
0 -82.921285
31.780509
0 -82.920792
31.779594
0 -82.918573
31.778693
0 -82.917157
31.779248
0 -82.916572
31.780684
0 -82.916447
31.783241
0 -82.914787
31.7841
0 -82.912254
31.784101
0 -82.910499
31.785166
0 -82.907577
31.784847
0 -82.906212
31.786489
0 -82.901733
31.789246
0 -82.900055
31.791233
0 -82.897201
31.791033
0 -82.896454
31.789896
0 -82.898727
31.788145
0 -82.899589
31.78697
0 -82.898903
31.78581
0 -82.899589
31.783123
0 -82.897926
31.782921
0 -82.896833
31.783618
0 -82.892709
31.782497
0 -82.890449
31.780361
0 -82.88842
31.780382
0 -82.886475
31.779846
0 -82.886122
31.781597
0 -82.882088
31.782066
0 -82.88063
31.783524
0 -82.882477
31.784966
0 -82.881672
31.785834
0 -82.878715
31.784994
0 -82.877022
31.785532
0 -82.877045
31.78673
0 -82.875832
31.786816
0 -82.873772
31.78429
0 -82.875952
31.783464
0 -82.877872
31.782024
0 -82.877655
31.781374
0 -82.875893
31.780916
0 -82.873615
31.78194
0 -82.872154
31.78323
0 -82.870598
31.783255
0 -82.868118
31.782347
0 -82.867874
31.783403
0 -82.8694
31.78459
0 -82.868172
31.785791
0 -82.866478
31.78532
0 -82.865051
31.783527
0 -82.86309
31.783005
0 -82.861786
31.784494
0 -82.862252
31.787134
0 -82.860336
31.789309
0 -82.857483
31.790361
0 -82.857208
31.791187
0 -82.858559
31.792055
0 -82.85865
31.793364
0 -82.856003
31.794815
0 -82.856056
31.797918
0 -82.855324
31.798855
0 -82.853897
31.799147
0 -82.850853
31.797651
0 -82.849754
31.798016
0 -82.848259
31.800852
0 -82.845871
31.802238
0 -82.844665
31.804878
0 -82.842255
31.804668
0 -82.841118
31.806812
0 -82.839104
31.806879
0 -82.838608
31.808123
0 -82.842163
31.81076
0 -82.841415
31.812431
0 -82.840172
31.812313
0 -82.83818
31.810596
0 -82.836565
31.810859
0 -82.836668
31.812562
0 -82.839016
31.814197
0 -82.838664
31.815688
0 -82.836366
31.816154
0 -82.832022
31.81809
0 -82.83013
31.81834
0 -82.82692
31.817249
0 -82.826384
31.819209
0 -82.824937
31.8197
0 -82.824899
31.817716
0 -82.827876
31.815617
0 -82.827065
31.813697
0 -82.825855
31.81339
0 -82.824691
31.813479
0 -82.823617
31.815062
0 -82.820377
31.816749
0 -82.819326
31.819761
0 -82.817216
31.820003
0 -82.815291
31.818436
0 -82.813822
31.819009
0 -82.812706
31.820784
0 -82.809616
31.822698
0 -82.808475
31.8227
0 -82.807002
31.824466
0 -82.809684
31.825831
0 -82.809445
31.827767
0 -82.807574
31.828629
0 -82.804831
31.831433
0 -82.80363
31.83111
0 -82.803562
31.828866
0 -82.79937
31.831609
0 -82.79581
31.835096
0 -82.79315
31.834942
0 -82.792236
31.833908
0 -82.787421
31.836223
0 -82.784725
31.83854
0 -82.784773
31.840995
0 -82.786216
31.842433
0 -82.790168
31.843703
0 -82.791102
31.844624
0 -82.791845
31.847107
0 -82.790873
31.850688
0 -82.791066
31.852255
0 -82.789935
31.853627
0 -82.786044
31.853706
0 -82.784148
31.852034
0 -82.781732
31.852816
0 -82.781488
31.854867
0 -82.780576
31.856452
0 -82.778468
31.858035
0 -82.776185
31.858102
0 -82.775859
31.859151
0 -82.776892
31.861663
0 -82.775728
31.862615
0 -82.772774
31.861677
0 -82.772496
31.859957
0 -82.772987
31.857817
0 -82.769664
31.855418
0 -82.768251
31.855982
0 -82.767954
31.857877
0 -82.769971
31.859479
0 -82.769737
31.861264
0 -82.767888
31.861618
0 -82.765991
31.860607
0 -82.762555
31.860419
0 -82.762263
31.857721
0 -82.757322
31.856901
0 -82.756195
31.859274
0 -82.753371
31.86081
0 -82.753356
31.862303
0 -82.754312
31.86467
0 -82.751076
31.869214
0 -82.749363
31.870881
0 -82.745363
31.873381
0 -82.743863
31.875481
0 -82.741763
31.876881
0 -82.736363
31.877981
0 -82.734463
31.879881
0 -82.732063
31.880581
0 -82.731763
31.882381
0 -82.730763
31.882681
0 -82.726462
31.881881
0 -82.722662
31.884181
0 -82.721062
31.886981
0 -82.717562
31.885782
0 -82.715962
31.886682
0 -82.715362
31.889082
0 -82.713865
31.889465
0 -82.711662
31.888782
0 -82.709762
31.889682
0 -82.709662
31.890682
0 -82.707062
31.893282
0 -82.706062
31.898482
0 -82.702161
31.899082
0 -82.700161
31.902081
0 -82.699861
31.903582
0 -82.697761
31.903382
0 -82.696761
31.902582
0 -82.696061
31.898782
0 -82.695161
31.898082
0 -82.693961
31.898282
0 -82.689261
31.901582
0 -82.688561
31.904682
0 -82.685761
31.905782
0 -82.684261
31.908682
0 -82.680561
31.908882
0 -82.67796
31.909482
0 -82.67686
31.910282
0 -82.67606
31.911482
0 -82.67626
31.913182
0 -82.67926
31.916382
0 -82.682361
31.916282
0 -82.682661
31.920082
0 -82.681763
31.920741
0 -82.67766
31.919682
0 -82.675159
31.919802
0 -82.674326
31.919967
0 -82.66986
31.921482
0 -82.66556
31.920982
0 -82.66126
31.919883
0 -82.65976
31.921183
0 -82.65896
31.923283
0 -82.65766
31.923583
0 -82.65576
31.920383
0 -82.652959
31.921183
0 -82.651159
31.920883
0 -82.650859
31.919783
0 -82.651359
31.916983
0 -82.648559
31.916483
0 -82.646659
31.918683
0 -82.645659
31.918883
0 -82.6458
31.920542
0 -82.648551
31.920269
0 -82.648521
31.921535
0 -82.649426
31.922495
0 -82.651781
31.922317
0 -82.654876
31.92421
0 -82.654087
31.92526
0 -82.655274
31.925696
0 -82.654967
31.927068
0 -82.652283
31.927419
0 -82.652774
31.928927
0 -82.657935
31.930725
0 -82.660769
31.932067
0 -82.662658
31.932494
0 -82.664973
31.93443
0 -82.666717
31.934893
0 -82.668796
31.934133
0 -82.669499
31.9341
0 -82.671758
31.936624
0 -82.672052
31.938236
0 -82.674256
31.939134
0 -82.676142
31.942069
0 -82.676212
31.943234
0 -82.677179
31.942497
0 -82.677996
31.943696
0 -82.679204
31.943759
0 -82.679692
31.946578
0 -82.681133
31.947068
0 -82.681951
31.94613
0 -82.683049
31.948206
0 -82.684193
31.948417
0 -82.685768
31.949741
0 -82.687114
31.95013
0 -82.687163
31.951384
0 -82.688247
31.951946
0 -82.68853
31.953615
0 -82.69228
31.954277
0 -82.691584
31.955382
0 -82.692038
31.956281
0 -82.693813
31.9562
0 -82.695178
31.956883
0 -82.696365
31.960924
0 -82.695185
31.962353
0 -82.696905
31.962872
0 -82.696998
31.963901
0 -82.697632
31.964969
0 -82.69698
31.967174
0 -82.699439
31.967175
0 -82.701025
31.97119
0 -82.702307
31.971088
0 -82.701945
31.972686
0 -82.706307
31.972745
0 -82.707453
31.97452
0 -82.708982
31.974269
0 -82.710445
31.975922
0 -82.709638
31.977568
0 -82.711141
31.980462
0 -82.714071
31.982081
0 -82.713135
31.983015
0 -82.714244
31.984245
0 -82.716791
31.985113
0 -82.717363
31.986811
0 -82.716163
31.988439
0 -82.717418
31.989211
0 -82.718513
31.990821
0 -82.719322
31.99076
0 -82.720502
31.99314
0 -82.72017
31.993939
0 -82.721304
31.995046
0 -82.721159
31.996129
0 -82.722438
31.996723
0 -82.720798
31.998962
0 -82.720733
32.000736
0 -82.721958
32.001209
0 -82.723389
32.000722
0 -82.724263
32.001471
0 -82.723071
32.002142
0 -82.724869
32.003422
0 -82.725429
32.004472
0 -82.727154
32.005553
0 -82.728971
32.005541
0 -82.728924
32.006794
0 -82.73174
32.007506
0 -82.7374
32.007336
0 -82.740308
32.008288
0 -82.742832
32.008229
0 -82.743334
32.007353
0 -82.744871
32.007528
0 -82.746883
32.008648
0 -82.749188
32.007221
0 -82.74931
32.008089
0 -82.751438
32.008083
0 -82.754627
32.009044
0 -82.756012
32.008781
0 -82.756444
32.010043
0 -82.757882
32.010536
0 -82.759507
32.01017
0 -82.760785
32.010942
0 -82.761446
32.010021
0 -82.76316
32.012008
0 -82.765609
32.011409
0 -82.766826
32.011619
0 -82.76964
32.013478
0 -82.769674
32.014336
0 -82.771981
32.014252
0 -82.773694
32.016607
0 -82.774465
32.018551
0 -82.777864
32.019152
0 -82.779675
32.018436
0 -82.783057
32.019892
0 -82.784059
32.021523
0 -82.786919
32.022545
0 -82.787066
32.025277
0 -82.78787
32.024895
0 -82.788826
32.026728
0 -82.790272
32.027596
0 -82.790057
32.029719
0 -82.791503
32.030769
0 -82.793673
32.033426
0 -82.794531
32.033287
0 -82.796358
32.034455
0 -82.797261
32.035823
0 -82.797017
32.037453
0 -82.79909
32.038805
0 -82.798781
32.039608
0 -82.800187
32.040664
0 -82.800154
32.04168
0 -82.801399
32.043346
0 -82.801692
32.044932
0 -82.807213
32.047325
0 -82.807331
32.048778
0 -82.81077
32.050226
0 -82.813748
32.051909
0 -82.8158
32.052334
0 -82.818044
32.051608
0 -82.820621
32.053221
0 -82.824819
32.053925
0 -82.827578
32.055667
0 -82.828509
32.057601
0 -82.829204
32.058262
0 -82.832891
32.059586
0 -82.83433
32.059064
0 -82.8359
32.059406
0 -82.83749
32.060747
0 -82.840137
32.060554
0 -82.842427
32.059724
0 -82.84465
32.060505
0 -82.846196
32.06
0 -82.849484
32.060642
0 -82.852332
32.060634
0 -82.854223
32.061926
0 -82.855577
32.061726
0 -82.857377
32.063086
0 -82.858704
32.066597
0 -82.86087
32.067253
0 -82.863045
32.069504
0 -82.86982
32.074295
0 -82.871437
32.074734
0 -82.874413
32.074039
0 -82.879333
32.076546
0 -82.881813
32.077316
0 -82.885605
32.079571
0 -82.8872
32.079619
0 -82.888042
32.080784
0 -82.888665
32.081429
0 -82.889316
32.08235
0 -82.889671
32.083238
0 -82.889834
32.083503
0 -82.891036
32.085073
0 -82.893061
32.086257
0 -82.895157
32.086056
0 -82.896508
32.087328
0 -82.899423
32.092927
0 -82.901564
32.097592
0 -82.901964
32.099525
0 -82.901996
32.103572
0 -82.901313
32.107878
0 -82.901958
32.110304
0 -82.904197
32.11318
0 -82.906112
32.114939
0 -82.909067
32.116808
0 -82.911689
32.119011
0 -82.913718
32.12221
0 -82.915293
32.12362
0 -82.917687
32.124392
0 -82.920802
32.124589
0 -82.922441
32.125256
0 -82.925125
32.124777
0 -82.929866
32.125875
0 -82.931966
32.125875
0 -82.934266
32.125175
0 -82.939759
32.124858
0 -82.927865
32.135274
0 -82.934761
32.140971
0 -82.927467
32.147174
0 -82.934566
32.153274
0 -82.955466
32.135274
0 -82.943866
32.125175
0 -82.942066
32.124074
0 -82.965373
32.104052
0 -82.999471
32.074765
0 -83.016784
32.059704
0 -83.030005
32.049579
0 -83.033916
32.04551
0 -83.05202
32.03061
0 -83.056406
32.026607
0 -83.06263
32.02136
0 -83.064044
32.020471
0 -83.067303
32.017483
0 -83.076042
32.010092
0 -83.095237
31.99413
0 -83.099468
31.990436
0 -83.106625
31.984503
0 -83.10907
31.982152
0 -83.115491
31.977002
0 -83.121138
31.973
0 -83.123408
31.970221
0 -83.174967
31.926387
0 -83.205739
31.900325
0 -83.206189
31.897494
0 -83.20749
31.89646
0 