-99.472444
33.399023
0 -99.472301
33.358558
0 -99.472277
33.332121
0 -99.472265
33.321182
0 -99.471615
33.091791
0 -99.471258
32.957025
0 -99.445632
32.956986
0 -99.230942
32.957039
0 -99.229904
32.956967
0 -99.19065
32.956791
0 -99.175401
32.956703
0 -99.125351
32.956415
0 -99.12008
32.957101
0 -99.096016
32.957037
0 -99.053139
32.956918
0 -99.05224
32.956873
0 -99.02182
32.956843
0 -98.970435
32.956825
0 -98.950875
32.956918
0 -98.95131
33.014297
0 -98.951665
33.055525
0 -98.95216
33.114055
0 -98.952578
33.163823
0 -98.952606
33.16713
0 -98.953502
33.285936
0 -98.953853
33.33289
0 -98.953938
33.397534
0 -99.00709
33.397761
0 -99.013723
33.39777
0 -99.125018
33.398164
0 -99.125349
33.398219
0 -99.434349
33.398912
0 -99.472444
33.399023
0 