145.58187
15.017561
0 145.582033
15.015924
0 145.582524
15.014779
0 145.583263
15.014151
0 145.583737348475
15.013897848456
0 145.584599
15.013438
0 145.58599
15.013166
0 145.58717
15.012379
0 145.587985
15.011389
0 145.588519
15.01032
0 145.588645
15.00943
0 145.58835
15.008053
0 145.587072
15.005988
0 145.586383
15.00235
0 145.586292
15.001144
0 145.584613
14.997533
0 145.584613
14.995763
0 145.585597
14.994288
0 145.586737
14.99375
0 145.588074
14.993571
0 145.588965
14.99268
0 145.589588
14.991522
0 145.59039
14.990631
0 145.591459
14.989919
0 145.592676
14.989765
0 145.592984
14.98995
0 145.593659
14.990355
0 145.594642
14.989863
0 145.596392
14.989791
0 145.59725
14.990008
0 145.597811
14.990419
0 145.599044
14.991266
0 145.6003
14.991855
0 145.602508
14.991928
0 145.603098
14.992322
0 145.605163
14.992223
0 145.608112
14.990945
0 145.608801
14.989962
0 145.609187
14.987692
0 145.609686
14.985242
0 145.609692076487
14.9852192093093
0 145.610079
14.983768
0 145.610879
14.983008
0 145.61173
14.982497
0 145.612241022487
14.9816445663836
0 145.61234
14.979736
0 145.612243277872
14.9785756623352
0 145.612045
14.976197
0 145.611645
14.97509
0 145.61139
14.974408
0 145.611357
14.973542
0 145.611541
14.972685
0 145.612242
14.969413
0 145.612812
14.968184
0 145.61352
14.96666
0 145.616077
14.962923
0 145.617597
14.961695
0 145.62213
14.961485
0 145.622324564225
14.961485
0 145.62629
14.961485
0 145.627478
14.959533
0 145.629617
14.957582
0 145.630092
14.956319
0 145.630235
14.954861
0 145.630262904503
14.9548412699759
0 145.630887
14.9544
0 145.631398
14.953804
0 145.631611
14.953189
0 145.631824
14.952783
0 145.63171
14.951616
0 145.630432
14.947487
0 145.62935
14.945717
0 145.628367
14.942472
0 145.628465
14.940506
0 145.62935
14.940309
0 145.629842
14.939031
0 145.629252
14.938146
0 145.62994
14.937261
0 145.62935
14.935885
0 145.62935
14.934017
0 145.630923
14.930477
0 145.63053
14.929297
0 145.631021
14.927331
0 145.632103
14.925069
0 145.634212
14.923327
0 145.634364
14.923201
0 145.635249
14.92271
0 145.639084
14.92271
0 145.640339
14.923166
0 145.641247
14.923496
0 145.645278
14.926348
0 145.645278
14.927232
0 145.647048
14.929396
0 145.648031
14.93205
0 145.650194
14.935295
0 145.652259
14.937163
0 145.652618
14.937691
0 145.652554
14.938441
0 145.652271
14.939255
0 145.651575
14.940299
0 145.651662
14.941429
0 145.651938812783
14.9417977253776
0 145.652177
14.942115
0 145.653537
14.943701
0 145.653832
14.944045
0 145.654705
14.944645
0 145.655574
14.945514
0 145.656256002931
14.9460331588574
0 145.656487
14.946209
0 145.657329
14.946981
0 145.65885
14.948338
0 145.659267
14.948622
0 145.659601
14.948755
0 145.659952
14.948839
0 145.660269
14.948839
0 145.660786
14.948755
0 145.661168
14.948546
0 145.664648
14.94788
0 145.665494761817
14.9482368544964
0 145.665889
14.948403
0 145.666319
14.949547
0 145.666024
14.950436
0 145.664654633287
14.9528174667704
0 145.664556
14.952989
0 145.66313
14.955056
0 145.662536
14.957008
0 145.661369916433
14.9584203725417
0 145.661305
14.958499
0 145.661340412797
14.9585782073219
0 145.661812
14.959633
0 145.662091
14.960957
0 145.662288
14.962923
0 145.662098
14.964641
0 145.662313
14.965642
0 145.662814
14.966644
0 145.663468
14.967643
0 145.664407
14.969261
0 145.665729
14.971477
0 145.665837
14.972121
0 145.665572
14.972651
0 145.66536
14.973286
0 145.66499
14.974027
0 145.664515020182
14.9747869677094
0 145.66446
14.974875
0 145.663984
14.975828
0 145.663878
14.976728
0 145.664254
14.977573
0 145.664672
14.978317
0 145.665413
14.978794
0 145.666319
14.979343
0 145.667055
14.980647
0 145.667744
14.982607
0 145.668379
14.98446
0 145.668856
14.98589
0 145.669226
14.987585
0 145.66976
14.989077
0 145.669957
14.992715
0 145.670449
14.994976
0 145.670974
14.995899
0 145.671345
14.996694
0 145.671628
14.997828
0 145.672033
14.9995
0 145.672317
15.000384
0 145.6733
15.004022
0 145.673693
15.004612
0 145.673791
15.00648
0 145.672513
15.008446
0 145.671038
15.009233
0 145.671137
15.011494
0 145.668285
15.016214
0 145.665926
15.01818
0 145.664451
15.018672
0 145.662189
15.018573
0 145.659338
15.017984
0 145.657273
15.018868
0 145.655799
15.020343
0 145.655405
15.021425
0 145.653734
15.02349
0 145.653242
15.026734
0 145.651964
15.027422
0 145.650587
15.030372
0 145.650323091443
15.031587806834
0 145.650096
15.032634
0 145.648621
15.033912
0 145.64754
15.039713
0 145.647736
15.041089
0 145.647048
15.041679
0 145.647343
15.04512
0 145.648031
15.046792
0 145.649211
15.046989
0 145.651571
15.04984
0 145.652652
15.05043
0 145.6557
15.053183
0 145.655897
15.053871
0 145.658108
15.056219
0 145.659196
15.057998
0 145.658733
15.059856
0 145.657863
15.061344
0 145.656527
15.06215
0 145.655897
15.063212
0 145.65511
15.067636
0 145.65511
15.070487
0 145.655602
15.071667
0 145.655995
15.074617
0 145.656683
15.07737
0 145.657273
15.081893
0 145.656978
15.084056
0 145.655799
15.087595
0 145.654422
15.090054
0 145.652751
15.091922
0 145.650293
15.095363
0 145.647834
15.098509
0 145.64518
15.101164
0 145.643115
15.100377
0 145.641797
15.099153
0 145.640362
15.097821
0 145.637117
15.09438
0 145.635357
15.092284
0 145.632988
15.089464
0 145.6323
15.087497
0 145.62994
15.085727
0 145.629625
15.085623
0 145.628776
15.085339
0 145.628465
15.085236
0 145.626597
15.083859
0 145.625437
15.082432
0 145.624869
15.081733
0 145.622762
15.07914
0 145.620206
15.077173
0 145.618043
15.076387
0 145.61647
15.074322
0 145.616077
15.072552
0 145.613913
15.070192
0 145.61293
15.069701
0 145.610767
15.067046
0 145.606048
15.061933
0 145.606005377254
15.0618883178063
0 145.602778
15.058505
0 145.601116
15.057027
0 145.599577
15.055611
0 145.598162
15.054934
0 145.597115
15.054196
0 145.596623
15.053826
0 145.596412
15.053281
0 145.596253
15.052534
0 145.5965
15.051918
0 145.597402
15.051504
0 145.598162
15.051426
0 145.598470972114
15.0513228233914
0 145.598716
15.051241
0 145.599208
15.050872
0 145.59927
15.050072
0 145.598772
15.04925
0 145.597789
15.04748
0 145.597297
15.04512
0 145.597395
15.043941
0 145.596805
15.040794
0 145.595268
15.038872
0 145.59498234272
15.0385150948664
0 145.594839
15.038336
0 145.593238
15.037865
0 145.593168
15.037845
0 145.591994
15.037224
0 145.590657
15.037313
0 145.589499
15.037224
0 145.588519
15.036422
0 145.588015
15.035272
0 145.587687
15.033201
0 145.58776
15.031749
0 145.586973
15.030274
0 145.585695
15.026341
0 145.584908
15.025456
0 145.584122
15.023391
0 145.584104844388
15.023336632457
0 145.583708
15.022079
0 145.58304
15.020737
0 145.582461
15.019407
0 145.582115
15.018542
0 145.58187
15.017561
0 