-86.242992
40.373661
0 -86.242952
40.344742
0 -86.242893
40.337481
0 -86.24276
40.30876
0 -86.242597
40.273671
0 -86.242288
40.249931
0 -86.242446
40.244888
0 -86.242734
40.231575
0 -86.242565
40.230208
0 -86.242743
40.215834
0 -86.128228
40.217207
0 -86.127966
40.217209
0 -86.069032
40.217633
0 -86.036238
40.217846
0 -86.03205
40.217879
0 -86.022601
40.217957
0 -86.013136
40.21804
0 -85.996076
40.218152
0 -85.96643
40.218278
0 -85.935561
40.218437
0 -85.861903
40.218936
0 -85.86116
40.22531
0 -85.860925
40.262445
0 -85.860785
40.273334
0 -85.860756
40.275099
0 -85.860725
40.276947
0 -85.860698
40.278321
0 -85.860695
40.278433
0 -85.860619
40.281766
0 -85.860391
40.291455
0 -85.860242
40.305696
0 -85.861263
40.305696
0 -85.861588
40.334744
0 -85.862296
40.378367
0 -85.862117
40.406889
0 -85.918662
40.406524
0 -85.975506
40.406227
0 -85.994573
40.405983
0 -86.060645
40.405198
0 -86.069994
40.405058
0 -86.127113
40.404337
0 -86.18413
40.403562
0 -86.222285
40.40315
0 -86.236438
40.402971
0 -86.242812
40.402914
0 -86.242992
40.373661
0 