-76.696655
42.54679
0 -76.693292
42.492123
0 -76.692134
42.477906
0 -76.690307
42.452324
0 -76.689496
42.440017
0 -76.689171
42.435675
0 -76.688212
42.419644
0 -76.686622
42.390351
0 -76.685726
42.375108
0 -76.685938
42.373194
0 -76.690552
42.373217
0 -76.689727
42.313443
0 -76.691069
42.313319
0 -76.691406
42.284307
0 -76.670135
42.283933
0 -76.62707
42.283046
0 -76.619303
42.282853
0 -76.579489
42.28259
0 -76.548929
42.281832
0 -76.538349
42.281755
0 -76.530447
42.28169
0 -76.518965
42.281593
0 -76.494389
42.281256
0 -76.492989
42.281166
0 -76.492121
42.281266
0 -76.486675
42.281291
0 -76.480025
42.281055
0 -76.473962
42.281132
0 -76.474494
42.263761
0 -76.416199
42.262976
0 -76.415475
42.305577
0 -76.415305
42.318368
0 -76.409084
42.318408
0 -76.400438
42.318474
0 -76.39465
42.318509
0 -76.374256
42.318172
0 -76.350871
42.318288
0 -76.350619
42.308437
0 -76.342652
42.308402
0 -76.327849
42.308349
0 -76.314197
42.308299
0 -76.301873
42.308219
0 -76.300722
42.308171
0 -76.299132
42.308194
0 -76.28822
42.308227
0 -76.288174
42.296764
0 -76.283191
42.296753
0 -76.250149
42.296676
0 -76.249237
42.299157
0 -76.2493
42.303548
0 -76.250416
42.306576
0 -76.251099
42.307113
0 -76.251407
42.309913
0 -76.25026
42.310774
0 -76.250487
42.313162
0 -76.249364
42.315741
0 -76.25108
42.319602
0 -76.250043
42.320853
0 -76.251363
42.324894
0 -76.249747
42.328307
0 -76.247328
42.328796
0 -76.246872
42.330708
0 -76.246112
42.332891
0 -76.247264
42.334322
0 -76.245765
42.335588
0 -76.245476
42.338233
0 -76.246125
42.340001
0 -76.245491
42.341862
0 -76.243694
42.342697
0 -76.241765
42.34657
0 -76.240318
42.347236
0 -76.239653
42.350033
0 -76.237818
42.350998
0 -76.238768
42.354743
0 -76.238555
42.356621
0 -76.239779
42.359705
0 -76.242209
42.362026
0 -76.242129
42.363678
0 -76.243987
42.363908
0 -76.246506
42.36546
0 -76.250266
42.366531
0 -76.251969
42.368015
0 -76.254091
42.368992
0 -76.254475
42.369964
0 -76.258538
42.371338
0 -76.260055
42.372673
0 -76.264718
42.37408
0 -76.265062
42.375155
0 -76.270806
42.376865
0 -76.272257
42.376498
0 -76.275788
42.377075
0 -76.279689
42.378833
0 -76.280651
42.380244
0 -76.282926
42.380047
0 -76.285338
42.379389
0 -76.289151
42.380015
0 -76.289973
42.37956
0 -76.295481
42.38011
0 -76.296229
42.381279
0 -76.298429
42.381546
0 -76.299198
42.382822
0 -76.299493
42.385012
0 -76.297775
42.386275
0 -76.296293
42.389623
0 -76.298432
42.395689
0 -76.296581
42.399648
0 -76.296526
42.399877
0 -76.295068
42.402731
0 -76.294697
42.405086
0 -76.293186
42.406403
0 -76.269718
42.407158
0 -76.253359
42.407568
0 -76.253877
42.416141
0 -76.255197
42.437913
0 -76.2568
42.465583
0 -76.257529
42.478205
0 -76.258062
42.487115
0 -76.259112
42.502777
0 -76.26052
42.531405
0 -76.260694
42.532894
0 -76.260957
42.540636
0 -76.26097
42.541328
0 -76.261334
42.547824
0 -76.261481
42.550453
0 -76.261663
42.553703
0 -76.262822
42.574411
0 -76.263195
42.581064
0 -76.263208
42.581298
0 -76.263583
42.587963
0 -76.265584
42.623588
0 -76.272861
42.623413
0 -76.356391
42.621287
0 -76.356624
42.621316
0 -76.364918
42.621109
0 -76.384976
42.620572
0 -76.38657
42.62052
0 -76.40023
42.620096
0 -76.402293
42.620059
0 -76.417229
42.619644
0 -76.448955
42.61883
0 -76.4584
42.618615
0 -76.45867
42.624825
0 -76.458661
42.625749
0 -76.458858
42.627416
0 -76.463975
42.627269
0 -76.473022
42.627009
0 -76.492137
42.626368
0 -76.508579
42.625877
0 -76.510573
42.625691
0 -76.536106
42.624908
0 -76.543318
42.624605
0 -76.555807
42.624056
0 -76.566874
42.623728
0 -76.574893
42.623408
0 -76.605012
42.622398
0 -76.614291
42.622103
0 -76.614479
42.625234
0 -76.666543
42.623457
0 -76.663139
42.616354
0 -76.660242
42.610827
0 -76.656226
42.604798
0 -76.645317
42.591708
0 -76.638075
42.584404
0 -76.626761
42.573868
0 -76.624667
42.572253
0 -76.618239
42.566652
0 -76.612174
42.562865
0 -76.605987
42.559413
0 -76.585989
42.54991
0 -76.64994
42.548012
0 -76.673019
42.547348
0 -76.683735
42.547117
0 -76.696655
42.54679
0 