-112.193588021971
48.9988998592277
0 -112.193444
48.91402
0 -112.189232
48.914064
0 -112.189094
48.834753
0 -112.189248
48.83371
0 -112.189342
48.653357
0 -112.189346
48.647312
0 -112.189351
48.638925
0 -112.188969
48.566454
0 -112.184514
48.566466
0 -112.184489
48.478896
0 -112.184375
48.477593
0 -112.181793
48.477763
0 -112.179361
48.47726
0 -112.177148
48.47547
0 -112.177437
48.471787
0 -112.175743
48.468356
0 -112.174532
48.467348
0 -112.170357
48.465965
0 -112.167216
48.465393
0 -112.164564
48.465384
0 -112.160674
48.463757
0 -112.155861
48.463646
0 -112.153619
48.464571
0 -112.153032
48.466118
0 -112.153878
48.467948
0 -112.153466
48.46997
0 -112.151928
48.471408
0 -112.142269
48.467995
0 -112.139803
48.467281
0 -112.133736
48.466861
0 -112.131425
48.464812
0 -112.13334
48.461416
0 -112.132958
48.460389
0 -112.13099
48.459832
0 -112.127073
48.461865
0 -112.125869
48.461941
0 -112.124218
48.460541
0 -112.122854
48.455891
0 -112.120422
48.455477
0 -112.119039
48.456796
0 -112.11615
48.456227
0 -112.114865
48.452829
0 -112.114832
48.450736
0 -112.113072
48.448664
0 -112.110247
48.447548
0 -112.107956
48.448574
0 -112.10668
48.450413
0 -112.099419
48.449961
0 -112.09816
48.447863
0 -112.096552
48.446656
0 -112.099408
48.443307
0 -112.097614
48.441139
0 -112.094297
48.440646
0 -112.089618
48.441423
0 -112.083223
48.442896
0 -112.081751
48.442191
0 -112.081857
48.439368
0 -112.081274
48.437874
0 -112.076995
48.435226
0 -112.074483
48.435554
0 -112.071873
48.436675
0 -112.070979
48.438912
0 -112.073519
48.442402
0 -112.073026
48.444071
0 -112.067057
48.445191
0 -112.064656
48.444936
0 -112.066415
48.441894
0 -112.06436
48.439672
0 -112.062437
48.441185
0 -112.060708
48.443524
0 -112.061819
48.446642
0 -112.06124
48.447818
0 -112.058702
48.447928
0 -112.057042
48.447134
0 -112.054359
48.447348
0 -112.049654
48.448661
0 -112.046478
48.448709
0 -112.044759
48.450217
0 -112.044343
48.452375
0 -112.04242
48.452937
0 -112.041025
48.452322
0 -112.036888
48.451789
0 -112.036026
48.450255
0 -112.039123
48.447977
0 -112.038526
48.44616
0 -112.034267
48.447352
0 -112.028734
48.450646
0 -112.028146
48.451855
0 -112.025845
48.452353
0 -112.02116
48.451993
0 -112.01846
48.450177
0 -112.018779
48.449566
0 -112.023712
48.447952
0 -112.025553
48.446351
0 -112.023567
48.443009
0 -112.02135
48.442441
0 -112.019181
48.442367
0 -112.016874
48.443359
0 -112.01606
48.448773
0 -112.013822
48.45066
0 -112.01149
48.449332
0 -112.006447
48.449397
0 -112.004013
48.448644
0 -112.003796
48.44747
0 -112.007637
48.44539
0 -112.008931
48.443288
0 -112.008126
48.441862
0 -112.000861
48.4422
0 -111.996073
48.439915
0 -111.990944
48.438546
0 -111.990819
48.394285
0 -111.982848
48.394234
0 -111.926009
48.394255
0 -111.925939
48.392757
0 -111.92123
48.392856
0 -111.920589
48.39291
0 -111.79591
48.393011
0 -111.796117
48.349814
0 -111.665829
48.349497
0 -111.666292
48.24828
0 -111.6665
48.219412
0 -111.436057
48.219549
0 -111.433822
48.219423
0 -111.408922
48.219476
0 -111.275563
48.219401
0 -111.274733
48.219444
0 -111.27531
48.34492
0 -111.275512
48.468417
0 -111.275655
48.468892
0 -111.27545
48.566589
0 -111.273213
48.566634
0 -111.273255
48.643035
0 -111.273597
48.64628
0 -111.273241
48.660471
0 -111.273147
48.668089
0 -111.273802
48.704259
0 -111.273865
48.710691
0 -111.273653
48.740426
0 -111.273371
48.876026
0 -111.273479
48.888139
0 -111.273709
48.914005
0 -111.270109
48.914205
0 -111.270700774614
48.9972288178842
0 -111.500812
48.996963
0 -111.761613
48.99765
0 -111.761679
48.997614
0 -111.85409
48.998039
0 -111.854088
48.998067
0 -111.959871596059
48.9986824315078
0 -111.973785724342
48.9987633816103
0 -112.000878
48.998921
0 -112.003866
48.99857
0 -112.143769
48.998917
0 -112.193588021971
48.9988998592277
0 