-82.480377
31.991893
0 -82.483131
31.968961
0 -82.479607
31.971653
0 -82.476077
31.970839
0 -82.473243
31.969281
0 -82.470423
31.968136
0 -82.465952
31.967089
0 -82.457552
31.96379
0 -82.455452
31.96379
0 -82.452051
31.96459
0 -82.444451
31.96749
0 -82.439351
31.96779
0 -82.435751
31.96689
0 -82.431531
31.966182
0 -82.430151
31.965991
0 -82.42475
31.96419
0 -82.42315
31.96339
0 -82.417848
31.959589
0 -82.412147
31.957189
0 -82.409746
31.956788
0 -82.408046
31.955689
0 -82.407546
31.953289
0 -82.408445
31.951289
0 -82.407245
31.949488
0 -82.405545
31.949188
0 -82.403544
31.949788
0 -82.402044
31.951688
0 -82.401943
31.953687
0 -82.404143
31.956487
0 -82.404242
31.958487
0 -82.402242
31.960286
0 -82.400142
31.960186
0 -82.397941
31.959086
0 -82.39324
31.955585
0 -82.392039
31.951084
0 -82.391139
31.949584
0 -82.388839
31.948384
0 -82.387138
31.948184
0 -82.385837
31.949284
0 -82.385437
31.950583
0 -82.385737
31.952483
0 -82.389136
31.957082
0 -82.387635
31.959682
0 -82.384456
31.960022
0 -82.383151
31.959458
0 -82.380919
31.956011
0 -82.379533
31.954977
0 -82.372096
31.953976
0 -82.371549
31.953493
0 -82.371749
31.951793
0 -82.372549
31.950793
0 -82.374844
31.949693
0 -82.377849
31.946893
0 -82.378749
31.945093
0 -82.378049
31.942093
0 -82.377149
31.941693
0 -82.37242
31.941456
0 -82.36503
31.943641
0 -82.362334
31.94369
0 -82.359314
31.941736
0 -82.358009
31.939686
0 -82.354891
31.939561
0 -82.353063
31.939022
0 -82.347596
31.93856
0 -82.337325
31.937165
0 -82.33284
31.935602
0 -82.329672
31.934777
0 -82.323277
31.934495
0 -82.314482
31.930783
0 -82.313138
31.930912
0 -82.30887
31.932698
0 -82.307997
31.935067
0 -82.307755
31.937485
0 -82.310688
31.938461
0 -82.312161
31.939392
0 -82.315331
31.942805
0 -82.316096
31.945225
0 -82.315085
31.946611
0 -82.311542
31.947515
0 -82.309508
31.946541
0 -82.308608
31.945552
0 -82.306539
31.94161
0 -82.306015
31.938688
0 -82.304517
31.93792
0 -82.303405
31.93608
0 -82.302795
31.933901
0 -82.301112
31.93327
0 -82.298094
31.933989
0 -82.295326
31.938865
0 -82.293344
31.94084
0 -82.29137
31.942483
0 -82.288309
31.942784
0 -82.286418
31.942443
0 -82.283269
31.94076
0 -82.279546
31.937978
0 -82.277617
31.937071
0 -82.271493
31.936272
0 -82.270334
31.935871
0 -82.268199
31.93279
0 -82.267161
31.928621
0 -82.263156
31.927953
0 -82.261386
31.928995
0 -82.259705
31.932406
0 -82.256037
31.932089
0 -82.255343
31.931417
0 -82.254586
31.927471
0 -82.251187
31.923515
0 -82.249035
31.921861
0 -82.248458
31.920673
0 -82.248007
31.9173
0 -82.24681
31.9151
0 -82.245312
31.914599
0 -82.242915
31.9151
0 -82.241717
31.916
0 -82.238223
31.9201
0 -82.236925
31.9205
0 -82.233129
31.919199
0 -82.231832
31.917099
0 -82.231637
31.913399
0 -82.22964
31.911798
0 -82.225042
31.913074
0 -82.208574
32.040604
0 -82.205238
32.066789
0 -82.204417
32.076774
0 -82.195327
32.128861
0 -82.19476
32.134501
0 -82.193009
32.136426
0 -82.193198
32.137777
0 -82.195206
32.14068
0 -82.193937
32.14248
0 -82.19128
32.144547
0 -82.189107
32.146167
0 -82.188712
32.147649
0 -82.188973
32.150792
0 -82.187423
32.149939
0 -82.187306
32.151435
0 -82.184902
32.154548
0 -82.186592
32.155155
0 -82.186299
32.157071
0 -82.18363
32.158766
0 -82.182727
32.160442
0 -82.183842
32.161928
0 -82.184268
32.163798
0 -82.181926
32.165945
0 -82.184656
32.167302
0 -82.185745
32.166871
0 -82.186009
32.168154
0 -82.183808
32.169604
0 -82.183938
32.170493
0 -82.185676
32.171002
0 -82.184615
32.173318
0 -82.185357
32.175862
0 -82.186362
32.177013
0 -82.184187
32.180002
0 -82.185112
32.181584
0 -82.187314
32.183152
0 -82.187507
32.187655
0 -82.188454
32.189315
0 -82.190441
32.18987
0 -82.190106
32.19057
0 -82.191333
32.192189
0 -82.19191
32.194282
0 -82.194603
32.195805
0 -82.19526
32.197733
0 -82.194446
32.199452
0 -82.194759
32.201469
0 -82.196747
32.20371
0 -82.19613
32.204706
0 -82.199058
32.204196
0 -82.199539
32.205174
0 -82.201377
32.20597
0 -82.200816
32.207062
0 -82.201499
32.207844
0 -82.204984
32.209772
0 -82.204557
32.211278
0 -82.206249
32.211331
0 -82.207607
32.213955
0 -82.207918
32.215911
0 -82.206277
32.217971
0 -82.207199
32.22081
0 -82.208562
32.221314
0 -82.210985
32.224525
0 -82.210902
32.226812
0 -82.213683
32.229224
0 -82.213418
32.230748
0 -82.211977
32.233399
0 -82.213018
32.234609
0 -82.210451
32.234893
0 -82.210383
32.236592
0 -82.21112
32.237647
0 -82.209794
32.238822
0 -82.210591
32.239877
0 -82.211614
32.238784
0 -82.21269
32.24125
0 -82.211184
32.244484
0 -82.212324
32.245731
0 -82.212
32.246997
0 -82.21421
32.247957
0 -82.214409
32.249074
0 -82.216289
32.24866
0 -82.216413
32.250718
0 -82.215023
32.252142
0 -82.216156
32.254393
0 -82.217872
32.255256
0 -82.217629
32.256906
0 -82.219042
32.257498
0 -82.21753
32.258705
0 -82.219436
32.25898
0 -82.218859
32.260353
0 -82.220152
32.260804
0 -82.219765
32.262238
0 -82.221507
32.261463
0 -82.222208
32.261884
0 -82.221731
32.265216
0 -82.221137
32.266351
0 -82.221377
32.271025
0 -82.222767
32.27281
0 -82.223055
32.273992
0 -82.22492
32.276383
0 -82.226486
32.277212
0 -82.225801
32.278059
0 -82.227401
32.277794
0 -82.227054
32.279573
0 -82.22744
32.281759
0 -82.229036
32.28447
0 -82.227955
32.285876
0 -82.227593
32.287667
0 -82.228484
32.288044
0 -82.227847
32.289226
0 -82.228804
32.29063
0 -82.228774
32.291981
0 -82.22733
32.292952
0 -82.228235
32.295357
0 -82.22828
32.300877
0 -82.229003
32.304099
0 -82.232231
32.308008
0 -82.231443
32.308678
0 -82.232028
32.309812
0 -82.23343
32.310139
0 -82.233511
32.312019
0 -82.234982
32.315073
0 -82.233711
32.316381
0 -82.234121
32.317368
0 -82.232788
32.318838
0 -82.261444
32.304282
0 -82.268544
32.299883
0 -82.279845
32.294182
0 -82.302764
32.293673
0 -82.323146
32.293382
0 -82.328747
32.294382
0 -82.333647
32.293782
0 -82.346147
32.291882
0 -82.354603
32.292475
0 -82.35499
32.296427
0 -82.355692
32.299082
0 -82.355275
32.300925
0 -82.355681
32.309306
0 -82.355488
32.310344
0 -82.356378
32.313494
0 -82.3576
32.314912
0 -82.358985
32.318805
0 -82.361272
32.320355
0 -82.36187
32.321271
0 -82.363546
32.321486
0 -82.36579
32.322808
0 -82.365805
32.324652
0 -82.367245
32.3262
0 -82.370427
32.327681
0 -82.372162
32.329302
0 -82.373218
32.330938
0 -82.375296
32.332189
0 -82.375598
32.333123
0 -82.378936
32.336902
0 -82.382845
32.336756
0 -82.384824
32.337612
0 -82.386606
32.337318
0 -82.391679
32.335276
0 -82.392972
32.335727
0 -82.394995
32.338298
0 -82.395866
32.341265
0 -82.397725
32.343988
0 -82.398436
32.344278
0 -82.400179
32.348362
0 -82.400025
32.349387
0 -82.40189
32.352348
0 -82.403256
32.35313
0 -82.404539
32.352457
0 -82.405347
32.353381
0 -82.409118
32.35383
0 -82.40913
32.353738
0 -82.417383
32.337334
0 -82.438987
32.29318
0 -82.439128
32.292607
0 -82.439602
32.273739
0 -82.440605
32.24156
0 -82.440826
32.230054
0 -82.440927
32.22598
0 -82.441124
32.217998
0 -82.442998
32.207455
0 -82.443595
32.204187
0 -82.443726
32.203466
0 -82.445998
32.191009
0 -82.453672
32.148348
0 -82.453689
32.148302
0 -82.463608
32.09041
0 -82.463786
32.089268
0 -82.466868
32.069299
0 -82.473776
32.025159
0 -82.480377
31.991893
0 