-96.857751
45.605962
0 -96.8569335806536
45.6052341881337
0 -96.853646
45.602307
0 -96.849444
45.598944
0 -96.8467743335511
45.5965569733845
0 -96.844334
45.594375
0 -96.843957
45.594003
0 -96.8411221030252
45.5913787372702
0 -96.835451
45.586129
0 -96.830677
45.586096
0 -96.823855
45.586058
0 -96.802827
45.586057
0 -96.761012
45.585975
0 -96.636225
45.585708
0 -96.617158
45.585502
0 -96.604468
45.585486
0 -96.597069
45.585726
0 -96.511022
45.58545
0 -96.493635
45.585455
0 -96.427945
45.585559
0 -96.42717
45.585446
0 -96.390796
45.585453
0 -96.38558
45.585446
0 -96.370156
45.585469
0 -96.303256
45.585218
0 -96.293176
45.585569
0 -96.261423
45.585456
0 -96.253026
45.585526
0 -96.253387
45.614596
0 -96.253452
45.621806
0 -96.253497
45.629131
0 -96.253627
45.637483
0 -96.253709
45.643664
0 -96.253995
45.672736
0 -96.254052
45.680175
0 -96.254057
45.687225
0 -96.254022
45.75982
0 -96.25399
45.84692
0 -96.25411
45.912165
0 -96.253675
45.934648
0 -96.256475
45.93465
0 -96.26616
45.93471
0 -96.26643
45.97786
0 -96.26614
46.02161
0 -96.28694
46.02163
0 -96.30767
46.02165
0 -96.38967
46.02156
0 -96.40858
46.02158
0 -96.53467
46.02194
0 -96.5765693887837
46.0218456562824
0 -96.574264
46.016545
0 -96.575869
46.007999
0 -96.574064
46.004434
0 -96.573605
46.002309
0 -96.572483
45.989577
0 -96.572384
45.980231
0 -96.57035
45.963595
0 -96.568292
45.95868
0 -96.565334
45.957326
0 -96.565431
45.953506
0 -96.564803
45.950349
0 -96.562135
45.947718
0 -96.561334
45.945655
0 -96.562525
45.937087
0 -96.563668275974
45.935245
0 -96.563672
45.935239
0 -96.564518
45.926256
0 -96.564317
45.921074
0 -96.564002
45.91956
0 -96.565412
45.918933
0 -96.566562
45.916931
0 -96.568858
45.917087
0 -96.569802
45.913661
0 -96.5698845819619
45.9133121772339
0 -96.570186
45.912039
0 -96.569314
45.911404
0 -96.567775
45.912112
0 -96.566611
45.911385
0 -96.565541
45.910883
0 -96.56442
45.909415
0 -96.566188
45.908663
0 -96.566376
45.906699
0 -96.5667599545505
45.9061368423285
0 -96.567268
45.905393
0 -96.568315
45.902902
0 -96.568053
45.898697
0 -96.568941
45.89525
0 -96.568281
45.891203
0 -96.568772
45.888072
0 -96.571354
45.886673
0 -96.572651
45.876474
0 -96.571871
45.871846
0 -96.574667
45.866816
0 -96.574417
45.86501
0 -96.572984
45.861602
0 -96.5742283585472
45.8465820322523
0 -96.574517
45.843098
0 -96.576544
45.839945
0 -96.577534
45.83793
0 -96.577484
45.833108
0 -96.57974
45.82582
0 -96.583085
45.820024
0 -96.5841807009359
45.8190455784307
0 -96.587093
45.816445
0 -96.593216
45.813873
0 -96.596704
45.811801
0 -96.601863
45.806343
0 -96.607621
45.79907
0 -96.612512
45.794442
0 -96.618195
45.791063
0 -96.625347
45.787924
0 -96.627778
45.786239
0 -96.629426
45.784211
0 -96.630512
45.781157
0 -96.636646
45.773702
0 -96.638726
45.770171
0 -96.6389449079695
45.7690819385585
0 -96.639685
45.7654
0 -96.641941
45.759871
0 -96.6421229398222
45.7596399355413
0 -96.652226
45.746809
0 -96.657460525126
45.7427062913783
0 -96.662595
45.738682
0 -96.6720159698817
45.732745011433
0 -96.672665
45.732336
0 -96.687224
45.725931
0 -96.6990149958388
45.7218073784243
0 -96.711157
45.717561
0 -96.745086
45.701576
0 -96.75035
45.698782
0 -96.757174
45.690957
0 -96.760866
45.687518
0 -96.7898546649608
45.6733792932898
0 -96.800156
45.668355
0 -96.82616
45.654164
0 -96.8267168532066
45.6536822429277
0 -96.827428
45.653067
0 -96.832659
45.651716
0 -96.835769
45.649648
0 -96.840746
45.645294
0 -96.844211
45.639583
0 -96.8483955300959
45.6281921556593
0 -96.8515764610358
45.6195332409508
0 -96.851621
45.619412
0 -96.852392
45.61484
0 -96.856657
45.609041
0 -96.857751
45.605962
0 