-100.15176
38.842325
0 -100.153823
38.697341
0 -100.118734
38.697129
0 -100.118235
38.697063
0 -100.061599
38.696481
0 -100.027076
38.696266
0 -99.968979
38.696367
0 -99.898701
38.696489
0 -99.806256
38.696599
0 -99.801067
38.697028
0 -99.784008
38.696928
0 -99.765053
38.696836
0 -99.763771
38.696552
0 -99.691242
38.696564
0 -99.658957
38.696465
0 -99.598323
38.696514
0 -99.597709
38.725429
0 -99.597359
38.734966
0 -99.59592
38.826931
0 -99.595456
38.870457
0 -99.595005
38.913939
0 -99.59497
38.935745
0 -99.594751
38.937247
0 -99.594728
38.950445
0 -99.594673
38.957361
0 -99.594492
38.971903
0 -99.593641
39.035026
0 -99.593517
39.035751
0 -99.592891
39.070274
0 -99.593081
39.073172
0 -99.592825
39.074455
0 -99.592139
39.113217
0 -99.591776
39.132357
0 -99.605187
39.132481
0 -99.717038
39.132276
0 -99.778002
39.132173
0 -99.791364
39.13215
0 -99.830864
39.132043
0 -99.831476
39.13186
0 -99.863599
39.132123
0 -99.906685
39.131904
0 -99.921855
39.13188
0 -99.961884
39.131909
0 -99.977691
39.132048
0 -100.008571
39.131828
0 -100.017603
39.13174
0 -100.032754
39.131751
0 -100.035694
39.131676
0 -100.054605
39.1319
0 -100.129353
39.131902
0 -100.14794
39.132179
0 -100.149306
39.001866
0 -100.149475
39.000001
0 -100.150114
38.958361
0 -100.151746
38.871064
0 -100.15176
38.842325
0 