-91.612853
44.173496
0 -91.612331
44.168809
0 -91.611714
44.167874
0 -91.607918
44.166998
0 -91.606338
44.165319
0 -91.607248
44.164502
0 -91.605722
44.16367
0 -91.602103
44.164589
0 -91.602006
44.163603
0 -91.598054
44.164377
0 -91.595667
44.163989
0 -91.595907
44.162142
0 -91.594865
44.160391
0 -91.592505
44.160436
0 -91.591283
44.158655
0 -91.589725
44.159938
0 -91.58875
44.158766
0 -91.589862
44.157652
0 -91.590792
44.155392
0 -91.589254
44.155006
0 -91.587928
44.15358
0 -91.586628
44.154736
0 -91.58244
44.152681
0 -91.578592
44.152499
0 -91.576582
44.15373
0 -91.576435
44.151652
0 -91.573924
44.14973
0 -91.573675
44.151458
0 -91.570764
44.152324
0 -91.570213
44.151478
0 -91.572559
44.149776
0 -91.571193
44.149113
0 -91.569799
44.149645
0 -91.567951
44.148315
0 -91.565664
44.14853
0 -91.563286
44.146072
0 -91.560706
44.144879
0 -91.558739
44.141605
0 -91.558968
44.14047
0 -91.557577
44.134029
0 -91.553152
44.131801
0 -91.552967
44.131552
0 -91.552625
44.129459
0 -91.552519
44.129379
0 -91.550684
44.127362
0 -91.548752
44.12439
0 -91.548814
44.123645
0 -91.551189
44.121288
0 -91.551338
44.119468
0 -91.552608
44.119312
0 -91.551412
44.117539
0 -91.551182
44.115825
0 -91.548145
44.112393
0 -91.547573
44.11093
0 -91.548653
44.107935
0 -91.545196
44.10584
0 -91.543631
44.104103
0 -91.539418
44.103812
0 -91.540817
44.101508
0 -91.535996
44.099495
0 -91.535901
44.098146
0 -91.534348
44.095854
0 -91.53645
44.092607
0 -91.536534
44.090859
0 -91.538609
44.090959
0 -91.540399
44.088211
0 -91.540823
44.085915
0 -91.543358
44.0817
0 -91.543028
44.078856
0 -91.54218
44.078294
0 -91.540105
44.078009
0 -91.541013
44.077141
0 -91.541833
44.077733
0 -91.541684
44.076173
0 -91.544419
44.076673
0 -91.548925
44.074173
0 -91.549816
44.0726
0 -91.549463
44.071377
0 -91.550114
44.067832
0 -91.555165
44.06518
0 -91.558276
44.062437
0 -91.55906
44.059835
0 -91.558339
44.05708
0 -91.559129
44.053084
0 -91.560707
44.051962
0 -91.564706
44.051595
0 -91.565994
44.050248
0 -91.567432
44.047379
0 -91.570788
44.044877
0 -91.571173
44.043241
0 -91.570775
44.040543
0 -91.571316
44.039149
0 -91.571157
44.037828
0 -91.568613
44.036187
0 -91.564397
44.034138
0 -91.56309
44.032577
0 -91.561484
44.031709
0 -91.556067
44.029741
0 -91.556043
44.028943
0 -91.559004
44.025315
0 -91.5530771228812
44.0237862655795
0 -91.547028
44.022226
0 -91.533778
44.021433
0 -91.524315
44.021433
0 -91.507121
44.01898
0 -91.502163
44.016856
0 -91.494988
44.012536
0 -91.48087
44.008145
0 -91.4802469556329
44.0081147933802
0 -91.4801950029061
44.0081122745928
0 -91.478498
44.00803
0 -91.468472
44.00948
0 -91.463515
44.009041
0 -91.457378
44.006301
0 -91.4510678080427
44.0045025840521
0 -91.4474803328185
44.0034801472229
0 -91.440536
44.001501
0 -91.43738
43.999962
0 -91.4353407223003
43.9986459984379
0 -91.432522
43.996827
0 -91.429878
43.993888
0 -91.42672
43.9885
0 -91.425681
43.985113
0 -91.4251879792514
43.9843219996781
0 -91.416296
43.984185
0 -91.412201
43.984177
0 -91.411235
43.984184
0 -91.410109
43.984209
0 -91.402169
43.984223
0 -91.322143
43.984462
0 -91.321493
43.986229
0 -91.322044
43.989462
0 -91.323234
43.990822
0 -91.327907
43.991249
0 -91.328941
43.992562
0 -91.32888
43.993913
0 -91.329964
43.995317
0 -91.328039
43.999911
0 -91.32899
44.001025
0 -91.335436
44.004847
0 -91.33807
44.007374
0 -91.338118
44.010389
0 -91.336888
44.01248
0 -91.337712
44.013569
0 -91.343234
44.014172
0 -91.344678
44.015779
0 -91.343774
44.017965
0 -91.341159
44.018303
0 -91.340092
44.02004
0 -91.340929
44.02283
0 -91.340463
44.024633
0 -91.338815
44.026988
0 -91.338328
44.028527
0 -91.340074
44.03329
0 -91.339639
44.035071
0 -91.337329
44.037499
0 -91.334111
44.037306
0 -91.332307
44.035774
0 -91.328386
44.036574
0 -91.327797
44.037811
0 -91.331414
44.040411
0 -91.332404
44.042267
0 -91.332075
44.043529
0 -91.330359
44.045181
0 -91.326906
44.046114
0 -91.325013
44.04743
0 -91.321886
44.048327
0 -91.318639
44.050821
0 -91.317021
44.053617
0 -91.316366
44.056674
0 -91.315434
44.058033
0 -91.312999
44.058178
0 -91.311167
44.061342
0 -91.309063
44.063762
0 -91.307478
44.064876
0 -91.304759
44.064914
0 -91.300734
44.064344
0 -91.295613
44.063277
0 -91.291082
44.061957
0 -91.286491
44.06055
0 -91.284199
44.060365
0 -91.281499
44.061526
0 -91.279726
44.063018
0 -91.276653
44.067028
0 -91.274829
44.06781
0 -91.27046
44.06862
0 -91.270079
44.070618
0 -91.267417
44.072266
0 -91.264538
44.071631
0 -91.262907
44.069724
0 -91.26157
44.06907
0 -91.258042
44.068895
0 -91.256653
44.068305
0 -91.255367
44.066684
0 -91.254526
44.064069
0 -91.252657
44.060782
0 -91.249108
44.058248
0 -91.247473
44.057513
0 -91.24205
44.056469
0 -91.240263
44.056557
0 -91.234402
44.058338
0 -91.231879
44.058316
0 -91.229439
44.057639
0 -91.226874
44.0556
0 -91.221891
44.053083
0 -91.220962
44.053127
0 -91.220952
44.055548
0 -91.220012
44.056563
0 -91.21652
44.05827
0 -91.215897
44.060183
0 -91.2172
44.063979
0 -91.21673
44.065067
0 -91.214473
44.066745
0 -91.211941
44.066943
0 -91.209543
44.067491
0 -91.208244
44.068607
0 -91.208274
44.072649
0 -91.207949
44.073882
0 -91.204487
44.074425
0 -91.201078
44.075392
0 -91.199409
44.077466
0 -91.199797
44.079819
0 -91.198844
44.082391
0 -91.199089
44.083553
0 -91.201303
44.085214
0 -91.200603
44.086616
0 -91.198215
44.08738
0 -91.195108
44.08629
0 -91.191787
44.087146
0 -91.189288
44.089792
0 -91.187692
44.090584
0 -91.18599
44.089255
0 -91.187365
44.086545
0 -91.186998
44.085308
0 -91.180408
44.084253
0 -91.177189
44.084814
0 -91.171802
44.088075
0 -91.168876
44.088405
0 -91.167943
44.08787
0 -91.168054
44.085232
0 -91.166426
44.082777
0 -91.164113
44.082554
0 -91.161162
44.082874
0 -91.15821
44.082595
0 -91.156049
44.08109
0 -91.151932
44.079665
0 -91.15198
44.095485
0 -91.152121
44.114528
0 -91.152492
44.158354
0 -91.152509
44.170618
0 -91.15268
44.208744
0 -91.152944
44.223281
0 -91.153563
44.247583
0 -91.165548
44.247445
0 -91.165936
44.2546
0 -91.166222
44.303753
0 -91.166004
44.33519
0 -91.165995
44.336183
0 -91.165937
44.349696
0 -91.165614
44.376261
0 -91.165602
44.378794
0 -91.164838
44.418754
0 -91.164768
44.422563
0 -91.164885
44.451545
0 -91.165055
44.473139
0 -91.165039
44.480195
0 -91.165467
44.496874
0 -91.165528
44.498472
0 -91.165993
44.509756
0 -91.166
44.509855
0 -91.165916
44.528032
0 -91.165696
44.550109
0 -91.165619
44.596987
0 -91.218185
44.597036
0 -91.286726
44.596796
0 -91.292353
44.596678
0 -91.337155
44.59608
0 -91.342992
44.595985
0 -91.405146
44.595967
0 -91.405415
44.596014
0 -91.407615
44.596014
0 -91.508518
44.596283
0 -91.508958
44.596313
0 -91.529101
44.596197
0 -91.528972
44.566909
0 -91.529039
44.566647
0 -91.528928
44.512964
0 -91.52892
44.509382
0 -91.529
44.494257
0 -91.529112
44.472357
0 -91.529107
44.461232
0 -91.529255
44.435088
0 -91.529214
44.432826
0 -91.529034
44.422101
0 -91.528951
44.374964
0 -91.528745
44.372909
0 -91.528952
44.345507
0 -91.529007
44.334512
0 -91.529037
44.328503
0 -91.529401
44.254063
0 -91.529741
44.246777
0 -91.532234
44.246775
0 -91.532239
44.245493
0 -91.536475
44.246763
0 -91.537589
44.246435
0 -91.536383
44.244766
0 -91.538455
44.243803
0 -91.538636
44.242101
0 -91.536764
44.241435
0 -91.534327
44.241484
0 -91.53524
44.239878
0 -91.537752
44.239993
0 -91.539754
44.238327
0 -91.5391
44.234938
0 -91.542401
44.233863
0 -91.545677
44.23432
0 -91.551474
44.231928
0 -91.551681
44.233779
0 -91.554761
44.228887
0 -91.556153
44.225426
0 -91.55712
44.224291
0 -91.56367
44.224407
0 -91.561442
44.22271
0 -91.564079
44.222921
0 -91.567962
44.22244
0 -91.567994
44.221023
0 -91.566191
44.219954
0 -91.570656
44.220569
0 -91.571607
44.219145
0 -91.573425
44.219184
0 -91.573383
44.220749
0 -91.574988
44.222611
0 -91.576611
44.220891
0 -91.578552
44.220596
0 -91.581601
44.221547
0 -91.582559
44.22014
0 -91.580924
44.219706
0 -91.580391
44.217988
0 -91.583635
44.21734
0 -91.584142
44.215671
0 -91.585986
44.215652
0 -91.587609
44.218117
0 -91.589071
44.217911
0 -91.591486
44.215601
0 -91.593227
44.215748
0 -91.593106
44.217254
0 -91.594315
44.216674
0 -91.594407
44.215261
0 -91.594918
44.214319
0 -91.597503
44.213603
0 -91.600956
44.211048
0 -91.601587
44.207745
0 -91.602853
44.205105
0 -91.602859
44.203959
0 -91.604892
44.201489
0 -91.608293
44.201188
0 -91.608517
44.200533
0 -91.606828
44.198779
0 -91.603821
44.197511
0 -91.603777
44.195931
0 -91.602417
44.194755
0 -91.599298
44.193707
0 -91.600563
44.192685
0 -91.598934
44.191946
0 -91.59936
44.190555
0 -91.598336
44.188539
0 -91.597223
44.187723
0 -91.597759
44.185646
0 -91.596466
44.184406
0 -91.5969
44.183587
0 -91.598682
44.183199
0 -91.598986
44.180767
0 -91.603224
44.179791
0 -91.604427
44.179144
0 -91.604881
44.177593
0 -91.609066
44.174598
0 -91.611743
44.174556
0 -91.612853
44.173496
0 