-82.747625
32.331021
0 -82.748732
32.32915
0 -82.746748
32.328418
0 -82.743979
32.329017
0 -82.743175
32.326976
0 -82.742323
32.326924
0 -82.742419
32.329889
0 -82.74101
32.330954
0 -82.739301
32.330692
0 -82.738716
32.32895
0 -82.739799
32.327121
0 -82.737378
32.324785
0 -82.736884
32.322619
0 -82.735992
32.322485
0 -82.734015
32.323824
0 -82.73291
32.323853
0 -82.73273
32.32058
0 -82.735452
32.321008
0 -82.735722
32.319569
0 -82.734649
32.318725
0 -82.732677
32.318344
0 -82.728781
32.315255
0 -82.726003
32.315897
0 -82.72515
32.315658
0 -82.725367
32.314662
0 -82.728051
32.312714
0 -82.730326
32.311949
0 -82.730015
32.310645
0 -82.727121
32.310091
0 -82.725963
32.308804
0 -82.724671
32.308901
0 -82.723554
32.3108
0 -82.722747
32.310812
0 -82.721964
32.309283
0 -82.720329
32.307938
0 -82.71987
32.305867
0 -82.718515
32.305495
0 -82.714689
32.305317
0 -82.713421
32.305951
0 -82.714981
32.309548
0 -82.71343
32.310242
0 -82.71258
32.309523
0 -82.710934
32.305815
0 -82.709255
32.304353
0 -82.706415
32.303272
0 -82.704974
32.301724
0 -82.705029
32.300839
0 -82.707501
32.300421
0 -82.708437
32.298631
0 -82.70648
32.298051
0 -82.702974
32.298924
0 -82.699462
32.297396
0 -82.698429
32.295965
0 -82.695707
32.295116
0 -82.69375
32.294587
0 -82.691322
32.295344
0 -82.686221
32.295623
0 -82.683034
32.295229
0 -82.679534
32.295842
0 -82.677236
32.295858
0 -82.675703
32.295276
0 -82.674916
32.293982
0 -82.673001
32.29363
0 -82.670715
32.294451
0 -82.666952
32.294787
0 -82.664291
32.296097
0 -82.663091
32.29777
0 -82.664605
32.299521
0 -82.667628
32.300235
0 -82.667663
32.302867
0 -82.668962
32.303919
0 -82.667786
32.30414
0 -82.664932
32.302853
0 -82.662072
32.300623
0 -82.659223
32.300767
0 -82.658707
32.302432
0 -82.657553
32.302698
0 -82.657061
32.302293
0 -82.656689
32.298369
0 -82.655486
32.297561
0 -82.656181
32.299934
0 -82.65581
32.301496
0 -82.65439
32.301788
0 -82.652911
32.303342
0 -82.651996
32.306019
0 -82.649863
32.307742
0 -82.649298
32.311132
0 -82.648483
32.311556
0 -82.545378
32.329773
0 -82.531351
32.332247
0 -82.40913
32.353738
0 -82.409118
32.35383
0 -82.410175
32.355578
0 -82.411169
32.358914
0 -82.411219
32.365059
0 -82.410575
32.366695
0 -82.407972
32.371221
0 -82.405526
32.377378
0 -82.401923
32.380645
0 -82.396564
32.386961
0 -82.394285
32.391762
0 -82.393423
32.399526
0 -82.394316
32.411516
0 -82.394227
32.412619
0 -82.392635
32.417255
0 -82.390728
32.421404
0 -82.389051
32.4261
0 -82.38194
32.440596
0 -82.384425
32.439978
0 -82.386106
32.44037
0 -82.389962
32.442725
0 -82.390777
32.443883
0 -82.389864
32.444814
0 -82.39182
32.445566
0 -82.392197
32.448027
0 -82.39487
32.449334
0 -82.395772
32.448977
0 -82.398031
32.451878
0 -82.399399
32.451355
0 -82.402046
32.452894
0 -82.404088
32.452728
0 -82.405082
32.453462
0 -82.40672
32.454078
0 -82.409262
32.454214
0 -82.412284
32.455698
0 -82.414362
32.455455
0 -82.420161
32.457093
0 -82.422594
32.458663
0 -82.423406
32.460502
0 -82.42515
32.462283
0 -82.429054
32.465218
0 -82.432205
32.466019
0 -82.434014
32.467602
0 -82.438899
32.468625
0 -82.44154
32.470773
0 -82.443282
32.471018
0 -82.44619
32.470443
0 -82.447628
32.471314
0 -82.449946
32.474549
0 -82.457314
32.475323
0 -82.459673
32.476602
0 -82.461048
32.478326
0 -82.463895
32.478582
0 -82.464712
32.479976
0 -82.467667
32.481541
0 -82.468636
32.482659
0 -82.46935
32.482318
0 -82.470371
32.483521
0 -82.472006
32.483734
0 -82.471537
32.485314
0 -82.473503
32.485796
0 -82.474792
32.4872
0 -82.47394
32.488377
0 -82.475413
32.48941
0 -82.476657
32.489514
0 -82.479244
32.490724
0 -82.479939
32.490391
0 -82.481033
32.491504
0 -82.482798
32.49212
0 -82.485323
32.492223
0 -82.485687
32.491602
0 -82.488053
32.491588
0 -82.48929
32.492061
0 -82.490662
32.495382
0 -82.490524
32.496273
0 -82.493047
32.496156
0 -82.49405
32.49588
0 -82.497134
32.497819
0 -82.499971
32.498378
0 -82.504328
32.497897
0 -82.507368
32.498162
0 -82.511079
32.498859
0 -82.517486
32.499592
0 -82.520642
32.498842
0 -82.527034
32.497729
0 -82.534524
32.497158
0 -82.539346
32.498572
0 -82.541754
32.498388
0 -82.547925
32.498911
0 -82.555116
32.50076
0 -82.55742
32.501753
0 -82.562768
32.505425
0 -82.568215
32.505899
0 -82.577505
32.506525
0 -82.585996
32.506686
0 -82.592875
32.506197
0 -82.599554
32.505528
0 -82.607142
32.505544
0 -82.618649
32.504966
0 -82.622476
32.506234
0 -82.625167
32.506785
0 -82.632687
32.507392
0 -82.641209
32.509585
0 -82.647733
32.512507
0 -82.657142
32.507088
0 -82.654191
32.506082
0 -82.653221
32.503673
0 -82.649551
32.500633
0 -82.646673
32.499135
0 -82.645017
32.49908
0 -82.639212
32.495918
0 -82.636304
32.495713
0 -82.635546
32.496059
0 -82.633126
32.491037
0 -82.640888
32.485169
0 -82.642367
32.481994
0 -82.645554
32.473391
0 -82.646923
32.468915
0 -82.64858
32.467238
0 -82.657665
32.462944
0 -82.663181
32.460061
0 -82.665192
32.461227
0 -82.667168
32.461376
0 -82.669868
32.460929
0 -82.672854
32.462668
0 -82.674977
32.46148
0 -82.676273
32.462226
0 -82.678417
32.461126
0 -82.681164
32.460652
0 -82.683292
32.460963
0 -82.685977
32.460292
0 -82.688897
32.457864
0 -82.688924
32.456559
0 -82.689896
32.45459
0 -82.691972
32.453682
0 -82.693958
32.454146
0 -82.694557
32.453255
0 -82.695007
32.451797
0 -82.694618
32.45037
0 -82.692194
32.447228
0 -82.690535
32.445594
0 -82.690338
32.443798
0 -82.694051
32.440888
0 -82.696114
32.437233
0 -82.69883
32.436025
0 -82.700522
32.433949
0 -82.702163
32.431617
0 -82.700562
32.429782
0 -82.701585
32.428038
0 -82.700192
32.426077
0 -82.700523
32.424028
0 -82.698983
32.420128
0 -82.697166
32.417484
0 -82.699196
32.415874
0 -82.700065
32.414186
0 -82.699055
32.413013
0 -82.699509
32.411184
0 -82.697498
32.408997
0 -82.697444
32.408302
0 -82.697617
32.407173
0 -82.699379
32.406196
0 -82.701057
32.404133
0 -82.700928
32.402077
0 -82.702179
32.398806
0 -82.702888
32.397872
0 -82.705544
32.396633
0 -82.706927
32.393942
0 -82.710218
32.39217
0 -82.712809
32.391396
0 -82.715313
32.393073
0 -82.716247
32.392578
0 -82.716324
32.389373
0 -82.71516
32.386795
0 -82.715872
32.384707
0 -82.71665
32.384242
0 -82.716797
32.382191
0 -82.717947
32.380971
0 -82.718905
32.37838
0 -82.72043
32.376603
0 -82.720334
32.375937
0 -82.716883
32.373047
0 -82.717693
32.371889
0 -82.721453
32.370435
0 -82.722883
32.370432
0 -82.722512
32.368408
0 -82.723404
32.365765
0 -82.722641
32.364078
0 -82.724422
32.363576
0 -82.724903
32.362312
0 -82.726361
32.361839
0 -82.729334
32.363121
0 -82.730786
32.362681
0 -82.730582
32.361755
0 -82.7286
32.361024
0 -82.728147
32.359411
0 -82.731005
32.358415
0 -82.73174
32.356511
0 -82.729534
32.356892
0 -82.727858
32.356156
0 -82.727736
32.354779
0 -82.729145
32.351866
0 -82.731482
32.348218
0 -82.733838
32.342073
0 -82.735682
32.339436
0 -82.737137
32.33803
0 -82.739298
32.337553
0 -82.742316
32.33847
0 -82.742289
32.341718
0 -82.744493
32.341256
0 -82.745495
32.336804
0 -82.744424
32.335954
0 -82.742438
32.335617
0 -82.74189
32.333897
0 -82.74504
32.333233
0 -82.745813
32.331981
0 -82.747625
32.331021
0 