-85.456978
38.689135
0 -85.456481
38.685069
0 -85.455486
38.68209
0 -85.4544365482075
38.6809091577478
0 -85.444815
38.670083
0 -85.438742
38.659319
0 -85.4383763560022
38.6555238046803
0 -85.437738
38.648898
0 -85.4380542158849
38.645858650576
0 -85.439458
38.632366
0 -85.439351
38.610388
0 -85.438594
38.605405
0 -85.437446
38.601724
0 -85.43617
38.598292
0 -85.4339783861822
38.5949637396593
0 -85.4282903713984
38.5863257242075
0 -85.419883
38.573558
0 -85.415821
38.563558
0 -85.4157727059071
38.5628417695737
0 -85.415272
38.555416
0 -85.4156
38.546341
0 -85.417322
38.540763
0 -85.423077
38.531581
0 -85.425787
38.52873
0 -85.4329160541297
38.5240581365235
0 -85.428459
38.519347
0 -85.425932
38.519754
0 -85.422288
38.520899
0 -85.419254
38.519376
0 -85.413195
38.517884
0 -85.406658
38.518588
0 -85.405522
38.518915
0 -85.403539
38.518158
0 -85.401848
38.518653
0 -85.398265
38.517699
0 -85.395474
38.518066
0 -85.393678
38.516987
0 -85.392545
38.51703
0 -85.390768
38.515645
0 -85.386979
38.516424
0 -85.385175
38.517492
0 -85.378743
38.518822
0 -85.377277
38.516666
0 -85.372843
38.515041
0 -85.371852
38.511779
0 -85.370973
38.510735
0 -85.365098
38.507535
0 -85.356556
38.509713
0 -85.351216
38.508994
0 -85.34727
38.507222
0 -85.342986
38.505611
0 -85.338897
38.502806
0 -85.336868
38.502867
0 -85.332841
38.501913
0 -85.329079
38.501404
0 -85.326227
38.500642
0 -85.323767
38.500824
0 -85.320583
38.498525
0 -85.315592
38.495926
0 -85.314569
38.494578
0 -85.314006
38.492592
0 -85.312774
38.494047
0 -85.312185
38.49708
0 -85.309846
38.499366
0 -85.308104
38.499306
0 -85.305467
38.497523
0 -85.301995
38.497842
0 -85.298708
38.497083
0 -85.294847
38.497919
0 -85.288928
38.498125
0 -85.285776
38.496899
0 -85.279627
38.496268
0 -85.273364
38.500061
0 -85.24994
38.52407
0 -85.247716
38.52611
0 -85.19384
38.5668
0 -85.16827
38.585448
0 -85.211375
38.580216
0 -85.212828
38.582325
0 -85.21497
38.583928
0 -85.215832
38.585191
0 -85.215818
38.586795
0 -85.217826
38.589835
0 -85.217189
38.592456
0 -85.218541
38.594586
0 -85.218866
38.596024
0 -85.217176
38.598538
0 -85.215035
38.599916
0 -85.213982
38.601346
0 -85.214219
38.602656
0 -85.214741
38.603935
0 -85.216512
38.605561
0 -85.219534
38.607351
0 -85.219387
38.610068
0 -85.221019
38.612164
0 -85.223734
38.613921
0 -85.226655
38.615078
0 -85.228228
38.616931
0 -85.230257
38.617818
0 -85.2313
38.620574
0 -85.230471
38.622849
0 -85.230269
38.625009
0 -85.229151
38.627205
0 -85.258914
38.656316
0 -85.305781
38.702447
0 -85.329683
38.725817
0 -85.3330518594667
38.7360828292115
0 -85.3371998456857
38.7349332000721
0 -85.340953
38.733893
0 -85.3513294990135
38.7317310296336
0 -85.351776
38.731638
0 -85.3633411161261
38.7305238103209
0 -85.363827
38.730477
0 -85.3699855389879
38.7305490935745
0 -85.3699965224083
38.7305492221495
0 -85.372284
38.730576
0 -85.3843402755237
38.7328866044235
0 -85.3974773805461
38.7354043515435
0 -85.400481
38.73598
0 -85.410925
38.73708
0 -85.416631
38.736272
0 -85.422021
38.734834
0 -85.434065
38.729455
0 -85.437766
38.726405
0 -85.442271
38.71985
0 -85.4431495122173
38.7189860163567
0 -85.448862
38.713368
0 -85.452114
38.709348
0 -85.4522758124144
38.7087729422813
0 -85.455967
38.695655
0 -85.4563401643848
38.693248440367
0 -85.456978
38.689135
0 