-95.434781
31.058098
0 -95.434424
30.940931
0 -95.434397
30.940061
0 -95.434339
30.937755
0 -95.434335
30.937405
0 -95.432673
30.937144
0 -95.428901
30.937572
0 -95.424844
30.937345
0 -95.421074
30.936433
0 -95.414992
30.933591
0 -95.410825
30.930353
0 -95.410087
30.929259
0 -95.410077
30.927695
0 -95.413228
30.921363
0 -95.413995
30.918058
0 -95.410927
30.913735
0 -95.411267
30.911533
0 -95.415153
30.909572
0 -95.415504
30.907862
0 -95.412908
30.906481
0 -95.408618
30.906845
0 -95.406236
30.90622
0 -95.406545
30.904058
0 -95.406241
30.901407
0 -95.404737
30.898062
0 -95.400918
30.894096
0 -95.398108
30.891939
0 -95.392401
30.890447
0 -95.389524
30.889161
0 -95.385906
30.889282
0 -95.384014
30.888672
0 -95.381253
30.887062
0 -95.380232
30.880079
0 -95.381351
30.879303
0 -95.386403
30.878667
0 -95.392493
30.880064
0 -95.396067
30.882768
0 -95.397175
30.883244
0 -95.398763
30.882261
0 -95.399581
30.88066
0 -95.398635
30.879846
0 -95.395446
30.879082
0 -95.392199
30.877389
0 -95.391567
30.875965
0 -95.392106
30.874141
0 -95.394325
30.872342
0 -95.397312
30.869099
0 -95.398375
30.867184
0 -95.398984
30.864651
0 -95.398748
30.86112
0 -95.398442
30.859934
0 -95.398351
30.859651
0 -95.396697
30.857706
0 -95.388628
30.855907
0 -95.385343
30.853659
0 -95.383279
30.852961
0 -95.382435
30.85377
0 -95.378097
30.855134
0 -95.375218
30.855724
0 -95.371364
30.856119
0 -95.367839
30.855648
0 -95.363639
30.854672
0 -95.35587
30.855754
0 -95.352072
30.856951
0 -95.349748
30.860452
0 -95.351061
30.86568
0 -95.350247
30.86855
0 -95.348608
30.870029
0 -95.345335
30.875335
0 -95.342477
30.875647
0 -95.338757
30.873546
0 -95.336919
30.871621
0 -95.334933
30.86768
0 -95.332923
30.864491
0 -95.331052
30.860961
0 -95.328852
30.859312
0 -95.327482
30.859537
0 -95.325307
30.860683
0 -95.324104
30.861893
0 -95.32322
30.865441
0 -95.321411
30.8678
0 -95.317242
30.869465
0 -95.315044
30.871149
0 -95.313903
30.873101
0 -95.314804
30.875938
0 -95.316698
30.878841
0 -95.316299
30.880747
0 -95.312386
30.883903
0 -95.311267
30.88582
0 -95.310731
30.88838
0 -95.310857
30.890703
0 -95.311734
30.892143
0 -95.313217
30.893241
0 -95.314322
30.89535
0 -95.312898
30.897873
0 -95.307383
30.900488
0 -95.300826
30.902308
0 -95.298445
30.902601
0 -95.289242
30.902845
0 -95.285593
30.901811
0 -95.280181
30.901294
0 -95.276563
30.902721
0 -95.272299
30.903861
0 -95.265822
30.905033
0 -95.254896
30.906545
0 -95.252385
30.906719
0 -95.249611
30.906038
0 -95.24628
30.904013
0 -95.241742
30.898423
0 -95.240731
30.896745
0 -95.238027
30.893905
0 -95.233892
30.890258
0 -95.230777
30.887007
0 -95.231936
30.884441
0 -95.23618
30.876848
0 -95.237739
30.873601
0 -95.239506
30.870857
0 -95.241373
30.86909
0 -95.243097
30.866856
0 -95.243054
30.866008
0 -95.242101
30.864518
0 -95.239088
30.862205
0 -95.236261
30.858438
0 -95.235843
30.857301
0 -95.235911
30.854693
0 -95.233324
30.845709
0 -95.232092
30.842816
0 -95.230989
30.841149
0 -95.222899
30.83632
0 -95.216559
30.83372
0 -95.213716
30.833208
0 -95.209287
30.832809
0 -95.207641
30.832379
0 -95.204574
30.83017
0 -95.203399
30.828898
0 -95.201128
30.825378
0 -95.20018
30.824566
0 -95.11427
30.896881
0 -95.093466
30.914278
0 -95.087365
30.919381
0 -95.061113
30.941302
0 -95.006275
30.987219
0 -94.939245
31.041981
0 -94.842947
31.146578
0 -94.843271
31.148709
0 -94.845301
31.149162
0 -94.845893
31.147882
0 -94.847732
31.149336
0 -94.849963
31.149039
0 -94.851474
31.147844
0 -94.852208
31.148022
0 -94.852846
31.149926
0 -94.856263
31.150079
0 -94.85605
31.153113
0 -94.855345
31.154394
0 -94.853231
31.154033
0 -94.849959
31.154883
0 -94.850741
31.15733
0 -94.849849
31.159654
0 -94.850859
31.161113
0 -94.850952
31.163158
0 -94.852438
31.163583
0 -94.853894
31.166635
0 -94.853589
31.169516
0 -94.85514
31.172636
0 -94.854138
31.173711
0 -94.852267
31.172124
0 -94.850131
31.171141
0 -94.851462
31.173021
0 -94.851234
31.174542
0 -94.852109
31.17608
0 -94.852128
31.178112
0 -94.85041
31.177899
0 -94.850074
31.178553
0 -94.851642
31.181715
0 -94.851793
31.183011
0 -94.854416
31.184973
0 -94.853138
31.185803
0 -94.853636
31.188801
0 -94.854261
31.189623
0 -94.857697
31.190251
0 -94.858708
31.192324
0 -94.860659
31.195089
0 -94.860392
31.195952
0 -94.858534
31.195266
0 -94.859574
31.198603
0 -94.862887
31.200992
0 -94.861689
31.202895
0 -94.863397
31.203198
0 -94.864465
31.205459
0 -94.864741
31.207326
0 -94.86636
31.208672
0 -94.865248
31.210573
0 -94.862661
31.210911
0 -94.865744
31.212067
0 -94.861404
31.212786
0 -94.863192
31.214073
0 -94.863963
31.215312
0 -94.863322
31.21676
0 -94.861748
31.216901
0 -94.859471
31.21597
0 -94.858972
31.218533
0 -94.859381
31.219051
0 -94.861046
31.218196
0 -94.862903
31.219866
0 -94.858372
31.220476
0 -94.859151
31.221582
0 -94.861849
31.222234
0 -94.863281
31.22317
0 -94.862549
31.224584
0 -94.86465
31.22565
0 -94.86306
31.22663
0 -94.863397
31.229732
0 -94.864456
31.23214
0 -94.862679
31.23236
0 -94.861169
31.232746
0 -94.860436
31.234495
0 -94.862003
31.23529
0 -94.863413
31.235074
0 -94.865245
31.237519
0 -94.866952
31.238793
0 -94.867806
31.240306
0 -94.868137
31.243625
0 -94.868985
31.244842
0 -94.86995
31.244884
0 -94.87101
31.243676
0 -94.872761
31.245401
0 -94.874
31.247384
0 -94.874546
31.249647
0 -94.875719
31.25046
0 -94.875847
31.248838
0 -94.878994
31.248764
0 -94.880107
31.247519
0 -94.882742
31.248821
0 -94.882221
31.250214
0 -94.88406
31.255301
0 -94.885487
31.255737
0 -94.885771
31.25487
0 -94.888655
31.255488
0 -94.889823
31.2553
0 -94.890912
31.253848
0 -94.892652
31.254415
0 -94.892563
31.255172
0 -94.894533
31.25603
0 -94.894557
31.2569
0 -94.897578
31.257834
0 -94.897319
31.260052
0 -94.898213
31.261574
0 -94.896153
31.262622
0 -94.897499
31.264288
0 -94.892399
31.268097
0 -94.891025
31.26966
0 -94.890432
31.271824
0 -94.887995
31.276501
0 -94.883694
31.277657
0 -94.882737
31.278192
0 -94.879991
31.281397
0 -94.87845
31.281567
0 -94.876713
31.283394
0 -94.877496
31.285076
0 -94.877813
31.287382
0 -94.880167
31.289491
0 -94.881256
31.289204
0 -94.88217
31.287791
0 -94.883524
31.287207
0 -94.883948
31.288856
0 -94.884041
31.290627
0 -94.886087
31.295571
0 -94.888126
31.294396
0 -94.887965
31.292342
0 -94.888633
31.292169
0 -94.889924
31.293637
0 -94.889478
31.294701
0 -94.890478
31.296067
0 -94.891266
31.295407
0 -94.891068
31.293267
0 -94.892655
31.291785
0 -94.894179
31.291584
0 -94.894632
31.294081
0 -94.896522
31.296074
0 -94.895064
31.296715
0 -94.894597
31.299279
0 -94.896707
31.300922
0 -94.895984
31.301632
0 -94.897712
31.302676
0 -94.898273
31.304696
0 -94.897462
31.306497
0 -94.900955
31.311742
0 -94.900344
31.312582
0 -94.901546
31.313256
0 -94.900612
31.314014
0 -94.899986
31.315725
0 -94.896591
31.319091
0 -94.898046
31.319781
0 -94.898448
31.321036
0 -94.89703
31.323423
0 -94.8985
31.324069
0 -94.899017
31.326972
0 -94.903407
31.328999
0 -94.903457
31.33
0 -94.901813
31.331631
0 -94.903088
31.331178
0 -94.905185
31.332833
0 -94.906936
31.332036
0 -94.908339
31.333287
0 -94.909258
31.336804
0 -94.910873
31.336029
0 -94.911933
31.337385
0 -94.915674
31.337715
0 -94.917635
31.339515
0 -94.917928
31.338717
0 -94.91635
31.336559
0 -94.917893
31.336068
0 -94.918945
31.337575
0 -94.921317
31.33736
0 -94.925808
31.339653
0 -94.930017
31.34049
0 -94.929602
31.338202
0 -94.932249
31.338363
0 -94.93214
31.339682
0 -94.935447
31.341803
0 -94.937273
31.341549
0 -94.939803
31.34291
0 -94.940334
31.340469
0 -94.94259
31.341762
0 -94.944481
31.338225
0 -94.945152
31.338631
0 -94.945179
31.34057
0 -94.947077
31.340701
0 -94.947587
31.338589
0 -94.949254
31.339901
0 -94.952745
31.341057
0 -94.954605
31.342315
0 -94.953605
31.343683
0 -94.954471
31.344092
0 -94.95782
31.342847
0 -94.958001
31.344218
0 -94.95493
31.345731
0 -94.956392
31.347869
0 -94.955279
31.349671
0 -94.956682
31.350272
0 -94.958852
31.34886
0 -94.961417
31.34916
0 -94.961363
31.352511
0 -94.960067
31.353799
0 -94.958972
31.352769
0 -94.957302
31.352901
0 -94.957358
31.354124
0 -94.958646
31.355478
0 -94.957797
31.356864
0 -94.956879
31.356462
0 -94.957875
31.35564
0 -94.955912
31.354899
0 -94.955732
31.356151
0 -94.952711
31.358174
0 -94.950603
31.358126
0 -94.949802
31.359822
0 -94.950612
31.360555
0 -94.952675
31.35915
0 -94.953484
31.361344
0 -94.956004
31.361402
0 -94.954718
31.363284
0 -94.955715
31.364058
0 -94.957114
31.362778
0 -94.958192
31.362956
0 -94.959003
31.364956
0 -94.958798
31.366058
0 -94.956741
31.366967
0 -94.957522
31.36902
0 -94.956026
31.370621
0 -94.956391
31.372503
0 -94.955421
31.373308
0 -94.957031
31.374478
0 -94.95753
31.37588
0 -94.957308
31.379136
0 -94.956362
31.378858
0 -94.955111
31.380774
0 -94.952086
31.379704
0 -94.950442
31.37998
0 -94.949645
31.38103
0 -94.95025
31.382214
0 -94.952274
31.382379
0 -94.953557
31.3847
0 -94.955639
31.384618
0 -94.95748
31.385494
0 -94.957015
31.386556
0 -94.95811
31.38693
0 -95.008863
31.351027
0 -95.022545
31.341602
0 -95.115589
31.277521
0 -95.125214
31.270876
0 -95.140463
31.26019
0 -95.142626
31.258911
0 -95.152727
31.251465
0 -95.155277
31.250182
0 -95.165139
31.243428
0 -95.205967
31.215476
0 -95.230221
31.198871
0 -95.248168
31.186591
0 -95.264013
31.17572
0 -95.311937
31.142701
0 -95.37464
31.099683
0 -95.375219
31.099124
0 -95.394045
31.086095
0 -95.434781
31.058098
0 