-100.230908
43.499895
0 -100.230991
43.477981
0 -100.216857
43.477956
0 -100.214433
43.477332
0 -100.214088
43.43043
0 -100.214221
43.390321
0 -100.214221
43.386192
0 -100.214222
43.343552
0 -100.214073
43.342295
0 -100.214128
43.277687
0 -100.21395
43.276803
0 -100.21407
43.256564
0 -100.213865
43.184074
0 -100.213815
43.183958
0 -100.213871
43.169379
0 -100.213877
43.164893
0 -100.21385
43.128388
0 -100.198784
43.128528
0 -100.198532
43.082915
0 -100.198374
43.045919
0 -100.198412688285
42.9985420503464
0 -100.198412036875
42.9985420518853
0 -100.126911
42.9987109645643
0 -100.126896
42.998711
0 -100.126427
42.99871
0 -100.119297
42.998689
0 -100.034389
42.998425
0 -100.027815
42.998424
0 -100.008473226868
42.998397157397
0 -100.004757
42.998392
0 -99.9629841148533
42.9983373297258
0 -99.961204
42.998335
0 -99.950921
42.998291
0 -99.950411
42.998286
0 -99.927645
42.998113
0 -99.918401
42.998057
0 -99.8896539998636
42.9980831310683
0 -99.877697
42.998094
0 -99.869885
42.998094
0 -99.859945
42.997962
0 -99.8507907865171
42.9981550995779
0 -99.850037
42.998171
0 -99.8499462834988
42.998170433203
0 -99.821868
42.997995
0 -99.809373
42.998178
0 -99.803328
42.998064
0 -99.800306
42.997972
0 -99.788247
42.998016
0 -99.7708180027238
42.9981123220962
0 -99.768524
42.998125
0 -99.743138
42.997912
0 -99.726788
42.997892
0 -99.719177
42.997899
0 -99.701446
42.997994
0 -99.699234
42.99788
0 -99.6700150326143
42.9979058561005
0 -99.652422036981
42.9979214242845
0 -99.569277
42.997995
0 -99.535375
42.998038
0 -99.5340492772214
42.9980405812359
0 -99.534105
43.020281
0 -99.534905
43.023607
0 -99.534093
43.02536
0 -99.534095
43.044093
0 -99.534102
43.053049
0 -99.534077
43.080887
0 -99.533756
43.081497
0 -99.533922
43.081943
0 -99.53405
43.12546
0 -99.533965
43.127395
0 -99.53403
43.132758
0 -99.533984
43.168918
0 -99.533937
43.255661
0 -99.53392
43.342424
0 -99.533919
43.34259
0 -99.533855
43.385835
0 -99.533859
43.392796
0 -99.533863
43.400257
0 -99.533874
43.40771
0 -99.533907
43.42185
0 -99.533931
43.429167
0 -99.533931
43.436363
0 -99.533903
43.443529
0 -99.534482
43.499648
0 -99.564076
43.499862
0 -99.583177
43.499869
0 -99.623578
43.499859
0 -99.623443
43.572265
0 -99.623416
43.58674
0 -99.62344
43.629946
0 -99.623537
43.659039
0 -99.62365
43.666521
0 -99.623749
43.673034
0 -99.623414
43.673685
0 -99.623587
43.742414
0 -99.623622
43.742354
0 -99.625217
43.740851
0 -99.626883
43.740281
0 -99.63112
43.737166
0 -99.636032
43.735478
0 -99.640882
43.73556
0 -99.643476
43.737799
0 -99.643564
43.738507
0 -99.641921
43.742613
0 -99.642125
43.745605
0 -99.641209
43.749307
0 -99.641507
43.752777
0 -99.64375
43.758848
0 -99.645237
43.760137
0 -99.647486
43.76083
0 -99.653301
43.764069
0 -99.655832
43.765787
0 -99.659032
43.766564
0 -99.661702
43.76648
0 -99.663532
43.765598
0 -99.664256
43.765286
0 -99.665726
43.764877
0 -99.666848
43.7643
0 -99.667142
43.764019
0 -99.66744
43.763456
0 -99.667346
43.76289
0 -99.667531
43.761672
0 -99.664942
43.755356
0 -99.664982
43.75221
0 -99.664548
43.7517
0 -99.664345
43.750883
0 -99.663734
43.749962
0 -99.663657
43.749917
0 -99.6635
43.749058
0 -99.663704
43.748067
0 -99.663818
43.745232
0 -99.663309
43.743425
0 -99.662283
43.74261
0 -99.662152
43.736082
0 -99.664456
43.733004
0 -99.668239
43.729896
0 -99.67359
43.728141
0 -99.675405
43.727922
0 -99.680177
43.728108
0 -99.684349
43.727795
0 -99.686944
43.728755
0 -99.689496
43.730861
0 -99.690677
43.733064
0 -99.690241
43.735911
0 -99.688835
43.738569
0 -99.687114
43.740042
0 -99.683005
43.744923
0 -99.680977
43.749353
0 -99.681802
43.750773
0 -99.681961
43.753106
0 -99.68361
43.755747
0 -99.686351
43.758283
0 -99.69118
43.760347
0 -99.69333
43.760486
0 -99.695964
43.759309
0 -99.69834
43.757211
0 -99.700472
43.753489
0 -99.702333
43.752042
0 -99.704925
43.75115
0 -99.707065
43.749311
0 -99.708796
43.745875
0 -99.709265
43.743261
0 -99.710441
43.74195
0 -99.709781
43.737239
0 -99.710697
43.733542
0 -99.71352
43.731366
0 -99.714592
43.729626
0 -99.716741
43.728573
0 -99.720987
43.725766
0 -99.723643
43.721861
0 -99.727604
43.719412
0 -99.729978
43.718827
0 -99.733776
43.719424
0 -99.736452
43.72067
0 -99.739707
43.72275
0 -99.73998
43.724735
0 -99.738706
43.725076
0 -99.736156
43.731992
0 -99.736342
43.734431
0 -99.736436
43.735421
0 -99.738265
43.737291
0 -99.739826
43.741411
0 -99.739234
43.744036
0 -99.74043
43.747245
0 -99.743346
43.748416
0 -99.745959
43.748756
0 -99.75061
43.747678
0 -99.758708
43.742479
0 -99.760364
43.741056
0 -99.76207
43.73959
0 -99.763791
43.736694
0 -99.76311
43.729847
0 -99.762419
43.728679
0 -99.758812
43.726684
0 -99.757804
43.72613
0 -99.757258
43.725246
0 -99.75692
43.720927
0 -99.75572
43.719159
0 -99.754333
43.717974
0 -99.748809
43.715973
0 -99.745234
43.712486
0 -99.745836
43.710295
0 -99.750921
43.710425
0 -99.757729
43.70864
0 -99.763167
43.710284
0 -99.769076
43.712965
0 -99.771705
43.71336
0 -99.776308
43.710846
0 -99.780824
43.709768
0 -99.783866
43.709699
0 -99.790199
43.710637
0 -99.793734
43.711505
0 -99.796675
43.711658
0 -99.798603
43.711643
0 -99.799547
43.708923
0 -99.799372
43.707897
0 -99.79898
43.706637
0 -99.798094
43.70378
0 -99.799749
43.701966
0 -99.802096
43.700588
0 -99.811751
43.698865
0 -99.815649
43.697077
0 -99.822712
43.694766
0 -99.824603
43.693956
0 -99.82549
43.69378
0 -99.828005
43.692875
0 -99.832565
43.691056
0 -99.837825
43.689071
0 -99.841388
43.689041
0 -99.843439
43.692041
0 -99.845534
43.693492
0 -99.846922
43.695571
0 -99.849649
43.698086
0 -99.853021
43.700599
0 -99.856572
43.701333
0 -99.859706
43.701228
0 -99.861225
43.700622
0 -99.861941
43.699264
0 -99.860663
43.697971
0 -99.858426
43.697363
0 -99.85369
43.693716
0 -99.851702
43.691436
0 -99.851006
43.68996
0 -99.851226
43.688405
0 -99.85381
43.688043
0 -99.85566
43.690055
0 -99.858475
43.691562
0 -99.861979
43.691956
0 -99.866677
43.691651
0 -99.872749
43.688319
0 -99.868258
43.686682
0 -99.862911
43.684046
0 -99.86205
43.682865
0 -99.862078
43.678915
0 -99.866957
43.67305
0 -99.870644
43.670745
0 -99.871741
43.670737
0 -99.875291
43.673439
0 -99.878735
43.674053
0 -99.884424
43.677159
0 -99.887793
43.676929
0 -99.889304
43.678183
0 -99.888207
43.680692
0 -99.885489
43.68338
0 -99.885041
43.684757
0 -99.885093
43.685868
0 -99.885908
43.687026
0 -99.887653
43.688261
0 -99.891273
43.691341
0 -99.891994
43.69584
0 -99.893559
43.698501
0 -99.898224
43.700812
0 -99.901954
43.700494
0 -99.903183
43.700069
0 -99.906058
43.697745
0 -99.907721
43.696481
0 -99.914921
43.693155
0 -99.919942
43.689843
0 -99.925409
43.686765
0 -99.930342
43.686495
0 -99.931771
43.687443
0 -99.932193
43.688215
0 -99.93172
43.691607
0 -99.932323
43.692906
0 -99.934292
43.695503
0 -99.936055
43.695937
0 -99.945203
43.697034
0 -99.947074
43.697648
0 -99.954975
43.698173
0 -99.955663
43.697247
0 -99.954857
43.695793
0 -99.954925
43.69392
0 -99.956685
43.691465
0 -99.961952
43.688608
0 -99.964811
43.688943
0 -99.965638
43.691315
0 -99.967242
43.6924
0 -99.970567
43.693205
0 -99.973773
43.693151
0 -99.975164
43.692262
0 -99.976188
43.68897
0 -99.977558
43.687861
0 -99.981349
43.687126
0 -99.982531
43.68769
0 -99.985298
43.693756
0 -99.986207
43.694783
0 -99.99044
43.698235
0 -99.994005
43.700281
0 -99.998038
43.701972
0 -99.9989
43.701849
0 -99.999939
43.699968
0 -99.998984
43.696947
0 -100.0004
43.693778
0 -100.003441
43.692381
0 -100.005795
43.692156
0 -100.009994
43.693763
0 -100.010993
43.695326
0 -100.007451
43.702086
0 -100.00693
43.704733
0 -100.008165
43.706749
0 -100.013329
43.707841
0 -100.015169
43.707378
0 -100.016612
43.706746
0 -100.019535
43.703639
0 -100.021432
43.702505
0 -100.022947
43.701862
0 -100.029389
43.698409
0 -100.029892
43.698064
0 -100.0311
43.697544
0 -100.032206
43.697983
0 -100.033482
43.701576
0 -100.037349
43.703767
0 -100.040846
43.704471
0 -100.043208
43.704424
0 -100.04709
43.703063
0 -100.047186
43.702225
0 -100.04559
43.697862
0 -100.046113
43.694443
0 -100.047767
43.69318
0 -100.050182
43.69221
0 -100.056499
43.692969
0 -100.061312
43.691911
0 -100.066149
43.691491
0 -100.069653
43.692274
0 -100.077543
43.69203
0 -100.079946
43.691166
0 -100.081992
43.687048
0 -100.083381
43.685845
0 -100.087167
43.685186
0 -100.090298
43.686738
0 -100.092413
43.688588
0 -100.100574
43.692587
0 -100.105772
43.69436
0 -100.10692
43.694025
0 -100.108179
43.692087
0 -100.108561
43.688821
0 -100.108765
43.687674
0 -100.110526
43.685893
0 -100.115169
43.685434
0 -100.11945
43.688296
0 -100.12046
43.690009
0 -100.121045
43.694302
0 -100.122972
43.696487
0 -100.129285
43.701247
0 -100.132596
43.703182
0 -100.14075
43.704207
0 -100.142871
43.704076
0 -100.144809
43.703273
0 -100.145044
43.702146
0 -100.14371
43.700389
0 -100.140106
43.698605
0 -100.138606
43.696024
0 -100.13907
43.694918
0 -100.140362
43.694516
0 -100.143693
43.695363
0 -100.144718
43.69563
0 -100.145959
43.696116
0 -100.149389
43.698929
0 -100.149993
43.699337
0 -100.154073
43.701719
0 -100.157243
43.703009
0 -100.161903
43.704393
0 -100.164147
43.704357
0 -100.165414
43.705068
0 -100.170092
43.705958
0 -100.178767
43.705924
0 -100.182788
43.706538
0 -100.189919
43.706161
0 -100.191861
43.705525
0 -100.195594
43.705303
0 -100.196852
43.704443
0 -100.199203
43.701369
0 -100.1997
43.698182
0 -100.200531
43.696562
0 -100.200825
43.694976
0 -100.205039
43.688301
0 -100.208801
43.683534
0 -100.210281
43.683431
0 -100.210866
43.683603
0 -100.211584
43.684443
0 -100.212897
43.68635
0 -100.214719
43.687854
0 -100.218443
43.691037
0 -100.220024
43.691746
0 -100.222081
43.693468
0 -100.224426
43.697359
0 -100.224872
43.70245
0 -100.224679
43.706198
0 -100.223586
43.70896
0 -100.224305
43.712146
0 -100.22611
43.714531
0 -100.230845
43.713856
0 -100.230854
43.708813
0 -100.230951
43.651621
0 -100.230971
43.630333
0 -100.230972
43.629633
0 -100.230683
43.608085
0 -100.230624
43.587047
0 -100.230662
43.564301
0 -100.230804
43.551029
0 -100.230444
43.500297
0 -100.230908
43.499895
0 