-86.28526
36.35359
0 -86.285215
36.350842
0 -86.283062
36.349818
0 -86.283256
36.3475
0 -86.27911
36.348523
0 -86.275903
36.348476
0 -86.272764
36.347579
0 -86.26913
36.344862
0 -86.267291
36.341395
0 -86.265761
36.337369
0 -86.264422
36.330093
0 -86.264643
36.328292
0 -86.266212
36.325639
0 -86.271176
36.318233
0 -86.27258
36.315441
0 -86.27321
36.312684
0 -86.27347
36.309364
0 -86.272664
36.307286
0 -86.269869
36.304243
0 -86.266136
36.300863
0 -86.263446
36.299448
0 -86.260942
36.299665
0 -86.257999
36.300393
0 -86.252546
36.302829
0 -86.24999
36.304979
0 -86.248042
36.308446
0 -86.247399
36.311521
0 -86.247391
36.317587
0 -86.24775
36.323038
0 -86.248322
36.327415
0 -86.245715
36.334643
0 -86.244456
36.336405
0 -86.230096
36.349172
0 -86.226251
36.348957
0 -86.226996
36.342692
0 -86.217884
36.341625
0 -86.213095
36.344406
0 -86.211974
36.344654
0 -86.208744
36.342661
0 -86.20656
36.342659
0 -86.206404
36.336509
0 -86.204069
36.332321
0 -86.197593
36.326234
0 -86.189251
36.320088
0 -86.186203
36.319225
0 -86.184277
36.319287
0 -86.180825
36.321587
0 -86.177011
36.325961
0 -86.175916
36.328836
0 -86.175016
36.328234
0 -86.174666
36.328
0 -86.164045
36.320899
0 -86.155776
36.31385
0 -86.156139
36.3121
0 -86.155546
36.310292
0 -86.15224
36.310835
0 -86.144659
36.304502
0 -86.136803
36.295859
0 -86.13167
36.294411
0 -86.126152
36.294086
0 -86.122725
36.302204
0 -86.117752
36.31208
0 -86.110847
36.323269
0 -86.106304
36.329426
0 -86.101179
36.335825
0 -86.095461
36.341934
0 -86.094692
36.342786
0 -86.092701
36.344911
0 -86.081183
36.355126
0 -86.076034
36.359093
0 -86.07185
36.361878
0 -86.066815
36.36558
0 -86.065034
36.366492
0 -86.059973
36.369881
0 -86.053976
36.373301
0 -86.043668
36.378516
0 -86.036052
36.38198
0 -86.021166
36.385738
0 -86.018029
36.38766
0 -86.018515
36.388426
0 -86.011622
36.390091
0 -86.006425
36.391721
0 -86.002267
36.393006
0 -85.998215
36.393385
0 -85.990417
36.395343
0 -85.985046
36.394934
0 -85.982708
36.395903
0 -85.982407
36.397949
0 -85.98108
36.400167
0 -85.977143
36.405076
0 -85.976439
36.406696
0 -85.976151
36.410672
0 -85.975665
36.411321
0 -85.976796
36.412331
0 -85.977024
36.414199
0 -85.976329
36.415407
0 -85.971785
36.418348
0 -85.971063
36.419439
0 -85.972642
36.421285
0 -85.974742
36.422535
0 -85.976597
36.422002
0 -85.978859
36.422093
0 -85.979774
36.424709
0 -85.978893
36.426073
0 -85.990209
36.42763
0 -86.00291
36.429015
0 -86.016536
36.430253
0 -86.036533
36.432056
0 -86.069244
36.435015
0 -86.072548
36.435347
0 -86.11013
36.438956
0 -86.122976
36.440234
0 -86.159889
36.44349
0 -86.168261
36.444293
0 -86.171713
36.448691
0 -86.175742
36.454213
0 -86.179543
36.460244
0 -86.183324
36.46701
0 -86.188221
36.477794
0 -86.190066
36.482725
0 -86.228724
36.486405
0 -86.228434
36.487472
0 -86.230312
36.487407
0 -86.233429
36.488124
0 -86.234198
36.489159
0 -86.235766
36.487638
0 -86.235247
36.485618
0 -86.237964
36.485115
0 -86.238164
36.486684
0 -86.239992
36.486384
0 -86.239272
36.481986
0 -86.237794
36.481761
0 -86.235217
36.482804
0 -86.235197
36.481552
0 -86.233488
36.481278
0 -86.236933
36.454165
0 -86.23722
36.45192
0 -86.249989
36.452419
0 -86.249989
36.45102
0 -86.267087
36.45273
0 -86.268788
36.452897
0 -86.268898
36.450442
0 -86.269243
36.441953
0 -86.271481
36.387138
0 -86.27183
36.372823
0 -86.272488
36.35874
0 -86.276275
36.359008
0 -86.277541
36.360863
0 -86.28182
36.361298
0 -86.283633
36.356962
0 -86.284115
36.355156
0 -86.28526
36.35359
0 