-90.588419
34.670963
0 -90.588536
34.668646
0 -90.587323
34.665407
0 -90.586336
34.651689
0 -90.585031
34.647072
0 -90.583088
34.64361
0 -90.58302
34.642679
0 -90.5834403324521
34.6413892578456
0 -90.588255
34.626616
0 -90.587224
34.615732
0 -90.581693
34.604227
0 -90.574787
34.595243
0 -90.570133
34.587457
0 -90.564866
34.582602
0 -90.557666
34.576929
0 -90.549244
34.568101
0 -90.545891
34.563257
0 -90.540951
34.550853
0 -90.540736
34.548085
0 -90.541282
34.545331
0 -90.543633
34.540378
0 -90.545728
34.53775
0 -90.555276
34.531012
0 -90.569347
34.524867
0 -90.500101
34.484394
0 -90.493294
34.479949
0 -90.399498
34.423807
0 -90.343084
34.424393
0 -90.341572
34.424481
0 -90.301851
34.424546
0 -90.302146
34.467417
0 -90.304192
34.480825
0 -90.304317
34.509621
0 -90.250721
34.510108
0 -90.24764
34.510395
0 -90.198536
34.511088
0 -90.198544
34.512095
0 -90.198631
34.554425
0 -90.204886
34.554437
0 -90.203921
34.557378
0 -90.20411
34.559183
0 -90.206324
34.558014
0 -90.207783
34.55796
0 -90.20915
34.559776
0 -90.211333
34.560747
0 -90.212632
34.56069
0 -90.216589
34.559528
0 -90.21829
34.559491
0 -90.218944
34.560925
0 -90.21594
34.563278
0 -90.212363
34.562691
0 -90.210821
34.563568
0 -90.211168
34.570206
0 -90.211076
34.573097
0 -90.211887
34.573722
0 -90.214175
34.573518
0 -90.217567
34.574715
0 -90.221175
34.574978
0 -90.224431
34.57638
0 -90.22322
34.577734
0 -90.221055
34.578729
0 -90.220394
34.580186
0 -90.221489
34.582461
0 -90.224699
34.583324
0 -90.2267
34.586339
0 -90.229027
34.586608
0 -90.231739
34.588212
0 -90.231299
34.591859
0 -90.234246
34.595134
0 -90.235967
34.592888
0 -90.239143
34.592399
0 -90.239913
34.593204
0 -90.238082
34.597607
0 -90.237262
34.598181
0 -90.234494
34.598445
0 -90.234035
34.601008
0 -90.236291
34.605019
0 -90.238355
34.603633
0 -90.237578
34.601555
0 -90.237981
34.600924
0 -90.241366
34.599088
0 -90.243853
34.599597
0 -90.243924
34.60215
0 -90.241379
34.605612
0 -90.240317
34.606362
0 -90.236591
34.607635
0 -90.236513
34.611068
0 -90.241069
34.614923
0 -90.240632
34.617153
0 -90.238784
34.619448
0 -90.238389
34.621151
0 -90.239729
34.624641
0 -90.239971
34.626237
0 -90.239241
34.62711
0 -90.236861
34.628305
0 -90.232298
34.629319
0 -90.230273
34.630714
0 -90.229609
34.633989
0 -90.226361
34.636256
0 -90.224425
34.641439
0 -90.22167
34.643804
0 -90.217989
34.645692
0 -90.216325
34.646874
0 -90.21635
34.6495
0 -90.215392
34.653402
0 -90.21708
34.654301
0 -90.217462
34.655466
0 -90.215286
34.655857
0 -90.214479
34.659134
0 -90.215141
34.660394
0 -90.219424
34.660708
0 -90.221855
34.661264
0 -90.222856
34.660758
0 -90.225189
34.661575
0 -90.225018
34.663015
0 -90.223291
34.663969
0 -90.22205
34.663468
0 -90.220133
34.661757
0 -90.21922
34.662214
0 -90.218452
34.664403
0 -90.21858
34.665697
0 -90.220803
34.668051
0 -90.221112
34.670392
0 -90.224934
34.672952
0 -90.2258
34.674823
0 -90.225241
34.676505
0 -90.223272
34.678554
0 -90.221408
34.681295
0 -90.220188
34.684298
0 -90.221842
34.686246
0 -90.220212
34.689357
0 -90.221052
34.690506
0 -90.223571
34.692098
0 -90.227619
34.696736
0 -90.23041
34.697661
0 -90.231358
34.698503
0 -90.231412
34.701991
0 -90.230345
34.703084
0 -90.22973
34.703566
0 -90.227631
34.702238
0 -90.225071
34.70244
0 -90.225365
34.704055
0 -90.228519
34.704633
0 -90.229211
34.705227
0 -90.226469
34.706881
0 -90.225549
34.708736
0 -90.225145
34.711513
0 -90.22257
34.711274
0 -90.220645
34.71191
0 -90.219735
34.7134
0 -90.220479
34.714653
0 -90.222302
34.715764
0 -90.216165
34.71957
0 -90.21329
34.722644
0 -90.207928
34.72472
0 -90.205345
34.724492
0 -90.206479
34.722301
0 -90.20451
34.722956
0 -90.204568
34.721454
0 -90.202103
34.7201
0 -90.201142
34.720868
0 -90.200805
34.724009
0 -90.200199
34.724418
0 -90.201163
34.727013
0 -90.200972
34.729213
0 -90.202397
34.772141
0 -90.202457
34.772973
0 -90.201891
34.795109
0 -90.202259
34.830089
0 -90.202126
34.860374
0 -90.226099
34.860515
0 -90.249253
34.860648
0 -90.249966
34.860527
0 -90.267587
34.860502
0 -90.270476
34.860676
0 -90.282997
34.860602
0 -90.3044193945795
34.8605888851081
0 -90.303698
34.859704
0 -90.302523
34.856471
0 -90.302669
34.854366
0 -90.303944
34.850517
0 -90.307384
34.846195
0 -90.311312
34.844223
0 -90.319198
34.844854
0 -90.323067
34.846391
0 -90.332298
34.85253
0 -90.3357720643841
34.8558944521077
0 -90.34038
34.860357
0 -90.348218
34.855113
0 -90.352174
34.853196
0 -90.379837
34.845931
0 -90.401633
34.835305
0 -90.4079908833418
34.8329984812675
0 -90.410666
34.832028
0 -90.414864
34.831846
0 -90.422355
34.833675
0 -90.423879
34.834606
0 -90.428754
34.8414
0 -90.430828
34.848982
0 -90.431741
34.855051
0 -90.431722
34.858913
0 -90.429115
34.865087
0 -90.42898
34.867168
0 -90.430096
34.871212
0 -90.436561
34.882731
0 -90.438313
34.884581
0 -90.441254
34.886313
0 -90.444806
34.887994
0 -90.453916
34.891122
0 -90.459819
34.891946
0 -90.466154
34.890989
0 -90.475686
34.88631
0 -90.479872
34.883264
0 -90.483969
34.877176
0 -90.484558
34.875096
0 -90.485038
34.869252
0 -90.483876
34.861333
0 -90.481955
34.857805
0 -90.474403
34.849495
0 -90.463795
34.834923
0 -90.456935
34.823383
0 -90.456761
34.820395
0 -90.459024
34.81444
0 -90.465367
34.810592
0 -90.470544
34.805036
0 -90.47228
34.802465
0 -90.473877
34.798399
0 -90.47459
34.7932
0 -90.473527
34.788835
0 -90.470411
34.780877
0 -90.458883
34.764267
0 -90.453038
34.753352
0 -90.45117
34.747787
0 -90.451257
34.744485
0 -90.4518770228971
34.7421576309091
0 -90.452479
34.739898
0 -90.454968
34.735557
0 -90.45795
34.732946
0 -90.469897
34.72703
0 -90.479704
34.724793
0 -90.488865
34.723731
0 -90.501667
34.724236
0 -90.511364
34.727604
0 -90.520181
34.731902
0 -90.523929
34.738417
0 -90.524354
34.742079
0 -90.524852
34.750079
0 -90.522434
34.753953
0 -90.516522
34.758333
0 -90.505494
34.764568
0 -90.501325
34.769931
0 -90.500994
34.771187
0 -90.501523
34.774795
0 -90.503679
34.780136
0 -90.512761
34.796488
0 -90.514706
34.801768
0 -90.5167816771734
34.8018940214458
0 -90.522892
34.802265
0 -90.53133
34.800584
0 -90.53651
34.798572
0 -90.540222
34.795768
0 -90.544067
34.791159
0 -90.547612
34.784589
0 -90.54817
34.78189
0 -90.547859
34.779194
0 -90.546225
34.773443
0 -90.542631
34.764396
0 -90.540634
34.760478
0 -90.536667
34.754947
0 -90.535408
34.750062
0 -90.538801
34.745642
0 -90.546425
34.743078
0 -90.550119
34.741953
0 -90.556308
34.741541
0 -90.559895
34.740788
0 -90.563544
34.738671
0 -90.565437
34.736536
0 -90.56724
34.733463
0 -90.5680615163688
34.7281046330409
0 -90.568172
34.727384
0 -90.568081
34.724802
0 -90.567482
34.723292
0 -90.565646
34.721053
0 -90.5555247323095
34.7112499429407
0 -90.546053
34.702076
0 -90.538974
34.698783
0 -90.529211
34.696819
0 -90.522084
34.696605
0 -90.509847
34.698003
0 -90.496552
34.700578
0 -90.486966
34.701477
0 -90.480041
34.701515
0 -90.475194
34.700826
0 -90.471185
34.699066
0 -90.4699798209085
34.6980649497622
0 -90.467064
34.695643
0 -90.463734
34.691093
0 -90.462552
34.687576
0 -90.462816
34.684074
0 -90.4636931784841
34.681418801128
0 -90.466041
34.674312
0 -90.469821
34.669436
0 -90.479718
34.659934
0 -90.48789
34.654881
0 -90.496639
34.648117
0 -90.503061
34.64079
0 -90.5081
34.636682
0 -90.517168
34.630928
0 -90.524481
34.628504
0 -90.532188
34.627487
0 -90.537165
34.627767
0 -90.543696
34.629559
0 -90.547614
34.631656
0 -90.551761
34.636484
0 -90.554129
34.640871
0 -90.555104
34.646236
0 -90.553962
34.655018
0 -90.552642
34.659707
0 -90.550158
34.663445
0 -90.539409
34.670902
0 -90.538061
34.673232
0 -90.538856
34.682463
0 -90.540074
34.684981
0 -90.542761
34.688781
0 -90.548071
34.693169
0 -90.549856
34.695478
0 -90.552317
34.697087
0 -90.555627
34.697946
0 -90.5556919806313
34.6979286751794
0 -90.563391
34.695876
0 -90.567334
34.693371
0 -90.573106
34.686425
0 -90.578745
34.683844
0 -90.582006
34.680235
0 -90.588419
34.670963
0 