-120.653237
37.83282
0 -120.652673
37.831422
0 -120.57114
37.772038
0 -120.558637
37.763
0 -120.547596
37.754778
0 -120.54188
37.749943
0 -120.461881
37.68962
0 -120.461705
37.689487
0 -120.441447
37.674111
0 -120.396735
37.640596
0 -120.395819
37.640058
0 -120.387613
37.633704
0 -120.386939
37.634848
0 -120.385501
37.634652
0 -120.383099
37.639912
0 -120.3827
37.641983
0 -120.381067
37.641772
0 -120.381095
37.643502
0 -120.379203
37.645966
0 -120.37777
37.646851
0 -120.37642
37.648925
0 -120.375144
37.652208
0 -120.376022
37.653902
0 -120.379877
37.657056
0 -120.381856
37.657096
0 -120.384346
37.658
0 -120.386337
37.660018
0 -120.386693
37.661515
0 -120.389225
37.663161
0 -120.390619
37.666524
0 -120.394122
37.66812
0 -120.392807
37.66953
0 -120.395345
37.672256
0 -120.394425
37.67504
0 -120.392504
37.675355
0 -120.393534
37.679693
0 -120.391714
37.679775
0 -120.391931
37.683559
0 -120.389658
37.683365
0 -120.386636
37.684842
0 -120.383972
37.683969
0 -120.383597
37.683283
0 -120.380896
37.682434
0 -120.379704
37.680986
0 -120.37635
37.682
0 -120.374476
37.680296
0 -120.369372
37.679628
0 -120.36631
37.680794
0 -120.365029
37.677053
0 -120.36321
37.67612
0 -120.3623
37.674778
0 -120.362464
37.672819
0 -120.359185
37.673783
0 -120.357754
37.675098
0 -120.355417
37.6755
0 -120.352925
37.67481
0 -120.350899
37.673503
0 -120.347989
37.671232
0 -120.347763
37.670181
0 -120.345127
37.66782
0 -120.34507
37.665713
0 -120.343258
37.663126
0 -120.336806
37.65926
0 -120.335261
37.658959
0 -120.33483
37.657461
0 -120.332922
37.65577
0 -120.332545
37.653321
0 -120.328376
37.650045
0 -120.325943
37.648966
0 -120.321817
37.649862
0 -120.315744
37.653068
0 -120.312572
37.653668
0 -120.311298
37.654849
0 -120.309838
37.655977
0 -120.310289
37.658646
0 -120.311744
37.66014
0 -120.312313
37.662947
0 -120.308849
37.66406
0 -120.306407
37.665759
0 -120.309405
37.670046
0 -120.310447
37.673125
0 -120.313115
37.67536
0 -120.315327
37.678824
0 -120.318085
37.682351
0 -120.319455
37.686426
0 -120.321288
37.687731
0 -120.322919
37.687814
0 -120.323175
37.689415
0 -120.326004
37.692434
0 -120.327798
37.695465
0 -120.330215
37.698073
0 -120.330222
37.699602
0 -120.331956
37.701608
0 -120.332013
37.70344
0 -120.333219
37.704679
0 -120.333157
37.706559
0 -120.338093
37.70911
0 -120.338232
37.71108
0 -120.339909
37.712641
0 -120.339579
37.71422
0 -120.340563
37.715924
0 -120.339805
37.717094
0 -120.343146
37.721032
0 -120.342468
37.722768
0 -120.345437
37.724787
0 -120.34521
37.725664
0 -120.342803
37.726983
0 -120.340962
37.72606
0 -120.338294
37.72674
0 -120.335571
37.726481
0 -120.335315
37.727842
0 -120.333801
37.728003
0 -120.332457
37.729529
0 -120.328299
37.728254
0 -120.326116
37.726066
0 -120.324291
37.726634
0 -120.320841
37.726158
0 -120.319135
37.728672
0 -120.319136
37.729778
0 -120.316769
37.731195
0 -120.315468
37.733762
0 -120.313867
37.734236
0 -120.309607
37.73425
0 -120.307505
37.735614
0 -120.305703
37.734229
0 -120.303109
37.734569
0 -120.299695
37.733746
0 -120.295868
37.733394
0 -120.294145
37.732123
0 -120.290437
37.731304
0 -120.28764
37.729463
0 -120.286184
37.729776
0 -120.285079
37.73262
0 -120.283804
37.733638
0 -120.284332
37.735912
0 -120.285656
37.736766
0 -120.286895
37.738992
0 -120.28664
37.740273
0 -120.282755
37.743761
0 -120.282342
37.745314
0 -120.276083
37.738968
0 -120.273222
37.737844
0 -120.271821
37.737956
0 -120.268631
37.737022
0 -120.267298
37.736102
0 -120.264745
37.735966
0 -120.26072
37.733562
0 -120.258422
37.735582
0 -120.260693
37.737378
0 -120.260683
37.739613
0 -120.261655
37.740892
0 -120.2587
37.742689
0 -120.257845
37.743992
0 -120.257585
37.746658
0 -120.256536
37.748441
0 -120.255604
37.748537
0 -120.253332
37.750735
0 -120.251024
37.750919
0 -120.248838
37.749643
0 -120.245298
37.750543
0 -120.243405
37.751174
0 -120.239687
37.75349
0 -120.238931
37.755947
0 -120.240906
37.758495
0 -120.239034
37.761218
0 -120.239579
37.763398
0 -120.237935
37.765244
0 -120.236
37.763911
0 -120.233759
37.764178
0 -120.230658
37.763789
0 -120.229356
37.762229
0 -120.227015
37.760371
0 -120.226158
37.760712
0 -120.224118
37.763635
0 -120.222872
37.762372
0 -120.220385
37.763098
0 -120.216879
37.762849
0 -120.21616
37.765249
0 -120.2142
37.764735
0 -120.212616
37.765172
0 -120.210555
37.764274
0 -120.209561
37.763174
0 -120.206649
37.763364
0 -120.204727
37.763056
0 -120.202603
37.76359
0 -120.201073
37.763164
0 -120.198102
37.765301
0 -120.198431
37.768251
0 -120.198102
37.769394
0 -120.194881
37.769569
0 -120.193474
37.769713
0 -120.191384
37.767454
0 -120.189081
37.767852
0 -120.187061
37.770544
0 -120.186955
37.772134
0 -120.184862
37.773343
0 -120.183529
37.774946
0 -120.186259
37.777258
0 -120.186577
37.778326
0 -120.188687
37.780222
0 -120.185471
37.781199
0 -120.185578
37.781971
0 -120.183566
37.782892
0 -120.182287
37.784322
0 -120.182271
37.786688
0 -120.180579
37.788408
0 -120.180596
37.789328
0 -120.18202
37.790869
0 -120.182992
37.794235
0 -120.182142
37.795617
0 -120.178371
37.794662
0 -120.177096
37.795944
0 -120.175806
37.798217
0 -120.174094
37.799382
0 -120.173049
37.798288
0 -120.173524
37.795919
0 -120.169348
37.793031
0 -120.169474
37.79195
0 -120.165947
37.789557
0 -120.163617
37.788776
0 -120.161812
37.787406
0 -120.158696
37.787923
0 -120.156783
37.787638
0 -120.154062
37.788361
0 -120.147
37.786361
0 -120.142124
37.783039
0 -120.139358
37.783169
0 -120.135332
37.782014
0 -120.128089
37.781542
0 -120.126828
37.781781
0 -120.123926
37.785702
0 -120.119384
37.785864
0 -120.120251
37.787496
0 -120.119758
37.789662
0 -120.11579
37.793164
0 -120.112254
37.793869
0 -120.107814
37.796893
0 -120.106197
37.799031
0 -120.10074
37.800665
0 -120.101344
37.801929
0 -120.100644
37.803016
0 -120.098729
37.804743
0 -120.099373
37.80608
0 -120.098748
37.807728
0 -120.093663
37.808216
0 -120.093709
37.809726
0 -120.090279
37.810747
0 -120.089075
37.812259
0 -120.092036
37.815552
0 -120.090863
37.815806
0 -120.090107
37.820294
0 -120.090466
37.821872
0 -120.089431
37.822827
0 -120.087642
37.822455
0 -120.08543
37.823513
0 -120.084714
37.827027
0 -120.082941
37.827056
0 -120.079977
37.828715
0 -120.078871
37.828669
0 -120.075858
37.827178
0 -120.07222
37.826655
0 -120.06842
37.824915
0 -120.065263
37.822978
0 -120.06164
37.826023
0 -120.058282
37.824758
0 -120.057506
37.823879
0 -120.056838
37.820278
0 -120.055651
37.818072
0 -120.055316
37.813167
0 -120.052792
37.812872
0 -120.049193
37.811323
0 -120.046723
37.813168
0 -120.044634
37.812951
0 -120.040054
37.810998
0 -120.039054
37.810814
0 -120.035987
37.807874
0 -120.032329
37.810852
0 -120.026593
37.811877
0 -120.02366
37.810012
0 -120.016829
37.806375
0 -120.014435
37.804491
0 -120.009732
37.802266
0 -120.008438
37.802493
0 -120.006315
37.801395
0 -120.003618
37.798911
0 -120.001016
37.798726
0 -119.998416
37.796226
0 -119.994116
37.794426
0 -119.988716
37.792826
0 -119.982416
37.789526
0 -119.980216
37.789026
0 -119.975616
37.786826
0 -119.971815
37.784026
0 -119.964915
37.782826
0 -119.963615
37.781026
0 -119.958615
37.776226
0 -119.955015
37.773226
0 -119.950615
37.770526
0 -119.947615
37.770426
0 -119.945414
37.767526
0 -119.944814
37.764926
0 -119.938414
37.763026
0 -119.935414
37.762826
0 -119.933814
37.763826
0 -119.930414
37.763326
0 -119.928614
37.764626
0 -119.923714
37.764026
0 -119.918013
37.762226
0 -119.915213
37.762626
0 -119.909413
37.759726
0 -119.907013
37.757926
0 -119.903313
37.758326
0 -119.901213
37.757826
0 -119.901313
37.759326
0 -119.898513
37.760926
0 -119.892512
37.762226
0 -119.891602
37.761325
0 -119.888512
37.761426
0 -119.884912
37.760726
0 -119.881112
37.763026
0 -119.880112
37.762526
0 -119.877812
37.763026
0 -119.876012
37.763826
0 -119.875512
37.765526
0 -119.873512
37.766026
0 -119.872713
37.767526
0 -119.873813
37.770626
0 -119.875512
37.772526
0 -119.871912
37.773425
0 -119.868212
37.773225
0 -119.867311
37.772125
0 -119.864311
37.772025
0 -119.861604
37.767388
0 -119.860611
37.764426
0 -119.856611
37.763126
0 -119.853911
37.761226
0 -119.852378
37.758203
0 -119.852011
37.757726
0 -119.848711
37.758526
0 -119.847011
37.761826
0 -119.845811
37.762625
0 -119.843711
37.762525
0 -119.84061
37.765025
0 -119.842111
37.767125
0 -119.842211
37.769125
0 -119.839509
37.770126
0 -119.837909
37.770226
0 -119.834109
37.769126
0 -119.83061
37.769525
0 -119.83031
37.768825
0 -119.82791
37.768225
0 -119.82731
37.764425
0 -119.82481
37.761925
0 -119.82281
37.761925
0 -119.82071
37.759825
0 -119.81781
37.759725
0 -119.812909
37.758325
0 -119.809409
37.755025
0 -119.808509
37.754925
0 -119.805009
37.756425
0 -119.805498
37.759618
0 -119.804901
37.760151
0 -119.803808
37.759599
0 -119.80075
37.76115
0 -119.797917
37.761355
0 -119.795909
37.762125
0 -119.791509
37.764625
0 -119.788508
37.764625
0 -119.786108
37.765825
0 -119.784508
37.763925
0 -119.781108
37.763425
0 -119.777908
37.765825
0 -119.775408
37.765825
0 -119.773808
37.766925
0 -119.772006
37.766728
0 -119.772004
37.76893
0 -119.769006
37.771129
0 -119.765907
37.770327
0 -119.762607
37.770325
0 -119.761323
37.771919
0 -119.757656
37.772795
0 -119.755202
37.772133
0 -119.751007
37.773324
0 -119.749407
37.775724
0 -119.747607
37.781424
0 -119.746007
37.782924
0 -119.742507
37.784124
0 -119.738807
37.784524
0 -119.736206
37.786924
0 -119.733906
37.787924
0 -119.727106
37.786924
0 -119.722706
37.787624
0 -119.720006
37.789224
0 -119.716806
37.791724
0 -119.713105
37.793124
0 -119.709805
37.793524
0 -119.705405
37.792324
0 -119.701805
37.789824
0 -119.699605
37.789124
0 -119.697905
37.789624
0 -119.693804
37.794724
0 -119.693204
37.796924
0 -119.691404
37.799524
0 -119.689704
37.800224
0 -119.687004
37.799524
0 -119.684004
37.799724
0 -119.681404
37.800624
0 -119.675203
37.800124
0 -119.670603
37.800224
0 -119.667203
37.801224
0 -119.665303
37.803024
0 -119.659903
37.809424
0 -119.657303
37.810223
0 -119.653903
37.810423
0 -119.650903
37.820823
0 -119.653503
37.828823
0 -119.657303
37.831823
0 -119.657703
37.834123
0 -119.655303
37.836623
0 -119.652403
37.838923
0 -119.648603
37.845023
0 -119.646203
37.846823
0 -119.641103
37.848523
0 -119.638102
37.849123
0 -119.632502
37.847523
0 -119.628602
37.847223
0 -119.626002
37.848152
0 -119.624989
37.847714
0 -119.622955
37.848466
0 -119.622479
37.84957
0 -119.62031
37.85116
0 -119.619107
37.853196
0 -119.615846
37.854137
0 -119.611877
37.854198
0 -119.610157
37.853173
0 -119.60853
37.855339
0 -119.605255
37.857656
0 -119.60089
37.859223
0 -119.597874
37.860971
0 -119.593223
37.865625
0 -119.591951
37.866115
0 -119.589549
37.86965
0 -119.586353
37.872303
0 -119.584864
37.874922
0 -119.5845
37.876222
0 -119.587301
37.878722
0 -119.587101
37.881822
0 -119.585801
37.884722
0 -119.586901
37.887822
0 -119.586401
37.890122
0 -119.5816
37.893722
0 -119.5741
37.895622
0 -119.5709
37.897422
0 -119.5692
37.899522
0 -119.5659
37.901722
0 -119.563
37.902522
0 -119.5586
37.903122
0 -119.5567
37.900922
0 -119.541099
37.902522
0 -119.535699
37.904122
0 -119.533999
37.902922
0 -119.534399
37.899922
0 -119.533599
37.897122
0 -119.531198
37.895022
0 -119.529798
37.891122
0 -119.527298
37.889722
0 -119.523798
37.886722
0 -119.517698
37.885622
0 -119.515297
37.884422
0 -119.512597
37.880622
0 -119.508197
37.876722
0 -119.506597
37.874522
0 -119.504697
37.869622
0 -119.502596
37.867822
0 -119.500996
37.867172
0 -119.499596
37.867622
0 -119.496596
37.865022
0 -119.492296
37.863123
0 -119.486896
37.864923
0 -119.484095
37.864423
0 -119.481195
37.860823
0 -119.479095
37.860623
0 -119.476895
37.859623
0 -119.475895
37.857423
0 -119.474295
37.855623
0 -119.472395
37.858223
0 -119.471895
37.860623
0 -119.469595
37.863523
0 -119.465994
37.864623
0 -119.462794
37.868423
0 -119.454194
37.870723
0 -119.451494
37.871023
0 -119.448593
37.868523
0 -119.445793
37.869423
0 -119.443893
37.869223
0 -119.441993
37.867523
0 -119.442093
37.863923
0 -119.443293
37.861124
0 -119.442692
37.859824
0 -119.439293
37.860224
0 -119.434192
37.865124
0 -119.426792
37.866724
0 -119.424892
37.865524
0 -119.421991
37.857724
0 -119.420092
37.857224
0 -119.418292
37.855724
0 -119.415491
37.854624
0 -119.41059
37.855024
0 -119.407291
37.854924
0 -119.406791
37.852324
0 -119.405091
37.848225
0 -119.404591
37.842525
0 -119.40469
37.837225
0 -119.402689
37.835225
0 -119.40059
37.834725
0 -119.392589
37.837925
0 -119.38729
37.837625
0 -119.383722
37.836473
0 -119.382601
37.837064
0 -119.380393
37.840213
0 -119.379287
37.840951
0 -119.377071
37.839684
0 -119.375511
37.840873
0 -119.373816
37.839686
0 -119.37391
37.835221
0 -119.372602
37.832883
0 -119.352287
37.826326
0 -119.351387
37.825526
0 -119.351187
37.823826
0 -119.352787
37.817526
0 -119.354687
37.815126
0 -119.355587
37.812426
0 -119.354987
37.811826
0 -119.348987
37.810826
0 -119.347987
37.810127
0 -119.346686
37.806327
0 -119.345886
37.805627
0 -119.343686
37.806127
0 -119.339386
37.805527
0 -119.336086
37.803127
0 -119.333986
37.800327
0 -119.331885
37.799227
0 -119.326985
37.799427
0 -119.324685
37.797727
0 -119.323585
37.795527
0 -119.321785
37.794027
0 -119.318185
37.793628
0 -119.312284
37.794128
0 -119.310484
37.792528
0 -119.310384
37.790528
0 -119.310984
37.787528
0 -119.310484
37.785628
0 -119.307284
37.782828
0 -119.307884
37.781228
0 -119.310984
37.779728
0 -119.310984
37.778428
0 -119.308995
37.777986
0 -119.308283
37.775728
0 -119.304883
37.774328
0 -119.300683
37.771428
0 -119.297883
37.770629
0 -119.293382
37.767929
0 -119.294082
37.759729
0 -119.291229
37.756362
0 -119.289082
37.755029
0 -119.289582
37.749929
0 -119.290682
37.749329
0 -119.289181
37.747329
0 -119.288381
37.74503
0 -119.282081
37.74383
0 -119.27778
37.74213
0 -119.27178
37.73923
0 -119.268979
37.73923
0 -119.264179
37.74063
0 -119.261179
37.74103
0 -119.260546
37.742497
0 -119.257979
37.74433
0 -119.255879
37.74503
0 -119.254678
37.746631
0 -119.254583
37.750828
0 -119.255682
37.75383
0 -119.254981
37.756329
0 -119.25298
37.75733
0 -119.25018
37.757443
0 -119.24728
37.76153
0 -119.24488
37.76703
0 -119.24308
37.76913
0 -119.23968
37.77123
0 -119.23658
37.77363
0 -119.23078
37.77443
0 -119.22988
37.77693
0 -119.22708
37.778429
0 -119.22128
37.77913
0 -119.22028
37.780229
0 -119.21848
37.783829
0 -119.21698
37.787729
0 -119.21528
37.789929
0 -119.21278
37.791729
0 -119.20438
37.793229
0 -119.20328
37.794929
0 -119.20268
37.797729
0 -119.20178
37.799329
0 -119.20128
37.804329
0 -119.20328
37.806129
0 -119.203681
37.808029
0 -119.204981
37.809529
0 -119.204981
37.811529
0 -119.207681
37.812129
0 -119.211581
37.815129
0 -119.213981
37.816328
0 -119.216881
37.818728
0 -119.215381
37.821928
0 -119.213281
37.825028
0 -119.212281
37.825628
0 -119.207581
37.826928
0 -119.205181
37.828028
0 -119.203981
37.829828
0 -119.205481
37.833328
0 -119.205881
37.835828
0 -119.206872
37.83781
0 -119.20688
37.839927
0 -119.202282
37.842927
0 -119.198175
37.843229
0 -119.196182
37.844028
0 -119.198381
37.845728
0 -119.201782
37.847528
0 -119.207282
37.847028
0 -119.210482
37.845628
0 -119.213282
37.846728
0 -119.215482
37.847028
0 -119.216882
37.849628
0 -119.215982
37.853227
0 -119.213382
37.854827
0 -119.212582
37.856927
0 -119.213482
37.859627
0 -119.213982
37.865927
0 -119.214482
37.868327
0 -119.214083
37.871527
0 -119.213283
37.873327
0 -119.210383
37.877927
0 -119.209083
37.880827
0 -119.206383
37.883327
0 -119.203583
37.883927
0 -119.200783
37.883227
0 -119.200083
37.884527
0 -119.200783
37.887427
0 -119.201383
37.888026
0 -119.206483
37.889226
0 -119.207783
37.890026
0 -119.208383
37.892126
0 -119.210683
37.893926
0 -119.209683
37.896926
0 -119.210783
37.899426
0 -119.215983
37.899126
0 -119.217483
37.898426
0 -119.219883
37.898626
0 -119.222084
37.901526
0 -119.223784
37.902326
0 -119.224084
37.903526
0 -119.226684
37.906626
0 -119.231984
37.908826
0 -119.234484
37.910326
0 -119.239784
37.911826
0 -119.241684
37.910226
0 -119.243085
37.910626
0 -119.246985
37.910126
0 -119.250685
37.910326
0 -119.255107
37.911432
0 -119.263885
37.912225
0 -119.265586
37.913825
0 -119.265086
37.919625
0 -119.264086
37.924025
0 -119.263986
37.926525
0 -119.266186
37.928025
0 -119.267786
37.927725
0 -119.269486
37.928525
0 -119.270786
37.930025
0 -119.276987
37.931525
0 -119.278887
37.933225
0 -119.280587
37.933825
0 -119.287887
37.933024
0 -119.290988
37.936124
0 -119.293888
37.938424
0 -119.295888
37.942724
0 -119.300388
37.944724
0 -119.302788
37.944924
0 -119.308389
37.946824
0 -119.309689
37.949924
0 -119.313089
37.953024
0 -119.313889
37.954323
0 -119.31489
37.960223
0 -119.31459
37.964123
0 -119.31529
37.965323
0 -119.31789
37.967023
0 -119.32199
37.969023
0 -119.32259
37.971023
0 -119.320548
37.973177
0 -119.31859
37.977623
0 -119.31679
37.978923
0 -119.31469
37.981123
0 -119.31429
37.982623
0 -119.31499
37.983523
0 -119.31709
37.984223
0 -119.318391
37.986423
0 -119.317791
37.988223
0 -119.314691
37.992122
0 -119.312491
37.997722
0 -119.309897
38.001163
0 -119.310585
38.003358
0 -119.309286
38.004777
0 -119.308904
38.007149
0 -119.307034
38.012322
0 -119.30869
38.015239
0 -119.308152
38.019492
0 -119.30459
38.023891
0 -119.305162
38.025345
0 -119.307213
38.027464
0 -119.307546
38.030525
0 -119.309062
38.031626
0 -119.309706
38.033921
0 -119.313952
38.034535
0 -119.310624
38.040248
0 -119.31045
38.043098
0 -119.31119
38.044756
0 -119.312494
38.045686
0 -119.314242
38.045584
0 -119.316353
38.04663
0 -119.316717
38.047845
0 -119.320247
38.048076
0 -119.322645
38.049865
0 -119.322997
38.051571
0 -119.323909
38.055997
0 -119.324213
38.060937
0 -119.327276
38.063845
0 -119.327927
38.065703
0 -119.334109
38.065244
0 -119.335839
38.066283
0 -119.337257
38.068154
0 -119.33671
38.070393
0 -119.339436
38.073094
0 -119.345024
38.080646
0 -119.345922
38.083113
0 -119.347701
38.083816
0 -119.349845
38.085566
0 -119.351394
38.084621
0 -119.354078
38.084567
0 -119.354098
38.083293
0 -119.357127
38.082977
0 -119.358941
38.084083
0 -119.361163
38.086372
0 -119.361432
38.08829
0 -119.365065
38.090201
0 -119.368096
38.089818
0 -119.368795
38.088723
0 -119.371055
38.088595
0 -119.373958
38.090929
0 -119.374557
38.093524
0 -119.378473
38.09362
0 -119.380222
38.092546
0 -119.381937
38.09531
0 -119.382849
38.097703
0 -119.3873
38.097846
0 -119.389879
38.09913
0 -119.392782
38.10183
0 -119.393948
38.104357
0 -119.397024
38.106821
0 -119.400292
38.10559
0 -119.402507
38.105551
0 -119.41089
38.107686
0 -119.414198
38.107691
0 -119.419212
38.106689
0 -119.423957
38.107438
0 -119.425747
38.111716
0 -119.426928
38.112493
0 -119.428813
38.11556
0 -119.430546
38.116269
0 -119.431659
38.115227
0 -119.434195
38.110005
0 -119.435618
38.108196
0 -119.437405
38.107492
0 -119.437763
38.106331
0 -119.440226
38.10487
0 -119.441558
38.102683
0 -119.441571
38.1011
0 -119.439993
38.096822
0 -119.440468
38.095678
0 -119.444298
38.094135
0 -119.445875
38.093059
0 -119.44726
38.094947
0 -119.44833
38.099157
0 -119.450747
38.099228
0 -119.452965
38.097817
0 -119.454378
38.096068
0 -119.45578
38.0958
0 -119.459805
38.096277
0 -119.463692
38.098335
0 -119.464686
38.101502
0 -119.4645
38.103589
0 -119.462277
38.105876
0 -119.459125
38.107623
0 -119.45776
38.110723
0 -119.462083
38.109108
0 -119.466754
38.114029
0 -119.468316
38.115075
0 -119.471872
38.116089
0 -119.472842
38.116966
0 -119.472784
38.119052
0 -119.470856
38.121508
0 -119.470778
38.124918
0 -119.469456
38.128283
0 -119.473311
38.128615
0 -119.476942
38.129572
0 -119.479083
38.13107
0 -119.481771
38.131028
0 -119.482926
38.131659
0 -119.488519
38.132175
0 -119.488993
38.133143
0 -119.488506
38.138427
0 -119.489127
38.143439
0 -119.490116
38.144941
0 -119.493538
38.146366
0 -119.496967
38.149297
0 -119.497273
38.150867
0 -119.495799
38.154984
0 -119.497132
38.156885
0 -119.499353
38.157111
0 -119.501832
38.159264
0 -119.504484
38.158121
0 -119.505552
38.153745
0 -119.507613
38.152504
0 -119.506292
38.150804
0 -119.50581
38.148435
0 -119.50533
38.140255
0 -119.50649
38.137113
0 -119.509658
38.137371
0 -119.515527
38.137354
0 -119.51668
38.139087
0 -119.520865
38.139609
0 -119.525519
38.140797
0 -119.526711
38.142163
0 -119.531162
38.144486
0 -119.538085
38.144097
0 -119.541889
38.144653
0 -119.545551
38.143072
0 -119.547406
38.143977
0 -119.547952
38.148115
0 -119.545573
38.151486
0 -119.545501
38.153056
0 -119.546947
38.15442
0 -119.548343
38.154616
0 -119.552222
38.153769
0 -119.557931
38.154719
0 -119.564261
38.154063
0 -119.566015
38.156963
0 -119.571764
38.157578
0 -119.576496
38.157661
0 -119.577897
38.163734
0 -119.5796
38.165431
0 -119.579201
38.168237
0 -119.580139
38.169369
0 -119.581348
38.172503
0 -119.579035
38.173846
0 -119.578374
38.175652
0 -119.579743
38.177784
0 -119.583585
38.182612
0 -119.586561
38.184839
0 -119.589388
38.184428
0 -119.591421
38.185089
0 -119.593613
38.184447
0 -119.595502
38.182971
0 -119.598421
38.181697
0 -119.605647
38.18841
0 -119.608353
38.188667
0 -119.609932
38.19043
0 -119.612766
38.190854
0 -119.617707
38.190501
0 -119.620886
38.191724
0 -119.624963
38.194046
0 -119.627936
38.194898
0 -119.630936
38.198185
0 -119.632671
38.198858
0 -119.630927
38.20394
0 -119.626354
38.204665
0 -119.625442
38.206004
0 -119.625022
38.208705
0 -119.627101
38.213199
0 -119.625428
38.21507
0 -119.626335
38.215608
0 -119.625597
38.218053
0 -119.626584
38.218888
0 -119.623504
38.220396
0 -119.624761
38.223897
0 -119.623752
38.224535
0 -119.624422
38.228673
0 -119.621084
38.228886
0 -119.619102
38.229461
0 -119.614775
38.232717
0 -119.609276
38.23237
0 -119.604936
38.234156
0 -119.604182
38.234961
0 -119.605215
38.237094
0 -119.604895
38.239198
0 -119.609433
38.240751
0 -119.614017
38.242804
0 -119.616494
38.245566
0 -119.618387
38.249431
0 -119.619613
38.249914
0 -119.621901
38.25279
0 -119.620411
38.254941
0 -119.61646
38.257844
0 -119.612936
38.259107
0 -119.613201
38.261416
0 -119.616212
38.263429
0 -119.61912
38.264118
0 -119.62681
38.268062
0 -119.630194
38.268703
0 -119.631927
38.272616
0 -119.633044
38.273763
0 -119.636119
38.275548
0 -119.637763
38.278386
0 -119.642056
38.278178
0 -119.644258
38.27973
0 -119.648782
38.283785
0 -119.651375
38.286638
0 -119.648938
38.289121
0 -119.644575
38.290854
0 -119.643532
38.291911
0 -119.642478
38.29384
0 -119.643355
38.295413
0 -119.644352
38.299602
0 -119.644049
38.302586
0 -119.64241
38.305591
0 -119.642189
38.306986
0 -119.643099
38.309939
0 -119.642764
38.31624
0 -119.644765
38.31687
0 -119.645261
38.317923
0 -119.644776
38.32164
0 -119.64334
38.322315
0 -119.642992
38.324031
0 -119.640123
38.325163
0 -119.639205
38.32688
0 -119.663246
38.34361
0 -119.669524
38.348288
0 -119.700029
38.365215
0 -119.693622
38.378899
0 -119.694293
38.385134
0 -119.698733
38.406076
0 -119.698671
38.409838
0 -119.700212
38.411254
0 -119.700647
38.412669
0 -119.701806
38.412806
0 -119.704126
38.415423
0 -119.707498
38.41714
0 -119.712893
38.418452
0 -119.720579
38.418303
0 -119.749002
38.416994
0 -119.750934
38.417326
0 -119.753481
38.416759
0 -119.762905
38.411766
0 -119.765583
38.40938
0 -119.770553
38.406663
0 -119.773939
38.40637
0 -119.779889
38.407714
0 -119.784485
38.404875
0 -119.798661
38.402117
0 -119.801737
38.401321
0 -119.802425
38.400207
0 -119.80481
38.39862
0 -119.814992
38.387447
0 -119.81568
38.387145
0 -119.837551
38.382411
0 -119.851242
38.374911
0 -119.854978
38.372479
0 -119.864865
38.369067
0 -119.869667
38.367597
0 -119.882498
38.359302
0 -119.884749
38.356185
0 -119.887861
38.357958
0 -120.018572
38.43235
0 -120.019951
38.433521
0 -120.021072
38.431833
0 -120.02311
38.430874
0 -120.023869
38.429319
0 -120.027972
38.426396
0 -120.029254
38.425048
0 -120.029923
38.424682
0 -120.036435
38.424619
0 -120.038498
38.425971
0 -120.040563
38.425927
0 -120.042775
38.422978
0 -120.045888
38.422294
0 -120.048303
38.420626
0 -120.049032
38.419369
0 -120.053743
38.419212
0 -120.055748
38.418596
0 -120.057088
38.41711
0 -120.059821
38.417158
0 -120.062612
38.416519
0 -120.063921
38.414942
0 -120.065405
38.41476
0 -120.067903
38.415493
0 -120.069737
38.413481
0 -120.073575
38.413576
0 -120.073256
38.41202
0 -120.07471
38.411403
0 -120.075699
38.412089
0 -120.077415
38.410673
0 -120.080846
38.410103
0 -120.082155
38.408456
0 -120.085354
38.405918
0 -120.087914
38.403381
0 -120.090181
38.403748
0 -120.097769
38.402882
0 -120.099019
38.401532
0 -120.105153
38.400871
0 -120.107447
38.401169
0 -120.108203
38.402061
0 -120.112565
38.400781
0 -120.115586
38.401193
0 -120.120644
38.399478
0 -120.121633
38.399479
0 -120.126953
38.396391
0 -120.128842
38.395751
0 -120.132738
38.396826
0 -120.134916
38.396529
0 -120.136632
38.394859
0 -120.137358
38.393166
0 -120.140991
38.394013
0 -120.145816
38.391633
0 -120.146572
38.390375
0 -120.148955
38.388865
0 -120.153081
38.386944
0 -120.155319
38.386897
0 -120.158543
38.385295
0 -120.161216
38.380903
0 -120.162669
38.380926
0 -120.166766
38.379758
0 -120.170513
38.375914
0 -120.173621
38.375502
0 -120.174027
38.373626
0 -120.176177
38.374014
0 -120.176466
38.371246
0 -120.178442
38.370216
0 -120.180939
38.368088
0 -120.182245
38.366143
0 -120.182505
38.363741
0 -120.184188
38.360858
0 -120.184797
38.358822
0 -120.188223
38.357586
0 -120.189877
38.35596
0 -120.190137
38.352758
0 -120.191239
38.349853
0 -120.193301
38.349371
0 -120.19478
38.34635
0 -120.196172
38.344589
0 -120.19617
38.34285
0 -120.197594
38.342163
0 -120.199884
38.339234
0 -120.201536
38.334636
0 -120.203711
38.332552
0 -120.205161
38.329646
0 -120.208934
38.326739
0 -120.211079
38.324564
0 -120.21697
38.321449
0 -120.222659
38.319821
0 -120.224516
38.318195
0 -120.225355
38.315793
0 -120.228749
38.314394
0 -120.231556
38.307461
0 -120.23382
38.30643
0 -120.234323
38.304394
0 -120.23457
38.303638
0 -120.237268
38.301554
0 -120.237089
38.298466
0 -120.237988
38.298419
0 -120.23987
38.295787
0 -120.24277
38.293177
0 -120.246973
38.290199
0 -120.249844
38.288686
0 -120.251872
38.287022
0 -120.254514
38.286774
0 -120.256374
38.285747
0 -120.25806
38.283232
0 -120.259053
38.280579
0 -120.260479
38.278064
0 -120.264894
38.274248
0 -120.266213
38.272413
0 -120.270181
38.271119
0 -120.271009
38.270281
0 -120.271899
38.267643
0 -120.273788
38.265426
0 -120.273992
38.264374
0 -120.272428
38.262177
0 -120.272432
38.259775
0 -120.273564
38.259021
0 -120.275914
38.258817
0 -120.277339
38.256691
0 -120.27972
38.254932
0 -120.28219
38.25212
0 -120.284222
38.251595
0 -120.286142
38.249761
0 -120.286552
38.247816
0 -120.289221
38.24656
0 -120.290357
38.243885
0 -120.290566
38.239515
0 -120.290248
38.238051
0 -120.290601
38.235283
0 -120.29124
38.234003
0 -120.294172
38.232427
0 -120.301977
38.229436
0 -120.303633
38.227012
0 -120.307579
38.224431
0 -120.308191
38.222074
0 -120.310196
38.218416
0 -120.312112
38.215809
0 -120.315915
38.212105
0 -120.315828
38.210755
0 -120.317222
38.208812
0 -120.317253
38.207256
0 -120.320532
38.204239
0 -120.321896
38.201334
0 -120.324032
38.200077
0 -120.325116
38.199415
0 -120.326367
38.195938
0 -120.330424
38.194979
0 -120.330136
38.193881
0 -120.331733
38.190313
0 -120.331849
38.188895
0 -120.333213
38.188003
0 -120.335647
38.187935
0 -120.335534
38.184962
0 -120.336259
38.18439
0 -120.339506
38.183911
0 -120.339709
38.183111
0 -120.33745
38.180501
0 -120.337249
38.178054
0 -120.339945
38.178192
0 -120.340961
38.174829
0 -120.340208
38.17293
0 -120.340933
38.171627
0 -120.344816
38.170118
0 -120.348353
38.170714
0 -120.350497
38.169823
0 -120.353572
38.163784
0 -120.356787
38.162984
0 -120.360324
38.160354
0 -120.360208
38.15953
0 -120.35792
38.158089
0 -120.357544
38.153879
0 -120.367569
38.152806
0 -120.368815
38.152234
0 -120.37151
38.149924
0 -120.372641
38.14663
0 -120.376203
38.142649
0 -120.376031
38.141917
0 -120.372351
38.141139
0 -120.371077
38.140178
0 -120.371054
38.139663
0 -120.371396
38.137868
0 -120.37267
38.136747
0 -120.37803
38.135557
0 -120.378695
38.133911
0 -120.378088
38.13208
0 -120.378783
38.129769
0 -120.382519
38.127574
0 -120.384026
38.125652
0 -120.38443
38.123616
0 -120.385762
38.120939
0 -120.386225
38.11824
0 -120.387963
38.115243
0 -120.395867
38.109889
0 -120.401923
38.107826
0 -120.40837
38.103905
0 -120.410008
38.102399
0 -120.410514
38.099934
0 -120.409442
38.095198
0 -120.410396
38.09243
0 -120.410596
38.087877
0 -120.411898
38.086024
0 -120.414589
38.083964
0 -120.415322
38.081106
0 -120.418639
38.0806
0 -120.421533
38.078746
0 -120.424118
38.075893
0 -120.424076
38.07378
0 -120.424371
38.0732
0 -120.42613
38.072613
0 -120.431254
38.07284
0 -120.430646
38.071467
0 -120.430817
38.066832
0 -120.431245
38.060509
0 -120.432992
38.05953
0 -120.435092
38.059751
0 -120.438075
38.060894
0 -120.440475
38.060481
0 -120.442529
38.058741
0 -120.443481
38.055721
0 -120.443132
38.053547
0 -120.443445
38.051655
0 -120.44628
38.04778
0 -120.448216
38.046521
0 -120.453941
38.041347
0 -120.453965
38.038208
0 -120.454919
38.037526
0 -120.457749
38.031552
0 -120.46104
38.027844
0 -120.461475
38.026906
0 -120.461643
38.023382
0 -120.462133
38.022375
0 -120.464533
38.021092
0 -120.46884
38.019648
0 -120.469678
38.016448
0 -120.468426
38.014335
0 -120.467345
38.013592
0 -120.463852
38.013356
0 -120.462798
38.011927
0 -120.463749
38.01039
0 -120.46503
38.009591
0 -120.468509
38.009649
0 -120.47378
38.012441
0 -120.477953
38.011756
0 -120.481718
38.012399
0 -120.483679
38.012106
0 -120.486887
38.009467
0 -120.489725
38.00938
0 -120.492056
38.011203
0 -120.493424
38.010701
0 -120.496716
38.008197
0 -120.499822
38.007937
0 -120.500441
38.00663
0 -120.500161
38.004124
0 -120.499284
37.999925
0 -120.499374
37.996188
0 -120.499817
37.995437
0 -120.504516
37.991144
0 -120.505766
37.990902
0 -120.509195
37.991508
0 -120.510783
37.993386
0 -120.513547
37.995611
0 -120.514006
37.996632
0 -120.509692
37.99816
0 -120.509285
37.999928
0 -120.511091
38.002585
0 -120.513521
38.004054
0 -120.516178
38.004133
0 -120.51886
38.002221
0 -120.520404
37.998356
0 -120.520515
37.996354
0 -120.521653
37.99516
0 -120.525193
37.993668
0 -120.529939
37.992539
0 -120.532767
37.992164
0 -120.534985
37.990939
0 -120.534276
37.989443
0 -120.529942
37.986237
0 -120.527747
37.983936
0 -120.528116
37.982239
0 -120.531817
37.980672
0 -120.536355
37.980173
0 -120.541149
37.978475
0 -120.542853
37.977248
0 -120.543274
37.97572
0 -120.542324
37.974541
0 -120.538687
37.974453
0 -120.531128
37.976312
0 -120.528292
37.975895
0 -120.527575
37.974545
0 -120.52797
37.972444
0 -120.527668
37.970913
0 -120.526408
37.969292
0 -120.524767
37.968238
0 -120.517597
37.965308
0 -120.515088
37.962146
0 -120.513353
37.957945
0 -120.513439
37.956444
0 -120.514952
37.95339
0 -120.516745
37.951973
0 -120.52221
37.94992
0 -120.523796
37.949054
0 -120.530943
37.945512
0 -120.533607
37.945112
0 -120.535242
37.944404
0 -120.5366
37.941917
0 -120.536742
37.940044
0 -120.539443
37.937387
0 -120.540016
37.93581
0 -120.539448
37.933256
0 -120.537255
37.930108
0 -120.537616
37.926862
0 -120.53985
37.924442
0 -120.542643
37.920178
0 -120.54524
37.920354
0 -120.547281
37.921679
0 -120.551108
37.921676
0 -120.553376
37.919732
0 -120.555155
37.916831
0 -120.556631
37.915908
0 -120.561107
37.914723
0 -120.562198
37.91407
0 -120.562872
37.912436
0 -120.562525
37.910526
0 -120.562976
37.907263
0 -120.564364
37.903049
0 -120.56655
37.901161
0 -120.566991
37.899733
0 -120.568158
37.897559
0 -120.570752
37.894845
0 -120.572982
37.894135
0 -120.577233
37.894863
0 -120.579338
37.895646
0 -120.582386
37.8961
0 -120.585102
37.895935
0 -120.587525
37.895223
0 -120.590242
37.891726
0 -120.596681
37.888144
0 -120.597161
37.884954
0 -120.596298
37.883359
0 -120.600136
37.879627
0 -120.605447
37.875869
0 -120.604736
37.87324
0 -120.609031
37.872715
0 -120.616974
37.870054
0 -120.622714
37.86747
0 -120.623799
37.866196
0 -120.625975
37.865069
0 -120.627683
37.863313
0 -120.633786
37.860608
0 -120.635483
37.857902
0 -120.635709
37.855858
0 -120.636888
37.854753
0 -120.637967
37.852377
0 -120.637905
37.849903
0 -120.637376
37.848699
0 -120.639158
37.846725
0 -120.641507
37.846026
0 -120.643692
37.844055
0 -120.642707
37.842253
0 -120.643442
37.840477
0 -120.646593
37.838278
0 -120.64865
37.837561
0 -120.653237
37.83282
0 