-83.802223
31.803495
0 -83.802723
31.803579
0 -83.798679
31.801009
0 -83.79903
31.77889
0 -83.799476
31.760818
0 -83.79731
31.760748
0 -83.797155
31.72893
0 -83.797316
31.725198
0 -83.797048
31.722451
0 -83.796973
31.669028
0 -83.796754
31.664874
0 -83.79722
31.625178
0 -83.796846
31.622929
0 -83.78688
31.62281
0 -83.718774
31.622028
0 -83.716547
31.619944
0 -83.712517
31.619168
0 -83.710684
31.6198
0 -83.709949
31.618587
0 -83.706481
31.619088
0 -83.705852
31.616885
0 -83.704817
31.615919
0 -83.704605
31.61341
0 -83.702376
31.609546
0 -83.702502
31.607991
0 -83.701505
31.606152
0 -83.699731
31.604834
0 -83.698863
31.602834
0 -83.697879
31.602638
0 -83.697628
31.604689
0 -83.695698
31.604176
0 -83.693562
31.60277
0 -83.692634
31.600021
0 -83.689812
31.59797
0 -83.68777
31.59747
0 -83.686332
31.597747
0 -83.684373
31.596842
0 -83.683191
31.59718
0 -83.682165
31.598765
0 -83.682311
31.600169
0 -83.677667
31.600874
0 -83.67604
31.599708
0 -83.675595
31.597611
0 -83.674132
31.596539
0 -83.673726
31.595437
0 -83.671667
31.594698
0 -83.669978
31.595137
0 -83.669071
31.593856
0 -83.668802
31.592158
0 -83.669493
31.591461
0 -83.667891
31.588697
0 -83.668725
31.587955
0 -83.66769
31.585871
0 -83.672661
31.581719
0 -83.672353
31.578317
0 -83.672701
31.576183
0 -83.67154
31.574119
0 -83.671407
31.571834
0 -83.66737
31.56768
0 -83.663757
31.565629
0 -83.661104
31.565878
0 -83.659564
31.566872
0 -83.659277
31.568738
0 -83.6566
31.569631
0 -83.654075
31.571063
0 -83.652356
31.569467
0 -83.649384
31.567977
0 -83.648972
31.596466
0 -83.628828
31.596739
0 -83.619331
31.596331
0 -83.605142
31.597921
0 -83.60385
31.59782
0 -83.588848
31.595179
0 -83.584664
31.595701
0 -83.574768
31.596788
0 -83.543396
31.595888
0 -83.531441
31.594543
0 -83.500702
31.59399
0 -83.499885
31.619458
0 -83.491647
31.61941
0 -83.491325
31.635463
0 -83.490951
31.670143
0 -83.49057
31.676699
0 -83.49064
31.688167
0 -83.490526
31.690884
0 -83.490672
31.696093
0 -83.463264
31.695463
0 -83.460637
31.69539
0 -83.461205
31.699444
0 -83.459839
31.703245
0 -83.458801
31.704508
0 -83.455246
31.705688
0 -83.452919
31.708597
0 -83.453789
31.711975
0 -83.455719
31.716518
0 -83.456169
31.719002
0 -83.456184
31.722874
0 -83.458305
31.724094
0 -83.459443
31.725918
0 -83.460513
31.725952
0 -83.463142
31.729078
0 -83.463722
31.731659
0 -83.463341
31.733664
0 -83.463921
31.736189
0 -83.465691
31.738811
0 -83.466637
31.741806
0 -83.463631
31.741884
0 -83.461937
31.743137
0 -83.459602
31.745995
0 -83.457787
31.747005
0 -83.457001
31.748386
0 -83.453967
31.749599
0 -83.452696
31.750599
0 -83.452179
31.752165
0 -83.453178
31.755268
0 -83.454224
31.756752
0 -83.453634
31.757861
0 -83.452263
31.759842
0 -83.452545
31.763027
0 -83.454735
31.766956
0 -83.455055
31.769287
0 -83.454346
31.770908
0 -83.454613
31.77397
0 -83.455277
31.776115
0 -83.455132
31.778286
0 -83.456253
31.779291
0 -83.459351
31.779955
0 -83.460098
31.782673
0 -83.459175
31.785572
0 -83.458138
31.785755
0 -83.457413
31.787947
0 -83.459015
31.791031
0 -83.45887
31.793612
0 -83.45919
31.794298
0 -83.461624
31.795189
0 -83.465126
31.797131
0 -83.466606
31.802727
0 -83.468346
31.803368
0 -83.470131
31.805788
0 -83.472664
31.807022
0 -83.473808
31.809124
0 -83.474747
31.813784
0 -83.474167
31.817438
0 -83.477646
31.820156
0 -83.478569
31.823584
0 -83.477417
31.825432
0 -83.477615
31.826918
0 -83.476547
31.828836
0 -83.477592
31.831051
0 -83.478981
31.832445
0 -83.481552
31.833906
0 -83.484373
31.834826
0 -83.484529
31.835521
0 -83.483119
31.838738
0 -83.481512
31.840233
0 -83.481247
31.841823
0 -83.479812
31.844651
0 -83.480176
31.847312
0 -83.531199
31.847847
0 -83.534478
31.84766
0 -83.547524
31.847961
0 -83.54164
31.853102
0 -83.584522
31.853612
0 -83.587072
31.854031
0 -83.589498
31.853751
0 -83.612256
31.854089
0 -83.612642
31.804128
0 -83.613492
31.804113
0 -83.624758
31.803919
0 -83.651154
31.804288
0 -83.749227
31.804515
0 -83.749893
31.80427
0 -83.802223
31.803495
0 