-81.712279
40.371098
0 -81.712288
40.370804
0 -81.710425
40.370688
0 -81.70015
40.370584
0 -81.684161
40.36997
0 -81.68323
40.369944
0 -81.682634
40.370036
0 -81.681446
40.369998
0 -81.622273
40.368272
0 -81.61603
40.368118
0 -81.616576
40.362833
0 -81.61802
40.330488
0 -81.617899
40.324902
0 -81.61896
40.296813
0 -81.619028
40.295024
0 -81.619478
40.283432
0 -81.620031
40.273535
0 -81.620151
40.271443
0 -81.620703
40.263091
0 -81.620596
40.262637
0 -81.62059
40.26254
0 -81.621116
40.254194
0 -81.621056
40.251383
0 -81.622683
40.221308
0 -81.552701
40.219643
0 -81.552394
40.219642
0 -81.528028
40.219027
0 -81.524608
40.218951
0 -81.51799
40.218825
0 -81.511344
40.218675
0 -81.505007
40.218545
0 -81.487045
40.217922
0 -81.437058
40.216638
0 -81.43325
40.21654
0 -81.429948
40.216453
0 -81.411858
40.216018
0 -81.338057
40.214253
0 -81.337524
40.229877
0 -81.337401
40.23053
0 -81.335389
40.288189
0 -81.335239
40.2915
0 -81.334601
40.304316
0 -81.327787
40.304048
0 -81.32508
40.30416
0 -81.284886
40.30344
0 -81.275319
40.303434
0 -81.274142
40.332632
0 -81.273695
40.345465
0 -81.273148
40.357547
0 -81.27254
40.369099
0 -81.27172
40.3891
0 -81.271224
40.398908
0 -81.269951
40.433486
0 -81.268434
40.476714
0 -81.26827
40.482759
0 -81.26747
40.506112
0 -81.267112
40.513477
0 -81.266385
40.529668
0 -81.264902
40.561635
0 -81.264744
40.565042
0 -81.268575
40.565158
0 -81.277052
40.565414
0 -81.321659
40.566648
0 -81.321006
40.579308
0 -81.319138
40.615479
0 -81.317983
40.644557
0 -81.317739
40.651579
0 -81.352486
40.652267
0 -81.355497
40.65232
0 -81.361689
40.652408
0 -81.374926
40.652564
0 -81.393239
40.652838
0 -81.41279
40.653096
0 -81.434018
40.653313
0 -81.447059
40.653459
0 -81.44609
40.654471
0 -81.442509
40.656206
0 -81.440986
40.657383
0 -81.435996
40.658116
0 -81.435257
40.659131
0 -81.435928
40.660715
0 -81.438317
40.662994
0 -81.443995
40.663635
0 -81.448819
40.66517
0 -81.452354
40.665633
0 -81.455521
40.666582
0 -81.460224
40.666729
0 -81.462305
40.66448
0 -81.464781
40.659875
0 -81.46752
40.655843
0 -81.469927
40.65448
0 -81.47294
40.654478
0 -81.48732
40.652564
0 -81.502245
40.651337
0 -81.508912
40.650607
0 -81.510631
40.650421
0 -81.537606
40.647102
0 -81.553957
40.64533
0 -81.566188
40.644069
0 -81.577953
40.642764
0 -81.605045
40.639733
0 -81.649199
40.635106
0 -81.668971
40.632863
0 -81.669344
40.62804
0 -81.664782
40.627825
0 -81.662002
40.627788
0 -81.664253
40.591461
0 -81.664793
40.578757
0 -81.665641
40.554187
0 -81.666303
40.535422
0 -81.666817
40.516835
0 -81.666893
40.509784
0 -81.66752
40.501796
0 -81.667802
40.494627
0 -81.667762
40.487876
0 -81.668174
40.484666
0 -81.668723
40.471418
0 -81.668655
40.468099
0 -81.669654
40.443866
0 -81.682827
40.44423
0 -81.684203
40.444068
0 -81.696588
40.444343
0 -81.697402
40.444374
0 -81.698745
40.444408
0 -81.704505
40.444511
0 -81.709132
40.444775
0 -81.709189
40.444004
0 -81.709246
40.443265
0 -81.709259
40.442761
0 -81.709504
40.43675
0 -81.711383
40.392179
0 -81.711469
40.389765
0 -81.712279
40.371098
0 