-83.61128
32.696222
0 -83.611569
32.694879
0 -83.610575
32.693177
0 -83.608586
32.692636
0 -83.608468
32.688015
0 -83.610418
32.688952
0 -83.609863
32.687181
0 -83.607597
32.686534
0 -83.60852
32.683996
0 -83.60583
32.682426
0 -83.606752
32.681413
0 -83.607009
32.679051
0 -83.605201
32.675677
0 -83.606586
32.673453
0 -83.60378
32.672013
0 -83.600268
32.671912
0 -83.599433
32.671038
0 -83.601168
32.66932
0 -83.599377
32.66928
0 -83.599273
32.668074
0 -83.597172
32.666877
0 -83.597656
32.664338
0 -83.596613
32.66409
0 -83.593979
32.666131
0 -83.593729
32.66507
0 -83.591013
32.665459
0 -83.5911
32.664065
0 -83.588445
32.664133
0 -83.588381
32.662974
0 -83.586409
32.662968
0 -83.585364
32.661785
0 -83.586116
32.660663
0 -83.584762
32.659744
0 -83.585611
32.657929
0 -83.583569
32.657239
0 -83.582508
32.658626
0 -83.58072
32.658721
0 -83.581018
32.656945
0 -83.58212
32.655153
0 -83.580272
32.655127
0 -83.579142
32.657058
0 -83.576827
32.657456
0 -83.574477
32.658728
0 -83.573143
32.658004
0 -83.571298
32.658671
0 -83.570615
32.657266
0 -83.570584
32.659379
0 -83.569415
32.660019
0 -83.566358
32.65929
0 -83.566198
32.660786
0 -83.564742
32.659702
0 -83.56285
32.659668
0 -83.56085
32.657972
0 -83.561777
32.654004
0 -83.560434
32.653843
0 -83.558833
32.652034
0 -83.556322
32.652755
0 -83.555696
32.65226
0 -83.556673
32.650371
0 -83.555181
32.650131
0 -83.554525
32.648786
0 -83.555102
32.647602
0 -83.557034
32.648111
0 -83.557809
32.649648
0 -83.558419
32.648798
0 -83.557535
32.644771
0 -83.555183
32.644323
0 -83.55089
32.640673
0 -83.549291
32.641976
0 -83.548744
32.639239
0 -83.551065
32.636533
0 -83.550969
32.634788
0 -83.549626
32.634259
0 -83.547255
32.630995
0 -83.546343
32.632348
0 -83.545134
32.632174
0 -83.546328
32.630468
0 -83.545991
32.629249
0 -83.5441
32.628681
0 -83.544984
32.626786
0 -83.542949
32.625791
0 -83.54312
32.625157
0 -83.543944
32.622334
0 -83.541901
32.62088
0 -83.541497
32.620254
0 -83.541737
32.619957
0 -83.543145
32.619847
0 -83.544325
32.61959
0 -83.544651
32.618011
0 -83.545917
32.617098
0 -83.546485
32.61683
0 -83.5481
32.617134
0 -83.548973
32.61636
0 -83.547208
32.615367
0 -83.546876
32.615057
0 -83.546911
32.614714
0 -83.547515
32.614089
0 -83.547481
32.613543
0 -83.54648
32.612555
0 -83.546168
32.611776
0 -83.546144
32.610507
0 -83.545017
32.610144
0 -83.544478
32.610864
0 -83.544042
32.61103
0 -83.54373
32.611027
0 -83.543526
32.610864
0 -83.543556
32.609368
0 -83.541918
32.60853
0 -83.542119
32.608141
0 -83.543292
32.608432
0 -83.543946
32.608007
0 -83.542504
32.606672
0 -83.542164
32.606779
0 -83.541383
32.607411
0 -83.540925
32.607563
0 -83.540414
32.607459
0 -83.540286
32.607199
0 -83.540807
32.60624
0 -83.54074
32.605764
0 -83.53935
32.604037
0 -83.537983
32.602851
0 -83.538114
32.602629
0 -83.540297
32.602639
0 -83.540635
32.601615
0 -83.540853
32.600803
0 -83.541584
32.599898
0 -83.541726
32.599252
0 -83.541366
32.596327
0 -83.540628
32.594808
0 -83.540505
32.591932
0 -83.539989
32.590618
0 -83.537241
32.588386
0 -83.538782
32.586347
0 -83.540373
32.587338
0 -83.54001
32.584756
0 -83.538608
32.583883
0 -83.537903
32.586039
0 -83.535053
32.586568
0 -83.534247
32.585284
0 -83.536006
32.583858
0 -83.536405
32.580995
0 -83.536035
32.576589
0 -83.536383
32.575034
0 -83.537016
32.574567
0 -83.540691
32.577308
0 -83.541263
32.577377
0 -83.54362
32.57423
0 -83.544975
32.574255
0 -83.548002
32.572955
0 -83.548147
32.571922
0 -83.547812
32.567141
0 -83.548416
32.564574
0 -83.547836
32.562877
0 -83.546013
32.563324
0 -83.545929
32.560328
0 -83.547831
32.560082
0 -83.547356
32.558971
0 -83.545685
32.558777
0 -83.544807
32.557685
0 -83.545853
32.557125
0 -83.545433
32.555816
0 -83.54448
32.555833
0 -83.543989
32.557212
0 -83.543173
32.557135
0 -83.54112
32.554988
0 -83.539771
32.555844
0 -83.538689
32.555366
0 -83.539818
32.553871
0 -83.538317
32.552189
0 -83.538696
32.550952
0 -83.540191
32.551225
0 -83.541753
32.550204
0 -83.540338
32.548077
0 -83.537624
32.547883
0 -83.536202
32.5443
0 -83.536124
32.543162
0 -83.537428
32.541217
0 -83.53945
32.541874
0 -83.539826
32.540633
0 -83.539169
32.537506
0 -83.537514
32.536323
0 -83.537483
32.53434
0 -83.535772
32.533538
0 -83.535376
32.530405
0 -83.535696
32.529058
0 -83.537964
32.527445
0 -83.538238
32.525926
0 -83.539907
32.52451
0 -83.539162
32.523995
0 -83.537005
32.52478
0 -83.537476
32.523207
0 -83.536742
32.522661
0 -83.535905
32.523603
0 -83.533156
32.523587
0 -83.532504
32.522367
0 -83.534821
32.521141
0 -83.534004
32.520214
0 -83.533722
32.5182
0 -83.53421
32.517086
0 -83.532532
32.516273
0 -83.530525
32.51823
0 -83.528908
32.514319
0 -83.527306
32.51326
0 -83.527496
32.511809
0 -83.526405
32.511578
0 -83.523815
32.512535
0 -83.52305
32.510807
0 -83.521061
32.511011
0 -83.521296
32.509503
0 -83.520119
32.507674
0 -83.521673
32.50735
0 -83.522658
32.505816
0 -83.523941
32.506559
0 -83.52395
32.504928
0 -83.52203
32.50385
0 -83.521118
32.502207
0 -83.520188
32.502505
0 -83.519924
32.503874
0 -83.518486
32.504359
0 -83.518472
32.499297
0 -83.517935
32.498908
0 -83.513899
32.499329
0 -83.512862
32.498503
0 -83.514899
32.497242
0 -83.511705
32.495064
0 -83.50703
32.492649
0 -83.50253
32.491252
0 -83.500151
32.489911
0 -83.497254
32.489066
0 -83.494957
32.489908
0 -83.492712
32.489614
0 -83.49218
32.486763
0 -83.491217
32.485838
0 -83.488421
32.485138
0 -83.488888
32.48384
0 -83.491963
32.483598
0 -83.493087
32.481882
0 -83.493928
32.482356
0 -83.49404
32.484164
0 -83.495367
32.484065
0 -83.498668
32.481643
0 -83.4982
32.48005
0 -83.495281
32.480747
0 -83.4926
32.479961
0 -83.492467
32.479042
0 -83.493827
32.47714
0 -83.49155
32.476931
0 -83.490812
32.478173
0 -83.489302
32.476906
0 -83.49057
32.475518
0 -83.49476
32.474904
0 -83.497254
32.472589
0 -83.49674
32.471116
0 -83.493997
32.472223
0 -83.493593
32.471254
0 -83.494902
32.470311
0 -83.494172
32.468856
0 -83.492072
32.468173
0 -83.492469
32.467093
0 -83.494578
32.466571
0 -83.495132
32.465632
0 -83.494794
32.462584
0 -83.494111
32.461784
0 -83.492014
32.461796
0 -83.489829
32.459091
0 -83.489813
32.457575
0 -83.491698
32.456256
0 -83.494687
32.456437
0 -83.495421
32.455264
0 -83.497908
32.453853
0 -83.497923
32.452198
0 -83.408844
32.495713
0 -83.410106
32.497725
0 -83.410968
32.500205
0 -83.412055
32.502091
0 -83.408006
32.503674
0 -83.403526
32.505417
0 -83.400041
32.500157
0 -83.368095
32.51559
0 -83.297816
32.549746
0 -83.244293
32.574946
0 -83.234413
32.579475
0 -83.233384
32.580135
0 -83.226536
32.584201
0 -83.229393
32.588884
0 -83.238348
32.602043
0 -83.238456
32.602205
0 -83.242851
32.60876
0 -83.245323
32.613195
0 -83.251501
32.623997
0 -83.252067
32.625179
0 -83.299985
32.709696
0 -83.334556
32.770558
0 -83.370471
32.833909
0 -83.40699
32.89822
0 -83.407668
32.897822
0 -83.487047
32.858126
0 -83.49987
32.851696
0 -83.513511
32.844868
0 -83.504991
32.837449
0 -83.48943
32.82406
0 -83.49658
32.818429
0 -83.495568
32.817366
0 -83.498364
32.815545
0 -83.498408
32.814529
0 -83.496984
32.812672
0 -83.498821
32.810575
0 -83.496479
32.806949
0 -83.49577
32.807575
0 -83.492938
32.805149
0 -83.498463
32.800813
0 -83.50179
32.801526
0 -83.502603
32.801119
0 -83.516238
32.789896
0 -83.553843
32.758904
0 -83.578715
32.738118
0 -83.585593
32.744836
0 -83.592952
32.738857
0 -83.59902
32.743442
0 -83.60236
32.741267
0 -83.599124
32.740448
0 -83.598829
32.73977
0 -83.601719
32.738779
0 -83.600966
32.737223
0 -83.599514
32.736522
0 -83.597609
32.736685
0 -83.598051
32.735306
0 -83.599945
32.733759
0 -83.595869
32.732959
0 -83.595372
32.731554
0 -83.597177
32.731822
0 -83.599922
32.730229
0 -83.599929
32.729323
0 -83.597262
32.729328
0 -83.596626
32.727894
0 -83.597998
32.726895
0 -83.598761
32.724794
0 -83.600652
32.725335
0 -83.600485
32.72386
0 -83.598626
32.723267
0 -83.600364
32.721356
0 -83.599044
32.719749
0 -83.598865
32.718352
0 -83.599828
32.718062
0 -83.601234
32.719993
0 -83.602563
32.719236
0 -83.604177
32.717269
0 -83.6029
32.716943
0 -83.601549
32.717948
0 -83.600237
32.716195
0 -83.601427
32.715262
0 -83.600729
32.71409
0 -83.598625
32.713391
0 -83.597155
32.714686
0 -83.597164
32.712035
0 -83.598835
32.711737
0 -83.598661
32.709809
0 -83.600507
32.708232
0 -83.599694
32.706763
0 -83.600083
32.703712
0 -83.602683
32.701155
0 -83.604817
32.701307
0 -83.602279
32.699787
0 -83.603893
32.699526
0 -83.606905
32.701542
0 -83.608437
32.699267
0 -83.610262
32.698836
0 -83.609635
32.696607
0 -83.61128
32.696222
0 