-76.403819
35.788652
0 -76.405993
35.785045
0 -76.395283
35.697469
0 -76.374647
35.696358
0 -76.372123
35.696365
0 -76.317096
35.693341
0 -76.269325
35.690722
0 -76.297867
35.609034
0 -76.293135
35.607118
0 -76.287529
35.60526
0 -76.285595
35.605052
0 -76.28394
35.605944
0 -76.280911
35.60656
0 -76.279061
35.60546
0 -76.275668
35.605732
0 -76.273255
35.607195
0 -76.270366
35.607903
0 -76.269385
35.607627
0 -76.265521
35.603479
0 -76.26454
35.603295
0 -76.262632
35.604255
0 -76.261147
35.603727
0 -76.255987
35.603837
0 -76.252564
35.605803
0 -76.248316
35.603801
0 -76.246884
35.602566
0 -76.243492
35.602753
0 -76.238444
35.60214
0 -76.236732
35.601271
0 -76.233022
35.600551
0 -76.229693
35.599606
0 -76.22591
35.601556
0 -76.224508
35.601442
0 -76.22187
35.599361
0 -76.216653
35.59806
0 -76.214298
35.597993
0 -76.211946
35.600353
0 -76.209872
35.601614
0 -76.207828
35.603677
0 -76.207771
35.605443
0 -76.204937
35.607307
0 -76.20747
35.609699
0 -76.205957
35.610777
0 -76.203854
35.610549
0 -76.201416
35.612177
0 -76.201195
35.615337
0 -76.199512
35.615269
0 -76.198111
35.616713
0 -76.199963
35.617353
0 -76.199823
35.618223
0 -76.195535
35.620287
0 -76.196012
35.621317
0 -76.199491
35.622139
0 -76.199043
35.622941
0 -76.196378
35.622668
0 -76.196521
35.625164
0 -76.195738
35.627431
0 -76.196412
35.628209
0 -76.194785
35.628714
0 -76.195124
35.631256
0 -76.196947
35.631002
0 -76.198661
35.633658
0 -76.196725
35.63327
0 -76.195969
35.63414
0 -76.197485
35.635559
0 -76.196784
35.636246
0 -76.194511
35.635515
0 -76.193953
35.639026
0 -76.192996
35.640776
0 -76.194234
35.640996
0 -76.193027
35.643726
0 -76.193261
35.645657
0 -76.19217
35.64638
0 -76.190159
35.646167
0 -76.188241
35.647885
0 -76.184126
35.648409
0 -76.181366
35.652582
0 -76.177888
35.654572
0 -76.17769
35.655313
0 -76.1799
35.656307
0 -76.179956
35.657608
0 -76.178709
35.659993
0 -76.180383
35.661236
0 -76.181267
35.666521
0 -76.179607
35.666743
0 -76.178004
35.665068
0 -76.175962
35.664812
0 -76.175317
35.66552
0 -76.176342
35.667642
0 -76.175561
35.670032
0 -76.175535
35.672559
0 -76.172859
35.672685
0 -76.170832
35.671648
0 -76.16981
35.672212
0 -76.170608
35.674313
0 -76.173638
35.676179
0 -76.175436
35.67866
0 -76.175375
35.679622
0 -76.172284
35.681232
0 -76.172601
35.683088
0 -76.175305
35.6843
0 -76.176269
35.685359
0 -76.176071
35.690441
0 -76.174596
35.691162
0 -76.16889
35.690491
0 -76.166931
35.691834
0 -76.167534
35.692585
0 -76.170931
35.693912
0 -76.172863
35.695942
0 -76.172137
35.697237
0 -76.169814
35.698447
0 -76.168125
35.698682
0 -76.165175
35.696126
0 -76.162383
35.695778
0 -76.157833
35.696966
0 -76.154016
35.698451
0 -76.151161
35.698988
0 -76.143577
35.702741
0 -76.141135
35.702581
0 -76.137848
35.70062
0 -76.132558
35.692783
0 -76.131053
35.691223
0 -76.127512
35.690983
0 -76.12448
35.69253
0 -76.119914
35.69259
0 -76.118001
35.690539
0 -76.118969
35.686879
0 -76.11972
35.685855
0 -76.12082
35.681692
0 -76.117985
35.678518
0 -76.114162
35.677867
0 -76.108782
35.678886
0 -76.104147
35.678197
0 -76.101449
35.675327
0 -76.099622
35.671429
0 -76.098261
35.670148
0 -76.095209
35.669314
0 -76.092612
35.669434
0 -76.089977
35.671407
0 -76.088747
35.673353
0 -76.086091
35.67487
0 -76.083861
35.675201
0 -76.079769
35.673807
0 -76.077584
35.672414
0 -76.074743
35.671594
0 -76.070981
35.671661
0 -76.063885
35.674939
0 -76.0592
35.675023
0 -76.056689
35.673837
0 -76.051882
35.670393
0 -76.049804
35.668562
0 -76.0451063961439
35.6656986282013
0 -76.043982
35.671642
0 -76.041277
35.674025
0 -76.036376
35.688439
0 -76.03846
35.691935
0 -76.041368
35.692878
0 -76.042081
35.69616
0 -76.043507
35.700406
0 -76.048023
35.700985
0 -76.050637
35.704653
0 -76.054915
35.702723
0 -76.05753
35.707162
0 -76.060144
35.708706
0 -76.058956
35.7116
0 -76.060857
35.716811
0 -76.056579
35.71932
0 -76.052301
35.727038
0 -76.05135
35.732826
0 -76.04831
35.73708
0 -76.048973
35.745559
0 -76.051588
35.753275
0 -76.055866
35.760219
0 -76.054915
35.767354
0 -76.053252
35.775068
0 -76.053014
35.797819
0 -76.05027
35.801486
0 -76.05135
35.803988
0 -76.050485
35.806689
0 -76.054915
35.810542
0 -76.055866
35.814397
0 -76.061333
35.819986
0 -76.063472
35.824033
0 -76.062759
35.828272
0 -76.0647656977641
35.8325625255562
0 -76.065373
35.833861
0 -76.063472
35.839063
0 -76.062283
35.842339
0 -76.061909
35.848678
0 -76.063203
35.853433
0 -76.058243
35.862374
0 -76.052776
35.865841
0 -76.046017
35.870275
0 -76.045408
35.884522
0 -76.040179
35.894728
0 -76.032811
35.901467
0 -76.027548
35.904716
0 -76.0275487734681
35.9047207044134
0 -76.028533
35.910707
0 -76.025205
35.913595
0 -76.020689
35.915327
0 -76.0176
35.919369
0 -76.012846
35.921872
0 -76.015223
35.926876
0 -76.020452
35.932457
0 -76.017076
35.945535
0 -76.015162
35.95319
0 -76.01142
35.954201
0 -76.016773
35.962681
0 -76.024968
35.969784
0 -76.03495
35.976132
0 -76.053965
35.987095
0 -76.062521
35.990749
0 -76.067988
35.990364
0 -76.074554
35.991132
0 -76.07702
35.989018
0 -76.083131
35.989845
0 -76.101501
35.99171
0 -76.119564
35.991518
0 -76.127645
35.990172
0 -76.132637
35.989402
0 -76.148323
35.994787
0 -76.155929
35.993249
0 -76.1643720724995
35.9939860477158
0 -76.170523
35.994523
0 -76.177083
35.991518
0 -76.180648
35.988056
0 -76.185639
35.988056
0 -76.190393
35.987479
0 -76.198712
35.986518
0 -76.205392
35.987562
0 -76.22034
35.984402
0 -76.223193
35.981709
0 -76.236503
35.979017
0 -76.244108
35.979594
0 -76.245297
35.976709
0 -76.259795
35.973054
0 -76.271679
35.972285
0 -76.274294
35.968245
0 -76.282595
35.967533
0 -76.287604
35.964975
0 -76.313511
35.948814
0 -76.314699
35.94535
0 -76.3204065395975
35.9417561070317
0 -76.325395
35.938615
0 -76.329281
35.939232
0 -76.33514
35.939
0 -76.34536
35.940732
0 -76.34845
35.942272
0 -76.353441
35.940732
0 -76.353441
35.938423
0 -76.356531
35.937076
0 -76.360334
35.936691
0 -76.364137
35.935536
0 -76.3662210570925
35.9347574302736
0 -76.367419
35.932364
0 -76.36777
35.92974
0 -76.370746
35.92756
0 -76.370566
35.926486
0 -76.374603
35.921142
0 -76.379915
35.914655
0 -76.378739
35.911664
0 -76.372915
35.89916
0 -76.369428
35.883345
0 -76.359886
35.875164
0 -76.353661
35.861591
0 -76.353444
35.861513
0 -76.365512
35.843746
0 -76.36644
35.842945
0 -76.403819
35.788652
0 