-111.046615850568
41.1560399199167
0 -111.046723
40.997959
0 -111.046432297823
40.9979579078879
0 -111.033831339271
40.997910568512
0 -110.872180927572
40.997303279029
0 -110.86480193404
40.9972755575706
0 -110.750727
40.996847
0 -110.729799249218
40.9965539024568
0 -110.715026
40.996347
0 -110.606820908805
40.9963463824157
0 -110.545663000048
40.9963460333548
0 -110.539819
40.996346
0 -110.500718
40.994746
0 -110.375714
40.994947
0 -110.282572048475
40.9957979108327
0 -110.250709
40.996089
0 -110.237848
40.995427
0 -110.125709
40.99655
0 -110.121639
40.997101
0 -110.048476427506
40.9975546760644
0 -110.048645
41.040083
0 -110.048989
41.229152
0 -110.048835
41.402172
0 -110.04859
41.40424
0 -110.048895
41.4649
0 -110.048
41.578015
0 -110.062787
41.577519
0 -110.278119
41.578426
0 -110.338837
41.578754
0 -110.342037
41.578936
0 -110.579563
41.579166
0 -110.583668
41.579164
0 -110.584899
41.579164
0 -111.045818464842
41.5798449482258
0 -111.045789
41.565571
0 -111.045900228888
41.5215852433386
0 -111.046264
41.377731
0 -111.0466
41.360692
0 -111.046566305334
41.2857550631726
0 -111.046551
41.251716
0 -111.046551060424
41.251626854311
0 -111.046553445915
41.2481074647978
0 -111.04658543095
41.2009189379332
0 -111.046615850568
41.1560399199167
0 