-82.614362
36.003506
0 -82.615062
36.000306
0 -82.613028
35.994
0 -82.612604
35.993488
0 -82.606944
35.99217
0 -82.604239
35.987319
0 -82.60674
35.984446
0 -82.610885
35.974442
0 -82.611602
35.971418
0 -82.610889
35.967409
0 -82.6104396109143
35.9672098781097
0 -82.6094215157347
35.9667587656037
0 -82.607761
35.966023
0 -82.60037
35.964626
0 -82.59486
35.965347
0 -82.591977
35.966385
0 -82.581003
35.965557
0 -82.577719
35.964196
0 -82.576678
35.959255
0 -82.57517
35.958384
0 -82.567503
35.955552
0 -82.557874
35.953901
0 -82.553192
35.960627
0 -82.549682
35.964275
0 -82.542463
35.967994
0 -82.5394531368211
35.9690516980011
0 -82.539273
35.969115
0 -82.534763
35.969887
0 -82.531292
35.972188
0 -82.522702
35.973436
0 -82.52066
35.974633
0 -82.516444
35.975958
0 -82.512598
35.975664
0 -82.507068
35.977475
0 -82.505384
35.97768
0 -82.500206
35.982561
0 -82.487451
35.991557
0 -82.487411
35.991634
0 -82.4858344936302
35.992334861778
0 -82.484678
35.992849
0 -82.483666
35.993866
0 -82.483498
35.996284
0 -82.482292
35.997823
0 -82.47419
36.000108
0 -82.464558
36.006508
0 -82.460658
36.007809
0 -82.4605979612321
36.0078976509932
0 -82.4166726774398
36.0727560778428
0 -82.4166710552352
36.0727584731292
0 -82.409458
36.083409
0 -82.404458
36.087609
0 -82.389958
36.096909
0 -82.3878377317988
36.0974446467035
0 -82.380458
36.099309
0 -82.378758
36.102809
0 -82.375558
36.105609
0 -82.371383
36.106388
0 -82.366566
36.10765
0 -82.360919
36.110614
0 -82.3609060580864
36.1106369131745
0 -82.360357
36.111609
0 -82.355157
36.115609
0 -82.349957
36.117109
0 -82.348422
36.115929
0 -82.346857
36.115209
0 -82.336756
36.114909
0 -82.332289
36.116935
0 -82.329177
36.117427
0 -82.32557959503
36.1191646686681
0 -82.325169
36.119363
0 -82.321448
36.119551
0 -82.318156
36.12091
0 -82.308655
36.12651
0 -82.307255
36.12851
0 -82.302855
36.13131
0 -82.297655
36.13351
0 -82.2975076775805
36.1335495255272
0 -82.289455
36.13571
0 -82.288455
36.13541
0 -82.280354
36.12881
0 -82.278654
36.12851
0 -82.274054
36.12941
0 -82.270954
36.12761
0 -82.26875
36.12704
0 -82.26569
36.127614
0 -82.263354
36.13011
0 -82.260353
36.13371
0 -82.256319
36.133925
0 -82.253253
36.13371
0 -82.251853
36.13221
0 -82.247521
36.130865
0 -82.2457523079737
36.1319701435144
0 -82.244461
36.132777
0 -82.243353
36.134311
0 -82.241553
36.137111
0 -82.237737
36.139189
0 -82.236415
36.139926
0 -82.235479
36.140748
0 -82.234807
36.14172
0 -82.23306348211
36.1430310484272
0 -82.228288
36.146622
0 -82.224852
36.150011
0 -82.223232
36.154772
0 -82.222052
36.156911
0 -82.222652
36.160411
0 -82.223452
36.161911
0 -82.223352
36.163611
0 -82.224552
36.165111
0 -82.222352
36.167311
0 -82.224552
36.169311
0 -82.225753
36.176211
0 -82.225753
36.177511
0 -82.228153
36.178911
0 -82.228653
36.180511
0 -82.227753
36.182011
0 -82.228453
36.183711
0 -82.227653
36.184811
0 -82.228753
36.187311
0 -82.228953
36.19051
0 -82.231753
36.19241
0 -82.232453
36.19401
0 -82.234354
36.19521
0 -82.235254
36.19661
0 -82.236954
36.19731
0 -82.237954
36.19901
0 -82.240193
36.201347
0 -82.243254
36.204009
0 -82.247455
36.206809
0 -82.251555
36.206209
0 -82.252655
36.207009
0 -82.255955
36.207209
0 -82.258807
36.208754
0 -82.263181
36.209613
0 -82.265404
36.208725
0 -82.267955
36.210109
0 -82.266156
36.212209
0 -82.264156
36.213209
0 -82.262256
36.216309
0 -82.262456
36.218109
0 -82.258656
36.221109
0 -82.257556
36.223009
0 -82.255755
36.223709
0 -82.254955
36.224848
0 -82.256356
36.226409
0 -82.257456
36.229509
0 -82.256556
36.230908
0 -82.256356
36.233208
0 -82.269894
36.239345
0 -82.278857
36.243408
0 -82.284568
36.252011
0 -82.319472
36.260585
0 -82.319613
36.260583
0 -82.321751
36.259623
0 -82.323476
36.258847
0 -82.33567
36.253475
0 -82.337262
36.253533
0 -82.34046
36.252807
0 -82.346641
36.250864
0 -82.351861
36.247107
0 -82.353561
36.246707
0 -82.353661
36.245307
0 -82.355161
36.244607
0 -82.355761
36.242807
0 -82.357661
36.241407
0 -82.356861
36.237607
0 -82.357561
36.236707
0 -82.35676
36.230007
0 -82.35826
36.228407
0 -82.360816
36.227222
0 -82.365885
36.222199
0 -82.365614
36.220124
0 -82.367948
36.218193
0 -82.370522
36.217231
0 -82.368638
36.212125
0 -82.37039
36.210299
0 -82.370961
36.209507
0 -82.372133
36.209525
0 -82.377261
36.207707
0 -82.380761
36.203707
0 -82.383261
36.203707
0 -82.388761
36.201407
0 -82.389961
36.199507
0 -82.391561
36.19925
0 -82.393161
36.199207
0 -82.398461
36.196707
0 -82.401362
36.194807
0 -82.401061
36.191207
0 -82.403361
36.190607
0 -82.404661
36.189607
0 -82.407762
36.188707
0 -82.409262
36.187607
0 -82.411062
36.184707
0 -82.41233
36.184281
0 -82.414362
36.182407
0 -82.416662
36.179207
0 -82.416562
36.175007
0 -82.418362
36.174507
0 -82.418062
36.172907
0 -82.416761
36.171107
0 -82.416061
36.168407
0 -82.416461
36.167107
0 -82.420661
36.163207
0 -82.424162
36.164407
0 -82.429262
36.164007
0 -82.431862
36.161507
0 -82.432184
36.158301
0 -82.434562
36.155607
0 -82.435862
36.154907
0 -82.441518
36.154779
0 -82.487564
36.155706
0 -82.527605
36.148951
0 -82.527909
36.148716
0 -82.594404
36.096647
0 -82.595065
36.096205
0 -82.5772
36.078387
0 -82.591263
36.056906
0 -82.602877
36.039833
0 -82.601663
36.038006
0 -82.601763
36.036006
0 -82.600064
36.036293
0 -82.596042
36.036606
0 -82.591964
36.035706
0 -82.590963
36.033606
0 -82.590763
36.031906
0 -82.594873
36.029598
0 -82.600163
36.025706
0 -82.601763
36.024307
0 -82.603963
36.021307
0 -82.602864
36.017907
0 -82.6033
36.01734
0 -82.606964
36.016307
0 -82.608263
36.015307
0 -82.609363
36.011407
0 -82.607563
36.010207
0 -82.608462
36.008307
0 -82.611862
36.006206
0 -82.613862
36.004706
0 -82.614362
36.003506
0 