-84.8033131127221
40.9893939621464
0 -84.803313
40.989209
0 -84.8029360779022
40.9225675776629
0 -84.802935
40.922377
0 -84.8028085492839
40.9022480295312
0 -84.8023840981063
40.8346820601262
0 -84.8022611069499
40.8151037972909
0 -84.80217
40.800601
0 -84.8024736320681
40.7716519925498
0 -84.802538
40.765515
0 -84.8023231601843
40.747177
0 -84.802266
40.742298
0 -84.802119
40.728163
0 -84.8021191106487
40.7281459369047
0 -84.689163
40.727705
0 -84.634405
40.727635
0 -84.571501
40.727969
0 -84.494349
40.728213
0 -84.456172
40.728306
0 -84.45618
40.684862
0 -84.396778
40.684926
0 -84.397115
40.765045
0 -84.397178
40.783812
0 -84.397189
40.786584
0 -84.397374
40.815941
0 -84.359167
40.816079
0 -84.340101
40.816143
0 -84.340245
40.828383
0 -84.340252
40.828928
0 -84.340305
40.833816
0 -84.340356
40.839719
0 -84.340381
40.845043
0 -84.340443
40.847124
0 -84.340415
40.849138
0 -84.340531
40.859099
0 -84.340573
40.859783
0 -84.340615
40.875575
0 -84.340695
40.881906
0 -84.340781
40.888689
0 -84.340969
40.903596
0 -84.350619
40.903579
0 -84.398407
40.903265
0 -84.399135
40.965336
0 -84.399486
40.990315
0 -84.457198
40.990134
0 -84.476418
40.9901
0 -84.572657
40.989865
0 -84.580303
40.989877
0 -84.591866
40.989792
0 -84.682535
40.989557
0 -84.688093
40.989577
0 -84.692895
40.989584
0 -84.7833
40.989471
0 -84.8033131127221
40.9893939621464
0 