-119.441226
34.014075
0 -119.442679
34.013134
0 -119.439281
34.011968
0 -119.437734
34.01
0 -119.433956
34.01076
0 -119.431081
34.008556
0 -119.427794
34.007842
0 -119.424673
34.007628
0 -119.422879
34.006166
0 -119.422483
34.00399
0 -119.418815
34.005902
0 -119.414591
34.005739
0 -119.407196
34.005191
0 -119.399795
34.003398
0 -119.391551
34.002505
0 -119.379273
34.009566
0 -119.376121632021
34.0107127401871
0 -119.376103246784
34.010719430326
0 -119.372367
34.012079
0 -119.357462
34.015919
0 -119.359199
34.016706
0 -119.363708
34.017396
0 -119.366591
34.016785
0 -119.373406
34.015441
0 -119.374486
34.014151
0 -119.383183
34.011249
0 -119.385028
34.00914
0 -119.389364
34.007341
0 -119.389983
34.006099
0 -119.393663
34.007
0 -119.396251
34.005918
0 -119.401726
34.006821
0 -119.404682
34.006822
0 -119.411317
34.008005
0 -119.421376
34.015012
0 -119.43005
34.015129
0 -119.433912
34.015975
0 -119.436648
34.013942
0 -119.441226
34.014075
0 