-87.942103
40.225482
0 -87.941759
40.20349
0 -87.941656
40.195882
0 -87.941318
40.170906
0 -87.941071
40.149444
0 -87.940933
40.141905
0 -87.940423
40.141912
0 -87.94014
40.120211
0 -87.939949
40.083635
0 -87.939622
40.07636
0 -87.939619
40.068683
0 -87.939534
40.054846
0 -87.939194
40.054499
0 -87.939031
40.01805
0 -87.938796
39.988862
0 -87.938612
39.967166
0 -87.938125
39.923365
0 -87.938081
39.919645
0 -87.938058
39.916087
0 -87.938006
39.910251
0 -87.938005
39.909718
0 -87.937951
39.908936
0 -87.937931
39.906678
0 -87.937645
39.879803
0 -87.927851
39.879851
0 -87.881934
39.88003
0 -87.881026
39.880044
0 -87.86514
39.8802
0 -87.827237
39.880559
0 -87.822984
39.880594
0 -87.80371
39.88069
0 -87.777484
39.880836
0 -87.77706
39.88087
0 -87.766115
39.881041
0 -87.759259
39.881155
0 -87.758949
39.880849
0 -87.733544
39.880911
0 -87.730471
39.880926
0 -87.692405
39.88096
0 -87.657683
39.881142
0 -87.654191
39.88091
0 -87.635176
39.881304
0 -87.615826
39.881621
0 -87.615182
39.88163
0 -87.617424
39.868489
0 -87.607128
39.868384
0 -87.604973
39.868612
0 -87.557513
39.868719
0 -87.581553
39.88229
0 -87.577648
39.88235
0 -87.5332268504449
39.8830000013537
0 -87.533227
39.883127
0 -87.5330873651416
39.9103573454426
0 -87.5328994556386
39.9470017817793
0 -87.5328903812967
39.9487713790481
0 -87.5328526469244
39.95613
0 -87.532776
39.971077
0 -87.53279
39.97501
0 -87.532683
39.977691
0 -87.5325623940267
39.9860487373409
0 -87.532542
39.987462
0 -87.532331
39.997776
0 -87.5322880313901
39.9999840006109
0 -87.532287
40.000037
0 -87.532308
40.011492
0 -87.532308
40.011587
0 -87.5323065235038
40.0118269909161
0 -87.5320175249496
40.0588010557754
0 -87.5318325671702
40.0888642467565
0 -87.5317431915443
40.1033914351668
0 -87.5316556363248
40.1176227332136
0 -87.5316529478335
40.1180597228255
0 -87.5316070616379
40.1255181031482
0 -87.531561
40.133005
0 -87.5317324001823
40.1427592285572
0 -87.531759
40.144273
0 -87.531439
40.148027
0 -87.5314376605081
40.1481233164708
0 -87.5314347879018
40.1483298718856
0 -87.5311336021014
40.1699867057579
0 -87.531133
40.17003
0 -87.531032698018
40.1771932058073
0 -87.530828
40.191812
0 -87.5308277456112
40.1918297171436
0 -87.5307971857266
40.1939580888168
0 -87.5307188778949
40.1994119108184
0 -87.5304982482295
40.2147778697192
0 -87.5301936259532
40.2359935723665
0 -87.529992
40.250036
0 -87.530054
40.250671
0 -87.5297223073491
40.2722896945996
0 -87.5295027553091
40.286599413217
0 -87.5292420068335
40.3035941872801
0 -87.5288281233831
40.330569822375
0 -87.527939202577
40.3885069137649
0 -87.5279322548579
40.388959744473
0 -87.5272611663491
40.4326992047234
0 -87.526809
40.46217
0 -87.526549
40.475659
0 -87.526510746795
40.47687903307
0 -87.526502
40.477158
0 -87.5263789480033
40.4912367109821
0 -87.539248
40.490654
0 -87.593897
40.489692
0 -87.594953
40.489463
0 -87.633318
40.48863
0 -87.652769
40.488207
0 -87.689335
40.487957
0 -87.763518
40.488197
0 -87.847276
40.486953
0 -87.857721
40.486796
0 -87.873556
40.486503
0 -87.878446
40.486423
0 -87.897553
40.486237
0 -87.935309
40.485923
0 -87.93484
40.475889
0 -87.93462
40.4716
0 -87.933608
40.450231
0 -87.933598
40.44998
0 -87.93332
40.44277
0 -87.932944
40.432488
0 -87.93281
40.42834
0 -87.93222
40.41383
0 -87.93168
40.3994
0 -87.932858
40.399401
0 -87.93162
40.370903
0 -87.930417
40.317052
0 -87.930366
40.313377
0 -87.929986
40.285431
0 -87.929669
40.284413
0 -87.929442
40.269693
0 -87.92876
40.225619
0 -87.942103
40.225482
0 