-87.533227
39.883127
0 -87.5332268504449
39.8830000013537
0 -87.5331919693898
39.8533798300561
0 -87.5331565835056
39.8233309698726
0 -87.5331420387363
39.8109798939924
0 -87.533142
39.810947
0 -87.533056
39.803922
0 -87.5330579964034
39.7962568089461
0 -87.533057996624
39.7962559622338
0 -87.533058
39.796243
0 -87.533066
39.781743
0 -87.532907662945
39.7307632663694
0 -87.532853840168
39.7134339631797
0 -87.5328395128904
39.7088210139364
0 -87.5328322268755
39.7064751379569
0 -87.5327949249358
39.6944650437155
0 -87.5327031332237
39.6649108939862
0 -87.532703098394
39.6648996798854
0 -87.532703
39.664868
0 -87.532444
39.646102
0 -87.532365
39.646126
0 -87.5323214323173
39.6361050668555
0 -87.5321962235157
39.6073059903329
0 -87.500122
39.607318
0 -87.46281
39.607536
0 -87.437248
39.607636
0 -87.417217
39.607736
0 -87.382418
39.607937
0 -87.381289
39.615874
0 -87.381442
39.617354
0 -87.382602
39.619704
0 -87.386287
39.625037
0 -87.389024
39.628211
0 -87.390596
39.631144
0 -87.392326
39.635374
0 -87.392423
39.637049
0 -87.391482
39.64221
0 -87.391886
39.644215
0 -87.394936
39.649364
0 -87.39548
39.651141
0 -87.39558
39.653632
0 -87.395409
39.655742
0 -87.395204
39.656426
0 -87.394332
39.65869
0 -87.393865
39.659149
0 -87.390143
39.661801
0 -87.388756
39.663893
0 -87.388109
39.667466
0 -87.38865
39.669858
0 -87.390667
39.673411
0 -87.390147
39.676588
0 -87.389361
39.678192
0 -87.385449
39.682502
0 -87.384003
39.685899
0 -87.384089
39.689205
0 -87.38152
39.693401
0 -87.382601
39.695653
0 -87.385584
39.700066
0 -87.385361
39.701073
0 -87.382697
39.703252
0 -87.379912
39.707025
0 -87.379727
39.71002
0 -87.380178
39.710985
0 -87.383149
39.713587
0 -87.384076
39.715935
0 -87.384418
39.718573
0 -87.383527
39.721985
0 -87.382139
39.724867
0 -87.381155
39.726759
0 -87.379907
39.73046
0 -87.37879
39.737331
0 -87.377492
39.741568
0 -87.377168
39.746105
0 -87.379769
39.75792
0 -87.380014
39.764169
0 -87.380316
39.764995
0 -87.380567
39.766766
0 -87.379435
39.769494
0 -87.376946
39.771799
0 -87.374279
39.777844
0 -87.374161
39.782996
0 -87.374596
39.792434
0 -87.376708
39.795394
0 -87.379053
39.797455
0 -87.381155
39.800255
0 -87.383561
39.804818
0 -87.384676
39.80869
0 -87.385191
39.812684
0 -87.385173
39.819979
0 -87.385366
39.824187
0 -87.385644
39.830419
0 -87.385538
39.833365
0 -87.384882
39.834698
0 -87.38304
39.836187
0 -87.380413
39.837196
0 -87.373172
39.8377
0 -87.370076
39.839229
0 -87.366394
39.842871
0 -87.363436
39.847527
0 -87.361781
39.851456
0 -87.361533
39.854632
0 -87.359965
39.857101
0 -87.35597
39.858648
0 -87.354325
39.859996
0 -87.353863
39.862077
0 -87.354621
39.863566
0 -87.356057
39.864725
0 -87.359803
39.866112
0 -87.365479
39.866876
0 -87.367988
39.867648
0 -87.376891
39.873505
0 -87.379013
39.876164
0 -87.378712
39.877972
0 -87.377568
39.878832
0 -87.370981
39.881479
0 -87.369972
39.882186
0 -87.36784
39.885871
0 -87.368017
39.888625
0 -87.368863
39.890471
0 -87.373218
39.896788
0 -87.378593
39.902769
0 -87.379939
39.903957
0 -87.3845
39.906327
0 -87.391975
39.906901
0 -87.399426
39.909589
0 -87.404959
39.910857
0 -87.4076
39.911926
0 -87.409827
39.913514
0 -87.41331
39.918379
0 -87.412566
39.919592
0 -87.41044
39.920682
0 -87.405186
39.923778
0 -87.404793
39.925949
0 -87.406797
39.928482
0 -87.408034
39.928936
0 -87.411879
39.92871
0 -87.417577
39.926121
0 -87.419069
39.925711
0 -87.422175
39.92594
0 -87.424699
39.926614
0 -87.431128
39.929571
0 -87.43319
39.931384
0 -87.434124
39.933332
0 -87.433667
39.935165
0 -87.429508
39.938112
0 -87.423161
39.943681
0 -87.421385
39.946714
0 -87.420398
39.950509
0 -87.420221
39.952452
0 -87.422077
39.956395
0 -87.423807
39.956499
0 -87.428878
39.954804
0 -87.431398
39.955093
0 -87.434796
39.956358
0 -87.439389
39.959061
0 -87.440263
39.960303
0 -87.438601
39.962867
0 -87.43392
39.966316
0 -87.431731
39.96869
0 -87.430485
39.971039
0 -87.428541
39.97659
0 -87.427393
39.981944
0 -87.427732
39.986703
0 -87.431494
39.990365
0 -87.433385
39.994188
0 -87.433344
40.001071
0 -87.433618
40.002026
0 -87.435356
40.01784
0 -87.4354
40.023509
0 -87.434948
40.026438
0 -87.43379
40.029048
0 -87.431379
40.032927
0 -87.429574
40.034894
0 -87.425081
40.038228
0 -87.424224
40.039872
0 -87.424688
40.041122
0 -87.428877
40.043309
0 -87.430861
40.045055
0 -87.431516
40.046634
0 -87.431499
40.047748
0 -87.42906
40.04994
0 -87.425916
40.051304
0 -87.421009
40.053915
0 -87.418611
40.056148
0 -87.417438
40.058684
0 -87.416207
40.065384
0 -87.415971
40.0725
0 -87.413641
40.079348
0 -87.412139
40.086508
0 -87.412179
40.088121
0 -87.413689
40.092506
0 -87.413579
40.096583
0 -87.413534
40.096796
0 -87.412992
40.099357
0 -87.412024
40.101061
0 -87.40794
40.106485
0 -87.407402
40.108705
0 -87.407314
40.113264
0 -87.407762
40.118604
0 -87.407221
40.122085
0 -87.406667
40.127508
0 -87.49041
40.127406
0 -87.490455
40.148422
0 -87.5314376605081
40.1481233164708
0 -87.531439
40.148027
0 -87.531759
40.144273
0 -87.5317324001823
40.1427592285572
0 -87.531561
40.133005
0 -87.5316070616379
40.1255181031482
0 -87.5316529478335
40.1180597228255
0 -87.5316556363248
40.1176227332136
0 -87.5317431915443
40.1033914351668
0 -87.5318325671702
40.0888642467565
0 -87.5320175249496
40.0588010557754
0 -87.5323065235038
40.0118269909161
0 -87.532308
40.011587
0 -87.532308
40.011492
0 -87.532287
40.000037
0 -87.5322880313901
39.9999840006109
0 -87.532331
39.997776
0 -87.532542
39.987462
0 -87.5325623940267
39.9860487373409
0 -87.532683
39.977691
0 -87.53279
39.97501
0 -87.532776
39.971077
0 -87.5328526469244
39.95613
0 -87.5328903812967
39.9487713790481
0 -87.5328994556386
39.9470017817793
0 -87.5330873651416
39.9103573454426
0 -87.533227
39.883127
0 