-97.305916
28.864037
0 -97.304748
28.863453
0 -97.299463
28.862352
0 -97.297746
28.860862
0 -97.298241
28.858249
0 -97.299699
28.85676
0 -97.299569
28.855637
0 -97.297695
28.853642
0 -97.298632
28.852428
0 -97.300324
28.851763
0 -97.304203
28.851351
0 -97.30488
28.850732
0 -97.30462
28.847363
0 -97.303059
28.845071
0 -97.300508
28.844109
0 -97.29603
28.845782
0 -97.293193
28.847408
0 -97.289757
28.845803
0 -97.286815
28.845115
0 -97.284219
28.84699
0 -97.281036
28.847436
0 -97.277183
28.847084
0 -97.271404
28.847403
0 -97.267057
28.848685
0 -97.261877
28.847789
0 -97.260264
28.847192
0 -97.255603
28.848634
0 -97.254821
28.851613
0 -97.255157
28.855716
0 -97.254453
28.857274
0 -97.252292
28.857892
0 -97.250268
28.857537
0 -97.242719
28.855147
0 -97.23923
28.853818
0 -97.234987
28.854118
0 -97.234076
28.854851
0 -97.233166
28.856616
0 -97.233896
28.859206
0 -97.236344
28.861268
0 -97.237282
28.863445
0 -97.236241
28.864889
0 -97.231971
28.865303
0 -97.228193
28.863311
0 -97.224155
28.862156
0 -97.21916
28.861315
0 -97.216576
28.860639
0 -97.215177
28.859783
0 -97.210701
28.85568
0 -97.209642
28.855234
0 -97.204998
28.85504
0 -97.203514
28.854445
0 -97.20177
28.852428
0 -97.201197
28.849357
0 -97.198984
28.84585
0 -97.198177
28.843674
0 -97.195431
28.839025
0 -97.194753
28.838515
0 -97.189684
28.83696
0 -97.186665
28.834079
0 -97.186286
28.832603
0 -97.187059
28.829928
0 -97.188393
28.827344
0 -97.189243
28.824392
0 -97.188572
28.820154
0 -97.190648
28.816147
0 -97.190544
28.813344
0 -97.189435
28.811733
0 -97.186654
28.809821
0 -97.183208
28.802968
0 -97.179422
28.798032
0 -97.177487
28.794146
0 -97.176325
28.790734
0 -97.173236
28.787668
0 -97.169923
28.785605
0 -97.161635
28.783537
0 -97.160649
28.78258
0 -97.160054
28.778599
0 -97.158933
28.776156
0 -97.161748
28.773391
0 -97.162358
28.772104
0 -97.162221
28.770238
0 -97.164112
28.764748
0 -97.165937
28.762268
0 -97.167859
28.758881
0 -97.167827
28.757183
0 -97.166402
28.754064
0 -97.166214
28.752189
0 -97.167836
28.74792
0 -97.172642
28.743485
0 -97.175709
28.742111
0 -97.177007
28.741009
0 -97.178246
28.738865
0 -97.177972
28.736935
0 -97.176632
28.736826
0 -97.172
28.737405
0 -97.170695
28.736868
0 -97.169519
28.734375
0 -97.169189
28.731977
0 -97.167816
28.728371
0 -97.167731
28.727846
0 -97.169848
28.710709
0 -97.182359
28.610602
0 -97.180941
28.606309
0 -97.179621
28.603809
0 -97.175347
28.599164
0 -97.175372
28.597561
0 -97.176117
28.595212
0 -97.175071
28.593779
0 -97.171559
28.593639
0 -97.169711
28.58953
0 -97.1623
28.585873
0 -97.161982
28.585062
0 -97.165067
28.583915
0 -97.165717
28.585207
0 -97.169703
28.586783
0 -97.171237
28.586714
0 -97.171283
28.585218
0 -97.169505
28.583881
0 -97.167859
28.583709
0 -97.166315
28.58239
0 -97.165935
28.580759
0 -97.16868
28.580515
0 -97.170372
28.579748
0 -97.170695
28.578689
0 -97.169963
28.577187
0 -97.167321
28.576426
0 -97.16643
28.577981
0 -97.164509
28.577353
0 -97.163212
28.575576
0 -97.162676
28.571624
0 -97.160845
28.571451
0 -97.158613
28.574474
0 -97.157242
28.57363
0 -97.157104
28.571541
0 -97.153968
28.570173
0 -97.153588
28.569076
0 -97.154642
28.567402
0 -97.158729
28.567656
0 -97.157796
28.565597
0 -97.159032
28.564215
0 -97.160611
28.565318
0 -97.163565
28.565621
0 -97.164214
28.564791
0 -97.162779
28.56349
0 -97.161108
28.563881
0 -97.160201
28.562628
0 -97.161191
28.561636
0 -97.164311
28.560986
0 -97.16442
28.559492
0 -97.162387
28.559208
0 -97.161644
28.558401
0 -97.16311
28.556629
0 -97.160751
28.553475
0 -97.160927
28.551125
0 -97.160167
28.5502
0 -97.15757
28.551513
0 -97.156188
28.5506
0 -97.156689
28.548487
0 -97.155654
28.547857
0 -97.151871
28.550573
0 -97.149331
28.553282
0 -97.148381
28.552831
0 -97.148043
28.550476
0 -97.148629
28.549565
0 -97.151044
28.550472
0 -97.151774
28.549641
0 -97.150419
28.548726
0 -97.149819
28.547493
0 -97.147817
28.54637
0 -97.146972
28.546902
0 -97.146774
28.549362
0 -97.146091
28.549828
0 -97.143919
28.548358
0 -97.143095
28.548355
0 -97.142031
28.551041
0 -97.140263
28.553828
0 -97.139462
28.554166
0 -97.137916
28.552906
0 -97.137322
28.551236
0 -97.135027
28.549445
0 -97.133734
28.55109
0 -97.132233
28.55131
0 -97.1308
28.550281
0 -97.13127
28.548145
0 -97.12758
28.545398
0 -97.126945
28.546224
0 -97.126465
28.548671
0 -97.125223
28.548529
0 -97.125595
28.546344
0 -97.125049
28.545307
0 -97.123372
28.545252
0 -97.122388
28.546462
0 -97.123603
28.548284
0 -97.122847
28.549206
0 -97.120176
28.548325
0 -97.119743
28.546304
0 -97.11884
28.546587
0 -97.11839
28.54856
0 -97.115165
28.54894
0 -97.114062
28.550953
0 -97.110221
28.553699
0 -97.105167
28.554807
0 -97.103884
28.554594
0 -97.103059
28.553009
0 -97.104109
28.55123
0 -97.102732
28.549959
0 -97.098912
28.549874
0 -97.100014
28.548973
0 -97.102911
28.548322
0 -97.101355
28.546972
0 -97.098015
28.547306
0 -97.096887
28.54793
0 -97.096394
28.546941
0 -97.098388
28.544828
0 -97.097327
28.543668
0 -97.094924
28.544788
0 -97.094083
28.544325
0 -97.096098
28.542701
0 -97.094925
28.538431
0 -97.094058
28.537691
0 -97.092028
28.538316
0 -97.092025
28.540111
0 -97.0911
28.539905
0 -97.090542
28.537651
0 -97.091222
28.536211
0 -97.090837
28.534575
0 -97.089041
28.533661
0 -97.089481
28.535884
0 -97.088272
28.53684
0 -97.086482
28.535722
0 -97.08717
28.533693
0 -97.086086
28.532561
0 -97.083704
28.534867
0 -97.082887
28.534542
0 -97.082865
28.53286
0 -97.081521
28.532651
0 -97.080241
28.535489
0 -97.079413
28.533665
0 -97.077719
28.533614
0 -97.077132
28.537762
0 -97.079608
28.536871
0 -97.079771
28.539207
0 -97.082447
28.541611
0 -97.082687
28.54279
0 -97.080696
28.543315
0 -97.079671
28.545473
0 -97.078504
28.545383
0 -97.075922
28.543638
0 -97.077792
28.542152
0 -97.078185
28.540997
0 -97.077425
28.540277
0 -97.074684
28.540937
0 -97.073893
28.542631
0 -97.075612
28.54322
0 -97.075599
28.544463
0 -97.07201
28.547102
0 -97.069929
28.545092
0 -97.069884
28.544037
0 -97.071898
28.542832
0 -97.069764
28.542705
0 -97.068094
28.544363
0 -97.066305
28.543662
0 -97.066003
28.542635
0 -97.064852
28.542496
0 -97.064035
28.543576
0 -97.061864
28.543843
0 -97.063539
28.541371
0 -97.061929
28.540857
0 -97.058875
28.542628
0 -97.060116
28.543491
0 -97.059167
28.545178
0 -97.061238
28.545615
0 -97.062704
28.547402
0 -97.060975
28.547532
0 -97.058751
28.54696
0 -97.057301
28.547358
0 -97.055867
28.550177
0 -97.054075
28.548625
0 -97.052581
28.548953
0 -97.051794
28.5482
0 -97.052354
28.546128
0 -97.050777
28.545687
0 -97.048908
28.548485
0 -97.04942
28.549694
0 -97.048529
28.549976
0 -97.046786
28.548872
0 -97.044762
28.549826
0 -97.04495
28.548924
0 -97.047755
28.547899
0 -97.047766
28.546109
0 -97.046795
28.545082
0 -97.044944
28.544428
0 -97.044057
28.54273
0 -97.044346
28.541755
0 -97.045893
28.541742
0 -97.046557
28.539833
0 -97.047955
28.540397
0 -97.048624
28.539163
0 -97.047263
28.5372
0 -97.048728
28.536525
0 -97.051385
28.537033
0 -97.051467
28.535124
0 -97.046056
28.535426
0 -97.045179
28.534515
0 -97.044666
28.53184
0 -97.043173
28.531593
0 -97.042835
28.531576
0 -97.039863
28.532074
0 -97.039177
28.533514
0 -97.037245
28.535082
0 -97.035177
28.538003
0 -97.031639
28.539366
0 -97.031245
28.541593
0 -97.028501
28.540873
0 -97.024812
28.539072
0 -97.023237
28.536789
0 -97.025
28.536009
0 -97.027043
28.536504
0 -97.027131
28.532412
0 -97.024628
28.529584
0 -97.022632
28.525327
0 -97.024183
28.524074
0 -97.0232
28.521301
0 -97.022859
28.517941
0 -97.021488
28.516735
0 -97.020374
28.518193
0 -97.020205
28.520145
0 -97.01538
28.517152
0 -97.01279
28.517321
0 -97.011041
28.515555
0 -97.009335
28.51485
0 -97.006657
28.510742
0 -97.004635
28.508909
0 -97.000853
28.508582
0 -96.99796
28.508892
0 -96.994607
28.508707
0 -96.995473
28.50725
0 -96.994798
28.505239
0 -96.992754
28.503067
0 -96.985552
28.499949
0 -96.983611
28.500176
0 -96.982147
28.499639
0 -96.979398
28.501817
0 -96.979386
28.502923
0 -96.977293
28.503046
0 -96.975498
28.503837
0 -96.969091
28.505206
0 -96.964177
28.504489
0 -96.962783
28.502878
0 -96.959536
28.503769
0 -96.956944
28.50381
0 -96.95595
28.504518
0 -96.954432
28.503287
0 -96.953155
28.503793
0 -96.952328
28.502472
0 -96.951295
28.502592
0 -96.950555
28.500981
0 -96.947084
28.501148
0 -96.944145
28.499295
0 -96.942077
28.499675
0 -96.939164
28.498112
0 -96.935304
28.496995
0 -96.932769
28.494058
0 -96.931156
28.493791
0 -96.93071
28.492738
0 -96.925144
28.48835
0 -96.921618
28.48838
0 -96.919925
28.487219
0 -96.916629
28.486761
0 -96.9155
28.485712
0 -96.915023
28.48666
0 -96.912391
28.487906
0 -96.91221
28.489285
0 -96.910609
28.488616
0 -96.909929
28.49051
0 -96.911414
28.492189
0 -96.911531
28.494158
0 -96.912897
28.494367
0 -96.916124
28.497196
0 -96.915957
28.498685
0 -96.913687
28.499945
0 -96.910952
28.502712
0 -96.906575
28.505875
0 -96.903691
28.506306
0 -96.901814
28.508203
0 -96.902831
28.509018
0 -96.901722
28.509639
0 -96.898326
28.508739
0 -96.897013
28.508917
0 -96.894486
28.506813
0 -96.89164
28.505834
0 -96.890951
28.507178
0 -96.891853
28.508927
0 -96.891383
28.510484
0 -96.892536
28.512253
0 -96.893071
28.514031
0 -96.895013
28.513429
0 -96.896247
28.514191
0 -96.89659
28.515476
0 -96.898965
28.5178
0 -96.899015
28.518648
0 -96.897346
28.519505
0 -96.897028
28.52065
0 -96.897471
28.523718
0 -96.898108
28.524183
0 -96.901892
28.52385
0 -96.901822
28.525558
0 -96.900421
28.526587
0 -96.900447
28.527342
0 -96.902734
28.528466
0 -96.905799
28.53205
0 -96.905612
28.533019
0 -96.904146
28.533581
0 -96.903625
28.534737
0 -96.901435
28.536829
0 -96.901759
28.538722
0 -96.900395
28.54258
0 -96.897418
28.545153
0 -96.895139
28.548863
0 -96.896893
28.552165
0 -96.900858
28.553345
0 -96.901846
28.554693
0 -96.900935
28.556761
0 -96.899508
28.557966
0 -96.89822
28.560157
0 -96.900387
28.56049
0 -96.901882
28.559969
0 -96.903091
28.560755
0 -96.901072
28.562486
0 -96.900958
28.563505
0 -96.90218
28.564431
0 -96.902159
28.565842
0 -96.903795
28.567033
0 -96.907026
28.566327
0 -96.908202
28.567076
0 -96.908257
28.56786
0 -96.906784
28.569203
0 -96.905962
28.571524
0 -96.906984
28.572399
0 -96.909214
28.57285
0 -96.911096
28.570909
0 -96.911592
28.568875
0 -96.914229
28.569238
0 -96.916885
28.570983
0 -96.917818
28.573537
0 -96.922478
28.580107
0 -96.925373
28.581791
0 -96.925907
28.583759
0 -96.928424
28.585785
0 -96.930367
28.586728
0 -96.89503
28.609085
0 -96.873568
28.622739
0 -96.873287
28.622908
0 -96.865648
28.627766
0 -96.853757
28.635199
0 -96.773631
28.656193
0 -96.722814
28.669759
0 -96.665707
28.705705
0 -96.662576
28.704018
0 -96.661094
28.702154
0 -96.659864
28.701671
0 -96.658298
28.702391
0 -96.657038
28.703457
0 -96.654206
28.704789
0 -96.643442
28.712105
0 -96.644903
28.711425
0 -96.646223
28.71202
0 -96.649965
28.715091
0 -96.650925
28.717681
0 -96.650742
28.720705
0 -96.648819
28.720567
0 -96.64674
28.718802
0 -96.643882
28.717083
0 -96.642505
28.716945
0 -96.643465
28.719236
0 -96.645933
28.721093
0 -96.646532
28.720177
0 -96.648662
28.721782
0 -96.651807
28.72247
0 -96.654068
28.72341
0 -96.655836
28.723296
0 -96.65524
28.719951
0 -96.657891
28.720203
0 -96.658878
28.719723
0 -96.659814
28.720387
0 -96.660057
28.721909
0 -96.65921
28.724045
0 -96.661157
28.727582
0 -96.662643
28.732182
0 -96.663515
28.733191
0 -96.668075
28.735571
0 -96.668802
28.736299
0 -96.668478
28.737621
0 -96.665535
28.739245
0 -96.664134
28.740492
0 -96.663316
28.742281
0 -96.663718
28.7445
0 -96.665005
28.746568
0 -96.666741
28.748063
0 -96.67052
28.7497
0 -96.671714
28.751071
0 -96.671971
28.75233
0 -96.671346
28.75602
0 -96.670067
28.75911
0 -96.670091
28.761191
0 -96.673171
28.763176
0 -96.676057
28.76368
0 -96.682141
28.763017
0 -96.686248
28.76375
0 -96.687549
28.76462
0 -96.689291
28.767324
0 -96.688953
28.768607
0 -96.68656
28.769501
0 -96.685442
28.770555
0 -96.686222
28.772205
0 -96.68773
28.772663
0 -96.6928
28.772342
0 -96.695375
28.772571
0 -96.697741
28.774358
0 -96.699293
28.77777
0 -96.69933
28.778643
0 -96.69673
28.77972
0 -96.69647
28.780934
0 -96.698004
28.785013
0 -96.698186
28.786915
0 -96.69517
28.791657
0 -96.69517
28.79294
0 -96.695924
28.796079
0 -96.697641
28.797385
0 -96.699774
28.796904
0 -96.702895
28.795529
0 -96.704429
28.795254
0 -96.706146
28.795803
0 -96.706615
28.797086
0 -96.704586
28.798209
0 -96.702089
28.797179
0 -96.701959
28.79963
0 -96.705367
28.802494
0 -96.706746
28.804167
0 -96.707006
28.806114
0 -96.705758
28.81143
0 -96.706045
28.814386
0 -96.70719
28.815486
0 -96.709766
28.815256
0 -96.712836
28.815485
0 -96.715099
28.816195
0 -96.717129
28.816149
0 -96.719652
28.817178
0 -96.72072
28.819195
0 -96.723088
28.821188
0 -96.721787
28.822379
0 -96.717963
28.823228
0 -96.716454
28.823114
0 -96.715231
28.823801
0 -96.716298
28.824832
0 -96.719082
28.82529
0 -96.719525
28.829094
0 -96.71708
28.829919
0 -96.713853
28.829713
0 -96.712396
28.830172
0 -96.712344
28.831042
0 -96.715597
28.833264
0 -96.716586
28.834891
0 -96.716353
28.838672
0 -96.713458
28.842753
0 -96.71322
28.845343
0 -96.711851
28.845146
0 -96.70937
28.844976
0 -96.707059
28.8458
0 -96.705086
28.847265
0 -96.702718
28.851023
0 -96.703577
28.852214
0 -96.707246
28.853657
0 -96.709511
28.853038
0 -96.710551
28.851205
0 -96.711514
28.851411
0 -96.714221
28.853794
0 -96.715524
28.855467
0 -96.715081
28.859087
0 -96.716461
28.858926
0 -96.719012
28.860759
0 -96.722084
28.861835
0 -96.723802
28.864424
0 -96.723803
28.86573
0 -96.725417
28.86896
0 -96.726979
28.870426
0 -96.72914
28.870402
0 -96.729973
28.871273
0 -96.729609
28.872946
0 -96.730052
28.874275
0 -96.73193
28.875265
0 -96.732506
28.877076
0 -96.731466
28.880812
0 -96.732248
28.883584
0 -96.732119
28.886219
0 -96.733682
28.889014
0 -96.737927
28.891579
0 -96.738917
28.893595
0 -96.740219
28.893869
0 -96.741884
28.892196
0 -96.743706
28.891072
0 -96.745763
28.891026
0 -96.746727
28.892767
0 -96.746182
28.895333
0 -96.746964
28.896569
0 -96.748109
28.896729
0 -96.749844
28.89485
0 -96.75389
28.895467
0 -96.755557
28.896268
0 -96.758447
28.896476
0 -96.761597
28.898333
0 -96.762794
28.899685
0 -96.761465
28.901495
0 -96.76188
28.903832
0 -96.763285
28.905345
0 -96.770576
28.905256
0 -96.772216
28.905898
0 -96.772398
28.907938
0 -96.773855
28.91055
0 -96.773594
28.913102
0 -96.773682
28.913371
0 -96.774218
28.914515
0 -96.77604
28.915959
0 -96.780025
28.915685
0 -96.78216
28.914975
0 -96.783827
28.915067
0 -96.785441
28.917037
0 -96.78716
28.917862
0 -96.790154
28.917703
0 -96.791665
28.918299
0 -96.792133
28.920109
0 -96.791377
28.922034
0 -96.791716
28.923569
0 -96.793851
28.925563
0 -96.794163
28.926823
0 -96.793303
28.92971
0 -96.795386
28.931612
0 -96.79971
28.933034
0 -96.801325
28.934752
0 -96.801716
28.935875
0 -96.800595
28.939517
0 -96.802861
28.943046
0 -96.803277
28.944192
0 -96.804736
28.945269
0 -96.803772
28.94834
0 -96.804449
28.950906
0 -96.804422
28.952762
0 -96.807783
28.95597
0 -96.807392
28.957368
0 -96.808564
28.960485
0 -96.809136
28.964654
0 -96.808485
28.965593
0 -96.808407
28.968366
0 -96.805592
28.972238
0 -96.806139
28.972971
0 -96.808224
28.972857
0 -96.809917
28.97359
0 -96.810803
28.976088
0 -96.81208
28.97728
0 -96.811167
28.980717
0 -96.812157
28.982802
0 -96.813669
28.984108
0 -96.815884
28.98459
0 -96.816639
28.985392
0 -96.815076
28.987636
0 -96.816587
28.988942
0 -96.817603
28.990959
0 -96.81604
28.992883
0 -96.816874
28.994121
0 -96.818906
28.994831
0 -96.821591
28.996756
0 -96.822258
29.00026
0 -96.825115
29.004229
0 -96.824959
29.006039
0 -96.826862
29.007414
0 -96.825611
29.009842
0 -96.82754
29.011836
0 -96.829105
29.016052
0 -96.831138
29.018205
0 -96.832103
29.021299
0 -96.83531
29.021138
0 -96.836196
29.02171
0 -96.83617
29.023498
0 -96.838795
29.025327
0 -96.921045
29.056629
0 -96.922427
29.057317
0 -96.923454
29.05751
0 -96.938587
29.063244
0 -96.976378
29.104046
0 -96.987281
29.09607
0 -96.998517
29.087915
0 -97.017219
29.074266
0 -97.018425
29.073112
0 -97.026013
29.068096
0 -97.027012
29.068571
0 -97.033188
29.064333
0 -97.048955
29.052769
0 -97.079925
29.03009
0 -97.125266
28.996674
0 -97.149062
28.979309
0 -97.16055
28.97093
0 -97.25058
28.905078
0 -97.305916
28.864037
0 