-96.501679
38.91332
0 -96.50168
38.912856
0 -96.501556
38.869704
0 -96.501656
38.85475
0 -96.501373
38.851804
0 -96.501397
38.826188
0 -96.462035
38.825967
0 -96.461935
38.825985
0 -96.436211
38.825673
0 -96.427881
38.825482
0 -96.408511
38.826032
0 -96.390398
38.825858
0 -96.390075
38.751931
0 -96.389749
38.738984
0 -96.371328
38.73917
0 -96.352613
38.739021
0 -96.334772
38.739228
0 -96.265807
38.738884
0 -96.195902
38.738969
0 -96.186638
38.73898
0 -96.131137
38.739069
0 -96.056765
38.739044
0 -96.038552
38.73896
0 -95.945924
38.739112
0 -95.946359
38.784071
0 -95.946172
38.788751
0 -95.946382
38.804741
0 -95.946587
38.869973
0 -95.946687
38.884555
0 -95.946868
38.928445
0 -95.946956
38.964337
0 -95.946728
38.986417
0 -95.946724
39.029908
0 -95.946708
39.036846
0 -95.946712
39.044047
0 -95.94669
39.058498
0 -95.946624
39.072806
0 -95.94665
39.091982
0 -95.946651
39.0929
0 -95.946638
39.094734
0 -95.946674
39.095659
0 -95.946696
39.096597
0 -95.946754
39.098685
0 -95.948776
39.098516
0 -95.956264
39.099043
0 -95.962325
39.102104
0 -95.963467
39.104531
0 -95.965168
39.106252
0 -95.969632
39.10908
0 -95.972607
39.111569
0 -95.974243
39.111702
0 -95.980922
39.113257
0 -95.982805
39.113159
0 -95.986847
39.111858
0 -95.990414
39.110122
0 -95.995048
39.109309
0 -95.997285
39.109741
0 -96.002258
39.112201
0 -96.009184
39.116151
0 -96.009531
39.117641
0 -96.007466
39.120222
0 -96.005222
39.121798
0 -95.998412
39.122645
0 -95.995228
39.123658
0 -95.992856
39.124998
0 -95.991289
39.127234
0 -95.99154
39.130739
0 -95.993049
39.133387
0 -95.996517
39.134161
0 -95.999715
39.133566
0 -96.003788
39.132
0 -96.006495
39.130238
0 -96.008877
39.128096
0 -96.012555
39.122913
0 -96.014715
39.12123
0 -96.016997
39.12033
0 -96.020336
39.120235
0 -96.029419
39.122369
0 -96.03906
39.126527
0 -96.04121
39.127482
0 -96.041801
39.129779
0 -96.040144
39.137284
0 -96.041165
39.139809
0 -96.04398
39.141174
0 -96.05701
39.141385
0 -96.061246
39.142412
0 -96.066122
39.144654
0 -96.069175
39.146942
0 -96.07764
39.150169
0 -96.081493
39.150612
0 -96.088225
39.152339
0 -96.091054
39.15471
0 -96.090892
39.158718
0 -96.087898
39.161757
0 -96.085841
39.162756
0 -96.083867
39.163263
0 -96.080783
39.16325
0 -96.070846
39.162427
0 -96.068534
39.161553
0 -96.063395
39.15766
0 -96.060748
39.157296
0 -96.057658
39.158168
0 -96.05682
39.16119
0 -96.057232
39.162649
0 -96.058763
39.164806
0 -96.064997
39.171081
0 -96.068119
39.176605
0 -96.06871
39.179415
0 -96.07107
39.181108
0 -96.075019
39.185113
0 -96.075855
39.185954
0 -96.076426
39.186528
0 -96.076641
39.186746
0 -96.079065
39.189717
0 -96.083557
39.193504
0 -96.087692
39.193787
0 -96.089305
39.193463
0 -96.092638
39.191963
0 -96.09626
39.191841
0 -96.098959
39.193882
0 -96.102498
39.198365
0 -96.104418
39.200138
0 -96.106968
39.201032
0 -96.108547
39.201086
0 -96.111619
39.200044
0 -96.113278
39.197377
0 -96.114841
39.192077
0 -96.11551
39.190767
0 -96.11858
39.188275
0 -96.119989
39.187753
0 -96.122757
39.187124
0 -96.12615
39.187158
0 -96.136234
39.190099
0 -96.138094
39.19058
0 -96.143448
39.191756
0 -96.147481
39.192247
0 -96.152843
39.192576
0 -96.159052
39.192057
0 -96.163607
39.191077
0 -96.167167
39.190811
0 -96.171175
39.189961
0 -96.174675
39.18876
0 -96.176741
39.188616
0 -96.178
39.189141
0 -96.179298
39.192259
0 -96.178809
39.195955
0 -96.178749
39.201991
0 -96.178807
39.2026
0 -96.18007
39.205422
0 -96.181567
39.206333
0 -96.183323
39.206977
0 -96.190676
39.207874
0 -96.194785
39.20761
0 -96.196789
39.20658
0 -96.200083
39.202459
0 -96.200746
39.201947
0 -96.201842
39.201051
0 -96.202568
39.200626
0 -96.203074
39.200376
0 -96.203415
39.20021
0 -96.205213
39.199769
0 -96.212995
39.199935
0 -96.220391
39.20095
0 -96.223357
39.203296
0 -96.225289
39.207037
0 -96.227532
39.209263
0 -96.231214
39.211585
0 -96.233671
39.212279
0 -96.234956
39.212132
0 -96.239951
39.210981
0 -96.240576
39.210696
0 -96.244207
39.208
0 -96.246902
39.204437
0 -96.249722
39.197678
0 -96.254517
39.191235
0 -96.265953
39.1806
0 -96.269382
39.178963
0 -96.273578
39.179408
0 -96.276752
39.181313
0 -96.282033
39.183634
0 -96.283851
39.184828
0 -96.284228
39.186272
0 -96.288174
39.190898
0 -96.289064
39.191155
0 -96.293139
39.194843
0 -96.294205
39.195453
0 -96.300155
39.19716
0 -96.303335
39.197524
0 -96.305151
39.197265
0 -96.306932
39.196831
0 -96.308083
39.19678
0 -96.311317
39.195896
0 -96.314391
39.194072
0 -96.317051
39.192659
0 -96.321449
39.189847
0 -96.324729
39.186051
0 -96.326369
39.181854
0 -96.326849
39.178078
0 -96.329114
39.171377
0 -96.329033
39.16815
0 -96.331176
39.165707
0 -96.328377
39.160887
0 -96.330006
39.159181
0 -96.331396
39.158885
0 -96.333837
39.159786
0 -96.335147
39.161197
0 -96.337432
39.162157
0 -96.340083
39.159537
0 -96.342136
39.157991
0 -96.345115
39.15446
0 -96.346639
39.153906
0 -96.349679
39.154038
0 -96.35211
39.154531
0 -96.358292
39.156525
0 -96.359767
39.159233
0 -96.35756
39.165375
0 -96.356353
39.169565
0 -96.356386
39.171636
0 -96.357625
39.173022
0 -96.360147
39.173166
0 -96.363281
39.17205
0 -96.367063
39.169269
0 -96.372824
39.164172
0 -96.375276
39.164573
0 -96.377787
39.164137
0 -96.379386
39.164651
0 -96.38254
39.168022
0 -96.388884
39.172724
0 -96.389362
39.130209
0 -96.390909
39.130219
0 -96.39109
39.101644
0 -96.390909
39.065263
0 -96.390629
39.05774
0 -96.390796
39.043257
0 -96.42806
39.043443
0 -96.482442
39.043511
0 -96.501174
39.043666
0 -96.501214
39.014897
0 -96.501459
38.985908
0 -96.501633
38.957055
0 -96.501664
38.927508
0 -96.501679
38.91332
0 