-78.983207
35.644604
0 -78.995054
35.610233
0 -78.938865
35.592378
0 -78.936524
35.591634
0 -78.91688
35.584641
0 -78.913296
35.583064
0 -78.873186
35.570539
0 -78.8674
35.569015
0 -78.856227
35.565744
0 -78.854088
35.565081
0 -78.849474
35.563576
0 -78.812206
35.551503
0 -78.778951
35.540928
0 -78.765732
35.536795
0 -78.762199
35.535697
0 -78.744388
35.530095
0 -78.741087
35.52907
0 -78.715573
35.521392
0 -78.708629
35.519081
0 -78.694345
35.529923
0 -78.648655
35.56464
0 -78.642213
35.569802
0 -78.61366
35.592079
0 -78.597924
35.604676
0 -78.566633
35.62895
0 -78.566371
35.629149
0 -78.563921
35.630846
0 -78.560476
35.633749
0 -78.542683
35.647276
0 -78.540133
35.650264
0 -78.530689
35.656086
0 -78.530001
35.65651
0 -78.518328
35.66545
0 -78.516324
35.667331
0 -78.511296
35.671893
0 -78.507797
35.674782
0 -78.473733
35.701551
0 -78.471506
35.704968
0 -78.468503
35.707072
0 -78.465567
35.708186
0 -78.463688
35.708223
0 -78.460036
35.705691
0 -78.458935
35.706271
0 -78.456014
35.707811
0 -78.4447
35.713777
0 -78.439021
35.716771
0 -78.421623
35.726004
0 -78.412286
35.731019
0 -78.387079
35.743625
0 -78.374621
35.751144
0 -78.36529
35.756048
0 -78.353096
35.762938
0 -78.351459
35.76369
0 -78.324964
35.779091
0 -78.320954
35.781523
0 -78.312649
35.786039
0 -78.307126
35.788508
0 -78.298224
35.793366
0 -78.268307
35.810283
0 -78.263662
35.81288
0 -78.263589
35.81292
0 -78.263315
35.813074
0 -78.26305
35.813222
0 -78.259591
35.81505
0 -78.255374
35.817825
0 -78.254903
35.81773
0 -78.255903
35.820928
0 -78.255068
35.828216
0 -78.257392
35.831345
0 -78.261254
35.834684
0 -78.262513
35.835405
0 -78.261993
35.836675
0 -78.264237
35.838176
0 -78.266262
35.840355
0 -78.266866
35.841831
0 -78.268522
35.843127
0 -78.269633
35.845396
0 -78.269913
35.85063
0 -78.270744
35.851184
0 -78.272245
35.854239
0 -78.272876
35.857585
0 -78.274591
35.859415
0 -78.275937
35.862696
0 -78.277312
35.863996
0 -78.278661
35.867473
0 -78.281768
35.87109
0 -78.28518
35.874501
0 -78.286778
35.874709
0 -78.289616
35.876341
0 -78.290457
35.877116
0 -78.290931
35.87997
0 -78.293262
35.880088
0 -78.295167
35.881231
0 -78.296564
35.88403
0 -78.299053
35.886931
0 -78.300444
35.887546
0 -78.301577
35.889282
0 -78.302745
35.8896
0 -78.304304
35.891539
0 -78.305539
35.893571
0 -78.307206
35.89395
0 -78.307192
35.896296
0 -78.310209
35.896219
0 -78.312234
35.897301
0 -78.31455
35.89679
0 -78.317837
35.894505
0 -78.319207
35.895362
0 -78.324654
35.895988
0 -78.325495
35.896496
0 -78.331394
35.897917
0 -78.332271
35.899331
0 -78.332041
35.901791
0 -78.333645
35.902221
0 -78.334684
35.904779
0 -78.335923
35.906058
0 -78.338738
35.906305
0 -78.340061
35.907327
0 -78.343514
35.906923
0 -78.345244
35.907319
0 -78.350718
35.909837
0 -78.351396
35.910798
0 -78.351561
35.914063
0 -78.35416
35.931242
0 -78.355279
35.931483
0 -78.391953
35.936431
0 -78.394463
35.936938
0 -78.398253
35.942002
0 -78.412253
35.957804
0 -78.418666
35.965503
0 -78.419101
35.966114
0 -78.422212
35.96945
0 -78.426648
35.974917
0 -78.435073
35.97843
0 -78.439348
35.9805
0 -78.442084
35.981398
0 -78.469377
35.992822
0 -78.481067
35.997726
0 -78.481157
35.997765
0 -78.485747
35.999776
0 -78.486382
36.000056
0 -78.493435
36.002804
0 -78.497764
36.004541
0 -78.502349
36.006075
0 -78.502529
36.006139
0 -78.503815
36.006597
0 -78.504739
36.006926
0 -78.513023
36.010143
0 -78.515051
36.010561
0 -78.517911
36.012021
0 -78.530637
36.016362
0 -78.535885
36.018508
0 -78.538683
36.01902
0 -78.546497
36.021804
0 -78.553827
36.024348
0 -78.569076
36.029739
0 -78.575699
36.032601
0 -78.582837
36.035024
0 -78.597339
36.039999
0 -78.603669
36.042456
0 -78.604535
36.042556
0 -78.627267
36.051788
0 -78.62861
36.05248
0 -78.669563
36.068884
0 -78.671231
36.069563
0 -78.683334
36.07454
0 -78.69335
36.075603
0 -78.704674
36.076251
0 -78.712627
36.07622
0 -78.721249
36.075733
0 -78.749
36.071246
0 -78.751766
36.061277
0 -78.753495
36.056109
0 -78.753439
36.054222
0 -78.753165
36.053609
0 -78.753196
36.048261
0 -78.752916
36.037679
0 -78.750668
36.030847
0 -78.73885
36.025541
0 -78.734392
36.026985
0 -78.719592
36.029435
0 -78.707364
36.012601
0 -78.704602
36.01366
0 -78.701585
36.013752
0 -78.69793
36.012306
0 -78.698931
36.012022
0 -78.699049
36.009142
0 -78.702721
36.001405
0 -78.711583
35.97445
0 -78.713427
35.968929
0 -78.718272
35.961443
0 -78.719588
35.959137
0 -78.718679
35.95806
0 -78.726706
35.950589
0 -78.727771
35.949374
0 -78.730678
35.945848
0 -78.741933
35.934258
0 -78.742277
35.934171
0 -78.745893
35.93325
0 -78.748342
35.932822
0 -78.748707
35.932614
0 -78.75128
35.93159
0 -78.75193
35.930675
0 -78.753136
35.928084
0 -78.754027
35.92717
0 -78.756185
35.924279
0 -78.756562
35.923845
0 -78.75747
35.922483
0 -78.758174
35.921813
0 -78.758284
35.921723
0 -78.75861
35.920492
0 -78.758423
35.919423
0 -78.759193
35.918172
0 -78.762809
35.919066
0 -78.76431
35.919436
0 -78.764408
35.919453
0 -78.772118
35.920791
0 -78.775416
35.921474
0 -78.777926
35.921994
0 -78.780125
35.922448
0 -78.782929
35.923028
0 -78.786532
35.922701
0 -78.790793
35.924658
0 -78.802014
35.927003
0 -78.806052
35.927862
0 -78.807647
35.923678
0 -78.808525
35.921537
0 -78.81044
35.916686
0 -78.811502
35.913973
0 -78.813903
35.907849
0 -78.814397
35.906592
0 -78.815622
35.90352
0 -78.815871
35.902893
0 -78.815892
35.902839
0 -78.816634
35.900973
0 -78.816716
35.900769
0 -78.818025
35.89748
0 -78.819049
35.897459
0 -78.81905
35.89539
0 -78.822766
35.88448
0 -78.824261
35.880915
0 -78.82526
35.879238
0 -78.825531
35.878839
0 -78.829273
35.869991
0 -78.831781
35.867314
0 -78.834741
35.86749
0 -78.836925
35.867464
0 -78.839439
35.867423
0 -78.845058
35.867366
0 -78.849734
35.867363
0 -78.850157
35.867414
0 -78.850191
35.867421
0 -78.85047
35.867437
0 -78.852548
35.86745
0 -78.856672
35.867476
0 -78.857613
35.867482
0 -78.860269
35.867497
0 -78.862757
35.867513
0 -78.864741
35.867525
0 -78.864843
35.867526
0 -78.866929
35.867539
0 -78.870298
35.86756
0 -78.874838
35.868413
0 -78.886787
35.86757
0 -78.890317
35.867831
0 -78.890495
35.867842
0 -78.892396
35.867926
0 -78.902824
35.868199
0 -78.90617
35.867912
0 -78.908763
35.848051
0 -78.908844
35.847429
0 -78.90942
35.843001
0 -78.917208
35.822918
0 -78.917371
35.822506
0 -78.917768
35.821476
0 -78.917478
35.820364
0 -78.918363
35.820008
0 -78.920153
35.81619
0 -78.920532
35.815326
0 -78.92064
35.815071
0 -78.922378
35.811899
0 -78.922485
35.811679
0 -78.926968
35.802565
0 -78.930948
35.794395
0 -78.931237
35.793212
0 -78.936251
35.771887
0 -78.946522
35.742398
0 -78.946988
35.741366
0 -78.950098
35.732117
0 -78.955925
35.716078
0 -78.968905
35.681912
0 -78.971082
35.67627
0 -78.983207
35.644604
0 