-84.736557
30.26812
0 -84.737846
30.265646
0 -84.735054
30.263626
0 -84.728386
30.257875
0 -84.726608
30.25672
0 -84.718513
30.253553
0 -84.715744
30.252697
0 -84.715721
30.251646
0 -84.712219
30.250439
0 -84.709277
30.251667
0 -84.709927
30.253089
0 -84.708305
30.253439
0 -84.707425
30.251358
0 -84.705543
30.251803
0 -84.704185
30.249521
0 -84.701294
30.24828
0 -84.699897
30.246115
0 -84.698814
30.246082
0 -84.69825
30.244781
0 -84.700401
30.244236
0 -84.700394
30.242695
0 -84.698586
30.241419
0 -84.697571
30.239525
0 -84.697807
30.238438
0 -84.699409
30.238121
0 -84.697243
30.237148
0 -84.699097
30.236374
0 -84.698593
30.233582
0 -84.70118
30.235432
0 -84.701515
30.234739
0 -84.701027
30.231972
0 -84.697372
30.229315
0 -84.699473
30.227655
0 -84.695486
30.227329
0 -84.695945
30.225465
0 -84.693611
30.224115
0 -84.694824
30.222834
0 -84.692716
30.222143
0 -84.690094
30.222824
0 -84.688828
30.221695
0 -84.687645
30.222263
0 -84.685184
30.220033
0 -84.683866
30.22008
0 -84.683297
30.218258
0 -84.681871
30.21771
0 -84.682133
30.212096
0 -84.681462
30.209145
0 -84.680136
30.206763
0 -84.681757
30.204984
0 -84.681442
30.202188
0 -84.677162
30.201813
0 -84.675964
30.200735
0 -84.678095
30.195439
0 -84.677652
30.194053
0 -84.678198
30.192486
0 -84.678255
30.18809
0 -84.677094
30.186146
0 -84.674706
30.185574
0 -84.674751
30.183786
0 -84.672821
30.185801
0 -84.672867
30.187124
0 -84.672254
30.186523
0 -84.672656
30.184336
0 -84.671272
30.183945
0 -84.670881
30.184965
0 -84.668337
30.182591
0 -84.667898
30.18041
0 -84.668457
30.177711
0 -84.668263
30.174462
0 -84.670151
30.173363
0 -84.668686
30.173066
0 -84.668465
30.171041
0 -84.66658
30.171465
0 -84.666186
30.172561
0 -84.664944
30.169774
0 -84.667192
30.168596
0 -84.665138
30.166096
0 -84.667834
30.167044
0 -84.669492
30.165691
0 -84.66798
30.164878
0 -84.667213
30.163431
0 -84.66911
30.163558
0 -84.667641
30.161437
0 -84.668688
30.160991
0 -84.668404
30.159533
0 -84.66926
30.158003
0 -84.670623
30.157559
0 -84.669492
30.15473
0 -84.670665
30.154087
0 -84.669001
30.153108
0 -84.669293
30.152118
0 -84.67088
30.152138
0 -84.672538
30.150406
0 -84.670373
30.149839
0 -84.671684
30.147943
0 -84.670631
30.146152
0 -84.66923
30.146469
0 -84.669617
30.144455
0 -84.668391
30.143046
0 -84.670067
30.142662
0 -84.672157
30.140898
0 -84.670128
30.138826
0 -84.671608
30.137678
0 -84.668907
30.136854
0 -84.667274
30.13735
0 -84.668047
30.135691
0 -84.667572
30.134779
0 -84.665492
30.134622
0 -84.668326
30.132714
0 -84.666143
30.132526
0 -84.668237
30.131076
0 -84.668091
30.12915
0 -84.669431
30.128957
0 -84.670357
30.127626
0 -84.669258
30.1252
0 -84.665947
30.123873
0 -84.6675
30.123352
0 -84.664324
30.120196
0 -84.660812
30.120202
0 -84.661476
30.118855
0 -84.661034
30.116903
0 -84.659897
30.116533
0 -84.659623
30.115079
0 -84.658118
30.115134
0 -84.657397
30.11415
0 -84.656239
30.115234
0 -84.655993
30.11758
0 -84.653223
30.11824
0 -84.652779
30.116129
0 -84.651685
30.114759
0 -84.651708
30.112291
0 -84.650277
30.11016
0 -84.648095
30.108834
0 -84.648436
30.10808
0 -84.651924
30.106815
0 -84.651985
30.104616
0 -84.649025
30.105942
0 -84.64814
30.105364
0 -84.650948
30.103156
0 -84.652588
30.103189
0 -84.65052
30.101242
0 -84.653107
30.100906
0 -84.654549
30.09992
0 -84.652832
30.097973
0 -84.654274
30.0972
0 -84.652718
30.096722
0 -84.651382
30.097652
0 -84.651459
30.096264
0 -84.649734
30.095385
0 -84.648285
30.093456
0 -84.649969
30.09326
0 -84.648079
30.091991
0 -84.647491
30.092728
0 -84.644768
30.09128
0 -84.643951
30.088711
0 -84.64257
30.087364
0 -84.642414
30.083294
0 -84.640732
30.082573
0 -84.637886
30.083738
0 -84.639087
30.080724
0 -84.639011
30.078899
0 -84.63559
30.077396
0 -84.63636
30.076304
0 -84.634836
30.074231
0 -84.632663
30.072937
0 -84.634884
30.0727
0 -84.635082
30.071639
0 -84.632267
30.068253
0 -84.628871
30.069307
0 -84.628169
30.068307
0 -84.631081
30.067199
0 -84.631475
30.066169
0 -84.630162
30.064953
0 -84.627513
30.065623
0 -84.625798
30.065296
0 -84.626532
30.062899
0 -84.626084
30.062392
0 -84.621991
30.063585
0 -84.621126
30.066514
0 -84.619956
30.066919
0 -84.617943
30.064672
0 -84.616036
30.065361
0 -84.612397
30.061555
0 -84.609777
30.059719
0 -84.608963
30.058529
0 -84.607614
30.054827
0 -84.605553
30.052267
0 -84.603916
30.046335
0 -84.601987
30.045485
0 -84.599891
30.045824
0 -84.597235
30.047422
0 -84.596468
30.046362
0 -84.597444
30.044964
0 -84.600144
30.044061
0 -84.600015
30.043179
0 -84.59419
30.042309
0 -84.59308
30.040667
0 -84.594048
30.040033
0 -84.596288
30.041195
0 -84.598618
30.04089
0 -84.599323
30.040131
0 -84.598808
30.03787
0 -84.596786
30.037049
0 -84.595471
30.03552
0 -84.595177
30.033417
0 -84.593224
30.032238
0 -84.591048
30.029637
0 -84.587055
30.027553
0 -84.584711
30.026684
0 -84.581211
30.024164
0 -84.576263
30.02215
0 -84.572458
30.019637
0 -84.570368
30.016884
0 -84.56907
30.017011
0 -84.569409
30.01888
0 -84.568329
30.020398
0 -84.566865
30.019846
0 -84.566176
30.017386
0 -84.565137
30.017417
0 -84.563723
30.019331
0 -84.561203
30.020205
0 -84.562871
30.022653
0 -84.558376
30.02212
0 -84.555709
30.019745
0 -84.555323
30.018014
0 -84.55569
30.014778
0 -84.550566
30.014609
0 -84.549001
30.013733
0 -84.548061
30.011411
0 -84.547195
30.012063
0 -84.547583
30.015412
0 -84.546143
30.015194
0 -84.543021
30.012835
0 -84.543032
30.011732
0 -84.54445
30.01103
0 -84.548411
30.008983
0 -84.548871
30.007087
0 -84.548208
30.006192
0 -84.544631
30.004313
0 -84.542419
30.002445
0 -84.54124
30.002395
0 -84.538126
30.004546
0 -84.531218
30.007366
0 -84.528122
30.00743
0 -84.525007
30.005221
0 -84.520324
29.99877
0 -84.51896
29.995129
0 -84.519807
29.992944
0 -84.522702
29.989889
0 -84.524692
29.986653
0 -84.525393
29.983709
0 -84.524969
29.982495
0 -84.521743
29.98075
0 -84.515826
29.980268
0 -84.514093
29.980477
0 -84.512102
29.982039
0 -84.511955
29.98338
0 -84.513466
29.985149
0 -84.514591
29.987592
0 -84.51413
29.989076
0 -84.511918
29.9894
0 -84.508287
29.989126
0 -84.50204
29.98741
0 -84.494222
29.986997
0 -84.491511
29.987117
0 -84.487087
29.988457
0 -84.484267
29.990596
0 -84.481151
29.993862
0 -84.476742
29.99967
0 -84.472119
30.002399
0 -84.470202
30.002501
0 -84.467713
30.001853
0 -84.464211
29.998988
0 -84.461612
29.996478
0 -84.459675
29.993376
0 -84.458846
29.98869
0 -84.458864
29.983574
0 -84.458403
29.975198
0 -84.456892
29.972685
0 -84.455804
29.971824
0 -84.452486
29.971247
0 -84.449482
29.973344
0 -84.446912
29.977039
0 -84.444191
29.981799
0 -84.443417
29.982177
0 -84.442145
29.981726
0 -84.438881
29.977442
0 -84.432586220017
29.9762104151536
0 -84.436408
29.978557
0 -84.435458
29.981748
0 -84.436171
29.985762
0 -84.437597
29.98813
0 -84.435577
29.989674
0 -84.43415
29.990497
0 -84.432606
29.990188
0 -84.428921
29.986895
0 -84.426426
29.985762
0 -84.41882
29.983292
0 -84.415611
29.983086
0 -84.412284
29.984321
0 -84.408956
29.984939
0 -84.402539
29.983704
0 -84.399212
29.983292
0 -84.394696
29.982365
0 -84.391962
29.980616
0 -84.385307
29.977219
0 -84.3832180859403
29.9769720702202
0 -84.382693
29.97691
0 -84.378058
29.97691
0 -84.372829
29.976086
0 -84.36962
29.974645
0 -84.362371
29.972895
0 -84.36047
29.971248
0 -84.353802
29.969747
0 -84.350725
29.969703
0 -84.348302
29.969059
0 -84.341754
29.970258
0 -84.340845
29.971966
0 -84.340148
29.975366
0 -84.341133
29.978889
0 -84.343238
29.98288
0 -84.344664
29.985042
0 -84.346565
29.985042
0 -84.3477
29.984123
0 -84.350368
29.980513
0 -84.352151
29.979071
0 -84.353517
29.98006
0 -84.356429
29.98041
0 -84.358093
29.98288
0 -84.359986
29.984739
0 -84.361962
29.987739
0 -84.362502
29.992817
0 -84.360886
29.997959
0 -84.363775
30.004787
0 -84.366115
30.008662
0 -84.361599
30.01566
0 -84.356622
30.01856
0 -84.355195
30.016708
0 -84.355433
30.014032
0 -84.352389
30.012906
0 -84.346889
30.018602
0 -84.344323
30.02247
0 -84.345451
30.026997
0 -84.339509
30.029261
0 -84.337607
30.02638
0 -84.3339
30.02901
0 -84.337132
30.032348
0 -84.33428
30.03708
0 -84.329526
30.039344
0 -84.3254399924234
30.0423132378324
0 -84.317474
30.048102
0 -84.314523
30.04951
0 -84.297836
30.057451
0 -84.293234
30.058418
0 -84.289727
30.057197
0 -84.282228
30.061151
0 -84.277168
30.060263
0 -84.273055
30.063755
0 -84.270792
30.068094
0 -84.270368
30.075469
0 -84.274003
30.083079
0 -84.272511
30.092358
0 -84.269363
30.09766
0 -84.263831
30.100284
0 -84.262263
30.103724
0 -84.256083
30.104752
0 -84.247491
30.10114
0 -84.245668
30.093021
0 -84.239208
30.090152
0 -84.237014
30.08556
0 -84.227788
30.085311
0 -84.218736
30.083966
0 -84.20801
30.084776
0 -84.203413
30.08461
0 -84.201585
30.087982
0 -84.19853
30.087937
0 -84.201676
30.09443
0 -84.204506
30.09591
0 -84.208785
30.107219
0 -84.205589
30.114323
0 -84.2031087318587
30.1128349834427
0 -84.202152
30.112261
0 -84.19356
30.097826
0 -84.18806
30.094045
0 -84.179811
30.091982
0 -84.177062
30.096107
0 -84.174999
30.095763
0 -84.173846
30.090975
0 -84.177405
30.085452
0 -84.182217
30.082359
0 -84.184493
30.077254
0 -84.179149
30.073187
0 -84.167881
30.071422
0 -84.157278
30.072714
0 -84.135683
30.083018
0 -84.124889
30.090601
0 -84.120606
30.09118
0 -84.118942
30.088507
0 -84.11384
30.085478
0 -84.105646
30.091172
0 -84.09374
30.093955
0 -84.087034
30.092103
0 -84.083057
30.092286
0 -84.0760425771092
30.0954641099777
0 -84.076132
30.09752
0 -84.076161
30.124979
0 -84.075813
30.26269
0 -84.075638
30.26339
0 -84.075539
30.273617
0 -84.124891
30.273679
0 -84.149841
30.27379
0 -84.1617
30.27387
0 -84.231896
30.274159
0 -84.238967
30.274159
0 -84.241222
30.274244
0 -84.241539
30.276236
0 -84.247673
30.303493
0 -84.253997
30.303201
0 -84.285987
30.303301
0 -84.293475
30.303457
0 -84.311929
30.303324
0 -84.313799
30.303501
0 -84.3409
30.303501
0 -84.34642
30.303399
0 -84.378532
30.303428
0 -84.378531
30.302709
0 -84.400432
30.302566
0 -84.421052
30.302407
0 -84.499844
30.301909
0 -84.504342
30.301864
0 -84.627725
30.300495
0 -84.628293
30.300342
0 -84.713351
30.30017
0 -84.727414
30.288745
0 -84.729207
30.287439
0 -84.730991
30.283338
0 -84.730841
30.28044
0 -84.729714
30.279054
0 -84.727524
30.278749
0 -84.727661
30.275846
0 -84.730942
30.275158
0 -84.730476
30.27256
0 -84.731003
30.271385
0 -84.730579
30.269686
0 -84.73217
30.267942
0 -84.735085
30.267288
0 -84.736557
30.26812
0 