-95.862266
30.865361
0 -95.863059
30.864125
0 -95.845544
30.737228
0 -95.844155
30.727604
0 -95.834197
30.658
0 -95.83024
30.630284
0 -95.781528
30.605172
0 -95.699179
30.561716
0 -95.663832
30.543214
0 -95.63105
30.525962
0 -95.611183
30.515454
0 -95.605176
30.512638
0 -95.598878
30.50898
0 -95.491514
30.508831
0 -95.466252
30.508889
0 -95.426083
30.508818
0 -95.361826
30.508651
0 -95.360414
30.505166
0 -95.359156
30.504369
0 -95.358856
30.506194
0 -95.356822
30.526293
0 -95.352187
30.570412
0 -95.35056
30.585947
0 -95.34647
30.625197
0 -95.345115
30.64669
0 -95.343727
30.668008
0 -95.338625
30.737826
0 -95.337919
30.746741
0 -95.337332
30.750186
0 -95.330435
30.826734
0 -95.330296
30.828287
0 -95.327482
30.859537
0 -95.328852
30.859312
0 -95.331052
30.860961
0 -95.332923
30.864491
0 -95.334933
30.86768
0 -95.336919
30.871621
0 -95.338757
30.873546
0 -95.342477
30.875647
0 -95.345335
30.875335
0 -95.348608
30.870029
0 -95.350247
30.86855
0 -95.351061
30.86568
0 -95.349748
30.860452
0 -95.352072
30.856951
0 -95.35587
30.855754
0 -95.363639
30.854672
0 -95.367839
30.855648
0 -95.371364
30.856119
0 -95.375218
30.855724
0 -95.378097
30.855134
0 -95.382435
30.85377
0 -95.383279
30.852961
0 -95.385343
30.853659
0 -95.388628
30.855907
0 -95.396697
30.857706
0 -95.398351
30.859651
0 -95.398442
30.859934
0 -95.398748
30.86112
0 -95.398984
30.864651
0 -95.398375
30.867184
0 -95.397312
30.869099
0 -95.394325
30.872342
0 -95.392106
30.874141
0 -95.391567
30.875965
0 -95.392199
30.877389
0 -95.395446
30.879082
0 -95.398635
30.879846
0 -95.399581
30.88066
0 -95.398763
30.882261
0 -95.397175
30.883244
0 -95.396067
30.882768
0 -95.392493
30.880064
0 -95.386403
30.878667
0 -95.381351
30.879303
0 -95.380232
30.880079
0 -95.381253
30.887062
0 -95.384014
30.888672
0 -95.385906
30.889282
0 -95.389524
30.889161
0 -95.392401
30.890447
0 -95.398108
30.891939
0 -95.400918
30.894096
0 -95.404737
30.898062
0 -95.406241
30.901407
0 -95.406545
30.904058
0 -95.406236
30.90622
0 -95.408618
30.906845
0 -95.412908
30.906481
0 -95.415504
30.907862
0 -95.415153
30.909572
0 -95.411267
30.911533
0 -95.410927
30.913735
0 -95.413995
30.918058
0 -95.413228
30.921363
0 -95.410077
30.927695
0 -95.410087
30.929259
0 -95.410825
30.930353
0 -95.414992
30.933591
0 -95.421074
30.936433
0 -95.424844
30.937345
0 -95.428901
30.937572
0 -95.432673
30.937144
0 -95.434335
30.937405
0 -95.434339
30.937755
0 -95.434397
30.940061
0 -95.434424
30.940931
0 -95.434781
31.058098
0 -95.616946
30.931083
0 -95.617872
30.930418
0 -95.618493
30.927818
0 -95.619264
30.926893
0 -95.621819
30.926151
0 -95.621619
30.924833
0 -95.619621
30.924285
0 -95.618722
30.922538
0 -95.616761
30.921982
0 -95.611934
30.918258
0 -95.612369
30.917322
0 -95.615033
30.917509
0 -95.615842
30.916212
0 -95.615781
30.915234
0 -95.613802
30.914565
0 -95.614108
30.912991
0 -95.617092
30.91032
0 -95.618928
30.913719
0 -95.62145
30.913622
0 -95.621639
30.911596
0 -95.623924
30.911843
0 -95.625222
30.90976
0 -95.626347
30.9095
0 -95.627323
30.91072
0 -95.629607
30.908573
0 -95.629027
30.906593
0 -95.62982
30.905916
0 -95.629606
30.903417
0 -95.627935
30.902996
0 -95.629597
30.900084
0 -95.631763
30.900877
0 -95.633115
30.899353
0 -95.63533
30.901401
0 -95.63701
30.899436
0 -95.639165
30.900854
0 -95.640066
30.899949
0 -95.643553
30.900122
0 -95.645567
30.897544
0 -95.648963
30.897238
0 -95.649325
30.89533
0 -95.652798
30.894459
0 -95.654501
30.89324
0 -95.656087
30.893486
0 -95.656275
30.894616
0 -95.654592
30.895835
0 -95.655165
30.896669
0 -95.656782
30.896264
0 -95.657664
30.897428
0 -95.660039
30.896661
0 -95.661438
30.896964
0 -95.661618
30.898169
0 -95.659317
30.898293
0 -95.661013
30.901022
0 -95.662401
30.901407
0 -95.663811
30.904119
0 -95.665169
30.902966
0 -95.666169
30.90338
0 -95.666272
30.905009
0 -95.671595
30.903352
0 -95.674001
30.905384
0 -95.67793
30.90614
0 -95.681582
30.904916
0 -95.682707
30.906129
0 -95.683389
30.90564
0 -95.685575
30.903501
0 -95.685341
30.901728
0 -95.686855
30.90097
0 -95.690496
30.902362
0 -95.691274
30.901062
0 -95.692522
30.901714
0 -95.693863
30.903353
0 -95.697602
30.904431
0 -95.696988
30.905643
0 -95.69553
30.906535
0 -95.697242
30.907754
0 -95.699998
30.906887
0 -95.70446
30.90701
0 -95.704269
30.907895
0 -95.705767
30.907796
0 -95.707405
30.906576
0 -95.70975
30.906416
0 -95.710821
30.907839
0 -95.712428
30.907778
0 -95.711211
30.909362
0 -95.7126
30.909086
0 -95.712237
30.910576
0 -95.713053
30.910273
0 -95.715036
30.910982
0 -95.714679
30.910009
0 -95.716425
30.910091
0 -95.716508
30.911405
0 -95.718477
30.909629
0 -95.718706
30.90859
0 -95.72002
30.909376
0 -95.721894
30.908969
0 -95.722034
30.908023
0 -95.723175
30.90854
0 -95.723149
30.907286
0 -95.725908
30.906593
0 -95.726864
30.905076
0 -95.728807
30.903355
0 -95.730725
30.902244
0 -95.732249
30.903095
0 -95.731859
30.901738
0 -95.733109
30.901688
0 -95.733388
30.900056
0 -95.734963
30.900698
0 -95.736269
30.899868
0 -95.737435
30.900098
0 -95.738741
30.899213
0 -95.738749
30.900796
0 -95.74119
30.901223
0 -95.743326
30.90242
0 -95.743981
30.900711
0 -95.745639
30.902288
0 -95.747908
30.90111
0 -95.75016
30.901669
0 -95.751735
30.900027
0 -95.75292
30.90056
0 -95.753928
30.899165
0 -95.754533
30.899858
0 -95.758536
30.899277
0 -95.762291
30.89736
0 -95.762017
30.896041
0 -95.763451
30.896564
0 -95.76493
30.896328
0 -95.765586
30.895377
0 -95.764599
30.89508
0 -95.764892
30.893986
0 -95.766104
30.893349
0 -95.765199
30.893157
0 -95.76727
30.893234
0 -95.768736
30.892636
0 -95.769495
30.891224
0 -95.76933
30.889674
0 -95.773754
30.887021
0 -95.77703
30.885675
0 -95.777773
30.884512
0 -95.779388
30.88295
0 -95.781121
30.883758
0 -95.78181
30.882362
0 -95.783512
30.881077
0 -95.78499
30.880912
0 -95.784532
30.879307
0 -95.786902
30.87867
0 -95.787431
30.879407
0 -95.789279
30.877973
0 -95.791235
30.878594
0 -95.794625
30.878534
0 -95.799965
30.875929
0 -95.80289
30.875358
0 -95.804279
30.873695
0 -95.806719
30.872574
0 -95.80914
30.872244
0 -95.811657
30.870282
0 -95.811663
30.868589
0 -95.813064
30.867611
0 -95.814886
30.867407
0 -95.816938
30.869243
0 -95.821232
30.868083
0 -95.826672
30.86551
0 -95.828367
30.865531
0 -95.82692
30.863828
0 -95.827863
30.862888
0 -95.829099
30.863239
0 -95.829283
30.862179
0 -95.831431
30.863486
0 -95.83303
30.86381
0 -95.831979
30.86469
0 -95.835088
30.865068
0 -95.836451
30.863771
0 -95.838649
30.864336
0 -95.840573
30.863226
0 -95.842191
30.863335
0 -95.843165
30.861867
0 -95.844554
30.862944
0 -95.846758
30.862575
0 -95.849116
30.86303
0 -95.849823
30.863756
0 -95.849021
30.865042
0 -95.84927
30.866905
0 -95.851462
30.867338
0 -95.852972
30.867079
0 -95.853672
30.865887
0 -95.856201
30.865199
0 -95.85961
30.865824
0 -95.860291
30.865164
0 -95.862266
30.865361
0 