-85.997426
35.711955
0 -85.997732
35.709926
0 -85.993376
35.709136
0 -85.993655
35.705821
0 -85.986835
35.703961
0 -85.986974
35.69706
0 -85.991257
35.697406
0 -85.99195
35.694071
0 -85.992775
35.694103
0 -85.990539
35.69104
0 -85.990548
35.680777
0 -85.989683
35.678556
0 -85.985023
35.666592
0 -85.986525
35.666695
0 -85.986916
35.664645
0 -85.985238
35.664427
0 -85.985062
35.660108
0 -85.984021
35.655202
0 -85.990368
35.650625
0 -85.984155
35.650082
0 -85.983315
35.651253
0 -85.978125
35.650797
0 -85.967962
35.631677
0 -85.971368
35.632041
0 -85.971764
35.629476
0 -85.967536
35.628967
0 -85.969357
35.625732
0 -85.964034
35.624653
0 -85.965197
35.62045
0 -85.958338
35.619088
0 -85.956333
35.619561
0 -85.957347
35.614401
0 -85.953671
35.61402
0 -85.95415
35.610192
0 -85.950184
35.609874
0 -85.951195
35.603121
0 -85.951475
35.599435
0 -85.948276
35.598333
0 -85.94693
35.596389
0 -85.952328
35.596489
0 -85.952643
35.594167
0 -85.954374
35.594207
0 -85.955972
35.586206
0 -85.952729
35.585366
0 -85.945524
35.584767
0 -85.945928
35.580945
0 -85.944624
35.580743
0 -85.945189
35.578437
0 -85.947776
35.578111
0 -85.948192
35.573422
0 -85.938362
35.572311
0 -85.938709
35.571467
0 -85.937068
35.569433
0 -85.937508
35.566782
0 -85.934405
35.563019
0 -85.932528
35.56231
0 -85.929576
35.560403
0 -85.926394
35.559336
0 -85.923019
35.556115
0 -85.918459
35.55407
0 -85.917607
35.552754
0 -85.913124
35.553101
0 -85.913032
35.55442
0 -85.909619
35.554057
0 -85.908495
35.554426
0 -85.908221
35.551547
0 -85.904098
35.551413
0 -85.90455
35.541299
0 -85.889801
35.539724
0 -85.890486
35.537431
0 -85.882493
35.53902
0 -85.880025
35.535405
0 -85.884734
35.533218
0 -85.879954
35.527409
0 -85.876962
35.524095
0 -85.875531
35.527929
0 -85.874019
35.528956
0 -85.866053
35.521233
0 -85.864299
35.522163
0 -85.862375
35.520097
0 -85.858633
35.519361
0 -85.856949
35.520472
0 -85.832925
35.515303
0 -85.820334
35.504573
0 -85.815308
35.505792
0 -85.81736
35.51347
0 -85.815908
35.513715
0 -85.791307
35.517884
0 -85.753574
35.524164
0 -85.749978
35.524449
0 -85.748096
35.524313
0 -85.70326
35.528653
0 -85.695831
35.529028
0 -85.694307
35.528732
0 -85.689885
35.529239
0 -85.683849
35.529265
0 -85.607326
35.531651
0 -85.557535
35.532977
0 -85.594632
35.617898
0 -85.594459
35.625068
0 -85.602147
35.683181
0 -85.603362
35.693637
0 -85.605088
35.707823
0 -85.605018
35.708703
0 -85.602951
35.710116
0 -85.600223
35.713491
0 -85.599544
35.716942
0 -85.596898
35.721619
0 -85.596386
35.723158
0 -85.597606
35.724185
0 -85.597422
35.726036
0 -85.598594
35.726441
0 -85.598402
35.727549
0 -85.595035
35.730013
0 -85.592716
35.734102
0 -85.592684
35.734683
0 -85.594906
35.737923
0 -85.598826
35.740657
0 -85.599883
35.741758
0 -85.597105
35.743288
0 -85.595479
35.746759
0 -85.596695
35.750256
0 -85.596031
35.751549
0 -85.592318
35.753084
0 -85.592068
35.754471
0 -85.59605
35.757683
0 -85.601406
35.759878
0 -85.603625
35.758855
0 -85.606458
35.758364
0 -85.608628
35.759158
0 -85.610724
35.756262
0 -85.614072
35.758909
0 -85.615146
35.760531
0 -85.614561
35.761595
0 -85.611899
35.760903
0 -85.608817
35.761195
0 -85.602914
35.763634
0 -85.603449
35.764891
0 -85.604593
35.764617
0 -85.607193
35.765626
0 -85.607365
35.766621
0 -85.605528
35.768196
0 -85.604158
35.768307
0 -85.602596
35.76564
0 -85.601327
35.765509
0 -85.601519
35.768084
0 -85.602147
35.768876
0 -85.604644
35.769252
0 -85.607318
35.770618
0 -85.607942
35.771395
0 -85.607883
35.773681
0 -85.606881
35.775391
0 -85.604804
35.77624
0 -85.604425
35.778594
0 -85.605661
35.779262
0 -85.605377
35.780233
0 -85.603629
35.779756
0 -85.602393
35.780485
0 -85.602679
35.782694
0 -85.601519
35.784722
0 -85.601935
35.785526
0 -85.606754
35.784775
0 -85.607854
35.78265
0 -85.611866
35.784432
0 -85.61159
35.785209
0 -85.610768
35.785967
0 -85.608304
35.786723
0 -85.604765
35.786979
0 -85.600686
35.789832
0 -85.600115
35.790805
0 -85.602997
35.793929
0 -85.602876
35.794996
0 -85.606537
35.798904
0 -85.607429
35.802499
0 -85.608493
35.804237
0 -85.609881
35.804727
0 -85.616666
35.801344
0 -85.6203
35.801247
0 -85.622195
35.80181
0 -85.62498
35.803632
0 -85.630004
35.805248
0 -85.633768
35.807215
0 -85.634845
35.808616
0 -85.634804
35.810455
0 -85.635737
35.813353
0 -85.639917
35.815191
0 -85.641655
35.816717
0 -85.646702
35.817007
0 -85.649756
35.816203
0 -85.653072
35.816431
0 -85.663609
35.819589
0 -85.665561
35.820019
0 -85.671427
35.820708
0 -85.682602
35.827246
0 -85.682886
35.829359
0 -85.682095
35.831254
0 -85.687415
35.832512
0 -85.704467
35.836028
0 -85.714723
35.838753
0 -85.719645
35.8428
0 -85.734501
35.843826
0 -85.744804
35.84857
0 -85.747257
35.849369
0 -85.751785
35.850027
0 -85.751467
35.84524
0 -85.757341
35.84518
0 -85.757206
35.846746
0 -85.757051
35.848519
0 -85.76249
35.848617
0 -85.767718
35.848737
0 -85.776027
35.845536
0 -85.77421
35.842548
0 -85.787534
35.843036
0 -85.787115
35.846407
0 -85.788657
35.846536
0 -85.788523
35.852002
0 -85.791923
35.852162
0 -85.792096
35.85074
0 -85.796925
35.851131
0 -85.811381
35.850175
0 -85.811329
35.848613
0 -85.812713
35.84721
0 -85.813624
35.845816
0 -85.824402
35.846816
0 -85.842082
35.846912
0 -85.842943
35.840419
0 -85.846601
35.840966
0 -85.846224
35.845475
0 -85.859038
35.846684
0 -85.863784
35.846158
0 -85.863939
35.844785
0 -85.867485
35.845
0 -85.867353
35.846346
0 -85.872935
35.846447
0 -85.875877
35.845776
0 -85.875885
35.844497
0 -85.873391
35.843897
0 -85.873387
35.840425
0 -85.879032
35.839283
0 -85.885156
35.839658
0 -85.885556
35.837304
0 -85.885595
35.830539
0 -85.895673
35.830552
0 -85.895674
35.829877
0 -85.897859
35.830222
0 -85.913867
35.822506
0 -85.929707
35.802503
0 -85.932844
35.798534
0 -85.942133
35.786779
0 -85.941601
35.786649
0 -85.935739
35.785493
0 -85.934651
35.784672
0 -85.93475
35.781507
0 -85.939473
35.781814
0 -85.94031
35.780266
0 -85.943119
35.781092
0 -85.945214
35.77778
0 -85.951842
35.770109
0 -85.954798
35.767081
0 -85.963571
35.761329
0 -85.969994
35.753541
0 -85.972312
35.750619
0 -85.984891
35.734553
0 -85.987838
35.734879
0 -85.988314
35.731541
0 -85.986393
35.731016
0 -85.98963
35.711356
0 -85.997426
35.711955
0 