-111.620725
40.451322
0 -111.620968
40.449653
0 -111.618471
40.449026
0 -111.617281
40.446361
0 -111.615822
40.444146
0 -111.616035
40.44262
0 -111.617986
40.439773
0 -111.617329
40.437688
0 -111.615977
40.436467
0 -111.613957
40.433573
0 -111.61258
40.43288
0 -111.611734
40.431466
0 -111.610418
40.430944
0 -111.607632
40.431532
0 -111.604745
40.433215
0 -111.59998
40.434779
0 -111.595261
40.432613
0 -111.593223
40.431131
0 -111.591375
40.426018
0 -111.588973
40.423573
0 -111.588369
40.421301
0 -111.586071
40.42025
0 -111.583803
40.420211
0 -111.583675
40.412845
0 -111.574268
40.412907
0 -111.574209
40.391373
0 -111.564836
40.391421
0 -111.56487
40.387751
0 -111.560097
40.38777
0 -111.560195
40.369837
0 -111.555284
40.369901
0 -111.555259
40.366329
0 -111.555235
40.362696
0 -111.545853
40.362719
0 -111.545837
40.362038
0 -111.527044
40.361688
0 -111.480337
40.362169
0 -111.480536
40.354957
0 -111.475858
40.354865
0 -111.475951
40.35121
0 -111.471481
40.351209
0 -111.471578
40.347584
0 -111.462281
40.347484
0 -111.462464
40.340339
0 -111.453153
40.340284
0 -111.453295
40.334267
0 -111.451921
40.334272
0 -111.449603
40.331702
0 -111.445818
40.329956
0 -111.444402
40.328087
0 -111.444849
40.326719
0 -111.441151
40.323642
0 -111.437906
40.321772
0 -111.438145
40.320386
0 -111.441117
40.320138
0 -111.442803
40.317052
0 -111.442251
40.314839
0 -111.443889
40.31343
0 -111.444192
40.312012
0 -111.448041
40.309346
0 -111.449851
40.306921
0 -111.450494
40.305113
0 -111.452624
40.304164
0 -111.456282
40.301039
0 -111.457193
40.300741
0 -111.454286
40.297985
0 -111.452596
40.296971
0 -111.452595
40.295257
0 -111.451633
40.293168
0 -111.446279
40.291495
0 -111.443448
40.289882
0 -111.439652
40.290119
0 -111.437586
40.291218
0 -111.433686
40.291903
0 -111.428728
40.28776
0 -111.426482
40.286906
0 -111.422959
40.288043
0 -111.41894
40.28826
0 -111.417213
40.289194
0 -111.414833
40.2889
0 -111.412677
40.289552
0 -111.412878
40.290493
0 -111.410363
40.295111
0 -111.406993
40.295797
0 -111.40243
40.295962
0 -111.400079
40.294589
0 -111.399914
40.293708
0 -111.396645
40.292304
0 -111.394276
40.295541
0 -111.392125
40.296204
0 -111.387814
40.295191
0 -111.385573
40.29565
0 -111.381427
40.294441
0 -111.380195
40.296224
0 -111.377156
40.297487
0 -111.374011
40.296993
0 -111.372717
40.296224
0 -111.36981
40.292998
0 -111.367702
40.291676
0 -111.365176
40.291023
0 -111.360753
40.288727
0 -111.356645
40.288153
0 -111.35196
40.28962
0 -111.34732
40.287974
0 -111.346133
40.287141
0 -111.343369
40.287376
0 -111.343146
40.28806
0 -111.339562
40.288655
0 -111.335705
40.287801
0 -111.33339
40.285593
0 -111.330224
40.284154
0 -111.329165
40.282561
0 -111.327544
40.282135
0 -111.325317
40.282732
0 -111.323672
40.285493
0 -111.321741
40.287307
0 -111.317384
40.287196
0 -111.31483
40.287566
0 -111.311834
40.286464
0 -111.311753
40.286433
0 -111.311713
40.286419
0 -111.307893
40.283904
0 -111.307078
40.282649
0 -111.306932
40.280403
0 -111.309028
40.276161
0 -111.307897
40.2745
0 -111.305491
40.27446
0 -111.302547
40.27287
0 -111.300395
40.273268
0 -111.297599
40.272963
0 -111.296272
40.271147
0 -111.294206
40.270741
0 -111.294638
40.266795
0 -111.294174
40.265469
0 -111.290662
40.266365
0 -111.286778
40.264588
0 -111.282591
40.260665
0 -111.278762
40.258793
0 -111.278891
40.256131
0 -111.276277
40.252207
0 -111.27161
40.250745
0 -111.269915
40.248913
0 -111.268632
40.246387
0 -111.264786
40.242328
0 -111.265942
40.238478
0 -111.268102
40.236932
0 -111.269807
40.237109
0 -111.273617
40.236215
0 -111.273755
40.232634
0 -111.272363
40.231124
0 -111.271839
40.227642
0 -111.273332
40.224355
0 -111.273372
40.221861
0 -111.272382
40.221068
0 -111.272017
40.219433
0 -111.270355
40.216795
0 -111.268749
40.215438
0 -111.267284
40.213237
0 -111.265298
40.212034
0 -111.261869
40.210978
0 -111.264781
40.209495
0 -111.263153
40.205515
0 -111.260354
40.204728
0 -111.257616
40.20256
0 -111.256406
40.200727
0 -111.258155
40.197849
0 -111.25671
40.197864
0 -111.252488
40.1963
0 -111.250726
40.194603
0 -111.247902
40.193727
0 -111.246898
40.191361
0 -111.244321
40.189423
0 -111.241755
40.186091
0 -111.240418
40.185361
0 -111.238879
40.182645
0 -111.236217
40.181401
0 -111.234842
40.178952
0 -111.235412
40.176899
0 -111.232927
40.17395
0 -111.231252
40.172925
0 -111.230768
40.171099
0 -111.225507
40.167324
0 -111.225225
40.166367
0 -111.225522
40.164248
0 -111.227646
40.161715
0 -111.227286
40.16078
0 -111.229144
40.158343
0 -111.227211
40.157507
0 -111.226695
40.155839
0 -111.227807
40.152823
0 -111.230929
40.150295
0 -111.231165
40.147481
0 -111.228432
40.146318
0 -111.225821
40.144618
0 -111.224856
40.142512
0 -111.225535
40.14133
0 -111.223627
40.138286
0 -111.224123
40.136479
0 -111.224122
40.133127
0 -111.223067
40.132067
0 -111.222948
40.129899
0 -111.22182
40.128034
0 -111.222274
40.126026
0 -111.221413
40.12503
0 -111.223277
40.123293
0 -111.223362
40.120972
0 -111.225413
40.119993
0 -111.226128
40.116926
0 -111.227775
40.111611
0 -111.229313
40.109535
0 -111.229854
40.106848
0 -111.234698
40.104191
0 -111.234272
40.101464
0 -111.235135
40.09831
0 -111.237183
40.094769
0 -111.241415
40.091896
0 -111.241909
40.090148
0 -111.242361
40.085893
0 -111.240261
40.084117
0 -111.238007
40.080551
0 -111.238689
40.077464
0 -111.24058
40.074613
0 -111.240693
40.073503
0 -111.237906
40.072145
0 -111.236031
40.069998
0 -111.236058
40.069113
0 -111.240777
40.066223
0 -111.241636
40.064587
0 -111.241685
40.062987
0 -111.245981
40.060064
0 -111.247494
40.058483
0 -111.249227
40.055595
0 -111.246999
40.053687
0 -111.246262
40.051114
0 -111.246207
40.047466
0 -111.244089
40.045273
0 -111.240202
40.042704
0 -111.238231
40.038734
0 -111.233294
40.037121
0 -111.231874
40.037353
0 -111.226705
40.035693
0 -111.225609
40.036041
0 -111.22366
40.037944
0 -111.223458
40.040104
0 -111.220376
40.040859
0 -111.217997
40.042452
0 -111.213724
40.042851
0 -111.212414
40.044476
0 -111.205772
40.047368
0 -111.20383
40.049298
0 -111.203907
40.04614
0 -111.19899
40.040041
0 -111.200306
40.037195
0 -111.199955
40.035632
0 -111.197981
40.033181
0 -111.197708
40.031179
0 -111.194861
40.031598
0 -111.19186
40.030137
0 -111.191062
40.028901
0 -111.191319
40.027539
0 -111.190473
40.026071
0 -111.189593
40.023077
0 -111.18608
40.019655
0 -111.176913
40.016034
0 -111.175564
40.014214
0 -111.174751
40.012174
0 -111.17248
40.011478
0 -111.171555
40.010585
0 -111.170772
40.007703
0 -111.16936
40.00662
0 -111.169177
40.004002
0 -111.168015
40.003437
0 -111.169867
40.00021
0 -111.169149
39.998513
0 -111.16914
39.995759
0 -111.167437
39.992752
0 -111.167664
39.99059
0 -111.16546
39.989966
0 -111.160144
39.991974
0 -111.156516
39.990008
0 -111.15597
39.988871
0 -111.152196
39.985059
0 -111.146675
39.985343
0 -111.143047
39.986988
0 -111.141403
39.984082
0 -111.136162
39.981176
0 -111.13399
39.979188
0 -111.133705
39.978319
0 -111.135233
39.976579
0 -111.133134
39.973675
0 -111.130011
39.972861
0 -111.129346
39.970374
0 -111.123678
39.970346
0 -111.119271
39.968156
0 -111.118829
39.967404
0 -111.119261
39.964817
0 -111.118211
39.961423
0 -111.120893
39.959713
0 -111.120221
39.957077
0 -111.122074
39.956342
0 -111.123604
39.954453
0 -111.129219
39.951472
0 -111.131641
39.948969
0 -111.131296
39.947396
0 -111.12821
39.946952
0 -111.126253
39.945436
0 -111.12159
39.945619
0 -111.119064
39.944961
0 -111.118422
39.943484
0 -111.092574
39.943082
0 -111.083061
39.943198
0 -111.082455
39.900155
0 -110.959904
39.899518
0 -110.891872
39.899146
0 -110.891904
40.082616
0 -110.896376
40.082594
0 -110.896633
40.19861
0 -110.896592
40.431183
0 -110.902928
40.431211
0 -110.902875
40.474622
0 -110.901931
40.67817
0 -110.90805
40.676988
0 -110.939873
40.670571
0 -110.938082
40.667518
0 -110.938158
40.666004
0 -110.939807
40.663165
0 -110.940391
40.658496
0 -110.940949
40.657122
0 -110.942605
40.656134
0 -110.945838
40.656104
0 -110.946374
40.654226
0 -110.945912
40.650992
0 -110.9462
40.648317
0 -110.944959
40.646362
0 -110.946711
40.644352
0 -110.946761
40.642281
0 -110.949226
40.640524
0 -110.950589
40.638327
0 -110.950919
40.63479
0 -110.952634
40.632263
0 -110.955049
40.629962
0 -110.957614
40.628374
0 -110.958168
40.626254
0 -110.960748
40.623866
0 -110.960495
40.622619
0 -110.96177
40.619516
0 -110.961495
40.618736
0 -110.962921
40.616028
0 -110.962603
40.613853
0 -110.960887
40.610992
0 -110.961059
40.607752
0 -110.962571
40.604956
0 -110.964458
40.603632
0 -110.964415
40.602715
0 -110.970904
40.598622
0 -110.973943
40.596012
0 -110.974187
40.594656
0 -110.976405
40.592964
0 -110.978588
40.59265
0 -110.98054
40.591479
0 -110.98546
40.591472
0 -110.986944
40.591861
0 -110.996188
40.592368
0 -111.003698
40.591961
0 -111.007199
40.59283
0 -111.007754
40.591908
0 -111.010981
40.591893
0 -111.012459
40.590598
0 -111.016264
40.588842
0 -111.016683
40.586953
0 -111.018103
40.58591
0 -111.017419
40.585119
0 -111.018054
40.583417
0 -111.021361
40.581173
0 -111.02155
40.579943
0 -111.024396
40.577504
0 -111.031571
40.575881
0 -111.035777
40.576629
0 -111.036036
40.577552
0 -111.039937
40.577761
0 -111.043892
40.578421
0 -111.044843
40.5793
0 -111.04748
40.579542
0 -111.048273
40.580696
0 -111.050923
40.580476
0 -111.055339
40.581702
0 -111.057831
40.583042
0 -111.058839
40.58442
0 -111.060323
40.584305
0 -111.065913
40.58704
0 -111.070149
40.590011
0 -111.072945
40.591236
0 -111.073579
40.592395
0 -111.075777
40.593647
0 -111.079365
40.594739
0 -111.084062
40.593239
0 -111.085697
40.592344
0 -111.089082
40.592124
0 -111.090401
40.592997
0 -111.091979
40.59287
0 -111.09543
40.593852
0 -111.101965
40.593971
0 -111.103924
40.593339
0 -111.109565
40.593271
0 -111.109975
40.592711
0 -111.116004
40.591769
0 -111.120225
40.59068
0 -111.122767
40.589361
0 -111.123472
40.588872
0 -111.123305
40.58679
0 -111.124551
40.586279
0 -111.124067
40.5854
0 -111.125728
40.582209
0 -111.128495
40.581694
0 -111.128438
40.58086
0 -111.131271
40.578373
0 -111.131884
40.576797
0 -111.133261
40.575326
0 -111.133004
40.572465
0 -111.134279
40.571817
0 -111.134021
40.57068
0 -111.135939
40.567913
0 -111.135386
40.565771
0 -111.136517
40.564986
0 -111.137693
40.561505
0 -111.137126
40.558836
0 -111.140563
40.555701
0 -111.142141
40.553824
0 -111.144835
40.551496
0 -111.146469
40.551316
0 -111.147248
40.549636
0 -111.150928
40.548434
0 -111.153346
40.548984
0 -111.158645
40.549672
0 -111.162302
40.551057
0 -111.164549
40.554797
0 -111.165569
40.55638
0 -111.168492
40.557748
0 -111.170818
40.557435
0 -111.174764
40.559051
0 -111.177709
40.55854
0 -111.181021
40.558436
0 -111.182079
40.558887
0 -111.18537
40.561133
0 -111.18563
40.562347
0 -111.187523
40.563758
0 -111.189014
40.563857
0 -111.189235
40.565055
0 -111.193299
40.567394
0 -111.194336
40.567641
0 -111.197771
40.565735
0 -111.200241
40.566817
0 -111.200335
40.56802
0 -111.205111
40.569909
0 -111.209569
40.571325
0 -111.212105
40.573752
0 -111.214886
40.574515
0 -111.216859
40.57396
0 -111.221245
40.574233
0 -111.225322
40.575709
0 -111.228075
40.577955
0 -111.231389
40.578541
0 -111.233772
40.577766
0 -111.237482
40.57749
0 -111.245622
40.579211
0 -111.253631
40.582121
0 -111.253664
40.583302
0 -111.257244
40.584675
0 -111.259714
40.586098
0 -111.260486
40.585643
0 -111.262181
40.586615
0 -111.265965
40.587684
0 -111.266958
40.588723
0 -111.269876
40.589438
0 -111.272921
40.592738
0 -111.275637
40.593464
0 -111.27586
40.594332
0 -111.278186
40.595008
0 -111.278993
40.596293
0 -111.281054
40.595965
0 -111.283863
40.597118
0 -111.285542
40.597021
0 -111.286557
40.598092
0 -111.292263
40.602025
0 -111.292644
40.606985
0 -111.29394
40.608127
0 -111.296779
40.608726
0 -111.30137
40.60714
0 -111.303364
40.605866
0 -111.306373
40.609208
0 -111.30799
40.611051
0 -111.309543
40.611666
0 -111.313039
40.615377
0 -111.314979
40.616537
0 -111.321561
40.618287
0 -111.324595
40.61976
0 -111.325526
40.620631
0 -111.326236
40.623124
0 -111.333213
40.622709
0 -111.338416
40.623382
0 -111.343687
40.624424
0 -111.34658
40.625282
0 -111.351074
40.625185
0 -111.354429
40.626472
0 -111.356783
40.627963
0 -111.357894
40.629751
0 -111.3608
40.629501
0 -111.363087
40.630808
0 -111.365846
40.630624
0 -111.368788
40.628944
0 -111.369749
40.629443
0 -111.371527
40.63178
0 -111.374991
40.633035
0 -111.374363
40.636454
0 -111.375309
40.640228
0 -111.376387
40.640701
0 -111.376256
40.642404
0 -111.378679
40.644971
0 -111.381343
40.646126
0 -111.38199
40.648626
0 -111.38141
40.649863
0 -111.381587
40.651632
0 -111.385116
40.652485
0 -111.386213
40.653026
0 -111.387238
40.656026
0 -111.386967
40.657174
0 -111.386829
40.657928
0 -111.389974
40.659909
0 -111.390544
40.663821
0 -111.388689
40.670627
0 -111.391452
40.671005
0 -111.391345
40.674577
0 -111.38973
40.67768
0 -111.391355
40.681514
0 -111.394304
40.683611
0 -111.392663
40.687424
0 -111.393356
40.690021
0 -111.396248
40.690162
0 -111.397566
40.690948
0 -111.399023
40.690587
0 -111.402694
40.686732
0 -111.406316
40.685085
0 -111.407805
40.683539
0 -111.409396
40.683095
0 -111.412536
40.680998
0 -111.417136
40.681877
0 -111.419377
40.681266
0 -111.423129
40.681235
0 -111.426228
40.682741
0 -111.427513
40.685292
0 -111.431968
40.684513
0 -111.433548
40.684318
0 -111.436934
40.685834
0 -111.437266
40.68433
0 -111.437197
40.682557
0 -111.436752
40.680564
0 -111.436033
40.678698
0 -111.436672
40.676767
0 -111.435531
40.673214
0 -111.432847
40.668814
0 -111.431141
40.666908
0 -111.430482
40.664771
0 -111.432302
40.663629
0 -111.434624
40.660865
0 -111.435834
40.660429
0 -111.439946
40.66039
0 -111.443177
40.659386
0 -111.444952
40.659413
0 -111.446824
40.656207
0 -111.448386
40.654353
0 -111.45126
40.653179
0 -111.454379
40.6535
0 -111.456803
40.65298
0 -111.460183
40.652376
0 -111.462567
40.648145
0 -111.463682
40.644785
0 -111.46453
40.645097
0 -111.466433
40.646039
0 -111.471959
40.644833
0 -111.473401
40.643521
0 -111.473608
40.643063
0 -111.476119
40.634849
0 -111.474887
40.633076
0 -111.473951
40.632591
0 -111.475375
40.631087
0 -111.476616
40.629923
0 -111.477259
40.629579
0 -111.477613
40.629168
0 -111.47871
40.627452
0 -111.479073
40.626897
0 -111.480421
40.624363
0 -111.481901
40.623435
0 -111.484184
40.622737
0 -111.486412
40.621159
0 -111.486685
40.620717
0 -111.486918
40.619241
0 -111.486681
40.61806
0 -111.486165
40.614719
0 -111.483562
40.610618
0 -111.482811
40.608688
0 -111.484987
40.60594
0 -111.485298
40.602406
0 -111.489582
40.599157
0 -111.492815
40.602115
0 -111.496068
40.602819
0 -111.498554
40.604232
0 -111.500382
40.606112
0 -111.503895
40.606546
0 -111.506319
40.604853
0 -111.508651
40.606125
0 -111.511093
40.606356
0 -111.512995
40.607647
0 -111.515455
40.607745
0 -111.519846
40.609221
0 -111.525189
40.60899
0 -111.528092
40.61174
0 -111.533909
40.612274
0 -111.537319
40.612179
0 -111.539673
40.61301
0 -111.541183
40.612728
0 -111.546126
40.610287
0 -111.553105
40.609362
0 -111.554256
40.60825
0 -111.555872
40.604898
0 -111.558268
40.603222
0 -111.559187
40.601578
0 -111.558469
40.59999
0 -111.560675
40.592576
0 -111.55981
40.590626
0 -111.561467
40.589216
0 -111.564
40.584961
0 -111.567958
40.5843
0 -111.569752
40.582914
0 -111.572363
40.582209
0 -111.577578
40.583339
0 -111.579403
40.582271
0 -111.582394
40.581262
0 -111.58684
40.581327
0 -111.589546
40.580537
0 -111.591867
40.579014
0 -111.59393
40.577071
0 -111.591946
40.575032
0 -111.591861
40.573081
0 -111.590794
40.572003
0 -111.587655
40.57025
0 -111.585637
40.568627
0 -111.583656
40.568102
0 -111.581553
40.566406
0 -111.580588
40.564652
0 -111.579653
40.561135
0 -111.575173
40.554351
0 -111.571857
40.551251
0 -111.570185
40.550865
0 -111.567725
40.547211
0 -111.568156
40.546181
0 -111.570021
40.545023
0 -111.571251
40.543301
0 -111.570734
40.540397
0 -111.572609
40.537745
0 -111.5716
40.535579
0 -111.570298
40.534333
0 -111.570961
40.5327
0 -111.570453
40.531087
0 -111.570764
40.52932
0 -111.569766
40.52684
0 -111.570706
40.524765
0 -111.571549
40.520045
0 -111.57543
40.516407
0 -111.575362
40.509731
0 -111.574852
40.508491
0 -111.575534
40.506869
0 -111.575443
40.503188
0 -111.579126
40.500356
0 -111.579103
40.499797
0 -111.577702
40.496692
0 -111.575918
40.495578
0 -111.574435
40.493005
0 -111.574829
40.487124
0 -111.578311
40.483505
0 -111.578639
40.481985
0 -111.581409
40.480242
0 -111.58378
40.479633
0 -111.584123
40.476955
0 -111.586794
40.475172
0 -111.588955
40.472326
0 -111.592134
40.470364
0 -111.594867
40.467708
0 -111.597634
40.466838
0 -111.601222
40.467383
0 -111.603006
40.466782
0 -111.60635
40.467331
0 -111.609484
40.466325
0 -111.610099
40.462971
0 -111.611683
40.461331
0 -111.614668
40.459192
0 -111.614889
40.457518
0 -111.617394
40.456338
0 -111.620437
40.455018
0 -111.619412
40.453112
0 -111.620725
40.451322
0 