-99.364503
35.291308
0 -99.364529
35.284115
0 -99.364289
35.204466
0 -99.360219
35.204464
0 -99.360155
35.189467
0 -99.360226
35.116738
0 -99.192235
35.116511
0 -99.185321
35.116556
0 -99.13135
35.116654
0 -99.060658
35.116604
0 -98.990414
35.116471
0 -98.955057
35.116431
0 -98.944363
35.116427
0 -98.796989
35.116413
0 -98.750344
35.116343
0 -98.748971
35.116452
0 -98.748162
35.115285
0 -98.745401
35.113225
0 -98.744675
35.112011
0 -98.742473
35.111119
0 -98.742249
35.11034
0 -98.743586
35.108438
0 -98.741913
35.107546
0 -98.740381
35.108509
0 -98.738373
35.10686
0 -98.740017
35.105943
0 -98.737144
35.103013
0 -98.73692
35.101547
0 -98.73586
35.101044
0 -98.73469
35.101846
0 -98.734578
35.10336
0 -98.733549
35.104938
0 -98.733328
35.108351
0 -98.731712
35.109107
0 -98.729482
35.108055
0 -98.72887
35.109453
0 -98.729901
35.11023
0 -98.731601
35.110115
0 -98.733107
35.110893
0 -98.73177
35.113963
0 -98.730209
35.113712
0 -98.730487
35.112177
0 -98.724439
35.111286
0 -98.722906
35.111973
0 -98.722795
35.113325
0 -98.721625
35.113852
0 -98.719004
35.113051
0 -98.716384
35.113006
0 -98.718112
35.111539
0 -98.72009
35.109134
0 -98.719281
35.10776
0 -98.717721
35.108928
0 -98.715351
35.108356
0 -98.713707
35.10696
0 -98.712452
35.104761
0 -98.707463
35.106503
0 -98.703507
35.110511
0 -98.699855
35.110832
0 -98.696315
35.111909
0 -98.694364
35.111108
0 -98.691799
35.10884
0 -98.687786
35.108933
0 -98.684943
35.107078
0 -98.683633
35.107375
0 -98.683215
35.107856
0 -98.684079
35.111475
0 -98.6855
35.113123
0 -98.684776
35.1142
0 -98.68171
35.113764
0 -98.680316
35.110032
0 -98.678143
35.107925
0 -98.675941
35.108451
0 -98.674296
35.109665
0 -98.674937
35.111177
0 -98.674992
35.113948
0 -98.672539
35.117269
0 -98.673263
35.118138
0 -98.672232
35.119009
0 -98.668385
35.118872
0 -98.664933
35.118211
0 -98.664093
35.118092
0 -98.662203
35.118321
0 -98.660775
35.119397
0 -98.65924
35.12187
0 -98.657344
35.122557
0 -98.655477
35.121617
0 -98.653303
35.121594
0 -98.65227
35.123975
0 -98.651267
35.124181
0 -98.650013
35.122623
0 -98.647338
35.12134
0 -98.646084
35.119118
0 -98.642795
35.120101
0 -98.642461
35.119025
0 -98.644469
35.11701
0 -98.64575
35.118179
0 -98.647785
35.117721
0 -98.650685
35.115226
0 -98.645642
35.111605
0 -98.643803
35.111536
0 -98.64121
35.113275
0 -98.639422
35.119298
0 -98.639894
35.122849
0 -98.638918
35.123169
0 -98.6351
35.121335
0 -98.629975
35.116385
0 -98.628974
35.112858
0 -98.629338
35.110361
0 -98.627498
35.109261
0 -98.62591
35.109191
0 -98.624929
35.106879
0 -98.62534
35.102378
0 -98.622308
35.097237
0 -98.621054
35.097352
0 -98.619942
35.101155
0 -98.618012
35.101703
0 -98.617911
35.106653
0 -98.618245
35.108108
0 -98.61824
35.117174
0 -98.61813
35.140689
0 -98.618024
35.14201
0 -98.61802
35.204135
0 -98.623593
35.204154
0 -98.623788
35.218647
0 -98.623629
35.262045
0 -98.62358
35.2764
0 -98.62355
35.283678
0 -98.623511
35.290792
0 -98.623386
35.334048
0 -98.623306
35.390001
0 -98.623385
35.390545
0 -98.6233
35.399029
0 -98.62331
35.420903
0 -98.623336
35.464225
0 -98.711619
35.464428
0 -98.729035
35.46445
0 -98.782308
35.464769
0 -98.835037
35.465078
0 -98.851025
35.465078
0 -98.852316
35.465033
0 -98.853165
35.465131
0 -98.861387
35.465069
0 -98.949526
35.465136
0 -98.958003
35.465145
0 -98.958204
35.465145
0 -98.958467
35.465145
0 -98.974003
35.465182
0 -98.975464
35.465177
0 -98.975672
35.465176
0 -98.975719
35.465176
0 -99.046253
35.465173
0 -99.116912
35.465249
0 -99.152046
35.465436
0 -99.169985
35.465457
0 -99.219206
35.465463
0 -99.223434
35.465355
0 -99.240857
35.465405
0 -99.355544
35.465321
0 -99.364217
35.465328
0 -99.364265
35.425254
0 -99.364282
35.421754
0 -99.364282
35.421312
0 -99.364366
35.396808
0 -99.364374
35.378232
0 -99.364375
35.363716
0 -99.364423
35.356699
0 -99.364424
35.349448
0 -99.364416
35.320122
0 -99.36446
35.305772
0 -99.364503
35.291308
0 