-108.550562
44.168455
0 -108.550758
44.079403
0 -108.490254
44.07976
0 -108.489431
43.991866
0 -108.427064
43.992054
0 -108.429563
43.903355
0 -108.30936
43.903255
0 -108.310059
43.874956
0 -108.309607
43.872798
0 -108.309711
43.860992
0 -108.312625
43.859543
0 -108.309747
43.858004
0 -108.309694
43.846619
0 -108.250656
43.846755
0 -108.244556
43.847055
0 -108.229356
43.847155
0 -108.216845
43.847848
0 -108.208455
43.847955
0 -108.201555
43.847555
0 -108.19685
43.8477
0 -108.191655
43.847655
0 -108.185368
43.848244
0 -108.187699
43.844582
0 -108.188978
43.841858
0 -108.192137
43.839117
0 -108.192429
43.836327
0 -108.193825
43.834135
0 -108.197256
43.832726
0 -108.19972
43.831004
0 -108.201752
43.826253
0 -108.200969
43.825289
0 -108.197784
43.82518
0 -108.19619
43.828361
0 -108.19398
43.828232
0 -108.193121
43.827331
0 -108.188417
43.824667
0 -108.185796
43.823893
0 -108.176157
43.822867
0 -108.172801
43.820816
0 -108.172639
43.819858
0 -108.174938
43.818968
0 -108.002668
43.81851
0 -108.000649
43.818768
0 -107.956448
43.818666
0 -107.956577
43.733446
0 -107.73703
43.733494
0 -107.715876
43.733343
0 -107.716218
43.645766
0 -107.63349
43.64634
0 -107.595157
43.646427
0 -107.595105
43.501397
0 -107.534897
43.501362
0 -107.500632
43.501298
0 -107.4933
43.501573
0 -107.474371
43.501737
0 -107.449653
43.501897
0 -107.429931
43.501869
0 -107.425641
43.501642
0 -107.375628
43.501511
0 -107.372025
43.501639
0 -107.23063
43.501485
0 -107.230481
43.500344
0 -107.22677
43.500455
0 -107.125341
43.500259
0 -107.120727
43.500497
0 -107.110734
43.500286
0 -107.110799
43.555571
0 -107.113639
43.555781
0 -107.113378
43.724807
0 -107.113062
43.729746
0 -107.113885
43.73524
0 -107.113897
43.744267
0 -107.11356
43.749962
0 -107.113655
43.816092
0 -107.127622
43.815961
0 -107.128034
43.873632
0 -107.128283
43.874962
0 -107.128394
43.902481
0 -107.128641
44.121245
0 -107.128356
44.124964
0 -107.128494
44.160771
0 -107.128584
44.165692
0 -107.146808
44.165666
0 -107.337208
44.167794
0 -107.373319
44.167699
0 -107.375628
44.167882
0 -107.684051
44.166401
0 -107.706121
44.16645
0 -107.712852
44.16645
0 -107.722019
44.167877
0 -107.908086
44.16794
0 -107.918246
44.16786
0 -107.923369
44.16804
0 -107.929074
44.167883
0 -108.090773
44.168173
0 -108.124452
44.168173
0 -108.505536
44.168395
0 -108.50652
44.168279
0 -108.550562
44.168455
0 