-94.859803
44.108016
0 -94.859187
44.050093
0 -94.859215
44.021284
0 -94.859245
43.971291
0 -94.859271
43.963419
0 -94.859121
43.936097
0 -94.859119
43.934678
0 -94.859116
43.934405
0 -94.859261
43.920261
0 -94.859388
43.848093
0 -94.854444
43.848099
0 -94.794348
43.84821
0 -94.788877
43.848217
0 -94.743758
43.848182
0 -94.739453
43.84817
0 -94.734662
43.848163
0 -94.732155
43.848152
0 -94.724824
43.848164
0 -94.704789
43.848139
0 -94.689444
43.84813
0 -94.639455
43.848186
0 -94.61936
43.848188
0 -94.614371
43.848178
0 -94.55943
43.848134
0 -94.492353
43.84808
0 -94.489095
43.848066
0 -94.44778
43.848051
0 -94.407688
43.848041
0 -94.368974
43.848047
0 -94.368987
43.891433
0 -94.368994
43.927668
0 -94.36907
43.9277
0 -94.369018
43.934939
0 -94.369113
43.96175
0 -94.369005
43.963902
0 -94.369195
44.021797
0 -94.369195
44.021825
0 -94.368872
44.108661
0 -94.36885
44.108698
0 -94.409624
44.108756
0 -94.488908
44.108842
0 -94.529247
44.108848
0 -94.539838
44.10885
0 -94.579926
44.108854
0 -94.59981
44.108928
0 -94.6196
44.108989
0 -94.669773
44.108905
0 -94.67961
44.108875
0 -94.68431
44.108894
0 -94.694523
44.108901
0 -94.738344
44.108898
0 -94.778602
44.108424
0 -94.859803
44.108016
0 