-88.542151
42.904991
0 -88.542168
42.879317
0 -88.541876
42.868267
0 -88.542049
42.866086
0 -88.541535
42.842996
0 -88.463519
42.84259
0 -88.426097
42.842605
0 -88.42407
42.842587
0 -88.382619
42.842803
0 -88.381962
42.842781
0 -88.375504
42.842792
0 -88.365547
42.842831
0 -88.343733
42.842849
0 -88.334097
42.842546
0 -88.319172
42.842248
0 -88.316477
42.842158
0 -88.31137
42.842226
0 -88.306384
42.842095
0 -88.245673
42.842003
0 -88.221226
42.84211
0 -88.19795
42.842712
0 -88.188222
42.842838
0 -88.183573
42.842853
0 -88.161029
42.842864
0 -88.137412
42.843083
0 -88.124981
42.843269
0 -88.123628
42.843221
0 -88.09474
42.84331
0 -88.069924
42.843323
0 -88.069586
42.867263
0 -88.069586
42.872879
0 -88.06956
42.898257
0 -88.069587
42.921952
0 -88.069587
42.923815
0 -88.069489
42.930115
0 -88.0697
42.932103
0 -88.069382
42.944533
0 -88.069288
42.952627
0 -88.069257
42.957663
0 -88.069247
42.959179
0 -88.069099
42.96639
0 -88.068887
42.973666
0 -88.068588
42.979814
0 -88.06862
42.98096
0 -88.068328
42.98823
0 -88.068034
42.995487
0 -88.067854
42.999958
0 -88.067739
43.002817
0 -88.067496
43.007038
0 -88.067462
43.010014
0 -88.067252
43.016399
0 -88.067147
43.02184
0 -88.067113
43.023597
0 -88.067088
43.030412
0 -88.066993
43.030885
0 -88.067088
43.035912
0 -88.066938
43.036436
0 -88.067006
43.044552
0 -88.0669
43.045296
0 -88.066861
43.05268
0 -88.066917
43.059409
0 -88.066825
43.059935
0 -88.066825
43.067147
0 -88.066608
43.074463
0 -88.066416
43.08895
0 -88.066143
43.098409
0 -88.066025
43.104221
0 -88.065982
43.105955
0 -88.065791
43.111937
0 -88.065808
43.113477
0 -88.065668
43.11689
0 -88.065576
43.119095
0 -88.065604
43.124501
0 -88.06527
43.125411
0 -88.064403
43.147993
0 -88.064405
43.157725
0 -88.064317
43.159666
0 -88.064276
43.16249
0 -88.064095
43.173677
0 -88.063672
43.176844
0 -88.063403
43.190025
0 -88.063353
43.192117
0 -88.064293
43.192118
0 -88.082874
43.191992
0 -88.103058
43.191935
0 -88.103123
43.191934
0 -88.113218
43.191901
0 -88.117856
43.191925
0 -88.121763
43.191944
0 -88.127311
43.192003
0 -88.136409
43.192003
0 -88.138343
43.192067
0 -88.142679
43.192069
0 -88.182228
43.192571
0 -88.219223
43.193052
0 -88.221731
43.193017
0 -88.241798
43.193204
0 -88.266174
43.193254
0 -88.272251
43.193242
0 -88.300085
43.193139
0 -88.310569
43.193045
0 -88.319891
43.192979
0 -88.379293
43.193569
0 -88.399185
43.194175
0 -88.414077
43.194602
0 -88.417987
43.194697
0 -88.429303
43.195088
0 -88.457609
43.195686
0 -88.535843
43.196048
0 -88.536899
43.178184
0 -88.537092
43.176496
0 -88.53829
43.151135
0 -88.538454
43.14573
0 -88.53846
43.145613
0 -88.538775
43.137554
0 -88.538875
43.133516
0 -88.538997
43.12964
0 -88.539318
43.129081
0 -88.539173
43.127821
0 -88.539268
43.122072
0 -88.539312
43.119888
0 -88.539619
43.107605
0 -88.53992
43.093036
0 -88.540041
43.080541
0 -88.540201
43.070382
0 -88.540917
43.03559
0 -88.540924
43.035555
0 -88.541372
43.024135
0 -88.541579
43.019387
0 -88.541578
43.019208
0 -88.541711
43.005996
0 -88.541631
42.98874
0 -88.541591
42.981232
0 -88.541552
42.97478
0 -88.541688
42.966428
0 -88.541855
42.96009
0 -88.541924
42.952135
0 -88.542026
42.93094
0 -88.542058
42.92704
0 -88.542151
42.904991
0 