-89.224723
44.256906
0 -89.224804
44.243545
0 -89.204284
44.243381
0 -89.133583
44.243076
0 -89.128892
44.243059
0 -89.10335
44.24307
0 -89.097364
44.243062
0 -89.065986
44.242892
0 -89.062946
44.242891
0 -89.008566
44.242841
0 -89.007341
44.242834
0 -89.000129
44.242812
0 -88.982162
44.242772
0 -88.961742
44.242911
0 -88.961625
44.242894
0 -88.886673
44.242622
0 -88.850311
44.242594
0 -88.825348
44.242758
0 -88.820397
44.242736
0 -88.807227
44.242846
0 -88.798666
44.242979
0 -88.79611
44.24302
0 -88.785988
44.243187
0 -88.778643
44.243295
0 -88.776229
44.243313
0 -88.7662
44.243366
0 -88.73977
44.243303
0 -88.738565
44.316038
0 -88.738495
44.317837
0 -88.738426
44.319641
0 -88.738352
44.321587
0 -88.73828
44.323473
0 -88.738011
44.330573
0 -88.73784
44.337412
0 -88.737651
44.344979
0 -88.736834
44.373558
0 -88.736823
44.373866
0 -88.736831
44.385022
0 -88.736807
44.390742
0 -88.736732
44.416155
0 -88.737083
44.502338
0 -88.737078
44.509562
0 -88.736891
44.523806
0 -88.736828
44.538616
0 -88.736802
44.590605
0 -88.718133
44.590566
0 -88.615464
44.590433
0 -88.606083
44.590515
0 -88.605448
44.65104
0 -88.605442
44.651531
0 -88.60543
44.653307
0 -88.605441
44.655517
0 -88.605111
44.67085
0 -88.605159
44.678331
0 -88.615541
44.678177
0 -88.646072
44.678238
0 -88.647712
44.678146
0 -88.678487
44.678719
0 -88.682897
44.678739
0 -88.696939
44.678789
0 -88.70202
44.678815
0 -88.736338
44.679066
0 -88.737168
44.679144
0 -88.741553
44.679129
0 -88.797912
44.679225
0 -88.818352
44.679472
0 -88.823866
44.67943
0 -88.858771
44.679679
0 -88.874133
44.679751
0 -88.882908
44.679682
0 -88.883968
44.679677
0 -88.905141
44.679743
0 -88.917037
44.679628
0 -88.945877
44.679608
0 -88.951609
44.679638
0 -88.958779
44.679676
0 -88.971836
44.679787
0 -88.977048
44.67979
0 -88.981827
44.67976
0 -89.030709
44.679941
0 -89.062876
44.680157
0 -89.063094
44.680147
0 -89.102623
44.680578
0 -89.142651
44.680557
0 -89.143705
44.680572
0 -89.143883
44.68069
0 -89.184526
44.681003
0 -89.223745
44.681365
0 -89.223399
44.635225
0 -89.223584
44.613406
0 -89.223671
44.606133
0 -89.223609
44.598306
0 -89.223524
44.591641
0 -89.223154
44.54906
0 -89.223331
44.503984
0 -89.223405
44.482758
0 -89.223581
44.453892
0 -89.223668
44.417443
0 -89.223797
44.404167
0 -89.223861
44.389553
0 -89.224121
44.330663
0 -89.224165
44.323163
0 -89.224409
44.286805
0 -89.224443
44.274535
0 -89.22447
44.272936
0 -89.224723
44.256906
0 