-89.598028
44.111983
0 -89.598035
44.068506
0 -89.59795
43.9821
0 -89.50941
43.982
0 -89.505105
43.982182
0 -89.482506
43.982247
0 -89.462143
43.982224
0 -89.42973
43.9823
0 -89.41002
43.98241
0 -89.407355
43.982509
0 -89.403999
43.982425
0 -89.365352
43.982463
0 -89.33035
43.98259
0 -89.328125
43.98242
0 -89.251022
43.982446
0 -89.250119
43.982387
0 -89.24635
43.982543
0 -89.243902
43.982642
0 -89.239236
43.982536
0 -89.218794
43.982709
0 -89.210166
43.982783
0 -89.201412
43.982856
0 -89.168612
43.982834
0 -89.128209
43.983186
0 -89.016414
43.983382
0 -89.016351
43.983327
0 -89.00662
43.983338
0 -88.97687
43.9834
0 -88.950821
43.983342
0 -88.948206
43.983449
0 -88.946769
43.983435
0 -88.92639
43.983407
0 -88.906255
43.983271
0 -88.886193
43.983233
0 -88.886132
44.000737
0 -88.886312
44.030887
0 -88.886368
44.041758
0 -88.886342
44.045287
0 -88.886042
44.066617
0 -88.885984
44.069025
0 -88.885738
44.106552
0 -88.885707
44.110729
0 -88.886191
44.155871
0 -88.886261
44.161224
0 -88.88626
44.161407
0 -88.8862
44.177378
0 -88.886752
44.241214
0 -88.886673
44.242622
0 -88.961625
44.242894
0 -88.961742
44.242911
0 -88.982162
44.242772
0 -89.000129
44.242812
0 -89.007341
44.242834
0 -89.008566
44.242841
0 -89.062946
44.242891
0 -89.065986
44.242892
0 -89.097364
44.243062
0 -89.10335
44.24307
0 -89.128892
44.243059
0 -89.133583
44.243076
0 -89.204284
44.243381
0 -89.224804
44.243545
0 -89.246994
44.243692
0 -89.287429
44.243809
0 -89.292329
44.243757
0 -89.346378
44.243847
0 -89.364915
44.243906
0 -89.369306
44.243922
0 -89.371604
44.243853
0 -89.385188
44.243848
0 -89.388796
44.243851
0 -89.410926
44.243907
0 -89.434592
44.24396
0 -89.482055
44.24399
0 -89.487542
44.244043
0 -89.524266
44.244452
0 -89.570797
44.24536
0 -89.586646
44.245466
0 -89.59798
44.245725
0 -89.597297
44.196804
0 -89.597162
44.195926
0 -89.597699
44.156073
0 -89.598028
44.111983
0 