-88.95977
36.223926
0 -88.959839
36.222834
0 -88.957857
36.221779
0 -88.958304
36.22066
0 -88.95427
36.220011
0 -88.953544
36.218248
0 -88.954636
36.217627
0 -88.95096
36.211299
0 -88.949627
36.210395
0 -88.946384
36.20936
0 -88.944429
36.207613
0 -88.943899
36.20592
0 -88.9407
36.203893
0 -88.939495
36.203088
0 -88.938782
36.200763
0 -88.937465
36.199256
0 -88.93441
36.197157
0 -88.933038
36.196983
0 -88.93308
36.194567
0 -88.931864
36.193569
0 -88.928586
36.192802
0 -88.927317
36.191632
0 -88.925215
36.191196
0 -88.921242
36.19205
0 -88.920082
36.190016
0 -88.918334
36.188248
0 -88.917482
36.188374
0 -88.913361
36.186351
0 -88.912346
36.1871
0 -88.910535
36.18568
0 -88.908207
36.184995
0 -88.909671
36.184043
0 -88.90639
36.18114
0 -88.903661
36.181882
0 -88.902704
36.179853
0 -88.903165
36.178584
0 -88.901776
36.178199
0 -88.90061
36.179869
0 -88.899222
36.177726
0 -88.897975
36.177171
0 -88.897785
36.178325
0 -88.896274
36.178088
0 -88.894533
36.176835
0 -88.892766
36.173971
0 -88.892679
36.172027
0 -88.891127
36.172779
0 -88.891338
36.171119
0 -88.889514
36.172152
0 -88.887794
36.170409
0 -88.889062
36.169685
0 -88.88871
36.168355
0 -88.886921
36.168843
0 -88.886841
36.167475
0 -88.884178
36.167551
0 -88.88338
36.164924
0 -88.884194
36.163831
0 -88.883585
36.162886
0 -88.881816
36.162874
0 -88.880272
36.161923
0 -88.880388
36.160517
0 -88.877869
36.159367
0 -88.878
36.156197
0 -88.877364
36.154312
0 -88.875528
36.15496
0 -88.876193
36.153597
0 -88.874608
36.15249
0 -88.873434
36.150628
0 -88.872689
36.150947
0 -88.871259
36.14964
0 -88.87115
36.148431
0 -88.869705
36.145872
0 -88.866194
36.14294
0 -88.865651
36.140434
0 -88.864303
36.140726
0 -88.864431
36.139276
0 -88.863515
36.137699
0 -88.862045
36.138013
0 -88.859714
36.135816
0 -88.858456
36.13769
0 -88.85735
36.135328
0 -88.856408
36.13479
0 -88.85525
36.135126
0 -88.854676
36.136802
0 -88.853015
36.135126
0 -88.852914
36.136643
0 -88.851011
36.135814
0 -88.84965
36.136259
0 -88.848288
36.135661
0 -88.848124
36.133657
0 -88.846706
36.131603
0 -88.848173
36.131305
0 -88.846592
36.130161
0 -88.846846
36.129383
0 -88.844588
36.128993
0 -88.845293
36.127482
0 -88.843065
36.128193
0 -88.842094
36.127787
0 -88.843169
36.125064
0 -88.841837
36.125064
0 -88.840884
36.123495
0 -88.840323
36.125283
0 -88.837851
36.124533
0 -88.83529
36.120909
0 -88.833398
36.121124
0 -88.832242
36.122584
0 -88.830354
36.121015
0 -88.828785
36.121733
0 -88.828153
36.120658
0 -88.826259
36.121825
0 -88.825675
36.120435
0 -88.823861
36.120707
0 -88.823029
36.119701
0 -88.819244
36.117972
0 -88.816179
36.119105
0 -88.815355
36.117776
0 -88.812967
36.116618
0 -88.811027
36.116651
0 -88.809192
36.117799
0 -88.806
36.117231
0 -88.804232
36.118077
0 -88.803347
36.116844
0 -88.799282
36.113849
0 -88.797875
36.114572
0 -88.795319
36.113386
0 -88.792788
36.114024
0 -88.791769
36.112383
0 -88.790386
36.112639
0 -88.786987
36.111967
0 -88.785055
36.112777
0 -88.782068
36.112578
0 -88.780732
36.113617
0 -88.780896
36.110839
0 -88.777765
36.110968
0 -88.775715
36.110283
0 -88.774916
36.111724
0 -88.773445
36.110918
0 -88.772402
36.112195
0 -88.770668
36.112418
0 -88.768408
36.111802
0 -88.766886
36.112352
0 -88.764961
36.109705
0 -88.764361
36.110722
0 -88.762462
36.109545
0 -88.760892
36.109537
0 -88.760067
36.107893
0 -88.758559
36.109921
0 -88.75832
36.108253
0 -88.756719
36.108358
0 -88.755523
36.107249
0 -88.75392
36.107401
0 -88.754621
36.105078
0 -88.751682
36.105
0 -88.753171
36.102024
0 -88.752396
36.099985
0 -88.750873
36.100058
0 -88.747843
36.097883
0 -88.747473
36.096193
0 -88.744097
36.093554
0 -88.74609
36.094415
0 -88.748793
36.09473
0 -88.750424
36.093708
0 -88.749795
36.092543
0 -88.748863
36.093411
0 -88.748613
36.091444
0 -88.746941
36.092545
0 -88.746746
36.091244
0 -88.743064
36.090887
0 -88.742654
36.089139
0 -88.741153
36.08881
0 -88.740008
36.086721
0 -88.738133
36.08591
0 -88.737434
36.087132
0 -88.735492
36.086296
0 -88.736558
36.084257
0 -88.730248
36.079829
0 -88.72761
36.080587
0 -88.725737
36.081874
0 -88.724006
36.081495
0 -88.724148
36.080452
0 -88.720828
36.078435
0 -88.718201
36.07901
0 -88.714234
36.076363
0 -88.713464
36.073526
0 -88.70927
36.07184
0 -88.707642
36.069713
0 -88.704157
36.068115
0 -88.70327
36.06719
0 -88.70115
36.067308
0 -88.698479
36.064784
0 -88.69683
36.063948
0 -88.695459
36.066046
0 -88.694426
36.066432
0 -88.694255
36.063552
0 -88.693268
36.064109
0 -88.692709
36.062746
0 -88.6908
36.063586
0 -88.689182
36.063625
0 -88.688452
36.064465
0 -88.687249
36.063848
0 -88.684291
36.064702
0 -88.683859
36.066079
0 -88.683049
36.065564
0 -88.678909
36.066477
0 -88.676926
36.065445
0 -88.675695
36.063987
0 -88.676352
36.062322
0 -88.675445
36.061817
0 -88.672345
36.062833
0 -88.67246
36.064245
0 -88.673793
36.064652
0 -88.672412
36.065899
0 -88.671797
36.064772
0 -88.670394
36.065088
0 -88.669033
36.063638
0 -88.667565
36.064724
0 -88.664663
36.065578
0 -88.663256
36.064568
0 -88.660336
36.065076
0 -88.661361
36.061989
0 -88.658354
36.064528
0 -88.655106
36.065306
0 -88.653843
36.064294
0 -88.655403
36.114623
0 -88.655488
36.117338
0 -88.650863
36.117273
0 -88.614901
36.116502
0 -88.596176
36.116255
0 -88.561903
36.115641
0 -88.558679
36.115762
0 -88.532233
36.115416
0 -88.531995
36.12147
0 -88.531487
36.125061
0 -88.531397
36.12874
0 -88.531346
36.132425
0 -88.531166
36.133361
0 -88.53108
36.135748
0 -88.530971
36.140328
0 -88.530969
36.140347
0 -88.530867
36.142117
0 -88.530322
36.152023
0 -88.526362
36.22935
0 -88.525699
36.24339
0 -88.525247
36.258424
0 -88.524857
36.267411
0 -88.523587
36.294206
0 -88.52341
36.297009
0 -88.521538
36.36019
0 -88.517847
36.463615
0 -88.51632
36.500288
0 -88.5163456859488
36.5014314866172
0 -88.516427
36.50143
0 -88.5448912453585
36.5018099850588
0 -88.545192
36.501814
0 -88.577283
36.50194
0 -88.661133
36.502243
0 -88.6614646923627
36.5022455678855
0 -88.715255
36.502662
0 -88.7152667366377
36.5026620625605
0 -88.7470291345229
36.5028313675201
0 -88.747523
36.502834
0 -88.799594
36.502757
0 -88.8167651860365
36.5028152435007
0 -88.827012
36.50285
0 -88.8273011555617
36.5028524305169
0 -88.827005
36.500347
0 -88.827064
36.495799
0 -88.825881
36.492884
0 -88.822543
36.488078
0 -88.821838
36.485965
0 -88.821452
36.482823
0 -88.819909
36.480216
0 -88.820055
36.47874
0 -88.816711
36.477288
0 -88.815517
36.474918
0 -88.815009
36.472514
0 -88.814016
36.470802
0 -88.815389
36.422528
0 -88.816166
36.414879
0 -88.81642
36.410732
0 -88.818817
36.410542
0 -88.818885
36.411498
0 -88.82208
36.411294
0 -88.821577
36.412772
0 -88.822909
36.412805
0 -88.824982
36.411459
0 -88.827096
36.412859
0 -88.82819
36.411486
0 -88.830332
36.412683
0 -88.832806
36.412721
0 -88.833832
36.412183
0 -88.834845
36.412979
0 -88.834288
36.413748
0 -88.836096
36.414034
0 -88.837224
36.413127
0 -88.839128
36.414165
0 -88.838985
36.412379
0 -88.840358
36.412373
0 -88.841711
36.413395
0 -88.845211
36.412554
0 -88.846523
36.413163
0 -88.848697
36.411228
0 -88.850179
36.410986
0 -88.850361
36.40964
0 -88.851449
36.409515
0 -88.854302
36.408584
0 -88.855772
36.40954
0 -88.859427
36.406819
0 -88.860433
36.40762
0 -88.862233
36.406092
0 -88.864789
36.406822
0 -88.864171
36.404134
0 -88.865235
36.402399
0 -88.867151
36.402678
0 -88.866716
36.40147
0 -88.870257
36.402034
0 -88.870616
36.400452
0 -88.873239
36.400005
0 -88.872449
36.397797
0 -88.874607
36.398462
0 -88.877249
36.398123
0 -88.876945
36.3963
0 -88.877652
36.395735
0 -88.87986
36.396455
0 -88.880323
36.39473
0 -88.881825
36.39489
0 -88.885917
36.392887
0 -88.887942
36.393558
0 -88.887357
36.394745
0 -88.890415
36.394076
0 -88.891135
36.394861
0 -88.894832
36.393764
0 -88.897938
36.393826
0 -88.89825
36.395139
0 -88.901111
36.394799
0 -88.901674
36.396222
0 -88.900518
36.396832
0 -88.901863
36.397815
0 -88.903128
36.39758
0 -88.904398
36.398404
0 -88.904404
36.399651
0 -88.906111
36.398454
0 -88.907279
36.398998
0 -88.907299
36.400339
0 -88.908346
36.399218
0 -88.909725
36.400597
0 -88.908678
36.401293
0 -88.90981
36.401981
0 -88.909698
36.403057
0 -88.911511
36.402164
0 -88.912326
36.403661
0 -88.911382
36.404108
0 -88.91181
36.405383
0 -88.91357
36.40546
0 -88.913577
36.40657
0 -88.916465
36.406131
0 -88.918096
36.406774
0 -88.91794
36.407571
0 -88.920441
36.407027
0 -88.922582
36.407423
0 -88.924206
36.407006
0 -88.924573
36.408319
0 -88.925803
36.407731
0 -88.926768
36.409451
0 -88.928277
36.410198
0 -88.92999
36.40972
0 -88.931546
36.41005
0 -88.931695
36.411077
0 -88.933116
36.409105
0 -88.93436
36.408286
0 -88.935814
36.409698
0 -88.938152
36.41089
0 -88.940769
36.411193
0 -88.940721
36.410116
0 -88.94187
36.409643
0 -88.941571
36.408715
0 -88.94344
36.407874
0 -88.94518
36.40877
0 -88.94501
36.409901
0 -88.946805
36.412027
0 -88.949115
36.410461
0 -88.948449
36.409797
0 -88.950205
36.409248
0 -88.951171
36.389024
0 -88.951537
36.381359
0 -88.954623
36.317957
0 -88.956151
36.286938
0 -88.956614
36.27767
0 -88.95977
36.223926
0 