-112.493393
41.076735
0 -112.451012
41.087331
0 -112.250778
41.138965
0 -112.199677
41.150542
0 -112.190323
41.152634
0 -112.186487
41.152939
0 -112.179498
41.153045
0 -112.173077
41.152743
0 -112.152613
41.152721
0 -112.150385
41.152623
0 -112.122883
41.152547
0 -112.10461
41.152461
0 -112.102579
41.152443
0 -112.083145
41.152343
0 -112.078152
41.152422
0 -112.077078
41.15244
0 -112.064451
41.152254
0 -112.054823
41.152344
0 -112.045861
41.152444
0 -112.045223
41.152443
0 -112.042875
41.152343
0 -112.037259
41.152544
0 -112.033475
41.152644
0 -112.032364
41.152544
0 -112.031775
41.152444
0 -112.025139
41.152345
0 -112.023275
41.152444
0 -112.021651
41.152508
0 -112.021116
41.152524
0 -112.019619
41.152552
0 -112.000137
41.15361
0 -111.993176
41.153545
0 -111.988275
41.153644
0 -111.97797
41.153345
0 -111.96889
41.152106
0 -111.967379
41.15128
0 -111.960576
41.14895
0 -111.959764
41.147158
0 -111.957079
41.145327
0 -111.956714
41.143802
0 -111.955982
41.142846
0 -111.953419
41.141168
0 -111.952097
41.139394
0 -111.949469
41.139692
0 -111.948134
41.139311
0 -111.94664
41.137544
0 -111.938902
41.137978
0 -111.936884
41.138924
0 -111.934695
41.138949
0 -111.933697
41.138145
0 -111.931807
41.137201
0 -111.929721
41.13849
0 -111.924665
41.138889
0 -111.924242
41.139061
0 -111.923784
41.139165
0 -111.923274
41.139177
0 -111.92275
41.139106
0 -111.920948
41.138633
0 -111.920822
41.138554
0 -111.919879
41.137758
0 -111.919252
41.137012
0 -111.91795
41.13578
0 -111.912112
41.13473
0 -111.909889
41.134571
0 -111.906774
41.135798
0 -111.902529
41.136289
0 -111.901379
41.136376
0 -111.897415
41.135511
0 -111.888596
41.137727
0 -111.885043
41.137403
0 -111.879572
41.137623
0 -111.877023
41.137343
0 -111.874315
41.138318
0 -111.865862
41.137986
0 -111.863802
41.137517
0 -111.860476
41.137917
0 -111.860131
41.139827
0 -111.858429
41.138721
0 -111.856257
41.139131
0 -111.856528
41.143039
0 -111.857594
41.144094
0 -111.857029
41.146977
0 -111.857511
41.148293
0 -111.854942
41.150478
0 -111.854558
41.154522
0 -111.858386
41.15708
0 -111.861812
41.158215
0 -111.866871
41.159095
0 -111.870553
41.161098
0 -111.870335
41.162014
0 -111.871431
41.163664
0 -111.871405
41.164909
0 -111.873333
41.166499
0 -111.87393
41.167666
0 -111.876596
41.169744
0 -111.874631
41.173454
0 -111.871156
41.176173
0 -111.871061
41.178025
0 -111.868828
41.181065
0 -111.871331
41.183266
0 -111.871502
41.184866
0 -111.872821
41.186168
0 -111.872926
41.18755
0 -111.872951
41.187774
0 -111.871303
41.189094
0 -111.86672
41.190606
0 -111.86567
41.191415
0 -111.860275
41.193884
0 -111.858208
41.197596
0 -111.855358
41.197472
0 -111.849396
41.197944
0 -111.844241
41.198943
0 -111.839661
41.199394
0 -111.836572
41.200237
0 -111.836146
41.201855
0 -111.83228
41.20331
0 -111.83059
41.203394
0 -111.828967
41.204758
0 -111.822934
41.205367
0 -111.820525
41.204383
0 -111.817568
41.204709
0 -111.815289
41.206599
0 -111.81247
41.209934
0 -111.811916
41.212239
0 -111.809556
41.211935
0 -111.807784
41.212777
0 -111.806221
41.215796
0 -111.803428
41.215821
0 -111.799811
41.217178
0 -111.797259
41.215792
0 -111.795498
41.216454
0 -111.793587
41.21591
0 -111.792647
41.217001
0 -111.789706
41.218632
0 -111.788112
41.217915
0 -111.782977
41.217749
0 -111.780439
41.21857
0 -111.778463
41.216539
0 -111.774481
41.218145
0 -111.772025
41.216797
0 -111.770718
41.214693
0 -111.766261
41.212489
0 -111.763666
41.210445
0 -111.764929
41.208029
0 -111.761679
41.208359
0 -111.76074
41.20973
0 -111.757592
41.21068
0 -111.757087
41.212529
0 -111.754638
41.21477
0 -111.753345
41.214964
0 -111.751886
41.213678
0 -111.749082
41.214541
0 -111.745981
41.212448
0 -111.746694
41.207467
0 -111.745519
41.203763
0 -111.742234
41.202816
0 -111.73986
41.201666
0 -111.737133
41.201289
0 -111.733089
41.198811
0 -111.732623
41.19779
0 -111.730124
41.197031
0 -111.728121
41.197256
0 -111.726245
41.193416
0 -111.72478
41.193451
0 -111.721517
41.191568
0 -111.719864
41.189497
0 -111.718485
41.189033
0 -111.717681
41.187539
0 -111.716551
41.186252
0 -111.713287
41.186294
0 -111.709352
41.185018
0 -111.705864
41.183194
0 -111.704415
41.183413
0 -111.700448
41.182683
0 -111.698373
41.181809
0 -111.696035
41.182458
0 -111.691027
41.181229
0 -111.689603
41.181478
0 -111.684765
41.180606
0 -111.681684
41.181999
0 -111.678016
41.181208
0 -111.675817
41.183538
0 -111.672677
41.183088
0 -111.672498
41.185408
0 -111.67012
41.185571
0 -111.666606
41.187587
0 -111.662777
41.187469
0 -111.658636
41.185718
0 -111.656872
41.186142
0 -111.654395
41.189319
0 -111.647658
41.191779
0 -111.646372
41.192752
0 -111.643118
41.19758
0 -111.640364
41.198947
0 -111.63475
41.198579
0 -111.630419
41.198791
0 -111.625283
41.199855
0 -111.624291
41.200373
0 -111.623924
41.203618
0 -111.622873
41.205755
0 -111.617964
41.2075
0 -111.615003
41.207967
0 -111.611983
41.209559
0 -111.610657
41.211957
0 -111.610032
41.214685
0 -111.609111
41.215893
0 -111.606863
41.223118
0 -111.606804
41.225456
0 -111.609497
41.227794
0 -111.609251
41.229222
0 -111.607677
41.229889
0 -111.605353
41.231738
0 -111.603306
41.234129
0 -111.601397
41.235603
0 -111.596716
41.238553
0 -111.593347
41.239609
0 -111.591307
41.24081
0 -111.58881
41.240994
0 -111.585481
41.238843
0 -111.584036
41.238342
0 -111.579581
41.23855
0 -111.576043
41.23939
0 -111.572031
41.238787
0 -111.568333
41.239025
0 -111.56169
41.240307
0 -111.559731
41.24024
0 -111.555379
41.237922
0 -111.548123
41.237387
0 -111.545662
41.236979
0 -111.538417
41.236786
0 -111.535259
41.236181
0 -111.529494
41.232403
0 -111.52957
41.230779
0 -111.528041
41.229355
0 -111.526123
41.228752
0 -111.522665
41.230248
0 -111.515582
41.229587
0 -111.513765
41.228868
0 -111.51198
41.228971
0 -111.510289
41.23093
0 -111.506059
41.230927
0 -111.503889
41.228873
0 -111.500422
41.228069
0 -111.497182
41.226905
0 -111.496815
41.23061
0 -111.491313
41.23711
0 -111.491142
41.237844
0 -111.494042
41.239832
0 -111.494607
41.240889
0 -111.48809
41.243002
0 -111.487395
41.243657
0 -111.484943
41.243555
0 -111.482314
41.245486
0 -111.477319
41.245285
0 -111.477188
41.246381
0 -111.478225
41.247937
0 -111.478181
41.250488
0 -111.477211
41.250906
0 -111.474313
41.250581
0 -111.471686
41.251461
0 -111.470684
41.253102
0 -111.471122
41.255749
0 -111.468896
41.25709
0 -111.464435
41.258111
0 -111.464177
41.258788
0 -111.466491
41.261022
0 -111.46646
41.262479
0 -111.46261
41.265173
0 -111.461876
41.266786
0 -111.458144
41.267874
0 -111.4573
41.269411
0 -111.458074
41.273286
0 -111.455033
41.274708
0 -111.452541
41.274617
0 -111.450338
41.275803
0 -111.44855
41.275987
0 -111.445121
41.278057
0 -111.446466
41.281567
0 -111.44601
41.285271
0 -111.444485
41.287475
0 -111.440107
41.289585
0 -111.440055
41.290246
0 -111.442819
41.29236
0 -111.43907
41.294755
0 -111.442551
41.298244
0 -111.441847
41.300059
0 -111.444242
41.302906
0 -111.444112
41.306289
0 -111.445179
41.308124
0 -111.447324
41.310243
0 -111.448423
41.310573
0 -111.448039
41.313885
0 -111.44941
41.315707
0 -111.446894
41.316506
0 -111.444714
41.318233
0 -111.443393
41.322059
0 -111.437513
41.323366
0 -111.436786
41.327637
0 -111.437158
41.328918
0 -111.43659
41.331251
0 -111.437799
41.334291
0 -111.436352
41.336121
0 -111.437976
41.337935
0 -111.436578
41.338887
0 -111.435662
41.341015
0 -111.434358
41.34226
0 -111.432
41.342256
0 -111.429329
41.341495
0 -111.426269
41.343181
0 -111.426189
41.344387
0 -111.424085
41.346751
0 -111.423671
41.348292
0 -111.424526
41.349635
0 -111.423419
41.350337
0 -111.424014
41.356343
0 -111.422643
41.358285
0 -111.420778
41.359707
0 -111.420728
41.361308
0 -111.42346
41.363141
0 -111.424122
41.364786
0 -111.427455
41.363016
0 -111.430165
41.362108
0 -111.434059
41.362242
0 -111.436501
41.364338
0 -111.437768
41.366689
0 -111.439364
41.366185
0 -111.445937
41.366672
0 -111.446863
41.368143
0 -111.445709
41.371339
0 -111.448167
41.372858
0 -111.451407
41.373086
0 -111.455375
41.372822
0 -111.458538
41.373279
0 -111.460792
41.374188
0 -111.462515
41.376861
0 -111.461872
41.378623
0 -111.465205
41.380743
0 -111.467802
41.380924
0 -111.471104
41.38185
0 -111.474335
41.383738
0 -111.477618
41.384348
0 -111.478303
41.3858
0 -111.478425
41.390569
0 -111.477588
41.393357
0 -111.477753
41.394662
0 -111.475527
41.398906
0 -111.475512
41.399867
0 -111.481655
41.401104
0 -111.4843
41.404645
0 -111.490387
41.404643
0 -111.49414
41.405754
0 -111.499894
41.408895
0 -111.50049
41.411444
0 -111.503754
41.41347
0 -111.507862
41.413843
0 -111.508153
41.41471
0 -111.506847
41.416075
0 -111.506401
41.417876
0 -111.510691
41.420683
0 -111.510839
41.4231
0 -111.514069
41.421746
0 -111.517417
41.421654
0 -111.520907
41.41807
0 -111.521348
41.415971
0 -111.524338
41.416007
0 -111.528178
41.414553
0 -111.531848
41.414521
0 -111.534174
41.411258
0 -111.537206
41.411204
0 -111.539664
41.409473
0 -111.540716
41.40803
0 -111.540195
41.406533
0 -111.541874
41.405059
0 -111.543399
41.405362
0 -111.544996
41.409571
0 -111.548287
41.41088
0 -111.551681
41.414076
0 -111.554044
41.423425
0 -111.554771
41.424089
0 -111.557352
41.42477
0 -111.559777
41.423398
0 -111.564661
41.423119
0 -111.566574
41.424386
0 -111.571653
41.42508
0 -111.571742
41.426135
0 -111.573777
41.428377
0 -111.575476
41.428774
0 -111.580036
41.422823
0 -111.583856
41.418416
0 -111.58473
41.418111
0 -111.589963
41.418722
0 -111.592081
41.419626
0 -111.594853
41.419671
0 -111.599108
41.421314
0 -111.604123
41.419437
0 -111.610311
41.418923
0 -111.612239
41.420447
0 -111.612308
41.421495
0 -111.615597
41.422194
0 -111.618993
41.422093
0 -111.62273
41.420346
0 -111.62294
41.419288
0 -111.626786
41.4176
0 -111.630112
41.417725
0 -111.630916
41.418356
0 -111.63748
41.414792
0 -111.639858
41.414641
0 -111.643101
41.410567
0 -111.643839
41.406094
0 -111.647519
41.405456
0 -111.64876
41.406769
0 -111.652644
41.407793
0 -111.652061
41.409667
0 -111.652888
41.411376
0 -111.656257
41.413634
0 -111.658127
41.417236
0 -111.660566
41.418681
0 -111.661329
41.421906
0 -111.664114
41.423582
0 -111.665778
41.427668
0 -111.666928
41.428802
0 -111.673466
41.427377
0 -111.679071
41.427296
0 -111.680243
41.425538
0 -111.683033
41.424856
0 -111.685583
41.423142
0 -111.685509
41.421253
0 -111.688539
41.420851
0 -111.689745
41.418414
0 -111.693453
41.41814
0 -111.696486
41.417074
0 -111.704094
41.421047
0 -111.706839
41.423548
0 -111.70779
41.425425
0 -111.711811
41.423141
0 -111.714592
41.425187
0 -111.718177
41.424583
0 -111.720412
41.425924
0 -111.721471
41.427324
0 -111.722905
41.423162
0 -111.722075
41.421325
0 -111.72023
41.42031
0 -111.718736
41.417029
0 -111.717034
41.415529
0 -111.716411
41.416075
0 -111.713678
41.415044
0 -111.712414
41.413516
0 -111.706753
41.412691
0 -111.706178
41.41086
0 -111.706975
41.408989
0 -111.706517
41.404844
0 -111.709403
41.402602
0 -111.712186
41.39849
0 -111.71053
41.3978
0 -111.712032
41.395029
0 -111.715946
41.394969
0 -111.717014
41.393372
0 -111.722932
41.389777
0 -111.723405
41.388122
0 -111.726887
41.385051
0 -111.727226
41.381406
0 -111.725126
41.377631
0 -111.72651
41.375814
0 -111.730015
41.375057
0 -111.733318
41.375006
0 -111.737728
41.374212
0 -111.739266
41.37318
0 -111.743708
41.371701
0 -111.746299
41.369785
0 -111.750771
41.370014
0 -111.752163
41.370686
0 -111.756624
41.369232
0 -111.758527
41.369438
0 -111.76059
41.368818
0 -111.766545
41.370023
0 -111.767587
41.370801
0 -111.771589
41.375831
0 -111.775332
41.376558
0 -111.780845
41.378614
0 -111.780811
41.379557
0 -111.783241
41.381072
0 -111.78406
41.382414
0 -111.785942
41.382711
0 -111.789107
41.384526
0 -111.790388
41.388213
0 -111.792702
41.391265
0 -111.797423
41.392316
0 -111.800757
41.390729
0 -111.804803
41.390728
0 -111.807416
41.388911
0 -111.814108
41.387964
0 -111.8182
41.39014
0 -111.820136
41.391895
0 -111.826141
41.391765
0 -111.827842
41.39261
0 -111.829602
41.389298
0 -111.83148
41.389011
0 -111.832668
41.389834
0 -111.834527
41.389394
0 -111.83695
41.387829
0 -111.839218
41.388693
0 -111.839212
41.390025
0 -111.840969
41.390093
0 -111.84139
41.391317
0 -111.844025
41.392437
0 -111.848255
41.393481
0 -111.851605
41.393402
0 -111.855171
41.394297
0 -111.857019
41.396633
0 -111.860244
41.395973
0 -111.86126
41.396401
0 -111.861843
41.398584
0 -111.863707
41.399565
0 -111.868507
41.398497
0 -111.869864
41.400877
0 -111.874994
41.404609
0 -111.874906
41.40703
0 -111.875538
41.409777
0 -111.87932
41.412596
0 -111.880128
41.414495
0 -111.879456
41.416259
0 -111.875587
41.418185
0 -111.872241
41.421348
0 -111.875774
41.423574
0 -111.877448
41.423529
0 -111.880433
41.424901
0 -111.882552
41.424893
0 -111.884941
41.425713
0 -111.885476
41.426435
0 -111.889485
41.42454
0 -111.891642
41.422635
0 -111.893193
41.418088
0 -111.8949
41.418421
0 -111.898482
41.418069
0 -111.900851
41.419411
0 -111.904291
41.418709
0 -111.905314
41.417611
0 -111.90545
41.414971
0 -111.907762
41.415792
0 -111.909492
41.415586
0 -111.913465
41.414172
0 -111.913942
41.413152
0 -111.917172
41.412948
0 -111.917976
41.412304
0 -111.923072
41.413166
0 -111.926017
41.412529
0 -111.927727
41.413071
0 -111.930965
41.415611
0 -111.933234
41.416302
0 -111.938181
41.415696
0 -111.938824
41.418183
0 -111.94053
41.420381
0 -111.94395
41.422184
0 -111.944224
41.423336
0 -111.94708
41.424666
0 -111.950468
41.427187
0 -111.95331
41.428207
0 -111.954744
41.431679
0 -111.957363
41.433537
0 -111.958727
41.433823
0 -111.959423
41.431034
0 -111.962156
41.427608
0 -111.963797
41.425058
0 -111.967718
41.422467
0 -111.968663
41.421238
0 -111.972319
41.419854
0 -111.972155
41.417376
0 -111.97128
41.414066
0 -111.969921
41.412956
0 -111.967796
41.410023
0 -111.967497
41.408995
0 -111.967168
41.404906
0 -111.967724
41.397617
0 -111.967437
41.395726
0 -111.96868
41.391865
0 -111.97171
41.388546
0 -111.973099
41.387695
0 -111.973609
41.385597
0 -111.975714
41.384723
0 -111.975809
41.383964
0 -111.974268
41.381839
0 -111.975405
41.377827
0 -111.974855
41.376831
0 -111.97183
41.37494
0 -111.968432
41.371512
0 -111.96732
41.369548
0 -111.965792
41.3685
0 -111.962576
41.36494
0 -111.965176
41.36434
0 -111.972273
41.362042
0 -111.977478
41.358241
0 -111.985969
41.35459
0 -111.993275
41.352141
0 -111.996275
41.349342
0 -112.001975
41.34964
0 -112.003677
41.348341
0 -112.00368
41.346242
0 -112.008074
41.343735
0 -112.012777
41.343142
0 -112.014377
41.343843
0 -112.02099
41.34384
0 -112.022778
41.343244
0 -112.023988
41.341288
0 -112.028246
41.336582
0 -112.0315
41.336241
0 -112.034304
41.336242
0 -112.043791
41.336241
0 -112.063507
41.336241
0 -112.063947
41.336241
0 -112.073176
41.336841
0 -112.093092
41.337014
0 -112.098772
41.337041
0 -112.125777
41.33734
0 -112.133199
41.33674
0 -112.237877
41.336739
0 -112.339677
41.233748
0 -112.339813
41.233606
0 -112.366578
41.206345
0 -112.493393
41.076735
0 