-170.847
-14.320853
0 -170.846889397161
-14.3223931066596
0 -170.846854
-14.322886
0 -170.846197
-14.323329
0 -170.844751
-14.32375
0 -170.841573
-14.324358
0 -170.839269
-14.323723
0 -170.83744
-14.32497
0 -170.836019
-14.326036
0 -170.834483
-14.324948
0 -170.832439
-14.324672
0 -170.83011
-14.326652
0 -170.829349
-14.328541
0 -170.829333161437
-14.3298011987313
0 -170.829326
-14.330371
0 -170.826925
-14.329022
0 -170.823402
-14.329842
0 -170.822096
-14.331157
0 -170.821530192048
-14.3309867938375
0 -170.820876
-14.33079
0 -170.819499
-14.331207
0 -170.818323
-14.332361
0 -170.817343510091
-14.3319579807146
0 -170.816211
-14.331492
0 -170.813995
-14.328495
0 -170.813843846761
-14.3283192298578
0 -170.812331
-14.32656
0 -170.810145
-14.325639
0 -170.809303022242
-14.325639
0 -170.809004
-14.325639
0 -170.807387
-14.327067
0 -170.807292
-14.328541
0 -170.806507
-14.330851
0 -170.805301
-14.331971
0 -170.804267977218
-14.3323639340508
0 -170.804068
-14.33244
0 -170.803177
-14.332139
0 -170.801527
-14.331878
0 -170.799412
-14.332988
0 -170.799394857802
-14.3338663335896
0 -170.799391
-14.334064
0 -170.797468
-14.3316
0 -170.794981
-14.331535
0 -170.794885
-14.333239
0 -170.794595005033
-14.333662997381
0 -170.793619
-14.33509
0 -170.793032
-14.333883
0 -170.791701
-14.333929
0 -170.790322
-14.334574
0 -170.79037
-14.33591
0 -170.789921
-14.336696
0 -170.789363926829
-14.3369050243902
0 -170.787637
-14.337553
0 -170.785793
-14.339635
0 -170.785578
-14.340272
0 -170.787002
-14.341775
0 -170.787734
-14.344542
0 -170.788147955181
-14.3458768138124
0 -170.788166
-14.345935
0 -170.787445
-14.346775
0 -170.787064
-14.348538
0 -170.785336
-14.350218
0 -170.785159
-14.351149
0 -170.785371
-14.352002
0 -170.785007
-14.353463
0 -170.785795
-14.355517
0 -170.785716
-14.356403
0 -170.785475
-14.357289
0 -170.78122373733
-14.3588085424931
0 -170.778587
-14.359751
0 -170.776335
-14.360987
0 -170.775413
-14.361927
0 -170.773835
-14.36233
0 -170.772195
-14.363172
0 -170.770242
-14.36354
0 -170.769777
-14.364797
0 -170.769693560348
-14.3648974547973
0 -170.769267
-14.365411
0 -170.767957
-14.362227
0 -170.76571
-14.361848
0 -170.764938
-14.361377
0 -170.763461
-14.362171
0 -170.760232
-14.362575
0 -170.759709
-14.363357
0 -170.759994
-14.365476
0 -170.76123
-14.366351
0 -170.762098
-14.366881
0 -170.762518
-14.367656
0 -170.762397
-14.368072
0 -170.761373
-14.369599
0 -170.76091
-14.371452
0 -170.760871
-14.372598
0 -170.760154
-14.373477
0 -170.760135
-14.373473
0 -170.760129
-14.373472
0 -170.759768
-14.37374
0 -170.758753
-14.373213
0 -170.758129
-14.372606
0 -170.757934
-14.371154
0 -170.755357
-14.368655
0 -170.754391
-14.367007
0 -170.753063
-14.365611
0 -170.753149
-14.363956
0 -170.753767
-14.363311
0 -170.753862
-14.362114
0 -170.752959
-14.361009
0 -170.752656023371
-14.3607268591428
0 -170.751723
-14.359858
0 -170.749864
-14.358814
0 -170.747906
-14.35982
0 -170.747062
-14.361794
0 -170.745496
-14.362667
0 -170.744387
-14.364047
0 -170.741951
-14.365506
0 -170.740427
-14.364822
0 -170.740417
-14.364817
0 -170.738841
-14.361455
0 -170.737067
-14.358768
0 -170.732566
-14.354792
0 -170.728467625008
-14.3494808819041
0 -170.727507
-14.348236
0 -170.725367
-14.347902
0 -170.724156
-14.347713
0 -170.721973
-14.345529
0 -170.721421
-14.344382
0 -170.72116
-14.344202
0 -170.721528
-14.342295
0 -170.721858
-14.340197
0 -170.721853
-14.34005
0 -170.721708
-14.339953
0 -170.721591774781
-14.3398749662115
0 -170.717484
-14.337117
0 -170.716703
-14.337662
0 -170.712917
-14.335624
0 -170.712601
-14.334518
0 -170.708412
-14.331924
0 -170.707062589737
-14.3311644258128
0 -170.707973
-14.33014
0 -170.712546007269
-14.3246530978469
0 -170.712834
-14.324446
0 -170.713060700549
-14.3240293269231
0 -170.718185
-14.317869
0 -170.720879
-14.314669
0 -170.727111
-14.307267
0 -170.731498
-14.302121
0 -170.739276
-14.296377
0 -170.744765
-14.291816
0 -170.746394
-14.292051
0 -170.747356
-14.291216
0 -170.748535
-14.291158
0 -170.749774
-14.292567
0 -170.7512
-14.293627
0 -170.75139
-14.294087
0 -170.752341
-14.296022
0 -170.753387
-14.296114
0 -170.753957
-14.294963
0 -170.75467
-14.292521
0 -170.755281
-14.291454
0 -170.756669
-14.291143
0 -170.757716
-14.291379
0 -170.759835
-14.292206
0 -170.761421
-14.291297
0 -170.761135
-14.290218
0 -170.76045
-14.288485
0 -170.761433
-14.287419
0 -170.763205
-14.287837
0 -170.764198
-14.289791
0 -170.764973
-14.289827
0 -170.766846
-14.288961
0 -170.767810258193
-14.2894434138745
0 -170.770232
-14.290655
0 -170.772341
-14.292041
0 -170.773963
-14.293145
0 -170.774816
-14.292658
0 -170.77488
-14.291211
0 -170.775327
-14.291022
0 -170.77801
-14.291968
0 -170.778438
-14.292659
0 -170.778581
-14.294272
0 -170.779246
-14.294963
0 -170.780672
-14.295055
0 -170.781243
-14.294041
0 -170.781575
-14.291047
0 -170.781962
-14.289621
0 -170.78291
-14.287412
0 -170.783385
-14.287304
0 -170.784994
-14.287631
0 -170.784957
-14.289014
0 -170.785601
-14.290127
0 -170.787512
-14.290222
0 -170.789827
-14.290384
0 -170.790468
-14.289761
0 -170.791683
-14.290612
0 -170.794562708948
-14.2908077729274
0 -170.795581
-14.290877
0 -170.797032
-14.29124
0 -170.797391
-14.289613
0 -170.798359
-14.289397
0 -170.799354
-14.289958
0 -170.801272
-14.29137
0 -170.803439
-14.291942
0 -170.806348
-14.292523
0 -170.807483
-14.293301
0 -170.809046
-14.293782
0 -170.811194
-14.29504
0 -170.81152
-14.295592
0 -170.811844
-14.298477
0 -170.81223177816
-14.2990852977879
0 -170.812259
-14.299128
0 -170.813718
-14.300422
0 -170.815373
-14.300396
0 -170.815801
-14.301642
0 -170.815516
-14.303116
0 -170.816229
-14.303807
0 -170.818273
-14.303438
0 -170.819987
-14.300707
0 -170.820826
-14.300066
0 -170.821691
-14.300654
0 -170.822525
-14.302215
0 -170.823674888456
-14.3025279006819
0 -170.823859
-14.302578
0 -170.824977
-14.303577
0 -170.82516
-14.30544
0 -170.827088
-14.307593
0 -170.829331
-14.308065
0 -170.831269
-14.30954
0 -170.832316
-14.310875
0 -170.833224
-14.311016
0 -170.833622
-14.311748
0 -170.833648
-14.31417
0 -170.834777
-14.317391
0 -170.836528
-14.319246
0 -170.838735
-14.319645
0 -170.840756
-14.320605
0 -170.842017519836
-14.3205935690482
0 -170.843515
-14.32058
0 -170.845551
-14.31988
0 -170.847
-14.320853
0 