-105.080777
43.966216
0 -105.081407
43.826928
0 -105.078784
43.827021
0 -105.079133
43.813006
0 -105.080688
43.739945
0 -105.080558
43.5024
0 -105.079818
43.49997
0 -105.079797
43.498445
0 -105.000139
43.499287
0 -104.899941
43.49964
0 -104.750519
43.501134
0 -104.74858
43.501416
0 -104.420437
43.502177
0 -104.416807
43.502176
0 -104.250497
43.502423
0 -104.200581
43.502743
0 -104.059552
43.503062
0 -104.054787133785
43.503327935732
0 -104.055032
43.558603
0 -104.05484
43.579368
0 -104.054885
43.583512
0 -104.054902
43.583852
0 -104.055133
43.747105
0 -104.055138
43.750421
0 -104.05517607847
43.7616330421959
0 -104.055487996592
43.8534759966154
0 -104.055488
43.853477
0 -104.055077
43.936535
0 -104.05495
43.93809
0 -104.054562099418
44.1410809718472
0 -104.054487
44.180381
0 -104.368206
44.180912
0 -104.375484
44.181622
0 -104.395157
44.18139
0 -104.461132
44.180747
0 -105.000513
44.176897
0 -105.067936
44.176461
0 -105.074268
44.17651
0 -105.078156
44.17613
0 -105.079281
44.176182
0 -105.080777
43.966216
0 