-96.640315
29.247804
0 -96.634506
29.242625
0 -96.633831
29.242023
0 -96.625251
29.234372
0 -96.61337
29.225583
0 -96.568415
29.186782
0 -96.546354
29.167733
0 -96.541186
29.16325
0 -96.531837
29.155159
0 -96.448495
29.083387
0 -96.429938
29.067353
0 -96.331515
28.982818
0 -96.330511
28.981826
0 -96.309178
28.963291
0 -96.297999
28.968949
0 -96.297557
28.969453
0 -96.265863
28.986169
0 -96.257821
28.990018
0 -96.240018
28.99966
0 -96.207276
29.017108
0 -96.119129
29.063916
0 -96.038643
29.106552
0 -95.984189
29.136266
0 -95.965196
29.146865
0 -95.964049
29.147905
0 -95.933701
29.175398
0 -95.912773
29.194358
0 -95.884683
29.219881
0 -95.884086
29.220622
0 -95.87523
29.228507
0 -95.874028
29.229702
0 -95.841948
29.258707
0 -95.842381
29.259812
0 -95.84586
29.261054
0 -95.847656
29.26259
0 -95.849748
29.264224
0 -95.850927
29.266313
0 -95.853529
29.265883
0 -95.856934
29.267971
0 -95.861278
29.267799
0 -95.865102
29.267275
0 -95.867629
29.269088
0 -95.868927
29.269241
0 -95.872311
29.266739
0 -95.87424
29.266538
0 -95.877043
29.265743
0 -95.878466
29.265942
0 -95.8796
29.266761
0 -95.879486
29.269097
0 -95.880187
29.270769
0 -95.882813
29.271743
0 -95.884943
29.274294
0 -95.884671
29.279213
0 -95.88595
29.281
0 -95.887697
29.284392
0 -95.889752
29.28751
0 -95.890923
29.292138
0 -95.89281
29.294052
0 -95.892935
29.295134
0 -95.895505
29.296933
0 -95.897541
29.299283
0 -95.896519
29.301
0 -95.895678
29.303924
0 -95.896154
29.306728
0 -95.892753
29.310937
0 -95.892853
29.312372
0 -95.894468
29.31498
0 -95.895602
29.315231
0 -95.898265
29.314382
0 -95.900494
29.315682
0 -95.903807
29.317009
0 -95.906587
29.316916
0 -95.908985
29.317759
0 -95.912745
29.318605
0 -95.914606
29.31865
0 -95.916606
29.319368
0 -95.918924
29.323579
0 -95.919392
29.326272
0 -95.923381
29.329449
0 -95.925457
29.329691
0 -95.931593
29.328478
0 -95.932935
29.328626
0 -95.936009
29.330335
0 -95.93747
29.330137
0 -95.940356
29.331726
0 -95.942412
29.331873
0 -95.944313
29.332203
0 -95.949463
29.335318
0 -95.950643
29.336577
0 -95.949495
29.338479
0 -95.949577
29.341013
0 -95.952219
29.342524
0 -95.95338
29.345079
0 -95.952194
29.346162
0 -95.952584
29.348042
0 -95.950256
29.348037
0 -95.949767
29.350923
0 -95.949096
29.351467
0 -95.947358
29.349725
0 -95.945985
29.352891
0 -95.94446
29.351676
0 -95.941938
29.352523
0 -95.940231
29.351721
0 -95.93951
29.352534
0 -95.939548
29.35525
0 -95.938482
29.356305
0 -95.938764
29.357706
0 -95.936524
29.358355
0 -95.940176
29.360993
0 -95.940935
29.359729
0 -95.94214
29.360097
0 -95.942648
29.361378
0 -95.943859
29.361152
0 -95.944952
29.366456
0 -95.946427
29.368204
0 -95.948247
29.371743
0 -95.947494
29.372914
0 -95.949452
29.373887
0 -95.949635
29.374609
0 -95.952421
29.377241
0 -95.954441
29.37724
0 -95.95463
29.379411
0 -95.955929
29.38001
0 -95.957096
29.379372
0 -95.957994
29.381076
0 -95.960335
29.381422
0 -95.961401
29.380405
0 -95.963033
29.380954
0 -95.963836
29.379987
0 -95.965223
29.38113
0 -95.967389
29.38197
0 -95.967219
29.382861
0 -95.968412
29.383449
0 -95.968237
29.384861
0 -95.967051
29.387126
0 -95.968056
29.390874
0 -95.969525
29.392017
0 -95.969282
29.394842
0 -95.970073
29.395567
0 -95.969119
29.396134
0 -95.969691
29.399223
0 -95.972058
29.402322
0 -95.972505
29.404317
0 -95.971721
29.406801
0 -95.970761
29.408429
0 -95.972262
29.409434
0 -95.972407
29.410704
0 -95.97343
29.411445
0 -95.975703
29.411258
0 -95.978879
29.410465
0 -95.982061
29.410766
0 -95.982847
29.413289
0 -95.983796
29.414904
0 -95.985485
29.415651
0 -95.985316
29.416959
0 -95.986145
29.417915
0 -95.987683
29.417684
0 -95.988223
29.418718
0 -95.987415
29.421603
0 -95.986229
29.422659
0 -95.98822
29.425917
0 -95.98802
29.428106
0 -95.99039
29.430342
0 -95.992024
29.433792
0 -95.995019
29.43372
0 -95.994931
29.432971
0 -95.997359
29.431645
0 -96.001234
29.43104
0 -96.003848
29.428865
0 -96.008365
29.429479
0 -96.009873
29.431541
0 -96.012238
29.433723
0 -96.012446
29.434985
0 -96.015314
29.435922
0 -96.016745
29.437216
0 -96.017051
29.437277
0 -96.017531
29.437384
0 -96.018648
29.437368
0 -96.0189
29.43972
0 -96.020453
29.441217
0 -96.022363
29.441481
0 -96.029496
29.441032
0 -96.031776
29.441335
0 -96.033941
29.4431
0 -96.035291
29.443007
0 -96.036453
29.444272
0 -96.03659
29.44569
0 -96.031566
29.44792
0 -96.029581
29.44948
0 -96.029473
29.452052
0 -96.032769
29.454136
0 -96.03363
29.452955
0 -96.037737
29.452994
0 -96.03888
29.453924
0 -96.037479
29.456457
0 -96.037805
29.457529
0 -96.038941
29.458568
0 -96.039469
29.457337
0 -96.041623
29.457118
0 -96.043639
29.457964
0 -96.04308
29.460372
0 -96.043613
29.461493
0 -96.047978
29.46184
0 -96.049359
29.466485
0 -96.048893
29.469216
0 -96.049992
29.472179
0 -96.052159
29.471828
0 -96.053742
29.472762
0 -96.056223
29.472202
0 -96.057058
29.473593
0 -96.059627
29.473329
0 -96.058829
29.47462
0 -96.060676
29.476473
0 -96.059507
29.479837
0 -96.057723
29.481342
0 -96.059243
29.482618
0 -96.059965
29.484124
0 -96.058778
29.484855
0 -96.058652
29.486091
0 -96.060317
29.487361
0 -96.059594
29.489878
0 -96.059681
29.491868
0 -96.058369
29.490285
0 -96.056415
29.490757
0 -96.053053
29.494269
0 -96.051143
29.492845
0 -96.047205
29.491256
0 -96.045615
29.492536
0 -96.042794
29.491481
0 -96.040815
29.492596
0 -96.039835
29.492227
0 -96.035519
29.492287
0 -96.033628
29.493138
0 -96.031139
29.495638
0 -96.028834
29.49485
0 -96.026258
29.495026
0 -96.026445
29.496719
0 -96.025232
29.499148
0 -96.022418
29.501893
0 -96.022969
29.503248
0 -96.024992
29.503809
0 -96.024318
29.507024
0 -96.027761
29.508998
0 -96.030495
29.507817
0 -96.031745
29.508961
0 -96.034119
29.510202
0 -96.036306
29.510814
0 -96.039976
29.509638
0 -96.04565
29.510227
0 -96.047089
29.509705
0 -96.050142
29.511371
0 -96.05307
29.511942
0 -96.05471
29.51462
0 -96.053095
29.516208
0 -96.05579
29.518088
0 -96.054735
29.519764
0 -96.050813
29.523161
0 -96.051195
29.52423
0 -96.05234
29.525414
0 -96.055017
29.525442
0 -96.055564
29.525612
0 -96.054684
29.528108
0 -96.055507
29.530103
0 -96.054652
29.531114
0 -96.055312
29.532904
0 -96.054563
29.535192
0 -96.056323
29.539491
0 -96.055147
29.539864
0 -96.051345
29.538473
0 -96.050986
29.540375
0 -96.050088
29.540787
0 -96.048699
29.540149
0 -96.049202
29.539122
0 -96.048001
29.53827
0 -96.046807
29.53927
0 -96.047102
29.540028
0 -96.04362
29.540577
0 -96.041137
29.540516
0 -96.040936
29.541918
0 -96.043267
29.543485
0 -96.043041
29.545315
0 -96.041337
29.546738
0 -96.041499
29.549717
0 -96.042914
29.550718
0 -96.041876
29.55335
0 -96.044126
29.556308
0 -96.044911
29.557902
0 -96.044495
29.561947
0 -96.047361
29.563756
0 -96.053434
29.565213
0 -96.056904
29.567417
0 -96.057936
29.567274
0 -96.059998
29.56866
0 -96.061242
29.57271
0 -96.063103
29.575909
0 -96.061959
29.577816
0 -96.062581
29.579009
0 -96.061902
29.580691
0 -96.062788
29.582126
0 -96.062763
29.583719
0 -96.061273
29.584736
0 -96.061059
29.586204
0 -96.059795
29.586935
0 -96.059562
29.588518
0 -96.062322
29.591524
0 -96.065372
29.591684
0 -96.067064
29.59103
0 -96.071353
29.592464
0 -96.072862
29.594196
0 -96.075824
29.59674
0 -96.08439
29.601054
0 -96.088912
29.601658
0 -96.090372
29.602027
0 -96.093655
29.604043
0 -96.09331
29.607522
0 -96.094078
29.61121
0 -96.094934
29.612491
0 -96.098444
29.613199
0 -96.10186
29.615765
0 -96.102693
29.615765
0 -96.106415
29.618474
0 -96.108234
29.621431
0 -96.10965
29.622524
0 -96.112582
29.623617
0 -96.11625
29.623336
0 -96.118695
29.620565
0 -96.119085
29.619251
0 -96.122154
29.618288
0 -96.125274
29.619068
0 -96.126689
29.619942
0 -96.127317
29.621597
0 -96.128537
29.622604
0 -96.130839
29.622852
0 -96.13413
29.620611
0 -96.135867
29.619942
0 -96.141837
29.619636
0 -96.144032
29.62094
0 -96.148358
29.625446
0 -96.153057
29.627773
0 -96.155227
29.629213
0 -96.158335
29.629505
0 -96.162173
29.627819
0 -96.163438
29.626846
0 -96.165401
29.626901
0 -96.168005
29.628529
0 -96.170276
29.629238
0 -96.173522
29.632729
0 -96.175422
29.633806
0 -96.175964
29.63345
0 -96.204902
29.607636
0 -96.205456
29.606841
0 -96.229071
29.585341
0 -96.235289
29.579729
0 -96.307672
29.514523
0 -96.313313
29.500242
0 -96.347096
29.412234
0 -96.348621
29.406792
0 -96.349217
29.406052
0 -96.353194
29.404736
0 -96.362455
29.39969
0 -96.375814
29.393271
0 -96.400958
29.379297
0 -96.410639
29.373798
0 -96.500272
29.323732
0 -96.580985
29.278782
0 -96.581596
29.278442
0 -96.604259
29.265823
0 -96.625251
29.255951
0 -96.640315
29.247804
0 