-90.246714
41.75476
0 -90.247917
41.746877
0 -90.246711
41.745578
0 -90.244125
41.745587
0 -90.24317
41.744321
0 -90.244424
41.742551
0 -90.244268
41.740383
0 -90.242126
41.7405
0 -90.239427
41.742485
0 -90.236509
41.740747
0 -90.234705
41.736111
0 -90.236045
41.731844
0 -90.238677
41.729158
0 -90.238667
41.727265
0 -90.234083
41.725011
0 -90.234697
41.720464
0 -90.23935
41.714005
0 -90.238164
41.711176
0 -90.240607
41.7099
0 -90.239839
41.706688
0 -90.242167
41.704801
0 -90.245214
41.704701
0 -90.244956
41.702379
0 -90.240656
41.700424
0 -90.237155
41.699566
0 -90.237168
41.696935
0 -90.235897
41.696062
0 -90.234156
41.696805
0 -90.231159
41.69576
0 -90.230833
41.694583
0 -90.232447
41.692928
0 -90.23205
41.691862
0 -90.228066
41.693007
0 -90.22679
41.692521
0 -90.227405
41.68829
0 -90.226154
41.686944
0 -90.22686
41.683484
0 -90.229219
41.682126
0 -90.230556
41.682564
0 -90.232483
41.681474
0 -90.234928
41.681377
0 -90.236182
41.679496
0 -90.233503
41.677276
0 -90.229749
41.675375
0 -90.224477
41.673624
0 -90.218531
41.671993
0 -90.21855
41.671362
0 -90.216354
41.671413
0 -90.209712
41.669594
0 -90.208815
41.66945
0 -90.19258
41.664461
0 -90.189532
41.663374
0 -90.181656
41.657882
0 -90.1737
41.65496
0 -90.171705
41.652991
0 -90.170288
41.648696
0 -90.164776
41.647689
0 -90.16185
41.644614
0 -90.163814
41.639217
0 -90.173913
41.640069
0 -90.1733
41.637626
0 -90.162465
41.635526
0 -90.159878
41.630495
0 -90.160373
41.626144
0 -90.162061
41.621562
0 -90.160687
41.617866
0 -90.162464
41.616336
0 -90.161749
41.615148
0 -90.163943
41.612062
0 -90.166116
41.609802
0 -90.165057
41.602933
0 -90.165613
41.601089
0 -90.164842
41.597322
0 -90.166037
41.59416
0 -90.167746
41.592829
0 -90.170427
41.591761
0 -90.174476
41.591157
0 -90.181412
41.590993
0 -90.183675
41.59019
0 -90.185426
41.588948
0 -90.186253
41.58634
0 -90.185609
41.584653
0 -90.166105
41.584553
0 -90.158691
41.584516
0 -90.158051
41.584615
0 -90.151229
41.584555
0 -90.145508
41.584531
0 -90.124903
41.584524
0 -90.086544
41.584302
0 -89.997844
41.583662
0 -89.994463
41.583681
0 -89.978443
41.58363
0 -89.976184
41.583642
0 -89.919386
41.583767
0 -89.862351
41.584005
0 -89.78549
41.584214
0 -89.747088
41.584466
0 -89.744893
41.58451
0 -89.679441
41.584774
0 -89.631494
41.584949
0 -89.631871
41.621268
0 -89.632139
41.656768
0 -89.632379
41.671561
0 -89.632233
41.678611
0 -89.632186
41.686095
0 -89.632129
41.700551
0 -89.631467
41.758134
0 -89.631629
41.759695
0 -89.631557
41.762846
0 -89.631417
41.768993
0 -89.631182
41.779336
0 -89.630482
41.822482
0 -89.630263
41.843623
0 -89.629724
41.872598
0 -89.629429
41.895246
0 -89.62933
41.901617
0 -89.629285
41.904996
0 -89.629227
41.908784
0 -89.628565
41.915766
0 -89.629118
41.916783
0 -89.628907
41.930044
0 -89.641326
41.930199
0 -89.648085
41.930296
0 -89.663506
41.93051
0 -89.669921
41.930273
0 -89.685366
41.93034
0 -89.68737
41.930349
0 -89.695506
41.93041
0 -89.702854
41.930708
0 -89.719086
41.930842
0 -89.725139
41.930648
0 -89.745058
41.930709
0 -89.769049
41.930451
0 -89.841449
41.930297
0 -89.861298
41.930885
0 -89.869669
41.931013
0 -89.949208
41.931245
0 -89.978437
41.931187
0 -89.987718
41.931009
0 -90.016493
41.930455
0 -90.017534
41.930442
0 -90.035985
41.930333
0 -90.063551
41.930106
0 -90.093931
41.929685
0 -90.103488
41.929723
0 -90.11501
41.929709
0 -90.124774
41.929401
0 -90.1259
41.928984
0 -90.1518383787674
41.92891733574
0 -90.153362
41.915593
0 -90.1535130557381
41.9094834077803
0 -90.153584
41.906614
0 -90.1539860489443
41.905607999803
0 -90.157019
41.898019
0 -90.165065
41.883777
0 -90.1663819574666
41.8818349111957
0 -90.1687436426227
41.8783521849748
0 -90.170041
41.876439
0 -90.1715053125748
41.8709075108684
0 -90.1716627759842
41.8703126876366
0 -90.1723950669122
41.8675464344614
0 -90.1724700111653
41.8672633300694
0 -90.172765
41.866149
0 -90.1728068689937
41.8646293813772
0 -90.173006
41.857402
0 -90.175051
41.853629
0 -90.1790648293101
41.8479514858483
0 -90.1803537768324
41.8461282848017
0 -90.181401
41.844647
0 -90.1817884378145
41.843538152975
0 -90.181901
41.843216
0 -90.1833435732018
41.8378171852706
0 -90.183347617946
41.8378020478586
0 -90.183765
41.83624
0 -90.183973
41.83307
0 -90.18172
41.822599
0 -90.180643
41.811979
0 -90.180954
41.809354
0 -90.181973
41.80707
0 -90.187969
41.803163
0 -90.2084670622592
41.7976146310039
0 -90.2094928988248
41.7973369598893
0 -90.216889
41.795335
0 -90.222263
41.793133
0 -90.2423797480977
41.7829647650695
0 -90.2423802567555
41.7829645079628
0 -90.242015
41.77688
0 -90.243385
41.774934
0 -90.244655
41.772197
0 -90.244992
41.771721
0 -90.244812
41.769511
0 -90.244642
41.767398
0 -90.24725
41.764948
0 -90.24717
41.762609
0 -90.243063
41.762547
0 -90.242122
41.764814
0 -90.240122
41.764963
0 -90.236773
41.762598
0 -90.238084
41.761065
0 -90.242752
41.759959
0 -90.246714
41.75476
0 