-115.907659
39.464432
0 -115.907233
39.379337
0 -115.907206
39.374932
0 -115.907071
39.161848
0 -115.875874
39.145428
0 -115.869672
39.142676
0 -115.750827
39.079636
0 -115.742633
39.074647
0 -115.601585
38.999933
0 -115.599878
38.999933
0 -115.134788
38.749942
0 -115.12585
38.744604
0 -115.122877
38.743404
0 -115.049426
38.703715
0 -115.000846
38.677322
0 -114.962002
38.677312
0 -114.737495
38.677346
0 -114.164808
38.677614
0 -114.160522
38.677459
0 -114.158503
38.677317
0 -114.049883347904
38.6773649779993
0 -114.049749
38.72921
0 -114.049168
38.749951
0 -114.049465
38.874949
0 -114.048521
38.876197
0 -114.048054
38.878693
0 -114.049104
39.005509
0 -114.047079
39.499943
0 -114.047727981839
39.5427408023268
0 -114.047728
39.542742
0 -114.047345688544
39.7247987154316
0 -114.047273
39.759413
0 -114.047566451232
39.7794062351821
0 -114.047783
39.79416
0 -114.047214
39.821024
0 -114.047134
39.906037
0 -114.047133995574
39.9060376945526
0 -114.046658938602
39.9805879996087
0 -114.046555
39.996899
0 -114.046835
40.030131
0 -114.046386
40.097896
0 -114.046741
40.104231
0 -114.046682541042
40.1169309104285
0 -114.126084
40.116622
0 -114.129385
40.116762
0 -114.354222
40.117754
0 -114.367311
40.117539
0 -114.368294
40.117332
0 -114.375849
40.117895
0 -114.529719
40.119087
0 -114.634236
40.120171
0 -114.721815
40.121027
0 -114.750858
40.121402
0 -114.750858
40.120731
0 -114.864346
40.122447
0 -114.883763
40.121445
0 -115.000864
40.122753
0 -115.008664
40.122275
0 -115.012176
40.12243
0 -115.015483
40.122319
0 -115.120148
40.12254
0 -115.125868
40.122302
0 -115.245841
40.122333
0 -115.498646
40.127052
0 -115.500879
40.127903
0 -115.569775
40.1281
0 -115.622622
40.128322
0 -115.625884
40.127842
0 -115.774715
40.12855
0 -115.789533
40.128027
0 -115.834969
40.127842
0 -115.833952
40.12622
0 -115.831321
40.125158
0 -115.824056
40.121202
0 -115.823777
40.118822
0 -115.824602
40.117746
0 -115.82739
40.11636
0 -115.827597
40.114882
0 -115.830643
40.112659
0 -115.828536
40.11099
0 -115.825356
40.106073
0 -115.82683
40.104256
0 -115.828485
40.103312
0 -115.834677
40.10111
0 -115.839729
40.098577
0 -115.840203
40.097569
0 -115.838839
40.096166
0 -115.834227
40.092661
0 -115.833147
40.087903
0 -115.835493
40.085916
0 -115.839067
40.084461
0 -115.838558
40.080338
0 -115.835236
40.080048
0 -115.833518
40.077908
0 -115.832537
40.074894
0 -115.83286
40.070835
0 -115.830485
40.068395
0 -115.831
40.066951
0 -115.827259
40.062571
0 -115.827799
40.058277
0 -115.827655
40.056265
0 -115.82663
40.053118
0 -115.827653
40.049257
0 -115.829566
40.048076
0 -115.833246
40.043201
0 -115.8299
40.039054
0 -115.829369
40.037916
0 -115.830481
40.034324
0 -115.830254
40.033084
0 -115.827788
40.029906
0 -115.82654
40.026055
0 -115.827178
40.023404
0 -115.831964
40.021039
0 -115.835301
40.017371
0 -115.835545
40.014654
0 -115.83412
40.010501
0 -115.831485
40.007928
0 -115.832317
40.001721
0 -115.831252
39.9992
0 -115.831511
39.998058
0 -115.835653
39.994689
0 -115.835826
39.99395
0 -115.834336
39.991739
0 -115.834546
39.987677
0 -115.833361
39.984962
0 -115.830912
39.983392
0 -115.827503
39.981992
0 -115.826885
39.978973
0 -115.823557
39.97452
0 -115.824382
39.972235
0 -115.823586
39.967572
0 -115.82083
39.964761
0 -115.817629
39.957856
0 -115.816578
39.956214
0 -115.816092
39.952825
0 -115.814775
39.948902
0 -115.815729
39.945711
0 -115.815156
39.942758
0 -115.815894
39.941246
0 -115.816929
39.934764
0 -115.81806
39.932781
0 -115.817445
39.931003
0 -115.816176
39.929027
0 -115.812458
39.924876
0 -115.808966
39.92361
0 -115.805945
39.91798
0 -115.805154
39.91476
0 -115.802359
39.912821
0 -115.801844
39.909877
0 -115.802825
39.905469
0 -115.805789
39.90395
0 -115.807786
39.899178
0 -115.807036
39.89438
0 -115.805158
39.893143
0 -115.805763
39.889886
0 -115.802965
39.885732
0 -115.802655
39.883014
0 -115.803
39.880898
0 -115.801207
39.878688
0 -115.800987
39.877379
0 -115.802333
39.874928
0 -115.802263
39.873384
0 -115.804832
39.870865
0 -115.805135
39.869087
0 -115.804304
39.867881
0 -115.799941
39.865808
0 -115.799111
39.864971
0 -115.796704
39.858702
0 -115.795306
39.856927
0 -115.794864
39.853104
0 -115.798565
39.849812
0 -115.798299
39.84676
0 -115.799038
39.845552
0 -115.800339
39.841056
0 -115.80003
39.838943
0 -115.798717
39.835088
0 -115.799543
39.834148
0 -115.804117
39.832631
0 -115.809118
39.825848
0 -115.809333
39.824506
0 -115.812471
39.824535
0 -115.812724
39.819839
0 -115.813546
39.81645
0 -115.815634
39.814334
0 -115.813362
39.810749
0 -115.812
39.804211
0 -115.812518
39.801594
0 -115.81077
39.798075
0 -115.810113
39.795829
0 -115.81054
39.790999
0 -115.81206
39.788313
0 -115.811487
39.78439
0 -115.810743
39.782144
0 -115.813916
39.778684
0 -115.812993
39.774594
0 -115.812857
39.771408
0 -115.81072
39.769399
0 -115.812805
39.766579
0 -115.810054
39.761854
0 -115.810399
39.760378
0 -115.812094
39.75843
0 -115.812831
39.75645
0 -115.812084
39.752929
0 -115.814346
39.751953
0 -115.816628
39.749433
0 -115.817404
39.747181
0 -115.822927
39.745156
0 -115.824274
39.744011
0 -115.825262
39.740481
0 -115.826303
39.739337
0 -115.828478
39.73856
0 -115.829644
39.736139
0 -115.830903
39.735028
0 -115.831416
39.732641
0 -115.833101
39.729412
0 -115.833583
39.718926
0 -115.833492
39.717951
0 -115.830653
39.715839
0 -115.830649
39.714797
0 -115.832246
39.71103
0 -115.829048
39.706162
0 -115.828604
39.703979
0 -115.829621
39.696753
0 -115.827608
39.693966
0 -115.82568
39.690441
0 -115.824009
39.68594
0 -115.824641
39.680562
0 -115.823985
39.679656
0 -115.823535
39.675758
0 -115.823873
39.673136
0 -115.822557
39.670248
0 -115.822725
39.668567
0 -115.824323
39.665641
0 -115.823007
39.662652
0 -115.824215
39.660096
0 -115.823383
39.658552
0 -115.823111
39.655763
0 -115.825007
39.651256
0 -115.826653
39.649304
0 -115.82751
39.646043
0 -115.825363
39.641778
0 -115.82487
39.638015
0 -115.825422
39.634654
0 -115.824573
39.628875
0 -115.822777
39.625349
0 -115.819344
39.621885
0 -115.818989
39.620309
0 -115.819144
39.616484
0 -115.818181
39.614877
0 -115.819166
39.611988
0 -115.818496
39.608031
0 -115.816686
39.601898
0 -115.814811
39.600428
0 -115.813666
39.596909
0 -115.814136
39.595297
0 -115.813476
39.593521
0 -115.814285
39.590096
0 -115.815882
39.587976
0 -115.816046
39.585929
0 -115.818558
39.584578
0 -115.819283
39.58169
0 -115.821741
39.578157
0 -115.82624
39.574785
0 -115.828312
39.572261
0 -115.831601
39.570236
0 -115.833154
39.568116
0 -115.835734
39.563107
0 -115.835807
39.560457
0 -115.838173
39.556187
0 -115.837032
39.553775
0 -115.833335
39.552078
0 -115.833054
39.548019
0 -115.832297
39.54413
0 -115.83046
39.541386
0 -115.831749
39.538663
0 -115.831739
39.536717
0 -115.834182
39.532217
0 -115.838053
39.523876
0 -115.839954
39.522191
0 -115.840639
39.520343
0 -115.841479
39.515038
0 -115.844547
39.512677
0 -115.842154
39.511244
0 -115.844309
39.508551
0 -115.851164
39.508793
0 -115.853102
39.506
0 -115.855824
39.503942
0 -115.851773
39.500939
0 -115.852847
39.498968
0 -115.856374
39.49806
0 -115.859031
39.495167
0 -115.86173
39.494595
0 -115.865214
39.49298
0 -115.864518
39.491198
0 -115.864867
39.488911
0 -115.866303
39.48807
0 -115.870264
39.487128
0 -115.870307
39.486052
0 -115.868654
39.482656
0 -115.866566
39.479765
0 -115.866523
39.478622
0 -115.867524
39.477142
0 -115.86796
39.473981
0 -115.870268
39.470046
0 -115.875054
39.469305
0 -115.875886
39.465718
0 -115.881094
39.466016
0 -115.884657
39.463618
0 -115.888786
39.462905
0 -115.891003
39.46179
0 -115.894784
39.461077
0 -115.895996
39.457366
0 -115.898339
39.45389
0 -115.901383
39.454459
0 -115.903167
39.455705
0 -115.904176
39.461301
0 -115.90583
39.462513
0 -115.906572
39.464164
0 -115.907659
39.464432
0 