-118.249122
46.734138
0 -118.249203
46.732579
0 -118.247717
46.730277
0 -118.24602
46.728762
0 -118.243487
46.723374
0 -118.241859
46.720876
0 -118.241106
46.718777
0 -118.23946
46.716971
0 -118.236092
46.71121
0 -118.235118
46.708623
0 -118.233735
46.706735
0 -118.232848
46.703487
0 -118.230065
46.701038
0 -118.226044
46.693815
0 -118.222865
46.689599
0 -118.22085
46.684193
0 -118.218865
46.680678
0 -118.217515
46.679145
0 -118.217955
46.677059
0 -118.221603
46.675279
0 -118.223683
46.673809
0 -118.222645
46.672291
0 -118.223991
46.671983
0 -118.2244
46.669305
0 -118.223672
46.666541
0 -118.2249
46.666389
0 -118.223723
46.664109
0 -118.224118
46.663395
0 -118.22721
46.662509
0 -118.228154
46.660825
0 -118.228231
46.659019
0 -118.230759
46.657042
0 -118.230732
46.656437
0 -118.227525
46.653201
0 -118.227998
46.650927
0 -118.225468
46.646576
0 -118.222414
46.645287
0 -118.22194
46.642927
0 -118.219415
46.640635
0 -118.215293
46.639541
0 -118.214641
46.638689
0 -118.216529
46.635456
0 -118.216474
46.633303
0 -118.215411
46.632098
0 -118.213122
46.630866
0 -118.209689
46.629864
0 -118.205281
46.62698
0 -118.199796
46.624186
0 -118.198301
46.62196
0 -118.198619
46.618494
0 -118.199618
46.61779
0 -118.199238
46.614722
0 -118.198264
46.61172
0 -118.198397
46.610544
0 -118.200083
46.607597
0 -118.201239
46.607826
0 -118.204029
46.609975
0 -118.206411
46.610345
0 -118.208275
46.609718
0 -118.207814
46.605007
0 -118.209317
46.604486
0 -118.211102
46.600756
0 -118.213883
46.599594
0 -118.213875
46.598208
0 -118.212313
46.598447
0 -118.210855
46.596632
0 -118.212166
46.593453
0 -118.215021
46.591242
0 -118.21566
46.588924
0 -118.211103
46.587592
0 -118.206073
46.583285
0 -118.204712
46.581832
0 -118.200812
46.579034
0 -118.192968
46.571836
0 -118.185037
46.567329
0 -118.183363
46.566102
0 -118.178843
46.560535
0 -118.172552
46.556947
0 -118.165292
46.555135
0 -118.161805
46.55472
0 -118.158344
46.55486
0 -118.150101
46.556909
0 -118.143133
46.557777
0 -118.135379
46.557124
0 -118.127194
46.556762
0 -118.118448
46.556783
0 -118.11387
46.557358
0 -118.110359
46.558411
0 -118.107003
46.559922
0 -118.104396
46.561566
0 -118.102462
46.564126
0 -118.10169
46.567405
0 -118.100051
46.570246
0 -118.096639
46.573121
0 -118.092895
46.574529
0 -118.088921
46.574931
0 -118.083345
46.575066
0 -118.073096
46.5745
0 -118.069095
46.574675
0 -118.055992
46.577067
0 -118.048266
46.579309
0 -118.039123
46.583784
0 -118.035156
46.58516
0 -118.031414
46.585687
0 -118.022864
46.586189
0 -118.012109
46.587928
0 -118.008604
46.588236
0 -118.000957
46.588069
0 -117.999957
46.588369
0 -117.993056
46.587869
0 -117.988956
46.586769
0 -117.985255
46.586869
0 -117.980054
46.587769
0 -117.974254
46.58887
0 -117.969154
46.58937
0 -117.958053
46.59177
0 -117.952853
46.59207
0 -117.945552
46.59037
0 -117.938851
46.58977
0 -117.931851
46.58807
0 -117.92165
46.58657
0 -117.917049
46.585671
0 -117.909049
46.584771
0 -117.9018
46.584856
0 -117.891862
46.585382
0 -117.887623
46.586321
0 -117.885032
46.587847
0 -117.883105
46.589839
0 -117.881857
46.592193
0 -117.880446
46.597972
0 -117.879846
46.603772
0 -117.878246
46.608872
0 -117.874046
46.615572
0 -117.870546
46.618772
0 -117.866446
46.621173
0 -117.861645
46.623073
0 -117.851844
46.624772
0 -117.849153
46.624785
0 -117.841643
46.624173
0 -117.836343
46.623473
0 -117.831643
46.622373
0 -117.828142
46.622073
0 -117.823142
46.622173
0 -117.818541
46.622773
0 -117.814141
46.622974
0 -117.80434
46.624474
0 -117.79964
46.625974
0 -117.794339
46.628374
0 -117.789139
46.631774
0 -117.783039
46.636575
0 -117.780939
46.637675
0 -117.777936
46.639974
0 -117.772638
46.645075
0 -117.768438
46.650175
0 -117.765238
46.654975
0 -117.762637
46.661176
0 -117.761037
46.666376
0 -117.760391
46.674426
0 -117.758674
46.679886
0 -117.756169
46.684386
0 -117.751037
46.690027
0 -117.744237
46.693277
0 -117.739636
46.695077
0 -117.731636
46.693877
0 -117.721335
46.696477
0 -117.705434
46.698278
0 -117.698634
46.698678
0 -117.692233
46.700578
0 -117.687333
46.703178
0 -117.681133
46.703678
0 -117.672232
46.701878
0 -117.660131
46.701979
0 -117.654031
46.701179
0 -117.64773
46.699379
0 -117.64323
46.697579
0 -117.64043
46.694979
0 -117.633329
46.687678
0 -117.630429
46.683678
0 -117.626228
46.679778
0 -117.620028
46.676678
0 -117.615428
46.674678
0 -117.608527
46.673378
0 -117.601227
46.672679
0 -117.595626
46.673279
0 -117.584226
46.675379
0 -117.581125
46.674879
0 -117.576925
46.674879
0 -117.560524
46.678979
0 -117.555224
46.679979
0 -117.548023
46.68068
0 -117.542223
46.68028
0 -117.534022
46.67808
0 -117.527222
46.67738
0 -117.523221
46.67718
0 -117.512021
46.67818
0 -117.50632
46.68008
0 -117.50232
46.68168
0 -117.50102
46.68158
0 -117.498747
46.683453
0 -117.49717
46.687009
0 -117.49659
46.69006
0 -117.493021
46.693364
0 -117.487695
46.696332
0 -117.484082
46.69776
0 -117.478982
46.699726
0 -117.476813
46.700151
0 -117.475331
46.70033
0 -117.468145
46.70002
0 -117.465177
46.699775
0 -117.462756
46.698775
0 -117.459505
46.696725
0 -117.458188
46.695122
0 -117.454087
46.691433
0 -117.452916
46.688459
0 -117.452735
46.686131
0 -117.447793
46.673728
0 -117.444622
46.669526
0 -117.441012
46.665672
0 -117.435601
46.661901
0 -117.434461
46.6607
0 -117.429261
46.657543
0 -117.423037
46.655448
0 -117.420569
46.65506
0 -117.41264
46.655988
0 -117.410264
46.656575
0 -117.397589
46.655066
0 -117.392004
46.653714
0 -117.38775
46.65129
0 -117.38541
46.648847
0 -117.38504
46.647061
0 -117.385712
46.643081
0 -117.385812
46.636581
0 -117.388412
46.633381
0 -117.388812
46.628281
0 -117.388412
46.624881
0 -117.387812
46.622481
0 -117.385512
46.617881
0 -117.383512
46.615181
0 -117.381211
46.613981
0 -117.37741
46.611183
0 -117.371162
46.609111
0 -117.367265
46.606465
0 -117.362032
46.604192
0 -117.359353
46.602404
0 -117.356157
46.599426
0 -117.355282
46.597109
0 -117.353087
46.593813
0 -117.3526
46.591923
0 -117.3494
46.588042
0 -117.345892
46.585499
0 -117.342702
46.583776
0 -117.337964
46.582137
0 -117.326807
46.580781
0 -117.318307
46.581281
0 -117.316507
46.580881
0 -117.312806
46.580981
0 -117.309706
46.579781
0 -117.306206
46.579381
0 -117.296305
46.574781
0 -117.292205
46.571481
0 -117.289905
46.568381
0 -117.284714
46.562895
0 -117.280404
46.559881
0 -117.274304
46.557682
0 -117.270303
46.555382
0 -117.268103
46.554582
0 -117.264203
46.551582
0 -117.262403
46.551182
0 -117.259002
46.548982
0 -117.256802
46.546682
0 -117.253602
46.544782
0 -117.252602
46.542282
0 -117.251302
46.540682
0 -117.250115
46.53808
0 -117.249365
46.534964
0 -117.246754
46.531663
0 -117.245843
46.528716
0 -117.246028
46.52775
0 -117.244438
46.522186
0 -117.241887
46.519425
0 -117.240523
46.516591
0 -117.236013
46.509369
0 -117.234395
46.508016
0 -117.232541
46.505567
0 -117.23205
46.501663
0 -117.231259
46.500632
0 -117.231818
46.499881
0 -117.232077
46.497028
0 -117.233389
46.493031
0 -117.233915
46.490288
0 -117.235237
46.488971
0 -117.236946
46.484565
0 -117.238611
46.482146
0 -117.239687
46.476322
0 -117.238411
46.470534
0 -117.237872
46.470056
0 -117.236853
46.467827
0 -117.234319
46.465816
0 -117.233169
46.464095
0 -117.228896
46.462314
0 -117.226793
46.461475
0 -117.223107
46.46092
0 -117.217036
46.45814
0 -117.214089
46.456211
0 -117.209621
46.451961
0 -117.208328
46.450027
0 -117.205908
46.447929
0 -117.205834
46.446593
0 -117.208521
46.44356
0 -117.211153
46.439703
0 -117.212808
46.436122
0 -117.214581
46.433621
0 -117.21481
46.429609
0 -117.213
46.426669
0 -117.211028
46.424781
0 -117.20249
46.42081
0 -117.199044
46.419786
0 -117.196854
46.419713
0 -117.186028
46.420729
0 -117.180359
46.421844
0 -117.174415
46.42439
0 -117.168936
46.426398
0 -117.156458
46.429752
0 -117.150496
46.430526
0 -117.145798
46.430352
0 -117.141766
46.429705
0 -117.137417
46.428133
0 -117.133002
46.427566
0 -117.125994
46.424634
0 -117.121922
46.423471
0 -117.116342
46.421317
0 -117.111518
46.420708
0 -117.103509
46.420217
0 -117.095466
46.417704
0 -117.092491
46.417105
0 -117.088795
46.417189
0 -117.086702
46.417895
0 -117.085365
46.419012
0 -117.082748
46.419862
0 -117.076225
46.423002
0 -117.072523
46.425002
0 -117.069875
46.426301
0 -117.060793
46.429339
0 -117.057618
46.42997
0 -117.054107
46.430231
0 -117.051769
46.430018
0 -117.044135
46.427438
0 -117.039813
46.425425
0 -117.039795067018
46.4347100503454
0 -117.039757254729
46.4542878884718
0 -117.039752109271
46.4569520207253
0 -117.039741
46.462704
0 -117.039763
46.46957
0 -117.039771
46.471779
0 -117.039656676314
46.5417852467966
0 -117.039527679285
46.6207767332891
0 -117.039527622108
46.6208117455244
0 -117.039499416981
46.6380831894142
0 -117.03949253924
46.6422947820519
0 -117.039398
46.700186
0 -117.039406009211
46.7023327851107
0 -117.039466647821
46.7185863300968
0 -117.039480638017
46.7223362557408
0 -117.039518185723
46.7324005253489
0 -117.039518193853
46.7324027043434
0 -117.039533574176
46.7365252389899
0 -117.039828
46.815443
0 -117.039818485608
46.8160191493036
0 -117.039715897373
46.8222314368373
0 -117.039657
46.825798
0 -117.039657114583
46.8260085606178
0 -117.039676044538
46.8607948385102
0 -117.039682918098
46.87342590699
0 -117.039704130724
46.9124068921815
0 -117.039730626254
46.9610959081226
0 -117.039734025588
46.9673426294541
0 -117.039778427879
47.0489376687176
0 -117.039800888634
47.0902122562267
0 -117.039801425918
47.0911995843933
0 -117.039818774118
47.1230791795563
0 -117.039821051927
47.1272649526282
0 -117.039824700693
47.1339700409763
0 -117.03982663326
47.1375213860453
0 -117.039836
47.154734
0 -117.039871
47.181858
0 -117.039888
47.203282
0 -117.039899
47.225515
0 -117.039951525748
47.2402909305895
0 -117.040019
47.259272
0 -117.088631
47.259477
0 -117.17211
47.25958
0 -117.193109
47.259659
0 -117.21407
47.25969
0 -117.215009
47.25957
0 -117.21649
47.25963
0 -117.21927
47.25956
0 -117.220831
47.259661
0 -117.225582
47.259582
0 -117.326748
47.259774
0 -117.473284
47.259519
0 -117.488699
47.259522
0 -117.493424
47.259521
0 -117.563352
47.259723
0 -117.572984
47.259786
0 -117.66562
47.259758
0 -117.66727
47.25996
0 -117.67431
47.25999
0 -117.74921
47.259995
0 -117.81785
47.26033
0 -117.81811
47.26031
0 -117.823695
47.260378
0 -117.960143
47.260449
0 -117.96024
47.249881
0 -117.960697
47.244316
0 -117.960492
47.221085
0 -117.959725
47.13492
0 -117.959926
47.132332
0 -117.95984
47.122341
0 -117.960221
47.119441
0 -117.959674
47.072624
0 -117.959649
47.060984
0 -117.960123
47.017098
0 -117.960131
47.001106
0 -117.959756
46.999679
0 -117.959767
46.990465
0 -117.959498
46.987791
0 -117.959029
46.931258
0 -117.959012
46.929573
0 -117.958856
46.914878
0 -117.967357
46.914878
0 -117.970807
46.867254
0 -117.971989
46.866734
0 -117.976873
46.863297
0 -117.981047
46.862572
0 -117.9876
46.861853
0 -117.988229
46.861053
0 -117.98877
46.857414
0 -117.994489
46.852505
0 -117.998863
46.850167
0 -118.004431
46.848194
0 -118.004129
46.845755
0 -118.004835
46.843394
0 -118.003968
46.839448
0 -118.003275
46.838754
0 -117.997471
46.837816
0 -117.992395
46.838198
0 -117.99177
46.837749
0 -117.99349
46.835008
0 -117.992006
46.832167
0 -117.997264
46.829067
0 -117.998922
46.82602
0 -117.997884
46.823396
0 -117.997528
46.822509
0 -118.001797
46.820308
0 -118.003817
46.820011
0 -118.006616
46.81863
0 -118.007994
46.81679
0 -118.011525
46.814804
0 -118.012921
46.814607
0 -118.018263
46.815125
0 -118.019483
46.81435
0 -118.019951
46.812592
0 -118.018122
46.809047
0 -118.016529
46.803286
0 -118.017896
46.799516
0 -118.017438
46.796904
0 -118.015771
46.793824
0 -118.013955
46.793143
0 -118.012613
46.790485
0 -118.014944
46.788383
0 -118.014747
46.786143
0 -118.01569
46.784719
0 -118.020007
46.782854
0 -118.021912
46.783491
0 -118.024696
46.787221
0 -118.027024
46.788068
0 -118.029494
46.786667
0 -118.034713
46.785212
0 -118.03663
46.784225
0 -118.039674
46.779499
0 -118.041146
46.77602
0 -118.041705
46.774334
0 -118.041873
46.771157
0 -118.046731
46.768301
0 -118.049326
46.768461
0 -118.054149
46.769961
0 -118.070454
46.77242
0 -118.072879
46.773832
0 -118.072724
46.775822
0 -118.073978
46.776355
0 -118.077234
46.77613
0 -118.080788
46.775134
0 -118.083924
46.775019
0 -118.086553
46.776641
0 -118.09214
46.777569
0 -118.095008
46.778924
0 -118.098079
46.77587
0 -118.100372
46.772643
0 -118.102553
46.7725
0 -118.103907
46.77316
0 -118.106545
46.773184
0 -118.109572
46.771994
0 -118.111367
46.770325
0 -118.111964
46.768632
0 -118.115754
46.766551
0 -118.117084
46.764905
0 -118.126068
46.761321
0 -118.133161
46.76042
0 -118.138549
46.760079
0 -118.144271
46.760309
0 -118.147869
46.758761
0 -118.155933
46.759348
0 -118.15668
46.755999
0 -118.155019
46.753622
0 -118.157292
46.751073
0 -118.161837
46.746998
0 -118.163558
46.746542
0 -118.169654
46.746564
0 -118.179047
46.746899
0 -118.183842
46.747747
0 -118.189485
46.751329
0 -118.190275
46.751412
0 -118.193211
46.750391
0 -118.199669
46.746514
0 -118.202747
46.743426
0 -118.205075
46.740068
0 -118.209807
46.738938
0 -118.216268
46.737872
0 -118.220253
46.736765
0 -118.227239
46.736567
0 -118.230696
46.734461
0 -118.233497
46.733866
0 -118.23631
46.734789
0 -118.238126
46.737077
0 -118.240335
46.738017
0 -118.245505
46.734798
0 -118.249122
46.734138
0 