-104.607429
46.750009
0 -104.607058
46.745168
0 -104.607017
46.684926
0 -104.581907
46.684804
0 -104.580887
46.684946
0 -104.417782
46.684892
0 -104.417546
46.670472
0 -104.354375
46.670497
0 -104.353874
46.641446
0 -104.325395
46.641355
0 -104.249495
46.641567
0 -104.245917
46.641273
0 -104.240088
46.641565
0 -104.182713
46.641437
0 -104.177298
46.641613
0 -104.133233
46.641388
0 -104.129111
46.641574
0 -104.080941
46.641583
0 -104.079912
46.641515
0 -104.045270989713
46.6414430068147
0 -104.045271
46.641449
0 -104.045474
46.708738
0 -104.045572
46.713881
0 -104.04537
46.721332
0 -104.045403
46.722177
0 -104.045402
46.725423
0 -104.045771568096
46.8034596364857
0 -104.045901
46.83079
0 -104.045594168917
46.9189052205849
0 -104.04559362255
46.9190621252384
0 -104.045542
46.933887
0 -104.045535
46.934009
0 -104.045566
46.941231
0 -104.045369816209
46.9798103423211
0 -104.045076
47.037589
0 -104.045052
47.040863
0 -104.045195
47.053639
0 -104.045227
47.057502
0 -104.045259
47.063901
0 -104.045276752984
47.0666429951248
0 -104.045354
47.078574
0 -104.045018
47.081202
0 -104.045081
47.092813
0 -104.044788
47.12743
0 -104.045005848636
47.1537977533925
0 -104.045517
47.215666
0 -104.045159
47.263874
0 -104.045091
47.265953
0 -104.045057
47.266868
0 -104.045088
47.271406
0 -104.045155
47.27393
0 -104.045121
47.276969
0 -104.045306619979
47.330127855
0 -104.045313
47.331955
0 -104.045333
47.343452
0 -104.044863
47.375015
0 -104.045069
47.397461
0 -104.131113
47.397709
0 -104.131525
47.354148
0 -104.385155
47.353688
0 -104.38512
47.354453
0 -104.420263
47.354596
0 -104.421431
47.347623
0 -104.422632
47.344982
0 -104.426342
47.34142
0 -104.430876
47.33649
0 -104.43262
47.333236
0 -104.435891
47.330109
0 -104.438149
47.329013
0 -104.442763
47.327544
0 -104.447619
47.32452
0 -104.449023
47.322748
0 -104.451518
47.318417
0 -104.430157
47.318153
0 -104.430312
47.310947
0 -104.419698
47.310887
0 -104.419657
47.303665
0 -104.408688
47.303542
0 -104.408649
47.296312
0 -104.397799
47.296197
0 -104.39782
47.289007
0 -104.387174
47.288899
0 -104.386959
47.274366
0 -104.375032
47.274361
0 -104.375126
47.259904
0 -104.363362
47.25996
0 -104.363126
47.252708
0 -104.35258
47.252717
0 -104.352228
47.245533
0 -104.341603
47.245598
0 -104.341768
47.216647
0 -104.331148
47.216621
0 -104.331175
47.194988
0 -104.320619
47.194994
0 -104.320482
47.180611
0 -104.315949
47.180466
0 -104.316111
47.13686
0 -104.305673
47.136815
0 -104.305564
47.042311
0 -104.327336
47.042021
0 -104.32753
47.005806
0 -104.338121
47.005708
0 -104.338583
46.991166
0 -104.347452
46.991108
0 -104.349032
46.990773
0 -104.349589
46.976604
0 -104.35889
46.976736
0 -104.359084
46.962174
0 -104.369312
46.96223
0 -104.369228
46.947439
0 -104.380293
46.947466
0 -104.380317
46.940312
0 -104.390935
46.940247
0 -104.390927
46.936454
0 -104.390897
46.933045
0 -104.401397
46.933056
0 -104.401559
46.918605
0 -104.412243
46.91868
0 -104.412228
46.904147
0 -104.433286
46.904229
0 -104.433299
46.889712
0 -104.454447
46.889727
0 -104.454402
46.88256
0 -104.464937
46.882662
0 -104.465068
46.875375
0 -104.485919
46.875399
0 -104.485918
46.868093
0 -104.496485
46.868149
0 -104.496529
46.86091
0 -104.500504
46.860673
0 -104.52897
46.86074
0 -104.603766
46.86088
0 -104.603384
46.831913
0 -104.606852
46.831936
0 -104.607429
46.750009
0 