-98.953085
33.899334
0 -98.953088
33.834
0 -98.90391
33.834034
0 -98.839046
33.834076
0 -98.742358
33.834552
0 -98.707449
33.834691
0 -98.696987
33.834741
0 -98.668991
33.834869
0 -98.637646
33.835037
0 -98.606372
33.835157
0 -98.560919
33.835416
0 -98.5497
33.835473
0 -98.549308
33.835475
0 -98.537185
33.835536
0 -98.535796
33.835543
0 -98.525474
33.835594
0 -98.524833
33.835597
0 -98.51917
33.835649
0 -98.519052
33.835651
0 -98.518391
33.83566
0 -98.489198
33.835954
0 -98.423577
33.836047
0 -98.423003
33.836056
0 -98.42301
33.88229
0 -98.423005
33.911405
0 -98.423081
33.944405
0 -98.42308
33.944531
0 -98.423546
34.018645
0 -98.423533
34.082843
0 -98.42523
34.084799
0 -98.42914
34.085564
0 -98.433653
34.085348
0 -98.442808
34.083144
0 -98.445094
34.080061
0 -98.446379
34.07543
0 -98.449034
34.073462
0 -98.46408
34.073775
0 -98.475066
34.064269
0 -98.48204
34.06227
0 -98.486328
34.062598
0 -98.504182
34.072371
0 -98.5282
34.094961
0 -98.530611
34.099843
0 -98.536257
34.107343
0 -98.550917
34.119334
0 -98.55387
34.119542
0 -98.55682
34.121079
0 -98.558027
34.122856
0 -98.559557
34.123418
0 -98.560574
34.123567
0 -98.560977
34.124631
0 -98.560136
34.126926
0 -98.558593
34.128254
0 -98.556252
34.127727
0 -98.554324
34.126605
0 -98.551845
34.127131
0 -98.551046
34.127818
0 -98.550219
34.130132
0 -98.550522
34.132194
0 -98.551982
34.13295
0 -98.552836
34.133568
0 -98.560191
34.133202
0 -98.567215
34.138105
0 -98.572451
34.145091
0 -98.577136
34.148962
0 -98.58554
34.152328
0 -98.599789
34.160571
0 -98.603978
34.160249
0 -98.608853
34.157521
0 -98.6101579900004
34.1570987199696
0 -98.611829
34.156558
0 -98.616733
34.156418
0 -98.6186161579993
34.1567146174266
0 -98.621666
34.157195
0 -98.63573
34.161618
0 -98.643223
34.164531
0 -98.648073
34.164441
0 -98.650583
34.163113
0 -98.655655
34.158258
0 -98.677379
34.142537
0 -98.678693
34.142135
0 -98.68412
34.13879
0 -98.685627
34.136568
0 -98.690595
34.132972
0 -98.693405
34.13375
0 -98.696518
34.133521
0 -98.700182
34.135995
0 -98.703047
34.135903
0 -98.706132
34.134986
0 -98.70996
34.131549
0 -98.712467
34.13116
0 -98.71412
34.132144
0 -98.71423
34.133404
0 -98.714947
34.134847
0 -98.716104
34.135947
0 -98.717537
34.13645
0 -98.71922
34.13638
0 -98.722717
34.135281
0 -98.723626
34.135189
0 -98.725003
34.135463
0 -98.728502
34.135279
0 -98.73043
34.135917
0 -98.734287
34.135758
0 -98.735471
34.135208
0 -98.73682
34.133374
0 -98.737232
34.130992
0 -98.739461
34.127394
0 -98.741966
34.12553
0 -98.749291
34.124238
0 -98.7507600071388
34.1243129106403
0 -98.7537096045264
34.1244633225907
0 -98.757037
34.124633
0 -98.759653
34.126912
0 -98.759486
34.128882
0 -98.760558
34.132388
0 -98.761797
34.133785
0 -98.76557
34.136376
0 -98.779425
34.140232
0 -98.788405
34.146668
0 -98.792015
34.143736
0 -98.796203
34.142775
0 -98.799756
34.147883
0 -98.804413
34.153931
0 -98.80681
34.155901
0 -98.812954
34.158444
0 -98.815269
34.158101
0 -98.831115
34.162154
0 -98.832135
34.161787
0 -98.833346
34.159107
0 -98.83668
34.156495
0 -98.840676
34.157296
0 -98.842191
34.158051
0 -98.843542
34.158143
0 -98.844727
34.159082
0 -98.8469919765873
34.1597264813591
0 -98.847774
34.159949
0 -98.84966
34.159699
0 -98.851671
34.160294
0 -98.854184
34.161652
0 -98.855585
34.161621
0 -98.857322
34.161094
0 -98.8579
34.159627
0 -98.858419
34.152732
0 -98.860125
34.149913
0 -98.86255
34.149111
0 -98.868116
34.149635
0 -98.873271
34.153596
0 -98.874872
34.155657
0 -98.874955
34.157031
0 -98.872229
34.160446
0 -98.871211
34.163012
0 -98.871543
34.165027
0 -98.872922
34.166584
0 -98.874849
34.167522
0 -98.876291
34.167593
0 -98.881326
34.16735
0 -98.886037
34.167916
0 -98.888958
34.169406
0 -98.892146
34.172345
0 -98.909349
34.177499
0 -98.918333
34.181831
0 -98.920704
34.183435
0 -98.923129
34.185978
0 -98.9234311062024
34.1863394522324
0 -98.927456
34.191155
0 -98.928145
34.192689
0 -98.94022
34.203686
0 -98.950396
34.21168
0 -98.9523575349127
34.2125787665873
0 -98.95306
34.051114
0 -98.952737
34.049501
0 -98.952753
34.047053
0 -98.95273
34.044588
0 -98.952828
34.038464
0 -98.952723
34.036859
0 -98.95287
34.035802
0 -98.953064
34.033697
0 -98.953085
33.899334
0 