-75.920335
38.264376
0 -75.917024
38.263246
0 -75.915539
38.262122
0 -75.9135983190038
38.2607483411044
0 -75.912599
38.260041
0 -75.911143
38.257951
0 -75.909214
38.255838
0 -75.908272
38.252045
0 -75.9077578415805
38.2506312878937
0 -75.907122
38.248883
0 -75.907882
38.247469
0 -75.907392
38.245876
0 -75.905758
38.243041
0 -75.906468
38.241804
0 -75.904043
38.239941
0 -75.902154
38.236256
0 -75.89971
38.232842
0 -75.895689
38.228561
0 -75.891429
38.22756
0 -75.889004
38.22863
0 -75.886692
38.229399
0 -75.883833
38.229006
0 -75.886756
38.231815
0 -75.887993
38.23547
0 -75.889133
38.236575
0 -75.889356
38.2395
0 -75.888513
38.241423
0 -75.883435
38.244445
0 -75.881052
38.247869
0 -75.8811101224369
38.2480124199075
0 -75.881884
38.249922
0 -75.8814458405407
38.2505610703171
0 -75.88022
38.252349
0 -75.8800165481872
38.2524874499573
0 -75.876655
38.254775
0 -75.8765341370161
38.2547664032447
0 -75.8753511865121
38.2546822622146
0 -75.8751949115173
38.2546711466701
0 -75.87404
38.254589
0 -75.871663
38.253096
0 -75.87
38.251696
0 -75.87
38.2509060268456
0 -75.87
38.250016
0 -75.871426
38.248709
0 -75.8720297125638
38.2477604125501
0 -75.873089
38.246096
0 -75.8730088212007
38.2456341880331
0 -75.872731
38.244034
0 -75.869625
38.2436
0 -75.867266
38.244883
0 -75.86382
38.247403
0 -75.856333
38.247403
0 -75.851579
38.247963
0 -75.8489293007558
38.2521243923505
0 -75.845637
38.257295
0 -75.8429795672988
38.2573166638535
0 -75.8429288230183
38.2573170775297
0 -75.834229
38.257388
0 -75.8318126936184
38.2580205578346
0 -75.826742
38.259348
0 -75.824722
38.260934
0 -75.821869
38.261867
0 -75.818898
38.261028
0 -75.816046
38.260281
0 -75.813907
38.257668
0 -75.810936
38.256362
0 -75.804757
38.255429
0 -75.8034063485104
38.2560853863209
0 -75.802261
38.256642
0 -75.8013719513268
38.255889905103
0 -75.799218
38.258824
0 -75.798945
38.259376
0 -75.797024
38.26342
0 -75.796255
38.26577
0 -75.79422
38.266525
0 -75.791078
38.267085
0 -75.784253
38.267216
0 -75.781225
38.267519
0 -75.779007
38.268321
0 -75.775938
38.270098
0 -75.772276
38.273538
0 -75.770989
38.276525
0 -75.770069
38.283954
0 -75.769175
38.284978
0 -75.763324
38.285967
0 -75.758027
38.285785
0 -75.75295
38.285133
0 -75.752342
38.284788
0 -75.752172
38.283884
0 -75.753201
38.281443
0 -75.750311
38.280904
0 -75.749182
38.281667
0 -75.749867
38.284314
0 -75.748969
38.284713
0 -75.747647
38.283553
0 -75.745937
38.280426
0 -75.741649
38.279155
0 -75.740411
38.279359
0 -75.73749
38.2819
0 -75.734516
38.283038
0 -75.731134
38.281014
0 -75.728455
38.280952
0 -75.727931
38.279756
0 -75.729164
38.277231
0 -75.728815
38.275892
0 -75.727427
38.275409
0 -75.723802
38.276116
0 -75.723065
38.274694
0 -75.723822
38.271594
0 -75.72081
38.267139
0 -75.719226
38.265952
0 -75.718173
38.265882
0 -75.714566
38.267097
0 -75.712498
38.265999
0 -75.711177
38.264646
0 -75.709354
38.264935
0 -75.706545
38.26629
0 -75.704643
38.266369
0 -75.702757
38.265497
0 -75.699447
38.264907
0 -75.694432
38.266904
0 -75.693576
38.268782
0 -75.696405
38.270675
0 -75.695691
38.271905
0 -75.696404
38.274194
0 -75.693143
38.277189
0 -75.693358
38.278564
0 -75.690539
38.280867
0 -75.691015
38.282032
0 -75.68896
38.283223
0 -75.687854
38.284308
0 -75.687826
38.285096
0 -75.686036
38.285788
0 -75.685946
38.286372
0 -75.68686
38.287867
0 -75.687721
38.28855
0 -75.687226
38.289947
0 -75.686312
38.29081
0 -75.685253
38.29098
0 -75.682604
38.29265
0 -75.681454
38.292985
0 -75.676722
38.293644
0 -75.673252
38.293616
0 -75.669758
38.296138
0 -75.667316
38.296588
0 -75.664046
38.298609
0 -75.662679
38.298845
0 -75.658755
38.296663
0 -75.657132
38.295333
0 -75.653967
38.294189
0 -75.652318
38.294248
0 -75.650689
38.294337
0 -75.646796
38.290781
0 -75.644375
38.289368
0 -75.644149
38.28928
0 -75.63769
38.289359
0 -75.635275
38.288536
0 -75.633088
38.288985
0 -75.629819
38.285719
0 -75.628028
38.285202
0 -75.62649
38.282553
0 -75.626018
38.282186
0 -75.61773
38.280147
0 -75.612764
38.278626
0 -75.584548
38.279876
0 -75.570945
38.280737
0 -75.568383
38.280743
0 -75.527288
38.282643
0 -75.51559
38.283232
0 -75.512452
38.283244
0 -75.499642
38.283838
0 -75.495412
38.283815
0 -75.45652
38.286199
0 -75.450292
38.286439
0 -75.449078
38.28648
0 -75.372587
38.28971
0 -75.364641
38.290359
0 -75.364252
38.291965
0 -75.360875
38.298345
0 -75.360081
38.300856
0 -75.356276
38.313164
0 -75.355454
38.314521
0 -75.353419
38.315917
0 -75.346084
38.319375
0 -75.344369
38.319162
0 -75.340959
38.320206
0 -75.339363
38.321987
0 -75.339429
38.324649
0 -75.333681
38.32962
0 -75.333222
38.330528
0 -75.330675
38.331916
0 -75.329085
38.33073
0 -75.326822
38.330389
0 -75.323205
38.331897
0 -75.318812
38.338418
0 -75.317735
38.341812
0 -75.316347
38.343629
0 -75.317387
38.345747
0 -75.314667
38.346227
0 -75.313473
38.347876
0 -75.309884
38.349281
0 -75.309984
38.350614
0 -75.307011
38.35476
0 -75.307421
38.357005
0 -75.310261
38.356987
0 -75.312233
38.359034
0 -75.313958
38.35981
0 -75.313865
38.361737
0 -75.316115
38.365163
0 -75.316292
38.369282
0 -75.319224
38.37123
0 -75.321639
38.370866
0 -75.323079
38.373135
0 -75.325607
38.374703
0 -75.32663
38.376131
0 -75.326672
38.378248
0 -75.329157
38.380414
0 -75.329748
38.3821
0 -75.326616
38.384915
0 -75.325227
38.385934
0 -75.323112
38.390879
0 -75.321028
38.393858
0 -75.319416
38.394242
0 -75.319182
38.398002
0 -75.317808
38.402324
0 -75.317104
38.404243
0 -75.318634
38.407676
0 -75.319915
38.412613
0 -75.32343
38.418492
0 -75.325827
38.420515
0 -75.326895
38.42177
0 -75.330402
38.424232
0 -75.331957
38.427093
0 -75.331972
38.429268
0 -75.334086
38.435071
0 -75.33667
38.436381
0 -75.336351
38.440127
0 -75.335792
38.442286
0 -75.338428
38.446755
0 -75.340799
38.448907
0 -75.3412467796356
38.4519699809724
0 -75.34125
38.45197
0 -75.355797
38.452008
0 -75.371054
38.452107
0 -75.3710559344807
38.4521070006016
0 -75.393563
38.452114
0 -75.394786
38.45216
0 -75.410884
38.4524
0 -75.424831
38.45261
0 -75.4286445231477
38.4526696933313
0 -75.428728
38.452671
0 -75.4440966428951
38.4529843347526
0 -75.4775393306164
38.453666161792
0 -75.47915
38.453699
0 -75.500142
38.454144
0 -75.502961
38.45422
0 -75.521304
38.454657
0 -75.52273
38.454657
0 -75.533763
38.454958
0 -75.536361862524
38.455019782853
0 -75.5395030841749
38.4550944592293
0 -75.5432353521602
38.4551831865715
0 -75.5479498333529
38.4552952641038
0 -75.5553392853174
38.4554709338134
0 -75.5553433834177
38.4554710312377
0 -75.5579833998249
38.4555337924435
0 -75.5581387254341
38.4555374850048
0 -75.5583959644018
38.4555436003561
0 -75.559212
38.455563
0 -75.559934
38.455579
0 -75.5599750858953
38.4555801940878
0 -75.5631781857331
38.4556732864364
0 -75.5641119031122
38.4557004232564
0 -75.5643518721938
38.4557073975271
0 -75.57411
38.455991
0 -75.5742232244022
38.4559961655427
0 -75.5818921967528
38.4563460406905
0 -75.582530883268
38.4563751789543
0 -75.5830567276075
38.4563991691133
0 -75.583601
38.456424
0 -75.589307
38.456286
0 -75.593082
38.456404
0 -75.5979382535903
38.4568431759313
0 -75.598069
38.456855
0 -75.630457
38.457904
0 -75.6480799930221
38.4583692522397
0 -75.662843
38.458759
0 -75.665585
38.4589
0 -75.6916522875818
38.4599952251859
0 -75.69367
38.46008
0 -75.696369
38.492373
0 -75.696688
38.496467
0 -75.6966881116178
38.4964683643132
0 -75.6979007507768
38.5112905415682
0 -75.698777
38.522001
0 -75.6987790001605
38.5220305544398
0 -75.7001723474568
38.5426187017946
0 -75.700179
38.542717
0 -75.7015648351265
38.5607338565263
0 -75.701565
38.560736
0 -75.706083
38.560544
0 -75.70734
38.559524
0 -75.711893
38.550876
0 -75.716854
38.547432
0 -75.718793
38.546184
0 -75.72449
38.54123
0 -75.726745
38.540006
0 -75.732166
38.538017
0 -75.737763
38.537649
0 -75.740586
38.538364
0 -75.74489
38.537775
0 -75.74695
38.536237
0 -75.749655
38.531688
0 -75.751292
38.531125
0 -75.753337
38.528737
0 -75.754121
38.525675
0 -75.754766
38.520739
0 -75.756022
38.515316
0 -75.757059
38.513363
0 -75.759754
38.510122
0 -75.764994
38.506479
0 -75.771772
38.504719
0 -75.782064
38.501596
0 -75.784972
38.500115
0 -75.792229
38.494184
0 -75.79466
38.492373
0 -75.800496
38.49102
0 -75.807773
38.489962
0 -75.815193
38.488794
0 -75.818022
38.48675
0 -75.821086
38.483662
0 -75.823706
38.481022
0 -75.824765
38.479095
0 -75.822902
38.47601
0 -75.818709
38.472332
0 -75.815772
38.469373
0 -75.814901
38.466459
0 -75.81669
38.463307
0 -75.821994
38.460959
0 -75.828492
38.459614
0 -75.83316
38.45762
0 -75.835728
38.45329
0 -75.836743
38.448088
0 -75.836104
38.445631
0 -75.833127
38.443443
0 -75.826639
38.442231
0 -75.821342
38.439261
0 -75.819829
38.435886
0 -75.821287
38.430135
0 -75.82496
38.425372
0 -75.828869
38.423417
0 -75.843343
38.422745
0 -75.845573
38.421868
0 -75.847281
38.417287
0 -75.850952
38.404536
0 -75.851258
38.400348
0 -75.846741
38.397058
0 -75.842399
38.393082
0 -75.8393
38.388771
0 -75.838369
38.387476
0 -75.838282
38.385878
0 -75.840348
38.384784
0 -75.844055
38.384543
0 -75.846202
38.384405
0 -75.85529
38.385345
0 -75.860851
38.383577
0 -75.8647334939071
38.3797226764125
0 -75.863939
38.377854
0 -75.862869
38.376271
0 -75.856452
38.372264
0 -75.853124
38.368538
0 -75.850272
38.366394
0 -75.849321
38.364997
0 -75.851936
38.361363
0 -75.853719
38.357356
0 -75.855382
38.353069
0 -75.856333
38.349527
0 -75.8618
38.34757
0 -75.865325
38.344908
0 -75.87
38.342351
0 -75.872746
38.338851
0 -75.875667
38.332716
0 -75.872258
38.332563
0 -75.871307
38.331258
0 -75.872495
38.329021
0 -75.875466
38.327622
0 -75.8782
38.327343
0 -75.8795092095964
38.3280212272648
0 -75.880694
38.328635
0 -75.882478
38.329114
0 -75.8870477152792
38.3209818294129
0 -75.8891924381458
38.3171651250566
0 -75.8922051674942
38.3118037343577
0 -75.892223
38.311772
0 -75.8925482133939
38.3107514084478
0 -75.8927606121189
38.310084854276
0 -75.893055
38.309161
0 -75.893089491535
38.3091252589555
0 -75.898493
38.303526
0 -75.8989928309608
38.3023979661922
0 -75.899591
38.301048
0 -75.903156
38.297877
0 -75.9032582530904
38.297721190588
0 -75.905176
38.294799
0 -75.908266
38.292281
0 -75.904463
38.289296
0 -75.902324
38.28855
0 -75.901373
38.286031
0 -75.90153999559
38.2856510815215
0 -75.902511782893
38.2834402449742
0 -75.902562
38.283326
0 -75.9041173854619
38.2808830253599
0 -75.904225
38.280714
0 -75.906127
38.277169
0 -75.907672
38.272597
0 -75.91504
38.266439
0 -75.920335
38.264376
0 