-96.791089
46.625494
0 -96.790285
46.624401
0 -96.787646
46.623886
0 -96.783906
46.626314
0 -96.778416
46.627047
0 -96.778687
46.624442
0 -96.783194
46.623509
0 -96.787224
46.62128
0 -96.787022
46.619205
0 -96.785016
46.619169
0 -96.782774
46.620128
0 -96.780929
46.619761
0 -96.777621
46.620324
0 -96.775532
46.621201
0 -96.774796
46.618074
0 -96.776243
46.616852
0 -96.779359
46.61733
0 -96.781482
46.616721
0 -96.780129
46.614488
0 -96.777021
46.613944
0 -96.775259
46.615169
0 -96.772908
46.616421
0 -96.771233
46.615691
0 -96.771123
46.614305
0 -96.773493
46.614149
0 -96.774094
46.613288
0 -96.774518
46.61112
0 -96.772444
46.609428
0 -96.775194
46.608379
0 -96.778482
46.607883
0 -96.77857
46.606702
0 -96.776445
46.605427
0 -96.772088
46.606315
0 -96.768724
46.606682
0 -96.768509
46.605362
0 -96.772476
46.603716
0 -96.770102
46.602308
0 -96.772208
46.601118
0 -96.772446
46.600129
0 -96.771849
46.596938
0 -96.770507
46.595485
0 -96.76936
46.597958
0 -96.767416
46.598871
0 -96.765301
46.597684
0 -96.763964
46.594681
0 -96.7618
46.594077
0 -96.7575
46.595466
0 -96.755398
46.594803
0 -96.755821
46.592761
0 -96.757475
46.591523
0 -96.76002
46.591811
0 -96.762567
46.591755
0 -96.762702
46.589543
0 -96.759699
46.587567
0 -96.756873
46.586857
0 -96.753035
46.588393
0 -96.75189
46.58759
0 -96.751804
46.58654
0 -96.751571
46.584615
0 -96.75367
46.58422
0 -96.75491
46.583162
0 -96.752746
46.58277
0 -96.751217
46.583044
0 -96.751354
46.582139
0 -96.752098
46.580842
0 -96.752711
46.579392
0 -96.753847
46.578265
0 -96.755695
46.578015
0 -96.757478
46.577972
0 -96.756482
46.576596
0 -96.75651
46.575055
0 -96.755738
46.574301
0 -96.75416
46.575701
0 -96.752309
46.576339
0 -96.749155
46.576233
0 -96.746863
46.575731
0 -96.746119
46.574422
0 -96.747014
46.573434
0 -96.750537
46.57363
0 -96.752411
46.572957
0 -96.752883
46.571946
0 -96.752633
46.571186
0 -96.751013
46.570903
0 -96.747385
46.571455
0 -96.745197
46.570664
0 -96.745903
46.569047
0 -96.747451
46.567667
0 -96.745829
46.56712
0 -96.74384
46.567162
0 -96.7432512927525
46.5655472855677
0 -96.743179
46.565349
0 -96.741887
46.56423
0 -96.742484
46.56344
0 -96.745227
46.565252
0 -96.7459900373637
46.5648319192148
0 -96.746157
46.56474
0 -96.746823
46.562548
0 -96.750615
46.562831
0 -96.752386
46.562297
0 -96.750846
46.561134
0 -96.74753
46.559995
0 -96.746734
46.559097
0 -96.748064
46.558397
0 -96.751606
46.558265
0 -96.753592
46.557865
0 -96.75437
46.556712
0 -96.752109
46.555571
0 -96.747287
46.55631
0 -96.745887
46.555898
0 -96.746593
46.554232
0 -96.749231
46.549656
0 -96.748458
46.54938
0 -96.746267
46.550557
0 -96.744888
46.550489
0 -96.740871
46.547525
0 -96.740518
46.546052
0 -96.741719
46.545313
0 -96.743005
46.547008
0 -96.744491
46.54826
0 -96.746172
46.547576
0 -96.747836
46.545766
0 -96.750011
46.544962
0 -96.750229
46.543952
0 -96.745564
46.543026
0 -96.742812
46.543609
0 -96.741456
46.543213
0 -96.7411887616208
46.5428322603766
0 -96.741011
46.542579
0 -96.740826
46.540799
0 -96.742103
46.54075
0 -96.743157
46.540266
0 -96.742537
46.539518
0 -96.741898
46.538735
0 -96.741742
46.537835
0 -96.739962
46.537025
0 -96.739167
46.536632
0 -96.738395
46.535915
0 -96.738052
46.53458
0 -96.741944
46.535373
0 -96.74514
46.535436
0 -96.746102
46.534635
0 -96.743368
46.533738
0 -96.74271
46.532128
0 -96.74202
46.529036
0 -96.743605
46.526335
0 -96.745435
46.525186
0 -96.742444
46.524778
0 -96.738475
46.525793
0 -96.736741
46.52413
0 -96.737436
46.521948
0 -96.744593
46.52067
0 -96.743791
46.519304
0 -96.739825
46.519903
0 -96.737408
46.517636
0 -96.738014
46.515659
0 -96.736147
46.513478
0 -96.734486
46.511189
0 -96.73954
46.51157
0 -96.739605
46.51011
0 -96.73733
46.508113
0 -96.734843
46.507322
0 -96.733297
46.503878
0 -96.735888
46.504973
0 -96.742343
46.500186
0 -96.741432
46.499258
0 -96.738681
46.501309
0 -96.736715
46.501062
0 -96.7382202254789
46.498683855656
0 -96.738598
46.498087
0 -96.735842
46.497772
0 -96.733612
46.497224
0 -96.73478
46.495482
0 -96.733175
46.492826
0 -96.736631
46.492099
0 -96.73415
46.488591
0 -96.738461
46.488105
0 -96.739676
46.486855
0 -96.738074
46.485287
0 -96.735505
46.484914
0 -96.733329
46.484021
0 -96.732685
46.482537
0 -96.73627
46.48138
0 -96.738727
46.479509
0 -96.738092
46.477812
0 -96.735549
46.477731
0 -96.732642
46.478341
0 -96.730305
46.478586
0 -96.729161
46.476893
0 -96.726914
46.476432
0 -96.726718
46.474121
0 -96.726936
46.472035
0 -96.722745
46.471198
0 -96.720234
46.473201
0 -96.717438
46.472792
0 -96.715458
46.472572
0 -96.714218
46.470991
0 -96.716982
46.470709
0 -96.720381
46.470172
0 -96.723055
46.468265
0 -96.721468
46.465226
0 -96.718656
46.467763
0 -96.716597
46.466543
0 -96.713019
46.466348
0 -96.713545
46.465117
0 -96.717317
46.463375
0 -96.718729
46.462075
0 -96.717084
46.461226
0 -96.71451
46.461035
0 -96.711718
46.459985
0 -96.712301
46.458255
0 -96.7123757439166
46.456613402128
0 -96.7123886515021
46.4563299133062
0 -96.712436
46.45529
0 -96.714332
46.455034
0 -96.716631
46.455964
0 -96.717587
46.454401
0 -96.717161
46.453133
0 -96.713932
46.452454
0 -96.712962
46.450545
0 -96.714217
46.449584
0 -96.720929
46.449498
0 -96.7212826421502
46.4488960353563
0 -96.721661
46.448252
0 -96.719952862472
46.4467559133537
0 -96.719768
46.446594
0 -96.717346
46.446171
0 -96.7167878893443
46.4463331138364
0 -96.715363
46.446747
0 -96.713722
46.446619
0 -96.713755
46.445724
0 -96.716438
46.444567
0 -96.712255
46.4415
0 -96.717967
46.442021
0 -96.721897
46.440077
0 -96.718647
46.439974
0 -96.71745
46.438583
0 -96.715627
46.437327
0 -96.712966
46.437816
0 -96.71177
46.436153
0 -96.709095
46.435294
0 -96.704603
46.438178
0 -96.703288
46.436472
0 -96.704476
46.4338
0 -96.707215
46.431843
0 -96.707522
46.429553
0 -96.705709
46.428814
0 -96.702489
46.43027
0 -96.700816
46.429925
0 -96.701645
46.428607
0 -96.70104
46.427231
0 -96.698855
46.426383
0 -96.7020371014783
46.425106442229
0 -96.702108
46.425078
0 -96.702314
46.422685
0 -96.704695
46.419404
0 -96.704679
46.4182
0 -96.703155
46.417487
0 -96.699551
46.419282
0 -96.696869
46.420011
0 -96.693465
46.422105
0 -96.692693
46.421296
0 -96.692945
46.418997
0 -96.691957
46.416568
0 -96.693631
46.415485
0 -96.696869
46.416859
0 -96.699902
46.417085
0 -96.701853
46.415893
0 -96.700834
46.414448
0 -96.69766
46.412608
0 -96.693146
46.413824
0 -96.687088
46.414572
0 -96.685134
46.413928
0 -96.685202
46.412171
0 -96.688318
46.410948
0 -96.689907
46.409494
0 -96.687789
46.405601
0 -96.684807
46.406467
0 -96.682008
46.40784
0 -96.680687
46.407383
0 -96.678507
46.404823
0 -96.676337
46.400059
0 -96.672585
46.395484
0 -96.672996
46.393538
0 -96.675199
46.391839
0 -96.673801
46.390536
0 -96.670003
46.391412
0 -96.667588
46.391046
0 -96.669132
46.390037
0 -96.670923
46.389839
0 -96.669335
46.388387
0 -96.668129
46.387188
0 -96.669794
46.384644
0 -96.66689
46.380063
0 -96.667473
46.376548
0 -96.666028
46.374566
0 -96.657973
46.374502
0 -96.657689
46.373631
0 -96.660347
46.371775
0 -96.658009
46.370512
0 -96.6567401213911
46.3695411221536
0 -96.6566818100149
46.3694965054164
0 -96.65654
46.369388
0 -96.655206
46.365964
0 -96.650718
46.363655
0 -96.646532
46.36251
0 -96.643756
46.362347
0 -96.643694
46.360695
0 -96.64768
46.35904
0 -96.648223
46.356873
0 -96.645372
46.350847
0 -96.642666
46.350022
0 -96.640267
46.351585
0 -96.635443
46.352789
0 -96.633247
46.352749
0 -96.631586
46.353752
0 -96.629287
46.354247
0 -96.629211
46.352654
0 -96.629378
46.350529
0 -96.628522
46.349569
0 -96.62079
46.347607
0 -96.61712
46.347631
0 -96.616202
46.345895
0 -96.618147
46.344295
0 -96.620454
46.341346
0 -96.619991
46.340135
0 -96.616473
46.339404
0 -96.614676
46.337418
0 -96.610958
46.336793
0 -96.608777
46.335079
0 -96.608075
46.332576
0 -96.605332
46.33102
0 -96.601048
46.331139
0 -96.599761
46.330386
0 -96.599893
46.329265
0 -96.605071
46.327664
0 -96.605997
46.326904
0 -96.6057052344305
46.3262783389188
0 -96.605533
46.325909
0 -96.600623
46.327003
0 -96.599907
46.325259
0 -96.60104
46.319554
0 -96.600307
46.318696
0 -96.596999
46.31759
0 -96.597136
46.315902
0 -96.598399
46.314482
0 -96.598233
46.312563
0 -96.600255
46.308873
0 -96.599971
46.306105
0 -96.60136
46.30413
0 -96.603453
46.302873
0 -96.602618
46.301288
0 -96.6014431497822
46.3008466806252
0 -96.60027
46.300406
0 -96.597377
46.298536
0 -96.597802
46.297005
0 -96.605143
46.294663
0 -96.605486
46.293249
0 -96.60204
46.292498
0 -96.596968
46.291838
0 -96.596077
46.290536
0 -96.5960794942403
46.2900523945262
0 -96.5960807309125
46.2898126175233
0 -96.5960827555317
46.2894200663609
0 -96.596086
46.288791
0 -96.601555
46.287338
0 -96.601765
46.286019
0 -96.5968646184045
46.2865341344534
0 -96.596571
46.286565
0 -96.594849
46.286275
0 -96.594903776392
46.2861937147001
0 -96.59569
46.285027
0 -96.599101
46.283008
0 -96.5993654840732
46.2825350524958
0 -96.600371
46.280737
0 -96.598701
46.279601
0 -96.596589634974
46.2776748424324
0 -96.595509
46.276689
0 -96.595014
46.275135
0 -96.595424
46.273498
0 -96.597316
46.272731
0 -96.595917
46.271529
0 -96.5973244914917
46.2702643336037
0 -96.597612
46.270006
0 -96.596822
46.267913
0 -96.5988533106215
46.2641355693872
0 -96.5990556839894
46.2637592353362
0 -96.599087
46.263701
0 -96.599729
46.262123
0 -96.600415
46.261852
0 -96.598164
46.261112
0 -96.594534
46.259316
0 -96.5934056049663
46.2579212243205
0 -96.59317
46.25763
0 -96.592853
46.255785
0 -96.593712
46.254959
0 -96.595169
46.253902
0 -96.594242
46.252278
0 -96.59247
46.250757
0 -96.591056
46.24966
0 -96.588723
46.249565
0 -96.585655
46.250441
0 -96.585258319071
46.2503772398284
0 -96.583857
46.250152
0 -96.5846698351575
46.2484897215962
0 -96.585056
46.2477
0 -96.586952
46.246626
0 -96.590589
46.245125
0 -96.59144267435
46.2452875473022
0 -96.592716
46.24553
0 -96.594234
46.245329
0 -96.595234
46.244065
0 -96.598119
46.243112
0 -96.598645
46.241626
0 -96.598216797279
46.2395026442392
0 -96.597966
46.238259
0 -96.599032
46.235931
0 -96.5985984914168
46.2351211102729
0 -96.59693
46.232004
0 -96.5970478881179
46.2311919029813
0 -96.59755
46.227733
0 -96.594681
46.223112
0 -96.59567
46.21985
0 -96.591652
46.218183
0 -96.592792
46.213914
0 -96.588517
46.2129
0 -96.591025
46.208602
0 -96.586744
46.209912
0 -96.583842
46.208375
0 -96.584265
46.207382
0 -96.585838
46.207198
0 -96.587467
46.207028
0 -96.589027
46.204766
0 -96.5873
46.204163
0 -96.584899
46.204383
0 -96.584372
46.204155
0 -96.587342
46.201696
0 -96.583582
46.201047
0 -96.584272
46.198053
0 -96.584929
46.197231
0 -96.589635
46.196879
0 -96.5908828401632
46.195929316336
0 -96.5910608509794
46.1957938390776
0 -96.591217
46.195675
0 -96.587694
46.195262
0 -96.585055
46.194517
0 -96.587708
46.193694
0 -96.587724
46.191838
0 -96.590528
46.190191
0 -96.588579
46.189689
0 -96.587302
46.188342
0 -96.588567
46.187606
0 -96.589585
46.18678
0 -96.587428
46.185801
0 -96.591572
46.184682
0 -96.589551
46.183673
0 -96.587217
46.182749
0 -96.586299
46.181649
0 -96.587408
46.181221
0 -96.588977
46.181528
0 -96.588503
46.17928
0 -96.59176
46.178405
0 -96.591847
46.176948
0 -96.592682
46.175211
0 -96.591059
46.174544
0 -96.588087
46.176417
0 -96.586247
46.175466
0 -96.586007
46.176851
0 -96.584495
46.177123
0 -96.579926
46.177229
0 -96.579683
46.176361
0 -96.583324
46.174154
0 -96.581617
46.173932
0 -96.579851
46.173487
0 -96.580147
46.171719
0 -96.583476
46.171149
0 -96.583179
46.169838
0 -96.580917
46.169748
0 -96.57862
46.168135
0 -96.580657
46.167075
0 -96.577688
46.166445
0 -96.577715
46.162797
0 -96.57994
46.161292
0 -96.578002
46.160674
0 -96.576265
46.159582
0 -96.578114
46.156746
0 -96.578349
46.153186
0 -96.5791785801934
46.1523995305791
0 -96.580408
46.151234
0 -96.579453
46.147601
0 -96.577381
46.144951
0 -96.574784
46.143146
0 -96.571088
46.136817
0 -96.571595
46.13475
0 -96.56926
46.133686
0 -96.568632
46.132303
0 -96.571047
46.131401
0 -96.569171
46.130346
0 -96.569695
46.126153
0 -96.571439
46.12572
0 -96.571999
46.124567
0 -96.570023
46.123756
0 -96.568399
46.123294
0 -96.567308
46.119807
0 -96.565716
46.119407
0 -96.563043
46.119512
0 -96.560268
46.116614
0 -96.562811
46.11625
0 -96.56692
46.11475
0 -96.565723
46.111963
0 -96.563129
46.110055
0 -96.5631523281496
46.1090103046038
0 -96.5631616294429
46.1085937684244
0 -96.563175
46.107995
0 -96.559167
46.105024
0 -96.557952
46.102442
0 -96.558752
46.100748
0 -96.556672
46.097232
0 -96.556491
46.09151
0 -96.557206
46.089531
0 -96.556345
46.08688
0 -96.554507
46.083978
0 -96.5558046267215
46.0796727648785
0 -96.555964
46.079144
0 -96.557292
46.077627
0 -96.556861
46.076168
0 -96.556415
46.075032
0 -96.558088
46.072096
0 -96.558055
46.071159
0 -96.556611
46.06892
0 -96.556907
46.06483
0 -96.558486
46.0632
0 -96.557968
46.061888
0 -96.559271
46.058272
0 -96.560945
46.055415
0 -96.566295
46.051416
0 -96.573644
46.037911
0 -96.57794
46.026874
0 -96.577315
46.02356
0 -96.5765693887837
46.0218456562824
0 -96.53467
46.02194
0 -96.40858
46.02158
0 -96.38967
46.02156
0 -96.30767
46.02165
0 -96.28694
46.02163
0 -96.26614
46.02161
0 -96.265366
46.10861
0 -96.265178
46.123076
0 -96.265415
46.124959
0 -96.265289
46.194867
0 -96.26529
46.19507
0 -96.265334
46.209436
0 -96.265376
46.224091
0 -96.265393
46.238566
0 -96.265396
46.244675
0 -96.26483
46.249904
0 -96.264647
46.282196
0 -96.27557
46.282262
0 -96.276708
46.282196
0 -96.28
46.28222
0 -96.27988
46.29675
0 -96.280252
46.311389
0 -96.280478
46.34771
0 -96.280487
46.367899
0 -96.280448
46.369441
0 -96.28047
46.36994
0 -96.280563
46.376961
0 -96.280603
46.381512
0 -96.28068
46.45711
0 -96.28071
46.4717
0 -96.28075
46.481284
0 -96.28077
46.483144
0 -96.281027
46.5385
0 -96.28105
46.54436
0 -96.28114
46.55886
0 -96.28119
46.57323
0 -96.28117
46.58778
0 -96.281223
46.627283
0 -96.280977
46.630765
0 -96.282461
46.630844
0 -96.298778
46.630806
0 -96.327446
46.630775
0 -96.361884
46.630766
0 -96.367151
46.630732
0 -96.404351
46.630749
0 -96.411731
46.630735
0 -96.420078
46.630748
0 -96.5302
46.630564
0 -96.546688
46.630527
0 -96.655742
46.630469
0 -96.673331
46.630474
0 -96.740427
46.630345
0 -96.754008
46.630312
0 -96.761649
46.630301
0 -96.781132
46.630276
0 -96.784381
46.630504
0 -96.7850262195814
46.6303374671911
0 -96.784792
46.62943
0 -96.78572
46.627422
0 -96.789498
46.62672
0 -96.791089
46.625494
0 