-81.541917
36.119396
0 -81.545455
36.117398
0 -81.522195
36.102714
0 -81.520137
36.102324
0 -81.519658
36.099966
0 -81.517458
36.099415
0 -81.517036
36.09762
0 -81.513706
36.097421
0 -81.510574
36.097787
0 -81.508684
36.097099
0 -81.505608
36.097761
0 -81.502334
36.099386
0 -81.498947
36.100346
0 -81.495999
36.100317
0 -81.494854
36.099684
0 -81.49426
36.097646
0 -81.492962
36.097395
0 -81.49141
36.098312
0 -81.488703
36.098223
0 -81.484327
36.095796
0 -81.481336
36.095728
0 -81.477668
36.096737
0 -81.477809
36.09272
0 -81.472287
36.08846
0 -81.469281
36.087187
0 -81.469208
36.084864
0 -81.466137
36.087469
0 -81.464402
36.089433
0 -81.458107
36.09155
0 -81.456361
36.091489
0 -81.45299
36.090113
0 -81.453939
36.088661
0 -81.452758
36.087045
0 -81.449737
36.084352
0 -81.447437
36.083452
0 -81.447657
36.081771
0 -81.446957
36.080357
0 -81.4472
36.078127
0 -81.444539
36.075359
0 -81.444035
36.072408
0 -81.440358
36.073437
0 -81.439589
36.074828
0 -81.435807
36.075291
0 -81.434666
36.076061
0 -81.432843
36.075145
0 -81.424487
36.077968
0 -81.421608
36.074793
0 -81.418198
36.071812
0 -81.417022
36.071268
0 -81.414794
36.072659
0 -81.410185
36.072076
0 -81.409629
36.070494
0 -81.407859
36.070634
0 -81.407319
36.068393
0 -81.406561
36.067009
0 -81.401463
36.064115
0 -81.398453
36.060675
0 -81.398656
36.059703
0 -81.397453
36.056651
0 -81.39378
36.053986
0 -81.392522
36.051957
0 -81.390606
36.051619
0 -81.38999
36.049682
0 -81.392084
36.048483
0 -81.391725
36.046777
0 -81.394497
36.045515
0 -81.396767
36.042669
0 -81.39529
36.040977
0 -81.38903
36.043264
0 -81.385955
36.04299
0 -81.383076
36.043549
0 -81.381479
36.044611
0 -81.380438
36.043671
0 -81.380566
36.041426
0 -81.37855
36.040371
0 -81.376697
36.040786
0 -81.374684
36.037119
0 -81.371966
36.038339
0 -81.369374
36.040203
0 -81.367694
36.037065
0 -81.36799
36.035756
0 -81.365893
36.032717
0 -81.345919
36.023573
0 -81.344062
36.022631
0 -81.33682
36.010325
0 -81.328385
35.99655
0 -81.326722
35.994783
0 -81.325453
35.99492
0 -81.322972
35.996622
0 -81.317539
35.997146
0 -81.317349
35.998509
0 -81.315663
36.000948
0 -81.314017
36.001755
0 -81.314329
36.00422
0 -81.310612
36.005207
0 -81.307274
36.005263
0 -81.302975
36.004774
0 -81.301192
36.00411
0 -81.300583
36.006038
0 -81.295734
36.00704
0 -81.2928
36.009409
0 -81.289512
36.009877
0 -81.288478
36.011693
0 -81.283768
36.013077
0 -81.284559
36.015444
0 -81.283243
36.015642
0 -81.282759
36.017716
0 -81.27952
36.018637
0 -81.275357
36.020818
0 -81.27207
36.021649
0 -81.26979
36.024051
0 -81.267889
36.025064
0 -81.266132
36.02503
0 -81.263806
36.025939
0 -81.261485
36.02538
0 -81.260274
36.025893
0 -81.257847
36.025455
0 -81.256682
36.02643
0 -81.252683
36.025403
0 -81.249521
36.027187
0 -81.245204
36.025057
0 -81.241039
36.026155
0 -81.240663
36.028306
0 -81.237599
36.030524
0 -81.23567
36.030306
0 -81.232172
36.030181
0 -81.229802
36.031382
0 -81.227705
36.030799
0 -81.224107
36.031071
0 -81.22114
36.029824
0 -81.219404
36.029753
0 -81.214312
36.032576
0 -81.211915
36.03376
0 -81.210496
36.03368
0 -81.208164
36.032207
0 -81.205625
36.033158
0 -81.20383
36.035808
0 -81.202629
36.036712
0 -81.200149
36.035384
0 -81.195921
36.035047
0 -81.192995
36.036675
0 -81.191288
36.036909
0 -81.190167
36.035652
0 -81.188242
36.034549
0 -81.185177
36.034808
0 -81.182123
36.032704
0 -81.180597
36.03335
0 -81.177009
36.031311
0 -81.1758
36.031182
0 -81.173639
36.028998
0 -81.174165
36.027974
0 -81.172727
36.02633
0 -81.169843
36.025525
0 -81.167286
36.025493
0 -81.145228
36.034135
0 -81.142847
36.036375
0 -81.140011
36.0376
0 -81.139347
36.037543
0 -81.137058
36.036342
0 -81.13283
36.036917
0 -81.130535
36.037429
0 -81.123267
36.037508
0 -81.121913
36.035438
0 -81.119718
36.035473
0 -81.115735
36.034485
0 -81.112356
36.037717
0 -81.106417
36.036784
0 -81.104985
36.035768
0 -81.102775
36.033052
0 -81.099178
36.030997
0 -81.098014
36.028317
0 -81.057461
36.031429
0 -81.048351
36.041184
0 -81.028884
36.045762
0 -81.011105
36.050048
0 -80.98766
36.055828
0 -80.975643
36.058814
0 -80.970384
36.058492
0 -80.95425
36.057398
0 -80.89753
36.056121
0 -80.88218
36.055731
0 -80.881474
36.067919
0 -80.881334
36.068201
0 -80.879598
36.106165
0 -80.878901
36.120031
0 -80.876871
36.160851
0 -80.875053
36.198803
0 -80.87459
36.209086
0 -80.873906
36.222553
0 -80.873259
36.236383
0 -80.872844
36.244707
0 -80.872707
36.247899
0 -80.872478
36.250826
0 -80.87238
36.252735
0 -80.872322
36.253984
0 -80.872163
36.257427
0 -80.87162
36.268845
0 -80.871024
36.281346
0 -80.86982
36.306637
0 -80.868871
36.326516
0 -80.870588
36.327563
0 -80.871904
36.329406
0 -80.874775
36.329368
0 -80.875639
36.329914
0 -80.875879
36.332153
0 -80.878094
36.334377
0 -80.880067
36.335409
0 -80.882517
36.33517
0 -80.884807
36.337579
0 -80.887571
36.339008
0 -80.890908
36.339949
0 -80.892431
36.340264
0 -80.895511
36.342994
0 -80.896755
36.34619
0 -80.898855
36.347598
0 -80.898104
36.351734
0 -80.898984
36.354359
0 -80.899777
36.355125
0 -80.903295
36.356806
0 -80.904192
36.360761
0 -80.905277
36.361466
0 -80.908798
36.362248
0 -80.910027
36.362052
0 -80.911863
36.362753
0 -80.914709
36.366072
0 -80.914986
36.367002
0 -80.916638
36.367931
0 -80.920263
36.367268
0 -80.920438
36.36591
0 -80.922445
36.364524
0 -80.923713
36.364665
0 -80.926288
36.365945
0 -80.928619
36.366893
0 -80.9307
36.366883
0 -80.932369
36.369283
0 -80.933143
36.372131
0 -80.935032
36.375133
0 -80.939372
36.383448
0 -80.941325
36.384895
0 -80.944428
36.386003
0 -80.963248
36.398696
0 -80.967066
36.4016
0 -80.969608
36.399121
0 -80.970746
36.395927
0 -80.974405
36.393793
0 -80.97624
36.390976
0 -80.979507
36.391111
0 -80.98186
36.387923
0 -80.981964
36.385521
0 -80.980479
36.38272
0 -80.979433
36.378842
0 -80.981366
36.376189
0 -80.990358
36.378352
0 -80.994653
36.379399
0 -81.013615
36.371271
0 -81.026688
36.373195
0 -81.043789
36.393323
0 -81.043865
36.398336
0 -81.044272
36.411063
0 -81.077627
36.417776
0 -81.078441
36.420692
0 -81.079631
36.422566
0 -81.078728
36.425967
0 -81.083435
36.430028
0 -81.08369
36.433318
0 -81.091204
36.4355
0 -81.092245
36.436374
0 -81.094436
36.439575
0 -81.094472
36.439901
0 -81.094829
36.440433
0 -81.099476
36.438891
0 -81.103234
36.434681
0 -81.107452
36.433189
0 -81.112242
36.429596
0 -81.11537
36.42939
0 -81.11839
36.428608
0 -81.121354
36.429179
0 -81.128383
36.425833
0 -81.127876
36.423607
0 -81.128815
36.420843
0 -81.130896
36.418444
0 -81.132057
36.417784
0 -81.132626
36.415484
0 -81.138248
36.412448
0 -81.138899
36.415127
0 -81.141422
36.417357
0 -81.142614
36.419164
0 -81.145557
36.419176
0 -81.146502
36.419969
0 -81.14786
36.423997
0 -81.149112
36.425251
0 -81.152551
36.427198
0 -81.156981
36.428792
0 -81.159294
36.428777
0 -81.161071
36.429598
0 -81.16217
36.431947
0 -81.163031
36.432432
0 -81.179657
36.411567
0 -81.189256
36.399351
0 -81.190077
36.398867
0 -81.212516
36.385558
0 -81.220096
36.37754
0 -81.224617
36.376613
0 -81.227026
36.376527
0 -81.229416
36.374918
0 -81.230827
36.374984
0 -81.236951
36.370853
0 -81.238045
36.370415
0 -81.238238
36.368124
0 -81.241401
36.367654
0 -81.243151
36.365586
0 -81.249761
36.366691
0 -81.253482
36.365351
0 -81.254585
36.364387
0 -81.255665
36.363249
0 -81.258656
36.363077
0 -81.260966
36.363612
0 -81.261404
36.365034
0 -81.26345
36.362685
0 -81.266184
36.361175
0 -81.267575
36.361681
0 -81.267366
36.363213
0 -81.273272
36.364148
0 -81.2755
36.363462
0 -81.279047
36.36316
0 -81.280685
36.363685
0 -81.282104
36.365268
0 -81.283676
36.365662
0 -81.284385
36.367406
0 -81.285839
36.368637
0 -81.288784
36.368559
0 -81.291604
36.366971
0 -81.294435
36.367991
0 -81.296749
36.367489
0 -81.298522
36.368814
0 -81.299896
36.368348
0 -81.303641
36.368283
0 -81.305534
36.367037
0 -81.308615
36.367794
0 -81.312103
36.370416
0 -81.318135
36.370716
0 -81.318685
36.371548
0 -81.31918
36.375787
0 -81.32
36.376672
0 -81.321551
36.377201
0 -81.323805
36.376891
0 -81.325991
36.375071
0 -81.340815
36.364945
0 -81.340594
36.362206
0 -81.339292
36.360767
0 -81.339417
36.359598
0 -81.342039
36.358456
0 -81.341749
36.3567
0 -81.34629
36.355487
0 -81.346655
36.35631
0 -81.345495
36.358601
0 -81.346025
36.360061
0 -81.348154
36.359513
0 -81.348388
36.359613
0 -81.354467
36.355678
0 -81.362163
36.313914
0 -81.361682
36.313399
0 -81.36109
36.312764
0 -81.35768
36.313538
0 -81.356823
36.31201
0 -81.357648
36.310613
0 -81.357831
36.307879
0 -81.35707
36.305746
0 -81.355187
36.303859
0 -81.357089
36.30328
0 -81.357488
36.302279
0 -81.36037
36.302743
0 -81.360279
36.300989
0 -81.361962
36.300903
0 -81.363203
36.302139
0 -81.364609
36.298474
0 -81.364949
36.295608
0 -81.366007
36.294005
0 -81.370593
36.289602
0 -81.369695
36.289465
0 -81.367373
36.2867
0 -81.366276
36.286065
0 -81.368523
36.285618
0 -81.370109
36.286374
0 -81.374287
36.284713
0 -81.37691
36.282325
0 -81.375623
36.281473
0 -81.378809
36.277983
0 -81.382166
36.280247
0 -81.387018
36.28265
0 -81.386295
36.282952
0 -81.388009
36.285813
0 -81.393325
36.287385
0 -81.399314
36.290242
0 -81.404383
36.291693
0 -81.406714
36.292829
0 -81.406654
36.294037
0 -81.409843
36.295582
0 -81.413557
36.296019
0 -81.417251
36.294829
0 -81.417745
36.291975
0 -81.417027
36.292276
0 -81.416295
36.287915
0 -81.414157
36.284598
0 -81.413865
36.281143
0 -81.414841
36.279702
0 -81.417082
36.278214
0 -81.423562
36.278196
0 -81.429308
36.277631
0 -81.431045
36.27554
0 -81.429686
36.272317
0 -81.430388
36.271151
0 -81.430633
36.268537
0 -81.429879
36.267138
0 -81.431586
36.266608
0 -81.435586
36.263886
0 -81.44198
36.262791
0 -81.441992
36.261004
0 -81.446806
36.26085
0 -81.451838
36.257538
0 -81.452627
36.258412
0 -81.455535
36.255308
0 -81.458323
36.250917
0 -81.458402
36.248484
0 -81.463262
36.250071
0 -81.465673
36.251592
0 -81.469155
36.25152
0 -81.473652
36.253192
0 -81.475553
36.252846
0 -81.47554
36.250879
0 -81.477126
36.248081
0 -81.476245
36.244595
0 -81.477298
36.240272
0 -81.478096
36.235255
0 -81.477511
36.233888
0 -81.471872
36.22838
0 -81.467777
36.227811
0 -81.465656
36.225497
0 -81.466489
36.224619
0 -81.46619
36.223186
0 -81.466552
36.219378
0 -81.464187
36.216803
0 -81.464198
36.21421
0 -81.46105
36.211621
0 -81.462917
36.208693
0 -81.460048
36.202005
0 -81.456411
36.200586
0 -81.455579
36.199749
0 -81.486559
36.159562
0 -81.499438
36.143014
0 -81.521321
36.130838
0 -81.541917
36.119396
0 