-104.048212
48.599055
0 -104.048166072304
48.597617540313
0 -104.047974
48.591606
0 -104.047925946671
48.5831049828233
0 -104.047811
48.56277
0 -104.047791938514
48.5470898858039
0 -104.047783
48.539737
0 -104.047780963513
48.5396125781918
0 -104.047648
48.531489
0 -104.047876
48.530798
0 -104.047864115427
48.5306380657318
0 -104.047513
48.525913
0 -104.047675
48.517852
0 -104.048054
48.500025
0 -104.047555
48.49414
0 -104.047392
48.467086
0 -104.047325814916
48.4600469923377
0 -104.047259
48.452941
0 -104.047294
48.452529
0 -104.047192
48.447251
0 -104.04709
48.445903
0 -104.04696
48.421065
0 -104.047134
48.411057
0 -104.046969
48.390675
0 -104.046913
48.389433
0 -104.046912934199
48.3894292755169
0 -104.046881922997
48.3876739696414
0 -104.046782583801
48.3820511410262
0 -104.046754142258
48.3804412837759
0 -104.046654
48.374773
0 -104.046371
48.374154
0 -104.046369763829
48.3731440163489
0 -104.046344696053
48.3526630011148
0 -104.046332
48.34229
0 -104.046259263482
48.3210576393948
0 -104.04623435277
48.3137860071364
0 -104.046184903805
48.2993514659143
0 -104.04613524779
48.2848564852903
0 -104.046060597879
48.2630655902889
0 -104.046039
48.256761
0 -104.045947659531
48.255907120555
0 -104.045861
48.255097
0 -104.045645
48.246179
0 -104.045729
48.244586
0 -104.045692
48.241415
0 -104.045571820042
48.1981666031273
0 -104.04556
48.193913
0 -104.045424
48.192473
0 -104.045498
48.176249
0 -104.045399
48.16439
0 -104.045215802106
48.1402859411421
0 -104.04519413226
48.1374347553858
0 -104.045160730994
48.1330400210161
0 -104.044994742247
48.1112002365696
0 -104.044337973539
48.0247866255513
0 -104.04412
47.996107
0 -104.040253
47.994799
0 -104.035759
47.994132
0 -104.03069
47.992101
0 -104.027733
47.991856
0 -104.0216
47.989189
0 -104.017119
47.984858
0 -104.01494
47.981654
0 -104.01408
47.97957
0 -104.012335
47.973278
0 -104.011569
47.971413
0 -104.009239
47.968651
0 -104.005556
47.967087
0 -103.999374
47.967707
0 -103.992012
47.970746
0 -103.989923
47.971871
0 -103.987399
47.974306
0 -103.986338
47.975988
0 -103.985807
47.97869
0 -103.986667
47.982483
0 -103.985476
47.984035
0 -103.983955
47.984667
0 -103.981566
47.985024
0 -103.973186
47.98542
0 -103.967386
47.98552
0 -103.963186
47.98472
0 -103.954485
47.98172
0 -103.949085
47.97872
0 -103.942685
47.97572
0 -103.939185
47.97312
0 -103.935985
47.97022
0 -103.933185
47.96662
0 -103.929184
47.96262
0 -103.923284
47.95762
0 -103.919789
47.95595
0 -103.903984
47.959221
0 -103.895783
47.961321
0 -103.888053
47.962026
0 -103.885131
47.962674
0 -103.881383
47.964121
0 -103.875483
47.967021
0 -103.871013
47.970845
0 -103.869353
47.97279
0 -103.866075
47.981401
0 -103.864277
47.987982
0 -103.862475
47.989743
0 -103.859548
47.991503
0 -103.855943
47.995139
0 -103.855365
47.996442
0 -103.85523
47.997813
0 -103.857447
48.001736
0 -103.860988
48.004348
0 -103.864373
48.00866
0 -103.86362
48.011064
0 -103.859766
48.015065
0 -103.858379
48.015756
0 -103.856306
48.015072
0 -103.829561
48.000022
0 -103.826495
47.997088
0 -103.825439
47.992792
0 -103.825472
47.989753
0 -103.826016
47.986897
0 -103.828738
47.981366
0 -103.82883
47.980121
0 -103.824047
47.978992
0 -103.821323
47.979853
0 -103.817254
47.981708
0 -103.811021
47.985919
0 -103.804256
47.991252
0 -103.800817
47.994269
0 -103.797436
47.999216
0 -103.796917
48.000022
0 -103.792713
48.010152
0 -103.791595
48.013317
0 -103.791286
48.018458
0 -103.792364
48.024392
0 -103.792975
48.027556
0 -103.79777
48.035545
0 -103.797842
48.037351
0 -103.796772
48.043627
0 -103.795663
48.047445
0 -103.794221
48.050518
0 -103.791949
48.05332
0 -103.790602
48.055668
0 -103.787674
48.058049
0 -103.784394
48.059491
0 -103.780749
48.059292
0 -103.775781
48.058251
0 -103.770512
48.056477
0 -103.759553
48.047568
0 -103.754829
48.043243
0 -103.747509
48.040767
0 -103.743449
48.040525
0 -103.741541
48.041204
0 -103.739361
48.043724
0 -103.736559
48.0454
0 -103.730693
48.047886
0 -103.726156
48.048979
0 -103.714713
48.054704
0 -103.711036
48.058031
0 -103.70947
48.062359
0 -103.709454
48.065462
0 -103.710822
48.067867
0 -103.713064
48.069468
0 -103.717993
48.070696
0 -103.721073
48.072032
0 -103.729603
48.077241
0 -103.736922
48.081143
0 -103.740322
48.083404
0 -103.743881
48.087561
0 -103.74435
48.090319
0 -103.743634
48.092198
0 -103.742216
48.093403
0 -103.740049
48.093908
0 -103.736749
48.095703
0 -103.722351
48.104666
0 -103.717074
48.109085
0 -103.714798
48.110304
0 -103.713858
48.110645
0 -103.710777
48.111823
0 -103.702477
48.115723
0 -103.695477
48.118423
0 -103.687276
48.120723
0 -103.682976
48.121723
0 -103.677576
48.122423
0 -103.675176
48.122423
0 -103.66938
48.121644
0 -103.660576
48.119223
0 -103.649284
48.113126
0 -103.646475
48.112023
0 -103.639975
48.111023
0 -103.633775
48.111124
0 -103.630075
48.112224
0 -103.625475
48.114265
0 -103.620974
48.116824
0 -103.612774
48.122824
0 -103.610674
48.124924
0 -103.60638
48.130304
0 -103.603943
48.132013
0 -103.597614
48.134392
0 -103.593204
48.134116
0 -103.59021
48.134107
0 -103.587646
48.132032
0 -103.586094
48.128692
0 -103.585712
48.124553
0 -103.587673
48.123024
0 -103.592373
48.120524
0 -103.603274
48.117024
0 -103.606474
48.115424
0 -103.608174
48.114124
0 -103.608674
48.111224
0 -103.607674
48.109424
0 -103.604274
48.106424
0 -103.598874
48.102524
0 -103.593174
48.097724
0 -103.589174
48.094724
0 -103.584673
48.092524
0 -103.579373
48.090824
0 -103.571773
48.088724
0 -103.568173
48.087924
0 -103.561773
48.087324
0 -103.558273
48.087224
0 -103.549872
48.087824
0 -103.548572
48.087724
0 -103.547172
48.085824
0 -103.548472
48.081924
0 -103.551473
48.077824
0 -103.554073
48.075524
0 -103.558373
48.072424
0 -103.572973
48.064724
0 -103.576274
48.062624
0 -103.581174
48.059024
0 -103.582374
48.057824
0 -103.584774
48.054124
0 -103.585574
48.050724
0 -103.585574
48.048824
0 -103.584674
48.044224
0 -103.583174
48.042424
0 -103.582074
48.041524
0 -103.575874
48.038524
0 -103.569374
48.035724
0 -103.565374
48.034924
0 -103.557073
48.034224
0 -103.547173
48.034124
0 -103.535773
48.035025
0 -103.531873
48.035825
0 -103.527972
48.035125
0 -103.525472
48.033325
0 -103.522472
48.028725
0 -103.520672
48.026825
0 -103.519089
48.024232
0 -103.51742
48.020848
0 -103.509972
48.011625
0 -103.508472
48.010425
0 -103.501172
48.005925
0 -103.499048
48.005597
0 -103.496472
48.005225
0 -103.487372
48.006025
0 -103.485072
48.006725
0 -103.47536
48.012247
0 -103.470571
48.016525
0 -103.466471
48.020825
0 -103.463071
48.023225
0 -103.459471
48.024725
0 -103.456071
48.025525
0 -103.452871
48.025725
0 -103.449371
48.026625
0 -103.44367
48.028725
0 -103.44067
48.030324
0 -103.43707
48.032824
0 -103.43397
48.034524
0 -103.43117
48.035524
0 -103.42837
48.035924
0 -103.41997
48.035624
0 -103.41517
48.034524
0 -103.410669
48.033024
0 -103.404469
48.030524
0 -103.396369
48.027824
0 -103.385369
48.026324
0 -103.379769
48.025124
0 -103.377869
48.025024
0 -103.372969
48.025524
0 -103.367768
48.026724
0 -103.356568
48.028724
0 -103.348668
48.031324
0 -103.346168
48.031924
0 -103.341368
48.033924
0 -103.332867
48.036824
0 -103.326067
48.038624
0 -103.322767
48.039924
0 -103.316267
48.041523
0 -103.312967
48.042023
0 -103.309167
48.042123
0 -103.305567
48.041623
0 -103.296666
48.039623
0 -103.291266
48.039423
0 -103.288066
48.040323
0 -103.283666
48.043123
0 -103.281566
48.045423
0 -103.279966
48.048123
0 -103.278666
48.051623
0 -103.277966
48.055923
0 -103.277266
48.058023
0 -103.273766
48.060623
0 -103.267766
48.062123
0 -103.263665
48.062623
0 -103.260165
48.062623
0 -103.255265
48.061623
0 -103.245765
48.060123
0 -103.239065
48.060223
0 -103.236865
48.060823
0 -103.232965
48.063323
0 -103.229065
48.066723
0 -103.227665
48.068123
0 -103.226165
48.072523
0 -103.225965
48.075123
0 -103.227165
48.077922
0 -103.230565
48.080922
0 -103.235765
48.083522
0 -103.242865
48.084822
0 -103.250465
48.086831
0 -103.252747
48.088086
0 -103.253937
48.090186
0 -103.25316
48.092096
0 -103.241365
48.105022
0 -103.237264
48.108922
0 -103.227264
48.116622
0 -103.216713
48.125589
0 -103.213794
48.128588
0 -103.207265
48.133223
0 -103.20189
48.135208
0 -103.19767
48.135307
0 -103.191767
48.134391
0 -103.184843
48.134177
0 -103.171925
48.134929
0 -103.15711
48.136193
0 -103.145334
48.138434
0 -103.138603
48.141362
0 -103.131859
48.142895
0 -103.125463
48.142886
0 -103.121387
48.143608
0 -103.1165
48.145243
0 -103.107083
48.146494
0 -103.101603
48.146495
0 -103.096796
48.145768
0 -103.093345
48.144453
0 -103.092056
48.143137
0 -103.091352
48.140906
0 -103.091273
48.137986
0 -103.092975
48.131859
0 -103.09313
48.127746
0 -103.092167
48.126395
0 -103.088818
48.124648
0 -103.087187
48.124645
0 -103.085009
48.125022
0 -103.080898
48.126751
0 -103.074716
48.130396
0 -103.071429
48.131953
0 -103.069081
48.132418
0 -103.060733
48.133049
0 -103.04415
48.135131
0 -103.039691
48.135164
0 -103.034701
48.135596
0 -103.027459
48.135489
0 -103.008915
48.13196
0 -103.006791
48.131865
0 -103.003784
48.1323
0 -102.998649
48.134551
0 -102.993812
48.135877
0 -102.98762
48.1367
0 -102.984072
48.136842
0 -102.972885
48.138011
0 -102.967588
48.138122
0 -102.957496
48.137581
0 -102.953986
48.137269
0 -102.94743
48.135965
0 -102.93846
48.132506
0 -102.9364
48.130789
0 -102.931921
48.126041
0 -102.931465
48.125021
0 -102.928665
48.123629
0 -102.923999
48.122463
0 -102.919889
48.121767
0 -102.913535
48.12161
0 -102.906885
48.12179
0 -102.8997
48.123278
0 -102.896959
48.124154
0 -102.892496
48.126265
0 -102.88398
48.131469
0 -102.877303
48.134984
0 -102.874562
48.13602
0 -102.866762
48.13702
0 -102.864862
48.13692
0 -102.859462
48.13552
0 -102.854962
48.13472
0 -102.847762
48.13262
0 -102.840062
48.12982
0 -102.833662
48.12642
0 -102.831889
48.12502
0 -102.828477
48.123664
0 -102.828162
48.12502
0 -102.828188
48.197113
0 -102.828201
48.2589
0 -102.82824
48.259123
0 -102.828194
48.284138
0 -102.828198
48.284294
0 -102.828305
48.285042
0 -102.828191
48.298686
0 -102.828089
48.347341
0 -102.828279
48.356614
0 -102.828061
48.37292
0 -102.848128
48.372546
0 -102.865882
48.372537
0 -102.868589
48.372748
0 -102.885738
48.372597
0 -102.885821
48.416014
0 -102.885753
48.459445
0 -102.885763
48.54639
0 -102.88602
48.567109
0 -102.885764
48.589839
0 -102.885782
48.618783
0 -102.885775
48.633298
0 -102.894575
48.633245
0 -102.894855
48.633432
0 -102.896851
48.633278
0 -102.90699
48.633286
0 -102.907631
48.633083
0 -102.908437
48.633307
0 -102.921142
48.633381
0 -102.924381
48.633222
0 -103.015579
48.633295
0 -103.103013
48.633279
0 -103.124865
48.633278
0 -103.125734
48.633424
0 -103.146232
48.633314
0 -103.167944
48.633452
0 -103.17885
48.633279
0 -103.185935
48.633695
0 -103.189807
48.633712
0 -103.202553
48.633293
0 -103.276405
48.633304
0 -103.341943
48.633305
0 -103.406512
48.633378
0 -103.428569
48.633419
0 -103.439337
48.633364
0 -103.43951
48.633449
0 -103.515798
48.633727
0 -103.536662
48.63381
0 -103.547596
48.633899
0 -103.602368
48.633848
0 -103.629472
48.633779
0 -103.667546
48.633648
0 -103.699037
48.633528
0 -103.700482
48.633645
0 -103.708251
48.633583
0 -103.759911
48.633511
0 -103.767683
48.633662
0 -103.797701
48.633532
0 -103.837595
48.633588
0 -103.838374
48.633744
0 -103.839671
48.633546
0 -103.927962
48.633698
0 -104.026458
48.633795
0 -104.02845
48.634094
0 -104.035999
48.634165
0 -104.047582044105
48.6339759112863
0 -104.04762
48.627015
0 -104.047586
48.625644
0 -104.047878232078
48.6210107623459
0 -104.04793
48.62019
0 -104.048212
48.599055
0 