-98.407336
29.114435
0 -98.403
29.109802
0 -98.330822
29.033529
0 -98.32629
29.028623
0 -98.303278
29.004187
0 -98.299873
29.000249
0 -98.276199
28.975251
0 -98.270161
28.968873
0 -98.254801
28.950346
0 -98.252387
28.947754
0 -98.247631
28.943025
0 -98.190991
28.882333
0 -98.125284
28.928957
0 -98.115763
28.936717
0 -98.087336
28.958318
0 -98.07493
28.967315
0 -98.036734
28.995493
0 -98.034656
28.997054
0 -97.995302
29.026104
0 -97.945629
29.062583
0 -97.936715
29.068992
0 -97.860541
29.124941
0 -97.860036
29.125246
0 -97.838452
29.141083
0 -97.818151
29.155992
0 -97.788405
29.177766
0 -97.753957
29.203086
0 -97.728443
29.221748
0 -97.734087
29.227229
0 -97.757701
29.250234
0 -97.766439
29.259429
0 -97.766999
29.259899
0 -97.768831
29.261872
0 -97.771082
29.26384
0 -97.771334
29.264411
0 -97.772508
29.265641
0 -97.773308
29.266481
0 -97.787643
29.281392
0 -97.858782
29.35289
0 -97.840383
29.376791
0 -97.847698
29.37687
0 -97.87335
29.377087
0 -97.88688
29.377237
0 -97.956081
29.378436
0 -98.001958
29.378877
0 -98.003737
29.378885
0 -98.068376
29.379337
0 -98.084684
29.379594
0 -98.113175
29.365667
0 -98.112968
29.366734
0 -98.115632
29.368939
0 -98.115005
29.370744
0 -98.119557
29.375282
0 -98.119633
29.37663
0 -98.121417
29.377097
0 -98.122523
29.3784
0 -98.120565
29.380657
0 -98.119542
29.38337
0 -98.121384
29.385767
0 -98.121855
29.387912
0 -98.123258
29.388226
0 -98.124917
29.390068
0 -98.126207
29.390677
0 -98.126456
29.394655
0 -98.127185
29.395265
0 -98.130495
29.397982
0 -98.129741
29.398574
0 -98.127904
29.398137
0 -98.127043
29.401109
0 -98.127903
29.401868
0 -98.127795
29.403403
0 -98.128775
29.404941
0 -98.130242
29.405257
0 -98.128174
29.410924
0 -98.129851
29.412487
0 -98.131901
29.412034
0 -98.13372
29.414386
0 -98.133418
29.415355
0 -98.131944
29.415609
0 -98.130312
29.418131
0 -98.131152
29.42206
0 -98.132534
29.42277
0 -98.133695
29.425417
0 -98.133286
29.426286
0 -98.134241
29.427849
0 -98.135529
29.428152
0 -98.136578
29.429869
0 -98.135885
29.431728
0 -98.133723
29.432679
0 -98.131882
29.432733
0 -98.131717
29.434785
0 -98.13271
29.43528
0 -98.135247
29.438681
0 -98.132764
29.440012
0 -98.134171
29.441751
0 -98.137187
29.440428
0 -98.138033
29.439391
0 -98.187687
29.379035
0 -98.188143
29.378514
0 -98.190599
29.375249
0 -98.204587
29.358236
0 -98.20469
29.358113
0 -98.237988
29.317737
0 -98.249288
29.303938
0 -98.255615
29.296176
0 -98.283214
29.26233
0 -98.28702
29.257626
0 -98.29246
29.251235
0 -98.295924
29.247353
0 -98.300464
29.24191
0 -98.303019
29.23885
0 -98.304559
29.237003
0 -98.327196
29.209868
0 -98.330197
29.206269
0 -98.397585
29.125244
0 -98.407336
29.114435
0 