-72.252083
41.727062
0 -72.252994
41.724921
0 -72.249523
41.724466
0 -72.246596
41.722901
0 -72.245285
41.720486
0 -72.244311
41.717145
0 -72.242814
41.716446
0 -72.239559
41.714191
0 -72.237889
41.713117
0 -72.234997
41.710692
0 -72.217176
41.698012
0 -72.214587
41.696343
0 -72.211589
41.69441
0 -72.211178
41.694145
0 -72.208239
41.69225
0 -72.198866
41.685394
0 -72.185111
41.675312
0 -72.178276
41.671206
0 -72.175469
41.668995
0 -72.173334
41.667859
0 -72.157546
41.657627
0 -72.157472
41.657798
0 -72.15501
41.662666
0 -72.152922
41.665622
0 -72.151747
41.667516
0 -72.146717
41.667169
0 -72.119957
41.663301
0 -72.119773
41.661834
0 -72.11
41.660224
0 -72.103523
41.659305
0 -72.092407
41.657189
0 -72.062051
41.652239
0 -72.031216
41.647242
0 -72.01492
41.644588
0 -71.981928
41.639203
0 -71.975253
41.638117
0 -71.954983
41.634799
0 -71.951936
41.634328
0 -71.936549
41.635883
0 -71.909061
41.638666
0 -71.884422
41.641204
0 -71.884279
41.641219
0 -71.874516
41.642129
0 -71.857917
41.644227
0 -71.846992
41.643757
0 -71.820089
41.641844
0 -71.817437
41.641866
0 -71.7876366458895
41.6399171462982
0 -71.786994
41.655992
0 -71.7869970249528
41.6560694744054
0 -71.7886475406628
41.6983421088834
0 -71.7896715648332
41.7245691839672
0 -71.789678
41.724734
0 -71.7910592549218
41.7701826762188
0 -71.791062
41.770273
0 -71.791258063576
41.774496473912
0 -71.7926269448023
41.8039840221115
0 -71.7926566350564
41.8046235902363
0 -71.792767
41.807001
0 -71.792786
41.80867
0 -71.794161
41.840141
0 -71.794161
41.841101
0 -71.7944823560536
41.8491578858595
0 -71.7946917826635
41.854408530038
0 -71.7966877946775
41.9044515922139
0 -71.7971589425621
41.9162639874898
0 -71.7976492021458
41.9285555421785
0 -71.7978012534201
41.9323676992798
0 -71.797922
41.935395
0 -71.7983794424545
41.9605785933117
0 -71.7988268815301
41.9852114703
0 -71.7988654335405
41.9873338752955
0 -71.799242
42.008065
0 -71.80065
42.023569
0 -71.8047035520318
42.0236049346286
0 -71.8416470936308
42.0239324381206
0 -71.8457172967961
42.023968520361
0 -71.8603967710167
42.024098653501
0 -71.8659261493681
42.0241476712897
0 -71.8773822373224
42.024249229198
0 -71.8828304292635
42.0242975272715
0 -71.8833060643263
42.0243017437634
0 -71.89078
42.024368
0 -71.9209426671443
42.0251527929471
0 -71.9209614675912
42.02515328211
0 -71.9523266102909
42.0259693618902
0 -71.9630203859623
42.0262475998751
0 -71.987326
42.02688
0 -71.9931020771696
42.0269154132603
0 -72.0100396001887
42.0270192575986
0 -72.0101136400382
42.0270197115386
0 -72.0346441771325
42.0271701088187
0 -72.063496
42.027347
0 -72.0997439867964
42.028802121355
0 -72.1021620983386
42.0288991928355
0 -72.10188
42.016804
0 -72.099525
41.966038
0 -72.099229
41.958948
0 -72.123632
41.95898
0 -72.151654
41.959302
0 -72.190661
41.959144
0 -72.19528
41.959322
0 -72.21698
41.958161
0 -72.21726
41.949353
0 -72.21665
41.918662
0 -72.216637
41.898789
0 -72.216306
41.892818
0 -72.216456
41.888062
0 -72.2169
41.884464
0 -72.2171
41.8723
0 -72.217719
41.835184
0 -72.200292
41.835046
0 -72.169019
41.834902
0 -72.166006
41.834883
0 -72.164558
41.834913
0 -72.159428
41.78121
0 -72.156893
41.753818
0 -72.156321
41.753491
0 -72.157626
41.751804
0 -72.160801
41.750123
0 -72.164859
41.750002
0 -72.165811
41.751706
0 -72.168484
41.752231
0 -72.171648
41.748467
0 -72.174126
41.751184
0 -72.175955
41.749857
0 -72.176037
41.751436
0 -72.177986
41.752657
0 -72.17787
41.75537
0 -72.183199
41.756128
0 -72.185142
41.755681
0 -72.186977
41.755427
0 -72.187656
41.755181
0 -72.187985
41.753741
0 -72.185886
41.75235
0 -72.186654
41.751211
0 -72.189404
41.750097
0 -72.188771
41.747626
0 -72.192581
41.744568
0 -72.195644
41.739611
0 -72.195689
41.73703
0 -72.194002
41.734772
0 -72.192505
41.734525
0 -72.191289
41.733015
0 -72.192104
41.730413
0 -72.194969
41.72997
0 -72.198917
41.731446
0 -72.198126
41.728176
0 -72.209542
41.728036
0 -72.216443
41.728035
0 -72.227342
41.728073
0 -72.242202
41.728147
0 -72.245091
41.728297
0 -72.252643
41.728202
0 -72.252083
41.727062
0 