-103.327223
31.781903
0 -103.327538
31.65142
0 -103.182257
31.651451
0 -103.137995
31.651478
0 -103.120486
31.651513
0 -103.067042
31.651435
0 -103.003436
31.651387
0 -102.801793
31.651306
0 -102.798939
31.651783
0 -102.798381
31.863573
0 -102.799086
32.085795
0 -102.801559
32.087153
0 -102.866486
32.087145
0 -103.064344
32.087051
0 -103.064423
32.000518
0 -103.085876
32.000465
0 -103.088698
32.000453
0 -103.165128923371
32.0004891253114
0 -103.215641
32.000513
0 -103.267633
32.000475
0 -103.267708
32.000324
0 -103.270383
32.000326
0 -103.278521
32.000419
0 -103.326501
32.00037
0 -103.326893
32.000127
0 -103.327223
31.781903
0 