-89.318702
33.013847
0 -89.319163
32.931654
0 -89.292502
32.932085
0 -89.253589
32.932103
0 -89.250067
32.931886
0 -89.168475
32.931987
0 -89.128597
32.93182
0 -89.111728
32.93175
0 -89.095813
32.931651
0 -89.0401
32.931333
0 -89.039743
32.931308
0 -89.024806
32.931296
0 -89.017723
32.931326
0 -89.017691
32.926386
0 -89.000059
32.926665
0 -88.996595
32.926384
0 -88.974763
32.926515
0 -88.97122
32.926537
0 -88.96531
32.926574
0 -88.965225
32.919107
0 -88.952404
32.919154
0 -88.948972
32.919167
0 -88.943708
32.919188
0 -88.943657
32.919188
0 -88.934376
32.919225
0 -88.930505
32.91924
0 -88.930527
32.923004
0 -88.930549
32.926675
0 -88.920689
32.926603
0 -88.918653
32.926589
0 -88.915625
32.926641
0 -88.914413
32.9266
0 -88.812782
32.925973
0 -88.812796
32.927384
0 -88.813555
33.034873
0 -88.813607
33.051816
0 -88.813609
33.052502
0 -88.813722
33.089209
0 -88.813172
33.173511
0 -88.813053
33.286424
0 -88.871214
33.286377
0 -88.900283
33.286356
0 -88.900699
33.286341
0 -88.965963
33.286108
0 -89.04366
33.286153
0 -89.088255
33.286003
0 -89.108886
33.285937
0 -89.109324
33.251032
0 -89.1087
33.245274
0 -89.1089
33.198059
0 -89.128902
33.197715
0 -89.178061
33.197614
0 -89.200686
33.197562
0 -89.213422
33.197543
0 -89.213675
33.153303
0 -89.213824
33.125126
0 -89.214001
33.124562
0 -89.213921
33.109402
0 -89.222391
33.109427
0 -89.317855
33.108871
0 -89.318223
33.065452
0 -89.31845
33.038869
0 -89.318702
33.013847
0 