-83.707974
37.716463
0 -83.706868
37.716828
0 -83.702563
37.713751
0 -83.699718
37.713914
0 -83.697963
37.712349
0 -83.695321
37.712041
0 -83.694581
37.710603
0 -83.69205
37.709602
0 -83.690812
37.710267
0 -83.687085
37.709712
0 -83.685879
37.708138
0 -83.685145
37.705183
0 -83.683209
37.705249
0 -83.628307
37.67889
0 -83.616649
37.666925
0 -83.594393
37.660291
0 -83.578032
37.655358
0 -83.522308
37.638516
0 -83.509311
37.642555
0 -83.499484
37.645608
0 -83.497419
37.646097
0 -83.495922
37.645617
0 -83.495403
37.644255
0 -83.496968
37.640619
0 -83.494406
37.639293
0 -83.494265
37.634714
0 -83.49594
37.63187
0 -83.494899
37.630118
0 -83.49835
37.626626
0 -83.499114
37.622669
0 -83.497574
37.622427
0 -83.495488
37.619595
0 -83.494518
37.619104
0 -83.49075
37.620769
0 -83.490205
37.621814
0 -83.487106
37.622911
0 -83.48556
37.622358
0 -83.482607
37.624225
0 -83.480964
37.624248
0 -83.478417
37.622713
0 -83.47659
37.62367
0 -83.475946
37.625807
0 -83.473407
37.626549
0 -83.47328
37.628296
0 -83.472106
37.629297
0 -83.469427
37.628656
0 -83.468942
37.630598
0 -83.463442
37.631111
0 -83.462328
37.630245
0 -83.458716
37.630476
0 -83.457824
37.633182
0 -83.45544
37.633202
0 -83.454059
37.634111
0 -83.452826
37.635684
0 -83.452897
37.637166
0 -83.450516
37.637356
0 -83.449525
37.63981
0 -83.450275
37.641725
0 -83.449112
37.643186
0 -83.446568
37.644408
0 -83.444496
37.643661
0 -83.445647
37.646309
0 -83.445275
37.647896
0 -83.446173
37.648772
0 -83.44552
37.650897
0 -83.439359
37.650896
0 -83.438713
37.653793
0 -83.435786
37.653682
0 -83.43494
37.655656
0 -83.433805
37.656354
0 -83.433776
37.657236
0 -83.435557
37.658756
0 -83.434988
37.659966
0 -83.436032
37.661586
0 -83.435075
37.663003
0 -83.43526
37.664774
0 -83.433008
37.665673
0 -83.431142
37.66554
0 -83.430189
37.667146
0 -83.428803
37.667793
0 -83.430461
37.672251
0 -83.431626
37.673727
0 -83.429188
37.675638
0 -83.429098
37.678635
0 -83.427254
37.679198
0 -83.42678
37.680344
0 -83.427525
37.683126
0 -83.425019
37.68409
0 -83.423779
37.685501
0 -83.42252
37.68548
0 -83.421041
37.688204
0 -83.419237
37.689077
0 -83.418635
37.690655
0 -83.415062
37.690443
0 -83.413223
37.6882
0 -83.411346
37.688233
0 -83.409533
37.691246
0 -83.406724
37.693151
0 -83.404845
37.69383
0 -83.403308
37.695558
0 -83.400371
37.694743
0 -83.398102
37.696685
0 -83.391396
37.699237
0 -83.390476
37.699899
0 -83.387864
37.699943
0 -83.386268
37.696807
0 -83.38478
37.696759
0 -83.382129
37.694182
0 -83.381934
37.691937
0 -83.380523
37.691466
0 -83.37878
37.692854
0 -83.377203
37.693026
0 -83.374613
37.695187
0 -83.373984
37.694335
0 -83.370184
37.692725
0 -83.37124
37.690746
0 -83.370597
37.68896
0 -83.36777
37.688272
0 -83.365913
37.687062
0 -83.366264
37.68528
0 -83.364582
37.684223
0 -83.363735
37.684692
0 -83.360229
37.685199
0 -83.35875
37.683631
0 -83.357066
37.683923
0 -83.354983
37.683269
0 -83.353017
37.683684
0 -83.351859
37.684792
0 -83.35008
37.682942
0 -83.348477
37.682968
0 -83.34716
37.68211
0 -83.347542
37.680174
0 -83.345821
37.678202
0 -83.346052
37.676779
0 -83.344721
37.676828
0 -83.342211
37.678015
0 -83.339906
37.676734
0 -83.337093
37.676133
0 -83.334964
37.676954
0 -83.333997
37.675661
0 -83.33067
37.674569
0 -83.330458
37.677129
0 -83.329327
37.67843
0 -83.329572
37.679748
0 -83.326873
37.680441
0 -83.325087
37.680126
0 -83.323323
37.681364
0 -83.321215
37.681357
0 -83.317939
37.682894
0 -83.315764
37.681914
0 -83.313563
37.682902
0 -83.312864
37.680648
0 -83.309809
37.680102
0 -83.307445
37.677989
0 -83.305052
37.67979
0 -83.303529
37.679704
0 -83.298937
37.678633
0 -83.297716
37.680745
0 -83.295848
37.681382
0 -83.294862
37.682389
0 -83.292491
37.682067
0 -83.292122
37.678842
0 -83.290865
37.679606
0 -83.288691
37.679785
0 -83.287218
37.676232
0 -83.28555
37.67611
0 -83.283262
37.677321
0 -83.282203
37.676605
0 -83.281564
37.675032
0 -83.280125
37.674466
0 -83.276242
37.676321
0 -83.275544
37.677544
0 -83.272991
37.678322
0 -83.270367
37.678229
0 -83.268313
37.67995
0 -83.265986
37.677178
0 -83.264855
37.676591
0 -83.264026
37.674341
0 -83.25909
37.67282
0 -83.25795
37.67026
0 -83.256699
37.669969
0 -83.255465
37.670874
0 -83.250674
37.669665
0 -83.248692
37.669616
0 -83.249225
37.672252
0 -83.254197
37.674928
0 -83.255513
37.675357
0 -83.257324
37.677135
0 -83.258358
37.680285
0 -83.25655
37.682208
0 -83.257445
37.685463
0 -83.256924
37.68685
0 -83.255268
37.688137
0 -83.253996
37.68793
0 -83.251605
37.688958
0 -83.250231
37.690659
0 -83.250049
37.692602
0 -83.248144
37.693847
0 -83.247485
37.694982
0 -83.245961
37.695224
0 -83.245395
37.69651
0 -83.243023
37.696515
0 -83.242808
37.698119
0 -83.243603
37.699155
0 -83.246606
37.699927
0 -83.247209
37.700959
0 -83.249238
37.70092
0 -83.249991
37.70325
0 -83.251656
37.704486
0 -83.254715
37.705641
0 -83.255116
37.707362
0 -83.257627
37.707877
0 -83.260723
37.707465
0 -83.262003
37.708652
0 -83.261349
37.710554
0 -83.262172
37.712657
0 -83.263466
37.712922
0 -83.265312
37.715153
0 -83.269136
37.714193
0 -83.270913
37.71304
0 -83.27245
37.712782
0 -83.273129
37.71491
0 -83.276667
37.715799
0 -83.277276
37.717755
0 -83.279913
37.717933
0 -83.281249
37.718921
0 -83.280389
37.723357
0 -83.281656
37.725611
0 -83.280841
37.727748
0 -83.280652
37.730147
0 -83.279881
37.731544
0 -83.282226
37.736706
0 -83.283739
37.737123
0 -83.284139
37.735908
0 -83.288268
37.73488
0 -83.288897
37.736607
0 -83.288704
37.73788
0 -83.286125
37.73959
0 -83.287168
37.741014
0 -83.287065
37.742288
0 -83.291067
37.741959
0 -83.292878
37.744142
0 -83.294889
37.744048
0 -83.296932
37.744688
0 -83.298247
37.742892
0 -83.300268
37.7441
0 -83.302863
37.744092
0 -83.303934
37.742514
0 -83.305419
37.742649
0 -83.307426
37.744876
0 -83.309193
37.744808
0 -83.309931
37.746887
0 -83.311268
37.747729
0 -83.310778
37.748673
0 -83.31174
37.749829
0 -83.313953
37.74908
0 -83.315096
37.749326
0 -83.317474
37.752337
0 -83.319113
37.751431
0 -83.321099
37.751601
0 -83.32195
37.752857
0 -83.326426
37.753115
0 -83.327327
37.754411
0 -83.327301
37.756736
0 -83.32918
37.757602
0 -83.330547
37.756722
0 -83.333016
37.75745
0 -83.334104
37.758529
0 -83.334365
37.761314
0 -83.333621
37.763029
0 -83.334089
37.763677
0 -83.332724
37.765943
0 -83.331924
37.768926
0 -83.330045
37.770776
0 -83.328305
37.77376
0 -83.328614
37.776789
0 -83.326073
37.776703
0 -83.324832
37.777802
0 -83.327437
37.7796
0 -83.329526
37.783269
0 -83.330849
37.784082
0 -83.332154
37.783711
0 -83.333668
37.77976
0 -83.335478
37.778706
0 -83.337865
37.780238
0 -83.337792
37.781199
0 -83.340121
37.783817
0 -83.342364
37.782862
0 -83.347372
37.785727
0 -83.34821
37.788016
0 -83.349582
37.791689
0 -83.351992
37.791739
0 -83.352965
37.793222
0 -83.355531
37.794713
0 -83.359002
37.795449
0 -83.359545
37.797396
0 -83.362501
37.798284
0 -83.364384
37.799257
0 -83.364665
37.800268
0 -83.363114
37.800806
0 -83.364492
37.802616
0 -83.365361
37.80263
0 -83.367337
37.799801
0 -83.369712
37.799598
0 -83.373756
37.800139
0 -83.375824
37.798396
0 -83.377388
37.798372
0 -83.378598
37.800259
0 -83.381616
37.800124
0 -83.383178
37.799566
0 -83.387593
37.800357
0 -83.387197
37.801212
0 -83.385064
37.80209
0 -83.385376
37.803644
0 -83.385035
37.808629
0 -83.387039
37.810684
0 -83.385626
37.812341
0 -83.386437
37.813675
0 -83.405993
37.814761
0 -83.408972
37.814952
0 -83.411887
37.816789
0 -83.415288
37.816708
0 -83.416023
37.817397
0 -83.421879
37.815532
0 -83.42226
37.818785
0 -83.424729
37.818085
0 -83.427494
37.817914
0 -83.433048
37.819112
0 -83.434288
37.821253
0 -83.436463
37.823184
0 -83.438319
37.823709
0 -83.439478
37.825194
0 -83.439404
37.826829
0 -83.441771
37.826356
0 -83.442555
37.827137
0 -83.442062
37.828014
0 -83.443649
37.829651
0 -83.442754
37.831268
0 -83.440328
37.833749
0 -83.441299
37.835101
0 -83.443347
37.834473
0 -83.446175
37.836514
0 -83.449677
37.836308
0 -83.450708
37.837225
0 -83.452362
37.836286
0 -83.455836
37.84053
0 -83.45532
37.842679
0 -83.464622
37.843542
0 -83.470538
37.842999
0 -83.475304
37.84253
0 -83.475651
37.840952
0 -83.477526
37.840961
0 -83.478618
37.840074
0 -83.480628
37.840562
0 -83.480311
37.84367
0 -83.484258
37.84391
0 -83.484223
37.851501
0 -83.48217
37.850399
0 -83.478884
37.850729
0 -83.478128
37.851814
0 -83.483472
37.852951
0 -83.484225
37.854456
0 -83.490973
37.85777
0 -83.492401
37.859398
0 -83.494897
37.860671
0 -83.49508
37.861906
0 -83.497383
37.86006
0 -83.498052
37.858384
0 -83.49995
37.856844
0 -83.505151
37.855791
0 -83.508202
37.854417
0 -83.51237
37.853519
0 -83.517002
37.851733
0 -83.518247
37.848999
0 -83.518169
37.847975
0 -83.520134
37.846003
0 -83.520263
37.844935
0 -83.523407
37.841402
0 -83.524697
37.839005
0 -83.526112
37.837799
0 -83.526192
37.83352
0 -83.524145
37.831167
0 -83.529919
37.830123
0 -83.532674
37.827407
0 -83.535339
37.82672
0 -83.536638
37.825557
0 -83.53932
37.826717
0 -83.541719
37.824901
0 -83.546517
37.824864
0 -83.547902
37.823168
0 -83.55141
37.821615
0 -83.55398
37.821785
0 -83.555918
37.821015
0 -83.556548
37.82137
0 -83.559455
37.820684
0 -83.563632
37.820121
0 -83.563929
37.820686
0 -83.562496
37.822901
0 -83.562624
37.825249
0 -83.564905
37.825034
0 -83.568793
37.821672
0 -83.575531
37.81972
0 -83.576533
37.820637
0 -83.579281
37.820349
0 -83.58233
37.820587
0 -83.582963
37.821627
0 -83.581689
37.823017
0 -83.582156
37.824699
0 -83.585455
37.825504
0 -83.587311
37.819607
0 -83.590333
37.818343
0 -83.592503
37.819442
0 -83.594589
37.819625
0 -83.596706
37.820503
0 -83.598281
37.822062
0 -83.597801
37.824524
0 -83.598121
37.826218
0 -83.599511
37.827238
0 -83.600249
37.830142
0 -83.601809
37.830273
0 -83.607898
37.828185
0 -83.608922
37.829356
0 -83.606252
37.830347
0 -83.605817
37.832226
0 -83.610984
37.833398
0 -83.612368
37.834032
0 -83.617179
37.835543
0 -83.620646
37.834844
0 -83.62154
37.834017
0 -83.621533
37.832341
0 -83.624104
37.828041
0 -83.625253
37.824077
0 -83.628308
37.822665
0 -83.629941
37.825165
0 -83.63106
37.825372
0 -83.652176
37.795419
0 -83.652357
37.795164
0 -83.707974
37.716463
0 