-99.605432
36.449521
0 -99.605568
36.348112
0 -99.60534
36.275672
0 -99.604786
36.246629
0 -99.595825
36.246701
0 -99.595856
36.21703
0 -99.595868
36.202873
0 -99.596079
36.164061
0 -99.453619
36.163926
0 -99.382074
36.164301
0 -99.254237
36.163917
0 -99.245921
36.163408
0 -99.222096
36.163193
0 -99.133462
36.162332
0 -99.125576
36.162243
0 -99.117263
36.162811
0 -99.079951
36.162426
0 -99.062098
36.162285
0 -99.057801
36.162265
0 -99.057615
36.162264
0 -98.955849
36.161577
0 -98.955985
36.188374
0 -98.955991
36.189348
0 -98.95596
36.230901
0 -98.956186
36.240433
0 -98.955943
36.246748
0 -98.960885
36.246772
0 -98.960772
36.304649
0 -98.960754
36.347935
0 -98.960564
36.420289
0 -98.96062
36.444351
0 -98.960544
36.4449
0 -98.960568
36.492497
0 -98.96057
36.49594
0 -98.960334
36.506914
0 -98.960334
36.506982
0 -98.959973
36.598991
0 -98.966736
36.599464
0 -98.971484
36.60032
0 -98.976083
36.603054
0 -98.98773
36.614677
0 -98.988804
36.615611
0 -98.990982
36.619183
0 -99.000373
36.629526
0 -99.002217
36.629725
0 -99.006694
36.631097
0 -99.010087
36.633268
0 -99.010296
36.635981
0 -99.012958
36.640241
0 -99.018956
36.640901
0 -99.02254
36.642434
0 -99.02299
36.643992
0 -99.022809
36.647084
0 -99.024821
36.650345
0 -99.024911
36.651249
0 -99.023768
36.654915
0 -99.022415
36.657571
0 -99.022365
36.658912
0 -99.024156
36.661591
0 -99.024998
36.662092
0 -99.025071
36.662136
0 -99.03088
36.664937
0 -99.034206
36.66733
0 -99.036333
36.669426
0 -99.039326
36.673615
0 -99.039954
36.678548
0 -99.040801
36.68028
0 -99.042413
36.682031
0 -99.044248
36.682902
0 -99.048435
36.686823
0 -99.048065
36.688519
0 -99.046051
36.69007
0 -99.044618
36.692743
0 -99.044347
36.694948
0 -99.046081
36.697118
0 -99.049568
36.699691
0 -99.051031
36.701878
0 -99.052223
36.70518
0 -99.05515
36.707349
0 -99.057235
36.711296
0 -99.061515
36.71545
0 -99.062908
36.71603
0 -99.065795
36.716359
0 -99.069815
36.716106
0 -99.075688
36.716989
0 -99.078244
36.71789
0 -99.080671
36.719454
0 -99.083187
36.720558
0 -99.08449
36.721582
0 -99.085494
36.72343
0 -99.086727
36.724454
0 -99.095723
36.736752
0 -99.095417
36.738226
0 -99.097449
36.742059
0 -99.100457
36.743549
0 -99.10236
36.743894
0 -99.105284
36.745685
0 -99.106757
36.747437
0 -99.107752
36.750445
0 -99.114047
36.754014
0 -99.119468
36.75791
0 -99.121439
36.758919
0 -99.125379
36.762095
0 -99.12656
36.762566
0 -99.12671
36.76596
0 -99.128273
36.769411
0 -99.132815
36.774033
0 -99.13501
36.778387
0 -99.137507
36.781201
0 -99.139855
36.78304
0 -99.152299
36.787624
0 -99.158145
36.787802
0 -99.163542
36.790222
0 -99.165277
36.790642
0 -99.17005
36.789998
0 -99.17773
36.788402
0 -99.180838
36.787411
0 -99.18909
36.787363
0 -99.195299
36.788701
0 -99.197355
36.789474
0 -99.199061
36.790885
0 -99.202772
36.791215
0 -99.210563
36.79069
0 -99.216455
36.786996
0 -99.217759
36.786811
0 -99.227688
36.788106
0 -99.229834
36.788161
0 -99.233162
36.787015
0 -99.236952
36.786683
0 -99.242385
36.785754
0 -99.245274
36.786438
0 -99.250383
36.785015
0 -99.25141
36.785079
0 -99.255946
36.786074
0 -99.259941
36.787473
0 -99.268636
36.789228
0 -99.270217
36.789727
0 -99.277262
36.795818
0 -99.282304
36.79869
0 -99.286681
36.802068
0 -99.292718
36.804568
0 -99.294259
36.805939
0 -99.294753
36.817775
0 -99.295186
36.819566
0 -99.294944
36.772321
0 -99.295399
36.681525
0 -99.295283
36.638221
0 -99.295257
36.595123
0 -99.299923
36.595089
0 -99.403708
36.594164
0 -99.421727
36.594108
0 -99.43026
36.594018
0 -99.43998
36.593923
0 -99.440156
36.593927
0 -99.440397
36.594175
0 -99.448389
36.594119
0 -99.47239
36.59409
0 -99.475684
36.593915
0 -99.496505
36.593387
0 -99.569309
36.592936
0 -99.592313
36.592821
0 -99.605565
36.592753
0 -99.60539
36.565433
0 -99.60517
36.530348
0 -99.604933
36.517274
0 -99.605102
36.516427
0 -99.605436
36.464082
0 -99.605432
36.449521
0 