-96.4987762839975
42.5610432966577
0 -96.498997
42.560832
0 -96.498544
42.558116
0 -96.497265
42.556981
0 -96.49554
42.55644
0 -96.491742
42.556511
0 -96.489271
42.556801
0 -96.484565
42.556885
0 -96.478541
42.556378
0 -96.476952
42.556079
0 -96.476962
42.546434
0 -96.4777088760289
42.5355967988252
0 -96.477709
42.535595
0 -96.479809
42.529595
0 -96.4790387656079
42.5265140624316
0 -96.479009
42.526395
0 -96.4798968619469
42.5242246707964
0 -96.479909
42.524195
0 -96.4800691512978
42.5241381906165
0 -96.4875194411919
42.5214953998196
0 -96.490802
42.520331
0 -96.4908170997407
42.5203097642484
0 -96.49297
42.517282
0 -96.490089
42.512441
0 -96.483592
42.510345
0 -96.479384
42.511138
0 -96.477454
42.509589
0 -96.473339
42.503537
0 -96.47414
42.503179
0 -96.474712
42.501159
0 -96.476909
42.497795
0 -96.4775676313553
42.4955050609431
0 -96.477901
42.494346
0 -96.477185
42.491046
0 -96.475413
42.489621
0 -96.472199
42.489242
0 -96.470749
42.489473
0 -96.469941
42.490253
0 -96.469619
42.491396
0 -96.466352
42.490809
0 -96.463512
42.490464
0 -96.456348
42.492478
0 -96.450092
42.490925
0 -96.447988
42.490439
0 -96.445508
42.49063
0 -96.4403030127647
42.4902326911113
0 -96.428488363228
42.4893308511901
0 -96.423892
42.48898
0 -96.4216774986236
42.4887682432749
0 -96.4134338764416
42.4879799654012
0 -96.4128056199701
42.4879198897859
0 -96.409408
42.487595
0 -96.3961883611554
42.4841164092206
0 -96.396107
42.484095
0 -96.3860169343562
42.4745044425563
0 -96.3860156451048
42.4745032171293
0 -96.386007
42.474495
0 -96.385407
42.473094
0 -96.381307
42.461694
0 -96.380107
42.451494
0 -96.3806422627987
42.4469442662116
0 -96.3806567269625
42.4468213208191
0 -96.380707
42.446394
0 -96.384307
42.437294
0 -96.387608
42.432494
0 -96.398811354055
42.4224943120832
0 -96.411808
42.410894
0 -96.413609
42.407894
0 -96.4154962617389
42.4003449530445
0 -96.415509
42.400294
0 -96.41498
42.393442
0 -96.4114971446593
42.3862987694908
0 -96.411331417675
42.3859588684803
0 -96.409153
42.381491
0 -96.4088332489916
42.3790832793663
0 -96.408436
42.376092
0 -96.413994
42.365932
0 -96.4150730235678
42.3643690000659
0 -96.4161274168708
42.3628416778531
0 -96.417093
42.361443
0 -96.417918
42.3587
0 -96.418168
42.354678
0 -96.417786
42.351449
0 -96.415544507112
42.3468081707259
0 -96.413895
42.343393
0 -96.4118671754842
42.3413349145791
0 -96.407998
42.337408
0 -96.402957
42.334156
0 -96.396269
42.330857
0 -96.384169
42.325874
0 -96.375307
42.318339
0 -96.37179
42.314172
0 -96.369969
42.310878
0 -96.369212
42.308344
0 -96.3686751106218
42.304747983484
0 -96.368507
42.303622
0 -96.3684956662846
42.301104204425
0 -96.368454
42.291848
0 -96.365792
42.285875
0 -96.3608
42.279867
0 -96.3564060678816
42.2764931056257
0 -96.356389
42.27648
0 -96.34145
42.269115
0 -96.336003
42.264806
0 -96.331331
42.25943
0 -96.328905
42.254734
0 -96.327706
42.249992
0 -96.328955
42.241885
0 -96.330004
42.240224
0 -96.3264556097126
42.2369486010618
0 -96.322868
42.233637
0 -96.322827
42.231461
0 -96.323723
42.229887
0 -96.332044
42.221585
0 -96.336323
42.218922
0 -96.3373447028453
42.2186132334869
0 -96.339086
42.218087
0 -96.345055
42.21749
0 -96.356591
42.215182
0 -96.35665510863
42.2151367517153
0 -96.35656
42.215002
0 -96.25144
42.214644
0 -96.24094
42.214571
0 -96.193564
42.214177
0 -96.154634
42.213879
0 -96.135394
42.21355
0 -96.077694
42.212651
0 -96.027944
42.211885
0 -96.019882
42.211687
0 -96.001009
42.211761
0 -95.913736
42.211531
0 -95.908712
42.21135
0 -95.904124
42.211464
0 -95.81588
42.211487
0 -95.810863
42.21175
0 -95.795471
42.211528
0 -95.787143
42.211746
0 -95.756357
42.211268
0 -95.750282
42.211502
0 -95.690396
42.211345
0 -95.683679
42.2115
0 -95.677024
42.211282
0 -95.670822
42.211408
0 -95.670555
42.225758
0 -95.670149
42.231172
0 -95.670374
42.238884
0 -95.670368
42.25723
0 -95.669921
42.262788
0 -95.670311
42.268011
0 -95.66989
42.27418
0 -95.670088
42.280304
0 -95.670221
42.283715
0 -95.670258
42.288946
0 -95.670396
42.298091
0 -95.670439
42.305071
0 -95.670842
42.312575
0 -95.670917
42.325078
0 -95.670477
42.327034
0 -95.670333
42.341509
0 -95.670705
42.345813
0 -95.6702
42.36981
0 -95.669597
42.374996
0 -95.670021
42.38479
0 -95.670036
42.391892
0 -95.670037
42.393216
0 -95.670041
42.396586
0 -95.669569
42.399284
0 -95.669317
42.4284
0 -95.669176
42.460937
0 -95.669239
42.468149
0 -95.669265
42.474645
0 -95.741821
42.474865
0 -95.741471
42.523126
0 -95.741289
42.524084
0 -95.741611
42.561285
0 -95.779399
42.561235
0 -95.78062
42.56102
0 -95.800289
42.560883
0 -95.819988
42.560775
0 -95.839548
42.56066
0 -95.859949
42.56062
0 -95.957856
42.560977
0 -95.978187
42.561085
0 -95.997757
42.561007
0 -96.026991
42.561044
0 -96.07596
42.561354
0 -96.095862
42.561262
0 -96.115623
42.561313
0 -96.15478
42.561393
0 -96.174336
42.561425
0 -96.180545
42.561634
0 -96.193909
42.561857
0 -96.214085
42.561924
0 -96.233629
42.561421
0 -96.312143
42.561732
0 -96.327258
42.56182
0 -96.330141
42.561759
0 -96.330799
42.561825
0 -96.331267
42.561836
0 -96.332051
42.561848
0 -96.354925
42.561978
0 -96.371023
42.562011
0 -96.401034
42.562108
0 -96.407748
42.562163
0 -96.43894
42.562087
0 -96.446107
42.562009
0 -96.449134
42.561945
0 -96.460849
42.561678
0 -96.4987762839975
42.5610432966577
0 