-123.784808
45.132899
0 -123.784508
45.125376
0 -123.78409
45.124831
0 -123.78437
45.104025
0 -123.784578
45.088642
0 -123.78478
45.076416
0 -123.784794
45.076315
0 -123.761144
45.076679
0 -123.724213
45.076098
0 -123.657205
45.076134
0 -123.626221
45.075989
0 -123.622159
45.076075
0 -123.619577
45.07601
0 -123.614264
45.076058
0 -123.611839
45.076039
0 -123.604179
45.076268
0 -123.602823
45.076134
0 -123.576567
45.075987
0 -123.57147
45.075981
0 -123.568405
45.07599
0 -123.561346
45.075975
0 -123.551314
45.076088
0 -123.550738
45.076074
0 -123.534755
45.075741
0 -123.516673
45.076015
0 -123.502054
45.07553
0 -123.501219
45.075196
0 -123.495404
45.075205
0 -123.494424
45.075206
0 -123.478257
45.075213
0 -123.477895
45.075211
0 -123.468746
45.075169
0 -123.44893
45.07508
0 -123.415829
45.075046
0 -123.412697
45.075114
0 -123.396575
45.075104
0 -123.339963
45.075039
0 -123.321426
45.075056
0 -123.249317
45.074981
0 -123.209453
45.074923
0 -123.18628
45.074873
0 -123.092126
45.075026
0 -123.068663
45.075045
0 -123.068612
45.077222
0 -123.067619
45.078925
0 -123.06195
45.082829
0 -123.059397
45.083942
0 -123.055398
45.085037
0 -123.051936
45.086332
0 -123.046115
45.089197
0 -123.044916
45.090273
0 -123.041478
45.094073
0 -123.036121
45.097729
0 -123.030905
45.099833
0 -123.027643
45.100555
0 -123.018118
45.100961
0 -123.014574
45.101967
0 -123.009998
45.105444
0 -123.008255
45.107235
0 -123.005564
45.111091
0 -123.002309
45.11311
0 -122.999042
45.114694
0 -122.996765
45.116954
0 -122.996534
45.11848
0 -122.997637
45.120374
0 -123.001054
45.123249
0 -123.007494
45.127319
0 -123.009878
45.129273
0 -123.012235
45.133769
0 -123.015037
45.136757
0 -123.020187
45.138747
0 -123.025416
45.140221
0 -123.028136
45.141313
0 -123.030249
45.143084
0 -123.032638
45.14692
0 -123.033292
45.150825
0 -123.03322
45.153558
0 -123.031407
45.15794
0 -123.028116
45.161374
0 -123.026487
45.162172
0 -123.023019
45.162905
0 -123.01801
45.162765
0 -123.011513
45.160252
0 -123.007346
45.159498
0 -123.003569
45.161321
0 -123.000766
45.164398
0 -123.001032
45.166408
0 -123.001883
45.167365
0 -123.007746
45.170955
0 -123.011713
45.173417
0 -123.015207
45.176693
0 -123.01624
45.181566
0 -123.018862
45.189247
0 -123.019124
45.191003
0 -123.018647
45.196001
0 -123.020521
45.199841
0 -123.022219
45.201121
0 -123.024949
45.202051
0 -123.028675
45.201943
0 -123.036649
45.199434
0 -123.041321
45.198918
0 -123.043892
45.199481
0 -123.045896
45.201105
0 -123.047009
45.204744
0 -123.050474
45.20834
0 -123.051088
45.210164
0 -123.050724
45.212321
0 -123.049012
45.214705
0 -123.046867
45.216583
0 -123.044146
45.21828
0 -123.039311
45.22194
0 -123.035667
45.222789
0 -123.024275
45.223317
0 -123.018972
45.222778
0 -123.007632
45.222137
0 -123.003867
45.22217
0 -123.001211
45.222707
0 -122.999145
45.224105
0 -122.996221
45.230698
0 -122.995366
45.233981
0 -122.995372
45.236617
0 -122.998537
45.241172
0 -123.000051
45.248442
0 -123.001142
45.252644
0 -123.001562
45.256605
0 -123.000788
45.259347
0 -122.999811
45.26085
0 -122.999265
45.261554
0 -122.996046
45.264811
0 -122.99097
45.267714
0 -122.98831
45.268761
0 -122.981086
45.271011
0 -122.978412
45.27233
0 -122.976136
45.274232
0 -122.975065
45.276008
0 -122.974568
45.279932
0 -122.970216
45.283969
0 -122.96705
45.285174
0 -122.964021
45.284894
0 -122.9623
45.28388
0 -122.958711
45.280404
0 -122.95564
45.276123
0 -122.954429
45.273639
0 -122.951557
45.26985
0 -122.949691
45.26826
0 -122.947317
45.267485
0 -122.943419
45.267586
0 -122.932081
45.268499
0 -122.927207
45.268548
0 -122.921199
45.268197
0 -122.915073
45.267163
0 -122.911711
45.265618
0 -122.908708
45.262835
0 -122.904219
45.259435
0 -122.899416
45.25672
0 -122.896061
45.256966
0 -122.893198
45.257798
0 -122.890193
45.257834
0 -122.882506
45.255313
0 -122.877702
45.254261
0 -122.873461
45.253951
0 -122.867179
45.252972
0 -122.86352
45.253084
0 -122.858823
45.254719
0 -122.854691
45.257252
0 -122.850045
45.259652
0 -122.867816
45.259585
0 -122.868009
45.317376
0 -122.905454
45.317218
0 -122.908866
45.317128
0 -122.908824
45.338071
0 -122.908737
45.346185
0 -122.923293
45.346264
0 -122.928813
45.346292
0 -122.933015
45.346391
0 -122.939203
45.346361
0 -122.962415
45.346324
0 -122.970407
45.346375
0 -122.97035
45.346941
0 -122.970306
45.360746
0 -122.991522
45.361002
0 -122.991519
45.36499
0 -122.991544
45.368014
0 -122.991479
45.375472
0 -123.000654
45.375823
0 -123.011564
45.376894
0 -123.011519
45.382311
0 -123.011451
45.390904
0 -123.014471
45.390836
0 -123.027869
45.390542
0 -123.031976
45.390453
0 -123.031977
45.391038
0 -123.03201
45.404839
0 -123.052751
45.404659
0 -123.062887
45.40461
0 -123.063599
45.404607
0 -123.103117
45.404355
0 -123.111876
45.404296
0 -123.114409
45.40428
0 -123.11445
45.418886
0 -123.135227
45.418888
0 -123.135505
45.428083
0 -123.135329
45.433302
0 -123.138957
45.433347
0 -123.139236
45.433351
0 -123.140252
45.433363
0 -123.155788
45.433475
0 -123.176883
45.433542
0 -123.180952
45.433537
0 -123.186358
45.433398
0 -123.196995
45.433525
0 -123.209332
45.43367
0 -123.464932
45.43384
0 -123.46462
45.39673
0 -123.463675
45.386505
0 -123.463547
45.377799
0 -123.46369
45.374536
0 -123.463771
45.373845
0 -123.463523
45.367536
0 -123.462258
45.338219
0 -123.463025
45.298496
0 -123.462738
45.294715
0 -123.46301
45.280165
0 -123.463061
45.274486
0 -123.463198
45.25992
0 -123.463278
45.216269
0 -123.482791
45.216275
0 -123.507619
45.216041
0 -123.605779
45.216579
0 -123.614034
45.216996
0 -123.652241
45.217114
0 -123.657906
45.21687
0 -123.663593
45.216922
0 -123.68536
45.216156
0 -123.741689
45.216294
0 -123.761967
45.216139
0 -123.78441
45.216034
0 -123.784634
45.210505
0 -123.783722
45.173012
0 -123.784808
45.132899
0 