-97.637496
43.16877
0 -97.636554
43.067855
0 -97.635604
43.010136
0 -97.635324
42.995914
0 -97.634783
42.966634
0 -97.635235
42.937668
0 -97.635235
42.933639
0 -97.6354116902609
42.8514487858569
0 -97.620276
42.856598
0 -97.611811
42.858367
0 -97.603762
42.858329
0 -97.6030210323624
42.8579833687164
0 -97.59926
42.856229
0 -97.591916
42.853837
0 -97.574551
42.849653
0 -97.561928
42.847552
0 -97.547473
42.848028
0 -97.531867
42.850105
0 -97.5266239832028
42.8513061610189
0 -97.515948
42.853752
0 -97.504847
42.858477
0 -97.500341
42.85722
0 -97.499088
42.855197
0 -97.49623
42.853231
0 -97.49149
42.851625
0 -97.484921
42.850368
0 -97.4823175942494
42.8503837376529
0 -97.470529
42.850455
0 -97.461666
42.849176
0 -97.458772
42.848322
0 -97.456383
42.846937
0 -97.452177
42.846048
0 -97.442279
42.846224
0 -97.439114
42.84711
0 -97.431951
42.851542
0 -97.425543
42.856658
0 -97.425087
42.858221
0 -97.42319
42.861168
0 -97.417066
42.865918
0 -97.413422
42.867351
0 -97.408315
42.868334
0 -97.404442
42.86775
0 -97.399303
42.864835
0 -97.393966
42.86425
0 -97.39396399568
42.8642501096684
0 -97.376695
42.865195
0 -97.375337
42.862991
0 -97.368643
42.858419
0 -97.3669818187862
42.8576207417582
0 -97.361784
42.855123
0 -97.359569
42.854816
0 -97.341181
42.855882
0 -97.336156
42.856802
0 -97.330749
42.858406
0 -97.3286672656504
42.8594245429458
0 -97.328511
42.859501
0 -97.3269602832518
42.8607828684909
0 -97.326348
42.861289
0 -97.324457
42.861998
0 -97.318066
42.863247
0 -97.311091
42.865821
0 -97.308853
42.867307
0 -97.3067771130481
42.8675903356731
0 -97.306677
42.867604
0 -97.302075
42.86566
0 -97.3007723592336
42.8645764920737
0 -97.289859
42.855499
0 -97.2874789668742
42.8551822849635
0 -97.2830086651649
42.8545874143486
0 -97.2786371161308
42.8540056849193
0 -97.2786086820092
42.8540019011426
0 -97.2767681840231
42.8537569829604
0 -97.267946
42.852583
0 -97.2665231549967
42.8527520534085
0 -97.257949452737
42.8537707262694
0 -97.256752
42.853913
0 -97.251764
42.855432
0 -97.2495876663067
42.8554007932201
0 -97.2495863554299
42.8554007744232
0 -97.248556
42.855386
0 -97.237868
42.853139
0 -97.231929
42.851335
0 -97.218825
42.845848
0 -97.217411
42.843519
0 -97.2181702693918
42.8311671559778
0 -97.218269
42.829561
0 -97.2180715505857
42.8287536612786
0 -97.21783
42.827766
0 -97.215059
42.822977
0 -97.213957
42.820143
0 -97.213084
42.813007
0 -97.212353467557
42.8118202679266
0 -97.211654
42.810684
0 -97.210126
42.809296
0 -97.204726
42.806505
0 -97.200431
42.805485
0 -97.1876
42.804835
0 -97.178488
42.80323
0 -97.172083
42.802925
0 -97.166978
42.802087
0 -97.163857
42.801257
0 -97.160351504817
42.7997334187348
0 -97.160397
42.822687
0 -97.16072
42.909547
0 -97.160704
42.924035
0 -97.160697
42.924184
0 -97.160631
42.996316
0 -97.160631
43.003504
0 -97.160594
43.010418
0 -97.160505
43.07985
0 -97.160543
43.083145
0 -97.160509
43.086757
0 -97.160488
43.089918
0 -97.160516
43.133626
0 -97.160517
43.137152
0 -97.160521
43.141011
0 -97.160514
43.144324
0 -97.160525
43.151811
0 -97.160544
43.169978
0 -97.170444
43.169952
0 -97.239646
43.169746
0 -97.268971
43.169629
0 -97.278822
43.169579
0 -97.368491
43.169516
0 -97.377727
43.169492
0 -97.399191
43.169419
0 -97.406981
43.169347
0 -97.409036
43.169355
0 -97.418937
43.169337
0 -97.518429
43.169028
0 -97.614791
43.16874
0 -97.637496
43.16877
0 