-66.926517
18.151267
0 -66.925139
18.147199
0 -66.925664
18.145875
0 -66.924621
18.144087
0 -66.924647
18.142696
0 -66.923069
18.141298
0 -66.921741
18.139347
0 -66.92048
18.138704
0 -66.919636
18.136639
0 -66.919698
18.134781
0 -66.917843
18.133224
0 -66.91835
18.131628
0 -66.917409
18.129643
0 -66.917192
18.127091
0 -66.916467
18.126243
0 -66.916889
18.124129
0 -66.918754
18.123488
0 -66.917275
18.122381
0 -66.917983
18.119861
0 -66.920217
18.119302
0 -66.92095
18.117842
0 -66.923644
18.115349
0 -66.922578
18.112379
0 -66.921743
18.108288
0 -66.921024
18.107081
0 -66.920696
18.103469
0 -66.91988
18.10305
0 -66.917565
18.102378
0 -66.915871
18.09985
0 -66.916016
18.096017
0 -66.918667
18.09464
0 -66.919509
18.092775
0 -66.918565
18.0896
0 -66.915727
18.08589
0 -66.914165
18.084736
0 -66.913145
18.081604
0 -66.912155
18.08035
0 -66.913357
18.080049
0 -66.912871
18.074765
0 -66.910172
18.072213
0 -66.909261
18.07008
0 -66.909971
18.068928
0 -66.909313
18.067514
0 -66.909108
18.064945
0 -66.907394
18.064219
0 -66.906192
18.062273
0 -66.9036
18.06231
0 -66.903294
18.061181
0 -66.904172
18.059919
0 -66.903108
18.055394
0 -66.900904
18.054207
0 -66.9027
18.052939
0 -66.901253
18.051007
0 -66.900208
18.047839
0 -66.898525
18.043907
0 -66.898026
18.043008
0 -66.891677
18.036504
0 -66.890613
18.036555
0 -66.887484
18.034075
0 -66.887018
18.03021
0 -66.884653
18.024816
0 -66.885
18.021671
0 -66.885705
18.020469
0 -66.883916
18.019518
0 -66.882194
18.020358
0 -66.881658
18.017737
0 -66.882459
18.01693
0 -66.879649
18.015897
0 -66.878133
18.016286
0 -66.875936
18.014806
0 -66.87518
18.014335
0 -66.875138
18.012943
0 -66.875257
18.011348
0 -66.873198
18.009413
0 -66.869528
18.007541
0 -66.868899
18.007103
0 -66.867445
18.005379
0 -66.86604
18.003195
0 -66.864777
17.999785
0 -66.863219
17.998029
0 -66.863116
17.995441
0 -66.862919
17.995152
0 -66.862894
17.991788
0 -66.863864
17.987465
0 -66.863291
17.967658
0 -66.863356
17.965377
0 -66.861616
17.961337
0 -66.859425580849
17.95432666756
0 -66.858055
17.955165
0 -66.8558685832416
17.9561106356993
0 -66.85544
17.956296
0 -66.853301
17.955843
0 -66.8524958160904
17.9548577027926
0 -66.836682
17.965971
0 -66.835429
17.986323
0 -66.835282
17.988274
0 -66.833718
17.989763
0 -66.830247
17.991285
0 -66.831423
17.997046
0 -66.830305
17.999432
0 -66.828506
17.999003
0 -66.825979
17.999698
0 -66.825847
18.003427
0 -66.827234
18.005803
0 -66.826499
18.006624
0 -66.826931
18.008351
0 -66.828666
18.00901
0 -66.829491
18.008418
0 -66.830929
18.009926
0 -66.830206
18.011563
0 -66.828811
18.01226
0 -66.82988
18.014671
0 -66.830158
18.017935
0 -66.829663
18.018709
0 -66.82458
18.020457
0 -66.823839
18.02119
0 -66.821777
18.021104
0 -66.820722
18.025178
0 -66.818062
18.029528
0 -66.819159
18.031103
0 -66.821496
18.032694
0 -66.821488
18.035499
0 -66.821925
18.036817
0 -66.823742
18.038952
0 -66.824653
18.041102
0 -66.824983
18.042682
0 -66.824073
18.043852
0 -66.824395
18.046609
0 -66.823994
18.047706
0 -66.819317
18.055106
0 -66.818608
18.056456
0 -66.818993
18.059769
0 -66.818541
18.063296
0 -66.816614
18.070727
0 -66.815813
18.071444
0 -66.81522
18.07288
0 -66.813604
18.075113
0 -66.809201
18.081226
0 -66.808595
18.082034
0 -66.80221
18.090992
0 -66.805259
18.094035
0 -66.806715
18.096877
0 -66.805176
18.101027
0 -66.805879
18.103902
0 -66.808987
18.105516
0 -66.810013
18.108313
0 -66.808752
18.109412
0 -66.81041
18.110949
0 -66.810704
18.113085
0 -66.809443
18.114303
0 -66.807227
18.114936
0 -66.806796
18.115751
0 -66.803189
18.116976
0 -66.802113
18.118854
0 -66.800081
18.120393
0 -66.796268
18.121461
0 -66.796181
18.122297
0 -66.796698
18.123015
0 -66.797391
18.127799
0 -66.798973
18.13122
0 -66.798936
18.132741
0 -66.797557
18.133445
0 -66.79987
18.138041
0 -66.800927
18.138282
0 -66.802332
18.140068
0 -66.803365
18.140384
0 -66.803408
18.145368
0 -66.804058
18.148056
0 -66.806732
18.148314
0 -66.808436
18.149049
0 -66.812042
18.149827
0 -66.813219
18.149667
0 -66.817006
18.150581
0 -66.81809
18.150509
0 -66.821028
18.152818
0 -66.822143
18.156353
0 -66.82434
18.157996
0 -66.824821
18.159348
0 -66.826278
18.160216
0 -66.825856
18.162495
0 -66.824314
18.165589
0 -66.823959
18.167529
0 -66.826359
18.169207
0 -66.827327
18.171242
0 -66.828278
18.170427
0 -66.830798
18.171018
0 -66.832474
18.170514
0 -66.83676
18.170553
0 -66.837537
18.168173
0 -66.838435
18.167067
0 -66.84065
18.165751
0 -66.840985
18.164616
0 -66.842883
18.164232
0 -66.844003
18.161037
0 -66.844888
18.162056
0 -66.84757
18.162198
0 -66.85012
18.162886
0 -66.854553
18.145152
0 -66.855593
18.143567
0 -66.856158
18.139264
0 -66.858513
18.137981
0 -66.859658
18.138137
0 -66.863983
18.138224
0 -66.865724
18.138901
0 -66.870215
18.138936
0 -66.872686
18.141668
0 -66.875288
18.142392
0 -66.876313
18.143252
0 -66.87634
18.144651
0 -66.878533
18.146944
0 -66.88272
18.148948
0 -66.884879
18.151507
0 -66.887886
18.153383
0 -66.889733
18.152303
0 -66.890682
18.148364
0 -66.891701
18.147763
0 -66.895212
18.148609
0 -66.898754
18.147082
0 -66.901236
18.146352
0 -66.903806
18.146363
0 -66.905134
18.148105
0 -66.907473
18.149366
0 -66.909497
18.149389
0 -66.91037
18.151152
0 -66.912216
18.151433
0 -66.913988
18.152562
0 -66.915609
18.154265
0 -66.918076
18.153752
0 -66.919425
18.154024
0 -66.920765
18.153409
0 -66.921432
18.152504
0 -66.926517
18.151267
0 