-90.759753
32.835763
0 -90.759467
32.814836
0 -90.759635
32.814006
0 -90.753991
32.817988
0 -90.748615
32.818221
0 -90.747095
32.817374
0 -90.744355
32.814306
0 -90.743784
32.811948
0 -90.74145
32.809475
0 -90.740392
32.808995
0 -90.735886
32.809818
0 -90.733308
32.809734
0 -90.731842
32.812448
0 -90.72966
32.813546
0 -90.730135
32.814999
0 -90.72809
32.815669
0 -90.728369
32.818619
0 -90.726804
32.819608
0 -90.723389
32.818882
0 -90.722787
32.816406
0 -90.720312
32.814953
0 -90.715429
32.814278
0 -90.710903
32.817271
0 -90.70866
32.817968
0 -90.707327
32.816639
0 -90.705535
32.815917
0 -90.701288
32.81754
0 -90.697191
32.817163
0 -90.694289
32.814926
0 -90.694777
32.814124
0 -90.696804
32.813568
0 -90.700187
32.813234
0 -90.702749
32.81112
0 -90.709499
32.806884
0 -90.710992
32.805522
0 -90.712249
32.803925
0 -90.714447
32.799788
0 -90.715496
32.796194
0 -90.715836
32.79341
0 -90.715415
32.789861
0 -90.711273
32.782049
0 -90.70767
32.777785
0 -90.700616
32.774383
0 -90.696794
32.773037
0 -90.692642
32.769647
0 -90.689758
32.765881
0 -90.68919
32.763875
0 -90.689449
32.760857
0 -90.6905
32.757565
0 -90.693061
32.754297
0 -90.69951
32.750132
0 -90.703337
32.748795
0 -90.709416
32.747435
0 -90.713781
32.74748
0 -90.717628
32.747993
0 -90.721867
32.750132
0 -90.729578
32.757217
0 -90.730971
32.757575
0 -90.733155
32.757558
0 -90.735847
32.756232
0 -90.736667
32.754249
0 -90.736656
32.752607
0 -90.735448
32.747497
0 -90.735226
32.743805
0 -90.737272
32.739112
0 -90.741622
32.733452
0 -90.742344
32.731776
0 -90.742634
32.729225
0 -90.74193
32.72711
0 -90.739562
32.723985
0 -90.733874
32.718702
0 -90.729443
32.716243
0 -90.726035
32.715228
0 -90.723344
32.713645
0 -90.717734
32.709001
0 -90.713735
32.707313
0 -90.708501
32.706931
0 -90.70124
32.707417
0 -90.69775
32.707207
0 -90.693271
32.706523
0 -90.688676
32.705369
0 -90.683233
32.702915
0 -90.671389
32.696463
0 -90.66744
32.693264
0 -90.664408
32.689129
0 -90.663751
32.686006
0 -90.664182
32.679464
0 -90.66532
32.674501
0 -90.667678
32.670983
0 -90.670064
32.669581
0 -90.672371
32.668346
0 -90.675837
32.665134
0 -90.678617
32.664202
0 -90.684171
32.663747
0 -90.687379
32.664394
0 -90.690819
32.666148
0 -90.693233
32.668263
0 -90.694878
32.67109
0 -90.695378
32.674281
0 -90.694846
32.677568
0 -90.695026
32.680991
0 -90.695601
32.685119
0 -90.697173
32.687875
0 -90.699308
32.689256
0 -90.704416
32.690779
0 -90.708028
32.690319
0 -90.710533
32.688983
0 -90.712206
32.687444
0 -90.712891
32.685229
0 -90.712983
32.682613
0 -90.712395
32.681134
0 -90.712131
32.678382
0 -90.713131
32.676572
0 -90.717199
32.67165
0 -90.721312
32.665487
0 -90.723159
32.662128
0 -90.724151
32.660325
0 -90.724601
32.657339
0 -90.723269
32.653779
0 -90.720507
32.651055
0 -90.718903
32.646554
0 -90.716536
32.644267
0 -90.712819
32.642346
0 -90.706956
32.641593
0 -90.698313
32.641973
0 -90.69475
32.641125
0 -90.693011
32.640113
0 -90.691871
32.638299
0 -90.691405
32.636284
0 -90.692295
32.632696
0 -90.697563
32.625135
0 -90.700279
32.623657
0 -90.702619
32.623845
0 -90.706277
32.626154
0 -90.707745
32.625856
0 -90.710275
32.624204
0 -90.715308
32.623638
0 -90.719436
32.62442
0 -90.720703
32.624043
0 -90.721086
32.621229
0 -90.720102
32.618858
0 -90.689946
32.618658
0 -90.690249
32.589388
0 -90.655527
32.589771
0 -90.655356
32.580003
0 -90.654591
32.574743
0 -90.654228
32.546041
0 -90.588019
32.546067
0 -90.587925
32.531756
0 -90.553904
32.531907
0 -90.553821
32.507574
0 -90.549853
32.509229
0 -90.54795
32.510543
0 -90.545883
32.510147
0 -90.545362
32.508909
0 -90.54357
32.50813
0 -90.543165
32.505497
0 -90.539945
32.5058
0 -90.541189
32.507894
0 -90.540396
32.509159
0 -90.536464
32.507147
0 -90.534859
32.508983
0 -90.532016
32.510862
0 -90.530232
32.510908
0 -90.529927
32.509639
0 -90.524894
32.505372
0 -90.523027
32.503242
0 -90.522217
32.50311
0 -90.520978
32.505034
0 -90.522448
32.507479
0 -90.520551
32.509135
0 -90.521779
32.510781
0 -90.522524
32.51371
0 -90.525488
32.514522
0 -90.525271
32.516576
0 -90.524422
32.516945
0 -90.523045
32.51531
0 -90.52117
32.515104
0 -90.519779
32.516134
0 -90.519974
32.517714
0 -90.521535
32.517538
0 -90.523538
32.519333
0 -90.522349
32.520208
0 -90.518975
32.521491
0 -90.518064
32.522499
0 -90.515841
32.522808
0 -90.515292
32.525288
0 -90.513305
32.525361
0 -90.511671
32.523154
0 -90.510318
32.522387
0 -90.507859
32.523903
0 -90.506469
32.524007
0 -90.506305
32.522332
0 -90.502692
32.523046
0 -90.502499
32.525091
0 -90.501625
32.525395
0 -90.499005
32.523947
0 -90.497217
32.525485
0 -90.498725
32.527397
0 -90.494673
32.529836
0 -90.492346
32.530619
0 -90.491252
32.531881
0 -90.492403
32.53386
0 -90.48692
32.537839
0 -90.486441
32.540546
0 -90.484132
32.542993
0 -90.481714
32.544197
0 -90.479251
32.543489
0 -90.471487
32.543308
0 -90.471212
32.544013
0 -90.472575
32.546729
0 -90.472461
32.547971
0 -90.471033
32.548882
0 -90.468878
32.547782
0 -90.465137
32.547656
0 -90.464662
32.548497
0 -90.464682
32.553564
0 -90.462515
32.559044
0 -90.458978
32.560296
0 -90.457742
32.559829
0 -90.45917
32.558178
0 -90.45785
32.556909
0 -90.455782
32.557116
0 -90.453956
32.55833
0 -90.453447
32.560546
0 -90.453733
32.562325
0 -90.451506
32.562902
0 -90.451151
32.563709
0 -90.454981
32.566047
0 -90.453552
32.567124
0 -90.451886
32.570263
0 -90.451895
32.573295
0 -90.450037
32.573783
0 -90.449827
32.575435
0 -90.451494
32.577818
0 -90.451396
32.578631
0 -90.450543
32.579409
0 -90.449445
32.578392
0 -90.448076
32.578515
0 -90.446365
32.580723
0 -90.44405
32.581155
0 -90.443145
32.582023
0 -90.444876
32.58276
0 -90.445613
32.58394
0 -90.444056
32.584806
0 -90.441393
32.584466
0 -90.440253
32.585405
0 -90.438344
32.585715
0 -90.436266
32.585327
0 -90.433365
32.58589
0 -90.430347
32.583773
0 -90.428716
32.585943
0 -90.426155
32.583666
0 -90.424702
32.583025
0 -90.42156
32.583253
0 -90.419338
32.580671
0 -90.418596
32.577322
0 -90.417759
32.577081
0 -90.415139
32.579887
0 -90.414997
32.578175
0 -90.414
32.578093
0 -90.412325
32.579642
0 -90.409676
32.577703
0 -90.409679
32.576565
0 -90.411214
32.576166
0 -90.410836
32.573957
0 -90.406885
32.576384
0 -90.404875
32.574716
0 -90.402891
32.577828
0 -90.400944
32.579059
0 -90.398811
32.579488
0 -90.397794
32.580574
0 -90.398242
32.583611
0 -90.396318
32.584299
0 -90.395381
32.585689
0 -90.394619
32.583551
0 -90.393086
32.58216
0 -90.388368
32.582992
0 -90.385829
32.584259
0 -90.385865
32.585208
0 -90.387369
32.585093
0 -90.388588
32.587524
0 -90.386562
32.587501
0 -90.382629
32.588971
0 -90.381706
32.590253
0 -90.382066
32.592963
0 -90.380304
32.593503
0 -90.379897
32.592689
0 -90.378049
32.592486
0 -90.377241
32.593676
0 -90.380517
32.594478
0 -90.381164
32.59605
0 -90.374893
32.596616
0 -90.373608
32.597487
0 -90.373004
32.599671
0 -90.371497
32.60239
0 -90.368867
32.602248
0 -90.368417
32.600284
0 -90.369295
32.597073
0 -90.368687
32.595523
0 -90.367207
32.595582
0 -90.364886
32.596811
0 -90.363606
32.598639
0 -90.364004
32.603156
0 -90.363788
32.603331
0 -90.362267
32.604212
0 -90.359281
32.604437
0 -90.35826
32.606263
0 -90.357212
32.606376
0 -90.357126
32.605216
0 -90.358606
32.603303
0 -90.357991
32.602118
0 -90.356208
32.602273
0 -90.352565
32.60535
0 -90.351578
32.609202
0 -90.353318
32.610768
0 -90.35324
32.611409
0 -90.351466
32.611227
0 -90.350185
32.613096
0 -90.3479
32.612889
0 -90.346203
32.613546
0 -90.345598
32.612785
0 -90.345809
32.610176
0 -90.344236
32.608424
0 -90.34468
32.606103
0 -90.341964
32.605306
0 -90.340439
32.606216
0 -90.338111
32.605463
0 -90.337048
32.605877
0 -90.335627
32.606631
0 -90.333342
32.608682
0 -90.331867
32.610546
0 -90.329932
32.611648
0 -90.332446
32.612061
0 -90.332729
32.612919
0 -90.329377
32.614293
0 -90.326989
32.614429
0 -90.322828
32.615589
0 -90.322165
32.6167
0 -90.323023
32.617889
0 -90.322156
32.61977
0 -90.324953
32.621348
0 -90.324816
32.622323
0 -90.321639
32.622781
0 -90.319408
32.623784
0 -90.31818
32.623823
0 -90.315272
32.626747
0 -90.315968
32.62853
0 -90.315013
32.630469
0 -90.315666
32.63237
0 -90.314233
32.632915
0 -90.313229
32.634299
0 -90.310725
32.6335
0 -90.30976
32.633812
0 -90.310832
32.636258
0 -90.309088
32.637408
0 -90.3094
32.63848
0 -90.310978
32.638616
0 -90.311446
32.640439
0 -90.308912
32.641559
0 -90.304069
32.645102
0 -90.301438
32.646812
0 -90.299703
32.645262
0 -90.297735
32.647114
0 -90.295153
32.646656
0 -90.295425
32.645418
0 -90.293895
32.643888
0 -90.291605
32.644015
0 -90.289481
32.644853
0 -90.288867
32.644444
0 -90.289491
32.642972
0 -90.288107
32.641842
0 -90.286324
32.643079
0 -90.284716
32.645058
0 -90.282828
32.645966
0 -90.283156
32.647172
0 -90.284453
32.647913
0 -90.283342
32.650963
0 -90.283252
32.653132
0 -90.282525
32.653863
0 -90.283789
32.655239
0 -90.283252
32.655767
0 -90.279661
32.655144
0 -90.27918
32.658165
0 -90.277493
32.658442
0 -90.277592
32.660454
0 -90.274823
32.660562
0 -90.274429
32.657537
0 -90.272447
32.658736
0 -90.272571
32.660385
0 -90.27142
32.660194
0 -90.271247
32.657866
0 -90.269733
32.657131
0 -90.268279
32.658256
0 -90.267171
32.656377
0 -90.264375
32.656533
0 -90.264003
32.658472
0 -90.262428
32.660315
0 -90.258767
32.660558
0 -90.257385
32.662542
0 -90.255565
32.663128
0 -90.255262
32.661302
0 -90.25257
32.661146
0 -90.249474
32.662395
0 -90.24866
32.660564
0 -90.244586
32.658666
0 -90.243978
32.659889
0 -90.24536
32.66018
0 -90.245307
32.661807
0 -90.243588
32.66108
0 -90.243779
32.662415
0 -90.241564
32.664512
0 -90.239818
32.663196
0 -90.237894
32.663824
0 -90.239243
32.664842
0 -90.238734
32.665497
0 -90.235142
32.66545
0 -90.233642
32.666845
0 -90.230299
32.66724
0 -90.22909
32.665019
0 -90.227529
32.66537
0 -90.227792
32.667486
0 -90.226208
32.667771
0 -90.225939
32.665963
0 -90.224172
32.664009
0 -90.224016
32.660999
0 -90.222886
32.659896
0 -90.221649
32.659813
0 -90.219696
32.661971
0 -90.21817
32.663063
0 -90.216337
32.663037
0 -90.214732
32.661931
0 -90.213308
32.66216
0 -90.210453
32.66363
0 -90.208854
32.663599
0 -90.208869
32.66482
0 -90.206897
32.666279
0 -90.20392
32.66599
0 -90.202557
32.664958
0 -90.200668
32.664863
0 -90.197729
32.66385
0 -90.19613
32.66583
0 -90.194721
32.66516
0 -90.192696
32.665815
0 -90.193503
32.666988
0 -90.192219
32.668739
0 -90.193313
32.67167
0 -90.192117
32.672325
0 -90.190122
32.671549
0 -90.188477
32.671579
0 -90.184777
32.673513
0 -90.181594
32.67646
0 -90.183383
32.677351
0 -90.182812
32.678189
0 -90.181076
32.677815
0 -90.180947
32.679681
0 -90.178175
32.678752
0 -90.176454
32.679376
0 -90.175365
32.680435
0 -90.174002
32.67959
0 -90.169979
32.681959
0 -90.168238
32.681522
0 -90.168628
32.682692
0 -90.165327
32.684404
0 -90.163634
32.684043
0 -90.161769
32.686097
0 -90.15882
32.687286
0 -90.155281
32.687201
0 -90.154225
32.687762
0 -90.155738
32.688571
0 -90.154901
32.689379
0 -90.154749
32.691215
0 -90.153988
32.691624
0 -90.151724
32.691472
0 -90.151372
32.689769
0 -90.150202
32.690996
0 -90.148442
32.691244
0 -90.149439
32.690086
0 -90.148565
32.689826
0 -90.146352
32.691839
0 -90.145573
32.691726
0 -90.143633
32.689624
0 -90.141982
32.68527
0 -90.140692
32.685391
0 -90.138797
32.687027
0 -90.136053
32.687433
0 -90.13549
32.689087
0 -90.137793
32.689398
0 -90.137533
32.691129
0 -90.135309
32.691821
0 -90.135923
32.693111
0 -90.137161
32.693137
0 -90.136745
32.695275
0 -90.138
32.696253
0 -90.136295
32.6964
0 -90.136027
32.697248
0 -90.137334
32.698797
0 -90.135975
32.698719
0 -90.133292
32.70052
0 -90.131951
32.702199
0 -90.13116
32.702339
0 -90.129631
32.699715
0 -90.127589
32.699386
0 -90.12628
32.699882
0 -90.121247
32.700394
0 -90.122251
32.701972
0 -90.115625
32.701564
0 -90.115234
32.702052
0 -90.116019
32.703386
0 -90.115395
32.704512
0 -90.113001
32.703545
0 -90.110443
32.704137
0 -90.109572
32.702744
0 -90.110158
32.700978
0 -90.107743
32.700591
0 -90.105651
32.702034
0 -90.104983
32.704178
0 -90.101171
32.700373
0 -90.099012
32.700705
0 -90.093977
32.704804
0 -90.09595
32.705791
0 -90.095716
32.706691
0 -90.093625
32.707628
0 -90.090496
32.708771
0 -90.089829
32.709412
0 -90.090574
32.711099
0 -90.087415
32.712865
0 -90.087466
32.713704
0 -90.089789
32.714885
0 -90.087573
32.716988
0 -90.084778
32.716997
0 -90.084432
32.719213
0 -90.082675
32.719914
0 -90.081108
32.718417
0 -90.079498
32.719628
0 -90.080451
32.721602
0 -90.078295
32.724345
0 -90.077768
32.726137
0 -90.074998
32.725332
0 -90.073933
32.72779
0 -90.075924
32.727279
0 -90.076501
32.728033
0 -90.076054
32.729529
0 -90.074085
32.729655
0 -90.073077
32.730979
0 -90.071913
32.730464
0 -90.071034
32.731654
0 -90.069273
32.73023
0 -90.067849
32.731053
0 -90.067252
32.729659
0 -90.064301
32.729815
0 -90.063876
32.730776
0 -90.061791
32.73062
0 -90.061219
32.733086
0 -90.059809
32.731607
0 -90.05755
32.731217
0 -90.056887
32.731869
0 -90.056736
32.734013
0 -90.057368
32.735588
0 -90.054599
32.735752
0 -90.052591
32.734151
0 -90.049129
32.735674
0 -90.048471
32.737674
0 -90.049527
32.73847
0 -90.046705
32.740019
0 -90.046091
32.740867
0 -90.046913
32.742001
0 -90.046619
32.743325
0 -90.045156
32.744208
0 -90.042441
32.744143
0 -90.041071
32.746363
0 -90.039478
32.747644
0 -90.040347
32.749009
0 -90.039842
32.750483
0 -90.038648
32.751556
0 -90.040041
32.752283
0 -90.038007
32.754187
0 -90.039227
32.755442
0 -90.038371
32.75777
0 -90.039384
32.75913
0 -90.034961
32.758956
0 -90.032347
32.760064
0 -90.033109
32.761942
0 -90.030547
32.76311
0 -90.032379
32.763346
0 -90.032745
32.764218
0 -90.031057
32.765092
0 -90.031222
32.766988
0 -90.032918
32.767784
0 -90.030871
32.769369
0 -90.031814
32.770468
0 -90.029789
32.770529
0 -90.030369
32.772312
0 -90.029962
32.77361
0 -90.031797
32.774778
0 -90.030447
32.775566
0 -90.027746
32.775678
0 -90.025842
32.776977
0 -90.02521
32.778145
0 -90.026846
32.77914
0 -90.025894
32.77998
0 -90.025695
32.781399
0 -90.024163
32.782204
0 -90.02483
32.78429
0 -90.02219
32.78519
0 -90.02283
32.787189
0 -90.021541
32.790115
0 -90.02084
32.79381
0 -90.023159
32.79381
0 -90.023358
32.795411
0 -90.020404
32.795864
0 -90.0209
32.798492
0 -90.01942
32.800197
0 -90.017975
32.800474
0 -90.018269
32.802283
0 -90.0173
32.803703
0 -90.020796
32.806239
0 -90.019799
32.808362
0 -90.018482
32.809819
0 -90.017705
32.813137
0 -90.017546
32.813198
0 -90.017832
32.813311
0 -90.018354
32.813232
0 -90.019508
32.812958
0 -90.019793
32.812977
0 -90.018773
32.814877
0 -90.018476
32.817385
0 -90.019283
32.818508
0 -90.018111
32.819746
0 -90.017935
32.820323
0 -90.018093
32.821088
0 -90.019095
32.822679
0 -90.017704
32.823651
0 -90.018457
32.824986
0 -90.016563
32.825757
0 -90.017358
32.82716
0 -90.015282
32.828702
0 -90.014195
32.830712
0 -90.011772
32.830645
0 -90.010163
32.827913
0 -90.009022
32.828295
0 -90.007358
32.831641
0 -90.006994
32.829139
0 -90.006083
32.829042
0 -90.000795
32.830542
0 -89.997759
32.831999
0 -89.995057
32.834324
0 -89.994951
32.836706
0 -89.9933
32.838999
0 -89.992984
32.840604
0 -89.990637
32.84423
0 -89.991027
32.845875
0 -89.992801
32.846026
0 -89.992094
32.847583
0 -89.990673
32.847659
0 -89.988594
32.846896
0 -89.987812
32.84743
0 -89.987591
32.849342
0 -89.98844
32.850309
0 -89.987171
32.851472
0 -89.987189
32.852432
0 -89.985873
32.852967
0 -89.986283
32.854256
0 -89.984559
32.854362
0 -89.982984
32.856336
0 -89.983419
32.857046
0 -89.985667
32.856699
0 -89.984305
32.860059
0 -89.982559
32.860038
0 -89.981413
32.861894
0 -89.981718
32.863501
0 -89.983673
32.863821
0 -89.983301
32.864531
0 -89.980018
32.866149
0 -89.97688
32.865172
0 -89.976462
32.866936
0 -89.975261
32.866827
0 -89.972318
32.867621
0 -89.973195
32.868823
0 -89.972069
32.870139
0 -89.972392
32.872083
0 -89.971618
32.873286
0 -89.968208
32.875585
0 -89.966106
32.878515
0 -89.965882
32.879573
0 -89.981215
32.884944
0 -90.003645
32.892801
0 -90.099219
32.926309
0 -90.110632
32.93031
0 -90.170202
32.951375
0 -90.173932
32.952697
0 -90.222782
32.969968
0 -90.273738
32.987917
0 -90.293188
32.995353
0 -90.30764
33.000129
0 -90.316206
33.002435
0 -90.319159
33.003462
0 -90.338339
33.010131
0 -90.336787
33.012541
0 -90.337041
33.014086
0 -90.339448
33.01697
0 -90.342402
33.02117
0 -90.343351
33.021904
0 -90.346221
33.022385
0 -90.349465
33.020621
0 -90.350519
33.018718
0 -90.351358
33.014418
0 -90.353859
33.012072
0 -90.354911
33.01198
0 -90.358181
33.01106
0 -90.364031
33.010596
0 -90.364042
33.009866
0 -90.449323
33.00901
0 -90.449893
32.92329
0 -90.463929
32.923268
0 -90.51847
32.92294
0 -90.545469
32.923103
0 -90.599354
32.922539
0 -90.610141
32.92284
0 -90.615939
32.922638
0 -90.633689
32.922863
0 -90.634766
32.92273
0 -90.656632
32.92251
0 -90.656712
32.92251
0 -90.698268
32.886274
0 -90.706536
32.879133
0 -90.706793
32.878594
0 -90.759753
32.835763
0 