-108.92521
46.030419
0 -108.924691
46.017723
0 -108.921967
46.002851
0 -108.921992
45.990434
0 -108.922078
45.974081
0 -108.922155
45.959475
0 -108.901279
45.959536
0 -108.901641
45.901916
0 -108.901818
45.8565
0 -108.901173
45.828011
0 -108.901778
45.81356
0 -108.901766
45.802883
0 -108.9015
45.784166
0 -108.904582
45.784168
0 -108.90482
45.769645
0 -108.905396
45.706539
0 -108.905232
45.682437
0 -108.884691
45.682915
0 -108.884437
45.661687
0 -108.884427
45.653761
0 -108.863837
45.653689
0 -108.863704
45.639409
0 -108.843145
45.639458
0 -108.842697
45.611006
0 -108.84123
45.610961
0 -108.835605
45.613355
0 -108.830686
45.61655
0 -108.828077
45.618928
0 -108.822387
45.621459
0 -108.819273
45.623323
0 -108.817108
45.623938
0 -108.808463
45.624951
0 -108.806827
45.625952
0 -108.801154
45.632686
0 -108.798523
45.634892
0 -108.794337
45.635935
0 -108.788725
45.636061
0 -108.782085
45.638651
0 -108.782285
45.621626
0 -108.781945
45.615657
0 -108.783146
45.614117
0 -108.782891
45.613142
0 -108.784298
45.612413
0 -108.78721
45.612421
0 -108.789073
45.611607
0 -108.789933
45.610456
0 -108.78693
45.607913
0 -108.788749
45.606696
0 -108.791683
45.60676
0 -108.793232
45.605732
0 -108.793635
45.604474
0 -108.78995
45.601176
0 -108.789959
45.598647
0 -108.791132
45.597106
0 -108.797211
45.596418
0 -108.798589
45.595447
0 -108.798169
45.59384
0 -108.795992
45.591434
0 -108.796854
45.588631
0 -108.798386
45.587791
0 -108.80237
45.587079
0 -108.801661
45.552067
0 -108.7603
45.551832
0 -108.760377
45.522952
0 -108.699213
45.52247
0 -108.699089
45.508324
0 -108.698163
45.464206
0 -108.679682
45.464457
0 -108.644971
45.464091
0 -108.564079
45.464168
0 -108.444989
45.464364
0 -108.444807
45.460504
0 -108.434878
45.460463
0 -108.316374
45.460509
0 -108.316249
45.489459
0 -108.193191
45.489396
0 -108.193125
45.518413
0 -108.12113
45.518247
0 -108.070656
45.518246
0 -108.069703
45.518246
0 -108.069464
45.623226
0 -108.069611
45.625619
0 -108.069329
45.645568
0 -108.069311
45.681267
0 -108.069265
45.748611
0 -108.069523
45.749957
0 -108.06906
45.782497
0 -108.069044
45.783599
0 -108.047378
45.783359
0 -108.047394
45.797994
0 -108.04741
45.899316
0 -107.881553
45.89897
0 -107.881542
45.928033
0 -107.840053
45.928176
0 -107.839952
45.956777
0 -107.798148
45.95668
0 -107.798047
45.985681
0 -107.674438
45.985685
0 -107.674261
46.043627
0 -107.511497
46.043257
0 -107.512997
46.046016
0 -107.516808
46.048767
0 -107.517629
46.050042
0 -107.51585
46.053431
0 -107.51541
46.056217
0 -107.517076
46.058084
0 -107.51726
46.059873
0 -107.516398
46.060466
0 -107.513216
46.060369
0 -107.508839
46.062317
0 -107.50763
46.06335
0 -107.506706
46.068694
0 -107.50531
46.070606
0 -107.500627
46.07132
0 -107.501802
46.075195
0 -107.503547
46.077085
0 -107.503221
46.079952
0 -107.501556
46.08118
0 -107.498557
46.081971
0 -107.494163
46.084077
0 -107.49616
46.085351
0 -107.49814
46.087872
0 -107.497103
46.089422
0 -107.494082
46.089759
0 -107.488748
46.088554
0 -107.484544
46.089155
0 -107.484639
46.093551
0 -107.485746
46.095225
0 -107.486638
46.0991
0 -107.485227
46.100319
0 -107.480619
46.099776
0 -107.478104
46.100508
0 -107.474487
46.102996
0 -107.473438
46.106731
0 -107.477353
46.115914
0 -107.479879
46.117915
0 -107.481269
46.12016
0 -107.483975
46.122842
0 -107.484289
46.124401
0 -107.482633
46.125491
0 -107.47881
46.12509
0 -107.477465
46.124145
0 -107.473714
46.123658
0 -107.46952
46.124986
0 -107.466963
46.127556
0 -107.466996
46.129995
0 -107.469095
46.131301
0 -107.473701
46.132213
0 -107.475851
46.134233
0 -107.473934
46.137055
0 -107.469919
46.138616
0 -107.465111
46.138801
0 -107.462965
46.139913
0 -107.462651
46.141426
0 -107.463611
46.144062
0 -107.464542
46.14607
0 -107.470059
46.147882
0 -107.474342
46.150838
0 -107.47499
46.153138
0 -107.474308
46.155181
0 -107.471326
46.157848
0 -107.466188
46.160667
0 -107.466068
46.162527
0 -107.466091
46.163561
0 -107.466381
46.177535
0 -107.472906
46.177765
0 -107.486916
46.177687
0 -107.487022
46.192296
0 -107.507924
46.192093
0 -107.507959
46.221294
0 -107.528859
46.221148
0 -107.528893
46.243873
0 -107.528565
46.250592
0 -107.549692
46.250581
0 -107.549656
46.26493
0 -107.55473
46.264793
0 -107.567315
46.264839
0 -107.570676
46.265136
0 -107.57035
46.293652
0 -107.591186
46.293647
0 -107.591257
46.308156
0 -107.61278
46.30811
0 -107.612455
46.351499
0 -107.6158
46.35148
0 -107.632635
46.350589
0 -107.633295
46.361028
0 -107.633327
46.366049
0 -107.654218
46.366053
0 -107.654593
46.394811
0 -107.67532
46.394786
0 -107.675409
46.409263
0 -107.696257
46.409306
0 -107.696406
46.438263
0 -107.717288
46.438309
0 -107.717372
46.467312
0 -107.738304
46.467402
0 -107.738547
46.481715
0 -107.755369
46.482008
0 -107.75518
46.496126
0 -107.756285
46.495976
0 -107.781214
46.496014
0 -107.782089
46.395286
0 -107.799592
46.395032
0 -107.88692
46.395298
0 -107.892229
46.3956
0 -107.928505
46.39529
0 -107.928387
46.380797
0 -107.949167
46.380508
0 -107.949183
46.368683
0 -107.949458
46.365889
0 -107.969685
46.365888
0 -107.969784
46.351402
0 -107.990689
46.351398
0 -107.99083
46.336806
0 -108.011552
46.336639
0 -108.011203
46.30778
0 -108.029154
46.307749
0 -108.029531
46.263812
0 -108.126745
46.263437
0 -108.140162
46.263636
0 -108.151361
46.263272
0 -108.158861
46.263421
0 -108.17299
46.262848
0 -108.238291
46.263381
0 -108.24645
46.263829
0 -108.32073
46.264061
0 -108.320898
46.260315
0 -108.320708
46.249966
0 -108.362629
46.249965
0 -108.36273
46.236145
0 -108.40464
46.236126
0 -108.404936
46.132675
0 -108.458294
46.13291
0 -108.477791
46.132794
0 -108.507834
46.132888
0 -108.550861
46.132777
0 -108.716588
46.132579
0 -108.71747
46.132477
0 -108.78014
46.132402
0 -108.86156
46.132409
0 -108.863137
46.132249
0 -108.924129
46.132211
0 -108.924058
46.124951
0 -108.924397
46.122305
0 -108.92521
46.030419
0 