-96.451829
44.797691
0 -96.451888
44.792299
0 -96.451823
44.790471
0 -96.4517198765378
44.7832167978335
0 -96.45162
44.776191
0 -96.45138
44.761788
0 -96.451573
44.76051
0 -96.451232
44.718375
0 -96.4512340814621
44.7182730016624
0 -96.451543
44.703135
0 -96.4516531273485
44.6667924698202
0 -96.4517605285233
44.6313495894722
0 -96.449415
44.631188
0 -96.439501
44.631215
0 -96.425558
44.631175
0 -96.408668
44.631164
0 -96.399197
44.631205
0 -96.397616
44.631049
0 -96.383333
44.630942
0 -96.382374
44.630801
0 -96.378711
44.631005
0 -96.33802
44.630802
0 -96.316863
44.63071
0 -96.302358
44.630735
0 -96.296623
44.630817
0 -96.235686
44.631263
0 -96.215264
44.631333
0 -96.184203
44.631216
0 -96.153909
44.630984
0 -96.143812
44.630893
0 -96.133246
44.630784
0 -96.09295
44.630486
0 -96.03267
44.630185
0 -95.99193
44.6304
0 -95.971539
44.630604
0 -95.910369
44.630725
0 -95.869639
44.630792
0 -95.84932
44.630724
0 -95.84446
44.630728
0 -95.833281
44.630694
0 -95.82906
44.63068
0 -95.72681
44.63022
0 -95.708723
44.630022
0 -95.66544
44.63033
0 -95.604001
44.629945
0 -95.604294
44.556332
0 -95.604502
44.55371
0 -95.604336
44.542547
0 -95.594817
44.542305
0 -95.582643
44.542515
0 -95.544588
44.542218
0 -95.540279
44.541929
0 -95.533217
44.541781
0 -95.531346
44.54203
0 -95.523316
44.541968
0 -95.48292
44.541869
0 -95.477924
44.541891
0 -95.472594
44.541921
0 -95.436404
44.541869
0 -95.431641
44.541856
0 -95.411271
44.54181
0 -95.401118
44.541777
0 -95.390911
44.54177
0 -95.380352
44.541771
0 -95.3604
44.541762
0 -95.360288
44.577507
0 -95.36027
44.591743
0 -95.360509
44.610014
0 -95.360378
44.614236
0 -95.360372
44.628691
0 -95.360374
44.643202
0 -95.360177
44.69854
0 -95.362251
44.700448
0 -95.365041
44.701213
0 -95.367036
44.699909
0 -95.3686
44.699836
0 -95.369756
44.700741
0 -95.374188
44.701688
0 -95.377818
44.702952
0 -95.382128
44.705664
0 -95.379694
44.708069
0 -95.379575
44.711099
0 -95.381405
44.711234
0 -95.382247
44.710209
0 -95.385455
44.709494
0 -95.389351
44.710219
0 -95.39117
44.711114
0 -95.392028
44.713744
0 -95.393619
44.714479
0 -95.396131
44.713545
0 -95.398461
44.714044
0 -95.397253
44.715216
0 -95.399563
44.717719
0 -95.398857
44.718726
0 -95.401355
44.71904
0 -95.400872
44.720327
0 -95.397479
44.721663
0 -95.39715
44.723838
0 -95.399757
44.72559
0 -95.404129
44.727601
0 -95.407896
44.730608
0 -95.411715
44.731752
0 -95.412487
44.732776
0 -95.416765
44.73464
0 -95.418701
44.733761
0 -95.418807
44.731766
0 -95.420326
44.731281
0 -95.422177
44.732
0 -95.423539
44.736113
0 -95.427772
44.739304
0 -95.42853
44.739579
0 -95.431657
44.739398
0 -95.43657
44.741172
0 -95.441107
44.743516
0 -95.444105
44.743397
0 -95.448824
44.742148
0 -95.451977
44.741828
0 -95.455683
44.740881
0 -95.458094
44.740863
0 -95.460224
44.743325
0 -95.462625
44.744211
0 -95.46368
44.746037
0 -95.463124
44.74799
0 -95.463649
44.748751
0 -95.468403
44.749105
0 -95.470037
44.750425
0 -95.471704
44.753227
0 -95.473746
44.754691
0 -95.477221
44.756133
0 -95.478562
44.755909
0 -95.48264
44.753446
0 -95.482843
44.752505
0 -95.486863
44.750743
0 -95.490001
44.751408
0 -95.491436
44.752771
0 -95.491169
44.754541
0 -95.491892
44.758529
0 -95.491476
44.76213
0 -95.489571
44.763197
0 -95.489654
44.764191
0 -95.492093
44.765986
0 -95.495318
44.769794
0 -95.49579
44.769944
0 -95.497861
44.770219
0 -95.499639
44.770643
0 -95.500968
44.771133
0 -95.501501
44.771413
0 -95.504908
44.772939
0 -95.50684
44.772416
0 -95.509101
44.769705
0 -95.508068
44.766644
0 -95.509667
44.765435
0 -95.511631
44.765315
0 -95.515622
44.766617
0 -95.515888
44.767867
0 -95.515137
44.770866
0 -95.516255
44.771737
0 -95.518491
44.771646
0 -95.523424
44.76956
0 -95.525413
44.769521
0 -95.528772
44.770633
0 -95.530161
44.771784
0 -95.5306
44.774538
0 -95.529372
44.774848
0 -95.526584
44.77446
0 -95.522985
44.775184
0 -95.522494
44.776585
0 -95.525142
44.778882
0 -95.526066
44.782205
0 -95.525482
44.783059
0 -95.521211
44.783733
0 -95.513005
44.783383
0 -95.509024
44.784028
0 -95.506261
44.785312
0 -95.501329
44.786031
0 -95.498456
44.786867
0 -95.497566
44.788828
0 -95.500295
44.791427
0 -95.501224
44.791724
0 -95.503983
44.794421
0 -95.507603
44.795143
0 -95.51012
44.796052
0 -95.51228
44.79761
0 -95.515751
44.799404
0 -95.519483
44.801835
0 -95.523609
44.802131
0 -95.528884
44.802339
0 -95.53957
44.802485
0 -95.545098
44.803528
0 -95.545303
44.803694
0 -95.54404
44.805437
0 -95.540386
44.806835
0 -95.535689
44.811478
0 -95.535371
44.812327
0 -95.535445
44.814064
0 -95.536509
44.815126
0 -95.544316
44.819386
0 -95.546147
44.819555
0 -95.552805
44.822136
0 -95.55735
44.822443
0 -95.560203
44.823183
0 -95.564556
44.8266
0 -95.56549
44.827377
0 -95.567031
44.82897
0 -95.567305
44.831242
0 -95.565841
44.833394
0 -95.567895
44.835394
0 -95.569348
44.83747
0 -95.573553
44.840324
0 -95.576881
44.838896
0 -95.579226
44.83909
0 -95.583227
44.840505
0 -95.587973
44.840994
0 -95.600476
44.843181
0 -95.600682
44.844476
0 -95.596614
44.847872
0 -95.596878
44.849418
0 -95.601031
44.850967
0 -95.604699
44.850133
0 -95.608976
44.849238
0 -95.612107
44.849253
0 -95.615296
44.850728
0 -95.616359
44.852322
0 -95.616509
44.854365
0 -95.614936
44.857524
0 -95.614643
44.859634
0 -95.616308
44.863037
0 -95.620936
44.867489
0 -95.623959
44.867894
0 -95.626784
44.868881
0 -95.63038
44.873618
0 -95.630589
44.87529
0 -95.632908
44.877876
0 -95.634417
44.877243
0 -95.63466
44.874977
0 -95.637269
44.873287
0 -95.641257
44.874193
0 -95.644693
44.877066
0 -95.646795
44.879221
0 -95.654365
44.88476
0 -95.654744
44.885595
0 -95.653433
44.886363
0 -95.649814
44.886288
0 -95.648468
44.887217
0 -95.648239
44.888531
0 -95.650221
44.891031
0 -95.652267
44.890986
0 -95.655587
44.889071
0 -95.656979
44.88902
0 -95.659922
44.890287
0 -95.661146
44.891354
0 -95.664306
44.894168
0 -95.665912
44.894803
0 -95.672819
44.896596
0 -95.67417
44.897246
0 -95.673867
44.898331
0 -95.671672
44.89937
0 -95.671176
44.902144
0 -95.672179
44.904195
0 -95.675504
44.905754
0 -95.679065
44.908595
0 -95.681813
44.909709
0 -95.6836
44.909676
0 -95.6838
44.90845
0 -95.681949
44.908481
0 -95.680164
44.907273
0 -95.685237
44.903469
0 -95.68729
44.90229
0 -95.690587
44.902229
0 -95.69621
44.904103
0 -95.698669
44.903768
0 -95.704792
44.903843
0 -95.709568
44.903575
0 -95.711899
44.90549
0 -95.71824
44.905895
0 -95.721217
44.907292
0 -95.72349
44.909265
0 -95.723475
44.910105
0 -95.720187
44.910515
0 -95.718768
44.911372
0 -95.720831
44.9158
0 -95.721276
44.920278
0 -95.719268
44.921442
0 -95.724281
44.926055
0 -95.726264
44.927398
0 -95.72718
44.929412
0 -95.73024
44.931709
0 -95.732812
44.932371
0 -95.733333
44.934528
0 -95.737015
44.93618
0 -95.737309
44.891479
0 -95.766401
44.89158
0 -95.766701
44.89158
0 -95.785719
44.891597
0 -95.802776
44.891628
0 -95.803224
44.891703
0 -95.808398
44.891822
0 -95.83928
44.891784
0 -95.847452
44.891799
0 -95.847658
44.884811
0 -95.847595
44.878002
0 -95.847868
44.8559
0 -95.848116
44.848997
0 -95.849009
44.805347
0 -95.970282
44.805058
0 -96.01106
44.804924
0 -96.093255
44.80476
0 -96.113978
44.804985
0 -96.134683
44.805084
0 -96.145213
44.80522
0 -96.168718
44.805312
0 -96.195866
44.805484
0 -96.215507
44.805564
0 -96.338596
44.805022
0 -96.4515595397173
44.8055694812453
0 -96.451559
44.805468
0 -96.4515838269988
44.8047528904834
0 -96.451829
44.797691
0 