-161.044913
62.506767
0 -161.047821
62.206673
0 -160.94416
62.204489
0 -160.910169
62.204383
0 -160.913548
62.053648
0 -160.91221
62.000414
0 -160.913973
61.949378
0 -160.908254
61.949358
0 -160.86815
61.949307
0 -160.85829
61.948226
0 -160.718155
61.949047
0 -160.708607
61.947965
0 -160.63182
61.949027
0 -160.534142
61.947257
0 -160.246251
61.946459
0 -160.140901
61.948996
0 -159.96154
61.946413
0 -159.944565
61.945678
0 -159.935362
61.945454
0 -159.891097
61.94587
0 -159.884302
61.945572
0 -159.86156
61.946067
0 -159.854533
61.945546
0 -159.269724
61.945566
0 -159.265098
61.945564
0 -159.26095
62.032026
0 -158.531113
62.031708
0 -158.532398
62.118595
0 -157.563921
62.123481
0 -157.519562
62.123538
0 -157.51702
62.123543
0 -157.260186
62.128735
0 -157.074237
62.129913
0 -157.073592
62.029567
0 -156.913761
62.030158
0 -155.96579
62.029783
0 -154.986862
62.029227
0 -153.993188
62.029209
0 -153.933766
62.029246
0 -153.735846
62.02937
0 -153.737196
62.040878
0 -153.740629
62.121565
0 -153.395401
62.124776
0 -153.39432
62.209115
0 -153.285139
62.210887
0 -153.218797
62.208247
0 -153.070317
62.208517
0 -153.067697
62.295211
0 -153.001262
62.295331
0 -153.001506
62.727441
0 -153.001339
62.72744
0 -152.91345
62.795636
0 -152.434247
63.169794
0 -152.434625
63.305936
0 -152.52075
63.303268
0 -152.626562
63.301474
0 -152.622554
63.346765
0 -152.812007
63.351232
0 -152.80363
63.481056
0 -152.849268
63.481609
0 -152.866501
63.481571
0 -152.85343
63.65171
0 -152.753327
63.651513
0 -152.241918
63.656679
0 -152.233557
63.823684
0 -152.055519
63.823679
0 -152.047944
63.971271
0 -152.047388
64.000221
0 -152.047377
64.000576
0 -151.825058
64.005365
0 -151.834684
64.020123
0 -151.857128
64.030189
0 -151.838921
64.042696
0 -151.820541
64.053086
0 -151.796946
64.077999
0 -151.790558
64.08229
0 -151.579286
64.08538
0 -151.579727
64.072303
0 -151.508182
64.058741
0 -151.525111
64.032465
0 -151.444474
64.015956
0 -151.427096
64.008078
0 -151.301289
64.009971
0 -151.136195
64.133084
0 -150.749736
64.365138
0 -149.782264
64.359204
0 -149.667993
64.357813
0 -149.231664
64.358736
0 -149.119968
64.358796
0 -149.120704
64.343615
0 -149.043531
64.343104
0 -149.03651
64.342806
0 -149.011088
64.343159
0 -148.965489
64.342424
0 -148.778554
64.342192
0 -147.995157
64.341691
0 -147.998891
64.342227
0 -148.000383
64.343288
0 -147.999521
64.345439
0 -148.006371
64.34738
0 -148.009118
64.345651
0 -148.012491
64.344747
0 -148.020895
64.343648
0 -148.023702
64.342512
0 -148.02736
64.343196
0 -148.028175
64.345523
0 -148.030429
64.346927
0 -148.036855
64.347471
0 -148.038357
64.347039
0 -148.039782
64.343633
0 -148.042253
64.342843
0 -148.05182
64.344952
0 -148.058267
64.345605
0 -148.066996
64.350673
0 -148.070492
64.354491
0 -148.071004
64.357363
0 -148.080908
64.357558
0 -148.084898
64.36234
0 -148.091114
64.362287
0 -148.096599
64.363556
0 -148.100102
64.364931
0 -148.106969
64.365232
0 -148.10382
64.365577
0 -148.10898
64.366385
0 -148.108453
64.369513
0 -148.108998
64.375769
0 -148.106219
64.381183
0 -148.122179
64.38168
0 -148.121635
64.383668
0 -148.117509
64.385993
0 -148.123398
64.388201
0 -148.13117
64.38824
0 -148.133866
64.391233
0 -148.142703
64.389514
0 -148.143725
64.390897
0 -148.141927
64.394183
0 -148.146997
64.395737
0 -148.152014
64.395621
0 -148.153848
64.398124
0 -148.164173
64.395608
0 -148.174212
64.398258
0 -148.177179
64.399652
0 -148.174908
64.40535
0 -148.178542
64.406748
0 -148.174678
64.411655
0 -148.183186
64.409794
0 -148.187606
64.408373
0 -148.192064
64.410497
0 -148.187394
64.412325
0 -148.187517
64.415018
0 -148.194847
64.416375
0 -148.193969
64.417587
0 -148.190044
64.418491
0 -148.191969
64.420131
0 -148.198734
64.420463
0 -148.197035
64.423685
0 -148.199599
64.424798
0 -148.208569
64.424251
0 -148.216675
64.430976
0 -148.224876
64.433927
0 -148.229784
64.436621
0 -148.223331
64.437266
0 -148.218505
64.436289
0 -148.213267
64.440242
0 -148.217167
64.441411
0 -148.220482
64.441651
0 -148.211488
64.444849
0 -148.205457
64.446117
0 -148.198806
64.445275
0 -148.206578
64.447426
0 -148.212153
64.447481
0 -148.220344
64.450138
0 -148.216979
64.452006
0 -148.216574
64.454417
0 -148.223787
64.453026
0 -148.229277
64.454338
0 -148.222935
64.460083
0 -148.231016
64.460281
0 -148.238786
64.462259
0 -148.237265
64.466577
0 -148.232958
64.46788
0 -148.228309
64.467644
0 -148.232945
64.470179
0 -148.238941
64.471145
0 -148.2445
64.470734
0 -148.240964
64.477308
0 -148.245893
64.47806
0 -148.251759
64.475867
0 -148.254146
64.478704
0 -148.250255
64.480471
0 -148.242175
64.483426
0 -148.262725
64.486462
0 -148.267118
64.48687
0 -148.271322
64.488546
0 -148.272197
64.490259
0 -148.281888
64.487906
0 -148.286643
64.487222
0 -148.292736
64.484566
0 -148.299419
64.485809
0 -148.300984
64.490441
0 -148.301136
64.493474
0 -148.295487
64.494626
0 -148.295082
64.497323
0 -148.30014
64.497669
0 -148.309753
64.493778
0 -148.315711
64.496285
0 -148.321371
64.497825
0 -148.319133
64.500887
0 -148.31938
64.503291
0 -148.323104
64.503193
0 -148.327642
64.503936
0 -148.325328
64.507977
0 -148.328377
64.510527
0 -148.335637
64.512326
0 -148.334381
64.513832
0 -148.340569
64.515366
0 -148.34353
64.513787
0 -148.352197
64.514537
0 -148.352989
64.516943
0 -148.350409
64.51823
0 -148.350367
64.520234
0 -148.363676
64.520764
0 -148.368099
64.519274
0 -148.37234
64.524153
0 -148.380509
64.520562
0 -148.383112
64.524427
0 -148.386897
64.525817
0 -148.391988
64.523913
0 -148.394967
64.525027
0 -148.396126
64.527185
0 -148.40461
64.529434
0 -148.398504
64.53186
0 -148.39484
64.532768
0 -148.399809
64.536316
0 -148.40575
64.535847
0 -148.410889
64.539853
0 -148.414715
64.541923
0 -148.421482
64.54431
0 -148.418367
64.545722
0 -148.408874
64.544581
0 -148.407308
64.547285
0 -148.415598
64.548503
0 -148.425262
64.547808
0 -148.424672
64.551487
0 -148.422305
64.55438
0 -148.428684
64.556878
0 -148.423608
64.559068
0 -148.414893
64.557399
0 -148.411459
64.557953
0 -148.417645
64.561899
0 -148.432863
64.560327
0 -148.441456
64.562052
0 -148.446239
64.564344
0 -148.435862
64.566971
0 -148.436259
64.569838
0 -148.430841
64.570691
0 -148.426432
64.572901
0 -148.433096
64.575548
0 -148.446333
64.579413
0 -148.452009
64.580689
0 -148.453365
64.583836
0 -148.457615
64.586275
0 -148.459165
64.58792
0 -148.46743
64.587798
0 -148.48149
64.591536
0 -148.483392
64.594678
0 -148.487637
64.594132
0 -148.50005
64.59948
0 -148.503637
64.599216
0 -148.511595
64.601113
0 -148.518717
64.601854
0 -148.522912
64.605436
0 -148.533222
64.606211
0 -148.543159
64.609743
0 -148.545531
64.614374
0 -148.552534
64.615582
0 -148.561987
64.61516
0 -148.568764
64.611933
0 -148.57523
64.610616
0 -148.579651
64.608732
0 -148.588583
64.611065
0 -148.59471
64.613026
0 -148.597867
64.614726
0 -148.602918
64.614338
0 -148.608775
64.611576
0 -148.615836
64.608985
0 -148.618656
64.607006
0 -148.623128
64.605706
0 -148.632648
64.5997
0 -148.636733
64.59645
0 -148.634719
64.593877
0 -148.630288
64.591164
0 -148.63336
64.589565
0 -148.637177
64.588975
0 -148.63831
64.59031
0 -148.65237
64.591053
0 -148.649846
64.596016
0 -148.645035
64.601416
0 -148.645539
64.633741
0 -148.645697
64.688185
0 -148.642697
64.865694
0 -148.655759
64.866008
0 -148.653484
64.979434
0 -148.667164
65.070497
0 -148.663844
65.211355
0 -148.55082
65.211109
0 -148.498696
65.211474
0 -148.497016
65.212112
0 -148.486426
65.212663
0 -148.478615
65.214648
0 -148.476553
65.212961
0 -148.473306
65.214128
0 -148.474923
65.212521
0 -148.472639
65.211602
0 -148.141011
65.211262
0 -148.123702
65.211672
0 -148.104821
65.210087
0 -148.099859
65.210986
0 -148.091035
65.211624
0 -147.977027
65.211235
0 -147.550245
65.211023
0 -147.542133
65.213619
0 -147.522588
65.221971
0 -147.513835
65.227133
0 -147.50441
65.23202
0 -147.494923
65.234905
0 -147.469846
65.240692
0 -147.45963
65.240149
0 -147.443306
65.241625
0 -147.423655
65.247963
0 -147.413442
65.247704
0 -147.400535
65.250583
0 -147.370724
65.261794
0 -147.357119
65.262966
0 -147.344908
65.267553
0 -147.334764
65.273291
0 -147.316387
65.275609
0 -147.297989
65.276213
0 -147.28506
65.279378
0 -147.268671
65.277685
0 -147.257111
65.278844
0 -147.233927
65.279169
0 -147.216168
65.277186
0 -147.207989
65.278059
0 -147.194369
65.279216
0 -147.169167
65.282379
0 -147.154847
65.285534
0 -147.145309
65.285543
0 -147.127572
65.283263
0 -147.117313
65.280418
0 -147.118665
65.27585
0 -147.112501
65.272428
0 -147.070944
65.282726
0 -147.052534
65.282725
0 -147.033434
65.280156
0 -147.027311
65.285289
0 -147.017089
65.290432
0 -147.002853
65.28435
0 -146.997409
65.284924
0 -146.984464
65.283506
0 -146.949011
65.273816
0 -146.93676
65.271821
0 -146.919725
65.27297
0 -146.908161
65.277835
0 -146.902717
65.283844
0 -146.877511
65.288706
0 -146.838653
65.290993
0 -146.827056
65.297279
0 -146.817505
65.298425
0 -146.805933
65.297272
0 -146.794329
65.300414
0 -146.784084
65.307551
0 -146.770455
65.305834
0 -146.758161
65.3084
0 -146.745875
65.312103
0 -146.731567
65.30752
0 -146.719986
65.30723
0 -146.715193
65.308082
0 -146.720628
65.311511
0 -146.724027
65.314666
0 -146.717863
65.31723
0 -146.7008
65.319216
0 -146.698065
65.320072
0 -146.693969
65.319777
0 -146.691237
65.320345
0 -146.686444
65.322623
0 -146.681653
65.326624
0 -146.676175
65.326899
0 -146.669341
65.329182
0 -146.667967
65.330893
0 -146.657038
65.330877
0 -146.633091
65.337424
0 -146.624856
65.341128
0 -146.611853
65.34454
0 -146.596167
65.343359
0 -146.568819
65.344746
0 -146.546168
65.353841
0 -146.511059
65.37435
0 -146.500718
65.379753
0 -146.490362
65.386878
0 -146.493006
65.392603
0 -146.503885
65.396632
0 -146.508605
65.402075
0 -146.509877
65.408934
0 -146.51663
65.415247
0 -146.525466
65.420981
0 -146.51988
65.428401
0 -146.50883
65.433803
0 -146.480818
65.428873
0 -146.464267
65.435132
0 -146.456714
65.436532
0 -146.441664
65.435643
0 -146.434831
65.433616
0 -146.424025
65.425007
0 -146.416566
65.421272
0 -146.403557
65.420091
0 -146.389134
65.42233
0 -146.376047
65.426297
0 -146.365727
65.428829
0 -146.354654
65.434804
0 -146.336144
65.434445
0 -146.316344
65.431522
0 -146.304637
65.434053
0 -146.290142
65.439146
0 -146.282541
65.441119
0 -146.26535
65.44363
0 -146.245502
65.442402
0 -146.23038
65.444058
0 -146.208248
65.4514
0 -146.202022
65.453943
0 -146.192406
65.454475
0 -146.179412
65.453274
0 -146.171977
65.448945
0 -146.164598
65.44291
0 -146.159338
65.435452
0 -146.156805
65.427721
0 -146.145964
65.423102
0 -146.128289
65.418731
0 -146.114646
65.416947
0 -146.11407
65.412941
0 -146.119758
65.405823
0 -146.11229
65.403788
0 -146.091014
65.40568
0 -146.073908
65.405307
0 -146.067056
65.404936
0 -146.056145
65.403083
0 -146.041666
65.404913
0 -146.030576
65.407632
0 -146.01276
65.40713
0 -145.994261
65.406031
0 -145.986121
65.403635
0 -145.976084
65.397488
0 -145.975669
65.395908
0 -145.982036
65.389938
0 -145.989721
65.384838
0 -145.998803
65.379739
0 -146.005128
65.374631
0 -146.003903
65.370055
0 -146.004044
65.365768
0 -146.011761
65.359518
0 -146.022076
65.357863
0 -146.029535
65.359616
0 -146.038422
65.359377
0 -146.053608
65.354313
0 -146.074357
65.346132
0 -146.097935
65.333965
0 -146.114536
65.326892
0 -146.127772
65.31753
0 -146.136715
65.314423
0 -146.13753
65.309851
0 -146.124686
65.306369
0 -146.111787
65.304014
0 -146.111261
65.298582
0 -146.105958
65.293697
0 -146.107481
65.287981
0 -146.115801
65.283453
0 -146.126135
65.279503
0 -146.126181
65.278067
0 -146.118072
65.27575
0 -146.088498
65.262159
0 -146.082629
65.253554
0 -146.078123
65.245244
0 -146.067291
65.243472
0 -146.033528
65.23557
0 -146.026199
65.230668
0 -146.01266
65.228874
0 -145.996994
65.230215
0 -145.986251
65.225872
0 -145.97561
65.218944
0 -145.952316
65.20509
0 -145.94078
65.204444
0 -145.920337
65.206318
0 -145.896552
65.206737
0 -145.884197
65.209804
0 -145.873843
65.214026
0 -145.853576
65.211028
0 -145.843598
65.205531
0 -145.838457
65.203203
0 -145.82759
65.198282
0 -145.813385
65.196753
0 -145.801181
65.196378
0 -145.778983
65.190788
0 -145.7607
65.189795
0 -145.737199
65.183622
0 -145.718923
65.182624
0 -145.703791
65.186802
0 -145.686783
65.187812
0 -145.678085
65.184891
0 -145.678975
65.180322
0 -145.677204
65.174303
0 -145.665888
65.169635
0 -145.666679
65.167076
0 -145.670919
65.163389
0 -145.675186
65.159128
0 -145.663806
65.155896
0 -145.646983
65.153187
0 -145.638955
65.150835
0 -145.632373
65.146503
0 -145.617518
65.145515
0 -145.615545
65.14407
0 -145.628606
65.140178
0 -145.650535
65.134921
0 -145.662889
65.131307
0 -145.672556
65.12766
0 -145.676967
65.119981
0 -145.679862
65.115717
0 -145.689599
65.110067
0 -145.71489
65.104552
0 -145.749681
65.098233
0 -145.755372
65.091701
0 -145.763041
65.08604
0 -145.775489
65.079556
0 -145.774317
65.074969
0 -145.771068
65.072089
0 -145.767047
65.071203
0 -145.729677
65.075782
0 -145.701861
65.077858
0 -145.69517
65.076383
0 -145.685856
65.072873
0 -145.679846
65.071403
0 -145.675191
65.069647
0 -145.678762
65.065389
0 -145.682984
65.061702
0 -145.681786
65.057977
0 -145.670448
65.054744
0 -145.663879
65.05097
0 -145.660101
65.044942
0 -145.657627
65.040056
0 -145.652408
65.035728
0 -145.646437
65.033682
0 -145.636187
65.036451
0 -145.622471
65.040912
0 -145.611663
65.04083
0 -145.603453
65.043042
0 -145.589803
65.046073
0 -145.541751
65.048233
0 -145.528844
65.049552
0 -145.521689
65.057496
0 -145.532257
65.062446
0 -145.53415
65.064744
0 -145.517893
65.065751
0 -145.49547
65.067833
0 -145.489942
65.070076
0 -145.485995
65.068035
0 -145.478024
65.065387
0 -145.46115
65.065232
0 -145.444154
65.066789
0 -145.439999
65.068747
0 -145.433522
65.075832
0 -145.42577
65.081765
0 -145.41748
65.084836
0 -145.388409
65.084554
0 -145.372463
65.079813
0 -145.361829
65.076286
0 -145.359337
65.072543
0 -145.350087
65.068726
0 -145.335892
65.068875
0 -145.322376
65.068733
0 -145.305265
65.072274
0 -145.279754
65.069434
0 -145.245851
65.071078
0 -145.235014
65.071248
0 -145.224935
65.070563
0 -145.221573
65.069958
0 -145.209906
65.072978
0 -145.195093
65.08253
0 -145.165304
65.09363
0 -145.15218
65.097778
0 -145.143994
65.098538
0 -145.127122
65.098058
0 -145.102743
65.098066
0 -145.087151
65.098451
0 -145.08014
65.102087
0 -145.077933
65.104635
0 -145.075106
65.106609
0 -145.057898
65.110686
0 -145.049474
65.114877
0 -145.034469
65.116691
0 -145.019972
65.120521
0 -145.006578
65.127795
0 -144.984465
65.134096
0 -144.974856
65.135691
0 -144.962935
65.131822
0 -144.940815
65.128396
0 -144.920543
65.127847
0 -144.901252
65.132174
0 -144.891387
65.137197
0 -144.879954
65.135896
0 -144.872842
65.131236
0 -144.860279
65.12734
0 -144.851764
65.123511
0 -144.852817
65.118383
0 -144.84748
65.117452
0 -144.828301
65.120336
0 -144.818217
65.119346
0 -144.794297
65.113295
0 -144.77647
65.107618
0 -144.753274
65.101285
0 -144.734565
65.098157
0 -144.718484
65.096216
0 -144.705615
65.096316
0 -144.702564
65.100569
0 -144.700831
65.105112
0 -144.687248
65.105773
0 -144.659307
65.099648
0 -144.639194
65.097357
0 -144.624638
65.093419
0 -144.604714
65.089115
0 -144.593362
65.079506
0 -144.576649
65.077252
0 -144.559834
65.076135
0 -144.54321
65.07273
0 -144.501256
65.080653
0 -144.484301
65.081249
0 -144.472752
65.074204
0 -144.445443
65.062319
0 -144.429254
65.069206
0 -144.42284
65.072822
0 -144.402775
65.077638
0 -144.39372
65.080355
0 -144.381419
65.081864
0 -144.366991
65.084205
0 -144.356514
65.087459
0 -144.343471
65.089526
0 -144.34108
65.09321
0 -144.334794
65.095388
0 -144.328963
65.099584
0 -144.330539
65.104471
0 -144.326039
65.10897
0 -144.323846
65.110655
0 -144.295751
65.113894
0 -144.278685
65.115317
0 -144.274117
65.113519
0 -144.257583
65.116378
0 -144.24719
65.118774
0 -144.233895
65.116257
0 -144.218651
65.112841
0 -144.201281
65.117105
0 -144.186971
65.117996
0 -144.160467
65.112089
0 -144.14368
65.110638
0 -144.131786
65.114425
0 -144.118567
65.11762
0 -144.106677
65.114832
0 -144.089892
65.113375
0 -144.074899
65.114241
0 -144.054867
65.117871
0 -144.042836
65.116215
0 -144.015579
65.111409
0 -144.004032
65.111762
0 -144.000958
65.112298
0 -143.998557
65.115201
0 -143.994104
65.117868
0 -143.989521
65.119387
0 -143.984831
65.119768
0 -143.977969
65.119043
0 -143.971567
65.116315
0 -143.965814
65.113285
0 -143.951406
65.111567
0 -143.944454
65.109989
0 -143.941532
65.108044
0 -143.931714
65.104806
0 -143.926679
65.102048
0 -143.913307
65.097451
0 -143.907009
65.095571
0 -143.895252
65.093222
0 -143.887681
65.091949
0 -143.884795
65.090281
0 -143.892078
65.088713
0 -143.896662
65.087195
0 -143.899792
65.084854
0 -143.903476
65.081343
0 -143.906698
65.079853
0 -143.907192
65.078128
0 -143.905572
65.075582
0 -143.908208
65.074965
0 -143.920619
65.070718
0 -143.922512
65.06954
0 -143.9243
65.067216
0 -143.921875
65.063545
0 -143.920936
65.060986
0 -143.929347
65.057391
0 -143.936034
65.056694
0 -143.941332
65.055737
0 -143.948727
65.055304
0 -143.956643
65.053423
0 -143.961091
65.050766
0 -143.965579
65.048675
0 -143.970895
65.047716
0 -143.992566
65.048127
0 -144.002933
65.046234
0 -144.003783
65.045102
0 -144.007317
65.043736
0 -144.015462
65.043324
0 -144.023045
65.042039
0 -144.030671
65.040179
0 -144.039164
65.03662
0 -144.044973
65.032721
0 -144.047014
65.026179
0 -144.050116
65.022522
0 -144.057214
65.019214
0 -144.06798
65.019425
0 -144.071288
65.020056
0 -144.082045
65.020536
0 -144.094261
65.019912
0 -144.101813
65.018622
0 -144.105524
65.015542
0 -144.094089
65.002173
0 -144.08651
65.000511
0 -144.079293
64.995589
0 -144.071382
64.994976
0 -144.062479
64.993544
0 -144.048424
64.986127
0 -144.025069
64.982125
0 -144.016658
64.978813
0 -144.004546
64.979594
0 -144.00155
64.980962
0 -144.00057
64.980555
0 -143.992045
64.977011
0 -143.991197
64.975363
0 -143.988946
64.965389
0 -143.988313
64.959251
0 -143.990616
64.953843
0 -143.989207
64.951347
0 -143.989527
64.949619
0 -143.990871
64.946402
0 -143.995782
64.943058
0 -144.001861
64.942378
0 -144.008767
64.941035
0 -144.026214
64.938197
0 -144.048817
64.928085
0 -144.069667
64.922444
0 -144.073602
64.921103
0 -144.053627
64.91145
0 -144.04156
64.901161
0 -144.064244
64.884952
0 -144.059425
64.87355
0 -144.058977
64.866636
0 -144.079074
64.859103
0 -144.091533
64.853401
0 -144.081836
64.846081
0 -144.073833
64.838164
0 -144.073483
64.831476
0 -144.069292
64.826769
0 -144.068445
64.823501
0 -144.080421
64.81843
0 -144.082362
64.815496
0 -144.093679
64.813949
0 -144.097931
64.805761
0 -144.113978
64.801503
0 -144.120089
64.798317
0 -144.116749
64.79448
0 -144.089641
64.791777
0 -144.071992
64.786348
0 -144.048187
64.780685
0 -144.029247
64.774703
0 -144.022062
64.769422
0 -144.062349
64.750711
0 -144.090794
64.750366
0 -144.098554
64.744465
0 -144.08841
64.74027
0 -144.097264
64.736501
0 -144.110238
64.727964
0 -144.11068
64.718902
0 -144.100593
64.710713
0 -144.084698
64.710337
0 -144.063507
64.708266
0 -144.052725
64.70297
0 -144.055963
64.695383
0 -144.06885
64.690106
0 -144.061159
64.683442
0 -144.002317
64.67331
0 -143.997789
64.672105
0 -143.991952
64.671466
0 -143.982274
64.670918
0 -143.971659
64.671166
0 -143.964875
64.67005
0 -143.95089
64.670301
0 -143.930114
64.668192
0 -143.925091
64.668039
0 -143.922087
64.667336
0 -143.918366
64.665073
0 -143.899071
64.661644
0 -143.88577
64.663101
0 -143.878157
64.6637
0 -143.874109
64.662578
0 -143.869189
64.662567
0 -143.862645
64.661013
0 -143.857076
64.658693
0 -143.853866
64.656184
0 -143.844562
64.654689
0 -143.837286
64.65465
0 -143.830317
64.656011
0 -143.827384
64.655406
0 -143.818995
64.654848
0 -143.817348
64.656177
0 -143.812528
64.655212
0 -143.809188
64.653264
0 -143.805113
64.653699
0 -143.803697
64.653007
0 -143.798644
64.652893
0 -143.795173
64.65184
0 -143.792716
64.652852
0 -143.790323
64.651957
0 -143.790792
64.650802
0 -143.787559
64.650919
0 -143.782235
64.649505
0 -143.780819
64.647989
0 -143.778193
64.6489
0 -143.774926
64.648482
0 -143.766405
64.649089
0 -143.761623
64.648946
0 -143.752529
64.647633
0 -143.749835
64.649019
0 -143.745827
64.648513
0 -143.745221
64.649928
0 -143.740438
64.650361
0 -143.737238
64.651559
0 -143.73168
64.651357
0 -143.727807
64.651717
0 -143.723293
64.651269
0 -143.719216
64.652871
0 -143.71632
64.652639
0 -143.713893
64.653563
0 -143.714228
64.65531
0 -143.709176
64.654803
0 -143.70614
64.657127
0 -143.700314
64.656158
0 -143.693408
64.655838
0 -143.691889
64.65757
0 -143.693164
64.660097
0 -143.69097
64.66219
0 -143.69181
64.663114
0 -143.686423
64.661105
0 -143.684904
64.662404
0 -143.685338
64.66444
0 -143.683682
64.666345
0 -143.678323
64.666343
0 -143.67549
64.667439
0 -143.671854
64.666051
0 -143.670097
64.667537
0 -143.667571
64.666886
0 -143.662075
64.667778
0 -143.647213
64.669506
0 -143.645157
64.675912
0 -143.641896
64.679051
0 -143.641746
64.680034
0 -143.64549
64.683275
0 -143.645945
64.684993
0 -143.640313
64.688003
0 -143.638318
64.690729
0 -143.638684
64.692241
0 -143.632435
64.694768
0 -143.626618
64.695499
0 -143.626485
64.697743
0 -143.622745
64.700568
0 -143.624806
64.702313
0 -143.623635
64.703763
0 -143.618959
64.705542
0 -143.615493
64.706169
0 -143.614851
64.707123
0 -143.619237
64.709937
0 -143.618704
64.712021
0 -143.614417
64.713291
0 -143.608387
64.717754
0 -143.607366
64.719076
0 -143.608257
64.720633
0 -143.605703
64.721672
0 -143.599813
64.726144
0 -143.596147
64.729614
0 -143.588669
64.731166
0 -143.583744
64.732596
0 -143.579333
64.733109
0 -143.575508
64.734747
0 -143.56334
64.73741
0 -143.559479
64.739312
0 -143.552596
64.741402
0 -143.551443
64.742195
0 -143.542471
64.744934
0 -143.53894
64.74533
0 -143.534291
64.749546
0 -143.530976
64.750213
0 -143.527895
64.749474
0 -143.522418
64.74933
0 -143.517626
64.750843
0 -143.515986
64.751978
0 -143.506329
64.754068
0 -143.505645
64.755383
0 -143.509644
64.757185
0 -143.509392
64.758698
0 -143.502771
64.761293
0 -143.5
64.763543
0 -143.493311
64.765848
0 -143.493309
64.767419
0 -143.495711
64.769516
0 -143.498774
64.770784
0 -143.504367
64.770752
0 -143.508653
64.772503
0 -143.517476
64.772353
0 -143.522799
64.772577
0 -143.525375
64.774921
0 -143.533748
64.778755
0 -143.534427
64.7807
0 -143.533108
64.781861
0 -143.52805
64.783046
0 -143.519735
64.783942
0 -143.517927
64.786675
0 -143.515461
64.788664
0 -143.516519
64.790533
0 -143.518308
64.790754
0 -143.527625
64.794241
0 -143.529826
64.797283
0 -143.529614
64.801309
0 -143.5272
64.802293
0 -143.521123
64.803528
0 -143.507013
64.804018
0 -143.505376
64.803857
0 -143.49235
64.800117
0 -143.486037
64.800411
0 -143.481586
64.800109
0 -143.478111
64.800795
0 -143.470212
64.804698
0 -143.465315
64.805973
0 -143.461269
64.808491
0 -143.457408
64.809812
0 -143.457233
64.811135
0 -143.449809
64.813834
0 -143.441057
64.813287
0 -143.439352
64.815641
0 -143.434679
64.817791
0 -143.436815
64.820207
0 -143.433291
64.822025
0 -143.435365
64.82375
0 -143.440924
64.824853
0 -143.441049
64.826234
0 -143.438664
64.829227
0 -143.439905
64.829898
0 -143.446967
64.829656
0 -143.449768
64.831244
0 -143.457253
64.834011
0 -143.463105
64.835046
0 -143.473395
64.8394
0 -143.473551
64.841094
0 -143.476536
64.843056
0 -143.479413
64.843825
0 -143.482405
64.845849
0 -143.489466
64.845542
0 -143.494111
64.843076
0 -143.498662
64.844382
0 -143.502679
64.849468
0 -143.503649
64.851966
0 -143.503643
64.858251
0 -143.501493
64.86055
0 -143.497601
64.863192
0 -143.499203
64.866119
0 -143.49979
64.869251
0 -143.498879
64.870587
0 -143.494589
64.873738
0 -143.493134
64.875585
0 -143.494342
64.87745
0 -143.490812
64.88084
0 -143.48907
64.884389
0 -143.489968
64.887705
0 -143.489348
64.892178
0 -143.486924
64.897152
0 -143.488228
64.902441
0 -143.483746
64.906789
0 -143.480701
64.90782
0 -143.4775
64.910917
0 -143.477455
64.913997
0 -143.47448
64.916963
0 -143.476138
64.918983
0 -143.48069
64.920164
0 -143.483613
64.922943
0 -143.486829
64.924084
0 -143.486746
64.927982
0 -143.49186
64.93041
0 -143.49301
64.933219
0 -143.495807
64.934618
0 -143.502546
64.935385
0 -143.504871
64.936477
0 -143.502557
64.941858
0 -143.498549
64.943371
0 -143.493462
64.944462
0 -143.491673
64.945937
0 -143.491859
64.947945
0 -143.494366
64.950983
0 -143.497052
64.95276
0 -143.502154
64.955
0 -143.506541
64.955932
0 -143.516556
64.955198
0 -143.522519
64.955537
0 -143.524059
64.956139
0 -143.526629
64.958233
0 -143.525172
64.96008
0 -143.521073
64.962223
0 -143.515575
64.963699
0 -143.506458
64.964544
0 -143.497121
64.964637
0 -143.492748
64.965465
0 -143.48742
64.967188
0 -143.482645
64.970095
0 -143.471987
64.975175
0 -143.469508
64.978861
0 -143.469667
64.982189
0 -143.466545
64.983749
0 -143.458204
64.983447
0 -143.450955
64.982409
0 -143.448672
64.981467
0 -143.439683
64.982179
0 -143.43246
64.981103
0 -143.424219
64.978598
0 -143.421682
64.97845
0 -143.408225
64.978982
0 -143.401406
64.980726
0 -143.398412
64.982094
0 -143.394669
64.985045
0 -143.392696
64.989539
0 -143.39344
64.991224
0 -143.396848
64.992803
0 -143.401895
64.992785
0 -143.406182
64.994224
0 -143.411001
64.994963
0 -143.41303
64.996062
0 -143.412596
64.997828
0 -143.410462
64.998868
0 -143.402185
64.999316
0 -143.398245
64.998437
0 -143.384287
64.998472
0 -143.373618
64.99707
0 -143.364478
64.996996
0 -143.361919
64.997444
0 -143.359465
64.998237
0 -143.358162
64.999846
0 -143.358902
65.000274
0 -143.361187
65.002609
0 -143.368701
65.005255
0 -143.372055
65.007904
0 -143.373929
65.012274
0 -143.374065
65.015477
0 -143.372739
65.018954
0 -143.367793
65.020164
0 -143.35605
65.020161
0 -143.355342
65.021413
0 -143.351778
65.021891
0 -143.350454
65.020752
0 -143.347172
65.022312
0 -143.34752
65.024569
0 -143.353388
65.02875
0 -143.358863
65.033502
0 -143.36135
65.03472
0 -143.364772
65.034729
0 -143.37213
65.033858
0 -143.37475
65.034885
0 -143.374696
65.035954
0 -143.369314
65.038993
0 -143.364678
65.040386
0 -143.357638
65.043199
0 -143.354128
65.043883
0 -143.348626
65.043907
0 -143.345
65.043273
0 -143.337126
65.040002
0 -143.335504
65.038457
0 -143.328744
65.035985
0 -143.322413
65.035016
0 -143.312452
65.035044
0 -143.306422
65.035829
0 -143.301162
65.036915
0 -143.295367
65.038701
0 -143.28879
65.040059
0 -143.282209
65.043113
0 -143.277834
65.045882
0 -143.27159
65.047674
0 -143.265715
65.04858
0 -143.260477
65.049979
0 -143.252347
65.050604
0 -143.246699
65.050689
0 -143.242092
65.052518
0 -143.240652
65.054864
0 -143.240751
65.057816
0 -143.234596
65.060736
0 -143.233103
65.062455
0 -143.23244
65.066989
0 -143.227494
65.068383
0 -143.225325
65.070929
0 -143.220754
65.073259
0 -143.212377
65.076399
0 -143.208053
65.076337
0 -143.20364
65.075208
0 -143.199136
65.075162
0 -143.197592
65.074103
0 -143.194314
65.074089
0 -143.189633
65.076922
0 -143.189501
65.080757
0 -143.191207
65.085194
0 -143.190869
65.086518
0 -143.18448
65.08856
0 -143.177521
65.089101
0 -143.175222
65.088317
0 -143.17356
65.086205
0 -143.172945
65.080496
0 -143.171417
65.078193
0 -143.16878
65.076911
0 -143.164851
65.076214
0 -143.159085
65.076737
0 -143.153434
65.080526
0 -143.152949
65.083738
0 -143.146967
65.087154
0 -143.144783
65.089636
0 -143.135908
65.094162
0 -143.137257
65.097975
0 -143.13657
65.100562
0 -143.132764
65.101433
0 -143.128181
65.100053
0 -143.126535
65.096243
0 -143.127182
65.093155
0 -143.124575
65.090364
0 -143.119975
65.088733
0 -143.113898
65.089133
0 -143.110123
65.092265
0 -143.111319
65.094196
0 -143.11128
65.097464
0 -143.112254
65.100341
0 -143.114593
65.103513
0 -143.114098
65.106661
0 -143.110385
65.108724
0 -143.107713
65.108888
0 -143.101309
65.107093
0 -143.099373
65.10712
0 -143.097997
65.108585
0 -143.100951
65.110114
0 -143.100141
65.116849
0 -143.098462
65.118254
0 -143.089863
65.120825
0 -143.086167
65.121254
0 -143.081816
65.120937
0 -143.07628
65.118815
0 -143.067368
65.113534
0 -143.055299
65.111752
0 -143.048173
65.112164
0 -143.044684
65.113343
0 -143.044628
65.116485
0 -143.04099
65.119614
0 -143.041514
65.120612
0 -143.048735
65.123341
0 -143.052193
65.125618
0 -143.051172
65.12978
0 -143.044055
65.132327
0 -143.040078
65.13301
0 -143.033389
65.133352
0 -143.029916
65.132834
0 -143.028277
65.130908
0 -143.029538
65.125927
0 -143.026341
65.125091
0 -143.022461
65.12508
0 -143.01821
65.12608
0 -143.012635
65.129297
0 -143.011613
65.131572
0 -143.009481
65.132983
0 -142.997077
65.13673
0 -142.993951
65.136835
0 -142.989672
65.135509
0 -142.988525
65.134142
0 -142.992138
65.130576
0 -142.998196
65.127793
0 -143.000681
65.125121
0 -143.000438
65.123868
0 -142.999314
65.122814
0 -142.995023
65.121301
0 -142.991558
65.120844
0 -142.982337
65.121218
0 -142.978551
65.122462
0 -142.970904
65.125955
0 -142.966384
65.129408
0 -142.961001
65.135322
0 -142.956396
65.137644
0 -142.944913
65.141878
0 -142.9358
65.145891
0 -142.933292
65.146301
0 -142.923957
65.1473
0 -142.919102
65.146231
0 -142.914197
65.146545
0 -142.909428
65.148742
0 -142.900866
65.148034
0 -142.891529
65.144822
0 -142.884067
65.144853
0 -142.881793
65.144379
0 -142.875189
65.14176
0 -142.871082
65.14068
0 -142.864344
65.140387
0 -142.861265
65.141179
0 -142.85529
65.143264
0 -142.85146
65.144002
0 -142.847388
65.14556
0 -142.84719
65.147008
0 -142.843573
65.148686
0 -142.844428
65.150246
0 -142.850645
65.153751
0 -142.847041
65.156392
0 -142.844451
65.157358
0 -142.842495
65.163276
0 -142.838476
65.16565
0 -142.835345
65.165751
0 -142.826048
65.167435
0 -142.823438
65.168597
0 -142.822109
65.171001
0 -142.819111
65.173048
0 -142.815169
65.174415
0 -142.80908
65.174991
0 -142.805031
65.176988
0 -142.805402
65.178051
0 -142.809154
65.180456
0 -142.809385
65.181647
0 -142.805872
65.182758
0 -142.799154
65.182901
0 -142.795376
65.184517
0 -142.795563
65.187279
0 -142.790632
65.189537
0 -142.7881
65.189693
0 -142.785345
65.190982
0 -142.783875
65.193576
0 -142.781115
65.194802
0 -142.774461
65.195949
0 -142.770545
65.195555
0 -142.763733
65.196578
0 -142.762496
65.198226
0 -142.764494
65.199019
0 -142.772014
65.199622
0 -142.775646
65.202469
0 -142.775802
65.203692
0 -142.772965
65.204888
0 -142.769547
65.205242
0 -142.767567
65.206962
0 -142.769565
65.207755
0 -142.767448
65.209665
0 -142.762542
65.210162
0 -142.76037
65.211256
0 -142.762843
65.214683
0 -142.758427
65.215802
0 -142.751259
65.216074
0 -142.74924
65.217229
0 -142.748932
65.219369
0 -142.758133
65.222654
0 -142.764638
65.223646
0 -142.766641
65.224502
0 -142.767046
65.226068
0 -142.76417
65.227861
0 -142.760587
65.228028
0 -142.757386
65.227186
0 -142.750831
65.227702
0 -142.744927
65.229028
0 -142.742765
65.230309
0 -142.742544
65.231505
0 -142.746864
65.233403
0 -142.751707
65.234163
0 -142.754423
65.236708
0 -142.751845
65.238497
0 -142.746127
65.238123
0 -142.740634
65.236616
0 -142.738103
65.234572
0 -142.7319
65.233639
0 -142.728856
65.235136
0 -142.729178
65.237275
0 -142.732632
65.239015
0 -142.734082
65.242072
0 -142.727767
65.247917
0 -142.726636
65.252619
0 -142.729817
65.258471
0 -142.73178
65.260377
0 -142.735011
65.261177
0 -142.741742
65.260496
0 -142.745341
65.262108
0 -142.739253
65.26517
0 -142.733806
65.268721
0 -142.735488
65.270887
0 -142.734195
65.273573
0 -142.734203
65.277424
0 -142.730685
65.278715
0 -142.726111
65.278139
0 -142.722547
65.278863
0 -142.722476
65.279875
0 -142.724701
65.281269
0 -142.734441
65.282278
0 -142.736973
65.283728
0 -142.734056
65.285004
0 -142.72657
65.283872
0 -142.724983
65.284798
0 -142.725752
65.28686
0 -142.730793
65.287614
0 -142.73323
65.28976
0 -142.735681
65.290202
0 -142.739874
65.289776
0 -142.742486
65.29034
0 -142.740955
65.291958
0 -142.735859
65.294301
0 -142.734318
65.297687
0 -142.735611
65.298726
0 -142.742849
65.30141
0 -142.742462
65.303157
0 -142.740578
65.304153
0 -142.729092
65.304072
0 -142.725002
65.305821
0 -142.724806
65.307152
0 -142.731983
65.308102
0 -142.736857
65.306712
0 -142.745273
65.306177
0 -142.750063
65.307504
0 -142.753561
65.307792
0 -142.758319
65.306847
0 -142.761853
65.307575
0 -142.762231
65.308512
0 -142.757363
65.309965
0 -142.754466
65.311493
0 -142.755851
65.313667
0 -142.761464
65.315793
0 -142.766524
65.314839
0 -142.766682
65.313068
0 -142.769237
65.311043
0 -142.776126
65.310294
0 -142.781844
65.311848
0 -142.782707
65.313152
0 -142.775164
65.315839
0 -142.772712
65.317166
0 -142.76489
65.318518
0 -142.754013
65.321797
0 -142.748728
65.322635
0 -142.729349
65.323428
0 -142.72389
65.324755
0 -142.721609
65.326098
0 -142.711761
65.327785
0 -142.711689
65.330427
0 -142.710548
65.330889
0 -142.70018
65.332157
0 -142.690776
65.334565
0 -142.687213
65.335905
0 -142.682921
65.338662
0 -142.677379
65.343063
0 -142.674912
65.347885
0 -142.67351
65.35454
0 -142.670733
65.358018
0 -142.672112
65.359781
0 -142.671243
65.36134
0 -142.667184
65.365135
0 -142.666204
65.368628
0 -142.663772
65.371876
0 -142.660236
65.373866
0 -142.651571
65.377283
0 -142.637011
65.382471
0 -142.628687
65.385829
0 -142.617767
65.388491
0 -142.607958
65.390287
0 -142.601998
65.390931
0 -142.594206
65.390809
0 -142.586072
65.390223
0 -142.573621
65.387755
0 -142.564739
65.385261
0 -142.555898
65.382103
0 -142.544943
65.379547
0 -142.533206
65.375474
0 -142.527418
65.373222
0 -142.507315
65.375723
0 -142.499136
65.374404
0 -142.494201
65.3727
0 -142.487301
65.371898
0 -142.480861
65.372781
0 -142.475625
65.374801
0 -142.471862
65.374837
0 -142.469406
65.376683
0 -142.463857
65.377114
0 -142.458239
65.37899
0 -142.456243
65.38102
0 -142.450286
65.383263
0 -142.441972
65.385042
0 -142.446598
65.389716
0 -142.445139
65.392617
0 -142.442185
65.392643
0 -142.435751
65.390542
0 -142.432184
65.391504
0 -142.432961
65.394955
0 -142.431694
65.396721
0 -142.423667
65.398901
0 -142.418946
65.400937
0 -142.419615
65.402253
0 -142.423869
65.402921
0 -142.430338
65.402696
0 -142.428412
65.406351
0 -142.425578
65.406932
0 -142.42115
65.405825
0 -142.418309
65.40628
0 -142.412902
65.409702
0 -142.405993
65.410241
0 -142.396868
65.411671
0 -142.388838
65.410897
0 -142.384014
65.410922
0 -142.376071
65.411861
0 -142.375161
65.414633
0 -142.372789
65.415408
0 -142.36397
65.416933
0 -142.357303
65.419254
0 -142.350545
65.42277
0 -142.350392
65.425661
0 -142.348208
65.427188
0 -142.345811
65.427523
0 -142.33475
65.426616
0 -142.327556
65.427559
0 -142.330593
65.430924
0 -142.328298
65.433269
0 -142.315479
65.436459
0 -142.309846
65.438518
0 -142.307081
65.440633
0 -142.301842
65.441476
0 -142.296671
65.440704
0 -142.286928
65.442107
0 -142.278618
65.445067
0 -142.273665
65.445674
0 -142.263267
65.446075
0 -142.261347
65.44697
0 -142.261027
65.449737
0 -142.257751
65.450706
0 -142.250056
65.450833
0 -142.245509
65.450493
0 -142.233421
65.450341
0 -142.224106
65.451359
0 -142.218866
65.452343
0 -142.218306
65.45329
0 -142.221666
65.45408
0 -142.222215
65.456148
0 -142.219118
65.457743
0 -142.210792
65.460637
0 -142.204026
65.461319
0 -142.197312
65.459865
0 -142.189901
65.459672
0 -142.184482
65.460091
0 -142.178433
65.45995
0 -142.174999
65.460856
0 -142.174927
65.462615
0 -142.184398
65.464929
0 -142.180772
65.468286
0 -142.176249
65.46851
0 -142.167588
65.467446
0 -142.164264
65.465744
0 -142.162137
65.463782
0 -142.157326
65.464321
0 -142.15304
65.46649
0 -142.149719
65.466578
0 -142.146292
65.464217
0 -142.142922
65.463174
0 -142.135618
65.4637
0 -142.133756
65.464311
0 -142.13476
65.466565
0 -142.133776
65.468268
0 -142.127903
65.468752
0 -142.123021
65.471175
0 -142.119869
65.471701
0 -142.11158
65.468684
0 -142.107915
65.465978
0 -142.106176
65.462379
0 -142.103391
65.460829
0 -142.099894
65.460289
0 -142.09526
65.461454
0 -142.092211
65.464428
0 -142.087993
65.46471
0 -142.084475
65.463667
0 -142.079686
65.461126
0 -142.07427
65.461667
0 -142.072016
65.463835
0 -142.067172
65.465423
0 -142.065431
65.465341
0 -142.061791
65.463137
0 -142.06187
65.461377
0 -142.060317
65.46032
0 -142.054807
65.458537
0 -142.047556
65.458525
0 -142.042976
65.4573
0 -142.045702
65.453701
0 -142.043533
65.452334
0 -142.038528
65.451803
0 -142.033034
65.454165
0 -142.025188
65.454344
0 -142.022099
65.452606
0 -142.022184
65.450909
0 -142.027243
65.448991
0 -142.028077
65.447164
0 -142.026387
65.446421
0 -142.017745
65.445475
0 -142.010896
65.44797
0 -142.00666
65.447747
0 -142.003145
65.44664
0 -141.996612
65.441595
0 -141.991881
65.440245
0 -141.986604
65.440405
0 -141.981258
65.442763
0 -141.964034
65.446454
0 -141.960713
65.446475
0 -141.953424
65.445328
0 -141.939036
65.444036
0 -141.928968
65.445355
0 -141.924921
65.446196
0 -141.922945
65.450102
0 -141.919539
65.452007
0 -141.914147
65.453295
0 -141.90955
65.455711
0 -141.909906
65.457279
0 -141.912902
65.460904
0 -141.905902
65.463772
0 -141.896254
65.464395
0 -141.892001
65.463729
0 -141.888346
65.462871
0 -141.885793
65.461096
0 -141.888824
65.454703
0 -141.893972
65.450653
0 -141.896935
65.449002
0 -141.898976
65.446855
0 -141.898325
65.445477
0 -141.891908
65.443253
0 -141.886122
65.44178
0 -141.881588
65.441618
0 -141.871514
65.442807
0 -141.855761
65.445786
0 -141.85233
65.447062
0 -141.850567
65.448579
0 -141.851224
65.450208
0 -141.853697
65.451953
0 -141.852744
65.455162
0 -141.846649
65.458148
0 -141.838419
65.460581
0 -141.831319
65.460557
0 -141.827552
65.461354
0 -141.823183
65.46123
0 -141.81678
65.464216
0 -141.816331
65.469181
0 -141.808378
65.470982
0 -141.801753
65.471771
0 -141.793056
65.474015
0 -141.790244
65.475977
0 -141.7898
65.481318
0 -141.791823
65.488215
0 -141.794578
65.494294
0 -141.793489
65.498257
0 -141.78905
65.501546
0 -141.783365
65.503711
0 -141.778857
65.50474
0 -141.765881
65.505999
0 -141.760846
65.50458
0 -141.757447
65.502147
0 -141.750919
65.501363
0 -141.741597
65.503419
0 -141.732624
65.507168
0 -141.73359
65.509236
0 -141.737574
65.510976
0 -141.736701
65.512236
0 -141.724862
65.513769
0 -141.710802
65.517133
0 -141.702546
65.519747
0 -141.69351
65.521547
0 -141.686077
65.521015
0 -141.674951
65.518176
0 -141.668539
65.516069
0 -141.663406
65.516594
0 -141.662272
65.518559
0 -141.656161
65.523471
0 -141.652101
65.524619
0 -141.648922
65.524633
0 -141.643259
65.522208
0 -141.633506
65.519611
0 -141.629115
65.519566
0 -141.623259
65.5216
0 -141.626256
65.526613
0 -141.626953
65.530441
0 -141.625631
65.532142
0 -141.626318
65.535531
0 -141.627856
65.536467
0 -141.633166
65.536822
0 -141.636702
65.538942
0 -141.635412
65.541962
0 -141.631204
65.543362
0 -141.627417
65.54344
0 -141.622236
65.542205
0 -141.616516
65.542918
0 -141.611453
65.540155
0 -141.606429
65.540134
0 -141.604794
65.541522
0 -141.607254
65.54302
0 -141.607605
65.545091
0 -141.606128
65.54673
0 -141.604332
65.547742
0 -141.597226
65.548461
0 -141.588391
65.546486
0 -141.577477
65.546402
0 -141.571884
65.547051
0 -141.567958
65.547694
0 -141.562241
65.549662
0 -141.558962
65.552249
0 -141.557212
65.555459
0 -141.557314
65.560232
0 -141.552087
65.564019
0 -141.554266
65.566649
0 -141.553997
65.568283
0 -141.551633
65.571244
0 -141.547734
65.573393
0 -141.546079
65.574027
0 -141.538797
65.574053
0 -141.529194
65.571826
0 -141.529015
65.570445
0 -141.526529
65.567564
0 -141.522095
65.565758
0 -141.513643
65.567859
0 -141.512307
65.569309
0 -141.513657
65.57318
0 -141.510116
65.57365
0 -141.508777
65.574973
0 -141.506655
65.57988
0 -141.508587
65.580754
0 -141.509688
65.582758
0 -141.506895
65.587415
0 -141.503711
65.587614
0 -141.499121
65.585682
0 -141.495187
65.586323
0 -141.496354
65.587858
0 -141.501492
65.590573
0 -141.500781
65.593088
0 -141.499275
65.593721
0 -141.491389
65.594186
0 -141.486824
65.593636
0 -141.479503
65.591838
0 -141.470945
65.588724
0 -141.466674
65.587544
0 -141.460442
65.58706
0 -141.456514
65.588077
0 -141.445686
65.594013
0 -141.440281
65.597546
0 -141.435606
65.599506
0 -141.429101
65.600969
0 -141.423818
65.602994
0 -141.420516
65.60539
0 -141.419942
65.607464
0 -141.408753
65.61076
0 -141.398353
65.611196
0 -141.392672
65.61231
0 -141.389046
65.613638
0 -141.384711
65.618422
0 -141.384308
65.622003
0 -141.38133
65.626219
0 -141.383626
65.627343
0 -141.391715
65.629458
0 -141.396579
65.629383
0 -141.403455
65.631626
0 -141.405455
65.633128
0 -141.405638
65.635074
0 -141.403683
65.636524
0 -141.39443
65.638056
0 -141.384598
65.641661
0 -141.385308
65.644023
0 -141.384102
65.649198
0 -141.382284
65.649768
0 -141.372709
65.650483
0 -141.365128
65.652385
0 -141.366827
65.65414
0 -141.367316
65.656462
0 -141.363079
65.658168
0 -141.361286
65.660559
0 -141.355822
65.661703
0 -141.353403
65.662964
0 -141.351303
65.66523
0 -141.351974
65.669813
0 -141.351404
65.672704
0 -141.348844
65.674845
0 -141.342337
65.678
0 -141.339493
65.681774
0 -141.342414
65.68384
0 -141.346888
65.688038
0 -141.347699
65.691679
0 -141.344423
65.697465
0 -141.34389
65.703181
0 -141.342915
65.704827
0 -141.338136
65.706271
0 -141.337273
65.71023
0 -141.336224
65.711614
0 -141.333333
65.712185
0 -141.330108
65.710434
0 -141.326438
65.709688
0 -141.322655
65.71202
0 -141.320118
65.716547
0 -141.316935
65.718187
0 -141.308267
65.720528
0 -141.304022
65.722735
0 -141.303736
65.724368
0 -141.286859
65.729865
0 -141.283522
65.731692
0 -141.283384
65.733074
0 -141.286606
65.734513
0 -141.285555
65.736148
0 -141.277629
65.737293
0 -141.277187
65.738738
0 -141.272922
65.739688
0 -141.26773
65.739571
0 -141.264224
65.740143
0 -141.264404
65.742843
0 -141.258645
65.747186
0 -141.255468
65.750206
0 -141.255648
65.752969
0 -141.250466
65.754108
0 -141.248166
65.753296
0 -141.244507
65.753992
0 -141.244221
65.756128
0 -141.246469
65.759485
0 -141.242576
65.759836
0 -141.235836
65.758025
0 -141.231424
65.760042
0 -141.231592
65.7618
0 -141.234048
65.76299
0 -141.234826
65.764559
0 -141.230254
65.76601
0 -141.22338
65.766334
0 -141.218349
65.767849
0 -141.222639
65.769099
0 -141.229668
65.768837
0 -141.232284
65.770717
0 -141.226338
65.772547
0 -141.220832
65.772241
0 -141.214417
65.772879
0 -141.210764
65.774893
0 -141.208011
65.774772
0 -141.20341
65.772894
0 -141.200352
65.772835
0 -141.194243
65.773659
0 -141.188764
65.776995
0 -141.18311
65.777441
0 -141.17701
65.779709
0 -141.176419
65.78119
0 -141.168165
65.783487
0 -141.166644
65.784682
0 -141.168488
65.785999
0 -141.166507
65.787132
0 -141.163547
65.790683
0 -141.157669
65.792731
0 -141.151703
65.792799
0 -141.150643
65.794559
0 -141.153249
65.795498
0 -141.153563
65.796754
0 -141.151277
65.798389
0 -141.148069
65.798958
0 -141.143628
65.798711
0 -141.142101
65.799403
0 -141.138274
65.799218
0 -141.126803
65.800421
0 -141.129261
65.802366
0 -141.136307
65.803365
0 -141.13999
65.805183
0 -141.140303
65.806439
0 -141.137096
65.807886
0 -141.130359
65.807515
0 -141.125622
65.809277
0 -141.122583
65.814116
0 -141.120597
65.815059
0 -141.111868
65.814815
0 -141.10988
65.815507
0 -141.110806
65.817139
0 -141.115404
65.817952
0 -141.116634
65.819019
0 -141.110824
65.821347
0 -141.101023
65.821668
0 -141.094127
65.820667
0 -141.091988
65.821862
0 -141.092146
65.823369
0 -141.099202
65.825877
0 -141.097981
65.827259
0 -141.093233
65.827388
0 -141.088018
65.825695
0 -141.085873
65.825571
0 -141.082968
65.82708
0 -141.078678
65.827082
0 -141.074843
65.825388
0 -141.066661
65.828087
0 -141.063466
65.828085
0 -141.061214
65.82709
0 -141.05524
65.827281
0 -141.052791
65.828098
0 -141.052184
65.831301
0 -141.047897
65.833061
0 -141.040392
65.835136
0 -141.036868
65.834948
0 -141.029515
65.837839
0 -141.019277
65.839093
0 -141.017102
65.83828
0 -141.009132
65.838218
0 -141.00246494156
65.8394210006307
0 -141.002465
65.840075
0 -141.002475917298
65.9668070009547
0 -141.002694
68.498391
0 -141.433834
68.498151
0 -141.910639
68.493248
0 -142.333967
68.489855
0 -142.795247
68.492199
0 -143.765382
68.501376
0 -144.297052
68.507297
0 -144.324744
68.50652
0 -145.080955
68.502484
0 -145.091078
68.502644
0 -145.998216
68.489871
0 -145.997467
68.485445
0 -145.997199
68.240171
0 -145.998011
68.015785
0 -145.994865
68.001285
0 -146.053583
68.001275
0 -146.972094
68.001122
0 -147.864879
68.003008
0 -148.838994
68.003727
0 -149.323812
68.003034
0 -149.460812
68.002238
0 -149.506561
68.001996
0 -149.620648
67.99894
0 -149.750455
68.001275
0 -149.757361
68.001016
0 -150.000594
68.000116
0 -150.009811
68.000013
0 -150.873616
68.003794
0 -151.782893
68.006385
0 -152.648637
68.002188
0 -152.994318
68.001602
0 -153.962905
68.005156
0 -154.946905
68.003356
0 -155.020413
68.003032
0 -155.054253
68.002884
0 -155.29802
68.001771
0 -155.306992
67.864033
0 -155.353958
67.864802
0 -155.352608
67.791873
0 -155.352249
67.775553
0 -155.129726
67.77497
0 -155.132355
67.686612
0 -154.904736
67.688032
0 -154.91191
67.619349
0 -154.911027
67.601857
0 -154.686696
67.602173
0 -154.688359
67.512481
0 -154.747501
67.51268
0 -154.748759
67.254419
0 -154.574958
67.249785
0 -154.306093
67.251225
0 -154.302303
67.160767
0 -154.14522
67.161925
0 -154.137643
67.023689
0 -154.132279
66.986599
0 -154.141599
66.804853
0 -154.201542
66.804621
0 -154.202144
66.716586
0 -154.862595
66.71691
0 -154.865962
66.567723
0 -155.513931
66.569279
0 -155.517044
66.481852
0 -155.554608
66.481912
0 -155.56243
66.309487
0 -155.981123
66.310448
0 -155.981539
66.39803
0 -156.00117
66.397339
0 -156.197173
66.394758
0 -156.196191
66.479446
0 -156.624296
66.478785
0 -156.626419
66.325837
0 -156.626712
66.304931
0 -157.05153
66.302054
0 -157.051694
66.47875
0 -157.3406
66.476864
0 -157.364461
66.476126
0 -157.370643
66.475797
0 -157.381742
66.476361
0 -157.391976
66.475877
0 -157.398665
66.475949
0 -157.420343
66.475545
0 -157.892416
66.476795
0 -157.892331
66.470563
0 -157.894181
66.125284
0 -158.850874
66.123632
0 -158.965461
66.123439
0 -158.966298
65.957306
0 -159.595187
65.95809
0 -159.599538
65.786804
0 -159.58715
65.785935
0 -159.593576
65.522689
0 -159.386712
65.52314
0 -159.387063
65.43598
0 -159.37937
65.43617
0 -159.384765
65.261674
0 -159.578562
65.262692
0 -159.586857
65.09125
0 -159.575876
65.091185
0 -159.57545
65.020376
0 -159.575285
64.996896
0 -159.576911
64.923743
0 -159.777177
64.923088
0 -159.773803
64.750296
0 -159.978098
64.748491
0 -159.970796
64.401451
0 -159.960914
64.401237
0 -159.956447
64.051022
0 -159.763091
64.05134
0 -159.74686
64.052573
0 -159.731224
64.052366
0 -159.718423
63.954726
0 -159.699291
63.792346
0 -159.751367
63.792902
0 -159.754013
63.79317
0 -159.930773
63.793808
0 -159.929244
63.703494
0 -160.103703
63.702263
0 -160.097874
63.614393
0 -160.493465
63.613655
0 -160.494971
63.537148
0 -160.692051
63.536618
0 -160.692455
63.450015
0 -160.692871
63.358486
0 -160.671097
63.358479
0 -160.670555
63.302671
0 -160.671695
63.300313
0 -160.670922
63.295566
0 -160.671305
63.27083
0 -160.847328
63.269229
0 -160.846808
63.034104
0 -160.851144
63.012689
0 -160.851557
62.998939
0 -160.941899
62.998883
0 -160.942287
62.898827
0 -160.960904
62.897949
0 -160.993241
62.897962
0 -160.993999
62.894351
0 -161.000397
62.551764
0 -161.04528
62.550449
0 -161.044913
62.506767
0 