-100.113144
28.776246
0 -100.114336
28.648122
0 -100.003333
28.647317
0 -99.913051
28.646756
0 -99.883101
28.644326
0 -99.875286
28.643934
0 -99.845042
28.643959
0 -99.816766
28.643938
0 -99.814529
28.643902
0 -99.797866
28.643861
0 -99.780854
28.643827
0 -99.625323
28.642952
0 -99.623932
28.642867
0 -99.526761
28.642573
0 -99.503898
28.641281
0 -99.493381
28.641336
0 -99.493421
28.641402
0 -99.409021
28.640566
0 -99.409366
28.703522
0 -99.409759
28.707642
0 -99.409684
28.712098
0 -99.40968
28.716267
0 -99.411596
28.819232
0 -99.411735
28.838022
0 -99.411981
28.883326
0 -99.412345
28.920603
0 -99.413383
29.03308
0 -99.41388
29.091335
0 -99.499788
29.09094
0 -99.500324
29.090703
0 -99.545391
29.090415
0 -99.572743
29.090401
0 -99.576228
29.090099
0 -99.620464
29.089825
0 -99.625284
29.089536
0 -99.684598
29.089267
0 -99.694098
29.089677
0 -99.740178
29.089242
0 -99.743603
29.089383
0 -99.749622
29.08913
0 -99.81691
29.088932
0 -99.835519
29.088806
0 -99.862355
29.088849
0 -99.868331
29.088659
0 -99.869223
29.088578
0 -99.919654
29.087943
0 -99.920772
29.087677
0 -100.001067
29.087015
0 -100.111406
29.086318
0 -100.11227
28.927222
0 -100.112782
28.854203
0 -100.113287
28.778404
0 -100.113144
28.776246
0 